# simtime date time IndoorTemp Av_Tair_at_facade Energyflux.toIndoor.sum  Energyflux.toIndoor.average Energyflux.Conduction.average Energyflux.SW.transmission.average Shortwave.availabe Shortwave.absorbed Longwave.available Longwave.emittedFacade Sensible.outside Vapour.fromGreening Vapour.fromSubstrate
10.02 15.07.2018 05.10.00 20.05892 288.1772 2233.6719 9.7968 -1.3397 14.8487 226.2670 110.4412 322.2069 374.8877 -23.1071 0.0000 0.0000
20.02 15.07.2018 05.20.00 21.05221 288.9139 2571.4741 11.2784 -6.4808 23.6789 349.5208 169.7901 325.6652 385.3271 -31.9908 0.0000 0.0000
30.03 15.07.2018 05.30.01 22.22381 289.6540 2701.6167 11.8492 -12.0764 31.9008 451.1386 218.9426 329.9134 398.1145 -43.5985 0.0000 0.0000
40.03 15.07.2018 05.40.01 23.44256 290.3503 800.9740 3.5130 -17.5753 28.1177 385.4889 187.7835 334.4056 403.8404 -45.4320 0.0000 0.0000
50.03 15.07.2018 05.50.01 23.82714 290.7909 -246.0671 -1.0792 -18.6792 23.4666 537.6518 265.1275 336.5811 410.0276 -50.8229 0.0000 0.0000
60.03 15.07.2018 06.00.01 23.74398 291.2089 -771.0455 -3.3818 -17.4942 18.8166 570.0953 282.7434 338.3603 418.6498 -60.5667 0.0000 0.0000
70.03 15.07.2018 06.10.01 23.42285 291.4598 -883.4739 -3.8749 -15.2707 15.1944 535.1147 266.3286 339.7954 424.6929 -67.8763 0.0000 0.0000
80.03 15.07.2018 06.20.01 23.04266 291.7417 -936.8458 -4.1090 -12.9220 11.7507 501.9299 250.8566 341.3197 428.7744 -72.6875 0.0000 0.0000
90.03 15.07.2018 06.30.01 22.63192 292.0342 -920.3175 -4.0365 -10.5651 8.7048 469.8264 235.7291 343.0127 431.5702 -75.9177 0.0000 0.0000
100.03 15.07.2018 06.40.01 22.22283 292.3467 -886.5063 -3.8882 -8.3341 5.9279 447.3576 225.4354 344.9406 433.7857 -77.6548 0.0000 0.0000
110.03 15.07.2018 06.50.01 21.83157 292.6850 -538.0822 -2.3600 -6.2795 5.2260 462.8846 236.3731 347.3136 440.0813 -85.2674 0.0000 0.0000
120.03 15.07.2018 07.00.01 21.59527 293.0172 -232.4527 -1.0195 -5.0499 5.3738 460.7430 236.0654 349.2180 443.3704 -88.8790 0.0000 0.0000
130.03 15.07.2018 07.10.01 21.49438 293.3604 -93.6475 -0.4107 -4.4989 5.4509 465.1536 239.3328 351.0150 447.5297 -86.1492 0.0000 0.0000
140.03 15.07.2018 07.20.01 21.45709 293.7098 -4.2378 -0.0186 -4.2391 5.6273 470.0971 242.8417 352.8287 451.7660 -84.6926 0.0000 0.0000
150.03 15.07.2018 07.30.01 21.46179 294.0613 54.2942 0.2381 -4.1537 5.8558 477.2622 247.6413 354.7240 456.2036 -84.5923 0.0000 0.0000
160.03 15.07.2018 07.40.01 21.49462 294.4220 86.7377 0.3804 -4.1694 6.0665 488.6786 254.7886 356.5886 460.9688 -85.2501 0.0000 0.0000
170.03 15.07.2018 07.50.01 21.54424 294.7944 112.0911 0.4916 -4.2289 6.2941 498.9276 261.2220 358.5350 465.6009 -86.4420 0.0000 0.0000
180.03 15.07.2018 08.00.01 21.60717 295.1736 126.2596 0.5538 -4.3157 6.4927 574.0954 306.6287 360.4682 480.4436 -97.0367 0.0000 0.0000
190.03 15.07.2018 08.10.01 21.67861 295.5968 140.8345 0.6177 -4.4079 6.7009 575.8132 308.0022 362.5299 485.8800 -93.8558 0.0000 0.0000
200.03 15.07.2018 08.20.01 21.75829 295.8684 147.1976 0.6456 -4.5079 6.8714 592.4681 318.3674 364.4025 492.4134 -100.9123 0.0000 0.0000
210.03 15.07.2018 08.30.01 21.84280 296.0869 161.8277 0.7098 -4.5977 7.0767 591.9791 318.4191 366.3183 494.4582 -111.4977 0.0000 0.0000
220.03 15.07.2018 08.40.01 21.93542 296.2586 161.4290 0.7080 -4.6930 7.2014 592.5794 319.0275 368.2461 497.1367 -112.5138 0.0000 0.0000
230.03 15.07.2018 08.50.01 22.02993 296.5372 166.3932 0.7298 -4.7608 7.3208 592.4872 319.2247 370.2460 500.0028 -111.4662 0.0000 0.0000
240.03 15.07.2018 09.00.01 22.12899 296.9243 182.9465 0.8024 -4.8111 7.4847 591.6642 318.9502 372.4587 502.8084 -111.0716 0.0000 0.0000
250.03 15.07.2018 09.10.01 22.23773 297.0067 191.7364 0.8409 -4.8656 7.6088 586.9538 316.5184 374.0632 505.3184 -98.3815 0.0000 0.0000
260.03 15.07.2018 09.20.01 22.35272 297.6845 218.2344 0.9572 -4.9174 7.8327 582.9926 314.4620 375.5383 506.3238 -101.2289 0.0000 0.0000
270.03 15.07.2018 09.30.01 22.48205 297.6780 241.7015 1.0601 -4.9909 8.0680 578.4753 312.0620 376.5368 504.0659 -118.5177 0.0000 0.0000
280.03 15.07.2018 09.40.01 22.62466 297.8280 258.2845 1.1328 -5.0827 8.2874 576.0530 310.7721 378.4744 505.7618 -114.8608 0.0000 0.0000
290.03 15.07.2018 09.50.01 22.77676 298.0431 276.6198 1.2132 -5.1877 8.5345 573.4156 309.3319 380.9791 506.4225 -119.3625 0.0000 0.0000
300.03 15.07.2018 10.00.01 22.93868 298.0999 288.5984 1.2658 -5.3102 8.7680 569.4750 307.1201 382.9783 504.2594 -131.5064 0.0000 0.0000
310.03 15.07.2018 10.10.01 23.10729 298.3158 255.9712 1.1227 -5.4215 8.7255 567.1600 305.9279 383.9859 504.5297 -129.6709 0.0000 0.0000
320.03 15.07.2018 10.20.01 23.26351 298.5084 256.4779 1.1249 -5.4386 8.7513 565.1991 304.8961 385.2262 504.9603 -128.6279 0.0000 0.0000
330.03 15.07.2018 10.30.01 23.42092 298.7006 239.9452 1.0524 -5.4393 8.6555 561.2778 302.7806 386.2507 505.0405 -127.7393 0.0000 0.0000
340.03 15.07.2018 10.40.01 23.57253 298.9409 251.2409 1.1019 -5.3867 8.6515 559.4163 301.7595 387.2072 505.4234 -127.0613 0.0000 0.0000
350.03 15.07.2018 10.50.01 23.73086 299.1767 252.7569 1.1086 -5.3338 8.5898 556.3326 300.0488 388.0610 505.5416 -125.8790 0.0000 0.0000
360.03 15.07.2018 11.00.01 23.89102 299.3951 258.1852 1.1324 -5.2693 8.5355 552.1958 297.7006 388.7598 505.2969 -125.3748 0.0000 0.0000
370.03 15.07.2018 11.10.01 24.05459 299.5163 274.8665 1.2056 -5.2094 8.5533 545.7134 294.0731 389.6413 505.2716 -124.3341 0.0000 0.0000
380.03 15.07.2018 11.20.01 24.22543 299.5992 273.8442 1.2011 -5.1880 8.5187 538.1776 289.8532 390.5113 504.8421 -123.8873 0.0000 0.0000
390.03 15.07.2018 11.30.01 24.39568 299.6614 267.9845 1.1754 -5.1634 8.4517 529.8905 285.2075 391.1727 503.9931 -123.7625 0.0000 0.0000
400.03 15.07.2018 11.40.01 24.56344 299.7841 269.0530 1.1801 -5.1251 8.4069 522.9986 281.2979 391.6708 503.0542 -122.8132 0.0000 0.0000
410.03 15.07.2018 11.50.01 24.73181 299.8754 266.3101 1.1680 -5.0865 8.3394 515.4636 277.0199 392.1440 501.7114 -123.3915 0.0000 0.0000
420.03 15.07.2018 12.00.01 24.89913 300.0005 261.9309 1.1488 -5.0395 8.2511 506.6217 271.9732 392.4796 500.0890 -123.4801 0.0000 0.0000
430.03 15.07.2018 12.10.01 25.06466 300.1101 280.0781 1.2284 -4.9865 8.2866 497.2115 266.6137 393.1109 500.3702 -117.2780 0.0000 0.0000
440.03 15.07.2018 12.20.01 25.23785 300.2968 276.2741 1.2117 -4.9739 8.2475 488.4657 261.7093 393.5361 499.9361 -114.2405 0.0000 0.0000
450.03 15.07.2018 12.30.01 25.41012 300.4007 276.2260 1.2115 -4.9420 8.2047 481.0741 257.6195 393.3073 498.3247 -114.3567 0.0000 0.0000
460.03 15.07.2018 12.40.01 25.58239 300.5431 272.5392 1.1953 -4.9130 8.1445 474.2681 253.8175 392.6461 497.3676 -109.0273 0.0000 0.0000
470.03 15.07.2018 12.50.01 25.75259 300.6045 310.6235 1.3624 -4.8890 8.3352 470.4846 251.6401 392.6281 496.6981 -107.8917 0.0000 0.0000
480.03 15.07.2018 13.00.01 25.93856 300.6572 294.1345 1.2901 -4.9561 8.3282 463.0667 247.4300 392.4719 495.0780 -109.8047 0.0000 0.0000
490.03 15.07.2018 13.10.01 26.11654 300.6811 272.7751 1.1964 -4.9933 8.2529 452.7502 241.7271 392.2315 493.9107 -108.6515 0.0000 0.0000
500.03 15.07.2018 13.20.01 26.28378 300.6983 244.0196 1.0703 -4.9936 8.0852 441.0503 235.2643 391.9262 492.5060 -106.5366 0.0000 0.0000
510.03 15.07.2018 13.30.01 26.43734 300.7354 220.2405 0.9660 -4.9450 7.8813 428.7385 228.4621 391.5215 490.9507 -103.8767 0.0000 0.0000
520.03 15.07.2018 13.40.01 26.57922 300.7615 203.4229 0.8922 -4.8600 7.6696 417.0173 221.9662 391.0666 489.3315 -100.9989 0.0000 0.0000
530.03 15.07.2018 13.50.01 26.71237 300.7814 199.3640 0.8744 -4.7553 7.5062 405.7549 215.7090 390.6345 487.7241 -98.0845 0.0000 0.0000
540.03 15.07.2018 14.00.01 26.84228 300.8191 185.8293 0.8150 -4.6581 7.2975 393.1730 208.6955 390.1156 485.9281 -94.6745 0.0000 0.0000
550.03 15.07.2018 14.10.01 26.96523 300.8650 206.7436 0.9068 -4.5500 7.2757 371.8879 197.0588 390.4427 484.4964 -87.2043 0.0000 0.0000
560.03 15.07.2018 14.20.01 27.09591 300.8841 183.2805 0.8039 -4.5012 7.0735 348.8476 184.5079 390.4397 482.5550 -79.7600 0.0000 0.0000
570.03 15.07.2018 14.30.01 27.21517 300.9262 178.3719 0.7823 -4.4163 6.9315 326.9932 172.6227 390.4991 480.6190 -72.8375 0.0000 0.0000
580.03 15.07.2018 14.40.01 27.33117 300.9721 188.6566 0.8274 -4.3370 6.8860 306.0369 161.2600 390.7961 478.8027 -66.1696 0.0000 0.0000
590.03 15.07.2018 14.50.01 27.45037 301.0042 171.1338 0.7506 -4.2927 6.7244 284.0925 149.3916 390.9056 476.6608 -59.6020 0.0000 0.0000
600.03 15.07.2018 15.00.01 27.56072 301.0340 156.8558 0.6880 -4.2239 6.5491 262.3539 137.6566 390.8626 474.3312 -53.3997 0.0000 0.0000
610.03 15.07.2018 15.10.01 27.66305 300.9735 133.2113 0.5843 -4.1448 6.3054 249.3848 130.5758 390.1455 471.3174 -52.9674 0.0000 0.0000
620.03 15.07.2018 15.20.01 27.75387 300.8225 141.4693 0.6205 -4.0324 6.2039 238.3506 124.5469 389.5013 468.0474 -54.9953 0.0000 0.0000
630.03 15.07.2018 15.30.01 27.84670 300.6612 139.5107 0.6119 -3.9590 6.0945 227.4548 118.6069 388.8275 464.7604 -55.6796 0.0000 0.0000
640.03 15.07.2018 15.40.01 27.93722 300.5015 142.6337 0.6256 -3.8995 6.0335 216.8501 112.8588 388.2022 461.5831 -56.1732 0.0000 0.0000
650.03 15.07.2018 15.50.01 28.02767 300.2788 131.9618 0.5788 -3.8647 5.9247 205.9365 106.9611 387.4452 458.1453 -56.6724 0.0000 0.0000
660.03 15.07.2018 16.00.01 28.11208 300.1195 122.0000 0.5351 -3.8237 5.8117 195.1724 101.1564 386.5862 454.7762 -56.2921 0.0000 0.0000
670.03 15.07.2018 16.10.01 28.19012 299.9367 63.1034 0.2768 -3.7790 5.4077 182.9783 94.5695 384.4166 451.2644 -51.8787 0.0000 0.0000
680.03 15.07.2018 16.20.01 28.24047 299.7582 33.1004 0.1452 -3.6298 5.0333 171.2694 88.2518 382.2648 447.8691 -48.1361 0.0000 0.0000
690.03 15.07.2018 16.30.01 28.27548 299.5932 26.1602 0.1147 -3.4433 4.7440 160.5519 82.4644 380.1366 444.6543 -44.7755 0.0000 0.0000
700.03 15.07.2018 16.40.01 28.30590 299.4326 96.5473 0.4235 -3.2691 4.9234 154.1912 78.9547 377.9722 442.0468 -41.8076 0.0000 0.0000
710.03 15.07.2018 16.50.01 28.36535 299.2603 124.9406 0.5480 -3.2746 5.0968 147.8544 75.4632 375.7844 439.5022 -39.2029 0.0000 0.0000
720.03 15.07.2018 17.00.01 28.43585 299.0795 125.6866 0.5513 -3.3596 5.2145 140.7227 71.5368 373.5409 436.8789 -36.7922 0.0000 0.0000
730.03 15.07.2018 17.10.01 28.50573 298.8578 138.7913 0.6087 -3.4617 5.4272 135.8236 68.8402 371.8379 434.6155 -34.8263 0.0000 0.0000
740.03 15.07.2018 17.20.01 28.58010 298.6392 137.5945 0.6035 -3.6069 5.6138 130.8245 66.1027 370.1955 432.4265 -33.0325 0.0000 0.0000
750.03 15.07.2018 17.30.01 28.65283 298.4176 122.2404 0.5361 -3.7621 5.7310 125.2272 63.0591 368.4857 430.1881 -31.2957 0.0000 0.0000
760.03 15.07.2018 17.40.01 28.71771 298.1978 103.0813 0.4521 -3.8968 5.7986 118.8854 59.6854 366.8297 427.9769 -29.6632 0.0000 0.0000
770.03 15.07.2018 17.50.01 28.77282 297.9771 78.3428 0.3436 -4.0035 5.7961 112.0613 56.0746 365.1588 425.6911 -28.0273 0.0000 0.0000
780.03 15.07.2018 18.00.01 28.81582 297.7547 54.5431 0.2392 -4.0717 5.7479 105.0044 52.3600 363.4482 423.3553 -26.4428 0.0000 0.0000
790.03 15.07.2018 18.10.01 28.84637 297.2280 -3.3987 -0.0149 -4.1077 5.4570 94.5286 47.0465 361.7395 420.5413 -26.1487 0.0000 0.0000
800.03 15.07.2018 18.20.01 28.84899 296.6963 -63.8917 -0.2802 -4.0452 5.0199 81.3529 40.2242 359.8901 417.2323 -25.1020 0.0000 0.0000
810.03 15.07.2018 18.30.01 28.82217 296.1582 -119.5327 -0.5243 -3.8813 4.4760 68.4636 33.6558 357.9771 413.8293 -24.0307 0.0000 0.0000
820.03 15.07.2018 18.40.01 28.76650 295.6259 -316.3326 -1.3874 -3.6287 2.9884 49.3118 24.4117 356.0858 410.1188 -22.3324 0.0000 0.0000
830.03 15.07.2018 18.50.01 28.62118 295.0873 -440.7204 -1.9330 -2.9799 1.3959 30.8812 15.6801 354.1544 406.2865 -20.5005 0.0000 0.0000
840.03 15.07.2018 19.00.01 28.41870 294.5495 -356.8851 -1.5653 -2.1063 0.7213 14.1599 7.2800 352.2099 402.3854 -18.4952 0.0000 0.0000
850.03 15.07.2018 19.10.01 28.24987 293.9032 -242.6614 -1.0643 -1.4674 0.5374 10.9438 5.5777 350.3655 398.8452 -17.4757 0.0000 0.0000
860.03 15.07.2018 19.20.01 28.12859 293.2641 -178.3125 -0.7821 -1.1153 0.4443 9.0568 4.6018 348.6986 395.7800 -17.1160 0.0000 0.0000
870.03 15.07.2018 19.30.01 28.03405 292.6323 -148.2231 -0.6501 -0.9257 0.3674 7.3559 3.7249 347.1149 392.9130 -16.9466 0.0000 0.0000
880.03 15.07.2018 19.40.01 27.95141 292.0080 -158.7608 -0.6963 -0.8153 0.1587 4.8280 2.5026 345.5744 390.1898 -16.6637 0.0000 0.0000
890.03 15.07.2018 19.50.01 27.86355 291.3849 -142.1078 -0.6233 -0.6930 0.0930 2.5623 1.3298 344.0562 387.5612 -16.5196 0.0000 0.0000
900.03 15.07.2018 20.00.01 27.78210 290.7666 -136.3578 -0.5981 -0.6184 0.0271 0.2888 0.1521 342.5545 384.9711 -16.5811 0.0000 0.0000
910.03 15.07.2018 20.10.01 27.70254 290.3403 -127.9811 -0.5613 -0.5650 0.0049 0.0517 0.0272 341.0313 382.7164 -16.0992 0.0000 0.0000
920.03 15.07.2018 20.20.01 27.62621 289.9292 -122.1823 -0.5359 -0.5365 0.0009 0.0093 0.0049 339.5731 380.6347 -15.7707 0.0000 0.0000
930.03 15.07.2018 20.30.01 27.55200 289.5281 -119.9761 -0.5262 -0.5263 0.0002 0.0017 0.0009 338.1411 378.6658 -15.5428 0.0000 0.0000
940.03 15.07.2018 20.40.01 27.47827 289.1321 -120.0292 -0.5264 -0.5265 0.0000 0.0003 0.0002 336.7162 376.8046 -15.3184 0.0000 0.0000
950.03 15.07.2018 20.50.01 27.40402 288.7451 -121.5964 -0.5333 -0.5333 0.0000 0.0001 0.0000 335.2925 375.0170 -15.1594 0.0000 0.0000
960.03 15.07.2018 21.00.01 27.32855 288.3689 -123.8205 -0.5431 -0.5431 0.0000 0.0000 0.0000 333.8812 373.2994 -15.0433 0.0000 0.0000
970.03 15.07.2018 21.10.01 27.25164 288.1654 -126.4597 -0.5546 -0.5546 0.0000 0.0000 0.0000 332.6738 371.9572 -13.5245 0.0000 0.0000
980.03 15.07.2018 21.20.01 27.17327 287.8837 -127.9713 -0.5613 -0.5613 0.0000 0.0000 0.0000 331.3266 370.6143 -13.1883 0.0000 0.0000
990.03 15.07.2018 21.30.01 27.09399 287.6100 -129.7852 -0.5692 -0.5692 0.0000 0.0000 0.0000 330.3319 368.9519 -14.7538 0.0000 0.0000
1000.03 15.07.2018 21.40.01 27.01376 287.6436 -131.1219 -0.5751 -0.5751 0.0000 0.0000 0.0000 329.3772 368.0651 -12.1442 0.0000 0.0000
1010.03 15.07.2018 21.50.01 26.93252 287.0606 -133.8292 -0.5870 -0.5870 0.0000 0.0000 0.0000 327.8326 366.6007 -12.5994 0.0000 0.0000
1020.03 15.07.2018 22.00.01 26.84866 286.6285 -139.4085 -0.6114 -0.6114 0.0000 0.0000 0.0000 326.7355 364.9099 -14.7540 0.0000 0.0000
1030.03 15.07.2018 22.10.01 26.76141 286.4911 -144.1959 -0.6324 -0.6324 0.0000 0.0000 0.0000 325.9956 363.8010 -13.9612 0.0000 0.0000
1040.03 15.07.2018 22.20.01 26.67196 286.4583 -146.8685 -0.6442 -0.6442 0.0000 0.0000 0.0000 325.3108 362.8948 -12.7790 0.0000 0.0000
1050.03 15.07.2018 22.30.01 26.58132 286.3558 -148.1893 -0.6500 -0.6500 0.0000 0.0000 0.0000 324.6373 361.9457 -12.1512 0.0000 0.0000
1060.03 15.07.2018 22.40.01 26.48980 286.2498 -149.0012 -0.6535 -0.6535 0.0000 0.0000 0.0000 323.9878 361.0324 -11.6400 0.0000 0.0000
1070.03 15.07.2018 22.50.01 26.39788 286.1205 -150.0112 -0.6579 -0.6579 0.0000 0.0000 0.0000 323.3642 360.1307 -11.3089 0.0000 0.0000
1080.03 15.07.2018 23.00.01 26.30541 286.0063 -151.2298 -0.6633 -0.6633 0.0000 0.0000 0.0000 322.7621 359.2729 -11.0035 0.0000 0.0000
1090.03 15.07.2018 23.10.01 26.21203 285.8184 -152.1562 -0.6674 -0.6674 0.0000 0.0000 0.0000 322.3727 358.3951 -10.9886 0.0000 0.0000
1100.03 15.07.2018 23.20.01 26.11801 285.7033 -154.0949 -0.6759 -0.6759 0.0000 0.0000 0.0000 321.8950 357.5244 -11.4045 0.0000 0.0000
1110.03 15.07.2018 23.30.01 26.02270 285.4413 -156.0075 -0.6842 -0.6842 0.0000 0.0000 0.0000 321.4239 356.3159 -13.1471 0.0000 0.0000
1120.03 15.07.2018 23.40.01 25.92632 285.5235 -157.2509 -0.6897 -0.6897 0.0000 0.0000 0.0000 321.0265 356.0011 -10.8867 0.0000 0.0000
1130.03 15.07.2018 23.50.01 25.82894 285.2831 -160.5630 -0.7042 -0.7042 0.0000 0.0000 0.0000 320.6076 354.9241 -12.5500 0.0000 0.0000
1140.03 16.07.2018 00.00.01 25.72762 284.8861 -169.8356 -0.7449 -0.7449 0.0000 0.0000 0.0000 320.0482 353.4577 -15.4201 0.0000 0.0000
1150.03 16.07.2018 00.10.01 25.62039 284.8807 -178.4173 -0.7825 -0.7825 0.0000 0.0000 0.0000 319.6374 352.7452 -14.5214 0.0000 0.0000
1160.03 16.07.2018 00.20.01 25.50952 284.8857 -181.5152 -0.7961 -0.7961 0.0000 0.0000 0.0000 319.3341 352.1290 -13.7018 0.0000 0.0000
1170.03 16.07.2018 00.30.01 25.39782 284.8916 -181.6163 -0.7966 -0.7966 0.0000 0.0000 0.0000 319.0636 351.5658 -12.9745 0.0000 0.0000
1180.03 16.07.2018 00.40.01 25.28658 284.8084 -180.4897 -0.7916 -0.7916 0.0000 0.0000 0.0000 318.7823 350.9342 -12.6421 0.0000 0.0000
1190.03 16.07.2018 00.50.01 25.17626 284.8252 -178.8036 -0.7842 -0.7842 0.0000 0.0000 0.0000 318.5306 350.4621 -11.9483 0.0000 0.0000
1200.03 16.07.2018 01.00.01 25.06701 284.8404 -176.9691 -0.7762 -0.7762 0.0000 0.0000 0.0000 318.3099 350.0257 -11.3206 0.0000 0.0000
1210.03 16.07.2018 01.10.01 24.95883 284.7120 -175.2062 -0.7684 -0.7684 0.0000 0.0000 0.0000 317.9434 349.5462 -11.0369 0.0000 0.0000
1220.03 16.07.2018 01.20.01 24.85174 284.5729 -173.5177 -0.7610 -0.7610 0.0000 0.0000 0.0000 317.5682 349.0438 -10.8318 0.0000 0.0000
1230.03 16.07.2018 01.30.01 24.74563 284.4339 -172.0298 -0.7545 -0.7545 0.0000 0.0000 0.0000 317.1802 348.5346 -10.6463 0.0000 0.0000
1240.03 16.07.2018 01.40.01 24.64041 284.3303 -170.5699 -0.7481 -0.7481 0.0000 0.0000 0.0000 316.8060 348.1207 -10.1069 0.0000 0.0000
1250.03 16.07.2018 01.50.01 24.53628 284.2539 -168.5975 -0.7395 -0.7395 0.0000 0.0000 0.0000 316.4547 347.7572 -9.4836 0.0000 0.0000
1260.03 16.07.2018 02.00.01 24.43347 284.2011 -166.0251 -0.7282 -0.7282 0.0000 0.0006 0.0003 316.0826 347.4220 -8.8079 0.0000 0.0000
1270.03 16.07.2018 02.10.01 24.33230 284.1827 -161.0793 -0.7065 -0.7175 0.0147 0.3565 0.1862 315.8306 347.1366 -8.3651 0.0000 0.0000
1280.03 16.07.2018 02.20.01 24.23345 284.1496 -157.9719 -0.6929 -0.7180 0.0335 0.7585 0.3966 315.3422 346.7172 -8.2476 0.0000 0.0000
1290.03 16.07.2018 02.30.01 24.13583 283.9966 -156.3430 -0.6857 -0.7254 0.0529 1.1675 0.6106 315.0596 346.1051 -9.0856 0.0000 0.0000
1300.03 16.07.2018 02.40.01 24.03906 284.1639 -154.7174 -0.6786 -0.7330 0.0725 1.5778 0.8253 314.8375 346.1014 -7.5660 0.0000 0.0000
1310.03 16.07.2018 02.50.01 23.94378 284.0198 -152.4458 -0.6686 -0.7377 0.0921 1.9884 1.0402 314.3913 345.7705 -7.2240 0.0000 0.0000
1320.03 16.07.2018 03.00.01 23.84918 283.6925 -152.1746 -0.6674 -0.7513 0.1119 2.4022 1.2567 313.9466 345.0817 -8.4480 0.0000 0.0000
1330.03 16.07.2018 03.10.01 23.75469 283.8464 -138.6143 -0.6080 -0.7664 0.2113 4.7477 2.4821 313.8863 345.0851 -7.4866 0.0000 0.0000
1340.03 16.07.2018 03.20.01 23.66653 284.0353 -126.7736 -0.5560 -0.8057 0.3329 7.3435 3.8405 313.9735 345.2729 -6.5742 0.0000 0.0000
1350.03 16.07.2018 03.30.01 23.58422 284.2253 -118.4131 -0.5194 -0.8631 0.4583 9.9772 5.2187 314.1200 345.5514 -5.7946 0.0000 0.0000
1360.03 16.07.2018 03.40.01 23.50628 284.4222 -112.2146 -0.4922 -0.9304 0.5843 12.6184 6.6009 314.3015 345.9084 -5.0801 0.0000 0.0000
1370.03 16.07.2018 03.50.01 23.43176 284.6248 -107.1719 -0.4701 -1.0029 0.7105 15.2609 7.9837 314.5115 346.3321 -4.4376 0.0000 0.0000
1380.03 16.07.2018 04.00.01 23.36010 284.8072 -102.8230 -0.4510 -1.0785 0.8367 17.9031 9.3665 314.7504 346.7943 -3.9497 0.0000 0.0000
1390.03 16.07.2018 04.10.01 23.29104 285.6080 -100.0270 -0.4387 -1.1530 0.9524 20.2903 10.6160 316.3770 347.9147 -2.1762 0.0000 0.0000
1400.03 16.07.2018 04.20.01 23.22451 286.3787 -95.2919 -0.4179 -1.2168 1.0651 22.6445 11.8480 318.1246 349.2315 0.3856 0.0000 0.0000
1410.03 16.07.2018 04.30.01 23.16149 287.0697 -88.9280 -0.3900 -1.2730 1.1773 24.9936 13.0774 319.8930 350.7400 3.7239 0.0000 0.0000
1420.03 16.07.2018 04.40.01 23.10262 287.8551 -81.7811 -0.3587 -1.3258 1.2894 27.3417 14.3062 321.6986 352.3260 4.4323 0.0000 0.0000
1430.03 16.07.2018 04.50.01 23.04830 288.5634 -74.1569 -0.3252 -1.3764 1.4016 51.5078 26.4440 323.5558 354.3717 5.7383 0.0000 0.0000
1440.03 16.07.2018 05.00.01 23.00170 289.3331 209.6585 0.9196 -1.4226 3.1228 65.3355 32.7537 325.7910 357.7144 8.2285 0.0000 0.0000
1450.03 16.07.2018 05.10.01 23.09915 289.9645 2003.1381 8.7857 -2.0636 14.4657 222.0841 108.6289 327.6561 367.6842 -1.4246 0.0000 0.0000
1460.03 16.07.2018 05.20.01 23.98690 290.8045 2414.1660 10.5884 -6.5695 22.8772 340.0084 165.3730 331.3896 379.6091 -12.6502 0.0000 0.0000
1470.03 16.07.2018 05.30.01 25.07308 291.6494 2575.5266 11.2962 -11.7519 30.7308 437.6461 212.6149 336.0374 393.3923 -27.0215 0.0000 0.0000
1480.03 16.07.2018 05.40.01 26.22872 292.3667 744.0379 3.2633 -17.0613 27.0995 375.0895 182.9799 340.8458 400.8728 -32.7239 0.0000 0.0000
1490.03 16.07.2018 05.50.01 26.59127 292.9673 -272.1858 -1.1938 -18.1722 22.6379 520.6518 256.9905 343.3234 407.2946 -39.9386 0.0000 0.0000
1500.03 16.07.2018 06.00.01 26.50442 293.5813 -780.2527 -3.4222 -17.0741 18.2026 551.4635 273.7512 345.3898 416.8039 -54.0225 0.0000 0.0000
1510.03 16.07.2018 06.10.01 26.18728 293.9449 -885.1393 -3.8822 -14.9603 14.7708 519.1929 258.6268 346.9994 423.7018 -61.8566 0.0000 0.0000
1520.03 16.07.2018 06.20.01 25.81423 294.3139 -938.8277 -4.1177 -12.7357 11.4907 488.5913 244.3893 348.6845 428.6622 -65.6322 0.0000 0.0000
1530.03 16.07.2018 06.30.01 25.40991 294.6784 -924.7961 -4.0561 -10.4936 8.5834 459.0952 230.5298 350.5334 432.4682 -67.7643 0.0000 0.0000
1540.03 16.07.2018 06.40.01 25.00543 295.0483 -894.3191 -3.9225 -8.3640 5.9220 438.2896 221.0367 352.5875 435.6858 -68.3995 0.0000 0.0000
1550.03 16.07.2018 06.50.01 24.61300 295.4133 -531.4104 -2.3307 -6.3635 5.3770 433.1532 219.3483 354.9590 439.9119 -70.7286 0.0000 0.0000
1560.03 16.07.2018 07.00.01 24.37798 295.7910 -243.4376 -1.0677 -5.2008 5.5108 453.7251 232.5693 356.9261 446.9787 -76.9110 0.0000 0.0000
1570.03 16.07.2018 07.10.01 24.26953 296.1170 -110.2781 -0.4837 -4.6739 5.5869 459.0155 236.2639 358.9219 451.3817 -79.0669 0.0000 0.0000
1580.03 16.07.2018 07.20.01 24.22146 296.4502 -25.2237 -0.1106 -4.4220 5.7485 464.7155 240.1365 360.9313 455.8113 -80.4078 0.0000 0.0000
1590.03 16.07.2018 07.30.01 24.21292 296.7864 27.5507 0.1208 -4.3316 5.9366 472.4258 245.1932 363.0000 460.4257 -81.6206 0.0000 0.0000
1600.03 16.07.2018 07.40.01 24.23000 297.1349 64.5731 0.2832 -4.3278 6.1481 484.4063 252.6155 365.0980 465.5237 -82.5571 0.0000 0.0000
1610.03 16.07.2018 07.50.01 24.26577 297.4871 89.3703 0.3920 -4.3756 6.3568 495.0729 259.2513 367.2759 470.6064 -83.1541 0.0000 0.0000
1620.03 16.07.2018 08.00.01 24.31472 297.8442 96.8027 0.4246 -4.4476 6.4962 569.3237 304.0899 369.3626 485.7823 -92.7531 0.0000 0.0000
1630.03 16.07.2018 08.10.01 24.36941 298.1331 119.2818 0.5232 -4.5083 6.7087 573.0354 306.5395 371.2993 490.1252 -97.5902 0.0000 0.0000
1640.03 16.07.2018 08.20.01 24.43569 298.3603 123.4526 0.5415 -4.5952 6.8489 591.1960 317.7132 373.0842 496.1607 -104.3292 0.0000 0.0000
1650.03 16.07.2018 08.30.01 24.50582 298.5996 140.0316 0.6142 -4.6673 7.0419 592.6643 318.8311 374.9740 499.2529 -108.9691 0.0000 0.0000
1660.03 16.07.2018 08.40.01 24.58523 298.8358 147.6226 0.6475 -4.7501 7.1968 595.2656 320.5318 376.8674 502.4491 -110.3395 0.0000 0.0000
1670.03 16.07.2018 08.50.01 24.67004 299.0656 150.1411 0.6585 -4.8215 7.3067 596.6924 321.5619 378.7533 505.2723 -111.9938 0.0000 0.0000
1680.03 16.07.2018 09.00.01 24.75805 299.1804 140.3159 0.6154 -4.8699 7.3137 595.4718 321.0815 380.3222 507.0707 -116.1596 0.0000 0.0000
1690.03 16.07.2018 09.10.01 24.84396 299.3188 179.9938 0.7894 -4.8729 7.5498 595.5524 321.2627 382.0587 508.1757 -122.5382 0.0000 0.0000
1700.03 16.07.2018 09.20.01 24.94946 299.4362 207.8092 0.9114 -4.9373 7.7984 595.0927 321.1096 383.9755 508.9194 -127.5745 0.0000 0.0000
1710.03 16.07.2018 09.30.01 25.06967 299.5488 229.7906 1.0079 -5.0312 8.0520 594.0755 320.6175 385.7476 509.6246 -130.1166 0.0000 0.0000
1720.03 16.07.2018 09.40.01 25.20208 299.6999 245.5343 1.0769 -5.1403 8.2896 594.6630 320.9702 387.3002 510.1346 -133.1145 0.0000 0.0000
1730.03 16.07.2018 09.50.01 25.34420 299.8346 265.2333 1.1633 -5.2498 8.5508 594.9970 321.1525 388.7387 510.3782 -136.4963 0.0000 0.0000
1740.03 16.07.2018 10.00.01 25.49758 299.9935 274.7315 1.2050 -5.3693 8.7657 593.4849 320.2635 389.9531 510.2060 -139.5076 0.0000 0.0000
1750.03 16.07.2018 10.10.01 25.65783 300.1396 309.3409 1.3568 -5.4826 9.1192 582.5296 314.2020 391.5951 511.7586 -131.7028 0.0000 0.0000
1760.03 16.07.2018 10.20.01 25.83486 300.2799 324.8904 1.4250 -5.6489 9.4318 570.5606 307.5633 393.5016 512.8359 -125.7731 0.0000 0.0000
1770.03 16.07.2018 10.30.01 26.02090 300.5349 309.8756 1.3591 -5.8174 9.5687 556.0713 299.5468 394.6374 512.5995 -122.5245 0.0000 0.0000
1780.03 16.07.2018 10.40.01 26.20309 300.7617 325.2126 1.4264 -5.9201 9.7953 545.4453 293.6101 395.7651 513.0322 -115.2428 0.0000 0.0000
1790.03 16.07.2018 10.50.01 26.39517 300.9752 333.1078 1.4610 -6.0241 9.9801 533.9084 287.1580 396.6883 513.3046 -108.9003 0.0000 0.0000
1800.03 16.07.2018 11.00.01 26.59200 301.0791 340.0545 1.4915 -6.1334 10.1665 521.5695 280.2220 397.2737 513.0696 -104.9777 0.0000 0.0000
1810.03 16.07.2018 11.10.01 26.79159 301.3441 282.3459 1.2384 -6.2510 9.9858 522.5225 280.7113 398.3434 516.7039 -93.6588 0.0000 0.0000
1820.03 16.07.2018 11.20.01 26.96569 301.4029 267.8526 1.1748 -6.2398 9.8861 523.9133 281.4004 399.3320 516.7459 -102.8857 0.0000 0.0000
1830.03 16.07.2018 11.30.01 27.13387 301.6780 264.7749 1.1613 -6.1883 9.7994 524.9805 281.8853 398.9315 514.3237 -115.2496 0.0000 0.0000
1840.03 16.07.2018 11.40.01 27.30163 302.1846 272.8384 1.1967 -6.1249 9.7621 526.9235 282.8166 399.2889 517.2547 -103.6099 0.0000 0.0000
1850.03 16.07.2018 11.50.01 27.47274 302.1850 269.3396 1.1813 -6.0816 9.6838 527.8251 283.1542 399.7427 518.0387 -109.2957 0.0000 0.0000
1860.03 16.07.2018 12.00.01 27.64205 301.9277 263.4593 1.1555 -6.0328 9.5844 527.2278 282.6097 399.7248 516.1743 -122.4907 0.0000 0.0000
1870.03 16.07.2018 12.10.01 27.80895 301.9346 306.2904 1.3434 -5.9779 9.7617 514.4105 275.3947 399.9070 514.4863 -122.7248 0.0000 0.0000
1880.03 16.07.2018 12.20.01 27.99404 301.9230 291.5865 1.2789 -6.0215 9.7338 500.7659 267.8399 399.7264 512.2875 -122.3777 0.0000 0.0000
1890.03 16.07.2018 12.30.01 28.17224 301.9019 278.8440 1.2230 -6.0379 9.6812 488.2648 260.9899 399.3400 510.0661 -121.7298 0.0000 0.0000
1900.03 16.07.2018 12.40.01 28.34448 301.8658 266.4802 1.1688 -6.0359 9.6063 476.3783 254.4504 398.8558 507.9539 -120.1002 0.0000 0.0000
1910.03 16.07.2018 12.50.01 28.51068 301.8363 297.6527 1.3055 -6.0166 9.7627 467.3442 249.4480 398.8133 506.3132 -118.6295 0.0000 0.0000
1920.03 16.07.2018 13.00.01 28.68960 301.7838 280.8369 1.2317 -6.0704 9.7362 455.0600 242.6333 398.5983 504.1952 -116.3644 0.0000 0.0000
1930.03 16.07.2018 13.10.01 28.86135 301.6896 332.2973 1.4574 -6.0974 10.0731 436.6702 232.4634 398.8100 502.4152 -109.7952 0.0000 0.0000
1940.03 16.07.2018 13.20.01 29.05502 301.6240 328.4495 1.4406 -6.2430 10.2447 416.3878 221.2831 398.7285 500.2263 -103.0027 0.0000 0.0000
1950.03 16.07.2018 13.30.01 29.24667 301.5784 326.5099 1.4321 -6.3850 10.4227 396.5785 210.3828 398.5393 497.9913 -96.6242 0.0000 0.0000
1960.03 16.07.2018 13.40.01 29.43694 301.5440 320.9704 1.4078 -6.5288 10.5821 376.7672 199.5047 398.2307 495.6863 -90.2549 0.0000 0.0000
1970.03 16.07.2018 13.50.01 29.62420 301.5576 317.3179 1.3917 -6.6680 10.7464 357.4856 188.9410 397.6856 493.3519 -83.9611 0.0000 0.0000
1980.03 16.07.2018 14.00.01 29.80914 301.5030 315.8050 1.3851 -6.8081 10.9242 338.6667 178.6436 397.1999 490.6103 -78.9662 0.0000 0.0000
1990.03 16.07.2018 14.10.01 29.99175 301.3818 231.5275 1.0155 -6.9499 10.6205 324.5944 171.0271 396.3582 486.9836 -78.6691 0.0000 0.0000
2000.03 16.07.2018 14.20.01 30.13638 301.3187 195.4696 0.8573 -6.9195 10.3690 311.3844 163.8890 395.3710 483.5027 -77.7441 0.0000 0.0000
2010.03 16.07.2018 14.30.01 30.26345 301.2543 181.0682 0.7942 -6.8302 10.1658 298.8872 157.1414 394.4057 480.1710 -76.3211 0.0000 0.0000
2020.03 16.07.2018 14.40.01 30.38253 301.2007 177.4333 0.7782 -6.7305 10.0117 286.8884 150.6777 393.5461 476.9810 -74.6147 0.0000 0.0000
2030.03 16.07.2018 14.50.01 30.49832 301.1338 161.9567 0.7103 -6.6428 9.8042 274.4058 143.9639 392.6071 473.7858 -72.5387 0.0000 0.0000
2040.03 16.07.2018 15.00.01 30.60568 301.0611 148.5810 0.6517 -6.5404 9.5895 261.9759 137.2864 391.6314 470.6627 -70.1542 0.0000 0.0000
2050.03 16.07.2018 15.10.01 30.70455 301.0068 70.4331 0.3089 -6.4324 8.9885 254.8099 133.3886 390.2187 468.0498 -65.4338 0.0000 0.0000
2060.03 16.07.2018 15.20.01 30.76769 300.9628 42.3060 0.1856 -6.1728 8.4779 248.3668 129.8559 389.0017 465.8496 -61.0542 0.0000 0.0000
2070.03 16.07.2018 15.30.01 30.81634 300.9225 21.6901 0.0951 -5.8782 7.9644 241.4627 126.0485 387.8410 463.6733 -57.8680 0.0000 0.0000
2080.03 16.07.2018 15.40.01 30.85385 300.8933 10.1755 0.0446 -5.5645 7.4789 235.7303 122.8201 386.7973 461.7638 -54.4052 0.0000 0.0000
2090.03 16.07.2018 15.50.01 30.88424 300.8628 -4.6604 -0.0204 -5.2515 6.9748 229.2273 119.1432 385.7694 459.8653 -51.2328 0.0000 0.0000
2100.03 16.07.2018 16.00.01 30.90606 300.8355 -19.9183 -0.0874 -4.9308 6.4579 221.8313 114.9421 384.7358 457.9094 -48.1645 0.0000 0.0000
2110.03 16.07.2018 16.10.01 30.91949 300.7039 2.3484 0.0103 -4.6020 6.1497 207.8743 107.4652 383.7008 455.8941 -46.0359 0.0000 0.0000
2120.03 16.07.2018 16.20.01 30.94055 300.5849 -6.8679 -0.0301 -4.3485 5.7578 193.0481 99.5298 382.4704 453.4643 -43.4644 0.0000 0.0000
2130.03 16.07.2018 16.30.01 30.95568 300.4532 -6.9342 -0.0304 -4.0975 5.4227 179.2122 92.1459 381.2052 450.9850 -40.9249 0.0000 0.0000
2140.03 16.07.2018 16.40.01 30.96987 300.3053 74.2885 0.3258 -3.8708 5.5955 169.6925 87.0452 379.8043 448.9804 -39.1876 0.0000 0.0000
2150.03 16.07.2018 16.50.01 31.01797 300.1513 99.3963 0.4359 -3.8452 5.7082 159.8925 81.8210 378.3640 446.8459 -37.1998 0.0000 0.0000
2160.03 16.07.2018 17.00.01 31.07571 299.9771 91.1273 0.3997 -3.8896 5.7191 149.1216 76.0909 376.7712 444.4504 -35.0849 0.0000 0.0000
2170.03 16.07.2018 17.10.01 31.12881 299.7436 94.5468 0.4147 -3.9313 5.7947 141.5226 72.0437 375.3765 442.2046 -33.2138 0.0000 0.0000
2180.03 16.07.2018 17.20.01 31.18206 299.5122 86.8993 0.3811 -3.9969 5.8374 133.9353 68.0279 374.0339 439.9912 -31.4898 0.0000 0.0000
2190.03 16.07.2018 17.30.01 31.23062 299.2761 64.6566 0.2836 -4.0613 5.7932 125.7191 63.7007 372.6367 437.6743 -29.7062 0.0000 0.0000
2200.03 16.07.2018 17.40.01 31.26785 299.0430 31.2945 0.1373 -4.0929 5.6402 115.8727 58.6137 371.2766 435.2990 -27.8773 0.0000 0.0000
2210.03 16.07.2018 17.50.01 31.28887 298.8024 -7.0308 -0.0308 -4.0690 5.3842 105.4010 53.2290 369.8955 432.7692 -25.9909 0.0000 0.0000
2220.03 16.07.2018 18.00.01 31.29122 298.5590 -44.5192 -0.1953 -3.9805 5.0470 94.5414 47.6735 368.4805 430.1381 -23.9970 0.0000 0.0000
2230.03 16.07.2018 18.10.01 31.27526 298.1554 -72.1435 -0.3164 -3.8333 4.6891 84.1912 42.3756 366.8373 427.1215 -22.7133 0.0000 0.0000
2240.03 16.07.2018 18.20.01 31.24471 297.7636 -107.0606 -0.4696 -3.6545 4.2466 72.1652 36.1364 365.1298 423.8276 -21.3867 0.0000 0.0000
2250.03 16.07.2018 18.30.01 31.19616 297.3762 -143.7295 -0.6304 -3.4299 3.7326 60.3796 30.0963 363.4043 420.5159 -20.1839 0.0000 0.0000
2260.03 16.07.2018 18.40.01 31.12777 296.9881 -282.4526 -1.2388 -3.1571 2.5578 44.1328 22.1424 361.7152 417.0290 -18.4583 0.0000 0.0000
2270.03 16.07.2018 18.50.01 30.99545 296.4546 -368.9290 -1.6181 -2.6121 1.3254 28.4327 14.5605 360.0359 413.5790 -16.2071 0.0000 0.0000
2280.03 16.07.2018 19.00.01 30.82290 296.0683 -314.6053 -1.3798 -1.9188 0.7186 13.8871 7.1979 358.3510 410.0167 -14.4111 0.0000 0.0000
2290.03 16.07.2018 19.10.01 30.67144 295.3113 -225.8691 -0.9907 -1.3896 0.5319 10.7569 5.5468 356.8222 406.6667 -14.1073 0.0000 0.0000
2300.03 16.07.2018 19.20.01 30.55636 294.6055 -174.7701 -0.7665 -1.0898 0.4310 8.7496 4.5026 355.4153 403.8059 -13.8886 0.0000 0.0000
2310.03 16.07.2018 19.30.01 30.46218 293.8982 -151.4234 -0.6641 -0.9228 0.3449 6.9063 3.5452 354.0210 401.1067 -13.7616 0.0000 0.0000
2320.03 16.07.2018 19.40.01 30.37707 293.2142 -155.2411 -0.6809 -0.8202 0.1857 4.6068 2.3981 352.6314 398.4299 -14.1483 0.0000 0.0000
2330.03 16.07.2018 19.50.01 30.28945 292.5217 -146.3147 -0.6417 -0.7218 0.1068 2.4558 1.2797 351.2562 395.7479 -15.1284 0.0000 0.0000
2340.03 16.07.2018 20.00.01 30.20480 291.9234 -144.6061 -0.6342 -0.6552 0.0280 0.3019 0.1594 349.9246 393.1892 -15.8799 0.0000 0.0000
2350.03 16.07.2018 20.10.01 30.12054 292.3756 -135.0566 -0.5924 -0.5961 0.0049 0.0518 0.0273 351.1113 392.1358 -13.1288 0.0000 0.0000
2360.03 16.07.2018 20.20.01 30.04104 292.4379 -125.3158 -0.5496 -0.5503 0.0009 0.0096 0.0050 352.5016 391.0611 -12.5773 0.0000 0.0000
2370.03 16.07.2018 20.30.01 29.96600 292.0774 -119.9958 -0.5263 -0.5264 0.0002 0.0017 0.0009 353.8328 389.5407 -14.2309 0.0000 0.0000
2380.03 16.07.2018 20.40.01 29.89272 291.8518 -119.9113 -0.5259 -0.5259 0.0000 0.0003 0.0002 355.1772 388.2014 -15.4079 0.0000 0.0000
2390.03 16.07.2018 20.50.01 29.81826 291.6571 -122.6167 -0.5378 -0.5378 0.0000 0.0001 0.0000 356.5427 387.0060 -16.5822 0.0000 0.0000
2400.03 16.07.2018 21.00.01 29.74163 291.4570 -126.7079 -0.5557 -0.5557 0.0000 0.0000 0.0000 357.9162 385.8969 -17.9104 0.0000 0.0000
2410.03 16.07.2018 21.10.01 29.66256 291.5819 -130.1645 -0.5709 -0.5709 0.0000 0.0000 0.0000 357.8276 385.2773 -16.5610 0.0000 0.0000
2420.03 16.07.2018 21.20.01 29.58206 291.7965 -130.6930 -0.5732 -0.5732 0.0000 0.0000 0.0000 357.8293 384.8765 -14.6041 0.0000 0.0000
2430.03 16.07.2018 21.30.01 29.50213 292.0958 -129.6134 -0.5685 -0.5685 0.0000 0.0000 0.0000 357.9127 384.7422 -12.1412 0.0000 0.0000
2440.03 16.07.2018 21.40.01 29.42330 292.4438 -126.9144 -0.5566 -0.5566 0.0000 0.0000 0.0000 358.0930 384.8605 -9.2506 0.0000 0.0000
2450.03 16.07.2018 21.50.01 29.34652 292.8210 -122.9010 -0.5390 -0.5390 0.0000 0.0000 0.0000 358.3499 385.1477 -6.2976 0.0000 0.0000
2460.03 16.07.2018 22.00.01 29.27239 293.2181 -118.3529 -0.5191 -0.5191 0.0000 0.0000 0.0000 358.6725 385.6073 -3.2756 0.0000 0.0000
2470.03 16.07.2018 22.10.01 29.20104 292.9568 -114.5163 -0.5023 -0.5023 0.0000 0.0000 0.0000 359.0475 385.5121 -4.2055 0.0000 0.0000
2480.03 16.07.2018 22.20.01 29.13156 292.7278 -111.9420 -0.4910 -0.4910 0.0000 0.0000 0.0000 359.3416 385.4464 -4.2116 0.0000 0.0000
2490.03 16.07.2018 22.30.01 29.06353 292.3227 -109.6887 -0.4811 -0.4811 0.0000 0.0000 0.0000 359.2709 384.3725 -7.6305 0.0000 0.0000
2500.03 16.07.2018 22.40.01 28.99511 292.0665 -113.4073 -0.4974 -0.4974 0.0000 0.0000 0.0000 359.3469 384.0166 -7.9178 0.0000 0.0000
2510.03 16.07.2018 22.50.01 28.92404 291.7572 -117.7705 -0.5165 -0.5165 0.0000 0.0000 0.0000 359.5589 383.6398 -8.6165 0.0000 0.0000
2520.03 16.07.2018 23.00.01 28.85037 291.3252 -121.8230 -0.5343 -0.5343 0.0000 0.0000 0.0000 359.4599 382.7546 -10.8579 0.0000 0.0000
2530.03 16.07.2018 23.10.01 28.77444 291.1890 -125.1544 -0.5489 -0.5489 0.0000 0.0000 0.0000 359.3244 382.2076 -11.0290 0.0000 0.0000
2540.03 16.07.2018 23.20.01 28.69656 291.0765 -128.1370 -0.5620 -0.5620 0.0000 0.0000 0.0000 359.2682 381.6780 -11.2834 0.0000 0.0000
2550.03 16.07.2018 23.30.01 28.61700 290.9634 -130.6698 -0.5731 -0.5731 0.0000 0.0000 0.0000 359.2272 381.1408 -11.6386 0.0000 0.0000
2560.03 16.07.2018 23.40.01 28.53597 290.8515 -132.8481 -0.5827 -0.5827 0.0000 0.0000 0.0000 359.1939 380.6086 -12.0038 0.0000 0.0000
2570.03 16.07.2018 23.50.01 28.45379 290.7413 -134.8638 -0.5915 -0.5915 0.0000 0.0000 0.0000 359.1598 380.0744 -12.4097 0.0000 0.0000
2580.03 17.07.2018 00.00.01 28.37036 290.6342 -136.5786 -0.5990 -0.5990 0.0000 0.0000 0.0000 359.1217 379.5419 -12.8271 0.0000 0.0000
2590.03 17.07.2018 00.10.01 28.28600 290.7027 -138.0087 -0.6053 -0.6053 0.0000 0.0000 0.0000 358.8155 379.1315 -12.4538 0.0000 0.0000
2600.03 17.07.2018 00.20.01 28.20086 290.7728 -138.9628 -0.6095 -0.6095 0.0000 0.0000 0.0000 358.5116 378.7451 -12.0795 0.0000 0.0000
2610.03 17.07.2018 00.30.01 28.11532 290.8534 -139.3620 -0.6112 -0.6112 0.0000 0.0000 0.0000 358.2043 378.4021 -11.6099 0.0000 0.0000
2620.03 17.07.2018 00.40.01 28.02993 290.9439 -139.1582 -0.6103 -0.6103 0.0000 0.0000 0.0000 357.9590 378.1953 -10.7320 0.0000 0.0000
2630.03 17.07.2018 00.50.01 27.94488 291.0236 -137.6783 -0.6039 -0.6039 0.0000 0.0000 0.0000 357.7117 377.9848 -10.0345 0.0000 0.0000
2640.03 17.07.2018 01.00.01 27.86089 291.1268 -135.9580 -0.5963 -0.5963 0.0000 0.0000 0.0000 357.4575 377.8290 -9.2243 0.0000 0.0000
2650.03 17.07.2018 01.10.01 27.77825 291.0431 -132.4498 -0.5809 -0.5809 0.0000 0.0000 0.0000 356.8137 377.9609 -7.1652 0.0000 0.0000
2660.03 17.07.2018 01.20.01 27.69927 290.9793 -124.0397 -0.5440 -0.5440 0.0000 0.0000 0.0000 356.1192 377.6483 -7.0402 0.0000 0.0000
2670.03 17.07.2018 01.30.01 27.62472 290.9510 -120.3410 -0.5278 -0.5278 0.0000 0.0000 0.0000 355.0065 376.7359 -9.0757 0.0000 0.0000
2680.03 17.07.2018 01.40.01 27.54952 290.9820 -124.1993 -0.5447 -0.5447 0.0000 0.0000 0.0000 354.1808 376.7892 -6.7377 0.0000 0.0000
2690.03 17.07.2018 01.50.01 27.47347 290.7644 -123.7492 -0.5428 -0.5428 0.0000 0.0000 0.0000 353.3935 376.4679 -6.2486 0.0000 0.0000
2700.03 17.07.2018 02.00.01 27.39813 290.5712 -121.4051 -0.5325 -0.5325 0.0000 0.0007 0.0004 352.3110 375.8742 -6.6954 0.0000 0.0000
2710.03 17.07.2018 02.10.01 27.32400 290.3112 -117.7087 -0.5163 -0.5290 0.0170 0.4114 0.2148 349.3438 374.9878 -7.0817 0.0000 0.0000
2720.03 17.07.2018 02.20.01 27.25018 290.0211 -119.8703 -0.5257 -0.5547 0.0386 0.8752 0.4576 346.2198 373.5968 -8.6691 0.0000 0.0000
2730.03 17.07.2018 02.30.01 27.17306 289.7388 -127.5932 -0.5596 -0.6054 0.0611 1.3471 0.7045 342.9531 372.0935 -10.0472 0.0000 0.0000
2740.03 17.07.2018 02.40.01 27.09051 289.4390 -136.5408 -0.5989 -0.6616 0.0837 1.8206 0.9523 339.7138 370.6809 -10.2921 0.0000 0.0000
2750.03 17.07.2018 02.50.01 27.00314 289.2024 -143.1943 -0.6280 -0.7078 0.1063 2.2944 1.2002 336.5078 369.3036 -10.1936 0.0000 0.0000
2760.03 17.07.2018 03.00.01 26.91232 288.8807 -147.7954 -0.6482 -0.7450 0.1291 2.7725 1.4504 333.2914 367.7577 -10.6309 0.0000 0.0000
2770.03 17.07.2018 03.10.01 26.81945 288.8394 -132.0797 -0.5793 -0.7733 0.2586 5.8383 3.0521 333.0094 367.1447 -9.5511 0.0000 0.0000
2780.03 17.07.2018 03.20.01 26.73443 288.8043 -115.9625 -0.5086 -0.8221 0.4180 9.2395 4.8319 332.9602 366.7945 -8.9848 0.0000 0.0000
2790.03 17.07.2018 03.30.01 26.65783 288.7727 -103.6053 -0.4544 -0.8911 0.5823 12.6914 6.6383 332.9826 366.5785 -8.6893 0.0000 0.0000
2800.03 17.07.2018 03.40.01 26.58776 288.7475 -94.1222 -0.4128 -0.9734 0.7475 16.1534 8.4501 333.0416 366.5141 -8.4011 0.0000 0.0000
2810.03 17.07.2018 03.50.01 26.52294 288.7203 -86.3116 -0.3786 -1.0632 0.9129 19.6172 10.2627 333.1558 366.5485 -8.3014 0.0000 0.0000
2820.03 17.07.2018 04.00.01 26.46252 288.6944 -79.9473 -0.3506 -1.1594 1.0784 23.0831 12.0765 333.2927 366.6644 -8.3049 0.0000 0.0000
2830.03 17.07.2018 04.10.01 26.40585 289.0697 -66.6357 -0.2923 -1.2587 1.2886 27.6332 14.4565 333.4499 367.2663 -6.8456 0.0000 0.0000
2840.03 17.07.2018 04.20.01 26.35586 289.4450 -55.4098 -0.2430 -1.3765 1.5113 32.3240 16.9112 333.6934 368.0557 -5.5166 0.0000 0.0000
2850.03 17.07.2018 04.30.01 26.31179 289.8221 -46.6387 -0.2046 -1.5066 1.7361 37.0360 19.3771 333.9858 368.9930 -4.2573 0.0000 0.0000
2860.03 17.07.2018 04.40.01 26.27264 290.2023 -39.0457 -0.1713 -1.6422 1.9613 41.7522 21.8452 334.3190 370.0591 -3.0818 0.0000 0.0000
2870.03 17.07.2018 04.50.01 26.23800 290.5821 -32.0861 -0.1407 -1.7806 2.1865 56.2821 29.2201 334.6903 371.4184 -2.3269 0.0000 0.0000
2880.03 17.07.2018 05.00.01 26.20880 290.9632 96.8583 0.4248 -1.9193 3.1255 65.4800 33.6428 335.2403 373.2313 -2.2918 0.0000 0.0000
2890.03 17.07.2018 05.10.01 26.24984 291.3348 1349.7839 5.9201 -2.3237 10.9917 177.9768 88.1355 336.3190 379.5552 -10.6813 0.0000 0.0000
2900.03 17.07.2018 05.20.01 26.84265 291.7315 1669.9484 7.3243 -5.4369 17.0149 263.2129 129.2177 338.7050 387.3334 -21.2060 0.0000 0.0000
2910.03 17.07.2018 05.30.01 27.58788 292.1626 1790.2457 7.8520 -9.1041 22.6081 333.6372 163.3237 341.7036 396.2912 -32.9655 0.0000 0.0000
2920.03 17.07.2018 05.40.01 28.38503 292.6279 558.2001 2.4482 -12.8813 20.4394 299.6459 147.5183 344.8029 401.5174 -37.0722 0.0000 0.0000
2930.03 17.07.2018 05.50.01 28.65011 293.0716 -24.0700 -0.1056 -13.8270 18.2952 352.7741 174.6486 346.5602 405.5905 -39.6063 0.0000 0.0000
2940.03 17.07.2018 06.00.01 28.65740 293.5039 -402.2339 -1.7642 -13.4983 15.6454 465.3614 231.8531 348.1631 412.8542 -47.7287 0.0000 0.0000
2950.03 17.07.2018 06.10.01 28.49438 293.7621 -569.0001 -2.4956 -12.3879 13.1897 445.9480 222.9888 349.7402 420.0442 -57.3289 0.0000 0.0000
2960.03 17.07.2018 06.20.01 28.25234 294.0231 -663.9565 -2.9121 -10.9801 10.7573 427.1824 214.4978 351.2605 424.6120 -62.5498 0.0000 0.0000
2970.03 17.07.2018 06.30.01 27.96343 294.2810 -686.4274 -3.0106 -9.4292 8.5581 408.8515 206.0890 352.8544 428.2300 -66.2170 0.0000 0.0000
2980.03 17.07.2018 06.40.01 27.66009 294.5479 -683.8297 -2.9993 -7.8868 6.5167 395.9920 200.4540 354.6100 431.2981 -69.1045 0.0000 0.0000
2990.03 17.07.2018 06.50.01 27.35717 294.8184 -383.9878 -1.6842 -6.3959 6.2823 396.5052 201.4793 356.5316 435.1206 -73.6187 0.0000 0.0000
3000.03 17.07.2018 07.00.01 27.18441 295.0797 -163.6649 -0.7178 -5.5962 6.5045 417.7107 214.5727 358.1833 441.3738 -80.7562 0.0000 0.0000
3010.03 17.07.2018 07.10.01 27.10845 295.3302 -72.7096 -0.3189 -5.2820 6.6175 425.5171 219.4042 359.3645 444.6315 -87.9353 0.0000 0.0000
3020.03 17.07.2018 07.20.01 27.07385 295.5709 -14.4371 -0.0633 -5.1531 6.7864 433.6225 224.3704 360.4707 447.5377 -94.3786 0.0000 0.0000
3030.03 17.07.2018 07.30.01 27.06649 295.8085 21.1002 0.0925 -5.1335 6.9681 442.9850 230.0796 361.5643 450.1820 -101.2435 0.0000 0.0000
3040.03 17.07.2018 07.40.01 27.07653 296.0388 43.3696 0.1902 -5.1708 7.1480 455.9873 237.9033 362.5758 452.8939 -108.4796 0.0000 0.0000
3050.03 17.07.2018 07.50.01 27.09820 296.2810 66.9578 0.2937 -5.2343 7.3707 468.0286 245.1175 363.6888 455.3773 -114.7393 0.0000 0.0000
3060.03 17.07.2018 08.00.01 27.13192 296.5050 69.5133 0.3049 -5.3269 7.5091 535.2605 285.5097 364.6690 466.0201 -129.7755 0.0000 0.0000
3070.03 17.07.2018 08.10.01 27.16848 296.6784 71.8936 0.3153 -5.4038 7.6255 543.2578 290.2355 365.7742 468.3705 -135.0562 0.0000 0.0000
3080.03 17.07.2018 08.20.01 27.20745 296.8300 64.3245 0.2821 -5.4673 7.6659 564.3447 302.8727 366.6870 472.2517 -143.4280 0.0000 0.0000
3090.03 17.07.2018 08.30.01 27.24456 296.9848 72.6773 0.3188 -5.4962 7.7533 570.8206 306.7075 367.6892 473.8238 -149.8136 0.0000 0.0000
3100.03 17.07.2018 08.40.01 27.28680 297.1367 79.6893 0.3495 -5.5250 7.8327 577.1329 310.4359 368.6395 475.3375 -153.6257 0.0000 0.0000
3110.03 17.07.2018 08.50.01 27.33358 297.2815 77.5429 0.3401 -5.5494 7.8527 582.2632 313.5001 369.4590 476.2310 -159.2092 0.0000 0.0000
3120.03 17.07.2018 09.00.01 27.38101 297.4147 61.2696 0.2687 -5.5500 7.7583 584.7001 315.0373 370.0743 476.6728 -164.0576 0.0000 0.0000
3130.03 17.07.2018 09.10.01 27.42388 297.4294 198.0753 0.8688 -5.4969 8.4875 568.5349 306.1683 371.4141 475.7771 -166.3328 0.0000 0.0000
3140.03 17.07.2018 09.20.01 27.52792 297.4169 247.8391 1.0870 -5.7300 9.0894 549.8881 295.9079 372.6282 474.2816 -165.6126 0.0000 0.0000
3150.03 17.07.2018 09.30.01 27.65585 297.4071 273.8986 1.2013 -6.0464 9.6636 530.1138 284.9919 373.7957 472.3386 -164.0787 0.0000 0.0000
3160.03 17.07.2018 09.40.01 27.79739 297.3947 286.5668 1.2569 -6.3931 10.1999 515.6867 276.9463 374.9333 471.2942 -158.7969 0.0000 0.0000
3170.03 17.07.2018 09.50.01 27.94665 297.3432 302.7137 1.3277 -6.7418 10.7594 500.9302 268.6849 376.1698 470.8058 -152.0259 0.0000 0.0000
3180.03 17.07.2018 10.00.01 28.10500 297.3118 315.1455 1.3822 -7.1015 11.3117 485.1886 259.8375 377.3694 469.2831 -149.0715 0.0000 0.0000
3190.03 17.07.2018 10.10.01 28.26971 297.3728 223.6894 0.9811 -7.4631 11.2589 473.5381 253.5354 377.7035 467.8982 -145.6653 0.0000 0.0000
3200.03 17.07.2018 10.20.01 28.39596 297.4316 187.8820 0.8240 -7.6021 11.2349 461.9016 247.2194 378.0531 466.5769 -142.3851 0.0000 0.0000
3210.03 17.07.2018 10.30.01 28.50710 297.4859 153.9766 0.6753 -7.6528 11.1042 448.7074 240.0500 378.1982 465.0656 -138.7087 0.0000 0.0000
3220.03 17.07.2018 10.40.01 28.60381 297.5418 148.1906 0.6500 -7.6246 11.0327 437.9200 234.1768 378.3861 463.7230 -135.4925 0.0000 0.0000
3230.03 17.07.2018 10.50.01 28.69851 297.5946 142.3597 0.6244 -7.5779 10.9364 426.5824 227.9918 378.5389 462.3318 -132.0278 0.0000 0.0000
3240.03 17.07.2018 11.00.01 28.79040 297.6514 139.2635 0.6108 -7.5204 10.8417 414.7629 221.5149 378.6721 460.9304 -128.4875 0.0000 0.0000
3250.03 17.07.2018 11.10.01 28.88085 297.7501 148.0164 0.6492 -7.4574 10.8088 420.7807 224.7074 378.9584 460.8184 -127.0211 0.0000 0.0000
3260.03 17.07.2018 11.20.01 28.97561 297.8704 179.1760 0.7859 -7.4149 10.9344 428.2635 228.6564 379.5292 461.3575 -126.6691 0.0000 0.0000
3270.03 17.07.2018 11.30.01 29.08438 297.9933 199.7447 0.8761 -7.4387 11.0864 435.6912 232.5517 380.2128 462.1452 -126.9665 0.0000 0.0000
3280.03 17.07.2018 11.40.01 29.20260 298.1234 216.3638 0.9490 -7.5037 11.2703 443.4727 236.6180 380.9840 463.0545 -128.1814 0.0000 0.0000
3290.03 17.07.2018 11.50.01 29.32858 298.2545 222.2366 0.9747 -7.6004 11.4335 450.6215 240.3203 381.7435 464.0532 -129.6094 0.0000 0.0000
3300.03 17.07.2018 12.00.01 29.45745 298.3845 223.4690 0.9801 -7.7057 11.5811 456.6849 243.3852 382.5088 465.0241 -131.1247 0.0000 0.0000
3310.03 17.07.2018 12.10.01 29.58746 298.3679 260.0840 1.1407 -7.8152 11.9412 442.7610 235.6034 383.5478 464.9085 -130.3983 0.0000 0.0000
3320.03 17.07.2018 12.20.01 29.73290 298.3315 231.3363 1.0146 -8.0062 12.0277 426.8344 226.8295 384.1391 464.1585 -128.0469 0.0000 0.0000
3330.03 17.07.2018 12.30.01 29.86535 298.2851 209.7864 0.9201 -8.1369 12.0761 411.4891 218.4339 384.5499 463.2469 -125.2037 0.0000 0.0000
3340.03 17.07.2018 12.40.01 29.98763 298.2405 194.5539 0.8533 -8.2271 12.1072 396.6914 210.3295 384.8776 462.1632 -122.0061 0.0000 0.0000
3350.03 17.07.2018 12.50.01 30.10256 298.1870 187.3004 0.8215 -8.2916 12.1508 382.1168 202.3498 385.1644 460.9961 -118.4353 0.0000 0.0000
3360.03 17.07.2018 13.00.01 30.21389 298.1403 199.3439 0.8743 -8.3492 12.2980 368.7599 195.0213 385.6033 459.8521 -115.1217 0.0000 0.0000
3370.03 17.07.2018 13.10.01 30.32885 298.0365 105.6181 0.4632 -8.4353 11.8647 361.5042 191.1407 384.8737 458.3776 -113.3967 0.0000 0.0000
3380.03 17.07.2018 13.20.01 30.40157 297.9346 76.0029 0.3333 -8.3296 11.5506 355.6322 188.0004 384.1500 457.0860 -112.1748 0.0000 0.0000
3390.03 17.07.2018 13.30.01 30.45953 297.8333 56.8549 0.2494 -8.1787 11.2374 349.5172 184.7128 383.4318 455.7340 -111.1596 0.0000 0.0000
3400.03 17.07.2018 13.40.01 30.50738 297.7330 40.8125 0.1790 -8.0052 10.9123 343.5896 181.5134 382.6964 454.3574 -110.3035 0.0000 0.0000
3410.03 17.07.2018 13.50.01 30.54669 297.6358 29.4859 0.1293 -7.8154 10.5929 337.5373 178.2347 381.9493 452.8792 -109.8818 0.0000 0.0000
3420.03 17.07.2018 14.00.01 30.57958 297.5402 20.8697 0.0915 -7.6183 10.2798 331.1017 174.7208 381.2028 451.2452 -109.6521 0.0000 0.0000
3430.03 17.07.2018 14.10.01 30.60677 297.4201 -26.0665 -0.1143 -7.4192 9.7398 327.8226 172.9321 378.8310 449.0344 -110.2820 0.0000 0.0000
3440.03 17.07.2018 14.20.01 30.61129 297.2956 -52.0574 -0.2283 -7.1417 9.2178 324.3242 170.9988 376.3122 446.7231 -110.6047 0.0000 0.0000
3450.03 17.07.2018 14.30.01 30.60223 297.1721 -63.9705 -0.2806 -6.8341 8.7380 320.8011 169.0179 373.8442 444.4365 -110.4333 0.0000 0.0000
3460.03 17.07.2018 14.40.01 30.58602 297.0510 -64.0999 -0.2811 -6.5252 8.3254 318.9913 167.9123 371.4896 442.3219 -110.0476 0.0000 0.0000
3470.03 17.07.2018 14.50.01 30.56799 296.9280 -78.6255 -0.3448 -6.2374 7.8567 315.7814 166.0086 369.0672 440.1283 -109.2630 0.0000 0.0000
3480.03 17.07.2018 15.00.01 30.54193 296.8037 -93.6414 -0.4107 -5.9372 7.3686 311.3136 163.3669 366.5858 437.8541 -108.0444 0.0000 0.0000
3490.03 17.07.2018 15.10.01 30.50845 296.6068 -48.9394 -0.2146 -5.6257 7.2148 298.2105 156.1992 365.1941 435.9185 -104.8625 0.0000 0.0000
3500.03 17.07.2018 15.20.01 30.49359 296.4082 -49.3767 -0.2166 -5.4273 6.9476 283.7884 148.3260 363.7268 433.6517 -100.8535 0.0000 0.0000
3510.03 17.07.2018 15.30.01 30.47750 296.2048 -62.2049 -0.2728 -5.2418 6.6253 268.9333 140.2360 362.1338 431.2463 -96.5239 0.0000 0.0000
3520.03 17.07.2018 15.40.01 30.45468 296.0079 -62.7078 -0.2750 -5.0426 6.3568 254.6458 132.4721 360.6009 428.8538 -92.2915 0.0000 0.0000
3530.03 17.07.2018 15.50.01 30.43026 295.8067 -79.3509 -0.3480 -4.8582 6.0135 239.5977 124.3084 358.9675 426.3154 -87.7332 0.0000 0.0000
3540.03 17.07.2018 16.00.01 30.39736 295.6084 -87.6675 -0.3845 -4.6531 5.6915 224.7909 116.2736 357.3258 423.7346 -83.1867 0.0000 0.0000
3550.03 17.07.2018 16.10.01 30.35934 295.3454 -96.3158 -0.4224 -4.4482 5.3677 211.2066 108.9060 355.4372 420.9930 -79.5198 0.0000 0.0000
3560.03 17.07.2018 16.20.01 30.31588 295.0811 -97.3160 -0.4268 -4.2460 5.0922 198.4107 101.9740 353.5783 418.2755 -75.9801 0.0000 0.0000
3570.03 17.07.2018 16.30.01 30.27053 294.8242 -89.0908 -0.3907 -4.0622 4.8953 186.8283 95.7103 351.7905 415.6692 -72.5705 0.0000 0.0000
3580.03 17.07.2018 16.40.01 30.22836 294.5594 19.4623 0.0854 -3.9148 5.3336 180.7957 92.3699 349.9125 413.5537 -70.4845 0.0000 0.0000
3590.03 17.07.2018 16.50.01 30.23266 294.2973 67.4669 0.2959 -4.0223 5.7577 174.9223 89.1348 348.0304 411.4723 -68.3577 0.0000 0.0000
3600.03 17.07.2018 17.00.01 30.25741 294.0275 71.6168 0.3141 -4.2420 6.0748 167.8997 85.2913 346.0319 409.2639 -65.9550 0.0000 0.0000
3610.03 17.07.2018 17.10.01 30.28362 293.7460 56.5388 0.2480 -4.4763 6.2991 159.4901 80.8147 344.4629 407.1524 -63.2387 0.0000 0.0000
3620.03 17.07.2018 17.20.01 30.30255 293.4653 28.1584 0.1235 -4.6822 6.4076 150.2908 75.9518 342.8686 404.9605 -60.2818 0.0000 0.0000
3630.03 17.07.2018 17.30.01 30.30816 293.1816 -9.9277 -0.0435 -4.8329 6.3859 140.1375 70.6159 341.1916 402.6607 -57.0923 0.0000 0.0000
3640.03 17.07.2018 17.40.01 30.29583 292.8990 -58.3347 -0.2559 -4.9107 6.2065 127.6159 64.1713 339.5424 400.3089 -53.5851 0.0000 0.0000
3650.03 17.07.2018 17.50.01 30.26089 292.6136 -110.8635 -0.4862 -4.8962 5.8799 114.1694 57.2827 337.8607 397.8122 -49.7090 0.0000 0.0000
3660.03 17.07.2018 18.00.01 30.20117 292.3270 -159.7391 -0.7006 -4.7833 5.4436 100.2855 50.2150 336.1394 395.2381 -45.6581 0.0000 0.0000
3670.03 17.07.2018 18.10.01 30.11849 291.9830 -171.2692 -0.7512 -4.5824 5.1083 89.8451 44.8843 334.9521 392.9267 -41.2032 0.0000 0.0000
3680.03 17.07.2018 18.20.01 30.02911 291.6540 -194.1724 -0.8516 -4.3751 4.6979 77.6039 38.5296 333.8282 390.5487 -36.6680 0.0000 0.0000
3690.03 17.07.2018 18.30.01 29.92813 291.3311 -223.5574 -0.9805 -4.1335 4.2040 65.6914 32.4362 332.7270 388.2461 -32.5221 0.0000 0.0000
3700.03 17.07.2018 18.40.01 29.81146 291.0100 -384.6221 -1.6869 -3.8439 2.8760 48.3025 24.0081 331.6758 385.7662 -28.2048 0.0000 0.0000
3710.03 17.07.2018 18.50.01 29.62213 290.6879 -490.5409 -2.1515 -3.2196 1.4242 31.5069 16.0302 330.6045 383.2505 -24.0759 0.0000 0.0000
3720.03 17.07.2018 19.00.01 29.38513 290.3673 -407.3997 -1.7868 -2.3934 0.8087 16.2815 8.3619 329.5437 380.7071 -20.1736 0.0000 0.0000
3730.03 17.07.2018 19.10.01 29.18261 289.9709 -300.5887 -1.3184 -1.7867 0.6244 12.8283 6.5319 328.2937 378.1458 -18.9656 0.0000 0.0000
3740.03 17.07.2018 19.20.01 29.02477 289.5776 -240.3420 -1.0541 -1.4462 0.5228 10.6969 5.4303 327.1308 375.9233 -18.3689 0.0000 0.0000
3750.03 17.07.2018 19.30.01 28.89199 289.1850 -212.3881 -0.9315 -1.2578 0.4350 8.7286 4.4159 326.0032 373.8072 -17.9597 0.0000 0.0000
3760.03 17.07.2018 19.40.01 28.77020 288.7936 -229.1817 -1.0052 -1.1439 0.1849 5.7253 2.9666 324.8854 371.7340 -17.5914 0.0000 0.0000
3770.03 17.07.2018 19.50.01 28.64041 288.4014 -210.3097 -0.9224 -1.0038 0.1085 3.0374 1.5758 323.7607 369.7001 -17.3256 0.0000 0.0000
3780.03 17.07.2018 20.00.01 28.51806 288.0094 -203.7349 -0.8936 -0.9175 0.0319 0.3394 0.1787 322.6370 367.7017 -17.1070 0.0000 0.0000
3790.03 17.07.2018 20.10.01 28.39791 287.6165 -193.6354 -0.8493 -0.8536 0.0057 0.0610 0.0321 321.6757 366.0001 -16.5430 0.0000 0.0000
3800.03 17.07.2018 20.20.01 28.28201 287.2306 -185.6280 -0.8142 -0.8149 0.0010 0.0110 0.0058 320.7843 364.4347 -16.2776 0.0000 0.0000
3810.03 17.07.2018 20.30.01 28.16946 286.8507 -181.4092 -0.7957 -0.7958 0.0002 0.0020 0.0010 319.9382 362.9853 -16.0170 0.0000 0.0000
3820.03 17.07.2018 20.40.01 28.05868 286.4735 -179.5352 -0.7874 -0.7875 0.0000 0.0004 0.0002 319.1166 361.6081 -15.8433 0.0000 0.0000
3830.03 17.07.2018 20.50.01 27.94879 286.1000 -179.1440 -0.7857 -0.7857 0.0000 0.0001 0.0000 318.3042 360.2891 -15.7581 0.0000 0.0000
3840.03 17.07.2018 21.00.01 27.83892 285.7350 -179.2155 -0.7860 -0.7860 0.0000 0.0000 0.0000 317.4884 359.0518 -15.5653 0.0000 0.0000
3850.03 17.07.2018 21.10.01 27.72906 285.5522 -179.6080 -0.7878 -0.7878 0.0000 0.0000 0.0000 317.0985 357.9055 -15.3823 0.0000 0.0000
3860.03 17.07.2018 21.20.01 27.61849 285.3714 -179.6402 -0.7879 -0.7879 0.0000 0.0000 0.0000 316.7358 356.8258 -15.3204 0.0000 0.0000
3870.03 17.07.2018 21.30.01 27.50775 285.1913 -180.3389 -0.7910 -0.7910 0.0000 0.0000 0.0000 316.3412 355.7915 -15.2992 0.0000 0.0000
3880.03 17.07.2018 21.40.01 27.39694 285.0483 -180.7321 -0.7927 -0.7927 0.0000 0.0000 0.0000 316.1157 355.1816 -14.1321 0.0000 0.0000
3890.03 17.07.2018 21.50.01 27.28625 284.8906 -179.5013 -0.7873 -0.7873 0.0000 0.0000 0.0000 315.8194 354.4767 -13.4678 0.0000 0.0000
3900.03 17.07.2018 22.00.01 27.17648 284.7661 -177.9698 -0.7806 -0.7806 0.0000 0.0000 0.0000 315.5207 353.7590 -13.0550 0.0000 0.0000
3910.03 17.07.2018 22.10.01 27.06762 284.6914 -176.5511 -0.7743 -0.7743 0.0000 0.0000 0.0000 315.1903 353.0463 -12.8170 0.0000 0.0000
3920.03 17.07.2018 22.20.01 26.95938 284.5996 -176.6537 -0.7748 -0.7748 0.0000 0.0000 0.0000 314.8724 352.3349 -12.6693 0.0000 0.0000
3930.03 17.07.2018 22.30.01 26.85046 284.5035 -176.9371 -0.7760 -0.7760 0.0000 0.0000 0.0000 314.5580 351.6385 -12.5536 0.0000 0.0000
3940.03 17.07.2018 22.40.01 26.74151 284.4028 -177.8527 -0.7801 -0.7801 0.0000 0.0000 0.0000 314.2396 350.9610 -12.4125 0.0000 0.0000
3950.03 17.07.2018 22.50.01 26.63189 284.3002 -178.1633 -0.7814 -0.7814 0.0000 0.0000 0.0000 313.9136 350.2997 -12.2877 0.0000 0.0000
3960.03 17.07.2018 23.00.01 26.52203 284.1967 -178.3692 -0.7823 -0.7823 0.0000 0.0000 0.0000 313.5904 349.6562 -12.1742 0.0000 0.0000
3970.03 17.07.2018 23.10.01 26.41216 284.0731 -178.2543 -0.7818 -0.7818 0.0000 0.0000 0.0000 313.1976 349.0429 -11.9374 0.0000 0.0000
3980.03 17.07.2018 23.20.01 26.30303 283.9784 -177.6196 -0.7790 -0.7790 0.0000 0.0000 0.0000 312.7487 348.4015 -11.7604 0.0000 0.0000
3990.03 17.07.2018 23.30.01 26.19451 283.9109 -175.8347 -0.7712 -0.7712 0.0000 0.0000 0.0000 312.2811 347.8076 -11.5169 0.0000 0.0000
4000.03 17.07.2018 23.40.01 26.08703 283.7779 -175.1482 -0.7682 -0.7682 0.0000 0.0000 0.0000 311.8706 347.1746 -11.6840 0.0000 0.0000
4010.03 17.07.2018 23.50.01 25.97888 283.6242 -176.9876 -0.7763 -0.7763 0.0000 0.0000 0.0000 311.4923 346.4959 -12.0785 0.0000 0.0000
4020.03 18.07.2018 00.00.01 25.86907 283.4979 -180.3784 -0.7911 -0.7911 0.0000 0.0000 0.0000 311.1099 345.8362 -12.3781 0.0000 0.0000
4030.03 18.07.2018 00.10.01 25.75726 283.4674 -182.8832 -0.8021 -0.8021 0.0000 0.0000 0.0000 310.8178 345.4066 -11.5778 0.0000 0.0000
4040.03 18.07.2018 00.20.01 25.64489 283.4411 -182.3169 -0.7996 -0.7996 0.0000 0.0000 0.0000 310.4848 345.0125 -10.8157 0.0000 0.0000
4050.03 18.07.2018 00.30.01 25.53356 283.3910 -180.1955 -0.7903 -0.7903 0.0000 0.0000 0.0000 310.1238 344.5980 -10.3065 0.0000 0.0000
4060.03 18.07.2018 00.40.01 25.42349 283.2665 -179.3783 -0.7867 -0.7867 0.0000 0.0000 0.0000 309.7974 344.1157 -10.3647 0.0000 0.0000
4070.03 18.07.2018 00.50.01 25.31259 283.2560 -181.9066 -0.7978 -0.7978 0.0000 0.0000 0.0000 309.5606 343.6654 -10.2809 0.0000 0.0000
4080.03 18.07.2018 01.00.01 25.19985 283.2771 -184.9691 -0.8113 -0.8113 0.0000 0.0000 0.0000 309.3460 343.2065 -10.2444 0.0000 0.0000
4090.03 18.07.2018 01.10.01 25.08535 283.1392 -187.4860 -0.8223 -0.8223 0.0000 0.0000 0.0000 309.0549 342.6438 -10.5062 0.0000 0.0000
4100.03 18.07.2018 01.20.01 24.96975 282.9999 -188.5913 -0.8272 -0.8272 0.0000 0.0000 0.0000 308.7153 342.0727 -10.7266 0.0000 0.0000
4110.03 18.07.2018 01.30.01 24.85351 282.8655 -188.6872 -0.8276 -0.8276 0.0000 0.0000 0.0000 308.3544 341.5025 -10.8984 0.0000 0.0000
4120.03 18.07.2018 01.40.01 24.73760 282.7380 -188.4948 -0.8267 -0.8267 0.0000 0.0000 0.0000 308.0002 340.9843 -10.8304 0.0000 0.0000
4130.03 18.07.2018 01.50.01 24.62222 282.5328 -187.4386 -0.8221 -0.8221 0.0000 0.0000 0.0000 307.6098 340.3976 -11.0992 0.0000 0.0000
4140.03 18.07.2018 02.00.01 24.50738 282.3737 -187.0066 -0.8202 -0.8202 0.0000 0.0005 0.0002 307.1754 339.8344 -11.1128 0.0000 0.0000
4150.03 18.07.2018 02.10.01 24.39315 282.5087 -182.8397 -0.8019 -0.8107 0.0117 0.2834 0.1480 306.9412 339.6178 -9.7508 0.0000 0.0000
4160.03 18.07.2018 02.20.01 24.28173 282.6206 -177.5684 -0.7788 -0.7988 0.0266 0.6029 0.3152 306.7756 339.3958 -8.9334 0.0000 0.0000
4170.03 18.07.2018 02.30.01 24.17281 282.6951 -174.0704 -0.7635 -0.7950 0.0421 0.9280 0.4853 306.6715 339.1718 -8.4140 0.0000 0.0000
4180.03 18.07.2018 02.40.01 24.06539 282.7526 -172.8320 -0.7580 -0.8013 0.0576 1.2542 0.6560 306.6169 338.9487 -8.0768 0.0000 0.0000
4190.03 18.07.2018 02.50.01 23.95837 282.8403 -172.8061 -0.7579 -0.8128 0.0732 1.5806 0.8268 306.5719 338.7738 -7.6307 0.0000 0.0000
4200.03 18.07.2018 03.00.01 23.85128 282.9329 -172.7878 -0.7578 -0.8246 0.0890 1.9111 0.9998 306.5187 338.6298 -7.1576 0.0000 0.0000
4210.03 18.07.2018 03.10.01 23.74456 283.2643 -154.8680 -0.6792 -0.8339 0.2062 4.7016 2.4575 306.8386 339.0166 -5.5981 0.0000 0.0000
4220.03 18.07.2018 03.20.01 23.64636 283.6014 -138.9987 -0.6096 -0.8735 0.3518 7.8111 4.0847 307.3043 339.5947 -4.2596 0.0000 0.0000
4230.03 18.07.2018 03.30.01 23.55605 283.9405 -127.6371 -0.5598 -0.9363 0.5020 10.9688 5.7372 307.8411 340.2897 -3.0638 0.0000 0.0000
4240.03 18.07.2018 03.40.01 23.47183 284.2795 -119.0134 -0.5220 -1.0119 0.6532 14.1361 7.3947 308.4245 341.0782 -1.9926 0.0000 0.0000
4250.03 18.07.2018 03.50.01 23.39242 284.6176 -111.7695 -0.4902 -1.0936 0.8045 17.3051 9.0530 309.0412 341.9438 -1.0287 0.0000 0.0000
4260.03 18.07.2018 04.00.01 23.31710 284.9560 -105.2067 -0.4614 -1.1783 0.9559 20.4747 10.7118 309.6854 342.8773 -0.1535 0.0000 0.0000
4270.03 18.07.2018 04.10.01 23.24578 285.2848 -97.2657 -0.4266 -1.2649 1.1178 23.8996 12.5038 310.8275 343.9420 0.4501 0.0000 0.0000
4280.03 18.07.2018 04.20.01 23.17910 285.6116 -89.3188 -0.3917 -1.3537 1.2826 27.3575 14.3134 312.0155 345.0824 0.9408 0.0000 0.0000
4290.03 18.07.2018 04.30.01 23.11709 285.9329 -82.0403 -0.3598 -1.4458 1.4479 30.8204 16.1256 313.2160 346.2715 1.3279 0.0000 0.0000
4300.03 18.07.2018 04.40.01 23.05941 286.2601 -75.3121 -0.3303 -1.5403 1.6133 34.2843 17.9383 314.4404 347.5139 1.6477 0.0000 0.0000
4310.03 18.07.2018 04.50.01 23.00570 286.5934 -68.9217 -0.3023 -1.6363 1.7787 55.7705 28.7621 315.7045 349.1383 1.5233 0.0000 0.0000
4320.03 18.07.2018 05.00.01 22.95809 286.9410 154.6824 0.6784 -1.7329 3.2151 66.7095 33.8040 317.2626 351.5385 0.6512 0.0000 0.0000
4330.03 18.07.2018 05.10.01 23.02572 287.3967 1771.6266 7.7703 -2.3020 13.4297 212.8609 104.6530 318.8614 360.7890 -5.7613 0.0000 0.0000
4340.03 18.07.2018 05.20.01 23.80569 287.8608 2189.7314 9.6041 -6.3647 21.2917 322.6163 157.4675 322.1651 371.8176 -15.5968 0.0000 0.0000
4350.03 18.07.2018 05.30.01 24.78430 288.3816 2324.6780 10.1960 -11.1514 28.4631 411.8770 200.5751 326.3034 384.1869 -28.5413 0.0000 0.0000
4360.03 18.07.2018 05.40.01 25.81973 288.9573 566.5668 2.4849 -16.0309 24.6877 354.6660 173.7922 330.4800 390.3164 -34.9400 0.0000 0.0000
4370.03 18.07.2018 05.50.01 26.09500 289.5124 -239.4124 -1.0501 -16.8850 21.1133 406.1988 200.4962 332.7666 394.2251 -39.3827 0.0000 0.0000
4380.03 18.07.2018 06.00.01 26.01287 290.0621 -716.1211 -3.1409 -15.9877 17.1291 518.4920 257.9006 334.6107 401.5446 -48.9543 0.0000 0.0000
4390.03 18.07.2018 06.10.01 25.71542 290.4438 -851.1427 -3.7331 -14.1239 13.8544 487.4972 243.4893 335.9451 409.0339 -59.0829 0.0000 0.0000
4400.03 18.07.2018 06.20.01 25.35092 290.8321 -857.3638 -3.7604 -12.0631 11.0703 458.4787 229.8941 337.2757 413.5472 -64.6443 0.0000 0.0000
4410.03 18.07.2018 06.30.01 24.97701 291.2301 -831.9993 -3.6491 -10.0760 8.5691 431.2997 217.1849 338.9065 417.0512 -68.6103 0.0000 0.0000
4420.03 18.07.2018 06.40.01 24.60916 291.6439 -791.7324 -3.4725 -8.2110 6.3180 413.4778 209.1372 340.6752 419.9083 -71.2151 0.0000 0.0000
4430.03 18.07.2018 06.50.01 24.25878 292.0666 -418.2358 -1.8344 -6.4833 6.1986 411.4017 208.9285 342.6770 423.7359 -75.6063 0.0000 0.0000
4440.03 18.07.2018 07.00.01 24.07083 292.4603 -184.1651 -0.8077 -5.6077 6.3999 429.3595 220.4959 344.2621 429.6963 -82.8243 0.0000 0.0000
4450.03 18.07.2018 07.10.01 23.98678 292.7424 -28.1016 -0.1233 -5.2421 6.8251 428.3895 220.8240 345.9032 432.7712 -88.0078 0.0000 0.0000
4460.03 18.07.2018 07.20.01 23.97311 293.0138 55.8231 0.2448 -5.1993 7.2589 429.2751 222.2558 347.4420 435.4829 -92.8163 0.0000 0.0000
4470.03 18.07.2018 07.30.01 23.99868 293.2746 102.5625 0.4498 -5.3130 7.6837 428.6295 222.7740 348.9457 437.6029 -96.7001 0.0000 0.0000
4480.03 18.07.2018 07.40.01 24.04733 293.5225 134.4157 0.5895 -5.4989 8.1179 435.6443 227.3934 350.4093 439.8858 -100.6214 0.0000 0.0000
4490.03 18.07.2018 07.50.01 24.11257 293.7749 168.3649 0.7384 -5.7244 8.6171 441.2000 231.0866 352.0760 441.9970 -104.0872 0.0000 0.0000
4500.03 18.07.2018 08.00.01 24.19500 294.0073 171.7950 0.7535 -5.9940 8.9966 489.2044 260.3428 353.5346 450.0019 -114.6368 0.0000 0.0000
4510.03 18.07.2018 08.10.01 24.28152 294.1464 206.9671 0.9078 -6.2429 9.5342 469.0480 249.6907 355.0851 450.1619 -114.9196 0.0000 0.0000
4520.03 18.07.2018 08.20.01 24.38525 294.2535 204.2699 0.8959 -6.5448 9.9210 454.6604 242.6166 356.3214 450.4809 -114.7905 0.0000 0.0000
4530.03 18.07.2018 08.30.01 24.48965 294.3590 205.5776 0.9017 -6.8157 10.2898 428.4496 228.4619 357.4729 448.7160 -112.1730 0.0000 0.0000
4540.03 18.07.2018 08.40.01 24.59640 294.4522 199.2373 0.8738 -7.0663 10.5869 409.4379 218.1447 358.4361 446.9197 -109.3087 0.0000 0.0000
4550.03 18.07.2018 08.50.01 24.70226 294.5467 209.1482 0.9173 -7.2812 10.9314 390.1582 207.6306 359.4233 445.0116 -106.0657 0.0000 0.0000
4560.03 18.07.2018 09.00.01 24.81402 294.6351 207.8824 0.9118 -7.4966 11.2112 369.0773 196.0827 360.2865 442.7536 -102.0695 0.0000 0.0000
4570.03 18.07.2018 09.10.01 24.92654 294.7511 177.8724 0.7801 -7.6888 11.2920 366.6604 194.7673 361.3657 442.2934 -96.1898 0.0000 0.0000
4580.03 18.07.2018 09.20.01 25.02752 294.8881 184.5424 0.8094 -7.7947 11.4721 365.0291 193.8455 362.6585 442.4901 -91.6487 0.0000 0.0000
4590.03 18.07.2018 09.30.01 25.13290 295.0353 198.0801 0.8688 -7.8978 11.6887 363.6087 193.0223 364.0766 443.0370 -87.7677 0.0000 0.0000
4600.03 18.07.2018 09.40.01 25.24560 295.1871 205.4752 0.9012 -8.0129 11.8855 363.1027 192.6848 365.5099 443.8923 -84.3280 0.0000 0.0000
4610.03 18.07.2018 09.50.01 25.36300 295.3486 216.4863 0.9495 -8.1274 12.1025 362.6852 192.3850 367.0032 445.0037 -81.2351 0.0000 0.0000
4620.03 18.07.2018 10.00.01 25.48647 295.5134 223.4956 0.9802 -8.2500 12.3070 361.7688 191.7943 368.4955 446.2269 -78.3679 0.0000 0.0000
4630.03 18.07.2018 10.10.01 25.61428 295.7149 236.4486 1.0371 -8.3731 12.5469 372.4783 197.5155 370.6148 448.3873 -77.3243 0.0000 0.0000
4640.03 18.07.2018 10.20.01 25.74923 295.9285 266.7278 1.1699 -8.5106 12.9073 384.4117 203.8778 372.9460 451.0297 -78.3940 0.0000 0.0000
4650.03 18.07.2018 10.30.01 25.89858 296.1504 280.8278 1.2317 -8.6990 13.2410 395.8428 209.9589 375.2646 453.7025 -80.8248 0.0000 0.0000
4660.03 18.07.2018 10.40.01 26.05557 296.3462 297.6731 1.3056 -8.9026 13.6109 407.3973 216.0974 377.7650 456.8544 -82.7417 0.0000 0.0000
4670.03 18.07.2018 10.50.01 26.22201 296.4409 307.4236 1.3483 -9.1238 13.9629 418.5475 222.0069 380.1677 459.4627 -88.6043 0.0000 0.0000
4680.03 18.07.2018 11.00.01 26.39431 296.5540 315.5924 1.3842 -9.3499 14.3121 429.1774 227.6093 382.4779 461.5712 -95.1058 0.0000 0.0000
4690.03 18.07.2018 11.10.01 26.57070 296.6483 274.2182 1.2027 -9.5789 14.3755 409.6355 216.9881 382.9062 461.9728 -92.1740 0.0000 0.0000
4700.03 18.07.2018 11.20.01 26.72854 296.6793 196.6628 0.8626 -9.7096 14.0963 386.2272 204.3109 382.6586 461.0536 -88.0635 0.0000 0.0000
4710.03 18.07.2018 11.30.01 26.85153 296.6814 147.0483 0.6449 -9.6738 13.7583 362.3734 191.4124 382.0974 459.6051 -83.4996 0.0000 0.0000
4720.03 18.07.2018 11.40.01 26.95172 296.6780 119.0292 0.5221 -9.5406 13.4169 339.9894 179.3231 381.4098 457.9848 -78.5239 0.0000 0.0000
4730.03 18.07.2018 11.50.01 27.03842 296.6274 101.1203 0.4435 -9.3582 13.0690 317.7454 167.3225 380.5990 456.0224 -73.5545 0.0000 0.0000
4740.03 18.07.2018 12.00.01 27.11617 296.6011 89.6080 0.3930 -9.1491 12.7229 295.7796 155.4849 379.7350 453.8706 -68.4062 0.0000 0.0000
4750.03 18.07.2018 12.10.01 27.18737 296.7089 35.2542 0.1546 -8.9235 12.1042 296.3265 155.9265 378.7830 453.0937 -65.1417 0.0000 0.0000
4760.03 18.07.2018 12.20.01 27.23428 296.7860 48.6500 0.2134 -8.5887 11.7361 299.7717 157.9147 378.2233 452.8812 -64.9306 0.0000 0.0000
4770.03 18.07.2018 12.30.01 27.28640 296.7539 60.1610 0.2639 -8.2923 11.4083 303.6696 160.1428 377.7715 452.6505 -66.5638 0.0000 0.0000
4780.03 18.07.2018 12.40.01 27.34280 296.7531 63.9360 0.2804 -8.0329 11.0844 307.4592 162.2977 377.5006 453.3337 -64.5857 0.0000 0.0000
4790.03 18.07.2018 12.50.01 27.40014 296.8142 64.1554 0.2814 -7.7905 10.7625 311.0284 164.3189 377.2368 454.0503 -63.5510 0.0000 0.0000
4800.03 18.07.2018 13.00.01 27.45724 296.9198 74.1567 0.3252 -7.5559 10.5082 314.9464 166.4999 377.0928 454.7036 -63.5949 0.0000 0.0000
4810.03 18.07.2018 13.10.01 27.51873 297.0643 118.0703 0.5179 -7.3530 10.4945 303.7471 160.4522 378.8293 454.8907 -58.7381 0.0000 0.0000
4820.03 18.07.2018 13.20.01 27.59908 297.4029 110.0381 0.4826 -7.2453 10.3039 290.5476 153.3402 380.1873 454.1552 -56.9181 0.0000 0.0000
4830.03 18.07.2018 13.30.01 27.67617 297.5715 99.9177 0.4382 -7.1175 10.0743 277.0276 146.0661 381.1747 452.5385 -59.1486 0.0000 0.0000
4840.03 18.07.2018 13.40.01 27.74813 297.6259 90.7039 0.3978 -6.9753 9.8309 263.4385 138.7645 382.4561 452.2648 -55.4988 0.0000 0.0000
4850.03 18.07.2018 13.50.01 27.81567 297.4383 85.0609 0.3731 -6.8178 9.5878 250.0248 131.5679 383.5837 450.8644 -56.9326 0.0000 0.0000
4860.03 18.07.2018 14.00.01 27.88009 297.2615 81.1478 0.3559 -6.6557 9.3489 236.7472 124.4505 384.5762 448.9632 -58.6801 0.0000 0.0000
4870.03 18.07.2018 14.10.01 27.94122 297.2488 15.1586 0.0665 -6.4925 8.7453 215.5161 113.2101 383.1190 446.4412 -51.8853 0.0000 0.0000
4880.03 18.07.2018 14.20.01 27.97167 297.1642 -39.6297 -0.1738 -6.2024 8.0381 193.3450 101.4858 381.2725 443.1771 -46.9048 0.0000 0.0000
4890.03 18.07.2018 14.30.01 27.97552 297.0707 -73.6116 -0.3229 -5.8217 7.3317 171.4548 89.9298 379.2544 439.6613 -42.7458 0.0000 0.0000
4900.03 18.07.2018 14.40.01 27.96182 296.9461 -96.0232 -0.4212 -5.3978 6.6355 149.3893 78.3022 377.2554 436.2147 -37.8057 0.0000 0.0000
4910.03 18.07.2018 14.50.01 27.93563 296.8567 -117.3669 -0.5148 -4.9542 5.9193 127.3740 66.7197 375.1914 432.6143 -33.0813 0.0000 0.0000
4920.03 18.07.2018 15.00.01 27.89785 296.6460 -134.4305 -0.5896 -4.4927 5.2041 105.7304 55.3580 373.0547 428.6540 -29.4217 0.0000 0.0000
4930.03 18.07.2018 15.10.01 27.85092 296.4777 -97.2094 -0.4264 -4.0281 4.8023 99.5451 52.0974 369.9491 425.4719 -27.5970 0.0000 0.0000
4940.03 18.07.2018 15.20.01 27.81927 296.2015 -50.9092 -0.2233 -3.6699 4.5955 95.6297 50.0487 367.0214 422.3997 -27.5806 0.0000 0.0000
4950.03 18.07.2018 15.30.01 27.80618 295.9089 -28.1539 -0.1235 -3.4383 4.4198 92.0230 48.1608 364.1569 419.3164 -27.9409 0.0000 0.0000
4960.03 18.07.2018 15.40.01 27.80154 295.6179 -20.0669 -0.0880 -3.2755 4.2500 88.4823 46.3079 361.4021 416.5894 -27.0170 0.0000 0.0000
4970.03 18.07.2018 15.50.01 27.79934 295.3349 -19.3148 -0.0847 -3.1457 4.0814 84.9524 44.4606 358.6603 413.9662 -25.7975 0.0000 0.0000
4980.03 18.07.2018 16.00.01 27.79626 295.0933 -22.5774 -0.0990 -3.0337 3.9130 81.4431 42.6239 355.9221 411.4750 -24.1652 0.0000 0.0000
4990.03 18.07.2018 16.10.01 27.79067 295.3130 -16.3149 -0.0716 -2.9287 3.8095 88.7758 46.3102 355.7531 410.2798 -20.1809 0.0000 0.0000
5000.03 18.07.2018 16.20.01 27.78759 295.5455 11.2726 0.0494 -2.8412 3.8542 97.2899 50.5923 356.0864 409.8888 -17.7999 0.0000 0.0000
5010.03 18.07.2018 16.30.01 27.79672 295.7743 29.4135 0.1290 -2.8136 3.9235 105.4209 54.6249 356.6607 409.8821 -16.1148 0.0000 0.0000
5020.03 18.07.2018 16.40.01 27.81454 296.0174 79.1093 0.3470 -2.8224 4.2258 117.1194 60.4191 357.3535 410.5080 -14.9854 0.0000 0.0000
5030.03 18.07.2018 16.50.01 27.85500 296.2825 142.0613 0.6231 -2.9360 4.7454 130.1800 66.8660 358.1980 411.7008 -14.5799 0.0000 0.0000
5040.03 18.07.2018 17.00.01 27.92410 296.5550 201.4424 0.8835 -3.1794 5.4172 143.5752 73.4013 359.0605 413.2306 -14.6431 0.0000 0.0000
5050.03 18.07.2018 17.10.01 28.01959 296.3370 169.3081 0.7426 -3.5453 5.7172 138.3484 70.6815 358.9083 413.4963 -18.6875 0.0000 0.0000
5060.03 18.07.2018 17.20.01 28.10052 296.0087 99.8943 0.4381 -3.8413 5.7059 129.8699 66.2478 358.0481 412.3809 -22.3418 0.0000 0.0000
5070.03 18.07.2018 17.30.01 28.14974 295.6631 40.0506 0.1757 -3.9966 5.5631 120.4319 61.3396 356.8142 410.6822 -25.2024 0.0000 0.0000
5080.03 18.07.2018 17.40.01 28.17077 295.3110 -19.7094 -0.0864 -4.0409 5.2725 108.7794 55.3798 355.4913 408.6682 -26.9307 0.0000 0.0000
5090.03 18.07.2018 17.50.01 28.16332 294.9501 -76.8383 -0.3370 -3.9780 4.8547 96.3452 49.0475 354.0622 406.2926 -27.5500 0.0000 0.0000
5100.03 18.07.2018 18.00.01 28.12844 294.5791 -126.1133 -0.5531 -3.8168 4.3515 83.5985 42.5916 352.5979 403.6999 -27.3081 0.0000 0.0000
5110.03 18.07.2018 18.10.01 28.06967 294.2065 -140.1086 -0.6145 -3.5744 3.9465 73.4211 37.3490 350.6164 401.2687 -24.5438 0.0000 0.0000
5120.03 18.07.2018 18.20.01 28.00259 293.8469 -160.7548 -0.7051 -3.3270 3.4959 62.3038 31.5766 348.6329 398.6929 -21.8133 0.0000 0.0000
5130.03 18.07.2018 18.30.01 27.92455 293.4826 -184.2274 -0.8080 -3.0567 2.9983 51.3467 25.9364 346.6261 395.9653 -19.5152 0.0000 0.0000
5140.03 18.07.2018 18.40.01 27.83373 293.1317 -272.8472 -1.1967 -2.7553 2.0781 37.3949 19.0025 344.6253 393.0227 -17.0625 0.0000 0.0000
5150.03 18.07.2018 18.50.01 27.70226 292.7820 -323.0723 -1.4170 -2.2795 1.1500 23.8007 12.2896 342.5689 390.0132 -14.4942 0.0000 0.0000
5160.03 18.07.2018 19.00.01 27.54720 292.4378 -290.7960 -1.2754 -1.7190 0.5915 10.8788 5.7001 340.4858 386.9653 -11.8258 0.0000 0.0000
5170.03 18.07.2018 19.10.01 27.40499 292.2080 -215.3422 -0.9445 -1.2552 0.4143 8.2192 4.3034 340.4779 384.8297 -9.3598 0.0000 0.0000
5180.03 18.07.2018 19.20.01 27.29485 291.9970 -166.3013 -0.7294 -0.9709 0.3221 6.4788 3.3921 340.7298 383.1502 -7.8418 0.0000 0.0000
5190.03 18.07.2018 19.30.01 27.20590 291.7923 -140.8299 -0.6177 -0.8013 0.2448 4.8955 2.5634 341.0762 381.6368 -6.9594 0.0000 0.0000
5200.03 18.07.2018 19.40.01 27.12771 291.5805 -129.2796 -0.5670 -0.6948 0.1703 3.3414 1.7501 341.4752 380.2485 -6.4783 0.0000 0.0000
5210.03 18.07.2018 19.50.01 27.05404 291.3607 -125.1313 -0.5488 -0.6210 0.0963 1.7924 0.9395 341.9089 378.9518 -6.3060 0.0000 0.0000
5220.03 18.07.2018 20.00.01 26.98159 291.0589 -124.7861 -0.5473 -0.5641 0.0225 0.2466 0.1305 342.3799 377.7904 -6.1628 0.0000 0.0000
5230.03 18.07.2018 20.10.01 26.90911 291.0037 -115.5940 -0.5070 -0.5099 0.0039 0.0403 0.0211 344.3093 377.2449 -5.2403 0.0000 0.0000
5240.03 18.07.2018 20.20.01 26.84100 290.9257 -107.4983 -0.4715 -0.4720 0.0007 0.0077 0.0040 346.3649 376.8933 -4.8508 0.0000 0.0000
5250.03 18.07.2018 20.30.01 26.77676 290.8436 -102.2182 -0.4483 -0.4484 0.0001 0.0013 0.0007 348.4528 376.6253 -4.8746 0.0000 0.0000
5260.03 18.07.2018 20.40.01 26.71499 290.7686 -99.1407 -0.4348 -0.4348 0.0000 0.0002 0.0001 350.5667 376.4332 -5.1636 0.0000 0.0000
5270.03 18.07.2018 20.50.01 26.65463 290.6912 -97.5886 -0.4280 -0.4280 0.0000 0.0000 0.0000 352.7047 376.2970 -5.6804 0.0000 0.0000
5280.03 18.07.2018 21.00.01 26.59509 290.6131 -97.1110 -0.4259 -0.4259 0.0000 0.0000 0.0000 354.8541 376.2206 -6.3381 0.0000 0.0000
5290.03 18.07.2018 21.10.01 26.53558 290.5413 -96.6803 -0.4240 -0.4240 0.0000 0.0000 0.0000 354.6327 375.9816 -6.4127 0.0000 0.0000
5300.03 18.07.2018 21.20.01 26.47607 290.4640 -97.0138 -0.4255 -0.4255 0.0000 0.0000 0.0000 354.3299 375.6784 -6.4245 0.0000 0.0000
5310.03 18.07.2018 21.30.01 26.41610 290.3861 -98.0843 -0.4302 -0.4302 0.0000 0.0000 0.0000 354.0197 375.3579 -6.4232 0.0000 0.0000
5320.03 18.07.2018 21.40.01 26.35540 290.3079 -99.4850 -0.4363 -0.4363 0.0000 0.0000 0.0000 353.7098 375.0241 -6.4204 0.0000 0.0000
5330.03 18.07.2018 21.50.01 26.29382 290.2301 -100.8546 -0.4423 -0.4423 0.0000 0.0000 0.0000 353.3987 374.6804 -6.4101 0.0000 0.0000
5340.03 18.07.2018 22.00.01 26.23147 290.1509 -102.2155 -0.4483 -0.4483 0.0000 0.0000 0.0000 353.0865 374.3274 -6.4045 0.0000 0.0000
5350.03 18.07.2018 22.10.01 26.16830 290.1019 -103.3385 -0.4532 -0.4532 0.0000 0.0000 0.0000 352.1739 373.9234 -6.1941 0.0000 0.0000
5360.03 18.07.2018 22.20.01 26.10436 290.0507 -104.5003 -0.4583 -0.4583 0.0000 0.0000 0.0000 351.2393 373.4798 -5.9820 0.0000 0.0000
5370.03 18.07.2018 22.30.01 26.03967 289.9978 -105.8686 -0.4643 -0.4643 0.0000 0.0000 0.0000 350.2973 373.0125 -5.7640 0.0000 0.0000
5380.03 18.07.2018 22.40.01 25.97415 289.9368 -107.1578 -0.4700 -0.4700 0.0000 0.0000 0.0000 349.3543 372.5185 -5.5710 0.0000 0.0000
5390.03 18.07.2018 22.50.01 25.90783 289.8749 -108.4347 -0.4756 -0.4756 0.0000 0.0000 0.0000 348.4112 372.0082 -5.3738 0.0000 0.0000
5400.03 18.07.2018 23.00.01 25.84081 289.8116 -109.7223 -0.4812 -0.4812 0.0000 0.0000 0.0000 347.4673 371.4840 -5.1748 0.0000 0.0000
5410.03 18.07.2018 23.10.01 25.77307 289.6305 -110.9739 -0.4867 -0.4867 0.0000 0.0000 0.0000 346.3426 370.8110 -5.4375 0.0000 0.0000
5420.03 18.07.2018 23.20.01 25.70440 289.4331 -112.5196 -0.4935 -0.4935 0.0000 0.0000 0.0000 345.1867 370.0806 -5.7215 0.0000 0.0000
5430.03 18.07.2018 23.30.01 25.63470 289.2336 -114.2103 -0.5009 -0.5009 0.0000 0.0000 0.0000 344.0186 369.3211 -5.9759 0.0000 0.0000
5440.03 18.07.2018 23.40.01 25.56390 289.0267 -116.0389 -0.5089 -0.5089 0.0000 0.0000 0.0000 342.8395 368.5335 -6.2286 0.0000 0.0000
5450.03 18.07.2018 23.50.01 25.49197 288.8272 -117.9328 -0.5172 -0.5172 0.0000 0.0000 0.0000 341.6585 367.7305 -6.4258 0.0000 0.0000
5460.03 19.07.2018 00.00.01 25.41897 288.6414 -119.7427 -0.5252 -0.5252 0.0000 0.0000 0.0000 340.4740 366.9238 -6.5470 0.0000 0.0000
5470.03 19.07.2018 00.10.01 25.34490 288.4478 -121.4870 -0.5328 -0.5328 0.0000 0.0000 0.0000 339.5520 366.1419 -6.6985 0.0000 0.0000
5480.03 19.07.2018 00.20.01 25.26983 288.3111 -122.7705 -0.5385 -0.5385 0.0000 0.0000 0.0000 338.6595 365.4243 -6.6288 0.0000 0.0000
5490.03 19.07.2018 00.30.01 25.19396 288.1469 -123.5637 -0.5419 -0.5419 0.0000 0.0000 0.0000 337.7653 364.6781 -6.6903 0.0000 0.0000
5500.03 19.07.2018 00.40.01 25.11767 287.9639 -124.6762 -0.5468 -0.5468 0.0000 0.0000 0.0000 336.8591 363.9080 -6.8308 0.0000 0.0000
5510.03 19.07.2018 00.50.01 25.04077 287.7653 -125.8703 -0.5521 -0.5521 0.0000 0.0000 0.0000 335.9467 363.1181 -7.0311 0.0000 0.0000
5520.03 19.07.2018 01.00.01 24.96295 287.5604 -127.1486 -0.5577 -0.5577 0.0000 0.0000 0.0000 335.0310 362.3157 -7.2509 0.0000 0.0000
5530.03 19.07.2018 01.10.01 24.88433 287.4808 -128.4440 -0.5634 -0.5634 0.0000 0.0000 0.0000 334.8980 361.6946 -7.1821 0.0000 0.0000
5540.03 19.07.2018 01.20.01 24.80499 287.4511 -129.1299 -0.5664 -0.5664 0.0000 0.0000 0.0000 334.8145 361.1573 -7.0593 0.0000 0.0000
5550.03 19.07.2018 01.30.01 24.72537 287.4762 -129.6766 -0.5688 -0.5688 0.0000 0.0000 0.0000 334.7523 360.7044 -6.8223 0.0000 0.0000
5560.03 19.07.2018 01.40.01 24.64559 287.4827 -130.4435 -0.5721 -0.5721 0.0000 0.0000 0.0000 334.7083 360.2854 -6.6289 0.0000 0.0000
5570.03 19.07.2018 01.50.01 24.56503 287.0579 -130.6656 -0.5731 -0.5731 0.0000 0.0000 0.0000 334.6326 359.5191 -8.0918 0.0000 0.0000
5580.03 19.07.2018 02.00.01 24.48400 286.8550 -132.9624 -0.5832 -0.5832 0.0000 0.0003 0.0002 334.5232 358.8600 -8.6764 0.0000 0.0000
5590.03 19.07.2018 02.10.01 24.40179 287.1143 -132.0928 -0.5794 -0.5859 0.0087 0.2103 0.1098 333.8817 358.7436 -6.8399 0.0000 0.0000
5600.03 19.07.2018 02.20.01 24.32104 287.1061 -129.1037 -0.5662 -0.5811 0.0197 0.4473 0.2339 333.1844 358.4197 -6.3088 0.0000 0.0000
5610.03 19.07.2018 02.30.01 24.24178 286.9356 -126.9166 -0.5567 -0.5801 0.0312 0.6885 0.3601 332.3883 357.8928 -6.2938 0.0000 0.0000
5620.03 19.07.2018 02.40.01 24.16396 286.8748 -125.3268 -0.5497 -0.5818 0.0428 0.9305 0.4867 331.6088 357.4211 -5.9756 0.0000 0.0000
5630.03 19.07.2018 02.50.01 24.08709 286.7154 -123.2230 -0.5405 -0.5812 0.0543 1.1727 0.6135 330.8383 356.7970 -6.3039 0.0000 0.0000
5640.03 19.07.2018 03.00.01 24.01113 286.5630 -121.4958 -0.5329 -0.5825 0.0661 1.4207 0.7432 330.0376 356.1419 -6.8195 0.0000 0.0000
5650.03 19.07.2018 03.10.01 23.93612 286.5788 -96.6021 -0.4237 -0.5901 0.2219 5.1583 2.6955 329.6293 356.0431 -6.4679 0.0000 0.0000
5660.03 19.07.2018 03.20.01 23.87222 286.6052 -77.1301 -0.3383 -0.6516 0.4178 9.3484 4.8882 329.3733 356.1489 -6.2862 0.0000 0.0000
5670.03 19.07.2018 03.30.01 23.81729 286.6449 -65.2285 -0.2861 -0.7514 0.6204 13.6068 7.1166 329.1793 356.3722 -6.1598 0.0000 0.0000
5680.03 19.07.2018 03.40.01 23.76812 286.6836 -57.6391 -0.2528 -0.8710 0.8243 17.8789 9.3523 329.0138 356.6809 -6.1201 0.0000 0.0000
5690.03 19.07.2018 03.50.01 23.72271 286.7349 -52.2932 -0.2294 -1.0007 1.0284 22.1533 11.5891 328.8640 357.0700 -6.1131 0.0000 0.0000
5700.03 19.07.2018 04.00.01 23.68026 286.7908 -48.2578 -0.2117 -1.1363 1.2328 26.4340 13.8293 328.7310 357.5210 -6.1724 0.0000 0.0000
5710.03 19.07.2018 04.10.01 23.64037 287.1105 -19.5118 -0.0856 -1.2731 1.5834 34.2592 17.9206 329.2550 358.5877 -5.5480 0.0000 0.0000
5720.03 19.07.2018 04.20.01 23.61431 287.4362 4.8573 0.0213 -1.4598 1.9748 42.5438 22.2560 329.9785 359.9188 -5.2572 0.0000 0.0000
5730.03 19.07.2018 04.30.01 23.60024 287.7723 22.0831 0.0969 -1.6829 2.3730 50.8978 26.6278 330.7950 361.4225 -5.1338 0.0000 0.0000
5740.03 19.07.2018 04.40.01 23.59521 288.1161 35.1152 0.1540 -1.9253 2.7724 59.2658 31.0069 331.6709 363.0702 -5.1467 0.0000 0.0000
5750.03 19.07.2018 04.50.01 23.59731 288.4682 45.8211 0.2010 -2.1781 3.1721 73.1204 38.1293 332.5947 364.9547 -5.3800 0.0000 0.0000
5760.03 19.07.2018 05.00.01 23.60632 288.8367 123.4677 0.5415 -2.4363 3.9704 84.0459 43.6275 333.6397 367.1894 -5.9281 0.0000 0.0000
5770.03 19.07.2018 05.10.01 23.65417 289.2111 474.8801 2.0828 -2.8456 6.5712 123.1241 62.8875 334.6757 370.8563 -8.3290 0.0000 0.0000
5780.03 19.07.2018 05.20.01 23.85793 289.6345 554.3808 2.4315 -3.9973 8.5717 153.6392 77.8912 336.0659 374.8928 -10.9161 0.0000 0.0000
5790.03 19.07.2018 05.30.01 24.10131 290.0768 583.2433 2.5581 -5.2663 10.4325 180.0716 90.9881 337.6602 379.3102 -13.9048 0.0000 0.0000
5800.03 19.07.2018 05.40.01 24.35760 290.5457 179.5782 0.7876 -6.5398 9.7700 171.2384 87.1696 339.2908 382.4134 -15.0089 0.0000 0.0000
5810.03 19.07.2018 05.50.01 24.43990 290.7528 -34.4752 -0.1512 -6.8785 8.9697 183.0057 93.5615 340.5216 384.8869 -15.6412 0.0000 0.0000
5820.03 19.07.2018 06.00.01 24.42843 291.1176 -108.6420 -0.4765 -6.7451 8.3581 202.0476 103.5363 341.6253 387.9029 -17.1434 0.0000 0.0000
5830.03 19.07.2018 06.10.01 24.38442 291.4772 -38.7101 -0.1698 -6.4597 8.3865 220.5989 112.9261 343.0297 391.5580 -17.8882 0.0000 0.0000
5840.03 19.07.2018 06.20.01 24.37032 291.9634 -24.8527 -0.1090 -6.3324 8.2979 238.9435 122.2776 344.7108 396.0282 -17.1862 0.0000 0.0000
5850.03 19.07.2018 06.30.01 24.36260 292.3188 -55.9902 -0.2456 -6.2284 7.9771 256.4902 131.3265 346.4414 399.6339 -23.7885 0.0000 0.0000
5860.03 19.07.2018 06.40.01 24.34121 292.8331 -106.1720 -0.4657 -6.0503 7.4462 265.3160 136.0979 348.4813 404.0473 -20.8162 0.0000 0.0000
5870.03 19.07.2018 06.50.01 24.29968 293.0819 -9.8986 -0.0434 -5.7518 7.6112 279.7809 143.7284 350.4989 408.6422 -23.3692 0.0000 0.0000
5880.03 19.07.2018 07.00.01 24.30053 293.3443 49.1051 0.2154 -5.6676 7.8439 303.6436 156.9478 352.2765 414.3631 -30.4320 0.0000 0.0000
5890.03 19.07.2018 07.10.01 24.32833 293.5743 110.7509 0.4857 -5.7036 8.2525 311.1468 161.2209 353.9686 419.2818 -33.7071 0.0000 0.0000
5900.03 19.07.2018 07.20.01 24.38455 293.7299 134.4013 0.5895 -5.8588 8.5977 318.0413 165.1762 355.3367 422.3618 -44.9821 0.0000 0.0000
5910.03 19.07.2018 07.30.01 24.45254 293.7444 154.0225 0.6755 -6.0508 8.9685 325.7003 169.5704 356.3975 424.5320 -56.6759 0.0000 0.0000
5920.03 19.07.2018 07.40.01 24.53008 294.3769 164.4138 0.7211 -6.2738 9.3266 337.0487 176.0865 358.1621 431.7150 -34.7729 0.0000 0.0000
5930.03 19.07.2018 07.50.01 24.61416 294.6253 177.2656 0.7775 -6.4915 9.6920 346.3673 181.3786 359.5308 434.7036 -53.9427 0.0000 0.0000
5940.03 19.07.2018 08.00.01 24.70577 294.4319 185.1611 0.8121 -6.7158 10.0372 380.5426 201.5991 360.1650 438.9660 -78.3142 0.0000 0.0000
5950.03 19.07.2018 08.10.01 24.80178 294.6623 176.0511 0.7722 -6.9447 10.2892 400.9953 212.7145 360.9615 442.3595 -79.1370 0.0000 0.0000
5960.03 19.07.2018 08.20.01 24.89526 294.9178 188.9324 0.8287 -7.1353 10.6186 429.8528 228.8128 362.1068 447.5742 -82.0758 0.0000 0.0000
5970.03 19.07.2018 08.30.01 24.99606 295.1832 207.4208 0.9097 -7.3330 10.9903 452.2310 240.9910 363.4542 452.1979 -84.8415 0.0000 0.0000
5980.03 19.07.2018 08.40.01 25.10681 295.4423 220.0674 0.9652 -7.5475 11.3503 471.6662 251.5819 364.8419 456.8503 -87.7429 0.0000 0.0000
5990.03 19.07.2018 08.50.01 25.22503 295.6940 219.4934 0.9627 -7.7643 11.6360 490.1600 261.6646 366.1095 461.4219 -90.7954 0.0000 0.0000
6000.03 19.07.2018 09.00.01 25.34509 295.9533 230.8245 1.0124 -7.9544 11.9557 508.5661 271.6708 367.4143 466.1046 -94.0597 0.0000 0.0000
6010.03 19.07.2018 09.10.01 25.47231 296.2188 262.6386 1.1519 -8.1438 12.3943 512.9898 274.0700 369.2199 470.3318 -93.5064 0.0000 0.0000
6020.03 19.07.2018 09.20.01 25.61541 296.4844 260.3716 1.1420 -8.3755 12.6900 515.3449 275.3376 370.8664 474.0679 -91.8152 0.0000 0.0000
6030.03 19.07.2018 09.30.01 25.75988 296.7374 269.2762 1.1810 -8.5734 13.0060 517.6885 276.5836 372.4662 477.4848 -92.1033 0.0000 0.0000
6040.03 19.07.2018 09.40.01 25.91039 296.9828 270.7375 1.1874 -8.7643 13.2691 520.4278 278.0278 373.9940 480.8233 -91.0319 0.0000 0.0000
6050.03 19.07.2018 09.50.01 26.06362 297.2299 283.4255 1.2431 -8.9322 13.5670 523.3306 279.5441 375.5884 484.1143 -89.9998 0.0000 0.0000
6060.03 19.07.2018 10.00.01 26.22451 297.4550 291.2183 1.2773 -9.1031 13.8405 525.1314 280.4191 377.0945 487.1183 -90.2307 0.0000 0.0000
6070.03 19.07.2018 10.10.01 26.39080 297.5076 308.7390 1.3541 -9.2655 14.1594 512.1529 273.2544 379.2680 488.1803 -82.5267 0.0000 0.0000
6080.03 19.07.2018 10.20.01 26.56637 298.6436 298.3971 1.3088 -9.4442 14.3373 497.2115 265.0200 381.3053 488.4145 -86.5578 0.0000 0.0000
6090.03 19.07.2018 10.30.01 26.73913 298.3850 285.1642 1.2507 -9.5739 14.4328 481.1550 256.1803 382.8265 484.7831 -104.3219 0.0000 0.0000
6100.03 19.07.2018 10.40.01 26.90786 298.4451 287.0134 1.2588 -9.6572 14.5548 467.9095 248.8604 385.1491 486.5665 -95.3620 0.0000 0.0000
6110.03 19.07.2018 10.50.01 27.07916 298.4865 290.0155 1.2720 -9.7258 14.6638 454.3626 241.3693 387.7087 487.3836 -92.5153 0.0000 0.0000
6120.03 19.07.2018 11.00.01 27.25289 298.4735 293.3425 1.2866 -9.7878 14.7659 440.3824 233.6249 389.5083 486.0813 -97.5547 0.0000 0.0000
6130.03 19.07.2018 11.10.01 27.42745 298.5500 196.7822 0.8631 -9.8459 14.2786 406.3933 215.3371 391.4068 484.4239 -84.3571 0.0000 0.0000
6140.03 19.07.2018 11.20.01 27.55926 298.7541 106.7756 0.4683 -9.6827 13.5347 369.5862 195.5561 392.2469 480.3348 -81.1935 0.0000 0.0000
6150.03 19.07.2018 11.30.01 27.65002 298.7548 50.6794 0.2223 -9.3385 12.7477 332.5613 175.6782 392.4856 474.5366 -84.8566 0.0000 0.0000
6160.03 19.07.2018 11.40.01 27.71334 298.5977 14.2563 0.0625 -8.9037 11.9549 297.2802 156.7621 393.3045 471.4517 -75.1725 0.0000 0.0000
6170.03 19.07.2018 11.50.01 27.75869 298.2769 -8.0435 -0.0353 -8.4097 11.1659 262.3540 138.0559 394.1795 467.2408 -70.9978 0.0000 0.0000
6180.03 19.07.2018 12.00.01 27.79229 297.9552 -24.4825 -0.1074 -7.8898 10.3766 227.8052 119.5735 394.7510 462.1660 -68.2595 0.0000 0.0000
6190.03 19.07.2018 12.10.01 27.81698 297.8779 9.4962 0.0416 -7.3650 9.8756 221.1524 116.0487 393.3506 458.6013 -63.6385 0.0000 0.0000
6200.03 19.07.2018 12.20.01 27.85510 297.8337 72.2692 0.3170 -6.9483 9.6871 218.1766 114.4894 392.4718 456.1379 -60.4036 0.0000 0.0000
6210.03 19.07.2018 12.30.01 27.91931 297.8016 107.2113 0.4702 -6.6918 9.5493 215.7652 113.2289 391.8363 454.1318 -57.7188 0.0000 0.0000
6220.03 19.07.2018 12.40.01 27.99786 297.7779 122.6911 0.5381 -6.5271 9.4203 213.4718 112.0290 391.3000 452.4509 -55.3657 0.0000 0.0000
6230.03 19.07.2018 12.50.01 28.08239 297.7551 128.1784 0.5622 -6.4084 9.2941 211.1858 110.8314 390.8046 450.9820 -53.3640 0.0000 0.0000
6240.03 19.07.2018 13.00.01 28.16851 297.7383 128.3055 0.5627 -6.3139 9.1688 208.8779 109.6176 390.3316 449.6925 -51.6191 0.0000 0.0000
6250.03 19.07.2018 13.10.01 28.25411 297.7861 159.2847 0.6986 -6.2330 9.2421 230.9479 121.4210 387.6340 449.1950 -54.8227 0.0000 0.0000
6260.03 19.07.2018 13.20.01 28.35238 297.8754 221.2385 0.9703 -6.2380 9.6111 256.0329 134.8060 385.3589 449.7488 -59.1099 0.0000 0.0000
6270.03 19.07.2018 13.30.01 28.47759 297.9916 256.5316 1.1251 -6.3924 10.0233 281.0498 148.1160 383.3256 450.7510 -63.8357 0.0000 0.0000
6280.03 19.07.2018 13.40.01 28.61819 298.1656 273.2611 1.1985 -6.6276 10.4349 306.4282 161.5826 381.3774 451.9587 -68.6830 0.0000 0.0000
6290.03 19.07.2018 13.50.01 28.76632 298.2947 282.7927 1.2403 -6.9000 10.8538 331.2722 174.7230 379.4807 453.2882 -74.5946 0.0000 0.0000
6300.03 19.07.2018 14.00.01 28.91870 298.4185 285.4119 1.2518 -7.1915 11.2577 354.9081 187.1540 377.6171 454.6740 -80.8135 0.0000 0.0000
6310.03 19.07.2018 14.10.01 29.07180 298.2889 243.5781 1.0683 -7.4865 11.4065 340.9876 179.6616 377.9692 455.3269 -80.7714 0.0000 0.0000
6320.03 19.07.2018 14.20.01 29.20532 298.1243 132.7684 0.5823 -7.6852 11.0234 321.0755 168.9829 377.5344 454.4839 -78.1178 0.0000 0.0000
6330.03 19.07.2018 14.30.01 29.28909 297.9681 65.7264 0.2883 -7.6496 10.5839 300.9204 158.2032 376.7850 453.1589 -74.6255 0.0000 0.0000
6340.03 19.07.2018 14.40.01 29.34158 297.8356 30.6686 0.1345 -7.4853 10.1598 280.6895 147.4106 375.9739 451.7588 -69.6975 0.0000 0.0000
6350.03 19.07.2018 14.50.01 29.37689 297.7312 12.7060 0.0557 -7.2651 9.7611 261.1675 137.0242 375.0077 449.9634 -65.1813 0.0000 0.0000
6360.03 19.07.2018 15.00.01 29.40249 297.5890 -8.7817 -0.0385 -7.0251 9.3155 241.3018 126.4663 373.8830 446.8665 -63.0912 0.0000 0.0000
6370.03 19.07.2018 15.10.01 29.41674 297.4197 -25.0557 -0.1099 -6.7631 8.8710 226.0934 118.3891 372.8109 444.1227 -59.6457 0.0000 0.0000
6380.03 19.07.2018 15.20.01 29.42297 297.2554 -26.5955 -0.1166 -6.4839 8.4897 211.8886 110.8653 371.7961 441.4496 -56.4893 0.0000 0.0000
6390.03 19.07.2018 15.30.01 29.42700 297.0938 -29.7619 -0.1305 -6.2207 8.1202 198.1063 103.5861 370.7743 438.8069 -53.3896 0.0000 0.0000
6400.03 19.07.2018 15.40.01 29.42816 296.9320 -35.3587 -0.1551 -5.9673 7.7496 183.8197 96.0700 369.7358 436.1456 -50.2420 0.0000 0.0000
6410.03 19.07.2018 15.50.01 29.42565 296.7731 -40.9915 -0.1798 -5.7184 7.3848 169.9788 88.8170 368.6898 433.5057 -47.0989 0.0000 0.0000
6420.03 19.07.2018 16.00.01 29.41940 296.6109 -48.4863 -0.2127 -5.4733 7.0142 156.4067 81.7278 367.6144 430.8593 -44.0057 0.0000 0.0000
6430.03 19.07.2018 16.10.01 29.40856 296.4982 -52.3716 -0.2297 -5.2281 6.6646 154.5278 80.6200 365.8981 428.5024 -42.0711 0.0000 0.0000
6440.03 19.07.2018 16.20.01 29.39489 296.3933 -30.1896 -0.1324 -4.9927 6.4803 154.3393 80.4002 364.4217 426.6035 -41.3718 0.0000 0.0000
6450.03 19.07.2018 16.30.01 29.38964 296.2941 -17.2663 -0.0757 -4.8228 6.3294 154.1708 80.1661 363.0909 424.8891 -40.7949 0.0000 0.0000
6460.03 19.07.2018 16.40.01 29.38934 296.1975 16.6958 0.0732 -4.6947 6.3573 156.4070 81.1336 361.7848 423.5062 -39.9955 0.0000 0.0000
6470.03 19.07.2018 16.50.01 29.40325 296.1004 54.9032 0.2408 -4.6530 6.5251 159.6208 82.5816 360.5300 422.3517 -40.0902 0.0000 0.0000
6480.03 19.07.2018 17.00.01 29.43344 296.0012 84.8661 0.3722 -4.7036 6.7678 162.9018 84.0151 359.2546 421.3073 -40.3676 0.0000 0.0000
6490.03 19.07.2018 17.10.01 29.47570 295.7793 28.6465 0.1256 -4.8268 6.6032 151.1139 77.8414 357.9715 419.6644 -39.1239 0.0000 0.0000
6500.03 19.07.2018 17.20.01 29.49224 295.5410 -39.4971 -0.1732 -4.8337 6.2140 136.9555 70.4171 356.3930 417.4299 -36.3162 0.0000 0.0000
6510.03 19.07.2018 17.30.01 29.47750 295.2980 -93.1693 -0.4086 -4.7057 5.7294 122.0592 62.6234 354.6437 414.9337 -33.1928 0.0000 0.0000
6520.03 19.07.2018 17.40.01 29.43734 295.0642 -140.2315 -0.6151 -4.4797 5.1528 105.7683 54.1671 352.8489 412.3152 -29.1042 0.0000 0.0000
6530.03 19.07.2018 17.50.01 29.37460 294.8365 -183.2475 -0.8037 -4.1729 4.4922 88.9602 45.4642 350.9938 409.4411 -25.4755 0.0000 0.0000
6540.03 19.07.2018 18.00.01 29.29070 294.6048 -219.2349 -0.9616 -3.7982 3.7822 71.9966 36.7046 349.1166 406.3459 -22.2182 0.0000 0.0000
6550.03 19.07.2018 18.10.01 29.18908 294.2661 -194.7813 -0.8543 -3.3741 3.3597 62.4832 31.7897 347.6867 403.6265 -20.0724 0.0000 0.0000
6560.03 19.07.2018 18.20.01 29.09588 293.9295 -184.4885 -0.8092 -3.0336 2.9659 52.9330 26.8297 346.3648 400.9491 -18.2490 0.0000 0.0000
6570.03 19.07.2018 18.30.01 29.00518 293.5945 -189.6015 -0.8316 -2.7394 2.5437 43.6348 22.0425 345.0756 398.3118 -16.5190 0.0000 0.0000
6580.03 19.07.2018 18.40.01 28.90991 293.2619 -258.1072 -1.1320 -2.4555 1.7645 31.8009 16.1610 343.8144 395.5603 -14.8131 0.0000 0.0000
6590.03 19.07.2018 18.50.01 28.78280 292.9279 -298.4492 -1.3090 -2.0429 0.9786 20.2702 10.4669 342.5440 392.7821 -13.0845 0.0000 0.0000
6600.03 19.07.2018 19.00.01 28.63625 292.5929 -271.0413 -1.1888 -1.5679 0.5055 9.3085 4.8772 341.2728 389.9718 -11.4193 0.0000 0.0000
6610.03 19.07.2018 19.10.01 28.50024 292.2386 -208.5808 -0.9148 -1.1810 0.3548 7.0423 3.6872 339.8599 387.5582 -10.3810 0.0000 0.0000
6620.03 19.07.2018 19.20.01 28.38998 291.8858 -170.2248 -0.7466 -0.9536 0.2760 5.5527 2.9073 338.5531 385.4216 -9.7199 0.0000 0.0000
6630.03 19.07.2018 19.30.01 28.29547 291.5315 -152.5108 -0.6689 -0.8263 0.2099 4.1961 2.1972 337.2932 383.3991 -9.2418 0.0000 0.0000
6640.03 19.07.2018 19.40.01 28.20782 291.1832 -145.8768 -0.6398 -0.7493 0.1460 2.8640 1.5001 336.0546 381.4604 -8.8819 0.0000 0.0000
6650.03 19.07.2018 19.50.01 28.12231 290.8322 -144.7725 -0.6350 -0.6969 0.0825 1.5363 0.8053 334.8254 379.5841 -8.6370 0.0000 0.0000
6660.03 19.07.2018 20.00.01 28.03655 290.4834 -146.4036 -0.6421 -0.6566 0.0192 0.2113 0.1119 333.6011 377.7615 -8.4695 0.0000 0.0000
6670.03 19.07.2018 20.10.01 27.94949 290.3096 -141.1977 -0.6193 -0.6218 0.0033 0.0345 0.0181 332.8326 376.2901 -7.7828 0.0000 0.0000
6680.03 19.07.2018 20.20.01 27.86419 290.1366 -137.8381 -0.6046 -0.6050 0.0006 0.0066 0.0035 332.1509 374.9499 -7.3032 0.0000 0.0000
6690.03 19.07.2018 20.30.01 27.77993 289.9683 -137.0535 -0.6011 -0.6012 0.0001 0.0011 0.0006 331.5038 373.6951 -6.9463 0.0000 0.0000
6700.03 19.07.2018 20.40.01 27.69570 289.7987 -137.9372 -0.6050 -0.6050 0.0000 0.0002 0.0001 330.8804 372.5081 -6.6986 0.0000 0.0000
6710.03 19.07.2018 20.50.01 27.61050 289.6283 -139.4697 -0.6117 -0.6117 0.0000 0.0000 0.0000 330.2781 371.3784 -6.5423 0.0000 0.0000
6720.03 19.07.2018 21.00.01 27.52413 289.4593 -141.4830 -0.6205 -0.6205 0.0000 0.0000 0.0000 329.6931 370.2989 -6.4516 0.0000 0.0000
6730.03 19.07.2018 21.10.01 27.43649 289.2498 -143.9145 -0.6312 -0.6312 0.0000 0.0000 0.0000 329.3647 369.2724 -6.5376 0.0000 0.0000
6740.03 19.07.2018 21.20.01 27.34731 289.0403 -146.2401 -0.6414 -0.6414 0.0000 0.0000 0.0000 329.0447 368.2886 -6.6787 0.0000 0.0000
6750.03 19.07.2018 21.30.01 27.25674 288.8297 -148.5566 -0.6516 -0.6516 0.0000 0.0000 0.0000 328.7319 367.3356 -6.8804 0.0000 0.0000
6760.03 19.07.2018 21.40.01 27.16473 288.6199 -150.8157 -0.6615 -0.6615 0.0000 0.0000 0.0000 328.4236 366.4138 -7.1060 0.0000 0.0000
6770.03 19.07.2018 21.50.01 27.07137 288.4088 -153.0201 -0.6711 -0.6711 0.0000 0.0000 0.0000 328.1219 365.5136 -7.3838 0.0000 0.0000
6780.03 19.07.2018 22.00.01 26.97665 288.1980 -155.1900 -0.6807 -0.6807 0.0000 0.0000 0.0000 327.8235 364.6368 -7.6774 0.0000 0.0000
6790.03 19.07.2018 22.10.01 26.88070 288.0013 -157.3050 -0.6899 -0.6899 0.0000 0.0000 0.0000 326.4361 363.6541 -7.7875 0.0000 0.0000
6800.03 19.07.2018 22.20.01 26.78335 287.7993 -159.4569 -0.6994 -0.6994 0.0000 0.0000 0.0000 325.0145 362.6217 -7.9114 0.0000 0.0000
6810.03 19.07.2018 22.30.01 26.68463 287.5892 -161.9578 -0.7103 -0.7103 0.0000 0.0000 0.0000 323.5868 361.5754 -7.9817 0.0000 0.0000
6820.03 19.07.2018 22.40.01 26.58434 287.3856 -164.4484 -0.7213 -0.7213 0.0000 0.0000 0.0000 322.1631 360.5169 -8.0590 0.0000 0.0000
6830.03 19.07.2018 22.50.01 26.48251 287.1787 -166.7914 -0.7315 -0.7315 0.0000 0.0000 0.0000 320.7404 359.4484 -8.1283 0.0000 0.0000
6840.03 19.07.2018 23.00.01 26.37936 286.9731 -169.1893 -0.7421 -0.7421 0.0000 0.0000 0.0000 319.3184 358.3761 -8.1741 0.0000 0.0000
6850.03 19.07.2018 23.10.01 26.27468 286.7635 -171.3452 -0.7515 -0.7515 0.0000 0.0000 0.0000 318.4283 357.3711 -8.2588 0.0000 0.0000
6860.03 19.07.2018 23.20.01 26.16876 286.6604 -173.4073 -0.7606 -0.7606 0.0000 0.0000 0.0000 317.5878 356.5237 -7.9441 0.0000 0.0000
6870.03 19.07.2018 23.30.01 26.06158 286.4867 -175.2929 -0.7688 -0.7688 0.0000 0.0000 0.0000 316.7448 355.6112 -7.9613 0.0000 0.0000
6880.03 19.07.2018 23.40.01 25.95339 286.2602 -176.7543 -0.7752 -0.7752 0.0000 0.0000 0.0000 315.8983 354.7023 -7.9431 0.0000 0.0000
6890.03 19.07.2018 23.50.01 25.84448 286.0085 -177.3672 -0.7779 -0.7779 0.0000 0.0000 0.0000 315.0331 353.7788 -7.9857 0.0000 0.0000
6900.03 20.07.2018 00.00.01 25.73550 285.7553 -177.6113 -0.7790 -0.7790 0.0000 0.0000 0.0000 314.1527 352.8665 -7.9967 0.0000 0.0000
6910.03 20.07.2018 00.10.01 25.62652 285.5916 -177.5882 -0.7789 -0.7789 0.0000 0.0000 0.0000 313.1485 351.9934 -7.8064 0.0000 0.0000
6920.03 20.07.2018 00.20.01 25.51754 285.4449 -178.1221 -0.7812 -0.7812 0.0000 0.0000 0.0000 312.1504 351.1422 -7.5811 0.0000 0.0000
6930.03 20.07.2018 00.30.01 25.40771 285.3013 -178.3009 -0.7820 -0.7820 0.0000 0.0000 0.0000 311.1558 350.3042 -7.3521 0.0000 0.0000
6940.03 20.07.2018 00.40.01 25.29785 285.1653 -179.0704 -0.7854 -0.7854 0.0000 0.0000 0.0000 310.1700 349.4799 -7.1270 0.0000 0.0000
6950.03 20.07.2018 00.50.01 25.18749 285.0172 -179.8187 -0.7887 -0.7887 0.0000 0.0000 0.0000 309.1905 348.6502 -6.9619 0.0000 0.0000
6960.03 20.07.2018 01.00.01 25.07672 284.8615 -180.7401 -0.7927 -0.7927 0.0000 0.0000 0.0000 308.2144 347.8177 -6.8280 0.0000 0.0000
6970.03 20.07.2018 01.10.01 24.96530 284.7096 -181.4328 -0.7958 -0.7958 0.0000 0.0000 0.0000 307.6561 347.0147 -6.9217 0.0000 0.0000
6980.03 20.07.2018 01.20.01 24.85360 284.5635 -182.3204 -0.7997 -0.7997 0.0000 0.0000 0.0000 307.1340 346.2431 -6.9890 0.0000 0.0000
6990.03 20.07.2018 01.30.01 24.74124 284.4103 -182.7200 -0.8014 -0.8014 0.0000 0.0000 0.0000 306.6053 345.4688 -7.1281 0.0000 0.0000
7000.03 20.07.2018 01.40.01 24.62866 284.2527 -183.1937 -0.8035 -0.8035 0.0000 0.0000 0.0000 306.0707 344.7054 -7.2411 0.0000 0.0000
7010.03 20.07.2018 01.50.01 24.51605 284.0937 -183.9195 -0.8067 -0.8067 0.0000 0.0000 0.0000 305.5368 343.9440 -7.3898 0.0000 0.0000
7020.03 20.07.2018 02.00.01 24.40270 283.9338 -184.1619 -0.8077 -0.8077 0.0000 0.0004 0.0002 305.0037 343.1961 -7.5076 0.0000 0.0000
7030.03 20.07.2018 02.10.01 24.28921 283.7851 -182.6802 -0.8012 -0.8086 0.0098 0.2377 0.1241 304.8779 342.5755 -7.4593 0.0000 0.0000
7040.03 20.07.2018 02.20.01 24.17663 283.6682 -181.2141 -0.7948 -0.8115 0.0223 0.5057 0.2644 304.7804 342.0277 -7.3578 0.0000 0.0000
7050.03 20.07.2018 02.30.01 24.06497 283.5524 -179.9895 -0.7894 -0.8159 0.0353 0.7783 0.4071 304.6930 341.5125 -7.2910 0.0000 0.0000
7060.03 20.07.2018 02.40.01 23.95397 283.4332 -178.9008 -0.7847 -0.8209 0.0483 1.0519 0.5502 304.6108 341.0244 -7.2398 0.0000 0.0000
7070.03 20.07.2018 02.50.01 23.84350 283.3083 -177.8518 -0.7801 -0.8261 0.0614 1.3256 0.6935 304.5289 340.5459 -7.2704 0.0000 0.0000
7080.03 20.07.2018 03.00.01 23.73373 283.1825 -177.1288 -0.7769 -0.8329 0.0747 1.6045 0.8394 304.4444 340.0885 -7.2939 0.0000 0.0000
7090.03 20.07.2018 03.10.01 23.62454 283.2338 -154.6897 -0.6785 -0.8383 0.2131 4.9174 2.5699 304.1495 339.9660 -6.9652 0.0000 0.0000
7100.03 20.07.2018 03.20.01 23.52572 283.2875 -136.6584 -0.5994 -0.8893 0.3865 8.6236 4.5093 303.9673 339.9911 -6.8314 0.0000 0.0000
7110.03 20.07.2018 03.30.01 23.43539 283.3418 -125.1721 -0.5490 -0.9733 0.5657 12.3893 6.4800 303.8359 340.1090 -6.7274 0.0000 0.0000
7120.03 20.07.2018 03.40.01 23.35073 283.3915 -117.5307 -0.5155 -1.0750 0.7460 16.1669 8.4568 303.7338 340.2781 -6.7720 0.0000 0.0000
7130.03 20.07.2018 03.50.01 23.27001 283.4361 -111.8495 -0.4906 -1.1854 0.9264 19.9465 10.4348 303.6503 340.4976 -6.8868 0.0000 0.0000
7140.03 20.07.2018 04.00.01 23.19244 283.4773 -107.2879 -0.4706 -1.3008 1.1069 23.7260 12.4126 303.5833 340.7715 -7.0115 0.0000 0.0000
7150.03 20.07.2018 04.10.01 23.11758 283.7764 -104.4489 -0.4581 -1.4147 1.2754 27.2140 14.2383 304.0416 341.4456 -5.8194 0.0000 0.0000
7160.03 20.07.2018 04.20.01 23.04540 284.1239 -99.6047 -0.4369 -1.5172 1.4405 30.6642 16.0438 304.5871 342.2546 -4.6487 0.0000 0.0000
7170.03 20.07.2018 04.30.01 22.97668 284.4696 -93.5674 -0.4104 -1.6142 1.6051 34.1087 17.8464 305.1551 343.1385 -3.6151 0.0000 0.0000
7180.03 20.07.2018 04.40.01 22.91183 284.8195 -87.1695 -0.3823 -1.7095 1.7695 37.5520 19.6484 305.7429 344.0920 -2.6864 0.0000 0.0000
7190.03 20.07.2018 04.50.01 22.85092 285.1652 -80.8645 -0.3547 -1.8051 1.9339 40.9952 21.4502 306.3551 345.1006 -1.8693 0.0000 0.0000
