# simtime date time IndoorTemp Av_Tair_at_facade Energyflux.toIndoor.sum  Energyflux.toIndoor.average Energyflux.Conduction.average Energyflux.SW.transmission.average Shortwave.availabe Shortwave.absorbed Longwave.available Longwave.emittedFacade Sensible.outside Vapour.fromGreening Vapour.fromSubstrate
10.02 15.07.2018 05.10.00 19.87353 288.5020 43.7280 0.1584 -0.2244 0.5104 357.5587 194.9935 324.8163 392.9607 -37.8872 0.0294 0.0000
20.02 15.07.2018 05.20.00 19.88473 289.3309 67.8038 0.2457 -0.3926 0.8511 620.1928 337.6172 328.5656 422.0670 -60.8035 0.0838 0.0000
30.03 15.07.2018 05.30.01 19.90930 290.2321 95.4066 0.3457 -0.5795 1.2336 826.6621 446.4780 333.0855 450.4257 -80.6306 0.1822 0.0000
40.03 15.07.2018 05.40.01 19.94921 291.1591 107.5153 0.3895 -0.7969 1.5819 763.4640 411.4777 337.8039 461.1785 -86.3572 0.2614 0.0000
50.03 15.07.2018 05.50.01 19.99554 291.7839 53.1816 0.1927 -1.0023 1.5933 692.6429 372.4284 340.0119 465.2000 -88.4691 0.3685 0.0000
60.03 15.07.2018 06.00.01 20.02157 292.2673 29.8564 0.1082 -1.0668 1.5666 606.6777 324.3519 342.2167 463.7156 -87.0775 0.4906 0.0000
70.03 15.07.2018 06.10.01 20.04009 292.4895 28.0835 0.1018 -1.0603 1.5495 450.4435 232.1470 343.6667 442.2716 -76.0826 0.7031 0.0000
80.03 15.07.2018 06.20.01 20.06011 292.6853 42.1421 0.1527 -1.0287 1.5752 429.3950 220.9825 345.2655 442.2658 -78.1816 0.9202 0.0000
90.03 15.07.2018 06.30.01 20.08822 292.9808 55.3585 0.2006 -1.0034 1.6053 409.6853 210.6160 347.2673 442.0907 -79.4247 1.2001 0.0000
100.03 15.07.2018 06.40.01 20.12417 293.3851 72.7135 0.2635 -0.9833 1.6623 396.3249 203.4047 350.2287 441.9032 -79.0777 1.5733 0.0000
110.03 15.07.2018 06.50.01 20.17242 293.8127 209.7586 0.7600 -0.9920 2.3360 388.4539 199.0082 352.9619 442.4487 -79.2368 2.1588 0.0000
120.03 15.07.2018 07.00.01 20.28060 294.0948 308.8632 1.1191 -1.2694 3.1846 381.7235 195.1706 354.7524 442.7297 -79.8266 2.7458 0.0000
130.03 15.07.2018 07.10.01 20.43221 294.3530 352.0334 1.2755 -1.7304 4.0078 378.8676 193.2437 356.3054 443.6068 -75.7981 3.3347 0.0000
140.03 15.07.2018 07.20.01 20.60385 294.6098 373.2114 1.3522 -2.2599 4.8161 395.1743 202.6541 357.9172 447.6077 -74.9450 3.9334 0.0000
150.03 15.07.2018 07.30.01 20.78597 294.8895 380.9279 1.3802 -2.8149 5.5934 395.5358 202.4041 359.6887 448.9835 -73.2905 4.5498 0.0000
160.03 15.07.2018 07.40.01 20.97268 295.1878 382.5563 1.3861 -3.3704 6.3420 382.7109 194.0266 361.4972 447.6387 -70.3193 5.1910 0.0000
170.03 15.07.2018 07.50.01 21.16110 295.4937 379.5470 1.3752 -3.9163 7.0554 386.4511 195.5784 363.4259 449.0559 -69.4210 5.8631 0.0000
180.03 15.07.2018 08.00.01 21.34890 295.8022 362.5816 1.3137 -4.4437 7.6766 389.4543 196.7894 365.3598 450.5696 -68.8359 6.5700 0.0000
190.03 15.07.2018 08.10.01 21.53042 296.0883 355.7700 1.2890 -4.9275 8.2887 392.4412 198.0102 367.4970 452.3948 -66.1582 7.3059 0.0000
200.03 15.07.2018 08.20.01 21.70938 296.0745 343.0646 1.2430 -5.3899 8.8438 394.8319 198.9378 369.3605 453.6670 -68.6761 8.0705 0.0000
210.03 15.07.2018 08.30.01 21.88342 296.2902 333.1203 1.2070 -5.8180 9.3665 397.3114 199.9568 371.4179 454.8115 -71.6653 8.8682 0.0000
220.03 15.07.2018 08.40.01 22.05364 296.6017 323.8013 1.1732 -6.2213 9.8593 400.1074 201.0950 373.9451 456.6999 -68.6192 9.6741 0.0000
230.03 15.07.2018 08.50.01 22.21996 296.9478 312.2967 1.1315 -6.6026 10.3122 402.5264 202.0643 376.7688 458.7817 -66.8078 10.4718 0.0000
240.03 15.07.2018 09.00.01 22.38143 297.2874 294.6538 1.0676 -6.9566 10.6989 404.6822 202.9817 379.8962 460.9382 -66.8809 11.2591 0.0000
250.03 15.07.2018 09.10.01 22.53533 297.6179 269.8969 0.9779 -7.2662 10.9921 404.6106 202.8012 380.7789 464.7738 -54.7611 12.0709 0.0000
260.03 15.07.2018 09.20.01 22.67944 297.7930 257.7047 0.9337 -7.5186 11.2697 405.2252 203.0676 381.2420 466.8667 -62.1798 12.9379 0.0000
270.03 15.07.2018 09.30.01 22.81848 298.0833 244.5591 0.8861 -7.7442 11.5070 405.6351 203.2634 381.5567 467.5351 -74.1264 13.8576 0.0000
280.03 15.07.2018 09.40.01 22.95202 298.7257 240.4058 0.8710 -7.9422 11.7509 407.2528 204.0549 384.8748 469.3344 -70.1270 14.7696 0.0000
290.03 15.07.2018 09.50.01 23.08370 299.2410 232.7047 0.8431 -8.1310 11.9656 408.8007 204.8532 389.6148 471.0962 -70.9104 15.6173 0.0000
300.03 15.07.2018 10.00.01 23.21169 299.4229 212.9041 0.7714 -8.3019 12.0977 409.3118 205.1734 394.9027 472.6552 -74.7942 16.2295 0.0000
310.03 15.07.2018 10.10.01 23.33196 299.6286 221.6810 0.8032 -8.4320 12.3136 409.4363 205.0145 396.1341 474.0693 -73.7752 16.7746 0.0000
320.03 15.07.2018 10.20.01 23.45602 299.8356 225.0551 0.8154 -8.5782 12.5248 410.1618 205.2152 398.1895 475.6353 -73.4839 17.2894 0.0000
330.03 15.07.2018 10.30.01 23.58141 299.9816 213.7634 0.7745 -8.7273 12.6691 409.1925 204.5055 399.5922 476.9121 -73.5667 17.7527 0.0000
340.03 15.07.2018 10.40.01 23.70251 300.1068 215.9083 0.7823 -8.8510 12.8443 409.8982 204.6985 400.7606 478.3367 -73.2664 18.1892 0.0000
350.03 15.07.2018 10.50.01 23.82430 300.2258 209.7847 0.7601 -8.9708 12.9745 409.5764 204.3533 401.3622 479.5715 -73.3839 19.0084 0.0000
360.03 15.07.2018 11.00.01 23.94369 300.3799 194.4134 0.7044 -9.0736 13.0373 408.6439 203.7488 401.7842 480.6838 -73.5475 19.8523 0.0000
370.03 15.07.2018 11.10.01 24.05673 300.5492 176.4419 0.6393 -9.1411 13.0405 406.4623 202.6188 403.2251 482.1353 -71.5691 20.6990 0.0000
380.03 15.07.2018 11.20.01 24.16235 300.8244 159.5415 0.5780 -9.1706 12.9982 403.2601 200.9619 405.2774 483.5921 -69.6353 21.4165 0.0000
390.03 15.07.2018 11.30.01 24.26119 300.9750 144.4582 0.5234 -9.1643 12.9170 399.3210 198.9350 405.8893 484.7248 -68.9283 22.0200 0.0000
400.03 15.07.2018 11.40.01 24.35366 301.1372 141.5375 0.5128 -9.1256 12.8512 396.6309 197.5455 406.3195 485.8969 -67.4460 22.6378 0.0000
410.03 15.07.2018 11.50.01 24.44473 301.2825 133.4435 0.4835 -9.0799 12.7512 393.1489 195.7628 406.7054 486.6606 -68.1148 23.2297 0.0000
420.03 15.07.2018 12.00.01 24.53228 301.4063 114.8306 0.4161 -9.0161 12.5762 388.6690 193.5077 406.9628 487.0825 -69.2052 23.7959 0.0000
430.03 15.07.2018 12.10.01 24.61193 301.4215 100.6811 0.3648 -8.9153 12.3734 384.1836 191.3788 407.5245 488.1321 -66.1001 24.3758 0.0000
440.03 15.07.2018 12.20.01 24.68524 301.3653 83.6235 0.3030 -8.7895 12.1233 379.0812 188.9580 407.8568 488.3457 -67.8655 24.9633 0.0000
450.03 15.07.2018 12.30.01 24.75094 301.4583 70.8017 0.2565 -8.6315 11.8507 374.1498 186.6782 406.9204 488.0827 -70.8455 25.5050 0.0000
460.03 15.07.2018 12.40.01 24.81115 301.3493 65.8346 0.2385 -8.4491 11.5835 369.6038 184.5663 401.4296 487.0927 -71.8789 26.5509 0.0000
470.03 15.07.2018 12.50.01 24.86935 301.0211 75.2579 0.2727 -8.2585 11.3750 367.8994 184.0627 397.6059 485.6376 -77.2398 28.2700 0.0000
480.03 15.07.2018 13.00.01 24.93051 301.0336 53.0587 0.1922 -8.0925 11.0464 363.0685 181.8845 396.2593 483.7257 -81.5687 30.3527 0.0000
490.03 15.07.2018 13.10.01 24.98187 301.0897 33.7597 0.1223 -7.8855 10.6771 355.7997 178.4561 395.8389 482.2537 -79.4894 32.4735 0.0000
500.03 15.07.2018 13.20.01 25.02462 301.1317 15.0510 0.0545 -7.6431 10.2635 347.2543 174.3347 395.3713 480.6796 -77.1244 34.5741 0.0000
510.03 15.07.2018 13.30.01 25.05898 301.1521 0.3821 0.0014 -7.3672 9.8247 338.1394 169.9125 394.8187 479.0246 -74.7611 36.6501 0.0000
520.03 15.07.2018 13.40.01 25.08669 301.1706 -6.7765 -0.0246 -7.0672 9.3901 329.4113 165.6749 394.2286 477.3796 -72.3221 38.6965 0.0000
530.03 15.07.2018 13.50.01 25.11080 301.1805 -10.7849 -0.0391 -6.7587 8.9595 321.1362 161.7022 393.6754 475.8216 -69.9727 40.7134 0.0000
540.03 15.07.2018 14.00.01 25.13247 301.1861 -26.4720 -0.0959 -6.4475 8.4687 311.7884 157.1861 393.0533 474.1956 -67.5521 42.6997 0.0000
550.03 15.07.2018 14.10.01 25.14654 301.1758 -74.6177 -0.2704 -6.1080 7.7835 296.6562 150.0455 393.2605 472.9242 -63.1465 44.6256 0.0000
560.03 15.07.2018 14.20.01 25.13976 301.1376 -104.5812 -0.3789 -5.6758 7.0625 279.6575 141.8401 393.1283 471.2012 -58.7274 46.4406 0.0000
570.03 15.07.2018 14.30.01 25.11971 301.1513 -110.5356 -0.4005 -5.1921 6.3888 263.6388 134.1424 393.0656 469.5380 -54.3894 48.1336 0.0000
580.03 15.07.2018 14.40.01 25.09619 301.2020 -105.8089 -0.3834 -4.7065 5.7641 248.4881 126.9240 393.3048 468.1170 -49.5443 49.6954 0.0000
590.03 15.07.2018 14.50.01 25.07385 301.2004 -106.4202 -0.3856 -4.2410 5.1406 232.2764 119.0646 393.4063 466.4153 -45.0421 51.1171 0.0000
600.03 15.07.2018 15.00.01 25.05029 301.1677 -105.7970 -0.3833 -3.7828 4.5327 216.1408 111.2189 393.3692 464.5752 -40.8420 52.3899 0.0000
610.03 15.07.2018 15.10.01 25.02642 301.0626 -72.9074 -0.2642 -3.3448 4.1075 210.0871 108.6380 392.3683 462.7955 -41.3614 52.9897 0.0000
620.03 15.07.2018 15.20.01 25.01644 300.8272 -47.0873 -0.1706 -2.9797 3.7455 202.0811 104.7759 391.1818 460.3545 -43.5248 53.5950 0.0000
630.03 15.07.2018 15.30.01 25.01644 300.7764 -34.6667 -0.1256 -2.6748 3.3990 194.1977 100.9527 390.2397 457.8218 -43.7535 54.2128 0.0000
640.03 15.07.2018 15.40.01 25.02114 300.6600 -24.8765 -0.0901 -2.4006 3.0806 186.6708 97.3247 389.4584 455.2643 -43.7625 54.8202 0.0000
650.03 15.07.2018 15.50.01 25.02944 300.5201 -20.2236 -0.0733 -2.1512 2.7705 182.3208 95.5745 388.5971 453.1055 -44.0103 55.4103 0.0000
660.03 15.07.2018 16.00.01 25.03927 300.3822 -17.5361 -0.0635 -1.9160 2.4699 181.2184 95.7307 387.6368 451.4770 -44.2603 55.9837 0.0000
670.03 15.07.2018 16.10.01 25.04965 300.2528 -24.0470 -0.0871 -1.6909 2.1384 172.3895 91.1811 385.5506 448.9365 -40.4881 56.5509 0.0000
680.03 15.07.2018 16.20.01 25.05682 300.1229 -25.7135 -0.0932 -1.4583 1.8202 164.2071 86.9693 383.4630 446.4569 -37.4051 57.1225 0.0000
690.03 15.07.2018 16.30.01 25.06274 299.9881 -21.4205 -0.0776 -1.2289 1.5351 156.6212 83.0718 381.4131 444.0163 -35.0178 57.6991 0.0000
700.03 15.07.2018 16.40.01 25.07015 299.8466 11.8770 0.0430 -1.0160 1.4120 146.2584 77.4120 379.3674 441.1551 -32.3821 58.2770 0.0000
710.03 15.07.2018 16.50.01 25.09060 299.6794 25.6140 0.0928 -0.8780 1.2944 139.2779 73.7731 377.3083 438.7173 -30.6151 58.8469 0.0000
720.03 15.07.2018 17.00.01 25.11630 299.4791 25.9641 0.0941 -0.7728 1.1558 131.4714 69.6731 375.5059 436.1451 -29.2040 59.3021 0.0000
730.03 15.07.2018 17.10.01 25.14187 299.2539 36.5520 0.1324 -0.6727 1.0735 125.2895 66.4268 373.9761 433.6690 -27.8376 59.7010 0.0000
740.03 15.07.2018 17.20.01 25.17141 299.0396 40.6089 0.1471 -0.5991 0.9950 118.1969 62.6282 372.5595 431.0983 -26.3826 60.0326 0.0000
750.03 15.07.2018 17.30.01 25.20211 298.8120 38.9675 0.1412 -0.5384 0.9061 113.0952 60.0410 370.9356 428.8297 -25.2488 60.3470 0.0000
760.03 15.07.2018 17.40.01 25.23171 298.5899 38.9151 0.1410 -0.4796 0.8275 111.0054 59.3092 369.4600 427.1226 -24.5505 60.6116 0.0000
770.03 15.07.2018 17.50.01 25.26074 298.3686 36.2583 0.1314 -0.4264 0.7437 103.7250 55.4719 367.8824 424.7428 -23.0900 60.8599 0.0000
780.03 15.07.2018 18.00.01 25.28805 298.1389 32.2639 0.1169 -0.3739 0.6545 97.7532 52.4283 366.2665 422.5288 -21.7903 61.0912 0.0000
790.03 15.07.2018 18.10.01 25.31304 297.6251 33.2035 0.1203 -0.3214 0.5890 85.6791 45.9085 364.5066 419.4009 -21.1660 61.3023 0.0000
800.03 15.07.2018 18.20.01 25.33730 297.1021 27.3946 0.0993 -0.2818 0.5081 75.1794 40.3579 362.6067 416.3266 -20.5103 61.4946 0.0000
810.03 15.07.2018 18.30.01 25.35815 296.5753 21.2596 0.0770 -0.2412 0.4243 70.6170 38.3742 360.6438 414.0197 -20.5121 61.6640 0.0000
820.03 15.07.2018 18.40.01 25.37542 296.0492 17.1238 0.0620 -0.1986 0.3475 52.6319 28.6311 358.6995 410.1288 -18.8872 61.8095 0.0000
830.03 15.07.2018 18.50.01 25.38992 295.5148 11.0771 0.0401 -0.1579 0.2640 33.8605 18.4266 356.8076 405.8897 -16.8970 61.9058 0.0000
840.03 15.07.2018 19.00.01 25.40087 294.9749 5.8570 0.0212 -0.1152 0.1818 15.0956 8.2223 354.7948 401.4685 -14.6600 61.9837 0.0000
850.03 15.07.2018 19.10.01 25.40872 294.3280 5.1387 0.0186 -0.0729 0.1220 12.1976 6.6483 352.8079 397.9852 -13.9865 62.0424 0.0000
860.03 15.07.2018 19.20.01 25.41516 293.6864 8.4350 0.0306 -0.0401 0.0943 10.3789 5.6709 350.9907 394.8914 -13.8260 62.0846 0.0000
870.03 15.07.2018 19.30.01 25.42190 293.0551 8.2357 0.0298 -0.0249 0.0730 8.6294 4.7250 349.2449 391.9509 -13.8452 62.1188 0.0000
880.03 15.07.2018 19.40.01 25.42761 292.4289 5.4587 0.0198 -0.0197 0.0526 5.9296 3.2499 347.5420 389.0708 -13.7088 62.1435 0.0000
890.03 15.07.2018 19.50.01 25.43121 291.7839 1.1967 0.0043 -0.0189 0.0310 3.1396 1.7225 345.8598 386.2342 -13.7417 62.1626 0.0000
900.03 15.07.2018 20.00.01 25.43206 291.1541 -3.4075 -0.0123 -0.0194 0.0094 0.2987 0.1644 344.1922 383.4715 -13.7953 62.1769 0.0000
910.03 15.07.2018 20.10.01 25.43017 290.7008 -5.4127 -0.0196 -0.0209 0.0017 0.0535 0.0295 342.5810 381.1306 -13.4106 62.1877 0.0000
920.03 15.07.2018 20.20.01 25.42639 290.2519 -7.3411 -0.0266 -0.0268 0.0003 0.0096 0.0053 341.0349 378.9486 -13.2153 62.1935 0.0000
930.03 15.07.2018 20.30.01 25.42089 289.8042 -10.6375 -0.0385 -0.0386 0.0001 0.0017 0.0010 339.5138 376.8700 -13.1611 62.1984 0.0000
940.03 15.07.2018 20.40.01 25.41314 289.3720 -14.7013 -0.0533 -0.0533 0.0000 0.0003 0.0002 338.0064 374.9080 -13.0442 62.2024 0.0000
950.03 15.07.2018 20.50.01 25.40273 288.9372 -19.1806 -0.0695 -0.0695 0.0000 0.0001 0.0000 336.4952 373.0136 -13.0527 62.2054 0.0000
960.03 15.07.2018 21.00.01 25.38949 288.5185 -23.8096 -0.0863 -0.0863 0.0000 0.0000 0.0000 335.0034 371.1849 -13.1097 62.2083 0.0000
970.03 15.07.2018 21.10.01 25.37341 288.3121 -28.3525 -0.1027 -0.1027 0.0000 0.0000 0.0000 333.7108 369.7850 -11.6946 62.2111 0.0000
980.03 15.07.2018 21.20.01 25.35470 288.0553 -32.6060 -0.1181 -0.1181 0.0000 0.0000 0.0000 332.3885 368.5543 -10.6023 62.2140 0.0000
990.03 15.07.2018 21.30.01 25.33309 287.8778 -37.4602 -0.1357 -0.1357 0.0000 0.0000 0.0000 331.4607 366.8936 -11.1301 62.2168 0.0000
1000.03 15.07.2018 21.40.01 25.30892 287.9259 -41.2169 -0.1493 -0.1493 0.0000 0.0000 0.0000 330.4743 366.0242 -8.9146 62.2193 0.0000
1010.03 15.07.2018 21.50.01 25.28231 287.0020 -45.6887 -0.1655 -0.1655 0.0000 0.0000 0.0000 328.8623 364.0146 -11.8446 62.2213 0.0000
1020.03 15.07.2018 22.00.01 25.25265 286.6651 -50.6788 -0.1836 -0.1836 0.0000 0.0000 0.0000 327.7134 362.2432 -13.7357 62.2232 0.0000
1030.03 15.07.2018 22.10.01 25.22012 286.5227 -55.1079 -0.1997 -0.1997 0.0000 0.0000 0.0000 326.9289 360.9694 -13.0775 62.2247 0.0000
1040.03 15.07.2018 22.20.01 25.18499 286.3940 -59.1192 -0.2142 -0.2142 0.0000 0.0000 0.0000 326.2524 359.7931 -12.4835 62.2261 0.0000
1050.03 15.07.2018 22.30.01 25.14749 286.2483 -62.8015 -0.2275 -0.2275 0.0000 0.0000 0.0000 325.5805 358.6782 -12.0875 62.2272 0.0000
1060.03 15.07.2018 22.40.01 25.10781 286.0980 -66.4518 -0.2408 -0.2408 0.0000 0.0000 0.0000 324.9267 357.6163 -11.7944 62.2283 0.0000
1070.03 15.07.2018 22.50.01 25.06591 285.9565 -69.8743 -0.2532 -0.2532 0.0000 0.0000 0.0000 324.2909 356.6150 -11.5282 62.2294 0.0000
1080.03 15.07.2018 23.00.01 25.02194 285.8166 -73.2030 -0.2652 -0.2652 0.0000 0.0000 0.0000 323.6727 355.6584 -11.3058 62.2304 0.0000
1090.03 15.07.2018 23.10.01 24.97598 285.8221 -76.3292 -0.2766 -0.2766 0.0000 0.0000 0.0000 323.2618 355.0678 -9.9980 62.2313 0.0000
1100.03 15.07.2018 23.20.01 24.92809 285.5954 -79.5878 -0.2884 -0.2884 0.0000 0.0000 0.0000 322.7220 354.3075 -10.1002 62.2320 0.0000
1110.03 15.07.2018 23.30.01 24.87817 285.3387 -82.9249 -0.3005 -0.3005 0.0000 0.0000 0.0000 322.2308 353.2892 -10.7640 62.2326 0.0000
1120.03 15.07.2018 23.40.01 24.82641 285.5013 -84.8971 -0.3076 -0.3076 0.0000 0.0000 0.0000 321.7845 352.8549 -8.2904 62.2333 0.0000
1130.03 15.07.2018 23.50.01 24.77426 285.5886 -84.5601 -0.3064 -0.3064 0.0000 0.0000 0.0000 321.3597 352.2906 -7.3976 62.2333 0.0000
1140.03 16.07.2018 00.00.01 24.72204 285.2796 -85.7912 -0.3108 -0.3108 0.0000 0.0000 0.0000 320.9110 351.2173 -9.4675 62.2336 0.0000
1150.03 16.07.2018 00.10.01 24.66830 285.2741 -88.9320 -0.3222 -0.3222 0.0000 0.0000 0.0000 320.5028 350.6132 -8.7713 62.2342 0.0000
1160.03 16.07.2018 00.20.01 24.61285 285.2957 -91.2234 -0.3305 -0.3305 0.0000 0.0000 0.0000 320.2084 350.1006 -8.0353 62.2342 0.0000
1170.03 16.07.2018 00.30.01 24.55627 285.3133 -92.8534 -0.3364 -0.3364 0.0000 0.0000 0.0000 319.9465 349.6302 -7.3851 62.2342 0.0000
1180.03 16.07.2018 00.40.01 24.49871 285.3262 -94.0416 -0.3407 -0.3407 0.0000 0.0000 0.0000 319.6751 349.1916 -6.7838 62.2342 0.0000
1190.03 16.07.2018 00.50.01 24.44048 285.3392 -95.0603 -0.3444 -0.3444 0.0000 0.0000 0.0000 319.4307 348.7888 -6.2332 62.2342 0.0000
1200.03 16.07.2018 01.00.01 24.38180 285.3434 -96.1718 -0.3484 -0.3484 0.0000 0.0000 0.0000 319.2149 348.4083 -5.7623 62.2342 0.0000
1210.03 16.07.2018 01.10.01 24.32232 285.1866 -96.8028 -0.3507 -0.3507 0.0000 0.0000 0.0000 318.8175 347.8325 -6.0155 62.2342 0.0000
1220.03 16.07.2018 01.20.01 24.26263 285.0069 -97.6534 -0.3538 -0.3538 0.0000 0.0000 0.0000 318.4091 347.2246 -6.4130 62.2342 0.0000
1230.03 16.07.2018 01.30.01 24.20220 284.8303 -97.8839 -0.3547 -0.3547 0.0000 0.0000 0.0000 317.9786 346.6110 -6.7986 62.2342 0.0000
1240.03 16.07.2018 01.40.01 24.14178 284.6839 -98.5214 -0.3570 -0.3570 0.0000 0.0000 0.0000 317.5430 346.0547 -6.8684 62.2342 0.0000
1250.03 16.07.2018 01.50.01 24.08135 284.5416 -99.1152 -0.3591 -0.3591 0.0000 0.0000 0.0000 317.1201 345.5030 -6.9205 62.2342 0.0000
1260.03 16.07.2018 02.00.01 24.02065 284.4153 -99.0903 -0.3590 -0.3590 0.0000 0.0005 0.0003 316.6458 344.9543 -6.9478 62.2331 0.0000
1270.03 16.07.2018 02.10.01 23.96017 284.5555 -98.0854 -0.3554 -0.3589 0.0047 0.3147 0.1678 316.4146 344.7935 -5.5756 62.2300 0.0000
1280.03 16.07.2018 02.20.01 23.89974 284.5380 -97.2096 -0.3522 -0.3603 0.0108 0.6751 0.3607 316.0047 344.6307 -4.6189 62.2281 0.0000
1290.03 16.07.2018 02.30.01 23.83947 284.5461 -97.6843 -0.3539 -0.3668 0.0171 1.0429 0.5578 315.8601 344.2519 -4.3721 62.2278 0.0000
1300.03 16.07.2018 02.40.01 23.77871 284.5237 -98.3607 -0.3564 -0.3740 0.0235 1.4121 0.7556 315.6010 344.0251 -4.5922 62.2277 0.0000
1310.03 16.07.2018 02.50.01 23.71734 284.0853 -100.1653 -0.3629 -0.3853 0.0299 1.7815 0.9536 315.0409 343.3243 -6.4945 62.2265 0.0000
1320.03 16.07.2018 03.00.01 23.65466 283.8079 -102.3878 -0.3710 -0.3982 0.0363 2.1539 1.1531 314.5739 342.5126 -7.8548 62.2243 0.0000
1330.03 16.07.2018 03.10.01 23.59097 283.9549 -98.1931 -0.3558 -0.4070 0.0683 4.2313 2.2614 314.5447 342.3887 -6.8479 62.2209 0.0000
1340.03 16.07.2018 03.20.01 23.52914 284.1191 -94.2666 -0.3415 -0.4224 0.1078 6.5599 3.5085 314.6985 342.4399 -5.9758 62.2168 0.0000
1350.03 16.07.2018 03.30.01 23.46917 284.2900 -91.6298 -0.3320 -0.4434 0.1486 8.9285 4.7775 314.9266 342.6034 -5.2022 62.2124 0.0000
1360.03 16.07.2018 03.40.01 23.41055 284.4673 -89.7968 -0.3254 -0.4676 0.1896 11.3049 6.0508 315.1956 342.8583 -4.5183 62.2079 0.0000
1370.03 16.07.2018 03.50.01 23.35290 284.6489 -88.3718 -0.3202 -0.4932 0.2307 13.6826 7.3249 315.4957 343.1936 -3.9014 62.2037 0.0000
1380.03 16.07.2018 04.00.01 23.29611 284.8354 -87.1385 -0.3157 -0.5195 0.2718 16.0602 8.5988 315.8260 343.5988 -3.3459 62.2002 0.0000
1390.03 16.07.2018 04.10.01 23.24005 285.6385 -86.2850 -0.3126 -0.5447 0.3095 18.2126 9.7528 317.5535 344.8132 -0.4774 62.1969 0.0000
1400.03 16.07.2018 04.20.01 23.18505 286.3619 -84.2139 -0.3051 -0.5647 0.3462 20.3318 10.8884 319.4288 346.1493 2.6166 62.1958 0.0000
1410.03 16.07.2018 04.30.01 23.13159 287.0361 -81.3772 -0.2948 -0.5819 0.3827 22.4457 12.0211 321.3482 347.5885 5.8745 62.1967 0.0000
1420.03 16.07.2018 04.40.01 23.08007 287.8102 -78.1409 -0.2831 -0.5975 0.4192 24.5586 13.1533 323.1144 349.1106 6.4422 62.1971 0.0000
1430.03 16.07.2018 04.50.01 23.03051 288.5489 -74.7178 -0.2707 -0.6125 0.4557 78.8480 42.8877 324.7680 354.6417 3.7786 62.1910 0.0000
1440.03 16.07.2018 05.00.01 22.98309 289.4362 -61.1806 -0.2217 -0.6284 0.5423 89.3859 48.5829 327.4611 358.4974 5.5431 62.1887 0.0000
1450.03 16.07.2018 05.10.01 22.94192 290.0583 -60.9102 -0.2207 -0.6647 0.5920 347.0015 189.1817 329.5622 380.8061 -13.4929 62.1955 0.0000
1460.03 16.07.2018 05.20.01 22.90222 291.0207 -4.3743 -0.0158 -0.6928 0.9026 599.0211 326.0202 333.5516 410.7897 -37.0432 62.2135 0.0000
1470.03 16.07.2018 05.30.01 22.88726 292.0893 36.3635 0.1318 -0.8227 1.2726 797.5559 430.6991 338.5456 439.7975 -58.2532 62.2580 0.0000
1480.03 16.07.2018 05.40.01 22.89129 293.0895 54.6676 0.1981 -1.0133 1.6152 736.5998 396.9450 343.6246 452.7500 -67.6744 62.3403 0.0000
1490.03 16.07.2018 05.50.01 22.90493 293.6835 3.1489 0.0114 -1.2126 1.6320 668.3113 359.2991 346.2540 456.8179 -76.9145 62.4634 0.0000
1500.03 16.07.2018 06.00.01 22.90005 294.2484 -18.4977 -0.0670 -1.2773 1.6137 585.8349 313.1947 348.3150 455.3860 -82.0408 62.6122 0.0000
1510.03 16.07.2018 06.10.01 22.88870 294.6259 -20.1447 -0.0730 -1.2711 1.5975 437.7675 225.7303 350.3581 436.4986 -69.6100 62.8637 0.0000
1520.03 16.07.2018 06.20.01 22.87921 294.9183 -5.6535 -0.0205 -1.2362 1.6209 418.5923 215.5359 351.9143 437.9667 -69.7821 63.1206 0.0000
1530.03 16.07.2018 06.30.01 22.87829 295.2961 9.4588 0.0343 -1.2048 1.6521 400.7853 206.1512 353.9600 439.3484 -69.2840 63.4441 0.0000
1540.03 16.07.2018 06.40.01 22.88638 295.6999 29.3160 0.1062 -1.1774 1.7115 388.6739 199.5951 356.3494 440.6351 -67.8901 63.8648 0.0000
1550.03 16.07.2018 06.50.01 22.90655 296.1991 176.5319 0.6396 -1.1657 2.4070 382.0794 195.8583 359.8384 442.6366 -66.5678 64.5160 0.0000
1560.03 16.07.2018 07.00.01 22.99008 296.5538 271.7673 0.9847 -1.4350 3.2262 376.1325 192.4238 361.7056 444.3241 -65.8338 65.1748 0.0000
1570.03 16.07.2018 07.10.01 23.11550 296.8522 317.2881 1.1496 -1.8748 4.0325 374.1828 190.9653 363.5638 445.8949 -64.9985 65.8366 0.0000
1580.03 16.07.2018 07.20.01 23.26229 297.1484 341.1038 1.2359 -2.3835 4.8258 390.8197 200.5037 365.4621 450.4337 -66.0549 66.5065 0.0000
1590.03 16.07.2018 07.30.01 23.42114 297.4605 350.5498 1.2701 -2.9189 5.5854 391.6684 200.4888 367.4973 452.5263 -65.1055 67.1907 0.0000
1600.03 16.07.2018 07.40.01 23.58569 297.7735 357.4554 1.2951 -3.4536 6.3317 379.7153 192.5839 369.6277 452.1299 -61.9681 67.8937 0.0000
1610.03 16.07.2018 07.50.01 23.75475 298.0916 357.1920 1.2942 -3.9860 7.0403 383.7779 194.2870 371.9164 454.4031 -60.5636 68.6217 0.0000
1620.03 16.07.2018 08.00.01 23.92501 298.4152 339.9388 1.2317 -4.5030 7.6463 386.6237 195.3806 374.1617 456.6937 -59.3716 69.3770 0.0000
1630.03 16.07.2018 08.10.01 24.08953 298.7213 341.8060 1.2384 -4.9717 8.2802 390.8207 197.2046 376.4306 458.7802 -60.9061 70.1511 0.0000
1640.03 16.07.2018 08.20.01 24.25567 299.0467 332.7648 1.2057 -5.4340 8.8529 394.0257 198.5065 378.6521 460.7136 -62.4859 70.9391 0.0000
1650.03 16.07.2018 08.30.01 24.41897 299.3712 327.0388 1.1849 -5.8684 9.4045 397.5141 200.0067 381.0321 462.6835 -64.2001 71.7372 0.0000
1660.03 16.07.2018 08.40.01 24.58062 299.7237 322.9262 1.1700 -6.2829 9.9372 401.7091 201.8487 383.6057 464.9206 -63.8334 72.5395 0.0000
1670.03 16.07.2018 08.50.01 24.74124 300.0752 313.1881 1.1347 -6.6815 10.4217 404.9895 203.2231 386.3728 467.2160 -63.7581 73.3413 0.0000
1680.03 16.07.2018 09.00.01 24.89822 299.8122 287.2913 1.0409 -7.0546 10.7940 406.2343 203.5570 389.1565 468.8312 -66.7080 74.1223 0.0000
1690.03 16.07.2018 09.10.01 25.04458 300.3068 280.9837 1.0181 -7.3735 11.1887 409.5943 205.1385 393.6611 471.3122 -67.1243 74.7734 0.0000
1700.03 16.07.2018 09.20.01 25.18868 300.6976 272.5458 0.9875 -7.6735 11.5480 412.5384 206.5410 397.4646 473.8755 -68.1191 75.2571 0.0000
1710.03 16.07.2018 09.30.01 25.32989 300.8792 262.9215 0.9526 -7.9493 11.8693 415.2741 207.8659 399.6145 476.3652 -68.9745 75.6721 0.0000
1720.03 16.07.2018 09.40.01 25.46780 301.0473 260.8820 0.9452 -8.1986 12.1918 418.9428 209.6508 401.1989 478.6342 -70.5102 76.0573 0.0000
1730.03 16.07.2018 09.50.01 25.60549 301.1436 256.0141 0.9276 -8.4374 12.4867 422.4375 211.3857 402.3302 480.7122 -72.9287 76.4416 0.0000
1740.03 16.07.2018 10.00.01 25.74145 301.0932 235.8705 0.8546 -8.6604 12.6867 424.6152 212.4797 402.8670 482.3536 -76.3610 76.8412 0.0000
1750.03 16.07.2018 10.10.01 25.86892 301.3066 181.8899 0.6590 -8.8382 12.6630 421.3056 211.0780 404.6052 484.9802 -71.9080 77.2634 0.0000
1760.03 16.07.2018 10.20.01 25.97424 301.4229 146.7608 0.5317 -8.9023 12.5788 417.1339 209.2498 406.7345 487.3397 -69.4131 77.6825 0.0000
1770.03 16.07.2018 10.30.01 26.06487 301.4791 110.2217 0.3994 -8.8948 12.3922 410.5141 206.1178 407.7641 488.9576 -68.5051 78.0866 0.0000
1780.03 16.07.2018 10.40.01 26.14028 301.6333 106.0282 0.3842 -8.8130 12.2629 406.5920 204.3881 408.6613 490.8728 -65.2866 78.4843 0.0000
1790.03 16.07.2018 10.50.01 26.21420 301.9552 95.2668 0.3452 -8.7183 12.0846 401.7573 202.1963 409.1324 492.5725 -63.4758 79.2791 0.0000
1800.03 16.07.2018 11.00.01 26.28356 302.4891 77.5993 0.2812 -8.5971 11.8377 396.2884 199.7334 409.3644 494.0142 -62.8153 80.0944 0.0000
1810.03 16.07.2018 11.10.01 26.34649 302.5753 157.2256 0.5697 -8.4470 12.0222 397.8927 200.2294 412.0789 496.4771 -52.7280 80.9213 0.0000
1820.03 16.07.2018 11.20.01 26.44183 302.4979 191.7743 0.6948 -8.4653 12.2136 400.1552 201.1122 412.9384 497.5584 -59.7739 81.4973 0.0000
1830.03 16.07.2018 11.30.01 26.55206 301.1674 203.6719 0.7379 -8.5524 12.3872 402.3255 201.9687 402.9359 494.5377 -82.0705 82.8521 0.0000
1840.03 16.07.2018 11.40.01 26.66723 301.3249 210.9543 0.7643 -8.6638 12.5709 405.4889 203.3583 402.8655 493.4792 -84.9746 85.0409 0.0000
1850.03 16.07.2018 11.50.01 26.78573 301.2778 207.8559 0.7531 -8.7843 12.7165 407.6532 204.2343 402.9979 491.8208 -92.3900 87.3216 0.0000
1860.03 16.07.2018 12.00.01 26.90359 301.2987 193.2610 0.7002 -8.8890 12.7856 408.7806 204.6175 403.0063 489.5700 -99.4230 89.6592 0.0000
1870.03 16.07.2018 12.10.01 27.01522 301.3676 112.6418 0.4081 -8.9532 12.4817 402.2956 201.6719 403.1868 488.6683 -97.2421 92.0095 0.0000
1880.03 16.07.2018 12.20.01 27.09338 301.4281 60.6793 0.2199 -8.8484 12.0910 393.7024 197.6036 402.9433 487.4726 -94.8423 94.3397 0.0000
1890.03 16.07.2018 12.30.01 27.14950 301.4836 32.4047 0.1174 -8.6387 11.6749 385.0721 193.5551 402.4937 486.2450 -92.6189 96.6411 0.0000
1900.03 16.07.2018 12.40.01 27.19329 301.5457 20.1859 0.0731 -8.3778 11.2679 376.8124 189.6601 402.0356 485.0090 -90.1358 98.9018 0.0000
1910.03 16.07.2018 12.50.01 27.23144 301.6283 25.3249 0.0918 -8.0988 10.9207 371.2066 187.2590 401.9858 484.1839 -88.2483 101.1110 0.0000
1920.03 16.07.2018 13.00.01 27.27087 301.6926 4.4254 0.0160 -7.8362 10.4696 362.7690 183.3335 401.8136 483.0833 -86.3783 103.2709 0.0000
1930.03 16.07.2018 13.10.01 27.30035 301.6834 -53.1233 -0.1925 -7.5338 9.7884 351.1919 178.3019 401.9806 482.5969 -82.4451 105.3630 0.0000
1940.03 16.07.2018 13.20.01 27.30508 301.6453 -88.1278 -0.3193 -7.1209 9.0687 337.7129 172.1915 401.8054 481.6715 -79.0074 107.3524 0.0000
1950.03 16.07.2018 13.30.01 27.29421 301.5979 -102.3056 -0.3707 -6.6481 8.3699 324.4955 166.2022 401.4940 480.5425 -76.2961 109.2304 0.0000
1960.03 16.07.2018 13.40.01 27.27609 301.5490 -108.4106 -0.3928 -6.1580 7.6870 311.1494 160.1152 401.0702 479.2089 -73.8030 110.9957 0.0000
1970.03 16.07.2018 13.50.01 27.25430 301.4922 -107.8184 -0.3906 -5.6676 7.0359 298.1223 154.1660 400.4364 477.6668 -71.5441 112.6459 0.0000
1980.03 16.07.2018 14.00.01 27.23174 301.4304 -106.2341 -0.3849 -5.1911 6.4083 285.3967 148.3577 399.8520 475.9962 -69.4370 114.1803 0.0000
1990.03 16.07.2018 14.10.01 27.20931 301.3540 -62.3976 -0.2261 -4.7306 6.0060 274.3762 142.8465 398.9785 473.2937 -69.7463 115.6017 0.0000
2000.03 16.07.2018 14.20.01 27.20440 301.2732 -40.8209 -0.1479 -4.3701 5.6297 264.0917 137.7329 397.9828 470.5959 -69.4776 116.9451 0.0000
2010.03 16.07.2018 14.30.01 27.20785 301.1927 -27.3806 -0.0992 -4.0599 5.2810 254.4561 132.9627 397.0015 467.9517 -68.5723 118.2153 0.0000
2020.03 16.07.2018 14.40.01 27.21652 301.1198 -18.0779 -0.0655 -3.7823 4.9558 245.2988 128.4563 396.1729 465.4429 -67.0868 119.4092 0.0000
2030.03 16.07.2018 14.50.01 27.22869 301.0423 -15.6089 -0.0566 -3.5285 4.6293 235.6359 123.6473 395.2490 462.9072 -65.2944 120.5266 0.0000
2040.03 16.07.2018 15.00.01 27.24160 300.9626 -14.6731 -0.0532 -3.2836 4.3073 225.9787 118.8310 394.2707 460.3961 -63.3650 121.5694 0.0000
2050.03 16.07.2018 15.10.01 27.25463 300.9199 6.9437 0.0252 -3.0492 4.0992 221.1678 116.2681 392.8934 458.2959 -59.5450 122.0717 0.0000
2060.03 16.07.2018 15.20.01 27.27676 300.8777 16.0746 0.0582 -2.8614 3.8929 215.3915 113.1159 391.6434 456.3870 -55.4380 122.5667 0.0000
2070.03 16.07.2018 15.30.01 27.30227 300.8419 13.0988 0.0475 -2.6956 3.6574 209.4272 109.8874 390.4770 454.5716 -52.3084 123.0550 0.0000
2080.03 16.07.2018 15.40.01 27.32629 300.8057 9.1946 0.0333 -2.5272 3.4140 204.6892 107.3127 389.3988 453.0086 -49.0192 123.5375 0.0000
2090.03 16.07.2018 15.50.01 27.34817 300.7719 -1.9050 -0.0069 -2.3546 3.1303 203.1140 106.6736 388.3527 451.9771 -46.7534 124.0156 0.0000
2100.03 16.07.2018 16.00.01 27.36489 300.7420 -19.6213 -0.0711 -2.1642 2.7908 205.9321 108.7115 387.3066 451.7974 -45.1671 124.4892 0.0000
2110.03 16.07.2018 16.10.01 27.37368 300.5928 -30.3935 -0.1101 -1.9436 2.4447 195.6645 103.4910 386.2382 450.3243 -44.0233 124.9589 0.0000
2120.03 16.07.2018 16.20.01 27.37716 300.4379 -39.3058 -0.1424 -1.7092 2.0890 184.6942 97.8412 384.9703 448.4426 -42.5972 125.4116 0.0000
2130.03 16.07.2018 16.30.01 27.37615 300.2759 -38.3321 -0.1389 -1.4656 1.7690 174.3782 92.5329 383.6373 446.4458 -41.1196 125.8498 0.0000
2140.03 16.07.2018 16.40.01 27.37502 300.1092 -1.2272 -0.0044 -1.2335 1.6387 160.5511 85.0535 382.1502 443.7759 -39.2663 126.2806 0.0000
2150.03 16.07.2018 16.50.01 27.38836 299.9412 13.0325 0.0472 -1.0871 1.5125 150.1470 79.6220 380.6313 441.4699 -37.5205 126.7047 0.0000
2160.03 16.07.2018 17.00.01 27.40695 299.7776 13.4495 0.0487 -0.9764 1.3668 138.8656 73.6956 379.0716 438.9933 -35.3323 127.0816 0.0000
2170.03 16.07.2018 17.10.01 27.42520 299.5574 21.3004 0.0772 -0.8731 1.2670 130.2796 69.1714 377.7460 436.5697 -33.3634 127.3896 0.0000
2180.03 16.07.2018 17.20.01 27.44604 299.3406 24.8041 0.0899 -0.7928 1.1769 121.0528 64.2474 376.4587 434.0733 -31.2924 127.6501 0.0000
2190.03 16.07.2018 17.30.01 27.46765 299.1176 22.9179 0.0830 -0.7261 1.0789 113.5806 60.3892 375.0652 431.8236 -29.4820 127.9013 0.0000
2200.03 16.07.2018 17.40.01 27.48782 298.8981 22.1318 0.0802 -0.6624 0.9901 107.5958 57.5203 373.7544 429.9061 -28.0790 128.1235 0.0000
2210.03 16.07.2018 17.50.01 27.50698 298.6766 18.7182 0.0678 -0.6044 0.8962 97.1242 51.9680 372.3899 427.4150 -25.8140 128.3295 0.0000
2220.03 16.07.2018 18.00.01 27.52404 298.4523 14.2759 0.0517 -0.5470 0.7983 87.4558 46.9036 370.9937 424.9752 -23.6491 128.5242 0.0000
2230.03 16.07.2018 18.10.01 27.53845 298.0549 10.5031 0.0381 -0.4889 0.7026 76.2573 40.8645 369.3338 422.0745 -21.4080 128.6930 0.0000
2240.03 16.07.2018 18.20.01 27.55035 297.6592 5.1430 0.0186 -0.4332 0.6025 66.3675 35.6177 367.6060 419.2664 -19.5906 128.8388 0.0000
2250.03 16.07.2018 18.30.01 27.55901 297.2663 0.0270 0.0001 -0.3762 0.5018 59.5365 32.2071 365.8545 416.8287 -18.3600 128.9567 0.0000
2260.03 16.07.2018 18.40.01 27.56463 296.8806 -4.0087 -0.0145 -0.3184 0.4052 45.4402 24.6491 364.1255 413.6864 -16.0736 129.0500 0.0000
2270.03 16.07.2018 18.50.01 27.56759 296.5070 -9.1853 -0.0333 -0.2621 0.3051 29.7093 16.1158 362.4361 410.1862 -13.4295 129.1180 0.0000
2280.03 16.07.2018 19.00.01 27.56747 296.1138 -14.0499 -0.0509 -0.2050 0.2055 13.6207 7.3658 360.6837 406.4792 -10.8846 129.1732 0.0000
2290.03 16.07.2018 19.10.01 27.56445 295.4034 -11.3206 -0.0410 -0.1490 0.1439 11.0226 5.9726 358.9937 403.2738 -11.1568 129.2115 0.0000
2300.03 16.07.2018 19.20.01 27.56130 294.7034 -7.5516 -0.0274 -0.1116 0.1124 9.1405 4.9615 357.4380 400.3467 -11.8673 129.2449 0.0000
2310.03 16.07.2018 19.30.01 27.55853 294.0110 -8.5243 -0.0309 -0.0956 0.0863 7.3592 4.0022 355.8768 397.5074 -12.9344 129.2764 0.0000
2320.03 16.07.2018 19.40.01 27.55386 293.3006 -12.0148 -0.0435 -0.0894 0.0612 5.0512 2.7495 354.2845 394.6737 -13.9917 129.3052 0.0000
2330.03 16.07.2018 19.50.01 27.54647 292.5953 -17.0700 -0.0618 -0.0884 0.0354 2.6941 1.4684 352.6947 391.8837 -15.0473 129.3301 0.0000
2340.03 16.07.2018 20.00.01 27.53597 291.9049 -23.0323 -0.0835 -0.0906 0.0096 0.3098 0.1707 351.1465 389.1483 -15.9814 129.3517 0.0000
2350.03 16.07.2018 20.10.01 27.52191 291.7344 -24.9696 -0.0905 -0.0917 0.0017 0.0540 0.0297 351.9893 387.2859 -15.4613 129.3634 0.0000
2360.03 16.07.2018 20.20.01 27.50631 291.5615 -26.4298 -0.0958 -0.0960 0.0003 0.0099 0.0054 353.0499 385.7216 -15.2027 129.3748 0.0000
2370.03 16.07.2018 20.30.01 27.48943 291.3896 -28.4568 -0.1031 -0.1031 0.0001 0.0018 0.0010 354.0662 384.3415 -15.0771 129.3862 0.0000
2380.03 16.07.2018 20.40.01 27.47112 291.2304 -31.1307 -0.1128 -0.1128 0.0000 0.0003 0.0002 355.0891 383.1929 -14.8341 129.3976 0.0000
2390.03 16.07.2018 20.50.01 27.45104 291.0770 -34.2302 -0.1240 -0.1240 0.0000 0.0001 0.0000 356.1308 382.1955 -14.7594 129.4090 0.0000
2400.03 16.07.2018 21.00.01 27.42898 290.9200 -37.4246 -0.1356 -0.1356 0.0000 0.0000 0.0000 357.1814 381.3147 -14.8311 129.4204 0.0000
2410.03 16.07.2018 21.10.01 27.40505 291.3164 -39.9127 -0.1446 -0.1446 0.0000 0.0000 0.0000 357.2834 380.9105 -11.4816 129.4318 0.0000
2420.03 16.07.2018 21.20.01 27.38012 291.7201 -41.0392 -0.1487 -0.1487 0.0000 0.0000 0.0000 357.4659 380.7189 -8.3246 129.4432 0.0000
2430.03 16.07.2018 21.30.01 27.35449 292.1273 -41.3815 -0.1499 -0.1499 0.0000 0.0000 0.0000 357.7290 380.7279 -5.3205 129.4547 0.0000
2440.03 16.07.2018 21.40.01 27.32885 292.5451 -42.0445 -0.1523 -0.1523 0.0000 0.0000 0.0000 358.0831 380.9253 -2.3794 129.4661 0.0000
2450.03 16.07.2018 21.50.01 27.30279 292.9680 -42.4920 -0.1540 -0.1540 0.0000 0.0000 0.0000 358.5124 381.2897 0.4942 129.4776 0.0000
2460.03 16.07.2018 22.00.01 27.27627 293.3939 -42.7632 -0.1549 -0.1549 0.0000 0.0000 0.0000 359.0065 381.8088 3.3180 129.4921 0.0000
2470.03 16.07.2018 22.10.01 27.24963 293.0334 -44.1957 -0.1601 -0.1601 0.0000 0.0000 0.0000 358.9540 381.4964 0.0516 129.5025 0.0000
2480.03 16.07.2018 22.20.01 27.22173 292.6425 -46.4666 -0.1684 -0.1684 0.0000 0.0000 0.0000 358.7429 381.0726 -1.3304 129.5082 0.0000
2490.03 16.07.2018 22.30.01 27.19250 292.3293 -48.8490 -0.1770 -0.1770 0.0000 0.0000 0.0000 358.7635 380.4688 -2.8752 129.5139 0.0000
2500.03 16.07.2018 22.40.01 27.16149 292.0357 -52.0622 -0.1886 -0.1886 0.0000 0.0000 0.0000 358.6259 380.0383 -3.7244 129.5196 0.0000
2510.03 16.07.2018 22.50.01 27.12866 291.8065 -54.7119 -0.1982 -0.1982 0.0000 0.0000 0.0000 358.6215 379.6115 -4.4391 129.5253 0.0000
2520.03 16.07.2018 23.00.01 27.09432 291.4052 -56.9022 -0.2062 -0.2062 0.0000 0.0000 0.0000 358.3184 378.6627 -7.0628 129.5310 0.0000
2530.03 16.07.2018 23.10.01 27.05874 291.3126 -58.9891 -0.2137 -0.2137 0.0000 0.0000 0.0000 358.1625 378.1470 -7.0427 129.5367 0.0000
2540.03 16.07.2018 23.20.01 27.02194 291.2363 -60.5937 -0.2195 -0.2195 0.0000 0.0000 0.0000 358.1065 377.6777 -7.0290 129.5424 0.0000
2550.03 16.07.2018 23.30.01 26.98422 291.1626 -62.0296 -0.2247 -0.2247 0.0000 0.0000 0.0000 358.0634 377.2356 -7.0509 129.5481 0.0000
2560.03 16.07.2018 23.40.01 26.94573 291.0873 -63.4208 -0.2298 -0.2298 0.0000 0.0000 0.0000 358.0182 376.8221 -7.0698 129.5538 0.0000
2570.03 16.07.2018 23.50.01 26.90637 291.0079 -64.6055 -0.2341 -0.2341 0.0000 0.0000 0.0000 357.9639 376.4204 -7.1414 129.5595 0.0000
2580.03 17.07.2018 00.00.01 26.86620 290.9256 -65.6654 -0.2379 -0.2379 0.0000 0.0000 0.0000 357.8980 376.0276 -7.2538 129.5652 0.0000
2590.03 17.07.2018 00.10.01 26.82540 291.0212 -66.7189 -0.2417 -0.2417 0.0000 0.0000 0.0000 357.6828 375.8293 -6.3878 129.5709 0.0000
2600.03 17.07.2018 00.20.01 26.78408 291.1140 -67.8670 -0.2459 -0.2459 0.0000 0.0000 0.0000 357.4651 375.6622 -5.5926 129.5767 0.0000
2610.03 17.07.2018 00.30.01 26.74197 291.2034 -68.5558 -0.2484 -0.2484 0.0000 0.0000 0.0000 357.2468 375.5196 -4.8301 129.5824 0.0000
2620.03 17.07.2018 00.40.01 26.69970 291.3015 -69.3068 -0.2511 -0.2511 0.0000 0.0000 0.0000 357.0913 375.4617 -3.8806 129.5881 0.0000
2630.03 17.07.2018 00.50.01 26.65692 291.3174 -69.3357 -0.2512 -0.2512 0.0000 0.0000 0.0000 356.9005 375.3077 -3.4028 129.5938 0.0000
2640.03 17.07.2018 01.00.01 26.61410 291.3344 -69.3474 -0.2513 -0.2513 0.0000 0.0000 0.0000 356.7139 375.1333 -2.9655 129.5995 0.0000
2650.03 17.07.2018 01.10.01 26.57156 291.2283 -69.1960 -0.2507 -0.2507 0.0000 0.0000 0.0000 355.9254 374.9612 -2.7681 129.6052 0.0000
2660.03 17.07.2018 01.20.01 26.52963 291.0656 -67.5363 -0.2447 -0.2447 0.0000 0.0000 0.0000 355.1848 374.4969 -3.4654 129.6059 0.0000
2670.03 17.07.2018 01.30.01 26.48815 290.9609 -68.3223 -0.2475 -0.2475 0.0000 0.0000 0.0000 354.4010 373.9122 -4.2091 129.6108 0.0000
2680.03 17.07.2018 01.40.01 26.44534 290.8983 -70.9474 -0.2571 -0.2571 0.0000 0.0000 0.0000 353.5468 373.6115 -3.6116 129.6165 0.0000
2690.03 17.07.2018 01.50.01 26.40139 290.8179 -71.1662 -0.2578 -0.2578 0.0000 0.0000 0.0000 352.7005 373.1290 -3.7890 129.6211 0.0000
2700.03 17.07.2018 02.00.01 26.35797 290.6438 -70.3956 -0.2551 -0.2551 0.0000 0.0006 0.0003 351.3907 372.3812 -4.4599 129.6211 0.0000
2710.03 17.07.2018 02.10.01 26.31494 290.4160 -68.3627 -0.2477 -0.2518 0.0054 0.3631 0.1936 349.0287 371.5540 -4.7982 129.6211 0.0000
2720.03 17.07.2018 02.20.01 26.27215 290.1554 -69.7451 -0.2527 -0.2621 0.0125 0.7790 0.4162 346.3350 370.5415 -5.3437 129.6243 0.0000
2730.03 17.07.2018 02.30.01 26.22787 289.8595 -72.8341 -0.2639 -0.2787 0.0198 1.2034 0.6436 343.4329 369.3636 -6.1391 129.6300 0.0000
2740.03 17.07.2018 02.40.01 26.18151 289.5661 -76.2656 -0.2763 -0.2967 0.0271 1.6294 0.8719 340.4838 368.1997 -6.3924 129.6357 0.0000
2750.03 17.07.2018 02.50.01 26.13329 289.2794 -78.8090 -0.2855 -0.3114 0.0345 2.0557 1.1003 337.5474 367.0015 -6.5684 129.6414 0.0000
2760.03 17.07.2018 03.00.01 26.08373 288.9444 -80.5993 -0.2920 -0.3235 0.0419 2.4858 1.3308 334.5932 365.6892 -6.8724 129.6471 0.0000
2770.03 17.07.2018 03.10.01 26.03335 288.8780 -74.3621 -0.2694 -0.3321 0.0836 5.2002 2.7788 334.2481 365.0319 -5.9290 129.6528 0.0000
2780.03 17.07.2018 03.20.01 25.98596 288.8337 -68.5470 -0.2484 -0.3498 0.1353 8.2511 4.4126 334.1631 364.6324 -5.3718 129.6585 0.0000
2790.03 17.07.2018 03.30.01 25.94140 288.7970 -64.4731 -0.2336 -0.3752 0.1888 11.3556 6.0759 334.1637 364.3751 -5.0260 129.6646 0.0000
2800.03 17.07.2018 03.40.01 25.89886 288.7652 -61.6154 -0.2232 -0.4052 0.2425 14.4705 7.7450 334.1960 364.2595 -4.7512 129.6710 0.0000
2810.03 17.07.2018 03.50.01 25.85781 288.7550 -59.6255 -0.2160 -0.4383 0.2964 17.5872 9.4150 334.2948 364.2618 -4.5704 129.6772 0.0000
2820.03 17.07.2018 04.00.01 25.81783 288.7624 -58.2085 -0.2109 -0.4736 0.3503 20.7058 11.0860 334.4303 364.3612 -4.4508 129.6833 0.0000
2830.03 17.07.2018 04.10.01 25.77868 289.1164 -54.0745 -0.1959 -0.5098 0.4185 24.7816 13.2672 334.7586 364.8989 -2.9594 129.6900 0.0000
2840.03 17.07.2018 04.20.01 25.74142 289.4784 -50.9392 -0.1846 -0.5527 0.4909 28.9983 15.5263 335.1834 365.6104 -1.6388 129.7005 0.0000
2850.03 17.07.2018 04.30.01 25.70565 289.8571 -48.7539 -0.1766 -0.5997 0.5641 33.2376 17.7978 335.6588 366.4877 -0.3529 129.7146 0.0000
2860.03 17.07.2018 04.40.01 25.67108 290.2401 -47.1110 -0.1707 -0.6487 0.6374 37.4812 20.0716 336.1728 367.5016 0.8493 129.7403 0.0000
2870.03 17.07.2018 04.50.01 25.63745 290.6263 -45.4390 -0.1646 -0.6976 0.7107 65.1453 35.1817 336.7213 370.4262 -0.0016 129.7732 0.0000
2880.03 17.07.2018 05.00.01 25.60494 291.0281 -39.1320 -0.1418 -0.7465 0.8063 74.1704 40.0508 337.4532 372.5778 -0.1729 129.8143 0.0000
2890.03 17.07.2018 05.10.01 25.57534 291.4077 -43.3789 -0.1572 -0.8038 0.8622 257.3136 140.0059 338.6021 388.0835 -14.9687 129.8658 0.0000
2900.03 17.07.2018 05.20.01 25.54492 291.8779 -6.6254 -0.0240 -0.8469 1.0971 436.3180 237.2012 341.0820 408.1761 -35.3247 129.9327 0.0000
2910.03 17.07.2018 05.30.01 25.53048 292.3806 20.2722 0.0734 -0.9572 1.3742 578.4545 312.2251 344.1988 426.8704 -54.0343 130.0237 0.0000
2920.03 17.07.2018 05.40.01 25.52841 292.8732 31.9102 0.1156 -1.1084 1.6321 556.3037 299.6573 347.3752 435.7491 -64.5887 130.1477 0.0000
2930.03 17.07.2018 05.50.01 25.53243 293.3358 -0.6044 -0.0022 -1.2660 1.6851 528.8252 284.2119 349.1815 440.6921 -69.8233 130.3043 0.0000
2940.03 17.07.2018 06.00.01 25.52487 293.8919 -13.1602 -0.0477 -1.3375 1.7198 489.4686 261.6692 350.7875 442.3285 -71.2535 130.4811 0.0000
2950.03 17.07.2018 06.10.01 25.51388 294.1176 -10.3491 -0.0375 -1.3644 1.7693 378.0293 195.4910 352.5707 429.0703 -63.5537 130.7423 0.0000
2960.03 17.07.2018 06.20.01 25.50588 294.2738 -1.4432 -0.0052 -1.3780 1.8304 367.6484 189.9265 353.9571 430.7034 -66.2753 131.0152 0.0000
2970.03 17.07.2018 06.30.01 25.50363 294.4989 8.0054 0.0290 -1.3902 1.8922 358.0572 184.8363 355.6011 432.1902 -68.1660 131.3510 0.0000
2980.03 17.07.2018 06.40.01 25.50714 294.7385 23.3427 0.0846 -1.4004 1.9799 351.8454 181.4125 357.4622 433.4699 -69.6358 131.7719 0.0000
2990.03 17.07.2018 06.50.01 25.52017 294.9888 149.9195 0.5432 -1.4236 2.6224 350.1664 180.2864 359.8519 435.1505 -71.4442 132.3979 0.0000
3000.03 17.07.2018 07.00.01 25.58734 295.2130 224.8284 0.8146 -1.6905 3.3401 348.9303 179.3683 361.3950 436.5976 -72.9896 133.0392 0.0000
3010.03 17.07.2018 07.10.01 25.68759 295.4031 259.8505 0.9415 -2.0905 4.0427 350.1396 179.6037 362.4934 437.5088 -76.3701 133.6929 0.0000
3020.03 17.07.2018 07.20.01 25.80441 295.5991 279.9543 1.0143 -2.5416 4.7413 366.9029 189.0379 363.5504 440.6990 -80.7600 134.3650 0.0000
3030.03 17.07.2018 07.30.01 25.93151 295.7893 289.6029 1.0493 -3.0161 5.4205 356.8898 182.3306 364.6426 439.2955 -82.4205 135.0578 0.0000
3040.03 17.07.2018 07.40.01 26.06423 295.9692 294.7772 1.0680 -3.4936 6.0822 361.8768 184.5210 365.6765 439.9502 -85.2811 135.7782 0.0000
3050.03 17.07.2018 07.50.01 26.20049 296.1653 299.1221 1.0838 -3.9672 6.7346 367.5743 187.1051 366.8380 440.7213 -87.6275 136.5302 0.0000
3060.03 17.07.2018 08.00.01 26.33962 296.3560 285.9150 1.0359 -4.4364 7.2964 372.0434 189.0543 367.9007 441.3350 -90.2220 137.3150 0.0000
3070.03 17.07.2018 08.10.01 26.47460 296.4830 295.0463 1.0690 -4.8676 7.9154 378.1932 191.8033 369.0536 442.0646 -92.1136 138.1306 0.0000
3080.03 17.07.2018 08.20.01 26.61404 296.6053 293.1407 1.0621 -5.3089 8.4947 383.4815 194.0778 370.0368 442.6425 -95.0186 138.9750 0.0000
3090.03 17.07.2018 08.30.01 26.75353 296.7285 294.3111 1.0663 -5.7384 9.0730 389.1698 196.5901 371.1036 443.3286 -98.0622 139.8478 0.0000
3100.03 17.07.2018 08.40.01 26.89422 296.8575 293.2772 1.0626 -6.1628 9.6339 394.9396 199.1506 372.1119 444.0736 -99.5624 140.7486 0.0000
3110.03 17.07.2018 08.50.01 27.03506 296.9807 287.1509 1.0404 -6.5776 10.1574 399.7156 201.1838 372.9894 444.6426 -102.4872 141.6755 0.0000
3120.03 17.07.2018 09.00.01 27.17382 297.0989 265.2976 0.9612 -6.9732 10.5792 402.5343 202.1978 373.6762 445.0356 -105.2328 142.6269 0.0000
3130.03 17.07.2018 09.10.01 27.30325 297.1004 177.2870 0.6423 -7.3188 10.6148 398.4804 200.6807 374.9061 445.8247 -108.4655 143.5927 0.0000
3140.03 17.07.2018 09.20.01 27.39633 297.0994 112.8625 0.4089 -7.4811 10.5200 392.2274 198.0434 375.9210 446.1537 -109.9727 144.5486 0.0000
3150.03 17.07.2018 09.30.01 27.46224 297.0945 65.0785 0.2358 -7.5136 10.3325 384.8822 194.9017 376.8667 446.2892 -110.8858 145.4887 0.0000
3160.03 17.07.2018 09.40.01 27.50790 297.0957 51.2939 0.1858 -7.4528 10.1848 380.4656 193.1880 377.7831 446.6098 -108.8499 146.4099 0.0000
3170.03 17.07.2018 09.50.01 27.54711 297.1148 32.2222 0.1167 -7.3696 9.9818 375.7594 191.3867 378.8389 447.7542 -101.2882 147.3105 0.0000
3180.03 17.07.2018 10.00.01 27.57787 297.1430 4.3047 0.0156 -7.2520 9.6901 370.1313 189.1791 379.8396 448.8062 -98.0542 148.1906 0.0000
3190.03 17.07.2018 10.10.01 27.59698 297.2256 30.7335 0.1114 -7.0803 9.5888 363.5514 185.8662 380.0809 448.9273 -96.0817 149.0518 0.0000
3200.03 17.07.2018 10.20.01 27.62658 297.2967 36.9694 0.1339 -6.9675 9.4686 357.0667 182.6369 380.3721 449.0105 -94.1559 149.9096 0.0000
3210.03 17.07.2018 10.30.01 27.65853 297.3596 26.5461 0.0962 -6.8687 9.2866 349.0830 178.6083 380.4737 448.8364 -91.9867 150.7641 0.0000
3220.03 17.07.2018 10.40.01 27.68621 297.4300 29.4104 0.1066 -6.7490 9.1408 342.7945 175.4629 380.5925 448.6878 -90.2094 151.6116 0.0000
3230.03 17.07.2018 10.50.01 27.71511 297.4958 25.3643 0.0919 -6.6322 8.9655 335.9565 172.0395 380.6611 448.4779 -87.9937 153.2665 0.0000
3240.03 17.07.2018 11.00.01 27.74194 297.5593 14.6199 0.0530 -6.5079 8.7479 328.7392 168.4554 380.7384 448.2268 -85.7647 154.9098 0.0000
3250.03 17.07.2018 11.10.01 27.76525 297.6785 96.9652 0.3513 -6.3652 8.9554 333.8665 170.8518 381.0245 448.5532 -82.9473 156.5455 0.0000
3260.03 17.07.2018 11.20.01 27.82305 297.7974 141.3406 0.5121 -6.3915 9.2048 340.6350 174.1677 381.6158 449.6022 -80.7941 158.2122 0.0000
3270.03 17.07.2018 11.30.01 27.90005 297.9145 161.4827 0.5851 -6.5025 9.4502 347.4984 177.5519 382.3222 450.9261 -79.4570 159.9166 0.0000
3280.03 17.07.2018 11.40.01 27.98620 298.0372 173.2325 0.6277 -6.6463 9.6986 354.9782 181.2690 383.1129 452.4451 -79.1610 161.6586 0.0000
3290.03 17.07.2018 11.50.01 28.07803 298.1551 175.7623 0.6368 -6.8065 9.9244 361.8375 184.6704 383.8946 454.0203 -79.5972 163.4383 0.0000
3300.03 17.07.2018 12.00.01 28.17153 298.2712 168.2156 0.6095 -6.9641 10.0981 367.9633 187.7208 384.6768 455.6085 -80.4307 165.2597 0.0000
3310.03 17.07.2018 12.10.01 28.26107 298.2569 51.4333 0.1864 -7.0945 9.7078 360.6826 184.6049 385.5611 457.0600 -81.6611 167.1002 0.0000
3320.03 17.07.2018 12.20.01 28.30200 298.2288 -18.5094 -0.0671 -6.9818 9.2197 350.4688 179.8881 385.9845 457.6624 -81.7172 168.9089 0.0000
3330.03 17.07.2018 12.30.01 28.31317 298.1986 -53.8570 -0.1951 -6.7311 8.7146 340.0303 175.0636 386.2254 457.9092 -81.2770 170.6646 0.0000
3340.03 17.07.2018 12.40.01 28.30874 298.1651 -68.6678 -0.2488 -6.4173 8.2246 329.8986 170.3619 386.3952 457.8621 -80.4682 172.3653 0.0000
3350.03 17.07.2018 12.50.01 28.29717 298.1320 -76.4037 -0.2768 -6.0828 7.7413 319.9100 165.7348 386.5247 457.6292 -79.3069 174.0099 0.0000
3360.03 17.07.2018 13.00.01 28.28155 298.1045 -76.9629 -0.2789 -5.7400 7.2816 311.0371 161.7377 386.7909 457.3966 -78.1475 175.6008 0.0000
3370.03 17.07.2018 13.10.01 28.26568 298.0363 -19.2607 -0.0698 -5.4067 7.1159 304.4775 158.2000 386.0672 455.9418 -78.2888 177.1468 0.0000
3380.03 17.07.2018 13.20.01 28.27328 297.9471 8.9496 0.0324 -5.1997 6.9762 299.2480 155.4177 385.3539 454.5801 -78.5287 178.6698 0.0000
3390.03 17.07.2018 13.30.01 28.29238 297.8578 18.2183 0.0660 -5.0532 6.8256 293.8705 152.5656 384.6489 453.1038 -78.7440 180.1811 0.0000
3400.03 17.07.2018 13.40.01 28.31527 297.7671 21.1673 0.0767 -4.9260 6.6703 288.6040 149.7631 383.9309 451.5082 -78.8882 181.6812 0.0000
3410.03 17.07.2018 13.50.01 28.33938 297.6708 20.0731 0.0727 -4.8047 6.5033 283.2720 146.9406 383.2019 449.7992 -79.1824 183.1698 0.0000
3420.03 17.07.2018 14.00.01 28.36282 297.5670 13.1615 0.0477 -4.6824 6.3068 277.6938 144.0187 382.4695 448.0096 -79.5082 184.6401 0.0000
3430.03 17.07.2018 14.10.01 28.38345 297.4425 31.3905 0.1137 -4.5488 6.2167 273.6540 141.6105 380.3244 445.9079 -79.1836 186.0879 0.0000
3440.03 17.07.2018 14.20.01 28.41128 297.3113 32.0176 0.1160 -4.4578 6.0984 269.5383 139.2025 378.0351 443.8345 -78.9392 187.5390 0.0000
3450.03 17.07.2018 14.30.01 28.43887 297.1812 27.0809 0.0981 -4.3711 5.9589 265.5849 136.9256 375.7960 441.8290 -78.6672 188.9875 0.0000
3460.03 17.07.2018 14.40.01 28.46404 297.0536 25.9691 0.0941 -4.2781 5.8296 263.1456 135.4635 373.6596 439.9894 -78.2767 190.4320 0.0000
3470.03 17.07.2018 14.50.01 28.48828 296.9267 11.9527 0.0433 -4.1874 5.6409 259.6344 133.4526 371.4612 438.1117 -77.6917 191.8750 0.0000
3480.03 17.07.2018 15.00.01 28.50598 296.7968 -11.3486 -0.0411 -4.0723 5.3749 255.2714 131.0508 369.1938 436.2012 -76.8725 193.3098 0.0000
3490.03 17.07.2018 15.10.01 28.51284 296.6034 -56.7749 -0.2057 -3.9195 4.9518 250.2951 129.1727 367.8709 435.3754 -75.9420 194.0291 0.0000
3500.03 17.07.2018 15.20.01 28.50039 296.4173 -83.8940 -0.3040 -3.6797 4.5010 239.4635 123.8171 366.4081 433.5535 -73.8019 194.7247 0.0000
3510.03 17.07.2018 15.30.01 28.47570 296.2331 -100.8024 -0.3652 -3.3961 4.0412 228.2175 118.2134 364.8131 431.5394 -71.3131 195.3923 0.0000
3520.03 17.07.2018 15.40.01 28.44280 296.0447 -106.3063 -0.3852 -3.0902 3.6067 217.6322 112.9658 363.2658 429.4942 -68.7945 196.0313 0.0000
3530.03 17.07.2018 15.50.01 28.40637 295.8539 -114.3395 -0.4143 -2.7860 3.1623 211.2260 110.2180 361.6433 428.0024 -66.6340 196.6439 0.0000
3540.03 17.07.2018 16.00.01 28.36529 295.6651 -120.8984 -0.4380 -2.4777 2.7196 209.9957 110.5297 360.0119 427.2832 -65.0483 197.2342 0.0000
3550.03 17.07.2018 16.10.01 28.32037 295.4112 -119.2647 -0.4321 -2.1688 2.3156 200.5105 105.7401 358.1706 424.9848 -63.1869 197.8000 0.0000
3560.03 17.07.2018 16.20.01 28.27493 295.1560 -115.5878 -0.4188 -1.8766 1.9438 191.9927 101.4440 356.3682 422.6525 -61.4526 198.3407 0.0000
3570.03 17.07.2018 16.30.01 28.22994 294.9018 -108.5835 -0.3934 -1.6045 1.6147 184.4968 97.6901 354.6335 420.3671 -59.8887 198.8623 0.0000
3580.03 17.07.2018 16.40.01 28.18722 294.6416 -60.6490 -0.2197 -1.3575 1.5170 172.7843 91.3101 352.8313 417.4014 -57.9346 199.3634 0.0000
3590.03 17.07.2018 16.50.01 28.16332 294.3805 -38.7848 -0.1405 -1.2190 1.4380 165.5750 87.6135 351.0230 415.0514 -56.3530 199.8399 0.0000
3600.03 17.07.2018 17.00.01 28.14779 294.1177 -36.2713 -0.1314 -1.1320 1.3342 156.8243 83.0331 349.1525 412.5256 -54.4566 200.2514 0.0000
3610.03 17.07.2018 17.10.01 28.13284 293.8433 -33.6041 -0.1218 -1.0557 1.2453 147.4691 78.1706 347.6567 410.0594 -52.3610 200.5700 0.0000
3620.03 17.07.2018 17.20.01 28.11837 293.5689 -35.9893 -0.1304 -0.9906 1.1469 136.0035 72.0575 346.1186 407.2549 -49.9405 200.8365 0.0000
3630.03 17.07.2018 17.30.01 28.10241 293.2904 -41.5451 -0.1505 -0.9264 1.0346 126.7486 67.2935 344.4806 404.7604 -47.7443 201.0837 0.0000
3640.03 17.07.2018 17.40.01 28.08349 293.0140 -43.2943 -0.1569 -0.8572 0.9338 117.6309 62.7520 342.8840 402.4936 -45.5296 201.2895 0.0000
3650.03 17.07.2018 17.50.01 28.06320 292.7364 -47.8571 -0.1734 -0.7921 0.8250 105.6987 56.5353 341.2421 399.8589 -42.6859 201.4776 0.0000
3660.03 17.07.2018 18.00.01 28.04022 292.4569 -52.6387 -0.1907 -0.7253 0.7127 93.2639 50.0216 339.5592 397.1297 -39.6234 201.6455 0.0000
3670.03 17.07.2018 18.10.01 28.01452 292.1392 -52.4873 -0.1902 -0.6567 0.6220 81.4459 43.6348 338.3116 394.3997 -35.3051 201.7911 0.0000
3680.03 17.07.2018 18.20.01 27.98818 291.8162 -53.7648 -0.1948 -0.5961 0.5351 71.6109 38.4318 337.1303 391.9877 -31.7653 201.9161 0.0000
3690.03 17.07.2018 18.30.01 27.96053 291.4888 -56.2172 -0.2037 -0.5400 0.4484 67.2376 36.5055 335.9698 390.3771 -29.3308 202.0164 0.0000
3700.03 17.07.2018 18.40.01 27.93121 291.1682 -57.9958 -0.2101 -0.4865 0.3685 51.0271 27.7320 334.8493 387.5417 -25.6133 202.0960 0.0000
3710.03 17.07.2018 18.50.01 27.90035 290.8427 -62.1115 -0.2250 -0.4372 0.2829 34.1402 18.5614 333.7093 384.4665 -21.8479 202.1411 0.0000
3720.03 17.07.2018 19.00.01 27.86703 290.5156 -65.8189 -0.2385 -0.3874 0.1985 16.8349 9.1365 332.5365 381.2101 -18.1475 202.1744 0.0000
3730.03 17.07.2018 19.10.01 27.83135 290.1207 -64.8071 -0.2348 -0.3391 0.1390 14.3766 7.8376 331.1887 378.6701 -17.2837 202.1999 0.0000
3740.03 17.07.2018 19.20.01 27.79510 289.7292 -61.2896 -0.2221 -0.3039 0.1091 12.3306 6.7394 329.9325 376.3597 -16.7194 202.2183 0.0000
3750.03 17.07.2018 19.30.01 27.75930 289.3389 -61.5540 -0.2230 -0.2867 0.0849 10.3036 5.6437 328.7181 374.1449 -16.2870 202.2297 0.0000
3760.03 17.07.2018 19.40.01 27.72238 288.9486 -64.1937 -0.2326 -0.2786 0.0613 7.0830 3.8835 327.5133 371.9137 -15.8132 202.2399 0.0000
3770.03 17.07.2018 19.50.01 27.68359 288.5575 -68.5656 -0.2484 -0.2756 0.0362 3.7486 2.0574 326.3000 369.7014 -15.3872 202.2456 0.0000
3780.03 17.07.2018 20.00.01 27.64199 288.1677 -73.0597 -0.2647 -0.2730 0.0110 0.3513 0.1934 325.0857 367.5204 -14.9742 202.2513 0.0000
3790.03 17.07.2018 20.10.01 27.59771 287.7710 -74.1585 -0.2687 -0.2702 0.0020 0.0631 0.0347 323.9788 365.6773 -14.5558 202.2567 0.0000
3800.03 17.07.2018 20.20.01 27.55193 287.3848 -74.8592 -0.2712 -0.2715 0.0004 0.0114 0.0063 322.9566 363.9755 -14.3558 202.2582 0.0000
3810.03 17.07.2018 20.30.01 27.50527 287.0050 -77.2098 -0.2797 -0.2798 0.0001 0.0020 0.0011 321.9845 362.3780 -14.1832 202.2583 0.0000
3820.03 17.07.2018 20.40.01 27.45693 286.6319 -80.2197 -0.2907 -0.2907 0.0000 0.0004 0.0002 321.0444 360.8652 -14.0489 202.2583 0.0000
3830.03 17.07.2018 20.50.01 27.40664 286.2632 -83.4431 -0.3023 -0.3023 0.0000 0.0001 0.0000 320.1199 359.4121 -14.0065 202.2583 0.0000
3840.03 17.07.2018 21.00.01 27.35433 285.9009 -86.7418 -0.3143 -0.3143 0.0000 0.0000 0.0000 319.1966 358.0252 -13.9250 202.2583 0.0000
3850.03 17.07.2018 21.10.01 27.30001 285.7636 -90.2464 -0.3270 -0.3270 0.0000 0.0000 0.0000 318.7466 356.9803 -13.1471 202.2583 0.0000
3860.03 17.07.2018 21.20.01 27.24343 285.6223 -93.8762 -0.3401 -0.3401 0.0000 0.0000 0.0000 318.3201 356.0161 -12.4779 202.2583 0.0000
3870.03 17.07.2018 21.30.01 27.18466 285.4677 -97.2845 -0.3525 -0.3525 0.0000 0.0000 0.0000 317.8597 355.1031 -11.9616 202.2583 0.0000
3880.03 17.07.2018 21.40.01 27.12399 285.2837 -99.8291 -0.3617 -0.3617 0.0000 0.0000 0.0000 317.5183 354.2444 -11.2029 202.2583 0.0000
3890.03 17.07.2018 21.50.01 27.06204 285.0587 -101.5870 -0.3681 -0.3681 0.0000 0.0000 0.0000 317.1131 353.3601 -10.8586 202.2576 0.0000
3900.03 17.07.2018 22.00.01 26.99908 284.8752 -103.0603 -0.3734 -0.3734 0.0000 0.0000 0.0000 316.7176 352.5281 -10.4915 202.2554 0.0000
3910.03 17.07.2018 22.10.01 26.93527 284.7878 -104.5950 -0.3790 -0.3790 0.0000 0.0000 0.0000 316.3610 351.7709 -10.0914 202.2512 0.0000
3920.03 17.07.2018 22.20.01 26.87045 284.7174 -106.6265 -0.3863 -0.3863 0.0000 0.0000 0.0000 316.0181 351.0552 -9.7261 202.2463 0.0000
3930.03 17.07.2018 22.30.01 26.80428 284.6502 -108.5141 -0.3932 -0.3932 0.0000 0.0000 0.0000 315.6807 350.3664 -9.4181 202.2406 0.0000
3940.03 17.07.2018 22.40.01 26.73699 284.5924 -110.4115 -0.4000 -0.4000 0.0000 0.0000 0.0000 315.3368 349.7175 -9.0706 202.2329 0.0000
3950.03 17.07.2018 22.50.01 26.66857 284.5305 -112.0655 -0.4060 -0.4060 0.0000 0.0000 0.0000 314.9887 349.0878 -8.7889 202.2248 0.0000
3960.03 17.07.2018 23.00.01 26.59921 284.4488 -113.6465 -0.4118 -0.4118 0.0000 0.0000 0.0000 314.6517 348.4593 -8.6147 202.2156 0.0000
3970.03 17.07.2018 23.10.01 26.52886 284.3454 -115.2610 -0.4176 -0.4176 0.0000 0.0000 0.0000 314.3051 347.8339 -8.5685 202.2063 0.0000
3980.03 17.07.2018 23.20.01 26.45745 284.1416 -117.1991 -0.4246 -0.4246 0.0000 0.0000 0.0000 313.8794 347.1088 -9.0543 202.1976 0.0000
3990.03 17.07.2018 23.30.01 26.38470 283.9816 -119.4698 -0.4329 -0.4329 0.0000 0.0000 0.0000 313.4265 346.4079 -9.4041 202.1900 0.0000
4000.03 17.07.2018 23.40.01 26.31063 283.8984 -121.5951 -0.4406 -0.4406 0.0000 0.0000 0.0000 312.9974 345.8092 -9.3301 202.1830 0.0000
4010.03 17.07.2018 23.50.01 26.23538 283.8361 -123.2247 -0.4465 -0.4465 0.0000 0.0000 0.0000 312.5838 345.2272 -9.2744 202.1760 0.0000
4020.03 18.07.2018 00.00.01 26.15917 283.8321 -124.6909 -0.4518 -0.4518 0.0000 0.0000 0.0000 312.1890 344.6948 -9.0240 202.1689 0.0000
4030.03 18.07.2018 00.10.01 26.08227 283.7489 -125.5307 -0.4548 -0.4548 0.0000 0.0000 0.0000 311.8653 344.2291 -8.3871 202.1617 0.0000
4040.03 18.07.2018 00.20.01 26.00536 283.6307 -125.3319 -0.4541 -0.4541 0.0000 0.0000 0.0000 311.5064 343.7156 -7.9374 202.1520 0.0000
4050.03 18.07.2018 00.30.01 25.92864 283.5812 -124.3295 -0.4505 -0.4505 0.0000 0.0000 0.0000 311.0730 343.2343 -7.4783 202.1417 0.0000
4060.03 18.07.2018 00.40.01 25.85266 283.6078 -123.5261 -0.4476 -0.4476 0.0000 0.0000 0.0000 310.6762 342.8630 -6.9810 202.1306 0.0000
4070.03 18.07.2018 00.50.01 25.77667 283.4155 -123.8126 -0.4486 -0.4486 0.0000 0.0000 0.0000 310.5634 342.2866 -7.6318 202.1186 0.0000
4080.03 18.07.2018 01.00.01 25.70010 283.2994 -125.6214 -0.4552 -0.4551 0.0000 0.0000 0.0000 310.3495 341.7757 -8.1531 202.1071 0.0000
4090.03 18.07.2018 01.10.01 25.62231 283.1575 -127.4979 -0.4619 -0.4619 0.0000 0.0000 0.0000 310.0444 341.2436 -8.2215 202.0944 0.0000
4100.03 18.07.2018 01.20.01 25.54357 283.0056 -128.1908 -0.4645 -0.4645 0.0000 0.0000 0.0000 309.6950 340.6669 -8.3828 202.0814 0.0000
4110.03 18.07.2018 01.30.01 25.46484 282.8885 -128.8201 -0.4667 -0.4667 0.0000 0.0000 0.0000 309.3254 340.1196 -8.4483 202.0680 0.0000
4120.03 18.07.2018 01.40.01 25.38589 282.8287 -128.9269 -0.4671 -0.4671 0.0000 0.0000 0.0000 308.9565 339.6564 -8.1396 202.0542 0.0000
4130.03 18.07.2018 01.50.01 25.30712 282.7278 -128.7014 -0.4663 -0.4663 0.0000 0.0000 0.0000 308.5443 339.1710 -8.0164 202.0405 0.0000
4140.03 18.07.2018 02.00.01 25.22839 282.6259 -128.0990 -0.4641 -0.4641 0.0000 0.0004 0.0002 308.0770 338.6868 -7.9221 202.0256 0.0000
4150.03 18.07.2018 02.10.01 25.14993 282.6774 -126.6507 -0.4589 -0.4617 0.0038 0.2502 0.1333 307.7981 338.3663 -7.2018 202.0097 0.0000
4160.03 18.07.2018 02.20.01 25.07214 282.7099 -125.5997 -0.4551 -0.4615 0.0086 0.5366 0.2867 307.6277 338.0825 -6.7156 201.9922 0.0000
4170.03 18.07.2018 02.30.01 24.99465 282.7287 -124.9933 -0.4529 -0.4631 0.0136 0.8290 0.4434 307.5267 337.8325 -6.3490 201.9728 0.0000
4180.03 18.07.2018 02.40.01 24.91744 282.7553 -125.1232 -0.4533 -0.4674 0.0187 1.1225 0.6006 307.4972 337.6195 -6.0118 201.9500 0.0000
4190.03 18.07.2018 02.50.01 24.83999 282.8113 -125.4171 -0.4544 -0.4722 0.0238 1.4161 0.7580 307.4988 337.4473 -5.5923 201.9251 0.0000
4200.03 18.07.2018 03.00.01 24.76238 282.8868 -125.8152 -0.4559 -0.4775 0.0289 1.7134 0.9173 307.5004 337.3104 -5.1156 201.8953 0.0000
4210.03 18.07.2018 03.10.01 24.68469 283.2068 -119.1336 -0.4316 -0.4816 0.0666 4.1824 2.2341 307.8778 337.6070 -3.6893 201.8578 0.0000
4220.03 18.07.2018 03.20.01 24.61004 283.5445 -113.5981 -0.4116 -0.4970 0.1138 6.9712 3.7276 308.4480 338.0912 -2.4394 201.8159 0.0000
4230.03 18.07.2018 03.30.01 24.53805 283.8917 -109.9913 -0.3985 -0.5206 0.1627 9.8111 5.2491 309.1102 338.7016 -1.3058 201.7724 0.0000
4240.03 18.07.2018 03.40.01 24.46786 284.2442 -107.2954 -0.3888 -0.5477 0.2119 12.6608 6.7760 309.8253 339.4168 -0.2763 201.7278 0.0000
4250.03 18.07.2018 03.50.01 24.39916 284.5983 -105.0278 -0.3805 -0.5764 0.2612 15.5122 8.3039 310.5766 340.2214 0.6580 201.6826 0.0000
4260.03 18.07.2018 04.00.01 24.33175 284.9540 -102.9519 -0.3730 -0.6058 0.3104 18.3643 9.8321 311.3583 341.1066 1.5160 201.6372 0.0000
4270.03 18.07.2018 04.10.01 24.26568 285.2855 -100.1883 -0.3630 -0.6353 0.3631 21.4417 11.4804 312.5144 342.1032 2.0000 201.5928 0.0000
4280.03 18.07.2018 04.20.01 24.20123 285.6169 -97.2650 -0.3524 -0.6650 0.4167 24.5522 13.1470 313.7218 343.1749 2.3617 201.5530 0.0000
4290.03 18.07.2018 04.30.01 24.13845 285.9565 -94.5671 -0.3426 -0.6955 0.4705 27.6680 14.8166 314.9471 344.3110 2.6693 201.5171 0.0000
4300.03 18.07.2018 04.40.01 24.07736 286.2997 -91.9486 -0.3331 -0.7264 0.5244 30.7848 16.4867 316.2031 345.5023 2.9181 201.4859 0.0000
4310.03 18.07.2018 04.50.01 24.01788 286.6333 -89.2637 -0.3234 -0.7571 0.5782 76.8175 41.6731 317.4955 350.0239 0.1289 201.4626 0.0000
4320.03 18.07.2018 05.00.01 23.96020 286.9874 -78.1933 -0.2833 -0.7879 0.6728 87.2850 47.3290 319.0897 352.9273 -1.2440 201.4470 0.0000
4330.03 18.07.2018 05.10.01 23.90762 287.4694 -78.9950 -0.2862 -0.8346 0.7312 324.8005 176.9355 320.7782 373.4901 -16.6860 201.4399 0.0000
4340.03 18.07.2018 05.20.01 23.85592 288.1404 -28.9116 -0.1048 -0.8719 1.0228 556.8734 302.9167 324.3500 400.6650 -37.3718 201.4403 0.0000
4350.03 18.07.2018 05.30.01 23.82614 288.8961 8.3053 0.0301 -1.0007 1.3744 739.7071 399.2828 328.8348 426.3213 -56.9896 201.4545 0.0000
4360.03 18.07.2018 05.40.01 23.81338 289.5243 21.7215 0.0787 -1.1872 1.6879 684.7733 368.8962 333.2733 437.2823 -65.5505 201.4932 0.0000
4370.03 18.07.2018 05.50.01 23.80789 290.0481 -22.7698 -0.0825 -1.3760 1.7246 623.0844 334.8862 335.6314 441.6121 -71.2338 201.5620 0.0000
4380.03 18.07.2018 06.00.01 23.78652 290.5099 -42.4266 -0.1537 -1.4469 1.7243 548.6386 293.2804 337.3871 441.1399 -74.1886 201.6517 0.0000
4390.03 18.07.2018 06.10.01 23.75939 290.8675 -40.0220 -0.1450 -1.4519 1.7426 412.8680 213.1963 339.1619 424.5921 -65.3461 201.8327 0.0000
4400.03 18.07.2018 06.20.01 23.73593 291.1372 -26.5031 -0.0960 -1.4359 1.7866 394.3037 203.3932 340.3089 425.7916 -68.2159 202.0306 0.0000
4410.03 18.07.2018 06.30.01 23.72073 291.4747 -7.3366 -0.0266 -1.4202 1.8582 377.7284 194.7397 342.0274 426.7370 -70.5075 202.2951 0.0000
4420.03 18.07.2018 06.40.01 23.71621 291.8299 11.7658 0.0426 -1.4171 1.9463 367.5633 189.2786 343.9564 427.3825 -72.1733 202.6537 0.0000
4430.03 18.07.2018 06.50.01 23.72350 292.2163 159.2001 0.5768 -1.4279 2.6730 362.9341 186.6471 346.6268 428.5451 -74.1150 203.2129 0.0000
4440.03 18.07.2018 07.00.01 23.79394 292.5576 229.9981 0.8333 -1.7199 3.4043 357.9164 183.7881 348.0522 429.2814 -75.7149 203.7971 0.0000
4450.03 18.07.2018 07.10.01 23.89630 292.7586 270.0795 0.9785 -2.1321 4.1475 353.9649 181.6331 349.5301 429.8697 -77.7299 204.3946 0.0000
4460.03 18.07.2018 07.20.01 24.01733 292.9670 276.6360 1.0023 -2.6034 4.8076 364.0229 187.8425 350.9335 432.4191 -81.0043 205.0015 0.0000
4470.03 18.07.2018 07.30.01 24.14297 293.1860 266.4133 0.9653 -3.0679 5.3775 348.0189 178.4329 352.3517 430.6632 -81.0162 205.6185 0.0000
4480.03 18.07.2018 07.40.01 24.26608 293.4041 263.1860 0.9536 -3.4944 5.9306 349.8969 179.3295 353.7452 430.9689 -82.0629 206.2471 0.0000
4490.03 18.07.2018 07.50.01 24.38909 293.6401 257.0583 0.9314 -3.9007 6.4428 352.3899 180.6088 355.3875 431.5670 -83.0009 206.8962 0.0000
4500.03 18.07.2018 08.00.01 24.51055 293.8800 229.5209 0.8316 -4.2833 6.8199 352.9246 180.8930 356.8584 432.0978 -83.4740 207.5658 0.0000
4510.03 18.07.2018 08.10.01 24.62103 294.0005 172.4133 0.6247 -4.5998 6.9660 344.1224 176.7420 358.3423 432.5550 -83.3957 208.2523 0.0000
4520.03 18.07.2018 08.20.01 24.70815 294.1190 115.7097 0.4192 -4.7937 6.9506 332.7511 171.2898 359.4383 432.4667 -82.3873 208.9382 0.0000
4530.03 18.07.2018 08.30.01 24.77169 294.2387 68.3418 0.2476 -4.8694 6.8227 320.2314 165.3250 360.4175 432.1098 -80.9665 209.6175 0.0000
4540.03 18.07.2018 08.40.01 24.81552 294.3516 50.7816 0.1840 -4.8491 6.7108 311.6552 161.2933 361.1931 431.6385 -79.2175 210.2851 0.0000
4550.03 18.07.2018 08.50.01 24.85162 294.4605 29.6037 0.1073 -4.7959 6.5376 302.8685 157.2384 362.0078 431.2633 -77.4829 210.9440 0.0000
4560.03 18.07.2018 09.00.01 24.87844 294.5667 -2.5129 -0.0091 -4.7018 6.2569 292.5282 152.4202 362.7075 430.7556 -75.4687 211.5927 0.0000
4570.03 18.07.2018 09.10.01 24.89239 294.6712 49.7431 0.1802 -4.5442 6.2993 292.2796 152.3292 363.5735 430.4961 -71.8060 212.2255 0.0000
4580.03 18.07.2018 09.20.01 24.92758 294.7789 74.4018 0.2696 -4.4974 6.3560 292.9603 152.7698 364.7343 430.8468 -69.2183 212.8626 0.0000
4590.03 18.07.2018 09.30.01 24.97308 294.8938 84.0501 0.3045 -4.4996 6.4055 293.8564 153.3538 366.0204 431.5078 -67.2038 213.5055 0.0000
4600.03 18.07.2018 09.40.01 25.02294 295.0120 89.9473 0.3259 -4.5177 6.4582 295.2398 154.1653 367.3243 432.3522 -65.5416 214.1533 0.0000
4610.03 18.07.2018 09.50.01 25.07568 295.1345 91.8694 0.3329 -4.5435 6.5019 296.7164 155.0478 368.6868 433.3773 -64.2938 214.8078 0.0000
4620.03 18.07.2018 10.00.01 25.12957 295.2583 87.7173 0.3178 -4.5685 6.5151 297.7788 155.7315 370.0522 434.4904 -63.3000 215.4689 0.0000
4630.03 18.07.2018 10.10.01 25.18276 295.3985 138.3030 0.5011 -4.5804 6.7754 306.5679 160.1761 371.9290 435.8312 -63.6279 216.1357 0.0000
4640.03 18.07.2018 10.20.01 25.25738 295.5742 169.5345 0.6143 -4.6920 7.0750 316.7155 165.3702 374.0739 437.6926 -64.8732 216.8219 0.0000
4650.03 18.07.2018 10.30.01 25.34570 295.8281 183.0147 0.6631 -4.8597 7.3638 326.5067 170.3670 376.2321 439.7173 -66.5415 217.5314 0.0000
4660.03 18.07.2018 10.40.01 25.44055 296.0962 192.2672 0.6966 -5.0453 7.6560 336.5571 175.5220 378.5675 442.0371 -67.6538 218.2633 0.0000
4670.03 18.07.2018 10.50.01 25.54043 296.1623 196.4606 0.7118 -5.2414 7.9377 346.3191 180.5221 380.8975 444.4488 -69.4332 219.7384 0.0000
4680.03 18.07.2018 11.00.01 25.64340 296.3231 196.5576 0.7122 -5.4345 8.1955 355.7909 185.3877 383.0769 446.6141 -72.7258 221.2570 0.0000
4690.03 18.07.2018 11.10.01 25.74575 296.4262 65.9099 0.2388 -5.6126 7.8019 343.2975 179.3939 383.5325 448.6648 -69.9148 222.8016 0.0000
4700.03 18.07.2018 11.20.01 25.79391 296.5102 -15.8827 -0.0575 -5.5163 7.2784 326.7571 171.1827 383.2809 449.5989 -66.2270 224.3046 0.0000
4710.03 18.07.2018 11.30.01 25.80737 296.5481 -59.0905 -0.2141 -5.2561 6.7227 309.4833 162.5855 382.7170 449.9126 -62.7963 225.7455 0.0000
4720.03 18.07.2018 11.40.01 25.80212 296.5119 -75.2662 -0.2727 -4.9154 6.1903 293.0940 154.4192 382.0590 449.6975 -59.8065 227.1090 0.0000
4730.03 18.07.2018 11.50.01 25.78924 296.4267 -85.8156 -0.3109 -4.5494 5.6513 276.5395 146.1720 381.3239 449.1041 -56.9612 228.3913 0.0000
4740.03 18.07.2018 12.00.01 25.77120 296.3852 -93.4037 -0.3384 -4.1699 5.1086 260.0119 137.9460 380.5897 448.2453 -53.9013 229.5675 0.0000
4750.03 18.07.2018 12.10.01 25.75085 296.4654 37.5917 0.1362 -3.7880 5.2322 258.3067 136.4787 379.9518 447.2106 -51.4766 230.6233 0.0000
4760.03 18.07.2018 12.20.01 25.78500 296.5520 108.5260 0.3932 -3.6793 5.4300 259.4585 136.6065 379.7543 446.2120 -52.4930 231.6466 0.0000
4770.03 18.07.2018 12.30.01 25.84921 296.6722 141.4175 0.5124 -3.7106 5.6307 261.0131 136.9729 379.7229 445.4339 -53.3961 232.6519 0.0000
4780.03 18.07.2018 12.40.01 25.92797 296.9590 155.7675 0.5644 -3.8013 5.8209 262.5444 137.3395 380.1698 445.3653 -50.6403 233.6234 0.0000
4790.03 18.07.2018 12.50.01 26.01351 297.2235 161.2958 0.5844 -3.9119 5.9950 263.9573 137.6621 380.6442 445.5274 -48.4818 234.5564 0.0000
4800.03 18.07.2018 13.00.01 26.10214 297.3231 162.9064 0.5902 -4.0272 6.1566 265.8472 138.2936 381.2616 445.8479 -47.7530 235.4592 0.0000
4810.03 18.07.2018 13.10.01 26.19076 297.3124 71.9127 0.2606 -4.1366 5.8629 257.7811 134.4327 381.9676 447.1277 -44.5363 236.4092 0.0000
4820.03 18.07.2018 13.20.01 26.24163 297.2891 21.7523 0.0788 -4.0578 5.5155 247.7053 129.4520 382.1621 446.8713 -46.4251 237.4195 0.0000
4830.03 18.07.2018 13.30.01 26.27072 297.5587 -3.5659 -0.0129 -3.8842 5.1617 237.2438 124.2493 382.3550 445.8881 -49.3428 238.4971 0.0000
4840.03 18.07.2018 13.40.01 26.28835 297.4493 -15.9973 -0.0580 -3.6664 4.8112 226.6609 118.9702 383.5352 445.0566 -47.8684 239.5561 0.0000
4850.03 18.07.2018 13.50.01 26.30032 297.3555 -20.6224 -0.0747 -3.4285 4.4717 216.1771 113.7320 384.6014 443.5757 -49.2579 240.5504 0.0000
4860.03 18.07.2018 14.00.01 26.30978 297.3364 -22.8206 -0.0827 -3.1872 4.1394 205.7763 108.5318 385.5478 441.8484 -50.6361 241.4536 0.0000
4870.03 18.07.2018 14.10.01 26.31741 297.2540 -42.8284 -0.1552 -2.9483 3.7241 188.1933 99.4604 384.0332 440.3824 -43.8762 242.3113 0.0000
4880.03 18.07.2018 14.20.01 26.31570 297.1441 -58.7329 -0.2128 -2.6794 3.2888 169.5772 89.7999 382.1075 438.3571 -38.6110 243.1329 0.0000
4890.03 18.07.2018 14.30.01 26.30605 297.0473 -65.6343 -0.2378 -2.3903 2.8700 151.1349 80.2161 380.0555 435.8898 -35.0309 243.8955 0.0000
4900.03 18.07.2018 14.40.01 26.29241 296.9636 -70.1180 -0.2541 -2.1006 2.4621 132.5569 70.5629 378.1580 433.1974 -31.5418 244.5945 0.0000
4910.03 18.07.2018 14.50.01 26.27575 296.8723 -72.3584 -0.2622 -1.8137 2.0688 113.9299 60.8563 376.2233 430.1344 -28.7935 245.1914 0.0000
4920.03 18.07.2018 15.00.01 26.25707 296.7299 -71.7608 -0.2600 -1.5338 1.6984 95.5381 51.2524 374.2340 426.7115 -26.5236 245.6820 0.0000
4930.03 18.07.2018 15.10.01 26.23797 296.4743 -26.8349 -0.0972 -1.2710 1.5651 89.7133 48.0869 371.3753 423.3865 -24.6854 245.8933 0.0000
4940.03 18.07.2018 15.20.01 26.23702 296.1688 3.4251 0.0124 -1.1102 1.4968 86.1269 46.1598 368.6494 420.3273 -24.5185 246.0829 0.0000
4950.03 18.07.2018 15.30.01 26.24780 295.8883 16.2361 0.0588 -1.0208 1.4395 82.8719 44.4144 366.0031 417.3801 -24.7569 246.2638 0.0000
4960.03 18.07.2018 15.40.01 26.26318 295.6421 20.3854 0.0739 -0.9643 1.3842 79.6840 42.7061 363.5557 414.6222 -24.1449 246.4311 0.0000
4970.03 18.07.2018 15.50.01 26.27975 295.4231 20.4699 0.0742 -0.9228 1.3293 76.5074 41.0039 361.1152 411.9586 -23.4409 246.5797 0.0000
4980.03 18.07.2018 16.00.01 26.29568 295.2056 18.6057 0.0674 -0.8885 1.2746 73.3503 39.3119 358.6461 409.3563 -22.6237 246.7126 0.0000
4990.03 18.07.2018 16.10.01 26.31030 295.4059 29.4495 0.1067 -0.8575 1.2856 80.5700 43.0073 358.4087 408.3334 -18.9502 246.8392 0.0000
5000.03 18.07.2018 16.20.01 26.32900 295.6303 34.1480 0.1237 -0.8535 1.3029 89.5298 47.7027 358.6439 408.1692 -16.5206 246.9861 0.0000
5010.03 18.07.2018 16.30.01 26.34927 295.8718 28.4544 0.1031 -0.8612 1.2858 98.7923 52.5971 359.1493 408.4906 -14.8425 247.1614 0.0000
5020.03 18.07.2018 16.40.01 26.36682 296.1223 31.4647 0.1140 -0.8591 1.2975 109.0199 57.8842 359.8074 409.1087 -13.5776 247.3700 0.0000
5030.03 18.07.2018 16.50.01 26.38549 296.3818 35.1258 0.1273 -0.8674 1.3262 121.1458 64.2895 360.6212 410.3619 -13.1017 247.6042 0.0000
5040.03 18.07.2018 17.00.01 26.40530 296.6452 33.0311 0.1197 -0.8865 1.3415 132.8267 70.4526 361.4926 411.8841 -13.0268 247.8509 0.0000
5050.03 18.07.2018 17.10.01 26.42385 296.3529 27.8509 0.1009 -0.9057 1.3422 127.1234 67.5603 361.3017 411.8147 -16.7137 248.0845 0.0000
5060.03 18.07.2018 17.20.01 26.43932 296.0315 7.2113 0.0261 -0.9224 1.2647 117.4509 62.4132 360.4087 410.4916 -19.7835 248.3122 0.0000
5070.03 18.07.2018 17.30.01 26.44540 295.7020 -8.3863 -0.0304 -0.9059 1.1674 108.8657 57.9499 359.1425 408.8959 -22.3597 248.5391 0.0000
5080.03 18.07.2018 17.40.01 26.44402 295.3651 -16.7200 -0.0606 -0.8671 1.0753 97.8334 52.1460 357.8299 406.8385 -23.9489 248.7329 0.0000
5090.03 18.07.2018 17.50.01 26.43826 295.0249 -24.7714 -0.0898 -0.8210 0.9750 88.4380 47.3377 356.3985 404.7288 -24.9707 248.9139 0.0000
5100.03 18.07.2018 18.00.01 26.42822 294.6827 -30.2696 -0.1097 -0.7673 0.8768 76.8795 41.2277 354.9317 402.1851 -24.8654 249.0809 0.0000
5110.03 18.07.2018 18.10.01 26.41506 294.3227 -38.5037 -0.1395 -0.7105 0.7613 66.4730 35.6247 353.0226 399.6090 -22.6920 249.2291 0.0000
5120.03 18.07.2018 18.20.01 26.39773 293.9633 -44.0101 -0.1595 -0.6447 0.6470 57.0407 30.6044 351.0956 397.0932 -20.9065 249.3510 0.0000
5130.03 18.07.2018 18.30.01 26.37734 293.6029 -48.5042 -0.1757 -0.5754 0.5329 50.2414 27.1636 349.1332 394.8545 -19.6637 249.4470 0.0000
5140.03 18.07.2018 18.40.01 26.35430 293.2429 -51.8161 -0.1877 -0.5046 0.4225 37.1676 20.1044 347.1642 391.9342 -17.4912 249.5255 0.0000
5150.03 18.07.2018 18.50.01 26.32916 292.8806 -56.2779 -0.2039 -0.4353 0.3086 23.7011 12.8151 345.1401 388.8387 -15.0646 249.5837 0.0000
5160.03 18.07.2018 19.00.01 26.30139 292.5171 -60.3179 -0.2185 -0.3649 0.1952 9.9929 5.3790 343.0678 385.6234 -12.4134 249.6299 0.0000
5170.03 18.07.2018 19.10.01 26.27120 292.2635 -53.0910 -0.1924 -0.2941 0.1356 7.4574 4.0033 342.7913 383.4232 -10.3442 249.6525 0.0000
5180.03 18.07.2018 19.20.01 26.24340 292.0205 -45.7821 -0.1659 -0.2448 0.1053 5.8643 3.1469 342.7954 381.6176 -9.0605 249.6670 0.0000
5190.03 18.07.2018 19.30.01 26.21807 291.7811 -43.1022 -0.1562 -0.2162 0.0801 4.4350 2.3804 342.8984 379.9980 -8.1657 249.6784 0.0000
5200.03 18.07.2018 19.40.01 26.19332 291.5462 -43.3209 -0.1570 -0.1988 0.0558 3.0357 1.6306 343.0588 378.5209 -7.5238 249.6898 0.0000
5210.03 18.07.2018 19.50.01 26.16799 291.3116 -44.9942 -0.1630 -0.1868 0.0317 1.6417 0.8836 343.2500 377.1534 -7.0937 249.7011 0.0000
5220.03 18.07.2018 20.00.01 26.14138 291.0883 -47.3904 -0.1717 -0.1774 0.0077 0.2507 0.1382 343.4975 375.8845 -6.8151 249.7079 0.0000
5230.03 18.07.2018 20.10.01 26.11321 291.0192 -46.6933 -0.1692 -0.1702 0.0013 0.0422 0.0232 345.1161 375.0934 -6.1759 249.7113 0.0000
5240.03 18.07.2018 20.20.01 26.08480 290.9551 -47.0352 -0.1704 -0.1706 0.0002 0.0079 0.0043 346.8697 374.5096 -5.8332 249.7162 0.0000
5250.03 18.07.2018 20.30.01 26.05551 290.8887 -48.0547 -0.1741 -0.1741 0.0000 0.0014 0.0008 348.6478 374.0632 -5.6961 249.7233 0.0000
5260.03 18.07.2018 20.40.01 26.02542 290.8189 -49.9950 -0.1811 -0.1811 0.0000 0.0003 0.0001 350.4363 373.7318 -5.7190 249.7319 0.0000
5270.03 18.07.2018 20.50.01 25.99401 290.7475 -51.9797 -0.1883 -0.1883 0.0000 0.0000 0.0000 352.2413 373.4974 -5.8825 249.7407 0.0000
5280.03 18.07.2018 21.00.01 25.96142 290.6754 -54.1280 -0.1961 -0.1961 0.0000 0.0000 0.0000 354.0536 373.3458 -6.1622 249.7514 0.0000
5290.03 18.07.2018 21.10.01 25.92751 290.5953 -56.0754 -0.2032 -0.2032 0.0000 0.0000 0.0000 353.8361 373.0194 -6.2397 249.7622 0.0000
5300.03 18.07.2018 21.20.01 25.89242 290.5120 -58.0298 -0.2103 -0.2103 0.0000 0.0000 0.0000 353.5183 372.6443 -6.2610 249.7713 0.0000
5310.03 18.07.2018 21.30.01 25.85613 290.4283 -60.1546 -0.2180 -0.2180 0.0000 0.0000 0.0000 353.1914 372.2612 -6.2708 249.7798 0.0000
5320.03 18.07.2018 21.40.01 25.81854 290.3447 -62.0433 -0.2248 -0.2248 0.0000 0.0000 0.0000 352.8653 371.8745 -6.2729 249.7871 0.0000
5330.03 18.07.2018 21.50.01 25.77984 290.2614 -63.7589 -0.2310 -0.2310 0.0000 0.0000 0.0000 352.5382 371.4857 -6.2673 249.7925 0.0000
5340.03 18.07.2018 22.00.01 25.74011 290.1782 -65.3167 -0.2367 -0.2367 0.0000 0.0000 0.0000 352.2105 371.0960 -6.2571 249.7955 0.0000
5350.03 18.07.2018 22.10.01 25.69952 290.1102 -66.6570 -0.2415 -0.2415 0.0000 0.0000 0.0000 351.3805 370.6626 -6.0998 249.7961 0.0000
5360.03 18.07.2018 22.20.01 25.65817 290.0407 -67.9689 -0.2463 -0.2463 0.0000 0.0000 0.0000 350.5241 370.2020 -5.9254 249.7961 0.0000
5370.03 18.07.2018 22.30.01 25.61605 289.9711 -69.0679 -0.2502 -0.2502 0.0000 0.0000 0.0000 349.6592 369.7284 -5.7301 249.7961 0.0000
5380.03 18.07.2018 22.40.01 25.57318 289.9014 -69.9278 -0.2534 -0.2534 0.0000 0.0000 0.0000 348.7933 369.2446 -5.5229 249.7961 0.0000
5390.03 18.07.2018 22.50.01 25.52984 289.8318 -70.9077 -0.2569 -0.2569 0.0000 0.0000 0.0000 347.9271 368.7529 -5.3013 249.7961 0.0000
5400.03 18.07.2018 23.00.01 25.48589 289.7614 -71.6638 -0.2597 -0.2597 0.0000 0.0000 0.0000 347.0598 368.2534 -5.0766 249.7961 0.0000
5410.03 18.07.2018 23.10.01 25.44149 289.5865 -72.5044 -0.2627 -0.2627 0.0000 0.0000 0.0000 345.9974 367.6148 -5.3804 249.7961 0.0000
5420.03 18.07.2018 23.20.01 25.39660 289.4114 -73.7939 -0.2674 -0.2674 0.0000 0.0000 0.0000 344.9019 366.9479 -5.5964 249.7961 0.0000
5430.03 18.07.2018 23.30.01 25.35082 289.2359 -74.8373 -0.2711 -0.2711 0.0000 0.0000 0.0000 343.7938 366.2552 -5.7710 249.7961 0.0000
5440.03 18.07.2018 23.40.01 25.30441 289.0588 -75.9141 -0.2751 -0.2751 0.0000 0.0000 0.0000 342.6749 365.5319 -5.9566 249.7961 0.0000
5450.03 18.07.2018 23.50.01 25.25735 288.8826 -76.9818 -0.2789 -0.2789 0.0000 0.0000 0.0000 341.5519 364.8008 -6.0721 249.7961 0.0000
5460.03 19.07.2018 00.00.01 25.20974 288.7067 -78.0101 -0.2826 -0.2826 0.0000 0.0000 0.0000 340.4260 364.0549 -6.1643 249.7961 0.0000
5470.03 19.07.2018 00.10.01 25.16137 288.5027 -78.8268 -0.2856 -0.2856 0.0000 0.0000 0.0000 339.5116 363.2909 -6.4213 249.7961 0.0000
5480.03 19.07.2018 00.20.01 25.11257 288.3025 -79.8548 -0.2893 -0.2893 0.0000 0.0000 0.0000 338.6304 362.5329 -6.6476 249.7961 0.0000
5490.03 19.07.2018 00.30.01 25.06313 288.1017 -80.6268 -0.2921 -0.2921 0.0000 0.0000 0.0000 337.7446 361.7706 -6.8621 249.7961 0.0000
5500.03 19.07.2018 00.40.01 25.01327 287.9012 -81.4604 -0.2951 -0.2951 0.0000 0.0000 0.0000 336.8493 361.0032 -7.0605 249.7961 0.0000
5510.03 19.07.2018 00.50.01 24.96292 287.7012 -82.3307 -0.2983 -0.2983 0.0000 0.0000 0.0000 335.9478 360.2322 -7.2418 249.7961 0.0000
5520.03 19.07.2018 01.00.01 24.91192 287.5026 -83.0171 -0.3008 -0.3008 0.0000 0.0000 0.0000 335.0426 359.4598 -7.4060 249.7961 0.0000
5530.03 19.07.2018 01.10.01 24.86065 287.3997 -83.8619 -0.3038 -0.3038 0.0000 0.0000 0.0000 334.8216 358.8504 -7.2078 249.7961 0.0000
5540.03 19.07.2018 01.20.01 24.80908 287.3011 -84.2253 -0.3052 -0.3052 0.0000 0.0000 0.0000 334.6570 358.2956 -7.0503 249.7961 0.0000
5550.03 19.07.2018 01.30.01 24.75744 287.2072 -84.2018 -0.3051 -0.3051 0.0000 0.0000 0.0000 334.5180 357.7777 -6.9105 249.7961 0.0000
5560.03 19.07.2018 01.40.01 24.70596 287.1193 -84.1904 -0.3050 -0.3050 0.0000 0.0000 0.0000 334.4039 357.3031 -6.7611 249.7959 0.0000
5570.03 19.07.2018 01.50.01 24.65438 287.0368 -84.1938 -0.3050 -0.3050 0.0000 0.0000 0.0000 334.2642 356.8577 -6.6054 249.7934 0.0000
5580.03 19.07.2018 02.00.01 24.60272 286.9535 -84.2285 -0.3052 -0.3052 0.0000 0.0003 0.0002 334.0968 356.4263 -6.4796 249.7905 0.0000
5590.03 19.07.2018 02.10.01 24.55084 286.8755 -83.6768 -0.3032 -0.3053 0.0028 0.1856 0.0989 333.5350 355.9573 -6.4281 249.7861 0.0000
5600.03 19.07.2018 02.20.01 24.49899 286.7883 -83.8685 -0.3039 -0.3087 0.0064 0.3982 0.2128 332.9159 355.4563 -6.5018 249.7821 0.0000
5610.03 19.07.2018 02.30.01 24.44695 286.6943 -84.7830 -0.3072 -0.3148 0.0101 0.6151 0.3290 332.2029 354.9271 -6.6135 249.7791 0.0000
5620.03 19.07.2018 02.40.01 24.39422 286.6023 -85.9611 -0.3115 -0.3219 0.0139 0.8328 0.4456 331.5078 354.4115 -6.6748 249.7765 0.0000
5630.03 19.07.2018 02.50.01 24.34066 286.5125 -87.4361 -0.3168 -0.3300 0.0176 1.0507 0.5624 330.8112 353.8785 -6.7892 249.7752 0.0000
5640.03 19.07.2018 03.00.01 24.28619 286.4143 -88.9150 -0.3222 -0.3383 0.0215 1.2737 0.6819 330.0847 353.3219 -6.9481 249.7752 0.0000
5650.03 19.07.2018 03.10.01 24.23095 286.4325 -80.1419 -0.2904 -0.3440 0.0715 4.5772 2.4433 329.7087 353.1656 -6.5102 249.7752 0.0000
5660.03 19.07.2018 03.20.01 24.17968 286.4598 -72.9961 -0.2645 -0.3658 0.1351 8.3346 4.4554 329.5107 353.1954 -6.2858 249.7752 0.0000
5670.03 19.07.2018 03.30.01 24.13162 286.4883 -68.6858 -0.2489 -0.3996 0.2010 12.1643 6.5072 329.3863 353.3262 -6.2057 249.7752 0.0000
5680.03 19.07.2018 03.40.01 24.08563 286.5195 -65.9384 -0.2389 -0.4394 0.2674 16.0080 8.5668 329.2950 353.5385 -6.2224 249.7752 0.0000
5690.03 19.07.2018 03.50.01 24.04107 286.5581 -64.0124 -0.2319 -0.4823 0.3338 19.8541 10.6276 329.2224 353.8212 -6.3151 249.7753 0.0000
5700.03 19.07.2018 04.00.01 23.99752 286.5931 -62.5209 -0.2265 -0.5268 0.4003 23.7058 12.6915 329.1703 354.1527 -6.5117 249.7762 0.0000
5710.03 19.07.2018 04.10.01 23.95495 286.9413 -51.2615 -0.1857 -0.5711 0.5138 30.6864 16.4231 329.8064 355.1251 -5.5279 249.7800 0.0000
5720.03 19.07.2018 04.20.01 23.91750 287.3072 -42.3906 -0.1536 -0.6343 0.6410 38.1279 20.4092 330.6775 356.3894 -4.8313 249.7914 0.0000
5730.03 19.07.2018 04.30.01 23.88427 287.6798 -36.5631 -0.1325 -0.7104 0.7706 45.6429 24.4357 331.6533 357.8434 -4.3451 249.8028 0.0000
5740.03 19.07.2018 04.40.01 23.85406 288.0557 -32.3824 -0.1173 -0.7928 0.9006 53.1721 28.4700 332.6899 359.4531 -4.0404 249.8146 0.0000
5750.03 19.07.2018 04.50.01 23.82614 288.4340 -28.8789 -0.1046 -0.8777 1.0307 73.7506 39.6542 333.7745 362.1362 -5.0654 249.8374 0.0000
5760.03 19.07.2018 05.00.01 23.80023 288.8215 -23.0526 -0.0835 -0.9634 1.1732 84.0697 45.2033 334.9852 364.5135 -5.6354 249.8603 0.0000
5770.03 19.07.2018 05.10.01 23.77734 289.2071 -20.3702 -0.0738 -1.0548 1.3081 141.0703 76.2259 336.1755 370.2535 -10.2404 249.8921 0.0000
5780.03 19.07.2018 05.20.01 23.75634 289.6272 -7.4319 -0.0269 -1.1448 1.4905 196.9853 106.5239 337.7286 377.1984 -15.8209 249.9415 0.0000
5790.03 19.07.2018 05.30.01 23.74145 290.0696 3.0608 0.0111 -1.2534 1.6859 242.2102 130.3930 339.5260 383.6738 -20.4414 250.0006 0.0000
5800.03 19.07.2018 05.40.01 23.73190 290.5116 8.5359 0.0309 -1.3737 1.8728 227.9609 122.5256 341.3620 387.1887 -21.4505 250.0708 0.0000
5810.03 19.07.2018 05.50.01 23.72549 290.9303 -0.1110 -0.0004 -1.4934 1.9907 212.4220 113.9914 342.7745 389.4301 -20.9110 250.1509 0.0000
5820.03 19.07.2018 06.00.01 23.71661 291.3259 -3.0926 -0.0112 -1.5839 2.0969 195.2384 104.4856 344.0400 390.8085 -19.9031 250.2382 0.0000
5830.03 19.07.2018 06.10.01 23.70748 291.7612 -15.2796 -0.0554 -1.6568 2.1353 192.7395 101.5038 345.6531 391.4144 -15.3494 250.3464 0.0000
5840.03 19.07.2018 06.20.01 23.69460 292.1406 -9.9155 -0.0359 -1.6918 2.2078 209.7749 110.1887 347.3054 395.0846 -15.6919 250.4655 0.0000
5850.03 19.07.2018 06.30.01 23.68517 292.4881 -1.0382 -0.0038 -1.7258 2.2960 226.8865 118.8949 349.1029 398.3218 -21.3711 250.6260 0.0000
5860.03 19.07.2018 06.40.01 23.68063 293.1379 8.6477 0.0313 -1.7656 2.3959 236.9444 124.0085 351.5968 402.5472 -17.9145 250.8270 0.0000
5870.03 19.07.2018 06.50.01 23.68200 293.7383 73.5429 0.2665 -1.8114 2.7705 248.4040 129.7625 354.5047 406.8873 -16.6763 251.1073 0.0000
5880.03 19.07.2018 07.00.01 23.71163 293.8720 113.9608 0.4129 -1.9766 3.1859 259.6675 135.3698 356.8660 410.1500 -24.0374 251.3958 0.0000
5890.03 19.07.2018 07.10.01 23.75958 294.2384 141.5659 0.5129 -2.2095 3.6299 264.6273 137.9028 358.1855 414.6441 -22.4214 251.7059 0.0000
5900.03 19.07.2018 07.20.01 23.82052 294.2444 149.2886 0.5409 -2.4831 4.0320 275.8427 144.1844 359.1506 417.9375 -34.2127 252.0479 0.0000
5910.03 19.07.2018 07.30.01 23.88610 294.1966 153.6935 0.5569 -2.7583 4.4202 274.5818 142.9484 359.9041 418.4945 -43.9092 252.4097 0.0000
5920.03 19.07.2018 07.40.01 23.95486 294.5369 157.0077 0.5689 -3.0281 4.7959 280.8046 146.1114 361.8707 422.5474 -31.0701 252.7856 0.0000
5930.03 19.07.2018 07.50.01 24.02636 294.5059 159.4826 0.5778 -3.2899 5.1569 287.1543 149.3498 363.2922 423.4499 -47.8853 253.1864 0.0000
5940.03 19.07.2018 08.00.01 24.10024 294.6153 155.2880 0.5626 -3.5426 5.4737 293.1293 152.4138 364.1413 423.4552 -61.3643 253.6009 0.0000
5950.03 19.07.2018 08.10.01 24.17397 294.8521 196.0892 0.7105 -3.7753 5.9810 307.6124 159.5782 365.0943 425.1387 -61.3794 254.0309 0.0000
5960.03 19.07.2018 08.20.01 24.26577 295.1107 227.7943 0.8253 -4.0799 6.5403 323.2537 167.3486 366.4692 427.4576 -62.4307 254.4970 0.0000
5970.03 19.07.2018 08.30.01 24.37213 295.3748 253.5183 0.9185 -4.4348 7.1378 339.6510 175.5031 368.0580 430.1509 -64.0852 254.9997 0.0000
5980.03 19.07.2018 08.40.01 24.49069 295.6395 263.1411 0.9534 -4.8272 7.7075 354.3691 182.8153 369.6812 433.0437 -66.0527 255.5477 0.0000
5990.03 19.07.2018 08.50.01 24.61483 295.8934 269.2984 0.9757 -5.2234 8.2654 368.2593 189.6548 371.1829 435.9818 -68.2081 256.1310 0.0000
6000.03 19.07.2018 09.00.01 24.74291 296.1426 274.4532 0.9944 -5.6164 8.8144 382.3317 196.6194 372.6685 439.0704 -70.7057 256.7552 0.0000
6010.03 19.07.2018 09.10.01 24.87408 296.4091 233.1190 0.8446 -6.0060 9.1341 388.5206 199.8519 374.6813 442.5486 -71.0145 257.4171 0.0000
6020.03 19.07.2018 09.20.01 24.98943 296.6610 204.3042 0.7402 -6.2966 9.3825 392.8147 202.0623 376.4369 445.8295 -70.0935 258.0979 0.0000
6030.03 19.07.2018 09.30.01 25.09390 296.9055 190.8210 0.6914 -6.5181 9.6126 397.1080 204.3053 378.0911 449.0419 -70.7710 258.7956 0.0000
6040.03 19.07.2018 09.40.01 25.19344 297.1421 184.9156 0.6700 -6.7032 9.8309 401.4822 206.5528 379.6706 452.2990 -69.9538 259.5064 0.0000
6050.03 19.07.2018 09.50.01 25.29122 297.3883 182.2002 0.6601 -6.8692 10.0392 406.0743 208.9477 381.3176 455.6232 -69.1343 260.2294 0.0000
6060.03 19.07.2018 10.00.01 25.38848 297.6235 171.0449 0.6197 -7.0227 10.1900 409.8360 210.9406 382.8734 458.7909 -69.6664 260.9707 0.0000
6070.03 19.07.2018 10.10.01 25.48107 297.5970 100.5854 0.3644 -7.1459 10.0138 404.1436 208.4277 383.3616 462.7143 -65.5017 261.7729 0.0000
6080.03 19.07.2018 10.20.01 25.54492 297.7227 54.2578 0.1966 -7.1191 9.7542 396.5157 204.8849 384.4583 464.8341 -71.4531 262.6223 0.0000
6090.03 19.07.2018 10.30.01 25.58956 297.9311 21.6183 0.0783 -6.9966 9.4333 387.6659 200.7085 385.3110 465.5364 -80.9240 263.5035 0.0000
6100.03 19.07.2018 10.40.01 25.62060 298.2178 15.4032 0.0558 -6.8081 9.1519 380.5874 197.4244 388.1989 467.5506 -73.4791 264.3434 0.0000
6110.03 19.07.2018 10.50.01 25.64941 298.7143 9.2236 0.0334 -6.5981 8.8421 373.0931 193.9408 391.9001 469.2973 -68.6175 265.8066 0.0000
6120.03 19.07.2018 11.00.01 25.67541 299.0280 -1.4132 -0.0051 -6.3734 8.4910 365.1363 190.2485 395.6784 470.2563 -69.0577 267.0825 0.0000
6130.03 19.07.2018 11.10.01 25.69619 298.8637 -74.0427 -0.2683 -6.1234 7.8069 340.4571 177.8662 395.2597 470.4459 -63.2133 268.3258 0.0000
6140.03 19.07.2018 11.20.01 25.68630 298.5909 -127.1412 -0.4607 -5.7256 7.0199 312.7050 163.8080 394.3499 468.0574 -65.4844 269.6156 0.0000
6150.03 19.07.2018 11.30.01 25.65325 298.4518 -158.8335 -0.5755 -5.2293 6.2052 284.3899 149.4591 393.3888 464.3272 -69.7699 270.9313 0.0000
6160.03 19.07.2018 11.40.01 25.60586 298.3318 -169.6126 -0.6145 -4.6788 5.4190 257.0908 135.6025 394.3074 461.6391 -62.7111 272.1450 0.0000
6170.03 19.07.2018 11.50.01 25.55337 298.1931 -176.3074 -0.6388 -4.1116 4.6305 229.7713 121.7447 395.3974 458.1385 -60.5806 273.1587 0.0000
6180.03 19.07.2018 12.00.01 25.49749 298.0828 -181.2090 -0.6566 -3.5373 3.8410 202.5017 107.9165 396.0246 453.9152 -60.2341 273.9819 0.0000
6190.03 19.07.2018 12.10.01 25.44024 298.0119 -56.5088 -0.2047 -2.9678 3.6840 196.1388 104.4182 394.4934 450.7463 -56.5252 274.6769 0.0000
6200.03 19.07.2018 12.20.01 25.43444 297.9780 16.1152 0.0584 -2.6642 3.6301 193.3609 102.9056 393.5798 448.5308 -53.7778 275.3250 0.0000
6210.03 19.07.2018 12.30.01 25.45883 297.9565 50.7752 0.1840 -2.5103 3.5924 191.1326 101.6973 392.9405 446.6968 -51.5024 275.9652 0.0000
6220.03 19.07.2018 12.40.01 25.49798 297.9372 67.1222 0.2432 -2.4250 3.5575 189.0207 100.5523 392.4086 445.1107 -49.5451 276.5945 0.0000
6230.03 19.07.2018 12.50.01 25.54431 297.9223 74.7035 0.2707 -2.3707 3.5218 186.9242 99.4179 391.9170 443.7234 -47.8731 277.2195 0.0000
6240.03 19.07.2018 13.00.01 25.59399 297.9073 77.6268 0.2813 -2.3308 3.4827 184.8174 98.2812 391.4486 442.4765 -46.4480 277.8401 0.0000
6250.03 19.07.2018 13.10.01 25.64620 297.9486 190.4579 0.6901 -2.3021 3.9895 201.1569 106.2255 388.8435 441.6553 -46.9089 278.4730 0.0000
6260.03 19.07.2018 13.20.01 25.74560 297.9956 253.4250 0.9182 -2.5065 4.5662 220.6417 115.9463 386.6085 441.6794 -48.8636 279.2497 0.0000
6270.03 19.07.2018 13.30.01 25.87167 298.0718 278.7700 1.0100 -2.8343 5.1257 240.2916 125.7968 384.7107 442.0970 -51.4758 280.1984 0.0000
6280.03 19.07.2018 13.40.01 26.00918 298.1677 288.7276 1.0461 -3.2063 5.6699 260.2715 135.8269 382.8713 442.9374 -53.8452 281.3353 0.0000
6290.03 19.07.2018 13.50.01 26.15154 298.2897 287.1707 1.0405 -3.5905 6.1747 279.9512 145.7428 381.2088 444.0558 -57.0003 282.6699 0.0000
6300.03 19.07.2018 14.00.01 26.29373 298.3984 274.1525 0.9933 -3.9636 6.6092 298.7831 155.2695 379.7583 445.3285 -60.8846 284.1486 0.0000
6310.03 19.07.2018 14.10.01 26.42925 298.3097 114.9771 0.4166 -4.2974 6.2853 289.1018 150.7323 380.1153 446.0390 -62.7772 285.6859 0.0000
6320.03 19.07.2018 14.20.01 26.49795 298.1974 14.2431 0.0516 -4.2996 5.8016 273.4413 142.8635 379.6639 445.3058 -62.9389 287.1765 0.0000
6330.03 19.07.2018 14.30.01 26.52395 298.0702 -32.7450 -0.1186 -4.1063 5.3169 257.3689 134.7462 378.9476 443.9818 -62.6286 288.5672 0.0000
6340.03 19.07.2018 14.40.01 26.52886 297.9342 -54.0241 -0.1957 -3.8312 4.8473 241.2382 126.6003 378.2477 442.3453 -61.5026 289.8274 0.0000
6350.03 19.07.2018 14.50.01 26.52358 297.8031 -60.6660 -0.2198 -3.5281 4.4111 225.6565 118.7276 377.3933 440.3666 -60.3310 290.9495 0.0000
6360.03 19.07.2018 15.00.01 26.51412 297.6645 -66.4959 -0.2409 -3.2253 3.9791 209.6763 110.6071 376.3686 438.0409 -58.7621 291.9456 0.0000
6370.03 19.07.2018 15.10.01 26.50103 297.4833 -53.7921 -0.1949 -2.9300 3.6468 198.4814 104.9626 375.2564 435.9785 -56.3715 292.4091 0.0000
6380.03 19.07.2018 15.20.01 26.49276 297.2998 -42.7987 -0.1551 -2.6702 3.3535 186.7283 98.9181 374.1251 433.7599 -53.8978 292.8429 0.0000
6390.03 19.07.2018 15.30.01 26.48803 297.1175 -36.2279 -0.1313 -2.4438 3.0834 175.2845 93.0203 373.0023 431.4914 -51.5446 293.2571 0.0000
6400.03 19.07.2018 15.40.01 26.48510 296.9346 -33.4396 -0.1212 -2.2401 2.8252 163.3810 86.8751 371.8784 429.1528 -49.1314 293.6489 0.0000
6410.03 19.07.2018 15.50.01 26.48251 296.7517 -29.3022 -0.1062 -2.0510 2.5931 152.4672 81.2821 370.7572 426.8494 -46.8190 294.0124 0.0000
6420.03 19.07.2018 16.00.01 26.48092 296.5697 -25.4787 -0.0923 -1.8791 2.3824 141.7473 75.7718 369.6270 424.5419 -44.3751 294.3565 0.0000
6430.03 19.07.2018 16.10.01 26.48034 296.4628 -7.3779 -0.0267 -1.7232 2.2620 140.6002 75.0722 367.9694 422.4352 -42.5656 294.6775 0.0000
6440.03 19.07.2018 16.20.01 26.48651 296.3620 5.0622 0.0183 -1.6120 2.1737 141.4394 75.4894 366.5032 420.7151 -42.0024 295.0092 0.0000
6450.03 19.07.2018 16.30.01 26.49716 296.2667 6.4464 0.0234 -1.5326 2.0747 142.6804 76.1430 365.1949 419.2246 -41.5989 295.3504 0.0000
6460.03 19.07.2018 16.40.01 26.50793 296.1727 12.6126 0.0457 -1.4619 2.0101 143.9834 76.7228 363.9219 417.7832 -40.7217 295.7015 0.0000
6470.03 19.07.2018 16.50.01 26.52075 296.0810 17.4207 0.0631 -1.4095 1.9636 146.8846 78.2432 362.6928 416.6296 -40.8256 296.0663 0.0000
6480.03 19.07.2018 17.00.01 26.53500 295.9917 15.8576 0.0575 -1.3728 1.9070 149.3786 79.5375 361.5003 415.5538 -41.0214 296.4296 0.0000
6490.03 19.07.2018 17.10.01 26.54791 295.7733 -1.2477 -0.0045 -1.3388 1.7790 138.0963 73.6074 360.3248 413.9421 -39.2996 296.7639 0.0000
6500.03 19.07.2018 17.20.01 26.55288 295.5433 -22.7862 -0.0826 -1.2767 1.5922 123.8619 66.0014 358.8398 411.7934 -36.2859 297.0679 0.0000
6510.03 19.07.2018 17.30.01 26.54812 295.3068 -38.0433 -0.1378 -1.1792 1.3885 110.0501 58.6755 357.1640 409.5278 -33.3560 297.3544 0.0000
6520.03 19.07.2018 17.40.01 26.53613 295.0615 -46.7079 -0.1692 -1.0605 1.1883 95.3173 50.8776 355.4775 407.1454 -29.8568 297.5896 0.0000
6530.03 19.07.2018 17.50.01 26.51949 294.8163 -54.4673 -0.1973 -0.9337 0.9818 81.5951 43.6962 353.7137 404.7132 -26.7095 297.7948 0.0000
6540.03 19.07.2018 18.00.01 26.49865 294.5705 -60.2112 -0.2182 -0.8012 0.7773 66.3225 35.5807 351.9242 401.9734 -23.2098 297.9577 0.0000
6550.03 19.07.2018 18.10.01 26.47460 294.2376 -49.2537 -0.1785 -0.6675 0.6520 56.5999 30.3339 350.4650 399.2599 -20.9288 298.0938 0.0000
6560.03 19.07.2018 18.20.01 26.45410 293.9070 -42.7009 -0.1547 -0.5675 0.5503 48.4667 26.0029 349.1158 396.7564 -19.1581 298.2163 0.0000
6570.03 19.07.2018 18.30.01 26.43524 293.5772 -41.5801 -0.1507 -0.4904 0.4530 42.7024 23.0865 347.7965 394.5807 -17.8039 298.3133 0.0000
6580.03 19.07.2018 18.40.01 26.41604 293.2468 -42.9352 -0.1556 -0.4250 0.3593 31.6071 17.0959 346.4992 391.8750 -15.8100 298.3975 0.0000
6590.03 19.07.2018 18.50.01 26.39538 292.9160 -46.6421 -0.1690 -0.3661 0.2628 20.1809 10.9112 345.2055 389.0639 -13.6719 298.4632 0.0000
6600.03 19.07.2018 19.00.01 26.37228 292.5830 -50.6046 -0.1834 -0.3084 0.1668 8.5489 4.6015 343.8904 386.1673 -11.5051 298.5170 0.0000
6610.03 19.07.2018 19.10.01 26.34673 292.2191 -45.5836 -0.1652 -0.2523 0.1162 6.3892 3.4299 342.4388 383.7712 -10.6535 298.5592 0.0000
6620.03 19.07.2018 19.20.01 26.32235 291.8581 -41.1582 -0.1491 -0.2168 0.0902 5.0261 2.6970 341.0863 381.6151 -10.1623 298.5818 0.0000
6630.03 19.07.2018 19.30.01 26.29882 291.4980 -40.8782 -0.1481 -0.1996 0.0686 3.8013 2.0403 339.7776 379.5703 -9.8239 298.6012 0.0000
6640.03 19.07.2018 19.40.01 26.27465 291.1380 -43.2120 -0.1566 -0.1924 0.0478 2.6020 1.3976 338.4862 377.6065 -9.5905 298.6127 0.0000
6650.03 19.07.2018 19.50.01 26.24868 290.7784 -46.7629 -0.1694 -0.1898 0.0272 1.4072 0.7574 337.2037 375.7068 -9.4455 298.6241 0.0000
6660.03 19.07.2018 20.00.01 26.22024 290.4193 -50.5020 -0.1830 -0.1879 0.0066 0.2149 0.1185 335.9244 373.8597 -9.3724 298.6354 0.0000
6670.03 19.07.2018 20.10.01 26.18939 290.2414 -51.1008 -0.1851 -0.1860 0.0012 0.0362 0.0199 335.1008 372.3899 -8.3340 298.6440 0.0000
6680.03 19.07.2018 20.20.01 26.15768 290.0661 -52.0505 -0.1886 -0.1887 0.0002 0.0068 0.0037 334.3652 371.0642 -7.5289 298.6506 0.0000
6690.03 19.07.2018 20.30.01 26.12512 289.8925 -54.0440 -0.1958 -0.1958 0.0000 0.0012 0.0007 333.6658 369.8355 -6.8809 298.6543 0.0000
6700.03 19.07.2018 20.40.01 26.09112 289.7207 -56.4147 -0.2044 -0.2044 0.0000 0.0002 0.0001 332.9919 368.6868 -6.3595 298.6550 0.0000
6710.03 19.07.2018 20.50.01 26.05563 289.5495 -59.1621 -0.2144 -0.2144 0.0000 0.0000 0.0000 332.3392 367.6038 -5.9467 298.6550 0.0000
6720.03 19.07.2018 21.00.01 26.01843 289.3789 -61.9661 -0.2245 -0.2245 0.0000 0.0000 0.0000 331.7036 366.5757 -5.6241 298.6550 0.0000
6730.03 19.07.2018 21.10.01 25.97949 289.1645 -64.8550 -0.2350 -0.2350 0.0000 0.0000 0.0000 331.2770 365.5567 -5.7028 298.6550 0.0000
6740.03 19.07.2018 21.20.01 25.93871 288.9504 -67.7876 -0.2456 -0.2456 0.0000 0.0000 0.0000 330.8619 364.5760 -5.8389 298.6550 0.0000
6750.03 19.07.2018 21.30.01 25.89614 288.7365 -70.6407 -0.2559 -0.2559 0.0000 0.0000 0.0000 330.4537 363.6271 -6.0161 298.6550 0.0000
6760.03 19.07.2018 21.40.01 25.85183 288.5230 -73.3799 -0.2659 -0.2659 0.0000 0.0000 0.0000 330.0516 362.7051 -6.2317 298.6550 0.0000
6770.03 19.07.2018 21.50.01 25.80587 288.3097 -76.0070 -0.2754 -0.2754 0.0000 0.0000 0.0000 329.6558 361.8076 -6.4761 298.6550 0.0000
6780.03 19.07.2018 22.00.01 25.75836 288.0969 -78.5393 -0.2846 -0.2846 0.0000 0.0000 0.0000 329.2647 360.9305 -6.7490 298.6550 0.0000
6790.03 19.07.2018 22.10.01 25.70934 287.9015 -80.9156 -0.2932 -0.2932 0.0000 0.0000 0.0000 327.9606 359.9971 -6.7853 298.6550 0.0000
6800.03 19.07.2018 22.20.01 25.65884 287.7047 -83.2994 -0.3018 -0.3018 0.0000 0.0000 0.0000 326.6110 359.0419 -6.7751 298.6550 0.0000
6810.03 19.07.2018 22.30.01 25.60696 287.5068 -85.7779 -0.3108 -0.3108 0.0000 0.0000 0.0000 325.2567 358.0694 -6.7646 298.6550 0.0000
6820.03 19.07.2018 22.40.01 25.55352 287.3101 -87.9178 -0.3185 -0.3185 0.0000 0.0000 0.0000 323.9045 357.0991 -6.7237 298.6550 0.0000
6830.03 19.07.2018 22.50.01 25.49886 287.1135 -90.1979 -0.3268 -0.3268 0.0000 0.0000 0.0000 322.5531 356.1243 -6.6716 298.6550 0.0000
6840.03 19.07.2018 23.00.01 25.44277 286.9167 -92.1273 -0.3338 -0.3338 0.0000 0.0000 0.0000 321.2026 355.1457 -6.6096 298.6550 0.0000
6850.03 19.07.2018 23.10.01 25.38552 286.6881 -94.0197 -0.3407 -0.3407 0.0000 0.0000 0.0000 320.2898 354.1708 -6.7781 298.6538 0.0000
6860.03 19.07.2018 23.20.01 25.32720 286.4631 -95.7348 -0.3469 -0.3469 0.0000 0.0000 0.0000 319.4347 353.2234 -6.9311 298.6511 0.0000
6870.03 19.07.2018 23.30.01 25.26785 286.2382 -97.3288 -0.3526 -0.3526 0.0000 0.0000 0.0000 318.5796 352.2835 -7.1093 298.6472 0.0000
6880.03 19.07.2018 23.40.01 25.20754 286.0233 -98.9778 -0.3586 -0.3586 0.0000 0.0000 0.0000 317.7495 351.3593 -7.2983 298.6420 0.0000
6890.03 19.07.2018 23.50.01 25.14614 285.8064 -100.7829 -0.3652 -0.3652 0.0000 0.0000 0.0000 316.8990 350.4365 -7.5042 298.6367 0.0000
6900.03 20.07.2018 00.00.01 25.08361 285.5873 -102.5892 -0.3717 -0.3717 0.0000 0.0000 0.0000 316.0285 349.5135 -7.7247 298.6314 0.0000
6910.03 20.07.2018 00.10.01 25.01995 285.4346 -104.2986 -0.3779 -0.3779 0.0000 0.0000 0.0000 315.0636 348.6450 -7.5325 298.6261 0.0000
6920.03 20.07.2018 00.20.01 24.95538 285.2809 -105.5432 -0.3824 -0.3824 0.0000 0.0000 0.0000 314.1028 347.7894 -7.3604 298.6193 0.0000
6930.03 20.07.2018 00.30.01 24.89013 285.1271 -106.7323 -0.3867 -0.3867 0.0000 0.0000 0.0000 313.1448 346.9459 -7.2006 298.6111 0.0000
6940.03 20.07.2018 00.40.01 24.82421 284.9732 -107.7700 -0.3905 -0.3905 0.0000 0.0000 0.0000 312.1950 346.1143 -7.0564 298.6014 0.0000
6950.03 20.07.2018 00.50.01 24.75756 284.8194 -108.6284 -0.3936 -0.3936 0.0000 0.0000 0.0000 311.2508 345.2933 -6.9236 298.5900 0.0000
6960.03 20.07.2018 01.00.01 24.69042 284.6654 -109.6593 -0.3973 -0.3973 0.0000 0.0000 0.0000 310.3086 344.4801 -6.7984 298.5763 0.0000
6970.03 20.07.2018 01.10.01 24.62267 284.5147 -110.6425 -0.4009 -0.4009 0.0000 0.0000 0.0000 309.7196 343.7280 -6.7296 298.5622 0.0000
6980.03 20.07.2018 01.20.01 24.55428 284.3656 -111.3956 -0.4036 -0.4036 0.0000 0.0000 0.0000 309.1697 343.0022 -6.6925 298.5473 0.0000
6990.03 20.07.2018 01.30.01 24.48562 284.2170 -112.4325 -0.4074 -0.4074 0.0000 0.0000 0.0000 308.6132 342.2929 -6.6718 298.5308 0.0000
7000.03 20.07.2018 01.40.01 24.41610 284.0689 -112.8964 -0.4090 -0.4090 0.0000 0.0000 0.0000 308.0547 341.5931 -6.6663 298.5110 0.0000
7010.03 20.07.2018 01.50.01 24.34652 283.9210 -113.8951 -0.4127 -0.4127 0.0000 0.0000 0.0000 307.4955 340.9072 -6.6691 298.4882 0.0000
7020.03 20.07.2018 02.00.01 24.27612 283.7731 -114.3739 -0.4144 -0.4144 0.0000 0.0003 0.0002 306.9389 340.2276 -6.6860 298.4653 0.0000
7030.03 20.07.2018 02.10.01 24.20562 283.6423 -114.8212 -0.4160 -0.4184 0.0031 0.2098 0.1118 306.7484 339.6161 -6.6913 298.4425 0.0000
7040.03 20.07.2018 02.20.01 24.13467 283.5120 -114.9684 -0.4166 -0.4220 0.0072 0.4501 0.2405 306.5912 339.0419 -6.7492 298.4197 0.0000
7050.03 20.07.2018 02.30.01 24.06350 283.3816 -115.3223 -0.4178 -0.4264 0.0114 0.6953 0.3719 306.4435 338.4924 -6.8439 298.3969 0.0000
7060.03 20.07.2018 02.40.01 23.99215 283.2516 -115.8446 -0.4197 -0.4315 0.0157 0.9414 0.5037 306.3029 337.9631 -6.9654 298.3753 0.0000
7070.03 20.07.2018 02.50.01 23.92047 283.1213 -116.3524 -0.4216 -0.4365 0.0199 1.1877 0.6357 306.1610 337.4517 -7.1188 298.3551 0.0000
7080.03 20.07.2018 03.00.01 23.84844 282.9915 -116.8038 -0.4232 -0.4414 0.0243 1.4385 0.7701 306.0183 336.9537 -7.2924 298.3349 0.0000
7090.03 20.07.2018 03.10.01 23.77627 283.0445 -108.8719 -0.3945 -0.4460 0.0687 4.3676 2.3321 305.7648 336.8152 -6.6997 298.3135 0.0000
7100.03 20.07.2018 03.20.01 23.70751 283.1050 -102.8127 -0.3725 -0.4663 0.1250 7.6914 4.1120 305.6477 336.8361 -6.2930 298.2924 0.0000
7110.03 20.07.2018 03.30.01 23.64138 283.1693 -99.4204 -0.3602 -0.4977 0.1833 11.0780 5.9264 305.5960 336.9473 -6.0108 298.2716 0.0000
7120.03 20.07.2018 03.40.01 23.57687 283.2361 -97.4968 -0.3532 -0.5347 0.2420 14.4768 7.7475 305.5753 337.1386 -5.8260 298.2520 0.0000
7130.03 20.07.2018 03.50.01 23.51333 283.3045 -96.0994 -0.3482 -0.5737 0.3007 17.8777 9.5698 305.5750 337.3937 -5.7242 298.2335 0.0000
7140.03 20.07.2018 04.00.01 23.45049 283.3750 -94.9410 -0.3440 -0.6136 0.3595 21.2785 11.3921 305.5947 337.7005 -5.6821 298.2185 0.0000
7150.03 20.07.2018 04.10.01 23.38833 283.7232 -94.5913 -0.3427 -0.6535 0.4144 24.4220 13.0772 306.1919 338.3800 -4.2775 298.2042 0.0000
7160.03 20.07.2018 04.20.01 23.32678 284.0709 -93.4635 -0.3386 -0.6897 0.4681 27.5276 14.7414 306.8708 339.1723 -3.0293 298.1902 0.0000
7170.03 20.07.2018 04.30.01 23.26605 284.4193 -91.7039 -0.3323 -0.7235 0.5217 30.6272 16.4022 307.5740 340.0582 -1.9049 298.1770 0.0000
7180.03 20.07.2018 04.40.01 23.20654 284.7689 -89.7231 -0.3251 -0.7565 0.5752 33.7256 18.0625 308.2987 341.0262 -0.8902 298.1646 0.0000
7190.03 20.07.2018 04.50.01 23.14828 285.1194 -87.6392 -0.3175 -0.7891 0.6287 36.8238 19.7226 309.0475 342.0669 0.0277 298.1536 0.0000
