# simtime date time IndoorTemp Av_Tair_at_facade Energyflux.toIndoor.sum  Energyflux.toIndoor.average Energyflux.Conduction.average Energyflux.SW.transmission.average Shortwave.availabe Shortwave.absorbed Longwave.available Longwave.emittedFacade Sensible.outside Vapour.fromGreening Vapour.fromSubstrate
10.02 15.07.2018 05.10.00 19.90362 288.5853 144.0055 0.3600 -0.5028 1.1505 197.0699 101.3512 324.4896 372.7237 -20.2630 0.0334 0.0000
20.02 15.07.2018 05.20.00 19.92828 289.2592 201.3006 0.5033 -0.8687 1.8293 314.1706 158.8751 328.7226 379.2788 -24.1301 0.0934 0.0000
30.03 15.07.2018 05.30.01 19.97466 289.9928 277.2549 0.6931 -1.2483 2.5886 453.9796 229.9272 333.7605 392.2937 -35.5415 0.1989 0.0000
40.03 15.07.2018 05.40.01 20.04809 290.7734 312.4209 0.7811 -1.6777 3.2783 438.1748 222.4981 338.8540 403.6743 -43.5666 0.2814 0.0000
50.03 15.07.2018 05.50.01 20.13220 291.3567 152.8594 0.3821 -2.0954 3.3034 406.2116 206.1503 340.9257 409.5279 -47.6564 0.3897 0.0000
60.03 15.07.2018 06.00.01 20.17581 291.8971 69.6025 0.1740 -2.2672 3.2549 373.4983 189.4407 343.0086 413.3579 -50.7520 0.5089 0.0000
70.03 15.07.2018 06.10.01 20.19836 292.1857 41.5675 0.1039 -2.3144 3.2244 357.9844 181.4124 344.3260 416.0590 -53.7239 0.7073 0.0000
80.03 15.07.2018 06.20.01 20.21417 292.5607 55.0179 0.1375 -2.3200 3.2767 341.8645 172.9168 346.3071 417.8508 -55.4100 0.9134 0.0000
90.03 15.07.2018 06.30.01 20.23400 293.0331 66.1147 0.1653 -2.3386 3.3386 344.5581 175.7013 349.4676 421.8661 -58.9587 1.2830 0.0000
100.03 15.07.2018 06.40.01 20.25765 293.4245 89.2975 0.2232 -2.3670 3.4537 336.7651 171.6248 351.7971 423.5061 -60.0504 1.8989 0.0000
110.03 15.07.2018 06.50.01 20.29354 293.7591 475.4858 1.1887 -2.4436 4.8431 332.4670 168.6694 354.0460 424.9950 -61.4661 2.5129 0.0000
120.03 15.07.2018 07.00.01 20.43606 294.0673 766.0138 1.9150 -3.0346 6.5995 328.6578 165.7375 355.7760 426.0736 -62.6743 3.1275 0.0000
130.03 15.07.2018 07.10.01 20.65927 294.3269 896.7654 2.2419 -3.9875 8.3059 328.2828 164.5183 357.1951 427.4374 -60.3210 3.7421 0.0000
140.03 15.07.2018 07.20.01 20.92077 294.5791 961.5179 2.4038 -5.0796 9.9778 330.5204 164.7067 358.6626 428.9215 -58.9956 4.3619 0.0000
150.03 15.07.2018 07.30.01 21.20275 294.8281 987.1890 2.4680 -6.2199 11.5839 334.4334 165.8188 360.3246 430.5081 -58.3879 4.9996 0.0000
160.03 15.07.2018 07.40.01 21.49465 295.0893 996.3549 2.4909 -7.3574 13.1310 340.3794 167.9714 362.0285 432.1958 -57.9080 5.6691 0.0000
170.03 15.07.2018 07.50.01 21.79165 295.3565 992.7664 2.4819 -8.4715 14.6045 346.7640 170.4015 363.8457 434.0208 -57.8822 6.3810 0.0000
180.03 15.07.2018 08.00.01 22.08962 295.6275 948.6208 2.3716 -9.5450 15.8887 352.3749 172.5403 365.6565 435.8764 -58.1448 7.1404 0.0000
190.03 15.07.2018 08.10.01 22.37808 295.8625 934.2906 2.3357 -10.5296 17.1538 357.9385 174.6673 367.6012 437.9735 -56.2295 7.9481 0.0000
200.03 15.07.2018 08.20.01 22.66436 296.1406 903.6779 2.2592 -11.4675 18.3022 362.7461 176.4581 369.3369 439.8682 -56.9499 8.8047 0.0000
210.03 15.07.2018 08.30.01 22.94415 296.3559 878.8861 2.1972 -12.3396 19.3824 367.5155 178.2975 371.3386 441.6461 -58.3891 9.7051 0.0000
220.03 15.07.2018 08.40.01 23.21871 296.5967 857.8531 2.1446 -13.1580 20.4035 372.4004 180.1732 373.9302 443.9917 -55.6324 10.6202 0.0000
230.03 15.07.2018 08.50.01 23.48849 296.9785 829.7000 2.0743 -13.9326 21.3424 376.8021 181.8528 376.9657 446.4906 -54.2368 11.5285 0.0000
240.03 15.07.2018 09.00.01 23.75125 297.5140 782.0045 1.9550 -14.6516 22.1421 380.6753 183.3827 380.8110 449.0835 -54.6481 12.4207 0.0000
250.03 15.07.2018 09.10.01 24.00173 297.6206 715.4456 1.7886 -15.2866 22.7670 382.6030 184.0332 380.9920 453.4316 -42.8928 13.3303 0.0000
260.03 15.07.2018 09.20.01 24.23501 297.8714 677.3743 1.6934 -15.8227 23.3549 384.9848 184.9979 381.3276 456.0529 -50.8662 14.3093 0.0000
270.03 15.07.2018 09.30.01 24.45788 297.8502 636.1986 1.5905 -16.3037 23.8589 386.9581 185.8217 381.5675 456.4643 -65.5662 15.3346 0.0000
280.03 15.07.2018 09.40.01 24.66973 298.4985 621.5002 1.5538 -16.7291 24.3772 389.8591 187.0902 385.4522 458.5543 -60.9530 16.3431 0.0000
290.03 15.07.2018 09.50.01 24.87798 299.4669 600.4951 1.5012 -17.1239 24.8336 392.5766 188.3257 392.6016 461.2197 -59.3371 17.2471 0.0000
300.03 15.07.2018 10.00.01 25.08090 299.7733 544.8740 1.3622 -17.4777 25.1198 394.1154 189.0659 397.9217 463.6622 -62.4348 17.8193 0.0000
310.03 15.07.2018 10.10.01 25.26962 300.0361 564.5750 1.4114 -17.7555 25.5559 395.0863 189.2032 399.5425 465.6658 -62.3460 18.2817 0.0000
320.03 15.07.2018 10.20.01 25.46377 300.1820 570.4599 1.4262 -18.0584 25.9794 396.4571 189.5973 400.9856 467.5722 -63.4072 18.7380 0.0000
330.03 15.07.2018 10.30.01 25.65911 300.4500 535.5436 1.3389 -18.3634 26.2697 396.1245 189.1345 402.4989 469.2848 -64.0087 19.1637 0.0000
340.03 15.07.2018 10.40.01 25.84579 300.6485 538.8627 1.3472 -18.6176 26.6196 397.2082 189.4047 403.7158 470.6739 -66.4142 19.5550 0.0000
350.03 15.07.2018 10.50.01 26.03283 300.8767 519.9040 1.2998 -18.8595 26.8790 397.3159 189.2028 404.3221 472.1283 -67.0005 20.2622 0.0000
360.03 15.07.2018 11.00.01 26.21490 301.1456 471.3351 1.1783 -19.0706 26.9986 396.5809 188.6712 404.8304 473.3829 -67.7245 20.9761 0.0000
370.03 15.07.2018 11.10.01 26.38387 301.1634 413.8130 1.0345 -19.2139 26.9979 394.6170 187.6530 405.6395 474.6808 -67.4551 21.7000 0.0000
380.03 15.07.2018 11.20.01 26.53680 301.2265 357.8452 0.8946 -19.2842 26.9050 391.7054 186.1812 406.6923 475.8135 -67.1012 22.4229 0.0000
390.03 15.07.2018 11.30.01 26.67397 301.2966 306.6216 0.7666 -19.2832 26.7329 388.0585 184.3665 407.2866 476.7355 -66.8621 23.1367 0.0000
400.03 15.07.2018 11.40.01 26.79708 301.4375 289.8026 0.7245 -19.2194 26.5918 385.2424 182.9628 408.0140 477.9380 -64.4375 23.8527 0.0000
410.03 15.07.2018 11.50.01 26.91494 301.5100 258.8892 0.6472 -19.1384 26.3808 381.8224 181.2841 408.3314 478.6564 -65.1317 24.5058 0.0000
420.03 15.07.2018 12.00.01 27.02368 301.6179 196.1548 0.4904 -19.0212 26.0154 377.2889 179.1315 408.5118 479.0782 -66.1361 25.1194 0.0000
430.03 15.07.2018 12.10.01 27.11486 301.7671 148.6872 0.3717 -18.8262 25.5972 372.7599 177.1113 409.0608 480.2128 -62.3070 25.7616 0.0000
440.03 15.07.2018 12.20.01 27.19250 301.9427 96.8166 0.2420 -18.5713 25.0844 369.0611 175.7072 408.9115 480.4510 -65.8169 26.4284 0.0000
450.03 15.07.2018 12.30.01 27.25564 301.5110 56.0410 0.1401 -18.2538 24.5252 366.8073 175.2293 405.4100 479.9325 -72.5128 27.1804 0.0000
460.03 15.07.2018 12.40.01 27.30615 300.6833 31.8458 0.0796 -17.9042 23.9784 364.8785 174.8890 397.8046 477.9655 -78.0152 29.0454 0.0000
470.03 15.07.2018 12.50.01 27.34844 300.5228 44.9791 0.1124 -17.5437 23.5415 365.2484 175.7901 395.8275 476.6507 -81.6499 31.3332 0.0000
480.03 15.07.2018 13.00.01 27.39248 300.5187 -25.0856 -0.0627 -17.2119 22.8655 362.6584 175.2172 394.8531 475.1579 -84.8382 33.7414 0.0000
490.03 15.07.2018 13.10.01 27.41668 300.5471 -88.5098 -0.2213 -16.7934 22.0962 357.4676 173.3148 394.3774 473.9137 -83.8103 36.1924 0.0000
500.03 15.07.2018 13.20.01 27.42285 300.5773 -147.6860 -0.3692 -16.2984 21.2389 350.9307 170.7137 393.8746 472.5884 -82.6162 38.6329 0.0000
510.03 15.07.2018 13.30.01 27.41213 300.6058 -194.4634 -0.4862 -15.7345 20.3311 343.6654 167.7374 393.3070 471.1601 -81.5051 41.0569 0.0000
520.03 15.07.2018 13.40.01 27.38778 300.6331 -218.2891 -0.5457 -15.1198 19.4321 336.6227 164.8513 392.7059 469.7126 -80.2222 43.4616 0.0000
530.03 15.07.2018 13.50.01 27.35601 300.6689 -232.5252 -0.5813 -14.4858 18.5393 329.8179 162.0996 392.1463 468.3592 -78.6544 45.8449 0.0000
540.03 15.07.2018 14.00.01 27.31912 300.7082 -279.9852 -0.7000 -13.8429 17.5239 321.7549 158.7459 391.5386 466.9871 -76.6171 48.2046 0.0000
550.03 15.07.2018 14.10.01 27.26772 300.7457 -420.0180 -1.0500 -13.1436 16.1247 307.1222 152.3361 391.6297 465.9806 -71.3247 50.5251 0.0000
560.03 15.07.2018 14.20.01 27.17745 300.7771 -508.9783 -1.2724 -12.2665 14.6587 290.3955 144.7477 391.3800 464.5987 -65.6173 52.7684 0.0000
570.03 15.07.2018 14.30.01 27.06216 300.8234 -529.1580 -1.3229 -11.2889 13.2880 274.3291 137.4347 391.1996 463.2944 -59.8055 54.9230 0.0000
580.03 15.07.2018 14.40.01 26.93990 300.8806 -517.0816 -1.2927 -10.3037 12.0147 258.7677 130.3342 391.2514 462.1113 -54.0900 56.9819 0.0000
590.03 15.07.2018 14.50.01 26.81936 300.9272 -515.9746 -1.2899 -9.3517 10.7490 242.1229 122.5721 391.2164 460.6751 -48.7026 58.9302 0.0000
600.03 15.07.2018 15.00.01 26.69790 300.9533 -512.1166 -1.2803 -8.4173 9.5160 225.2406 114.6199 391.0786 459.0396 -43.7619 60.7440 0.0000
610.03 15.07.2018 15.10.01 26.57656 300.9216 -412.0334 -1.0301 -7.5200 8.6532 215.3203 110.0044 390.2472 457.1668 -42.5533 61.6112 0.0000
620.03 15.07.2018 15.20.01 26.48269 300.9023 -331.5858 -0.8290 -6.7654 7.9152 207.1109 106.2547 389.4295 455.1866 -42.3316 62.4616 0.0000
630.03 15.07.2018 15.30.01 26.40933 300.8046 -289.0905 -0.7227 -6.1300 7.2098 198.9950 102.5105 388.6434 453.0913 -42.0103 63.2936 0.0000
640.03 15.07.2018 15.40.01 26.34677 300.7010 -255.7594 -0.6394 -5.5597 6.5604 191.0783 98.8343 387.9566 450.9262 -41.5212 64.0977 0.0000
650.03 15.07.2018 15.50.01 26.29263 300.5964 -237.1555 -0.5929 -5.0407 5.9304 182.9649 95.0000 387.2074 448.7091 -40.8586 64.8664 0.0000
660.03 15.07.2018 16.00.01 26.24294 300.4934 -224.9147 -0.5623 -4.5523 5.3200 175.0475 91.2291 386.3636 446.4931 -39.9447 65.5986 0.0000
670.03 15.07.2018 16.10.01 26.19598 300.3384 -249.3469 -0.6234 -4.0861 4.6169 166.2800 86.9621 384.4024 444.5660 -36.1364 66.3076 0.0000
680.03 15.07.2018 16.20.01 26.14172 300.1753 -256.9988 -0.6425 -3.5976 3.9402 158.1127 82.9909 382.4007 442.6240 -33.0244 67.0056 0.0000
690.03 15.07.2018 16.30.01 26.08431 300.0020 -245.2139 -0.6130 -3.1108 3.3303 150.5821 79.3311 380.4196 440.6079 -30.8281 67.6904 0.0000
700.03 15.07.2018 16.40.01 26.02957 299.8124 -144.3125 -0.3608 -2.6541 3.0578 144.3150 76.1992 378.4277 438.6541 -29.1487 68.3563 0.0000
710.03 15.07.2018 16.50.01 26.00060 299.6236 -99.3583 -0.2484 -2.3455 2.7961 138.1200 73.0981 376.4373 436.4950 -28.1023 68.9951 0.0000
720.03 15.07.2018 17.00.01 25.98297 299.4345 -93.2020 -0.2330 -2.1035 2.4940 131.1494 69.5820 374.6704 434.2000 -27.1771 69.5198 0.0000
730.03 15.07.2018 17.10.01 25.96679 299.2092 -55.8235 -0.1396 -1.8757 2.3148 126.0787 67.0306 373.1391 432.2101 -25.7976 69.9900 0.0000
740.03 15.07.2018 17.20.01 25.96005 298.9907 -38.8554 -0.0971 -1.7046 2.1433 120.9769 64.4519 371.7895 430.2270 -24.6034 70.3683 0.0000
750.03 15.07.2018 17.30.01 25.95727 298.7674 -39.0156 -0.0975 -1.5613 1.9517 115.3593 61.5885 370.2117 428.0842 -23.6292 70.7195 0.0000
760.03 15.07.2018 17.40.01 25.95406 298.5516 -35.3477 -0.0884 -1.4232 1.7798 112.0898 60.1630 368.7530 426.3680 -22.9223 71.0157 0.0000
770.03 15.07.2018 17.50.01 25.95132 298.3477 -38.9128 -0.0973 -1.2959 1.5981 105.0537 56.4904 367.2188 424.1403 -21.6917 71.2887 0.0000
780.03 15.07.2018 18.00.01 25.94702 298.1323 -46.1709 -0.1154 -1.1695 1.4054 98.7453 53.2671 365.6288 421.9816 -20.5356 71.5401 0.0000
790.03 15.07.2018 18.10.01 25.94030 297.6040 -38.3503 -0.0959 -1.0430 1.2628 88.7233 47.9397 363.8752 419.1817 -20.3935 71.7655 0.0000
800.03 15.07.2018 18.20.01 25.93441 297.0726 -49.3812 -0.1235 -0.9411 1.0901 77.7766 42.0937 362.0223 416.0894 -19.8945 71.9484 0.0000
810.03 15.07.2018 18.30.01 25.92437 296.5401 -61.5169 -0.1538 -0.8374 0.9115 66.3317 35.9554 360.0383 412.7817 -19.1834 72.1048 0.0000
820.03 15.07.2018 18.40.01 25.90997 296.0062 -68.0979 -0.1702 -0.7300 0.7463 49.5963 26.8791 358.0655 408.9168 -17.7888 72.2349 0.0000
830.03 15.07.2018 18.50.01 25.89269 295.4738 -80.1205 -0.2003 -0.6263 0.5681 32.0890 17.3550 356.1071 404.7484 -16.0179 72.3213 0.0000
840.03 15.07.2018 19.00.01 25.87118 294.9342 -89.7799 -0.2244 -0.5186 0.3922 14.6171 7.8477 354.0444 400.4259 -14.0401 72.3875 0.0000
850.03 15.07.2018 19.10.01 25.84609 294.2802 -83.6103 -0.2090 -0.4107 0.2688 11.6811 6.2912 351.9813 397.0385 -13.5559 72.4335 0.0000
860.03 15.07.2018 19.20.01 25.82165 293.6433 -66.9269 -0.1673 -0.3238 0.2086 9.8779 5.3394 350.1013 394.0270 -13.4654 72.4658 0.0000
870.03 15.07.2018 19.30.01 25.80068 293.0161 -59.9352 -0.1498 -0.2706 0.1610 8.1954 4.4452 348.3024 391.1595 -13.5240 72.4887 0.0000
880.03 15.07.2018 19.40.01 25.78069 292.3967 -59.9800 -0.1499 -0.2362 0.1150 5.6456 3.0636 346.5423 388.3631 -13.4064 72.5068 0.0000
890.03 15.07.2018 19.50.01 25.75988 291.7793 -64.5344 -0.1613 -0.2114 0.0667 3.0047 1.6301 344.8012 385.6218 -13.4253 72.5214 0.0000
900.03 15.07.2018 20.00.01 25.73699 291.1638 -70.7414 -0.1769 -0.1906 0.0183 0.3187 0.1694 343.0971 382.9262 -13.5823 72.5334 0.0000
910.03 15.07.2018 20.10.01 25.71157 290.7315 -67.7703 -0.1694 -0.1719 0.0033 0.0573 0.0304 341.4713 380.6330 -13.3222 72.5408 0.0000
920.03 15.07.2018 20.20.01 25.68597 290.3132 -66.4665 -0.1662 -0.1666 0.0006 0.0103 0.0055 339.9423 378.4934 -13.2372 72.5452 0.0000
930.03 15.07.2018 20.30.01 25.65997 289.8888 -69.4481 -0.1736 -0.1737 0.0001 0.0019 0.0010 338.4618 376.4432 -13.3629 72.5494 0.0000
940.03 15.07.2018 20.40.01 25.63229 289.4753 -74.9852 -0.1875 -0.1875 0.0000 0.0003 0.0002 337.0131 374.5167 -13.3624 72.5533 0.0000
950.03 15.07.2018 20.50.01 25.60217 289.0719 -81.8039 -0.2045 -0.2045 0.0000 0.0001 0.0000 335.5874 372.6641 -13.4512 72.5566 0.0000
960.03 15.07.2018 21.00.01 25.56930 288.6770 -89.5752 -0.2239 -0.2239 0.0000 0.0000 0.0000 334.1789 370.8696 -13.6351 72.5599 0.0000
970.03 15.07.2018 21.10.01 25.53344 288.4964 -96.8072 -0.2420 -0.2420 0.0000 0.0000 0.0000 332.8575 369.5758 -11.7571 72.5633 0.0000
980.03 15.07.2018 21.20.01 25.49520 288.2246 -102.9048 -0.2573 -0.2573 0.0000 0.0000 0.0000 331.6224 368.1864 -11.8018 72.5664 0.0000
990.03 15.07.2018 21.30.01 25.45410 288.0000 -110.5395 -0.2763 -0.2763 0.0000 0.0000 0.0000 330.6335 366.6552 -12.2798 72.5697 0.0000
1000.03 15.07.2018 21.40.01 25.41039 288.1593 -116.6016 -0.2915 -0.2915 0.0000 0.0000 0.0000 329.6997 365.7843 -9.6626 72.5725 0.0000
1010.03 15.07.2018 21.50.01 25.36480 287.2262 -120.7508 -0.3019 -0.3019 0.0000 0.0000 0.0000 328.1162 363.7392 -12.4351 72.5746 0.0000
1020.03 15.07.2018 22.00.01 25.31729 286.7220 -127.5093 -0.3188 -0.3188 0.0000 0.0000 0.0000 326.8702 361.7568 -15.3453 72.5764 0.0000
1030.03 15.07.2018 22.10.01 25.26660 286.5899 -135.9119 -0.3398 -0.3398 0.0000 0.0000 0.0000 326.0705 360.4769 -14.5335 72.5781 0.0000
1040.03 15.07.2018 22.20.01 25.21334 286.4867 -140.6419 -0.3516 -0.3516 0.0000 0.0000 0.0000 325.3645 359.3348 -13.6391 72.5797 0.0000
1050.03 15.07.2018 22.30.01 25.15872 286.3608 -143.2958 -0.3582 -0.3582 0.0000 0.0000 0.0000 324.6687 358.2321 -13.0825 72.5807 0.0000
1060.03 15.07.2018 22.40.01 25.10317 286.2521 -145.5272 -0.3638 -0.3638 0.0000 0.0000 0.0000 324.0040 357.2109 -12.5413 72.5816 0.0000
1070.03 15.07.2018 22.50.01 25.04678 286.1469 -147.6288 -0.3691 -0.3691 0.0000 0.0000 0.0000 323.3688 356.2474 -12.0637 72.5823 0.0000
1080.03 15.07.2018 23.00.01 24.98959 286.0415 -149.9437 -0.3749 -0.3749 0.0000 0.0000 0.0000 322.7596 355.3325 -11.6519 72.5830 0.0000
1090.03 15.07.2018 23.10.01 24.93148 286.0906 -152.1615 -0.3804 -0.3804 0.0000 0.0000 0.0000 322.3299 354.9021 -9.7299 72.5835 0.0000
1100.03 15.07.2018 23.20.01 24.87249 286.0463 -154.7570 -0.3869 -0.3869 0.0000 0.0000 0.0000 321.8246 354.3070 -8.7813 72.5835 0.0000
1110.03 15.07.2018 23.30.01 24.81255 285.9759 -156.7186 -0.3918 -0.3918 0.0000 0.0000 0.0000 321.4577 353.4769 -9.0568 72.5835 0.0000
1120.03 15.07.2018 23.40.01 24.75182 285.8554 -159.7122 -0.3993 -0.3993 0.0000 0.0000 0.0000 321.0247 353.0086 -8.4319 72.5837 0.0000
1130.03 15.07.2018 23.50.01 24.68914 285.4242 -168.2453 -0.4206 -0.4206 0.0000 0.0000 0.0000 320.4839 351.9556 -10.6221 72.5843 0.0000
1140.03 16.07.2018 00.00.01 24.62225 285.1585 -180.0621 -0.4502 -0.4502 0.0000 0.0000 0.0000 319.9401 350.6564 -12.7414 72.5851 0.0000
1150.03 16.07.2018 00.10.01 24.55117 285.1617 -189.0877 -0.4727 -0.4727 0.0000 0.0000 0.0000 319.5534 349.9937 -11.7281 72.5860 0.0000
1160.03 16.07.2018 00.20.01 24.47778 285.1756 -192.1772 -0.4804 -0.4804 0.0000 0.0000 0.0000 319.2597 349.4250 -10.7851 72.5869 0.0000
1170.03 16.07.2018 00.30.01 24.40365 285.1877 -192.0108 -0.4800 -0.4800 0.0000 0.0000 0.0000 319.0012 348.9075 -9.9576 72.5878 0.0000
1180.03 16.07.2018 00.40.01 24.33022 285.1958 -191.7572 -0.4794 -0.4794 0.0000 0.0000 0.0000 318.7355 348.4303 -9.1960 72.5887 0.0000
1190.03 16.07.2018 00.50.01 24.25698 285.1961 -190.4507 -0.4761 -0.4761 0.0000 0.0000 0.0000 318.4978 347.9840 -8.5358 72.5895 0.0000
1200.03 16.07.2018 01.00.01 24.18426 285.1837 -189.0754 -0.4727 -0.4727 0.0000 0.0000 0.0000 318.2847 347.5523 -7.9931 72.5903 0.0000
1210.03 16.07.2018 01.10.01 24.11196 285.0697 -187.1436 -0.4679 -0.4679 0.0000 0.0000 0.0000 317.8769 347.0257 -7.8679 72.5908 0.0000
1220.03 16.07.2018 01.20.01 24.04055 284.9450 -185.0897 -0.4627 -0.4627 0.0000 0.0000 0.0000 317.4543 346.4652 -7.8703 72.5910 0.0000
1230.03 16.07.2018 01.30.01 23.97000 284.8080 -182.8176 -0.4570 -0.4570 0.0000 0.0000 0.0000 317.0091 345.8922 -7.9701 72.5909 0.0000
1240.03 16.07.2018 01.40.01 23.90029 284.6843 -180.8476 -0.4521 -0.4521 0.0000 0.0000 0.0000 316.5784 345.3644 -7.8753 72.5904 0.0000
1250.03 16.07.2018 01.50.01 23.83138 284.5719 -178.8595 -0.4471 -0.4471 0.0000 0.0000 0.0000 316.1689 344.8501 -7.7716 72.5885 0.0000
1260.03 16.07.2018 02.00.01 23.76318 284.4626 -177.1087 -0.4428 -0.4428 0.0000 0.0005 0.0003 315.7243 344.3341 -7.7234 72.5849 0.0000
1270.03 16.07.2018 02.10.01 23.69546 284.5015 -171.8921 -0.4297 -0.4382 0.0113 0.3070 0.1593 315.3911 344.2188 -6.4995 72.5792 0.0000
1280.03 16.07.2018 02.20.01 23.62921 284.4614 -169.1274 -0.4228 -0.4417 0.0252 0.6604 0.3433 315.0198 343.9090 -6.1163 72.5733 0.0000
1290.03 16.07.2018 02.30.01 23.56344 284.3656 -168.9990 -0.4225 -0.4522 0.0397 1.0219 0.5316 314.7574 343.4022 -6.5552 72.5676 0.0000
1300.03 16.07.2018 02.40.01 23.49758 284.5719 -168.8444 -0.4221 -0.4627 0.0542 1.3849 0.7208 314.4718 343.3971 -5.1035 72.5609 0.0000
1310.03 16.07.2018 02.50.01 23.43209 284.1892 -166.7801 -0.4170 -0.4685 0.0687 1.7482 0.9100 313.9874 342.7238 -6.4063 72.5528 0.0000
1320.03 16.07.2018 03.00.01 23.36700 284.0153 -168.1475 -0.4204 -0.4829 0.0833 2.1143 1.1007 313.5595 341.9951 -7.6676 72.5445 0.0000
1330.03 16.07.2018 03.10.01 23.30114 284.1766 -151.7771 -0.3794 -0.4987 0.1591 4.1435 2.1547 313.5202 341.9179 -6.6754 72.5349 0.0000
1340.03 16.07.2018 03.20.01 23.23995 284.3591 -138.6232 -0.3466 -0.5336 0.2495 6.4279 3.3441 313.6885 342.0071 -5.7895 72.5240 0.0000
1350.03 16.07.2018 03.30.01 23.18267 284.5453 -129.9456 -0.3249 -0.5817 0.3424 8.7564 4.5571 313.9395 342.2039 -5.0092 72.5129 0.0000
1360.03 16.07.2018 03.40.01 23.12808 284.7266 -123.9225 -0.3098 -0.6367 0.4358 11.0931 5.7743 314.2321 342.4768 -4.3544 72.5020 0.0000
1370.03 16.07.2018 03.50.01 23.07546 284.9171 -119.4748 -0.2987 -0.6957 0.5293 13.4312 6.9923 314.5611 342.8303 -3.7426 72.4914 0.0000
1380.03 16.07.2018 04.00.01 23.02441 285.1092 -115.9104 -0.2898 -0.7569 0.6228 15.7692 8.2103 314.9202 343.2469 -3.1987 72.4812 0.0000
1390.03 16.07.2018 04.10.01 22.97469 285.9263 -113.9032 -0.2848 -0.8159 0.7082 17.8876 9.3143 316.6067 344.5085 -0.1226 72.4701 0.0000
1400.03 16.07.2018 04.20.01 22.92657 286.7022 -108.6748 -0.2717 -0.8654 0.7917 19.9723 10.4004 318.4018 345.8205 2.5284 72.4586 0.0000
1410.03 16.07.2018 04.30.01 22.88094 287.3389 -101.6225 -0.2541 -0.9102 0.8748 22.0512 11.4834 320.3677 347.2342 5.3751 72.4485 0.0000
1420.03 16.07.2018 04.40.01 22.83807 288.0748 -94.1009 -0.2353 -0.9537 0.9579 24.1290 12.5658 322.3177 348.6830 6.3298 72.4400 0.0000
1430.03 16.07.2018 04.50.01 22.79812 288.8065 -86.5228 -0.2163 -0.9971 1.0410 52.6306 27.2640 324.4852 351.2660 7.3782 72.4386 0.0000
1440.03 16.07.2018 05.00.01 22.76144 289.6837 -47.9993 -0.1200 -1.0375 1.2233 60.0966 31.1215 327.1740 354.4530 10.3160 72.4435 0.0000
1450.03 16.07.2018 05.10.01 22.73641 290.3394 -46.2706 -0.1157 -1.1125 1.3292 193.7131 99.6624 329.2983 361.3061 5.2678 72.4625 0.0000
1460.03 16.07.2018 05.20.01 22.71441 291.1599 116.9972 0.2925 -1.1710 1.9513 306.0735 154.8527 333.7447 369.8352 -0.7936 72.4985 0.0000
1470.03 16.07.2018 05.30.01 22.73809 292.0664 236.8812 0.5922 -1.4239 2.6882 440.5283 223.1812 339.1756 384.1675 -14.9168 72.5720 0.0000
1480.03 16.07.2018 05.40.01 22.79659 292.8842 289.0257 0.7226 -1.8043 3.3692 425.3836 216.0692 344.5085 397.0625 -28.3896 72.6918 0.0000
1490.03 16.07.2018 05.50.01 22.87066 293.5097 132.9407 0.3324 -2.2231 3.4073 394.6800 200.3723 346.9492 403.7975 -37.4494 72.8548 0.0000
1500.03 16.07.2018 06.00.01 22.90527 294.1332 49.4824 0.1237 -2.4096 3.3777 363.3210 184.3636 348.9127 408.3520 -44.6543 73.0414 0.0000
1510.03 16.07.2018 06.10.01 22.91857 294.5053 15.0805 0.0377 -2.4739 3.3488 349.2733 177.0825 350.7417 411.9400 -47.0498 73.3239 0.0000
1520.03 16.07.2018 06.20.01 22.92303 294.8695 22.7468 0.0569 -2.4903 3.3962 334.6183 169.3415 352.1062 414.8111 -48.1801 73.6157 0.0000
1530.03 16.07.2018 06.30.01 22.92977 295.2744 32.3106 0.0808 -2.5141 3.4599 338.1114 172.4731 354.5021 419.7067 -51.4556 74.0795 0.0000
1540.03 16.07.2018 06.40.01 22.93969 295.7197 55.9255 0.1398 -2.5446 3.5793 331.2571 168.8798 357.5639 422.4238 -51.4349 74.8181 0.0000
1550.03 16.07.2018 06.50.01 22.95910 296.0677 464.9925 1.1625 -2.5978 5.0138 327.8694 166.3630 359.7414 424.9656 -51.8216 75.5657 0.0000
1560.03 16.07.2018 07.00.01 23.08904 296.4150 737.7565 1.8444 -3.1877 6.7095 324.6587 163.7627 361.5534 427.1544 -51.7311 76.3213 0.0000
1570.03 16.07.2018 07.10.01 23.29418 296.7185 868.0590 2.1701 -4.1132 8.3777 324.9734 162.9131 363.3856 429.1486 -51.4395 77.0802 0.0000
1580.03 16.07.2018 07.20.01 23.53735 297.0198 934.2706 2.3357 -5.1765 10.0162 327.7333 163.3747 365.2478 431.2657 -51.1963 77.8410 0.0000
1590.03 16.07.2018 07.30.01 23.80148 297.3267 959.2316 2.3981 -6.2899 11.5840 331.8564 164.5858 367.2874 433.4745 -50.9540 78.6126 0.0000
1600.03 16.07.2018 07.40.01 24.07559 297.6404 977.4478 2.4436 -7.3990 13.1234 338.2129 166.9504 369.4105 435.8787 -50.3762 79.4052 0.0000
1610.03 16.07.2018 07.50.01 24.35760 297.9614 976.5289 2.4413 -8.4973 14.5849 344.7980 169.4748 371.7109 438.4672 -49.8430 80.2288 0.0000
1620.03 16.07.2018 08.00.01 24.64184 298.2845 926.8407 2.3171 -9.5607 15.8371 350.1832 171.4789 373.9888 441.0731 -49.4105 81.0849 0.0000
1630.03 16.07.2018 08.10.01 24.91564 298.5311 932.0358 2.3301 -10.5275 17.1435 356.7232 174.0711 376.2055 443.4376 -51.5568 81.9667 0.0000
1640.03 16.07.2018 08.20.01 25.19277 298.7976 906.9830 2.2675 -11.4772 18.3263 362.2246 176.1683 378.3530 445.6573 -53.5904 82.8712 0.0000
1650.03 16.07.2018 08.30.01 25.46520 299.0758 891.2487 2.2281 -12.3693 19.4632 367.9372 178.4363 380.6246 447.9060 -55.5811 83.7949 0.0000
1660.03 16.07.2018 08.40.01 25.73531 299.3997 881.6338 2.2041 -13.2177 20.5624 373.9959 180.8716 383.1064 450.3793 -55.6206 84.7320 0.0000
1670.03 16.07.2018 08.50.01 26.00448 299.7320 856.0986 2.1402 -14.0325 21.5636 379.1961 182.9058 385.7651 452.9276 -55.8349 85.6756 0.0000
1680.03 16.07.2018 09.00.01 26.26812 300.0453 783.5553 1.9589 -14.7940 22.3372 382.2909 183.9541 388.4057 455.3578 -56.1227 86.6145 0.0000
1690.03 16.07.2018 09.10.01 26.51391 300.3189 771.8389 1.9296 -15.4439 23.1647 387.2756 186.0840 391.3783 457.9365 -57.8271 87.5307 0.0000
1700.03 16.07.2018 09.20.01 26.75726 300.6638 748.1725 1.8704 -16.0683 23.9183 391.9237 188.1028 395.5245 460.7106 -59.3886 88.3396 0.0000
1710.03 16.07.2018 09.30.01 26.99496 300.9095 717.3857 1.7935 -16.6515 24.5933 396.1327 189.9550 399.2827 463.6071 -60.4960 89.0250 0.0000
1720.03 16.07.2018 09.40.01 27.22506 301.4013 707.2195 1.7680 -17.1853 25.2711 401.0217 192.1337 404.1616 466.7223 -60.9017 89.4887 0.0000
1730.03 16.07.2018 09.50.01 27.45324 301.5521 688.4651 1.7212 -17.6970 25.8909 405.7134 194.2663 405.7530 469.5053 -62.7515 89.8333 0.0000
1740.03 16.07.2018 10.00.01 27.67675 301.6762 625.4720 1.5637 -18.1736 26.3163 408.8435 195.7049 406.7358 471.9890 -65.0462 90.1470 0.0000
1750.03 16.07.2018 10.10.01 27.88339 301.8245 462.9943 1.1575 -18.5582 26.2876 406.7687 194.9205 408.1916 474.9960 -62.8529 90.4752 0.0000
1760.03 16.07.2018 10.20.01 28.04699 302.0362 353.3303 0.8833 -18.7183 26.1355 403.6499 193.6637 409.8243 477.6419 -62.3640 90.8142 0.0000
1770.03 16.07.2018 10.30.01 28.18112 302.2042 242.1308 0.6053 -18.7289 25.7790 398.0042 191.1428 410.5952 479.3186 -64.2464 91.1389 0.0000
1780.03 16.07.2018 10.40.01 28.28567 302.3963 224.0182 0.5600 -18.5924 25.5365 394.7091 189.7914 411.2443 481.2231 -62.6706 91.4768 0.0000
1790.03 16.07.2018 10.50.01 28.38525 301.7841 185.6402 0.4641 -18.4321 25.1950 390.5279 188.0332 406.8488 481.9685 -66.4843 92.3379 0.0000
1800.03 16.07.2018 11.00.01 28.47198 301.3415 117.0277 0.2926 -18.2408 24.7111 385.4791 185.9323 403.0490 481.6371 -70.0270 94.2114 0.0000
1810.03 16.07.2018 11.10.01 28.54092 302.0142 333.1976 0.8330 -17.9759 25.0785 387.1329 186.3477 407.2104 483.7491 -56.2882 96.1853 0.0000
1820.03 16.07.2018 11.20.01 28.66836 302.8519 438.6258 1.0966 -17.9961 25.4568 389.4344 187.1411 414.5429 486.6396 -52.5690 97.1188 0.0000
1830.03 16.07.2018 11.30.01 28.82467 302.8927 480.6208 1.2016 -18.1469 25.7979 391.5762 187.8856 411.5489 486.9453 -62.9846 97.7836 0.0000
1840.03 16.07.2018 11.40.01 28.99337 303.1642 508.7578 1.2719 -18.3463 26.1576 394.3983 188.9908 408.8471 488.1180 -60.8957 99.0926 0.0000
1850.03 16.07.2018 11.50.01 29.16998 302.2873 501.9895 1.2550 -18.5752 26.4403 396.4297 189.7179 408.1359 487.1744 -71.4896 100.6472 0.0000
1860.03 16.07.2018 12.00.01 29.34414 302.2416 450.5060 1.1263 -18.7980 26.5657 397.2975 189.9451 407.8888 485.6317 -81.5663 102.3335 0.0000
1870.03 16.07.2018 12.10.01 29.50326 302.3018 205.6041 0.5140 -18.9407 25.9396 390.8971 187.2307 408.1462 485.1518 -82.6794 104.0147 0.0000
1880.03 16.07.2018 12.20.01 29.59643 302.3471 42.0046 0.1050 -18.7518 25.1424 383.8132 184.3171 407.8865 484.4190 -83.3721 105.6728 0.0000
1890.03 16.07.2018 12.30.01 29.64468 302.3195 -53.3912 -0.1335 -18.3538 24.2937 377.7910 182.1045 406.6802 483.5343 -84.3736 107.3987 0.0000
1900.03 16.07.2018 12.40.01 29.66573 302.2870 -98.5088 -0.2463 -17.8453 23.4654 371.9894 179.9577 405.0956 482.4860 -84.2947 109.3292 0.0000
1910.03 16.07.2018 12.50.01 29.67330 302.3457 -93.6733 -0.2342 -17.2967 22.7501 368.2738 178.9208 404.6640 481.8019 -83.8094 111.3360 0.0000
1920.03 16.07.2018 13.00.01 29.68017 302.3764 -159.1817 -0.3980 -16.7692 21.8284 361.7933 176.4860 404.3282 480.9401 -83.0293 113.3475 0.0000
1930.03 16.07.2018 13.10.01 29.66714 302.3355 -326.3928 -0.8160 -16.1655 20.4661 351.5997 172.6744 404.2494 480.5289 -80.1557 115.3503 0.0000
1940.03 16.07.2018 13.20.01 29.60757 302.2776 -432.5531 -1.0814 -15.3550 19.0315 339.3065 167.6922 403.9288 479.7642 -77.1938 117.2931 0.0000
1950.03 16.07.2018 13.30.01 29.51736 302.2362 -478.6087 -1.1965 -14.4261 17.6394 326.8101 162.5329 403.7056 478.8616 -74.2707 119.1140 0.0000
1960.03 16.07.2018 13.40.01 29.41265 302.1841 -500.4130 -1.2510 -13.4618 16.2811 313.8493 157.0575 403.3305 477.8068 -71.2425 120.8083 0.0000
1970.03 16.07.2018 13.50.01 29.30007 302.1271 -501.0539 -1.2526 -12.4940 14.9885 300.8572 151.4806 402.7515 476.5846 -68.2261 122.3820 0.0000
1980.03 16.07.2018 14.00.01 29.18542 302.0814 -496.2727 -1.2407 -11.5484 13.7436 287.7832 145.7940 402.2556 475.2522 -65.2236 123.8352 0.0000
1990.03 16.07.2018 14.10.01 29.07107 302.0406 -378.3008 -0.9458 -10.6332 12.9166 277.1487 140.7842 401.5573 473.1012 -64.4506 125.1646 0.0000
2000.03 16.07.2018 14.20.01 28.98702 301.9472 -315.7189 -0.7893 -9.8949 12.1407 267.0256 136.0160 400.4153 470.8939 -63.6972 126.4137 0.0000
2010.03 16.07.2018 14.30.01 28.91882 301.8020 -275.3416 -0.6884 -9.2536 11.4203 257.4483 131.5066 398.9535 468.6033 -63.0109 127.6179 0.0000
2020.03 16.07.2018 14.40.01 28.86068 301.6135 -246.8237 -0.6171 -8.6768 10.7463 248.1864 127.1407 397.3481 466.2633 -62.3687 128.8101 0.0000
2030.03 16.07.2018 14.50.01 28.80938 301.4351 -237.2036 -0.5930 -8.1472 10.0722 238.4137 122.4674 395.8305 463.7987 -61.5019 129.9964 0.0000
2040.03 16.07.2018 15.00.01 28.75988 301.2726 -233.2467 -0.5831 -7.6387 9.4074 228.5018 117.6952 394.3357 461.2586 -60.3989 131.1782 0.0000
2050.03 16.07.2018 15.10.01 28.71136 301.2236 -178.6395 -0.4466 -7.1495 8.9372 222.5367 114.6890 392.9421 459.1867 -56.7490 131.7652 0.0000
2060.03 16.07.2018 15.20.01 28.67791 301.1762 -154.0455 -0.3851 -6.7352 8.4668 217.3783 112.1589 391.6459 457.4602 -53.2064 132.3418 0.0000
2070.03 16.07.2018 15.30.01 28.65051 301.1339 -162.1232 -0.4053 -6.3574 7.9362 212.0345 109.5791 390.4311 455.7941 -50.6516 132.9075 0.0000
2080.03 16.07.2018 15.40.01 28.62075 301.0931 -172.8808 -0.4322 -5.9730 7.3877 207.9222 107.6785 389.2898 454.3728 -48.1762 133.4648 0.0000
2090.03 16.07.2018 15.50.01 28.58755 301.0553 -204.3516 -0.5109 -5.5785 6.7569 203.5656 105.7016 388.1945 453.0528 -45.9369 134.0150 0.0000
2100.03 16.07.2018 16.00.01 28.54531 301.0207 -255.8624 -0.6397 -5.1478 6.0109 198.9829 103.6739 387.0915 451.7994 -43.7883 134.5575 0.0000
2110.03 16.07.2018 16.10.01 28.48867 300.8579 -279.6069 -0.6990 -4.6564 5.2765 188.7318 98.6856 385.9347 450.0648 -42.6337 135.0933 0.0000
2120.03 16.07.2018 16.20.01 28.42462 300.6872 -300.4300 -0.7511 -4.1457 4.5262 177.9600 93.3789 384.6105 448.0097 -41.2229 135.6128 0.0000
2130.03 16.07.2018 16.30.01 28.35381 300.5158 -293.8179 -0.7345 -3.6203 3.8477 167.7844 88.3492 383.2354 445.8646 -39.7101 136.1157 0.0000
2140.03 16.07.2018 16.40.01 28.28436 300.3491 -177.9272 -0.4448 -3.1181 3.5644 158.3571 83.5393 381.8475 443.6858 -38.3602 136.5949 0.0000
2150.03 16.07.2018 16.50.01 28.24456 300.1825 -127.1666 -0.3179 -2.7848 3.2892 148.7710 78.6251 380.4439 441.3951 -36.8610 137.0423 0.0000
2160.03 16.07.2018 17.00.01 28.21768 300.0101 -118.2014 -0.2955 -2.5280 2.9767 138.2922 73.2215 378.9261 438.9471 -35.0226 137.4281 0.0000
2170.03 16.07.2018 17.10.01 28.19280 299.7810 -87.2161 -0.2180 -2.2900 2.7626 130.7211 69.3254 377.5341 436.5874 -33.5434 137.7477 0.0000
2180.03 16.07.2018 17.20.01 28.17550 299.5560 -70.0175 -0.1750 -2.1006 2.5674 123.2378 65.4593 376.2207 434.2698 -32.0173 138.0079 0.0000
2190.03 16.07.2018 17.30.01 28.16223 299.3267 -69.0661 -0.1727 -1.9403 2.3569 115.2474 61.3079 374.8358 431.8959 -30.3804 138.2514 0.0000
2200.03 16.07.2018 17.40.01 28.14871 299.1001 -65.7911 -0.1645 -1.7876 2.1642 108.2140 57.8012 373.4818 429.7322 -28.9901 138.4574 0.0000
2210.03 16.07.2018 17.50.01 28.13552 298.8746 -69.9502 -0.1749 -1.6461 1.9617 97.8676 52.3193 372.1066 427.1787 -26.7879 138.6488 0.0000
2220.03 16.07.2018 18.00.01 28.12060 298.6443 -77.0291 -0.1926 -1.5057 1.7509 87.8905 47.0680 370.6803 424.6293 -24.6033 138.8247 0.0000
2230.03 16.07.2018 18.10.01 28.10302 298.2749 -83.5436 -0.2089 -1.3640 1.5402 78.1548 41.9176 368.9542 421.9523 -22.3792 138.9900 0.0000
2240.03 16.07.2018 18.20.01 28.08279 297.9084 -93.6314 -0.2341 -1.2247 1.3208 67.9833 36.5161 367.2184 419.1739 -20.2469 139.1428 0.0000
2250.03 16.07.2018 18.30.01 28.05880 297.5375 -103.5078 -0.2588 -1.0838 1.1000 57.5092 30.9342 365.4460 416.2706 -18.2470 139.2889 0.0000
2260.03 16.07.2018 18.40.01 28.03118 297.1625 -110.8203 -0.2771 -0.9425 0.8873 43.2271 23.2387 363.7178 413.0308 -15.8055 139.4239 0.0000
2270.03 16.07.2018 18.50.01 28.00051 296.7213 -121.1828 -0.3030 -0.8036 0.6675 28.4373 15.2466 361.9360 409.4999 -13.7770 139.5149 0.0000
2280.03 16.07.2018 19.00.01 27.96606 296.3413 -130.3821 -0.3260 -0.6625 0.4487 13.3197 7.0556 360.1925 405.8867 -11.1330 139.5846 0.0000
2290.03 16.07.2018 19.10.01 27.92819 295.5926 -113.0401 -0.2826 -0.5229 0.3204 10.6795 5.6812 358.3495 402.6847 -11.9115 139.6318 0.0000
2300.03 16.07.2018 19.20.01 27.89364 294.8709 -93.7242 -0.2343 -0.4225 0.2509 8.8139 4.7017 356.6783 399.7061 -13.0807 139.6669 0.0000
2310.03 16.07.2018 19.30.01 27.86306 294.1599 -86.8190 -0.2170 -0.3612 0.1922 7.0819 3.7895 355.0255 396.8137 -14.1666 139.6948 0.0000
2320.03 16.07.2018 19.40.01 27.83334 293.4662 -87.9180 -0.2198 -0.3212 0.1352 4.8712 2.6079 353.4147 393.9966 -14.9545 139.7206 0.0000
2330.03 16.07.2018 19.50.01 27.80224 292.7829 -93.5036 -0.2338 -0.2915 0.0770 2.6109 1.3980 351.8146 391.2503 -15.6303 139.7342 0.0000
2340.03 16.07.2018 20.00.01 27.76870 292.1394 -100.4933 -0.2512 -0.2653 0.0188 0.3266 0.1736 350.2768 388.6058 -16.0479 139.7471 0.0000
2350.03 16.07.2018 20.10.01 27.73260 292.0371 -93.6665 -0.2342 -0.2367 0.0033 0.0581 0.0309 351.0274 386.8775 -14.7240 139.7538 0.0000
2360.03 16.07.2018 20.20.01 27.69845 291.9682 -85.7317 -0.2143 -0.2148 0.0006 0.0105 0.0056 352.0658 385.4881 -13.8184 139.7605 0.0000
2370.03 16.07.2018 20.30.01 27.66659 291.8655 -81.4095 -0.2035 -0.2036 0.0001 0.0019 0.0010 353.1471 384.2713 -13.4634 139.7671 0.0000
2380.03 16.07.2018 20.40.01 27.63546 291.7515 -81.3456 -0.2034 -0.2034 0.0000 0.0003 0.0002 354.1878 383.2945 -13.0694 139.7738 0.0000
2390.03 16.07.2018 20.50.01 27.60369 291.6570 -84.2858 -0.2107 -0.2107 0.0000 0.0001 0.0000 355.2691 382.4202 -12.9214 139.7804 0.0000
2400.03 16.07.2018 21.00.01 27.57046 291.5165 -88.8186 -0.2220 -0.2220 0.0000 0.0000 0.0000 356.2944 381.6057 -13.2294 139.7871 0.0000
2410.03 16.07.2018 21.10.01 27.53533 291.8198 -93.3062 -0.2333 -0.2333 0.0000 0.0000 0.0000 356.3668 381.2146 -10.8947 139.7949 0.0000
2420.03 16.07.2018 21.20.01 27.49893 292.1631 -95.7896 -0.2395 -0.2395 0.0000 0.0000 0.0000 356.5314 380.9801 -8.3889 139.8038 0.0000
2430.03 16.07.2018 21.30.01 27.46200 292.5309 -96.6137 -0.2415 -0.2415 0.0000 0.0000 0.0000 356.7949 380.9427 -5.7357 139.8153 0.0000
2440.03 16.07.2018 21.40.01 27.42520 292.9088 -96.2738 -0.2407 -0.2407 0.0000 0.0000 0.0000 357.1473 381.0955 -2.9810 139.8286 0.0000
2450.03 16.07.2018 21.50.01 27.38860 293.3052 -94.1286 -0.2353 -0.2353 0.0000 0.0000 0.0000 357.5799 381.4413 -0.1162 139.8419 0.0000
2460.03 16.07.2018 22.00.01 27.35302 293.7131 -91.5466 -0.2289 -0.2289 0.0000 0.0000 0.0000 358.0832 381.9617 2.8151 139.8552 0.0000
2470.03 16.07.2018 22.10.01 27.31823 293.3447 -89.7857 -0.2245 -0.2245 0.0000 0.0000 0.0000 357.9084 381.5994 -0.1404 139.8647 0.0000
2480.03 16.07.2018 22.20.01 27.28344 293.0993 -90.3096 -0.2258 -0.2258 0.0000 0.0000 0.0000 357.7626 381.2664 -0.9055 139.8714 0.0000
2490.03 16.07.2018 22.30.01 27.24819 292.5823 -94.4635 -0.2362 -0.2362 0.0000 0.0000 0.0000 357.7479 380.3813 -4.0217 139.8782 0.0000
2500.03 16.07.2018 22.40.01 27.21014 292.2491 -103.6027 -0.2590 -0.2590 0.0000 0.0000 0.0000 357.5551 379.9700 -4.6909 139.8851 0.0000
2510.03 16.07.2018 22.50.01 27.16909 291.9582 -109.4637 -0.2737 -0.2737 0.0000 0.0000 0.0000 357.5311 379.4201 -5.6725 139.8917 0.0000
2520.03 16.07.2018 23.00.01 27.12615 291.6117 -113.8431 -0.2846 -0.2846 0.0000 0.0000 0.0000 357.2632 378.4012 -8.0964 139.8984 0.0000
2530.03 16.07.2018 23.10.01 27.08175 291.5127 -116.8574 -0.2921 -0.2921 0.0000 0.0000 0.0000 357.0867 377.8773 -8.0428 139.9050 0.0000
2540.03 16.07.2018 23.20.01 27.03631 291.4195 -119.4050 -0.2985 -0.2985 0.0000 0.0000 0.0000 356.9884 377.3909 -8.0624 139.9113 0.0000
2550.03 16.07.2018 23.30.01 26.98989 291.3264 -121.9150 -0.3048 -0.3048 0.0000 0.0000 0.0000 356.9063 376.9227 -8.1376 139.9177 0.0000
2560.03 16.07.2018 23.40.01 26.94253 291.2337 -124.3112 -0.3108 -0.3108 0.0000 0.0000 0.0000 356.8259 376.4805 -8.2007 139.9240 0.0000
2570.03 16.07.2018 23.50.01 26.89425 291.1398 -126.6234 -0.3166 -0.3166 0.0000 0.0000 0.0000 356.7401 376.0486 -8.3060 139.9304 0.0000
2580.03 17.07.2018 00.00.01 26.84512 291.0445 -128.6892 -0.3217 -0.3217 0.0000 0.0000 0.0000 356.6474 375.6220 -8.4457 139.9369 0.0000
2590.03 17.07.2018 00.10.01 26.79525 291.1219 -130.4193 -0.3260 -0.3260 0.0000 0.0000 0.0000 356.4377 375.3801 -7.6320 139.9436 0.0000
2600.03 17.07.2018 00.20.01 26.74490 291.2064 -131.7508 -0.3294 -0.3294 0.0000 0.0000 0.0000 356.2284 375.1647 -6.8599 139.9502 0.0000
2610.03 17.07.2018 00.30.01 26.69418 291.2891 -132.3468 -0.3309 -0.3309 0.0000 0.0000 0.0000 356.0207 374.9741 -6.1017 139.9569 0.0000
2620.03 17.07.2018 00.40.01 26.64346 291.3519 -132.2967 -0.3307 -0.3307 0.0000 0.0000 0.0000 355.8400 374.8480 -5.2038 139.9635 0.0000
2630.03 17.07.2018 00.50.01 26.59310 291.4052 -130.7031 -0.3268 -0.3268 0.0000 0.0000 0.0000 355.6563 374.6803 -4.5935 139.9702 0.0000
2640.03 17.07.2018 01.00.01 26.54342 291.4664 -128.8136 -0.3220 -0.3220 0.0000 0.0000 0.0000 355.4741 374.5175 -4.0430 139.9769 0.0000
2650.03 17.07.2018 01.10.01 26.49450 291.3142 -125.1014 -0.3128 -0.3128 0.0000 0.0000 0.0000 354.5532 374.2885 -3.6806 139.9821 0.0000
2660.03 17.07.2018 01.20.01 26.44790 291.3157 -117.7597 -0.2944 -0.2944 0.0000 0.0000 0.0000 353.9918 373.9984 -3.4938 139.9827 0.0000
2670.03 17.07.2018 01.30.01 26.40304 291.3436 -116.7181 -0.2918 -0.2918 0.0000 0.0000 0.0000 353.3633 373.5937 -3.6623 139.9881 0.0000
2680.03 17.07.2018 01.40.01 26.35708 291.3124 -122.3162 -0.3058 -0.3058 0.0000 0.0000 0.0000 352.4749 373.3978 -3.0693 139.9948 0.0000
2690.03 17.07.2018 01.50.01 26.30959 291.0771 -123.3739 -0.3084 -0.3084 0.0000 0.0000 0.0000 351.5265 372.7875 -3.8065 139.9985 0.0000
2700.03 17.07.2018 02.00.01 26.26260 290.9151 -121.7463 -0.3044 -0.3044 0.0000 0.0006 0.0003 350.4082 372.0817 -4.4755 139.9985 0.0000
2710.03 17.07.2018 02.10.01 26.21597 290.6649 -116.5746 -0.2914 -0.3012 0.0130 0.3542 0.1838 347.8859 371.2305 -4.8886 139.9985 0.0000
2720.03 17.07.2018 02.20.01 26.17013 290.4514 -118.3802 -0.2960 -0.3178 0.0291 0.7620 0.3961 345.3704 370.2383 -5.5538 139.9989 0.0000
2730.03 17.07.2018 02.30.01 26.12231 290.2094 -125.7182 -0.3143 -0.3486 0.0458 1.1791 0.6134 342.5982 369.1369 -6.1701 140.0046 0.0000
2740.03 17.07.2018 02.40.01 26.07119 289.9375 -134.8496 -0.3371 -0.3840 0.0625 1.5980 0.8317 339.7103 368.0605 -6.1560 140.0112 0.0000
2750.03 17.07.2018 02.50.01 26.01690 289.6818 -142.1974 -0.3555 -0.4149 0.0793 2.0172 1.0500 336.8362 366.9458 -6.0689 140.0179 0.0000
2760.03 17.07.2018 03.00.01 25.96008 289.4059 -147.9810 -0.3700 -0.4421 0.0962 2.4402 1.2704 333.9485 365.7283 -6.2246 140.0245 0.0000
2770.03 17.07.2018 03.10.01 25.90142 289.3133 -127.3449 -0.3184 -0.4646 0.1949 5.0910 2.6471 333.5764 365.0632 -5.5665 140.0312 0.0000
2780.03 17.07.2018 03.20.01 25.84881 289.2532 -109.1027 -0.2728 -0.5077 0.3133 8.0838 4.2054 333.4942 364.6736 -5.1318 140.0379 0.0000
2790.03 17.07.2018 03.30.01 25.80187 289.2147 -96.2468 -0.2406 -0.5670 0.4351 11.1358 5.7952 333.5037 364.4368 -4.8366 140.0445 0.0000
2800.03 17.07.2018 03.40.01 25.75903 289.1740 -87.0917 -0.2177 -0.6359 0.5576 14.1986 7.3907 333.5376 364.3087 -4.6787 140.0515 0.0000
2810.03 17.07.2018 03.50.01 25.71923 289.1415 -80.0405 -0.2001 -0.7102 0.6801 17.2634 8.9873 333.6328 364.2720 -4.6454 140.0586 0.0000
2820.03 17.07.2018 04.00.01 25.68185 289.1018 -74.4843 -0.1862 -0.7883 0.8027 20.3301 10.5849 333.7491 364.2944 -4.7691 140.0657 0.0000
2830.03 17.07.2018 04.10.01 25.64654 289.4583 -59.2628 -0.1482 -0.8679 0.9597 24.3304 12.6670 334.1299 364.8011 -3.2303 140.0740 0.0000
2840.03 17.07.2018 04.20.01 25.61584 289.8310 -47.2477 -0.1181 -0.9617 1.1248 28.4739 14.8252 334.6038 365.5031 -1.7699 140.0882 0.0000
2850.03 17.07.2018 04.30.01 25.58895 290.2113 -38.2499 -0.0956 -1.0642 1.2914 32.6423 16.9967 335.1244 366.3633 -0.3639 140.1149 0.0000
2860.03 17.07.2018 04.40.01 25.56521 290.5973 -30.7372 -0.0768 -1.1705 1.4582 36.8152 19.1705 335.6803 367.3634 0.9760 140.1501 0.0000
2870.03 17.07.2018 04.50.01 25.54418 290.9844 -23.6394 -0.0591 -1.2780 1.6251 52.8676 27.4652 336.2658 368.9050 1.5393 140.1951 0.0000
2880.03 17.07.2018 05.00.01 25.52593 291.3784 -3.3178 -0.0083 -1.3855 1.8363 59.9625 31.1431 337.0697 370.6267 1.8453 140.2516 0.0000
2890.03 17.07.2018 05.10.01 25.51385 291.7529 -17.1075 -0.0428 -1.5105 1.9570 155.4288 80.1287 338.2382 375.2185 -3.1420 140.3256 0.0000
2900.03 17.07.2018 05.20.01 25.49975 292.2072 87.5339 0.2188 -1.6055 2.4324 236.4420 120.0328 341.0343 380.8400 -10.0892 140.4149 0.0000
2910.03 17.07.2018 05.30.01 25.51501 292.7019 166.4183 0.4160 -1.8258 2.9892 332.2135 168.7063 344.4974 390.1483 -21.9597 140.5301 0.0000
2920.03 17.07.2018 05.40.01 25.55300 293.2107 200.2676 0.5007 -2.1294 3.5068 330.1038 167.7616 347.9475 398.3936 -30.7930 140.6778 0.0000
2930.03 17.07.2018 05.50.01 25.60134 293.6561 103.8813 0.2597 -2.4553 3.6200 323.2977 164.4708 349.7473 404.0547 -35.5256 140.8580 0.0000
2940.03 17.07.2018 06.00.01 25.62560 294.1457 55.6608 0.1392 -2.6343 3.6979 313.3591 159.3440 351.3639 408.5870 -37.8855 141.0565 0.0000
2950.03 17.07.2018 06.10.01 25.63809 294.4018 46.7879 0.1170 -2.7384 3.8071 307.1067 156.0907 353.1158 412.2559 -41.4460 141.3362 0.0000
2960.03 17.07.2018 06.20.01 25.64861 294.6393 50.7819 0.1270 -2.8264 3.9378 299.6775 152.1009 354.3707 415.1061 -43.9791 141.6286 0.0000
2970.03 17.07.2018 06.30.01 25.66055 294.8757 55.2801 0.1382 -2.9148 4.0707 306.6809 156.7709 356.2550 419.6015 -48.0954 142.0685 0.0000
2980.03 17.07.2018 06.40.01 25.67443 295.1341 75.6007 0.1890 -3.0018 4.2545 304.4283 155.5618 358.6168 422.1844 -50.0338 142.7433 0.0000
2990.03 17.07.2018 06.50.01 25.69677 295.3780 433.5214 1.0838 -3.1058 5.5861 304.9738 155.1620 360.4091 424.5971 -51.9266 143.4333 0.0000
3000.03 17.07.2018 07.00.01 25.81573 295.6049 651.6063 1.6290 -3.6789 7.0772 305.6831 154.7390 361.9280 426.6922 -53.5588 144.1390 0.0000
3010.03 17.07.2018 07.10.01 25.99508 295.8062 751.4040 1.8785 -4.5180 8.5286 308.4144 155.2739 362.9841 428.2096 -56.7819 144.8627 0.0000
3020.03 17.07.2018 07.20.01 26.20388 296.0058 807.6415 2.0191 -5.4585 9.9701 313.0841 156.8308 364.0055 429.6310 -59.5146 145.6048 0.0000
3030.03 17.07.2018 07.30.01 26.43060 296.2071 834.6156 2.0865 -6.4420 11.3714 318.8751 158.9871 365.1135 430.9567 -62.4395 146.3731 0.0000
3040.03 17.07.2018 07.40.01 26.66720 296.4043 849.0186 2.1225 -7.4296 12.7362 325.7654 161.7121 366.1624 432.2074 -65.2733 147.1748 0.0000
3050.03 17.07.2018 07.50.01 26.91021 296.6117 861.3631 2.1534 -8.4067 14.0802 333.4301 164.8681 367.3605 433.5235 -67.7809 148.0159 0.0000
3060.03 17.07.2018 08.00.01 27.15865 296.8072 822.7961 2.0570 -9.3733 15.2403 339.8428 167.4507 368.4748 434.6860 -70.5943 148.8983 0.0000
3070.03 17.07.2018 08.10.01 27.39916 296.9477 846.0393 2.1151 -10.2633 16.5045 347.5947 170.6083 369.6578 435.8346 -73.0256 149.8165 0.0000
3080.03 17.07.2018 08.20.01 27.64752 297.0776 840.6301 2.1016 -11.1658 17.6898 354.5078 173.3399 370.6732 436.7968 -76.4476 150.7705 0.0000
3090.03 17.07.2018 08.30.01 27.89605 297.2067 844.3286 2.1108 -12.0424 18.8709 361.8205 176.3063 371.7771 437.8202 -79.9599 151.7581 0.0000
3100.03 17.07.2018 08.40.01 28.14697 297.3387 842.3192 2.1058 -12.9064 20.0162 369.0020 179.2183 372.8036 438.8577 -81.9934 152.7784 0.0000
3110.03 17.07.2018 08.50.01 28.39865 297.4612 825.3307 2.0633 -13.7516 21.0866 375.3501 181.7159 373.6897 439.7088 -85.3915 153.8277 0.0000
3120.03 17.07.2018 09.00.01 28.64669 297.5717 761.7562 1.9044 -14.5595 21.9519 379.6322 183.2255 374.4115 440.3970 -88.6439 154.9048 0.0000
3130.03 17.07.2018 09.10.01 28.87740 297.5736 516.0193 1.2900 -15.2709 22.0813 378.2997 183.0124 375.6011 441.4227 -92.4000 156.0018 0.0000
3140.03 17.07.2018 09.20.01 29.04269 297.5651 324.9247 0.8123 -15.6473 21.9461 374.4473 181.6129 376.5796 442.0212 -94.6580 157.0861 0.0000
3150.03 17.07.2018 09.30.01 29.15624 297.5593 177.2496 0.4431 -15.7719 21.6200 369.2373 179.6341 377.4868 442.3744 -96.4956 158.1567 0.0000
3160.03 17.07.2018 09.40.01 29.22967 297.5695 130.0322 0.3251 -15.7084 21.3779 366.5136 178.8296 378.3611 442.8005 -95.7169 159.2033 0.0000
3170.03 17.07.2018 09.50.01 29.28918 297.5711 69.3520 0.1734 -15.5919 21.0204 363.2694 177.8575 379.3889 442.9522 -96.1052 160.2330 0.0000
3180.03 17.07.2018 10.00.01 29.33163 297.5844 -16.6431 -0.0416 -15.4011 20.4793 358.8427 176.4049 380.3552 443.2576 -96.9857 161.2454 0.0000
3190.03 17.07.2018 10.10.01 29.35092 297.6600 39.3832 0.0985 -15.1043 20.2703 353.0721 173.5704 380.5728 443.1100 -95.2663 162.2365 0.0000
3200.03 17.07.2018 10.20.01 29.38400 297.7245 48.8504 0.1221 -14.8937 20.0211 347.2709 170.7692 380.8353 442.9738 -93.7255 163.2235 0.0000
3210.03 17.07.2018 10.30.01 29.41882 297.7832 13.5798 0.0339 -14.7023 19.6484 339.9464 167.2068 380.9043 442.6617 -91.9507 164.2047 0.0000
3220.03 17.07.2018 10.40.01 29.44381 297.8463 17.0539 0.0426 -14.4683 19.3480 334.0990 164.3806 380.9755 442.3787 -90.2204 165.1746 0.0000
3230.03 17.07.2018 10.50.01 29.46945 297.9064 0.7703 0.0019 -14.2388 18.9876 327.7197 161.3107 380.9983 442.0453 -88.3922 167.0704 0.0000
3240.03 17.07.2018 11.00.01 29.48956 297.9641 -35.5756 -0.0889 -13.9938 18.5398 320.8164 158.0355 381.0355 441.6912 -86.5633 168.9554 0.0000
3250.03 17.07.2018 11.10.01 29.50140 298.0793 207.3454 0.5184 -13.7134 18.9757 325.8129 160.2262 381.2885 441.8276 -84.6589 170.8296 0.0000
3260.03 17.07.2018 11.20.01 29.57827 298.2028 343.3730 0.8584 -13.7606 19.4921 332.4613 163.3126 381.8516 442.5150 -83.9201 172.7361 0.0000
3270.03 17.07.2018 11.30.01 29.69253 298.3268 407.1933 1.0180 -13.9813 19.9991 339.2314 166.4850 382.5319 443.4349 -83.8278 174.7014 0.0000
3280.03 17.07.2018 11.40.01 29.82513 298.4530 443.3470 1.1084 -14.2749 20.5110 346.3372 169.8426 383.2812 444.5020 -84.5117 176.7064 0.0000
3290.03 17.07.2018 11.50.01 29.96850 298.5785 451.7910 1.1295 -14.6032 20.9769 352.9902 172.9860 384.0223 445.6402 -85.4122 178.7512 0.0000
3300.03 17.07.2018 12.00.01 30.11505 298.7022 428.8341 1.0721 -14.9297 21.3358 358.8321 175.7785 384.7716 446.8297 -86.5319 180.8543 0.0000
3310.03 17.07.2018 12.10.01 30.25378 298.6920 81.0637 0.2027 -15.2054 20.5441 351.8185 173.0294 385.6082 447.8147 -88.0177 182.9904 0.0000
3320.03 17.07.2018 12.20.01 30.29894 298.6681 -136.6189 -0.3415 -15.0124 19.5612 342.7673 169.2916 385.9991 448.2342 -88.3395 185.0833 0.0000
3330.03 17.07.2018 12.30.01 30.28430 298.6373 -253.4734 -0.6337 -14.5422 18.5447 333.9893 165.7584 386.2094 448.4542 -88.1671 187.1209 0.0000
3340.03 17.07.2018 12.40.01 30.23644 298.6046 -306.5830 -0.7665 -13.9367 17.5604 325.2713 162.1926 386.3605 448.4467 -87.4854 189.1122 0.0000
3350.03 17.07.2018 12.50.01 30.17239 298.5706 -335.9355 -0.8398 -13.2817 16.5891 316.3920 158.5135 386.4717 448.2813 -86.3497 191.0332 0.0000
3360.03 17.07.2018 13.00.01 30.09884 298.5533 -344.3330 -0.8608 -12.6074 15.6621 308.1740 155.1757 386.7100 448.1054 -85.0350 192.9041 0.0000
3370.03 17.07.2018 13.10.01 30.02264 298.4852 -187.8861 -0.4697 -11.9451 15.3005 302.6990 152.4435 386.0076 446.9880 -84.7002 194.7117 0.0000
3380.03 17.07.2018 13.20.01 29.98699 298.3961 -107.6619 -0.2692 -11.5097 14.9874 298.3742 150.3410 385.2840 445.9561 -84.4078 196.4985 0.0000
3390.03 17.07.2018 13.30.01 29.97213 298.2987 -80.5458 -0.2014 -11.1902 14.6518 293.9542 148.2107 384.5786 444.8577 -84.1554 198.2678 0.0000
3400.03 17.07.2018 13.40.01 29.96407 298.1968 -72.2229 -0.1806 -10.9108 14.3070 289.6456 146.1389 383.8563 443.7085 -83.7765 200.0211 0.0000
3410.03 17.07.2018 13.50.01 29.95800 298.0906 -76.9607 -0.1924 -10.6457 13.9377 285.2490 144.0447 383.1198 442.5192 -83.4618 201.7549 0.0000
3420.03 17.07.2018 14.00.01 29.95034 297.9813 -98.6778 -0.2467 -10.3770 13.5071 280.5150 141.8239 382.3788 441.2810 -83.2021 203.4684 0.0000
3430.03 17.07.2018 14.10.01 29.93688 297.8679 -51.6585 -0.1291 -10.0854 13.2750 277.8618 140.4254 380.2761 439.9590 -82.5122 205.1630 0.0000
3440.03 17.07.2018 14.20.01 29.93521 297.7494 -51.2786 -0.1282 -9.8658 12.9835 275.1203 139.0462 378.0000 438.6292 -81.8965 206.8561 0.0000
3450.03 17.07.2018 14.30.01 29.93279 297.6292 -67.5644 -0.1689 -9.6539 12.6466 272.5712 137.8378 375.7784 437.3281 -81.4129 208.5472 0.0000
3460.03 17.07.2018 14.40.01 29.92541 297.5240 -72.8319 -0.1821 -9.4279 12.3277 271.5687 137.4730 373.6535 436.1903 -81.0175 210.2233 0.0000
3470.03 17.07.2018 14.50.01 29.91573 297.4080 -113.9261 -0.2848 -9.2012 11.8885 269.6366 136.6961 371.4756 435.0010 -80.6936 211.8994 0.0000
3480.03 17.07.2018 15.00.01 29.89395 297.2843 -183.3654 -0.4584 -8.9258 11.2899 266.7300 135.5230 369.2264 433.7418 -80.3105 213.5685 0.0000
3490.03 17.07.2018 15.10.01 29.85220 297.0940 -308.6071 -0.7715 -8.5730 10.4019 257.1330 131.1841 367.8845 432.3611 -79.2522 214.4078 0.0000
3500.03 17.07.2018 15.20.01 29.77682 296.9065 -385.9268 -0.9648 -8.0611 9.4617 246.3696 126.1993 366.4274 430.6708 -77.5471 215.2213 0.0000
3510.03 17.07.2018 15.30.01 29.67932 296.7151 -433.1611 -1.0829 -7.4616 8.5049 235.0809 120.9032 364.8231 428.7726 -75.4809 215.9987 0.0000
3520.03 17.07.2018 15.40.01 29.56771 296.5307 -447.5173 -1.1188 -6.8173 7.5980 224.3003 115.8453 363.2631 426.8459 -73.2002 216.7495 0.0000
3530.03 17.07.2018 15.50.01 29.45059 296.3338 -466.7993 -1.1670 -6.1726 6.6741 213.0138 110.4783 361.6379 424.7495 -70.7054 217.4632 0.0000
3540.03 17.07.2018 16.00.01 29.32672 296.1383 -482.0971 -1.2052 -5.5196 5.7524 202.1699 105.3252 360.0006 422.6104 -68.0835 218.1534 0.0000
3550.03 17.07.2018 16.10.01 29.19729 295.8746 -470.9280 -1.1773 -4.8640 4.9156 192.6890 100.8067 358.1632 420.2707 -66.3290 218.8203 0.0000
3560.03 17.07.2018 16.20.01 29.06930 295.6137 -454.1563 -1.1354 -4.2432 4.1437 184.2286 96.7824 356.3685 417.9663 -64.5248 219.4529 0.0000
3570.03 17.07.2018 16.30.01 28.94433 295.3584 -427.8248 -1.0696 -3.6621 3.4568 176.7482 93.2403 354.6312 415.7470 -62.7340 220.0639 0.0000
3580.03 17.07.2018 16.40.01 28.82598 295.0940 -277.2693 -0.6932 -3.1321 3.2519 170.4631 90.1209 352.8369 413.6399 -61.2166 220.6558 0.0000
3590.03 17.07.2018 16.50.01 28.74658 294.8277 -201.5858 -0.5040 -2.8179 3.0853 164.2166 86.9915 351.0503 411.5298 -59.6371 221.2126 0.0000
3600.03 17.07.2018 17.00.01 28.68658 294.5549 -183.7043 -0.4593 -2.6123 2.8707 156.8978 83.2784 349.2155 409.3224 -57.8844 221.7114 0.0000
3610.03 17.07.2018 17.10.01 28.63110 294.2744 -171.1770 -0.4279 -2.4361 2.6776 148.4067 78.9219 347.7412 407.1157 -55.7123 222.1143 0.0000
3620.03 17.07.2018 17.20.01 28.57849 293.9925 -172.5473 -0.4314 -2.2808 2.4659 139.2569 74.1928 346.2472 404.8356 -53.3832 222.4399 0.0000
3630.03 17.07.2018 17.30.01 28.52514 293.7057 -183.4846 -0.4587 -2.1290 2.2271 129.2982 69.0117 344.6152 402.4522 -50.8662 222.7456 0.0000
3640.03 17.07.2018 17.40.01 28.46838 293.4223 -184.3184 -0.4608 -1.9686 2.0105 119.7903 64.2050 343.0228 400.2877 -48.2965 223.0083 0.0000
3650.03 17.07.2018 17.50.01 28.41076 293.1403 -192.1312 -0.4803 -1.8141 1.7783 106.9731 57.4322 341.3825 397.7063 -44.9647 223.2408 0.0000
3660.03 17.07.2018 18.00.01 28.35040 292.8529 -200.8983 -0.5022 -1.6567 1.5393 94.1152 50.6422 339.6923 395.0820 -41.4724 223.4474 0.0000
3670.03 17.07.2018 18.10.01 28.28701 292.5276 -194.5370 -0.4863 -1.4950 1.3449 84.1111 45.3372 338.4264 392.7924 -37.2558 223.6312 0.0000
3680.03 17.07.2018 18.20.01 28.22482 292.2046 -192.1568 -0.4804 -1.3489 1.1580 73.8919 39.8945 337.2391 390.5514 -33.3625 223.7831 0.0000
3690.03 17.07.2018 18.30.01 28.16268 291.8782 -193.4315 -0.4836 -1.2120 0.9713 63.3376 34.2498 336.0384 388.2700 -29.7256 223.9027 0.0000
3700.03 17.07.2018 18.40.01 28.09976 291.5516 -192.5174 -0.4813 -1.0796 0.7977 48.2091 26.0650 334.8749 385.6707 -25.6450 224.0016 0.0000
3710.03 17.07.2018 18.50.01 28.03643 291.2132 -197.9785 -0.4949 -0.9547 0.6129 32.4159 17.4944 333.6692 382.8561 -21.6293 224.0700 0.0000
3720.03 17.07.2018 19.00.01 27.97119 290.8669 -202.5882 -0.5065 -0.8294 0.4305 16.2437 8.6924 332.4318 379.8574 -17.7814 224.1144 0.0000
3730.03 17.07.2018 19.10.01 27.90402 290.4750 -190.5353 -0.4763 -0.7066 0.3070 13.7472 7.4098 331.0376 377.4876 -16.9894 224.1398 0.0000
3740.03 17.07.2018 19.20.01 27.83907 290.0879 -172.8133 -0.4320 -0.6132 0.2415 11.7247 6.3427 329.7623 375.3159 -16.5059 224.1603 0.0000
3750.03 17.07.2018 19.30.01 27.77783 289.7018 -166.1871 -0.4155 -0.5558 0.1871 9.7773 5.3076 328.5328 373.2305 -16.1618 224.1742 0.0000
3760.03 17.07.2018 19.40.01 27.71740 289.3157 -166.9327 -0.4173 -0.5179 0.1340 6.7387 3.6598 327.3124 371.1239 -15.7546 224.1876 0.0000
3770.03 17.07.2018 19.50.01 27.65594 288.9287 -172.3176 -0.4308 -0.4892 0.0779 3.5849 1.9464 326.0825 369.0277 -15.4032 224.2008 0.0000
3780.03 17.07.2018 20.00.01 27.59216 288.5424 -178.7792 -0.4469 -0.4631 0.0216 0.3754 0.1995 324.8510 366.9559 -15.0559 224.2113 0.0000
3790.03 17.07.2018 20.10.01 27.52587 288.1375 -173.6648 -0.4342 -0.4371 0.0039 0.0675 0.0359 323.6985 365.1982 -14.7095 224.2113 0.0000
3800.03 17.07.2018 20.20.01 27.46038 287.7376 -169.5607 -0.4239 -0.4244 0.0007 0.0121 0.0065 322.6331 363.5599 -14.5982 224.2113 0.0000
3810.03 17.07.2018 20.30.01 27.39538 287.3430 -168.7946 -0.4220 -0.4221 0.0001 0.0022 0.0012 321.6212 362.0131 -14.4886 224.2113 0.0000
3820.03 17.07.2018 20.40.01 27.33026 286.9514 -170.7343 -0.4268 -0.4269 0.0000 0.0004 0.0002 320.6376 360.5414 -14.4275 224.2113 0.0000
3830.03 17.07.2018 20.50.01 27.26412 286.5589 -173.5558 -0.4339 -0.4339 0.0000 0.0001 0.0000 319.6672 359.1147 -14.4956 224.2113 0.0000
3840.03 17.07.2018 21.00.01 27.19680 286.1677 -177.1260 -0.4428 -0.4428 0.0000 0.0000 0.0000 318.6979 357.7380 -14.5547 224.2113 0.0000
3850.03 17.07.2018 21.10.01 27.12802 286.0462 -180.8013 -0.4520 -0.4520 0.0000 0.0000 0.0000 318.2546 356.7586 -13.4631 224.2113 0.0000
3860.03 17.07.2018 21.20.01 27.05789 285.9206 -184.5077 -0.4613 -0.4613 0.0000 0.0000 0.0000 317.8346 355.8711 -12.5797 224.2113 0.0000
3870.03 17.07.2018 21.30.01 26.98623 285.7465 -188.3672 -0.4709 -0.4709 0.0000 0.0000 0.0000 317.3614 354.9716 -12.1470 224.2113 0.0000
3880.03 17.07.2018 21.40.01 26.91320 285.7445 -191.8171 -0.4795 -0.4795 0.0000 0.0000 0.0000 317.0972 354.2863 -10.8822 224.2113 0.0000
3890.03 17.07.2018 21.50.01 26.83907 285.5254 -192.8685 -0.4822 -0.4822 0.0000 0.0000 0.0000 316.6741 353.4318 -10.6925 224.2113 0.0000
3900.03 17.07.2018 22.00.01 26.76483 285.3646 -194.3870 -0.4860 -0.4860 0.0000 0.0000 0.0000 316.2733 352.6444 -10.3323 224.2087 0.0000
3910.03 17.07.2018 22.10.01 26.68975 285.2698 -194.8562 -0.4871 -0.4871 0.0000 0.0000 0.0000 315.9163 351.8862 -10.0977 224.2030 0.0000
3920.03 17.07.2018 22.20.01 26.61456 285.1789 -196.9107 -0.4923 -0.4923 0.0000 0.0000 0.0000 315.5745 351.1494 -9.9210 224.1969 0.0000
3930.03 17.07.2018 22.30.01 26.53857 285.0915 -199.1575 -0.4979 -0.4979 0.0000 0.0000 0.0000 315.2362 350.4408 -9.7746 224.1905 0.0000
3940.03 17.07.2018 22.40.01 26.46166 285.0080 -201.0116 -0.5025 -0.5025 0.0000 0.0000 0.0000 314.8838 349.7638 -9.5882 224.1832 0.0000
3950.03 17.07.2018 22.50.01 26.38403 284.9149 -202.6975 -0.5067 -0.5067 0.0000 0.0000 0.0000 314.5213 349.1001 -9.4589 224.1733 0.0000
3960.03 17.07.2018 23.00.01 26.30575 284.8081 -204.3411 -0.5109 -0.5109 0.0000 0.0000 0.0000 314.1558 348.4442 -9.3923 224.1598 0.0000
3970.03 17.07.2018 23.10.01 26.22701 284.7146 -205.7927 -0.5145 -0.5145 0.0000 0.0000 0.0000 313.6915 347.8228 -9.1288 224.1455 0.0000
3980.03 17.07.2018 23.20.01 26.14773 284.5093 -206.4824 -0.5162 -0.5162 0.0000 0.0000 0.0000 313.2034 347.0878 -9.4780 224.1311 0.0000
3990.03 17.07.2018 23.30.01 26.06808 284.2301 -208.5337 -0.5213 -0.5213 0.0000 0.0000 0.0000 312.7332 346.3299 -10.2964 224.1172 0.0000
4000.03 17.07.2018 23.40.01 25.98712 283.9899 -213.2074 -0.5330 -0.5330 0.0000 0.0000 0.0000 312.2423 345.6485 -10.7304 224.1018 0.0000
4010.03 17.07.2018 23.50.01 25.90426 283.8102 -218.4032 -0.5460 -0.5460 0.0000 0.0000 0.0000 311.7953 344.9724 -11.0411 224.0861 0.0000
4020.03 18.07.2018 00.00.01 25.81948 283.6521 -223.2274 -0.5581 -0.5581 0.0000 0.0000 0.0000 311.3540 344.2771 -11.3670 224.0704 0.0000
4030.03 18.07.2018 00.10.01 25.73300 283.6258 -225.9646 -0.5649 -0.5649 0.0000 0.0000 0.0000 311.0447 343.7554 -10.5281 224.0546 0.0000
4040.03 18.07.2018 00.20.01 25.64642 283.6230 -224.6803 -0.5617 -0.5617 0.0000 0.0000 0.0000 310.7246 343.2627 -9.6704 224.0388 0.0000
4050.03 18.07.2018 00.30.01 25.56085 283.7114 -220.9727 -0.5524 -0.5524 0.0000 0.0000 0.0000 310.3933 342.8549 -8.6385 224.0219 0.0000
4060.03 18.07.2018 00.40.01 25.47695 283.8412 -216.2941 -0.5407 -0.5407 0.0000 0.0000 0.0000 310.0701 342.5642 -7.5022 224.0049 0.0000
4070.03 18.07.2018 00.50.01 25.39449 283.7043 -213.4270 -0.5336 -0.5336 0.0000 0.0000 0.0000 309.8435 342.0509 -7.8482 223.9877 0.0000
4080.03 18.07.2018 01.00.01 25.31222 283.6842 -214.2565 -0.5356 -0.5356 0.0000 0.0000 0.0000 309.7755 341.6103 -7.9053 223.9703 0.0000
4090.03 18.07.2018 01.10.01 25.22936 283.5845 -216.8729 -0.5422 -0.5422 0.0000 0.0000 0.0000 309.4729 341.1732 -7.9211 223.9539 0.0000
4100.03 18.07.2018 01.20.01 25.14568 283.4666 -218.4404 -0.5461 -0.5461 0.0000 0.0000 0.0000 309.1133 340.6898 -8.0600 223.9375 0.0000
4110.03 18.07.2018 01.30.01 25.06146 283.3407 -219.0938 -0.5477 -0.5477 0.0000 0.0000 0.0000 308.7291 340.1758 -8.2631 223.9209 0.0000
4120.03 18.07.2018 01.40.01 24.97723 283.2284 -219.5295 -0.5488 -0.5488 0.0000 0.0000 0.0000 308.3269 339.6895 -8.2661 223.9034 0.0000
4130.03 18.07.2018 01.50.01 24.89300 283.0660 -219.1066 -0.5478 -0.5478 0.0000 0.0000 0.0000 307.8450 339.1679 -8.5013 223.8858 0.0000
4140.03 18.07.2018 02.00.01 24.80877 282.8500 -219.5812 -0.5490 -0.5490 0.0000 0.0004 0.0002 307.2898 338.5642 -8.9332 223.8673 0.0000
4150.03 18.07.2018 02.10.01 24.72457 282.9995 -216.3497 -0.5409 -0.5476 0.0090 0.2440 0.1266 307.0790 338.2230 -7.9353 223.8455 0.0000
4160.03 18.07.2018 02.20.01 24.64150 283.0476 -212.5320 -0.5313 -0.5464 0.0201 0.5249 0.2729 306.9750 337.9467 -7.4088 223.8218 0.0000
4170.03 18.07.2018 02.30.01 24.55941 283.0486 -211.3107 -0.5283 -0.5519 0.0315 0.8123 0.4226 306.9033 337.6831 -7.1558 223.7947 0.0000
4180.03 18.07.2018 02.40.01 24.47744 283.0546 -212.1847 -0.5305 -0.5628 0.0431 1.1008 0.5729 306.8683 337.4460 -6.9548 223.7648 0.0000
4190.03 18.07.2018 02.50.01 24.39489 283.0995 -213.7019 -0.5343 -0.5752 0.0546 1.3896 0.7234 306.8592 337.2559 -6.5835 223.7317 0.0000
4200.03 18.07.2018 03.00.01 24.31185 283.1656 -214.9634 -0.5374 -0.5871 0.0663 1.6820 0.8756 306.8547 337.1055 -6.1181 223.6945 0.0000
4210.03 18.07.2018 03.10.01 24.22866 283.4809 -191.4713 -0.4787 -0.5955 0.1558 4.0923 2.1273 307.2455 337.4021 -4.5110 223.6511 0.0000
4220.03 18.07.2018 03.20.01 24.15231 283.8125 -172.3098 -0.4308 -0.6287 0.2640 6.8278 3.5516 307.8364 337.8735 -3.1290 223.6057 0.0000
4230.03 18.07.2018 03.30.01 24.08184 284.1490 -159.1133 -0.3978 -0.6793 0.3754 9.6196 5.0058 308.5198 338.4714 -1.8800 223.5587 0.0000
4240.03 18.07.2018 03.40.01 24.01565 284.4893 -149.4368 -0.3736 -0.7391 0.4874 12.4217 6.4655 309.2584 339.1780 -0.7341 223.5106 0.0000
4250.03 18.07.2018 03.50.01 23.95275 284.8379 -141.3708 -0.3534 -0.8030 0.5995 15.2256 7.9262 310.0374 339.9846 0.3421 223.4617 0.0000
4260.03 18.07.2018 04.00.01 23.89282 285.1914 -134.2753 -0.3357 -0.8694 0.7116 18.0303 9.3873 310.8512 340.8785 1.3492 223.4129 0.0000
4270.03 18.07.2018 04.10.01 23.83550 285.5241 -125.1390 -0.3128 -0.9367 0.8319 21.0546 10.9624 312.0283 341.8834 2.0066 223.3663 0.0000
4280.03 18.07.2018 04.20.01 23.78152 285.8672 -116.2538 -0.2906 -1.0061 0.9540 24.1127 12.5554 313.2677 342.9767 2.5654 223.3260 0.0000
4290.03 18.07.2018 04.30.01 23.73071 286.2171 -107.8660 -0.2697 -1.0771 1.0765 27.1766 14.1515 314.5303 344.1324 3.0278 223.2898 0.0000
4300.03 18.07.2018 04.40.01 23.68301 286.5664 -100.0806 -0.2502 -1.1495 1.1991 30.2415 15.7482 315.8229 345.3407 3.3921 223.2626 0.0000
4310.03 18.07.2018 04.50.01 23.63824 286.9164 -92.9278 -0.2323 -1.2235 1.3216 55.1111 28.5785 317.1526 347.3911 2.7495 223.2394 0.0000
4320.03 18.07.2018 05.00.01 23.59631 287.2940 -61.6148 -0.1540 -1.2978 1.5250 62.7827 32.5467 318.8683 349.6217 1.9591 223.2258 0.0000
4330.03 18.07.2018 05.10.01 23.56350 287.7626 -66.2342 -0.1656 -1.4039 1.6511 171.7221 87.1524 320.5768 353.6660 -1.0200 223.2256 0.0000
4340.03 18.07.2018 05.20.01 23.53149 288.2907 75.4365 0.1886 -1.4905 2.2388 290.6073 147.1923 324.2956 362.7194 -10.0570 223.2260 0.0000
4350.03 18.07.2018 05.30.01 23.53875 288.9145 183.0850 0.4577 -1.7493 2.9427 410.5261 207.7312 329.3015 374.7219 -22.5017 223.2398 0.0000
4360.03 18.07.2018 05.40.01 23.57693 289.6052 220.9301 0.5523 -2.1250 3.5697 397.6461 201.8001 334.2238 386.4473 -31.5614 223.2814 0.0000
4370.03 18.07.2018 05.50.01 23.62695 290.2346 86.8223 0.2171 -2.5207 3.6504 373.8711 189.9679 336.6123 393.5109 -36.7847 223.3523 0.0000
4380.03 18.07.2018 06.00.01 23.64337 290.7853 12.2439 0.0306 -2.7138 3.6593 345.8720 175.6880 338.3185 398.2706 -40.9591 223.4448 0.0000
4390.03 18.07.2018 06.10.01 23.64102 291.1816 -4.5066 -0.0113 -2.7949 3.7115 332.9121 169.0094 339.9952 401.9252 -44.3983 223.6222 0.0000
4400.03 18.07.2018 06.20.01 23.63488 291.5236 5.2611 0.0132 -2.8467 3.8131 319.1898 161.8113 341.0048 404.6652 -47.0258 223.8286 0.0000
4410.03 18.07.2018 06.30.01 23.63210 291.9249 29.0990 0.0727 -2.9043 3.9693 322.1816 164.5772 343.1406 409.2752 -50.9043 224.1827 0.0000
4420.03 18.07.2018 06.40.01 23.63659 292.3583 54.7252 0.1368 -2.9821 4.1585 316.9399 161.8455 345.8477 411.6924 -52.3400 224.7698 0.0000
4430.03 18.07.2018 06.50.01 23.65173 292.7222 468.3730 1.1709 -3.0800 5.6680 315.1676 160.1886 347.5716 413.9090 -54.0404 225.3855 0.0000
4440.03 18.07.2018 07.00.01 23.77831 293.0584 670.9609 1.6774 -3.7175 7.1932 312.8916 158.2268 348.9050 415.6781 -55.3709 226.0267 0.0000
4450.03 18.07.2018 07.10.01 23.96182 293.2837 789.0764 1.9727 -4.5960 8.7583 312.2613 157.2297 350.3317 417.3237 -56.8808 226.6834 0.0000
4460.03 18.07.2018 07.20.01 24.17959 293.5061 806.0625 2.0152 -5.5987 10.1518 312.7037 156.8931 351.6650 418.7369 -58.4397 227.3491 0.0000
4470.03 18.07.2018 07.30.01 24.40469 293.7331 772.3525 1.9309 -6.5886 11.3593 313.4716 156.8311 353.0573 419.9854 -59.9909 228.0303 0.0000
4480.03 18.07.2018 07.40.01 24.62362 293.9633 758.9741 1.8974 -7.5009 12.5312 318.1260 158.7525 354.4392 421.2237 -61.5076 228.7281 0.0000
4490.03 18.07.2018 07.50.01 24.84133 294.1992 737.7836 1.8445 -8.3675 13.6160 323.3730 161.0752 356.1097 422.6085 -63.3247 229.4483 0.0000
4500.03 18.07.2018 08.00.01 25.05508 294.4175 655.8378 1.6396 -9.1800 14.4261 326.4917 162.4142 357.5987 423.7961 -65.1166 230.1907 0.0000
4510.03 18.07.2018 08.10.01 25.24810 294.5328 486.0625 1.2152 -9.8608 14.7680 321.4778 160.0646 359.0944 424.8065 -66.6039 230.9576 0.0000
4520.03 18.07.2018 08.20.01 25.39663 294.6344 314.7724 0.7869 -10.2991 14.7814 313.5310 156.3388 360.1743 425.2666 -67.1951 231.7218 0.0000
4530.03 18.07.2018 08.30.01 25.49960 294.7319 168.4369 0.4211 -10.5008 14.5625 304.1418 152.0231 361.1278 425.4755 -67.1329 232.4727 0.0000
4540.03 18.07.2018 08.40.01 25.56353 294.8203 111.6094 0.2790 -10.5056 14.3796 297.8230 149.1843 361.8732 425.5228 -66.5638 233.2114 0.0000
4550.03 18.07.2018 08.50.01 25.61169 294.9120 44.7045 0.1118 -10.4391 14.0678 291.1055 146.2628 362.6643 425.6184 -65.7649 233.9395 0.0000
4560.03 18.07.2018 09.00.01 25.64126 294.9999 -53.9734 -0.1349 -10.2871 13.5363 282.6277 142.5550 363.3591 425.5860 -64.5383 234.6494 0.0000
4570.03 18.07.2018 09.10.01 25.64523 295.1082 90.7132 0.2268 -10.0076 13.6458 282.9690 142.7154 364.2123 425.8004 -61.1854 235.3308 0.0000
4580.03 18.07.2018 09.20.01 25.68716 295.2390 163.2154 0.4080 -9.9280 13.7814 284.2373 143.4031 365.4203 426.5447 -58.7241 236.0107 0.0000
4590.03 18.07.2018 09.30.01 25.74865 295.3813 193.3974 0.4835 -9.9418 13.9004 285.6722 144.2115 366.7648 427.5718 -56.6793 236.6885 0.0000
4600.03 18.07.2018 09.40.01 25.81890 295.5322 212.5513 0.5314 -9.9889 14.0270 287.4908 145.1957 368.1527 428.7947 -54.8556 237.3632 0.0000
4610.03 18.07.2018 09.50.01 25.89498 295.6928 218.9547 0.5474 -10.0531 14.1340 289.3315 146.2176 369.5994 430.2169 -53.3110 238.0356 0.0000
4620.03 18.07.2018 10.00.01 25.97341 295.8550 206.8023 0.5170 -10.1170 14.1786 290.7025 147.0350 371.0500 431.7495 -51.9917 238.7037 0.0000
4630.03 18.07.2018 10.10.01 26.05032 295.9980 358.5475 0.8964 -10.1563 14.7369 299.4038 151.2410 372.7575 433.4088 -52.2170 239.3810 0.0000
4640.03 18.07.2018 10.20.01 26.16836 296.1783 454.6369 1.1366 -10.3923 15.3718 309.4635 156.1697 374.7851 435.4465 -53.7028 240.0885 0.0000
4650.03 18.07.2018 10.30.01 26.31323 296.4571 498.4912 1.2462 -10.7430 15.9856 319.1987 160.9305 376.8527 437.5865 -55.7613 240.8379 0.0000
4660.03 18.07.2018 10.40.01 26.47137 296.8420 527.7747 1.3194 -11.1342 16.6048 329.1418 165.8154 379.2268 440.0284 -57.0151 241.6116 0.0000
4670.03 18.07.2018 10.50.01 26.63961 296.5275 541.4335 1.3536 -11.5487 17.2031 338.8185 170.5667 381.3617 441.6331 -64.3866 243.2000 0.0000
4680.03 18.07.2018 11.00.01 26.81353 296.6801 540.1097 1.3503 -11.9638 17.7521 348.1338 175.1644 383.4755 443.2097 -70.1670 244.8590 0.0000
4690.03 18.07.2018 11.10.01 26.98538 296.7697 136.6609 0.3417 -12.3489 16.9208 336.2694 169.7587 384.0949 444.9152 -68.5905 246.5362 0.0000
4700.03 18.07.2018 11.20.01 27.04913 296.8380 -123.3755 -0.3084 -12.1844 15.8346 320.3416 162.2246 383.9322 445.6597 -65.6716 248.1526 0.0000
4710.03 18.07.2018 11.30.01 27.04156 296.8653 -268.5685 -0.6714 -11.6843 14.6838 303.5895 154.2737 383.4003 445.8845 -62.5065 249.6906 0.0000
4720.03 18.07.2018 11.40.01 26.99316 296.8398 -331.5815 -0.8290 -11.0150 13.5814 287.5809 146.6650 382.7472 445.6836 -59.4160 251.1276 0.0000
4730.03 18.07.2018 11.50.01 26.92553 296.8192 -374.9721 -0.9374 -10.2868 12.4658 271.4779 139.0163 381.9925 445.1967 -56.1084 252.4579 0.0000
4740.03 18.07.2018 12.00.01 26.84402 296.7902 -406.5863 -1.0165 -9.5231 11.3422 255.3817 131.3808 381.2077 444.4255 -52.7027 253.6965 0.0000
4750.03 18.07.2018 12.10.01 26.75515 296.8973 -29.3050 -0.0733 -8.7505 11.5696 253.4927 129.7814 380.5204 443.6858 -48.3699 254.8279 0.0000
4760.03 18.07.2018 12.20.01 26.76660 297.0604 183.3344 0.4583 -8.4968 11.9402 254.6122 129.8138 380.2881 443.1850 -47.2364 255.9527 0.0000
4770.03 18.07.2018 12.30.01 26.83581 297.1773 285.6671 0.7142 -8.5223 12.3153 256.5482 130.3328 380.2293 442.7287 -47.7856 257.0731 0.0000
4780.03 18.07.2018 12.40.01 26.93344 297.3089 331.3196 0.8283 -8.6732 12.6687 258.6452 130.9733 380.7296 442.9425 -45.7103 258.1547 0.0000
4790.03 18.07.2018 12.50.01 27.04434 297.5015 347.4588 0.8686 -8.8728 12.9886 260.7720 131.6736 381.2117 443.2054 -44.7817 259.1905 0.0000
4800.03 18.07.2018 13.00.01 27.16058 297.8080 351.2500 0.8781 -9.0817 13.2797 263.3871 132.7043 382.1817 443.7148 -44.4080 260.1975 0.0000
4810.03 18.07.2018 13.10.01 27.27685 297.5606 87.2765 0.2182 -9.2783 12.6620 255.9509 129.4017 382.1639 445.1161 -41.9093 261.2713 0.0000
4820.03 18.07.2018 13.20.01 27.32256 297.6369 -63.1835 -0.1580 -9.1134 11.9406 246.4059 124.9594 382.2221 444.8718 -43.8910 262.4236 0.0000
4830.03 18.07.2018 13.30.01 27.32736 298.1311 -139.5758 -0.3489 -8.7547 11.2076 236.3192 120.2049 382.2741 444.1650 -46.2307 263.6718 0.0000
4840.03 18.07.2018 13.40.01 27.31045 297.7037 -176.7712 -0.4419 -8.3032 10.4818 225.9772 115.2895 383.4714 443.0013 -46.4536 264.8895 0.0000
4850.03 18.07.2018 13.50.01 27.28228 297.6430 -194.4010 -0.4860 -7.8199 9.7786 215.6051 110.3275 384.5887 441.3024 -48.8511 265.9988 0.0000
4860.03 18.07.2018 14.00.01 27.24804 297.6218 -203.9432 -0.5099 -7.3275 9.0902 205.1708 105.3098 385.6422 439.4104 -50.8141 266.9825 0.0000
4870.03 18.07.2018 14.10.01 27.20965 297.5626 -275.3686 -0.6884 -6.8329 8.1926 187.6976 96.5748 384.2155 437.7944 -45.6991 267.9035 0.0000
4880.03 18.07.2018 14.20.01 27.15066 297.4805 -326.2968 -0.8157 -6.2589 7.2575 169.0771 87.1950 382.2687 435.7036 -41.1205 268.7688 0.0000
4890.03 18.07.2018 14.30.01 27.07626 297.3908 -349.2075 -0.8730 -5.6404 6.3565 150.5242 77.8127 380.1422 433.2885 -36.9159 269.5743 0.0000
4900.03 18.07.2018 14.40.01 26.99352 297.3040 -362.9673 -0.9074 -5.0156 5.4776 131.7190 68.2754 378.2020 430.7334 -31.9672 270.3083 0.0000
4910.03 18.07.2018 14.50.01 26.90511 297.2046 -369.0314 -0.9226 -4.3950 4.6299 112.8242 58.6458 376.2048 427.8460 -27.5244 270.9385 0.0000
4920.03 18.07.2018 15.00.01 26.81338 297.0690 -366.4790 -0.9162 -3.7884 3.8296 94.0996 49.0592 374.1267 424.5943 -23.9171 271.4583 0.0000
4930.03 18.07.2018 15.10.01 26.72164 296.8096 -220.1863 -0.5505 -3.2142 3.5517 88.3114 46.0177 371.2311 421.5068 -23.2301 271.6882 0.0000
4940.03 18.07.2018 15.20.01 26.66854 296.4941 -120.4715 -0.3012 -2.8515 3.4005 84.7322 44.1480 368.4534 418.4516 -23.8643 271.8972 0.0000
4950.03 18.07.2018 15.30.01 26.64089 296.2068 -73.5071 -0.1838 -2.6369 3.2708 81.5263 42.4770 365.7745 415.5156 -24.3338 272.1019 0.0000
4960.03 18.07.2018 15.40.01 26.62493 295.9438 -54.2607 -0.1357 -2.4945 3.1451 78.3901 40.8430 363.3612 412.7927 -23.6481 272.2901 0.0000
4970.03 18.07.2018 15.50.01 26.61355 295.7015 -47.8401 -0.1196 -2.3847 3.0201 75.2662 39.2156 360.9466 410.1912 -22.8276 272.4561 0.0000
4980.03 18.07.2018 16.00.01 26.60330 295.4795 -47.1508 -0.1179 -2.2896 2.8956 72.1609 37.5979 358.4977 407.7159 -21.7234 272.6045 0.0000
4990.03 18.07.2018 16.10.01 26.59301 295.6870 -6.1626 -0.0154 -2.2007 2.9137 78.9310 41.1359 358.2410 406.8247 -18.5035 272.7461 0.0000
5000.03 18.07.2018 16.20.01 26.59368 295.9197 15.4188 0.0385 -2.1654 2.9387 87.3099 45.5930 358.4966 406.7164 -16.3939 272.9040 0.0000
5010.03 18.07.2018 16.30.01 26.60037 296.1686 5.5975 0.0140 -2.1545 2.8913 95.9811 50.2711 359.0227 407.0760 -14.9077 273.0827 0.0000
5020.03 18.07.2018 16.40.01 26.60497 296.4234 20.8631 0.0522 -2.1260 2.9041 107.4206 56.4291 359.6913 408.0212 -13.9685 273.2918 0.0000
5030.03 18.07.2018 16.50.01 26.61392 296.6902 39.3896 0.0985 -2.1150 2.9513 119.8249 63.1320 360.5220 409.4780 -13.5587 273.5264 0.0000
5040.03 18.07.2018 17.00.01 26.62805 296.9588 41.1834 0.1030 -2.1265 2.9726 132.3416 69.9370 361.3942 411.3085 -13.4878 273.7730 0.0000
5050.03 18.07.2018 17.10.01 26.64266 296.6889 30.1755 0.0754 -2.1397 2.9535 127.1551 67.2880 361.1749 410.9578 -17.6264 274.0181 0.0000
5060.03 18.07.2018 17.20.01 26.65353 296.3667 -23.2988 -0.0582 -2.1453 2.7828 119.0454 63.0706 360.2260 409.6232 -21.1416 274.2451 0.0000
5070.03 18.07.2018 17.30.01 26.64916 296.0283 -64.5025 -0.1613 -2.0912 2.5732 109.9888 58.3312 358.9293 407.8096 -23.7703 274.4728 0.0000
5080.03 18.07.2018 17.40.01 26.63259 295.6775 -86.2594 -0.2156 -1.9958 2.3735 98.6035 52.2948 357.6043 405.5713 -25.2256 274.6763 0.0000
5090.03 18.07.2018 17.50.01 26.60891 295.3272 -106.9855 -0.2675 -1.8858 2.1578 88.7008 47.1675 356.1756 403.3253 -26.0217 274.8621 0.0000
5100.03 18.07.2018 18.00.01 26.57852 294.9778 -120.7065 -0.3018 -1.7613 1.9460 76.8878 40.8888 354.7034 400.7549 -25.5763 275.0290 0.0000
5110.03 18.07.2018 18.10.01 26.54330 294.6132 -145.2012 -0.3630 -1.6301 1.6894 67.4571 35.9180 352.8342 398.4120 -23.3334 275.1616 0.0000
5120.03 18.07.2018 18.20.01 26.50051 294.2455 -159.9459 -0.3999 -1.4763 1.4352 57.8732 30.8525 350.9043 396.0150 -21.1276 275.2606 0.0000
5130.03 18.07.2018 18.30.01 26.45297 293.8792 -171.2186 -0.4280 -1.3141 1.1814 48.1055 25.6760 348.8881 393.5357 -18.8857 275.3370 0.0000
5140.03 18.07.2018 18.40.01 26.40142 293.5125 -178.3860 -0.4460 -1.1469 0.9346 35.7165 19.0443 346.8307 390.8381 -16.1782 275.3994 0.0000
5150.03 18.07.2018 18.50.01 26.34704 293.1505 -188.2662 -0.4707 -0.9813 0.6808 22.9413 12.1889 344.7212 387.9884 -13.4360 275.4380 0.0000
5160.03 18.07.2018 19.00.01 26.28896 292.7905 -197.5277 -0.4938 -0.8149 0.4281 9.9468 5.1999 342.6449 385.0078 -10.7953 275.4658 0.0000
5170.03 18.07.2018 19.10.01 26.22738 292.5396 -168.7375 -0.4218 -0.6497 0.3039 7.3694 3.8446 342.3206 382.9275 -9.1528 275.4876 0.0000
5180.03 18.07.2018 19.20.01 26.17263 292.3094 -142.6140 -0.3565 -0.5341 0.2367 5.7843 3.0165 342.3329 381.1959 -8.2392 275.5063 0.0000
5190.03 18.07.2018 19.30.01 26.12426 292.0865 -130.3755 -0.3259 -0.4607 0.1797 4.3758 2.2823 342.4533 379.6345 -7.6121 275.5230 0.0000
5200.03 18.07.2018 19.40.01 26.07864 291.8605 -126.4323 -0.3161 -0.4095 0.1245 2.9992 1.5651 342.6169 378.1966 -7.1953 275.5363 0.0000
5210.03 18.07.2018 19.50.01 26.03362 291.6356 -126.5842 -0.3165 -0.3687 0.0697 1.6284 0.8510 342.8096 376.8589 -6.9457 275.5496 0.0000
5220.03 18.07.2018 20.00.01 25.98812 291.3677 -128.5646 -0.3214 -0.3326 0.0150 0.2604 0.1384 342.8987 375.5748 -6.8529 275.5627 0.0000
5230.03 18.07.2018 20.10.01 25.94210 291.2696 -116.6339 -0.2916 -0.2936 0.0026 0.0459 0.0244 344.3210 374.7790 -6.1346 275.5697 0.0000
5240.03 18.07.2018 20.20.01 25.89953 291.1760 -106.6224 -0.2666 -0.2669 0.0005 0.0083 0.0044 345.8782 374.1537 -5.8312 275.5697 0.0000
5250.03 18.07.2018 20.30.01 25.85995 291.0958 -100.5091 -0.2513 -0.2513 0.0001 0.0015 0.0008 347.4999 373.6642 -5.7091 275.5697 0.0000
5260.03 18.07.2018 20.40.01 25.82211 291.0221 -97.0219 -0.2426 -0.2426 0.0000 0.0003 0.0001 349.1741 373.2906 -5.7565 275.5697 0.0000
5270.03 18.07.2018 20.50.01 25.78530 290.9518 -95.6567 -0.2391 -0.2391 0.0000 0.0000 0.0000 350.8803 373.0124 -5.9456 275.5697 0.0000
5280.03 18.07.2018 21.00.01 25.74868 290.8872 -94.9658 -0.2374 -0.2374 0.0000 0.0000 0.0000 352.6121 372.8169 -6.2445 275.5697 0.0000
5290.03 18.07.2018 21.10.01 25.71206 290.8207 -94.9041 -0.2373 -0.2373 0.0000 0.0000 0.0000 352.4503 372.4872 -6.2779 275.5697 0.0000
5300.03 18.07.2018 21.20.01 25.67523 290.7437 -97.1183 -0.2428 -0.2428 0.0000 0.0000 0.0000 352.1553 372.1106 -6.2760 275.5697 0.0000
5310.03 18.07.2018 21.30.01 25.63726 290.6638 -100.4860 -0.2512 -0.2512 0.0000 0.0000 0.0000 351.8459 371.7274 -6.2713 275.5697 0.0000
5320.03 18.07.2018 21.40.01 25.59796 290.5829 -104.2089 -0.2605 -0.2605 0.0000 0.0000 0.0000 351.5335 371.3416 -6.2607 275.5697 0.0000
5330.03 18.07.2018 21.50.01 25.55721 290.5025 -107.7191 -0.2693 -0.2693 0.0000 0.0000 0.0000 351.2202 370.9550 -6.2408 275.5697 0.0000
5340.03 18.07.2018 22.00.01 25.51525 290.4217 -111.0617 -0.2777 -0.2777 0.0000 0.0000 0.0000 350.9053 370.5682 -6.2176 275.5697 0.0000
5350.03 18.07.2018 22.10.01 25.47198 290.3574 -113.7553 -0.2844 -0.2844 0.0000 0.0000 0.0000 350.1055 370.1445 -6.0207 275.5697 0.0000
5360.03 18.07.2018 22.20.01 25.42773 290.2895 -116.3703 -0.2909 -0.2909 0.0000 0.0000 0.0000 349.2672 369.6946 -5.8134 275.5697 0.0000
5370.03 18.07.2018 22.30.01 25.38247 290.2193 -118.8940 -0.2972 -0.2972 0.0000 0.0000 0.0000 348.4189 369.2323 -5.5946 275.5697 0.0000
5380.03 18.07.2018 22.40.01 25.33630 290.1488 -121.1831 -0.3030 -0.3030 0.0000 0.0000 0.0000 347.5667 368.7596 -5.3688 275.5697 0.0000
5390.03 18.07.2018 22.50.01 25.28927 290.0779 -123.2959 -0.3082 -0.3082 0.0000 0.0000 0.0000 346.7133 368.2796 -5.1317 275.5697 0.0000
5400.03 18.07.2018 23.00.01 25.24157 290.0074 -125.3187 -0.3133 -0.3133 0.0000 0.0000 0.0000 345.8590 367.7928 -4.8912 275.5697 0.0000
5410.03 18.07.2018 23.10.01 25.19305 289.8323 -127.1341 -0.3178 -0.3178 0.0000 0.0000 0.0000 344.8141 367.1616 -5.1916 275.5697 0.0000
5420.03 18.07.2018 23.20.01 25.14376 289.6556 -129.5377 -0.3238 -0.3238 0.0000 0.0000 0.0000 343.7371 366.5027 -5.4193 275.5697 0.0000
5430.03 18.07.2018 23.30.01 25.09350 289.4790 -132.2754 -0.3307 -0.3307 0.0000 0.0000 0.0000 342.6462 365.8182 -5.6079 275.5697 0.0000
5440.03 18.07.2018 23.40.01 25.04220 289.2996 -134.8621 -0.3372 -0.3372 0.0000 0.0000 0.0000 341.5409 365.1034 -5.8055 275.5697 0.0000
5450.03 18.07.2018 23.50.01 24.98989 289.1226 -137.3665 -0.3434 -0.3434 0.0000 0.0000 0.0000 340.4364 364.3812 -5.9336 275.5697 0.0000
5460.03 19.07.2018 00.00.01 24.93667 288.9471 -139.7035 -0.3493 -0.3493 0.0000 0.0000 0.0000 339.3308 363.6443 -6.0324 275.5697 0.0000
5470.03 19.07.2018 00.10.01 24.88256 288.7486 -142.0568 -0.3551 -0.3551 0.0000 0.0000 0.0000 338.4309 362.8909 -6.2733 275.5697 0.0000
5480.03 19.07.2018 00.20.01 24.82763 288.5562 -143.8886 -0.3597 -0.3597 0.0000 0.0000 0.0000 337.5726 362.1438 -6.4650 275.5697 0.0000
5490.03 19.07.2018 00.30.01 24.77194 288.3583 -145.0693 -0.3627 -0.3627 0.0000 0.0000 0.0000 336.7038 361.3929 -6.6700 275.5697 0.0000
5500.03 19.07.2018 00.40.01 24.71594 288.1599 -146.7556 -0.3669 -0.3669 0.0000 0.0000 0.0000 335.8217 360.6368 -6.8649 275.5697 0.0000
5510.03 19.07.2018 00.50.01 24.65917 287.9613 -147.9129 -0.3698 -0.3698 0.0000 0.0000 0.0000 334.9329 359.8776 -7.0502 275.5697 0.0000
5520.03 19.07.2018 01.00.01 24.60198 287.7626 -149.5291 -0.3738 -0.3738 0.0000 0.0000 0.0000 334.0405 359.1155 -7.2274 275.5697 0.0000
5530.03 19.07.2018 01.10.01 24.54427 287.6665 -151.4793 -0.3787 -0.3787 0.0000 0.0000 0.0000 333.8519 358.5265 -7.0427 275.5697 0.0000
5540.03 19.07.2018 01.20.01 24.48568 287.5760 -152.2258 -0.3806 -0.3806 0.0000 0.0000 0.0000 333.7319 357.9909 -6.9006 275.5697 0.0000
5550.03 19.07.2018 01.30.01 24.42709 287.4885 -153.5258 -0.3838 -0.3838 0.0000 0.0000 0.0000 333.6305 357.4894 -6.8042 275.5697 0.0000
5560.03 19.07.2018 01.40.01 24.36782 287.4061 -153.8697 -0.3847 -0.3847 0.0000 0.0000 0.0000 333.5421 357.0225 -6.6873 275.5697 0.0000
5570.03 19.07.2018 01.50.01 24.30834 287.1997 -153.8515 -0.3846 -0.3846 0.0000 0.0000 0.0000 333.2192 356.5186 -7.0901 275.5688 0.0000
5580.03 19.07.2018 02.00.01 24.24886 287.1043 -154.5510 -0.3864 -0.3864 0.0000 0.0003 0.0002 333.0656 356.0466 -7.0562 275.5651 0.0000
5590.03 19.07.2018 02.10.01 24.18939 287.0642 -152.9839 -0.3825 -0.3874 0.0067 0.1810 0.0940 332.5364 355.5652 -6.7542 275.5611 0.0000
5600.03 19.07.2018 02.20.01 24.13079 286.9595 -150.4287 -0.3761 -0.3872 0.0149 0.3894 0.2025 331.8283 355.0253 -6.8084 275.5549 0.0000
5610.03 19.07.2018 02.30.01 24.07311 286.8585 -147.4553 -0.3686 -0.3862 0.0234 0.6027 0.3135 331.0442 354.4679 -6.8198 275.5476 0.0000
5620.03 19.07.2018 02.40.01 24.01638 286.7863 -144.6630 -0.3617 -0.3856 0.0319 0.8168 0.4251 330.2721 353.9516 -6.6249 275.5380 0.0000
5630.03 19.07.2018 02.50.01 23.96057 286.7291 -142.4105 -0.3560 -0.3864 0.0405 1.0310 0.5367 329.5119 353.4410 -6.4688 275.5268 0.0000
5640.03 19.07.2018 03.00.01 23.90563 286.7079 -141.6629 -0.3542 -0.3911 0.0493 1.2503 0.6509 328.8995 352.9443 -6.3257 275.5136 0.0000
5650.03 19.07.2018 03.10.01 23.85073 286.7085 -108.9068 -0.2723 -0.3986 0.1684 4.4741 2.3246 328.4725 352.7844 -6.0187 275.5000 0.0000
5660.03 19.07.2018 03.20.01 23.80468 286.7242 -85.7011 -0.2143 -0.4498 0.3140 8.1590 4.2432 328.3176 352.7991 -5.9134 275.4891 0.0000
5670.03 19.07.2018 03.30.01 23.76498 286.7525 -72.8164 -0.1820 -0.5302 0.4643 11.9238 6.2043 328.2958 352.9166 -5.9127 275.4810 0.0000
5680.03 19.07.2018 03.40.01 23.72894 286.7837 -65.7149 -0.1643 -0.6258 0.6153 15.7033 8.1731 328.3004 353.1169 -6.0102 275.4810 0.0000
5690.03 19.07.2018 03.50.01 23.69503 286.8142 -61.4266 -0.1536 -0.7285 0.7666 19.4853 10.1434 328.3062 353.3783 -6.2021 275.4810 0.0000
5700.03 19.07.2018 04.00.01 23.66244 286.8456 -58.4668 -0.1462 -0.8347 0.9180 23.2730 12.1165 328.3145 353.6925 -6.4636 275.4810 0.0000
5710.03 19.07.2018 04.10.01 23.63110 287.1949 -22.0680 -0.0552 -0.9414 1.1816 30.1122 15.6736 328.9848 354.6369 -5.5034 275.4812 0.0000
5720.03 19.07.2018 04.20.01 23.61019 287.5650 6.1276 0.0153 -1.0887 1.4720 37.4198 19.4794 329.9199 355.8624 -4.8015 275.4939 0.0000
5730.03 19.07.2018 04.30.01 23.59774 287.9420 24.7535 0.0619 -1.2635 1.7672 44.8086 23.3283 330.9622 357.2737 -4.2956 275.5072 0.0000
5740.03 19.07.2018 04.40.01 23.59118 288.3213 38.0930 0.0952 -1.4521 2.0632 52.2122 27.1852 332.0615 358.8385 -3.9561 275.5207 0.0000
5750.03 19.07.2018 04.50.01 23.58917 288.7030 48.9284 0.1223 -1.6472 2.3593 66.2501 34.4597 333.2045 360.7688 -4.0857 275.5457 0.0000
5760.03 19.07.2018 05.00.01 23.59109 289.0922 65.8915 0.1647 -1.8453 2.6800 75.3437 39.1862 334.4924 362.8742 -4.3662 275.5726 0.0000
5770.03 19.07.2018 05.10.01 23.59847 289.4720 73.6747 0.1842 -2.0547 2.9851 105.0064 54.1630 335.7202 365.3996 -5.0782 275.6115 0.0000
5780.03 19.07.2018 05.20.01 23.60925 289.8690 110.2094 0.2755 -2.2627 3.3844 136.9919 70.4248 337.3737 369.0644 -6.9387 275.6713 0.0000
5790.03 19.07.2018 05.30.01 23.63088 290.2789 140.2944 0.3507 -2.5059 3.8089 169.2006 86.7948 339.2433 373.3775 -9.2402 275.7464 0.0000
5800.03 19.07.2018 05.40.01 23.66195 290.6990 155.4283 0.3886 -2.7735 4.2161 168.3421 86.6019 341.1168 377.5506 -11.0027 275.8382 0.0000
5810.03 19.07.2018 05.50.01 23.69833 291.1131 128.0853 0.3202 -3.0451 4.4871 164.7808 84.9458 342.5998 380.6242 -12.1717 275.9436 0.0000
5820.03 19.07.2018 06.00.01 23.72860 291.4887 114.1729 0.2854 -3.2663 4.7356 160.3290 82.7800 343.7880 383.2763 -12.2907 276.0572 0.0000
5830.03 19.07.2018 06.10.01 23.75582 291.8719 63.7696 0.1594 -3.4573 4.8224 173.5317 89.4191 345.3930 386.2188 -10.9558 276.1925 0.0000
5840.03 19.07.2018 06.20.01 23.77087 292.6133 66.0215 0.1651 -3.5670 4.9761 187.2471 96.2865 347.5085 389.8017 -10.3657 276.3369 0.0000
5850.03 19.07.2018 06.30.01 23.78765 292.9432 80.9905 0.2025 -3.6678 5.1603 202.0093 103.7454 349.6855 392.9319 -15.4226 276.5305 0.0000
5860.03 19.07.2018 06.40.01 23.80926 293.6179 98.6269 0.2466 -3.7789 5.3673 216.0312 111.2776 352.5183 397.9002 -12.7107 276.8198 0.0000
5870.03 19.07.2018 06.50.01 23.83792 293.7932 283.5951 0.7090 -3.8988 6.1437 226.6408 116.3398 354.4601 401.7823 -14.1589 277.1440 0.0000
5880.03 19.07.2018 07.00.01 23.91696 293.9448 399.5720 0.9989 -4.2564 7.0071 237.1034 121.2491 356.2010 404.7556 -20.3574 277.4965 0.0000
5890.03 19.07.2018 07.10.01 24.02886 294.4265 482.7467 1.2069 -4.7492 7.9414 243.0114 123.9424 358.2287 409.1131 -18.6290 277.8765 0.0000
5900.03 19.07.2018 07.20.01 24.16470 294.6170 505.0315 1.2626 -5.3316 8.7923 248.7854 126.5782 359.9249 411.4069 -27.3889 278.2560 0.0000
5910.03 19.07.2018 07.30.01 24.30856 294.6591 515.2415 1.2881 -5.9218 9.6132 255.1902 129.5661 361.6950 413.1384 -36.2598 278.6314 0.0000
5920.03 19.07.2018 07.40.01 24.45660 295.2362 519.5630 1.2989 -6.5078 10.4089 262.4152 132.9724 364.0443 418.0822 -21.5032 278.9975 0.0000
5930.03 19.07.2018 07.50.01 24.60781 295.1679 522.5479 1.3064 -7.0740 11.1738 269.8057 136.4875 365.8982 419.0376 -38.7611 279.3724 0.0000
5940.03 19.07.2018 08.00.01 24.76144 295.2829 504.1381 1.2603 -7.6255 11.8479 276.6942 139.7895 367.0551 419.0983 -52.9162 279.7672 0.0000
5950.03 19.07.2018 08.10.01 24.91232 295.5612 616.9043 1.5423 -8.1362 12.9046 290.9585 146.4932 368.3844 421.0413 -53.2030 280.1778 0.0000
5960.03 19.07.2018 08.20.01 25.09484 295.8703 707.4299 1.7686 -8.7810 14.0660 306.4881 153.8218 370.1848 423.5734 -54.3277 280.6168 0.0000
5970.03 19.07.2018 08.30.01 25.30364 296.1752 781.5360 1.9538 -9.5247 15.3047 322.8317 161.5405 372.1573 426.4551 -56.0337 281.0994 0.0000
5980.03 19.07.2018 08.40.01 25.53439 296.4646 808.8593 2.0221 -10.3427 16.4865 337.7232 168.5521 374.0198 429.5087 -58.1233 281.6192 0.0000
5990.03 19.07.2018 08.50.01 25.77465 296.7402 825.8827 2.0647 -11.1706 17.6471 351.9678 175.1977 375.6789 432.6188 -60.3037 282.1804 0.0000
6000.03 19.07.2018 09.00.01 26.02172 296.9982 837.4410 2.0936 -11.9970 18.7874 366.3016 181.9199 377.2336 435.8328 -62.8742 282.7901 0.0000
6010.03 19.07.2018 09.10.01 26.27297 297.3200 711.5380 1.7788 -12.8155 19.4592 373.4403 185.4027 379.6417 439.4775 -63.3425 283.4351 0.0000
6020.03 19.07.2018 09.20.01 26.49240 297.6023 620.1541 1.5504 -13.4414 19.9890 378.6728 187.9149 381.5875 442.9598 -62.8861 284.0947 0.0000
6030.03 19.07.2018 09.30.01 26.68884 297.8587 572.1970 1.4305 -13.9296 20.4801 383.7897 190.4038 383.4010 446.3201 -63.7768 284.7686 0.0000
6040.03 19.07.2018 09.40.01 26.87335 298.1166 547.3751 1.3684 -14.3433 20.9490 388.8779 192.8568 385.1648 449.7458 -63.4377 285.4553 0.0000
6050.03 19.07.2018 09.50.01 27.05181 298.4316 532.2429 1.3306 -14.7159 21.3953 394.0590 195.3930 387.6226 453.3059 -62.9921 286.1037 0.0000
6060.03 19.07.2018 10.00.01 27.22662 298.6397 492.6253 1.2316 -15.0614 21.7239 398.3159 197.5228 389.0511 456.5813 -63.9435 286.7471 0.0000
6070.03 19.07.2018 10.10.01 27.39010 298.3935 273.5364 0.6838 -15.3489 21.3770 393.5691 195.5855 386.9503 459.7219 -64.3134 287.5128 0.0000
6080.03 19.07.2018 10.20.01 27.49508 298.5454 123.6030 0.3090 -15.3386 20.8635 386.7833 192.6308 387.3910 462.3992 -63.8657 288.3736 0.0000
6090.03 19.07.2018 10.30.01 27.55959 298.8174 16.3048 0.0408 -15.1287 20.2259 378.6313 189.0084 387.2573 463.8427 -67.3556 289.2810 0.0000
6100.03 19.07.2018 10.40.01 27.59500 299.3260 -13.2963 -0.0332 -14.7851 19.6691 372.0570 186.1475 390.7506 466.6374 -58.5831 290.1550 0.0000
6110.03 19.07.2018 10.50.01 27.62228 299.7963 -42.1125 -0.1053 -14.3958 19.0541 365.0553 183.1036 394.7112 468.5828 -58.7318 291.7180 0.0000
6120.03 19.07.2018 11.00.01 27.64019 299.7427 -84.6104 -0.2115 -13.9769 18.3538 357.4798 179.8236 396.9785 468.2627 -67.5165 293.1451 0.0000
6130.03 19.07.2018 11.10.01 27.64404 299.4309 -332.7207 -0.8318 -13.5080 16.9016 333.6478 168.3629 396.7858 469.4358 -57.5565 294.5252 0.0000
6140.03 19.07.2018 11.20.01 27.57928 299.2884 -514.2991 -1.2857 -12.7208 15.2467 306.7111 155.2860 395.1348 467.3310 -60.2652 295.9781 0.0000
6150.03 19.07.2018 11.30.01 27.46310 299.2698 -627.4402 -1.5686 -11.7206 13.5360 279.1313 141.8909 393.4636 463.6829 -65.7919 297.4968 0.0000
6160.03 19.07.2018 11.40.01 27.31359 298.8410 -676.0140 -1.6900 -10.6035 11.8847 252.4375 128.9019 394.3561 460.6483 -58.6005 298.9248 0.0000
6170.03 19.07.2018 11.50.01 27.14880 298.5704 -709.3126 -1.7733 -9.4444 10.2282 225.7781 115.9405 395.4087 456.8552 -57.3006 300.1084 0.0000
6180.03 19.07.2018 12.00.01 26.97299 298.4138 -735.2841 -1.8382 -8.2658 8.5701 199.1645 103.0074 396.1314 452.6907 -56.9351 301.0690 0.0000
6190.03 19.07.2018 12.10.01 26.79098 298.3419 -360.0804 -0.9002 -7.0883 8.2508 192.7796 99.6184 394.5556 449.5717 -53.7791 301.8754 0.0000
6200.03 19.07.2018 12.20.01 26.70812 298.3080 -136.0511 -0.3401 -6.4392 8.1320 190.0222 98.1634 393.6408 447.3490 -51.3815 302.6538 0.0000
6210.03 19.07.2018 12.30.01 26.68505 298.2871 -24.3944 -0.0610 -6.0950 8.0454 187.9506 97.0824 393.0221 445.5148 -49.4060 303.4093 0.0000
6220.03 19.07.2018 12.40.01 26.69232 298.2734 30.5706 0.0764 -5.8966 7.9641 186.0076 96.0705 392.5252 443.9349 -47.6735 304.1364 0.0000
6230.03 19.07.2018 12.50.01 26.71496 298.2609 57.9188 0.1448 -5.7658 7.8808 184.0814 95.0710 392.0593 442.5578 -46.1728 304.8510 0.0000
6240.03 19.07.2018 13.00.01 26.74542 298.2511 70.6949 0.1767 -5.6663 7.7907 182.1408 94.0703 391.6229 441.3290 -44.8769 305.5545 0.0000
6250.03 19.07.2018 13.10.01 26.78210 298.2756 417.8815 1.0447 -5.5923 8.8494 198.7462 101.9092 388.8715 440.2618 -47.1194 306.2812 0.0000
6260.03 19.07.2018 13.20.01 26.91235 298.3428 618.7431 1.5469 -5.9836 10.0407 218.6940 111.5952 386.7531 440.0463 -50.4029 307.1467 0.0000
6270.03 19.07.2018 13.30.01 27.09789 298.4307 707.1945 1.7680 -6.6282 11.1949 239.1031 121.6070 384.9428 440.2765 -54.1096 308.1762 0.0000
6280.03 19.07.2018 13.40.01 27.30901 298.5420 748.0193 1.8700 -7.3680 12.3174 260.0855 131.9678 383.1639 440.9809 -57.6866 309.3910 0.0000
6290.03 19.07.2018 13.50.01 27.53292 298.6606 751.5613 1.8789 -8.1396 13.3580 280.9615 142.3672 381.5132 441.9824 -61.7545 310.7995 0.0000
6300.03 19.07.2018 14.00.01 27.75921 298.7915 718.2654 1.7957 -8.8947 14.2539 301.1127 152.5144 380.0020 443.2191 -66.0001 312.3870 0.0000
6310.03 19.07.2018 14.10.01 27.97473 298.7061 235.0610 0.5877 -9.5752 13.5505 291.6451 148.2962 380.5906 443.5926 -67.5496 314.0493 0.0000
6320.03 19.07.2018 14.20.01 28.06057 298.5955 -76.9357 -0.1923 -9.5960 12.5382 276.1775 140.8511 380.4157 442.7942 -67.0248 315.5788 0.0000
6330.03 19.07.2018 14.30.01 28.06127 298.4708 -228.2943 -0.5707 -9.2151 11.5258 260.0537 133.0082 379.9170 441.5469 -65.6036 316.9464 0.0000
6340.03 19.07.2018 14.40.01 28.01913 298.3739 -300.2573 -0.7506 -8.6586 10.5439 243.6735 124.9979 379.4952 440.1844 -62.6063 318.1403 0.0000
6350.03 19.07.2018 14.50.01 27.95526 298.2975 -324.2502 -0.8106 -8.0332 9.6301 227.6877 117.1386 378.9173 438.6591 -59.1926 319.1621 0.0000
6360.03 19.07.2018 15.00.01 27.88271 298.1954 -342.4360 -0.8561 -7.4015 8.7271 211.2440 108.9896 377.9892 436.8783 -55.7003 320.0522 0.0000
6370.03 19.07.2018 15.10.01 27.80337 298.0326 -303.1243 -0.7578 -6.7806 8.0304 198.4763 102.6075 376.9945 435.1662 -52.2130 320.4554 0.0000
6380.03 19.07.2018 15.20.01 27.73412 297.8324 -268.0049 -0.6700 -6.2291 7.4121 186.5488 96.6319 375.7617 433.3419 -49.6113 320.8296 0.0000
6390.03 19.07.2018 15.30.01 27.67266 297.6040 -245.1904 -0.6130 -5.7438 6.8411 174.8962 90.7616 374.3435 431.3440 -47.6355 321.1834 0.0000
6400.03 19.07.2018 15.40.01 27.61584 297.3629 -233.8338 -0.5846 -5.3058 6.2950 162.7318 84.5919 372.8822 429.1420 -45.9640 321.5266 0.0000
6410.03 19.07.2018 15.50.01 27.56082 297.1314 -218.6211 -0.5466 -4.8983 5.8023 150.8088 78.5021 371.4923 426.8033 -44.1938 321.8591 0.0000
6420.03 19.07.2018 16.00.01 27.50869 296.9112 -203.8215 -0.5096 -4.5255 5.3547 139.0016 72.4287 370.1460 424.3681 -42.1915 322.1772 0.0000
6430.03 19.07.2018 16.10.01 27.45974 296.7905 -145.3022 -0.3633 -4.1848 5.0954 137.6877 71.7853 368.4504 422.3485 -40.6351 322.4738 0.0000
6440.03 19.07.2018 16.20.01 27.42550 296.6824 -104.3499 -0.2609 -3.9326 4.8957 138.2386 72.1623 367.0072 420.6481 -40.2122 322.7661 0.0000
6450.03 19.07.2018 16.30.01 27.40151 296.5811 -95.4234 -0.2386 -3.7428 4.6724 139.2019 72.7911 365.7319 419.1535 -40.0721 323.0603 0.0000
6460.03 19.07.2018 16.40.01 27.37963 296.4840 -71.9098 -0.1798 -3.5705 4.5210 141.7928 74.2727 364.4873 417.9497 -39.7564 323.3574 0.0000
6470.03 19.07.2018 16.50.01 27.36361 296.3870 -52.2863 -0.1307 -3.4354 4.4063 145.0015 76.0923 363.3049 416.8542 -40.3282 323.6616 0.0000
6480.03 19.07.2018 17.00.01 27.35238 296.2877 -51.0394 -0.1276 -3.3318 4.2722 148.1630 77.9092 362.1081 415.8652 -41.0875 323.9620 0.0000
6490.03 19.07.2018 17.10.01 27.34069 296.0677 -104.7331 -0.2618 -3.2347 3.9639 137.4199 72.3619 360.8629 414.2717 -39.6930 324.2413 0.0000
6500.03 19.07.2018 17.20.01 27.31393 295.8221 -166.8997 -0.4172 -3.0730 3.5410 124.5026 65.6496 359.2451 412.2434 -37.4184 324.4830 0.0000
6510.03 19.07.2018 17.30.01 27.26965 295.5722 -210.0149 -0.5250 -2.8389 3.0852 110.8373 58.5277 357.4723 409.9694 -34.7019 324.7059 0.0000
6520.03 19.07.2018 17.40.01 27.21267 295.3182 -233.6245 -0.5841 -2.5610 2.6359 95.6617 50.5625 355.5890 407.5497 -30.9766 324.9074 0.0000
6530.03 19.07.2018 17.50.01 27.14797 295.0684 -254.3241 -0.6358 -2.2666 2.1743 81.7073 43.3451 353.7089 405.1074 -27.4950 325.0955 0.0000
6540.03 19.07.2018 18.00.01 27.07644 294.8228 -268.9440 -0.6724 -1.9599 1.7167 66.3806 35.2990 351.8367 402.3912 -23.6823 325.2634 0.0000
6550.03 19.07.2018 18.10.01 27.00005 294.4820 -225.7719 -0.5644 -1.6486 1.4455 57.4621 30.5947 350.3162 399.7442 -21.6146 325.3936 0.0000
6560.03 19.07.2018 18.20.01 26.93401 294.1479 -197.6018 -0.4940 -1.4096 1.2207 49.1850 26.2197 348.9322 397.1950 -19.8381 325.4988 0.0000
6570.03 19.07.2018 18.30.01 26.87448 293.8135 -186.2954 -0.4657 -1.2189 1.0042 40.8895 21.8237 347.5648 394.6456 -18.0888 325.5863 0.0000
6580.03 19.07.2018 18.40.01 26.81722 293.4804 -182.5970 -0.4565 -1.0527 0.7949 30.3738 16.1948 346.2134 391.9407 -16.0832 325.6576 0.0000
6590.03 19.07.2018 18.50.01 26.76013 293.1456 -185.9791 -0.4649 -0.9000 0.5800 19.5350 10.3785 344.8445 389.1535 -13.9412 325.7102 0.0000
6600.03 19.07.2018 19.00.01 26.70138 292.8063 -190.8517 -0.4771 -0.7516 0.3660 8.5086 4.4479 343.4555 386.3004 -11.7633 325.7380 0.0000
6610.03 19.07.2018 19.10.01 26.64077 292.4317 -164.2834 -0.4107 -0.6059 0.2603 6.3136 3.2937 341.9072 383.9179 -10.8875 325.7549 0.0000
6620.03 19.07.2018 19.20.01 26.58645 292.0650 -141.2641 -0.3532 -0.5053 0.2029 4.9575 2.5853 340.4866 381.7698 -10.3617 325.7683 0.0000
6630.03 19.07.2018 19.30.01 26.53756 291.7039 -131.2475 -0.3281 -0.4436 0.1540 3.7506 1.9562 339.1286 379.7373 -9.9749 325.7816 0.0000
6640.03 19.07.2018 19.40.01 26.49078 291.3452 -129.1160 -0.3228 -0.4028 0.1067 2.5708 1.3415 337.7988 377.7883 -9.6962 325.7936 0.0000
6650.03 19.07.2018 19.50.01 26.44393 290.9885 -131.0104 -0.3275 -0.3723 0.0597 1.3957 0.7294 336.4812 375.9060 -9.5020 325.7936 0.0000
6660.03 19.07.2018 20.00.01 26.39590 290.6315 -134.8192 -0.3370 -0.3467 0.0128 0.2232 0.1186 335.1706 374.0765 -9.3860 325.7936 0.0000
6670.03 19.07.2018 20.10.01 26.34625 290.4518 -128.5911 -0.3215 -0.3232 0.0023 0.0393 0.0209 334.3212 372.6303 -8.4306 325.7936 0.0000
6680.03 19.07.2018 20.20.01 26.29785 290.2749 -125.3786 -0.3134 -0.3138 0.0004 0.0072 0.0038 333.5781 371.3161 -7.6977 325.7936 0.0000
6690.03 19.07.2018 20.30.01 26.24987 290.1003 -125.2925 -0.3132 -0.3133 0.0001 0.0013 0.0007 332.8779 370.0942 -7.1149 325.7936 0.0000
6700.03 19.07.2018 20.40.01 26.20135 289.9274 -126.8207 -0.3171 -0.3171 0.0000 0.0002 0.0001 332.2035 368.9468 -6.6502 325.7936 0.0000
6710.03 19.07.2018 20.50.01 26.15212 289.7563 -129.5752 -0.3239 -0.3239 0.0000 0.0000 0.0000 331.5527 367.8626 -6.2851 325.7936 0.0000
6720.03 19.07.2018 21.00.01 26.10171 289.5865 -132.7631 -0.3319 -0.3319 0.0000 0.0000 0.0000 330.9210 366.8318 -6.0043 325.7936 0.0000
6730.03 19.07.2018 21.10.01 26.05001 289.3736 -136.1628 -0.3404 -0.3404 0.0000 0.0000 0.0000 330.4819 365.8043 -6.0912 325.7936 0.0000
6740.03 19.07.2018 21.20.01 25.99706 289.1606 -139.7851 -0.3495 -0.3495 0.0000 0.0000 0.0000 330.0595 364.8138 -6.2381 325.7936 0.0000
6750.03 19.07.2018 21.30.01 25.94268 288.9485 -143.2378 -0.3581 -0.3581 0.0000 0.0000 0.0000 329.6460 363.8562 -6.4250 325.7936 0.0000
6760.03 19.07.2018 21.40.01 25.88705 288.7354 -146.7010 -0.3668 -0.3668 0.0000 0.0000 0.0000 329.2388 362.9242 -6.6532 325.7936 0.0000
6770.03 19.07.2018 21.50.01 25.83004 288.5237 -149.8163 -0.3745 -0.3745 0.0000 0.0000 0.0000 328.8385 362.0180 -6.9079 325.7936 0.0000
6780.03 19.07.2018 22.00.01 25.77188 288.3122 -153.0595 -0.3826 -0.3826 0.0000 0.0000 0.0000 328.4434 361.1319 -7.1895 325.7936 0.0000
6790.03 19.07.2018 22.10.01 25.71252 288.1173 -156.1376 -0.3903 -0.3903 0.0000 0.0000 0.0000 327.1718 360.1982 -7.2191 325.7931 0.0000
6800.03 19.07.2018 22.20.01 25.65185 287.9207 -159.4747 -0.3987 -0.3987 0.0000 0.0000 0.0000 325.8475 359.2460 -7.2043 325.7913 0.0000
6810.03 19.07.2018 22.30.01 25.58990 287.7223 -163.5623 -0.4089 -0.4089 0.0000 0.0000 0.0000 324.5124 358.2760 -7.1898 325.7877 0.0000
6820.03 19.07.2018 22.40.01 25.52633 287.5258 -167.4034 -0.4185 -0.4185 0.0000 0.0000 0.0000 323.1842 357.3109 -7.1467 325.7840 0.0000
6830.03 19.07.2018 22.50.01 25.46127 287.3318 -171.0734 -0.4277 -0.4277 0.0000 0.0000 0.0000 321.8573 356.3441 -7.0877 325.7779 0.0000
6840.03 19.07.2018 23.00.01 25.39483 287.1357 -174.6416 -0.4366 -0.4366 0.0000 0.0000 0.0000 320.5294 355.3713 -7.0363 325.7694 0.0000
6850.03 19.07.2018 23.10.01 25.32708 286.9070 -178.0953 -0.4452 -0.4452 0.0000 0.0000 0.0000 319.6230 354.3953 -7.2378 325.7586 0.0000
6860.03 19.07.2018 23.20.01 25.25802 286.6766 -181.0313 -0.4526 -0.4526 0.0000 0.0000 0.0000 318.7574 353.4384 -7.4407 325.7459 0.0000
6870.03 19.07.2018 23.30.01 25.18795 286.4438 -183.3419 -0.4584 -0.4584 0.0000 0.0000 0.0000 317.8879 352.4849 -7.6525 325.7300 0.0000
6880.03 19.07.2018 23.40.01 25.11709 286.2163 -185.0985 -0.4627 -0.4627 0.0000 0.0000 0.0000 316.9947 351.5415 -7.7428 325.7096 0.0000
6890.03 19.07.2018 23.50.01 25.04568 285.9929 -185.7508 -0.4644 -0.4644 0.0000 0.0000 0.0000 316.0971 350.6066 -7.8392 325.6872 0.0000
6900.03 20.07.2018 00.00.01 24.97427 285.7741 -186.6375 -0.4666 -0.4666 0.0000 0.0000 0.0000 315.1928 349.6801 -7.9441 325.6606 0.0000
6910.03 20.07.2018 00.10.01 24.90234 285.6210 -187.2661 -0.4682 -0.4682 0.0000 0.0000 0.0000 314.2354 348.8203 -7.7724 325.6328 0.0000
6920.03 20.07.2018 00.20.01 24.83001 285.4671 -188.5533 -0.4714 -0.4714 0.0000 0.0000 0.0000 313.2802 347.9723 -7.6151 325.6037 0.0000
6930.03 20.07.2018 00.30.01 24.75720 285.3132 -190.2797 -0.4757 -0.4757 0.0000 0.0000 0.0000 312.3280 347.1346 -7.4713 325.5722 0.0000
6940.03 20.07.2018 00.40.01 24.68377 285.1593 -192.1397 -0.4803 -0.4803 0.0000 0.0000 0.0000 311.3842 346.3083 -7.3394 325.5395 0.0000
6950.03 20.07.2018 00.50.01 24.60961 285.0055 -193.9601 -0.4849 -0.4849 0.0000 0.0000 0.0000 310.4460 345.4910 -7.2176 325.5063 0.0000
6960.03 20.07.2018 01.00.01 24.53469 284.8515 -195.5980 -0.4890 -0.4890 0.0000 0.0000 0.0000 309.5109 344.6807 -7.1071 325.4725 0.0000
6970.03 20.07.2018 01.10.01 24.45916 284.7023 -197.3977 -0.4935 -0.4935 0.0000 0.0000 0.0000 308.9284 343.9315 -7.0501 325.4365 0.0000
6980.03 20.07.2018 01.20.01 24.38302 284.5564 -199.3083 -0.4983 -0.4983 0.0000 0.0000 0.0000 308.3894 343.2076 -7.0142 325.3992 0.0000
6990.03 20.07.2018 01.30.01 24.30612 284.4112 -200.7926 -0.5020 -0.5020 0.0000 0.0000 0.0000 307.8501 342.5021 -7.0000 325.3614 0.0000
7000.03 20.07.2018 01.40.01 24.22860 284.2662 -202.2306 -0.5056 -0.5056 0.0000 0.0000 0.0000 307.3050 341.8046 -6.9952 325.3225 0.0000
7010.03 20.07.2018 01.50.01 24.15066 284.1220 -203.9797 -0.5099 -0.5099 0.0000 0.0000 0.0000 306.7638 341.1221 -7.0059 325.2829 0.0000
7020.03 20.07.2018 02.00.01 24.07192 283.9810 -205.1664 -0.5129 -0.5129 0.0000 0.0003 0.0002 306.2222 340.4492 -7.0124 325.2430 0.0000
7030.03 20.07.2018 02.10.01 23.99282 283.8449 -204.1131 -0.5103 -0.5159 0.0075 0.2046 0.1062 306.0010 339.8270 -7.0221 325.2031 0.0000
7040.03 20.07.2018 02.20.01 23.91409 283.7121 -202.9814 -0.5075 -0.5201 0.0168 0.4402 0.2289 305.8226 339.2421 -7.0861 325.1655 0.0000
7050.03 20.07.2018 02.30.01 23.83566 283.5809 -201.8345 -0.5046 -0.5244 0.0264 0.6813 0.3544 305.6575 338.6822 -7.1771 325.1297 0.0000
7060.03 20.07.2018 02.40.01 23.75762 283.4490 -201.2153 -0.5030 -0.5301 0.0361 0.9233 0.4805 305.4973 338.1397 -7.2974 325.0970 0.0000
7070.03 20.07.2018 02.50.01 23.67986 283.3207 -200.9229 -0.5023 -0.5367 0.0458 1.1655 0.6067 305.3421 337.6190 -7.4384 325.0649 0.0000
7080.03 20.07.2018 03.00.01 23.60217 283.1904 -200.4964 -0.5012 -0.5430 0.0556 1.4121 0.7351 305.1857 337.1085 -7.6056 325.0328 0.0000
7090.03 20.07.2018 03.10.01 23.52477 283.2398 -171.1524 -0.4279 -0.5490 0.1615 4.2709 2.2195 304.9427 336.9556 -7.0481 325.0004 0.0000
7100.03 20.07.2018 03.20.01 23.45538 283.3065 -150.2114 -0.3755 -0.5933 0.2903 7.5307 3.9168 304.8681 336.9628 -6.6380 324.9686 0.0000
7110.03 20.07.2018 03.30.01 23.39178 283.3784 -138.2847 -0.3457 -0.6631 0.4232 10.8600 5.6509 304.8635 337.0584 -6.3388 324.9371 0.0000
7120.03 20.07.2018 03.40.01 23.33172 283.4538 -131.1742 -0.3279 -0.7455 0.5568 14.2020 7.3919 304.8968 337.2365 -6.1315 324.9067 0.0000
7130.03 20.07.2018 03.50.01 23.27389 283.5308 -126.4134 -0.3160 -0.8339 0.6905 17.5462 9.1341 304.9506 337.4786 -6.0033 324.8813 0.0000
7140.03 20.07.2018 04.00.01 23.21765 283.6081 -122.5460 -0.3064 -0.9245 0.8242 20.8905 10.8762 305.0185 337.7701 -5.9430 324.8584 0.0000
7150.03 20.07.2018 04.10.01 23.16284 283.9529 -121.1829 -0.3030 -1.0145 0.9487 23.9838 12.4881 305.6166 338.4269 -4.5070 324.8368 0.0000
7160.03 20.07.2018 04.20.01 23.10925 284.3019 -117.4664 -0.2937 -1.0969 1.0710 27.0385 14.0796 306.3072 339.1983 -3.2483 324.8147 0.0000
7170.03 20.07.2018 04.30.01 23.05743 284.6535 -111.9333 -0.2798 -1.1745 1.1929 30.0866 15.6675 307.0272 340.0632 -2.1155 324.7930 0.0000
7180.03 20.07.2018 04.40.01 23.00787 285.0071 -106.1606 -0.2654 -1.2515 1.3148 33.1335 17.2548 307.7720 341.0099 -1.0932 324.7722 0.0000
7190.03 20.07.2018 04.50.01 22.96053 285.3621 -100.3057 -0.2508 -1.3282 1.4366 36.1801 18.8419 308.5442 342.0283 -0.1703 324.7541 0.0000
