# simtime date time IndoorTemp Av_Tair_at_facade Energyflux.toIndoor.sum  Energyflux.toIndoor.average Energyflux.Conduction.average Energyflux.SW.transmission.average Shortwave.availabe Shortwave.absorbed Longwave.available Longwave.emittedFacade Sensible.outside Vapour.fromGreening Vapour.fromSubstrate
10.02 15.07.2018 05.10.00 19.90264 289.0384 154.8798 0.3427 -0.4141 1.0089 190.5339 97.5090 324.2213 370.4772 -14.2272 0.0000 0.0000
20.02 15.07.2018 05.20.00 19.92843 289.7230 157.7233 0.3489 -0.7285 1.4366 328.4858 167.6223 326.5524 379.8974 -21.8846 0.0000 0.0000
30.03 15.07.2018 05.30.01 19.95876 290.5525 214.5873 0.4748 -1.0018 1.9687 467.2605 238.1554 330.3059 393.4506 -33.1715 0.0000 0.0000
40.03 15.07.2018 05.40.01 20.00790 291.4910 273.5169 0.6051 -1.2982 2.5378 446.5373 228.2555 334.7278 405.4288 -40.4058 0.0000 0.0000
50.03 15.07.2018 05.50.01 20.07256 292.1761 170.8665 0.3780 -1.6115 2.6527 416.2986 212.9889 337.3319 412.2830 -44.4203 0.0000 0.0000
60.03 15.07.2018 06.00.01 20.11526 292.6746 98.7492 0.2185 -1.7765 2.6600 384.1189 196.6363 339.2550 416.7914 -47.5684 0.0000 0.0000
70.03 15.07.2018 06.10.01 20.14221 292.9165 76.7972 0.1699 -1.8454 2.6871 369.7227 189.2710 340.8495 420.0502 -50.5711 0.0000 0.0000
80.03 15.07.2018 06.20.01 20.16503 293.1741 108.1865 0.2394 -1.8852 2.8328 358.1636 183.5186 342.8342 423.0164 -53.4609 0.0000 0.0000
90.03 15.07.2018 06.30.01 20.19570 293.4515 117.4060 0.2597 -1.9528 2.9500 346.1299 177.5020 344.7219 425.1670 -55.4769 0.0000 0.0000
100.03 15.07.2018 06.40.01 20.22943 293.7502 127.5573 0.2822 -2.0214 3.0714 339.5903 174.2553 346.6514 426.9865 -56.4456 0.0000 0.0000
110.03 15.07.2018 06.50.01 20.27090 294.0698 509.5029 1.1272 -2.1121 4.3191 342.7420 175.9735 348.6982 429.5832 -58.6967 0.0000 0.0000
120.03 15.07.2018 07.00.01 20.40524 294.3864 815.3825 1.8039 -2.6274 5.9085 348.4444 178.9640 350.7726 432.2417 -61.2567 0.0000 0.0000
130.03 15.07.2018 07.10.01 20.61434 294.7649 951.2084 2.1044 -3.4549 7.4125 355.1413 182.3264 352.7442 434.9320 -61.0266 0.0000 0.0000
140.03 15.07.2018 07.20.01 20.85903 295.1383 1026.2662 2.2705 -4.3926 8.8842 362.4935 186.1064 354.8219 437.7398 -61.8144 0.0000 0.0000
150.03 15.07.2018 07.30.01 21.12463 295.4771 1041.5690 2.3044 -5.3696 10.2319 368.4433 189.1383 356.9330 440.3133 -62.9578 0.0000 0.0000
160.03 15.07.2018 07.40.01 21.39745 295.8250 1071.6528 2.3709 -6.3222 11.5908 376.7942 193.4484 359.1071 443.0994 -64.0666 0.0000 0.0000
170.03 15.07.2018 07.50.01 21.68014 296.1827 1070.4803 2.3683 -7.2679 12.8484 383.9755 197.1332 361.2228 445.8089 -65.1086 0.0000 0.0000
180.03 15.07.2018 08.00.01 21.96490 296.5109 1017.5254 2.2512 -8.1718 13.8973 397.7279 204.9180 363.1722 449.5385 -67.2779 0.0000 0.0000
190.03 15.07.2018 08.10.01 22.24020 296.7561 1031.6084 2.2823 -8.9849 15.0230 403.8268 208.0831 365.5325 452.6028 -66.5742 0.0000 0.0000
200.03 15.07.2018 08.20.01 22.52056 296.6399 1010.4782 2.2356 -9.7850 16.0274 408.4566 210.4582 367.7424 454.9595 -68.6107 0.0000 0.0000
210.03 15.07.2018 08.30.01 22.79772 296.7686 991.9866 2.1947 -10.5330 16.9702 412.5109 212.5343 370.0207 457.1539 -71.4178 0.0000 0.0000
220.03 15.07.2018 08.40.01 23.07260 296.9421 981.3984 2.1712 -11.2324 17.8716 417.1284 214.8672 372.2075 460.3451 -68.1715 0.0000 0.0000
230.03 15.07.2018 08.50.01 23.34667 297.1109 964.0802 2.1329 -11.8951 18.7040 421.4796 217.0922 374.3176 463.5371 -66.8290 0.0000 0.0000
240.03 15.07.2018 09.00.01 23.61794 297.1605 923.1100 2.0423 -12.5136 19.4078 425.0658 218.9553 376.3421 466.3716 -67.5545 0.0000 0.0000
250.03 15.07.2018 09.10.01 23.88049 297.6628 851.1405 1.8831 -13.0584 19.9219 425.4044 219.1126 378.0318 468.8317 -63.8121 0.0000 0.0000
260.03 15.07.2018 09.20.01 24.12872 298.4423 830.5473 1.8375 -13.4868 20.4324 426.5417 219.7517 379.7096 470.4537 -69.3245 0.0000 0.0000
270.03 15.07.2018 09.30.01 24.37420 298.9107 816.1229 1.8056 -13.8643 20.8932 428.1856 220.7321 380.8848 470.7458 -79.1177 0.0000 0.0000
280.03 15.07.2018 09.40.01 24.61770 299.0676 816.0313 1.8054 -14.2111 21.3553 430.7785 222.1680 382.7376 474.1800 -72.3128 0.0000 0.0000
290.03 15.07.2018 09.50.01 24.86144 298.6849 796.6425 1.7625 -14.5515 21.7520 432.9788 223.4175 384.6757 476.1395 -75.0748 0.0000 0.0000
300.03 15.07.2018 10.00.01 25.10009 298.0264 738.0536 1.6329 -14.8666 21.9993 433.9764 224.0581 385.8874 474.2631 -91.8059 0.0000 0.0000
310.03 15.07.2018 10.10.01 25.32559 298.2710 753.2965 1.6666 -15.1102 22.3691 434.3856 224.1432 386.7233 474.8288 -89.9782 0.0000 0.0000
320.03 15.07.2018 10.20.01 25.55584 298.5492 769.9081 1.7033 -15.3573 22.7476 435.7902 224.8187 387.9133 475.9922 -88.0971 0.0000 0.0000
330.03 15.07.2018 10.30.01 25.79104 298.8251 749.2710 1.6577 -15.6060 23.0182 435.5056 224.5622 388.9244 477.0044 -86.4004 0.0000 0.0000
340.03 15.07.2018 10.40.01 26.02267 299.3033 755.0154 1.6704 -15.8144 23.3131 436.2421 224.8489 390.0017 479.5969 -77.9919 0.0000 0.0000
350.03 15.07.2018 10.50.01 26.25652 299.7463 752.1555 1.6641 -15.9998 23.5518 436.4787 224.8782 390.9391 481.5997 -75.3448 0.0000 0.0000
360.03 15.07.2018 11.00.01 26.49075 300.1602 718.8031 1.5903 -16.1662 23.6754 436.0452 224.5923 391.7910 483.1059 -74.3260 0.0000 0.0000
370.03 15.07.2018 11.10.01 26.71780 300.1699 658.8971 1.4577 -16.2843 23.6560 433.4563 223.2487 392.6824 484.2636 -73.8725 0.0000 0.0000
380.03 15.07.2018 11.20.01 26.93078 300.1023 612.6566 1.3554 -16.3331 23.5848 430.4837 221.7138 393.5337 484.6468 -75.2137 0.0000 0.0000
390.03 15.07.2018 11.30.01 27.13229 300.0232 571.0568 1.2634 -16.3298 23.4576 427.1389 219.9977 394.3246 484.5094 -77.5210 0.0000 0.0000
400.03 15.07.2018 11.40.01 27.32385 299.8294 542.7473 1.2008 -16.2872 23.3173 423.8182 218.2465 394.8285 482.1439 -87.7311 0.0000 0.0000
410.03 15.07.2018 11.50.01 27.50823 299.8976 521.3218 1.1534 -16.2169 23.1604 420.8954 216.7464 395.3341 480.9281 -90.9576 0.0000 0.0000
420.03 15.07.2018 12.00.01 27.68707 299.9666 456.2081 1.0093 -16.1228 22.8428 416.3719 214.4074 395.7422 479.3762 -94.1429 0.0000 0.0000
430.03 15.07.2018 12.10.01 27.85012 300.1814 401.8388 0.8890 -15.9573 22.4617 411.2908 211.8657 396.2926 480.5509 -87.7307 0.0000 0.0000
440.03 15.07.2018 12.20.01 28.00005 300.5774 359.8125 0.7960 -15.7305 22.0354 412.2413 212.9770 396.6841 483.7192 -78.1275 0.0000 0.0000
450.03 15.07.2018 12.30.01 28.14001 301.0770 317.9163 0.7034 -15.4567 21.5468 418.0915 217.0751 396.6865 487.4196 -73.4887 0.0000 0.0000
460.03 15.07.2018 12.40.01 28.26959 301.5650 300.2611 0.6643 -15.1412 21.0740 424.2450 221.2899 396.6435 489.9365 -71.7916 0.0000 0.0000
470.03 15.07.2018 12.50.01 28.39459 301.8011 321.0031 0.7102 -14.8157 20.7012 432.9453 226.9571 397.0488 491.7160 -75.8222 0.0000 0.0000
480.03 15.07.2018 13.00.01 28.52313 301.9513 249.7918 0.5526 -14.5216 20.0991 437.5649 230.3492 397.1222 492.8243 -80.2532 0.0000 0.0000
490.03 15.07.2018 13.10.01 28.63387 302.1127 185.0022 0.4093 -14.1573 19.4222 439.2146 232.1542 397.0667 494.9738 -78.5910 0.0000 0.0000
500.03 15.07.2018 13.20.01 28.72805 302.2249 117.9324 0.2609 -13.7332 18.6588 438.6610 232.7025 396.9023 496.7337 -76.8259 0.0000 0.0000
510.03 15.07.2018 13.30.01 28.80493 302.3095 65.3552 0.1446 -13.2478 17.8565 436.9919 232.6106 396.6231 498.2376 -75.0995 0.0000 0.0000
520.03 15.07.2018 13.40.01 28.86822 302.3805 34.9637 0.0774 -12.7202 17.0634 435.5045 232.5827 396.2580 499.6253 -73.5004 0.0000 0.0000
530.03 15.07.2018 13.50.01 28.92291 302.4457 18.8568 0.0417 -12.1739 16.2875 434.6506 232.9216 395.9908 501.0573 -72.2559 0.0000 0.0000
540.03 15.07.2018 14.00.01 28.97234 302.5029 -35.4377 -0.0784 -11.6225 15.3921 431.3083 231.8587 395.5977 501.9991 -70.9479 0.0000 0.0000
550.03 15.07.2018 14.10.01 29.00723 302.4158 -176.4271 -0.3903 -11.0205 14.1736 416.6069 224.7415 395.9436 502.4717 -66.4204 0.0000 0.0000
560.03 15.07.2018 14.20.01 29.00747 302.2265 -280.0003 -0.6195 -10.2752 12.8743 397.8948 215.2790 395.8001 501.4471 -63.0129 0.0000 0.0000
570.03 15.07.2018 14.30.01 28.98156 302.0729 -306.2387 -0.6775 -9.4361 11.6781 379.4581 205.9039 395.7524 499.9182 -60.5090 0.0000 0.0000
580.03 15.07.2018 14.40.01 28.94772 301.9431 -294.8833 -0.6524 -8.5923 10.5865 360.7057 196.3007 395.9787 498.2083 -57.7187 0.0000 0.0000
590.03 15.07.2018 14.50.01 28.91476 301.8290 -307.6409 -0.6806 -7.7818 9.4682 338.9669 184.9259 395.9006 495.6122 -54.8581 0.0000 0.0000
600.03 15.07.2018 15.00.01 28.87722 301.7633 -306.6732 -0.6785 -6.9741 8.3942 316.2827 172.9495 395.6294 492.5218 -51.8929 0.0000 0.0000
610.03 15.07.2018 15.10.01 28.83892 301.8609 -208.4010 -0.4611 -6.1991 7.6507 305.2788 167.2683 394.7446 490.1532 -52.3389 0.0000 0.0000
620.03 15.07.2018 15.20.01 28.82430 301.9622 -131.2357 -0.2903 -5.5414 7.0015 295.2078 162.0760 394.0638 487.5792 -53.5689 0.0000 0.0000
630.03 15.07.2018 15.30.01 28.82708 301.8379 -88.0280 -0.1948 -4.9778 6.3775 284.6018 156.5434 393.2836 484.1155 -56.4555 0.0000 0.0000
640.03 15.07.2018 15.40.01 28.83941 301.5938 -45.7609 -0.1012 -4.4742 5.8307 273.9450 150.9601 392.5528 480.3390 -59.3836 0.0000 0.0000
650.03 15.07.2018 15.50.01 28.86059 301.3668 -30.4210 -0.0673 -4.0306 5.2843 262.0149 144.6125 391.6876 476.3904 -61.2383 0.0000 0.0000
660.03 15.07.2018 16.00.01 28.88433 301.1576 -20.5284 -0.0454 -3.6167 4.7617 249.6601 137.9920 390.6673 472.4330 -61.9685 0.0000 0.0000
670.03 15.07.2018 16.10.01 28.90905 300.9990 -57.9548 -0.1282 -3.2278 4.1328 238.8037 132.2565 388.3344 469.8088 -57.2267 0.0000 0.0000
680.03 15.07.2018 16.20.01 28.92382 300.8342 -77.9710 -0.1725 -2.8139 3.5218 228.0051 126.5421 385.9452 467.0643 -53.3136 0.0000 0.0000
690.03 15.07.2018 16.30.01 28.93237 300.6738 -68.6519 -0.1519 -2.3972 2.9938 218.2984 121.4202 383.7039 464.4263 -50.0042 0.0000 0.0000
700.03 15.07.2018 16.40.01 28.94183 300.5331 21.0057 0.0465 -2.0122 2.7449 209.7655 116.8047 381.4104 461.8017 -47.0542 0.0000 0.0000
710.03 15.07.2018 16.50.01 28.97057 300.3731 57.6353 0.1275 -1.7483 2.5010 201.0891 112.0992 379.1594 458.8151 -45.2413 0.0000 0.0000
720.03 15.07.2018 17.00.01 29.00649 300.1661 55.5646 0.1229 -1.5423 2.2203 191.2328 106.7137 376.7616 455.4363 -43.7829 0.0000 0.0000
730.03 15.07.2018 17.10.01 29.04080 299.9186 85.3437 0.1888 -1.3506 2.0526 183.1486 102.2769 374.9268 452.6735 -41.4625 0.0000 0.0000
740.03 15.07.2018 17.20.01 29.08071 299.6755 92.0259 0.2036 -1.2088 1.8832 174.7744 97.6674 373.1388 449.7667 -39.6447 0.0000 0.0000
750.03 15.07.2018 17.30.01 29.12090 299.4327 86.4424 0.1912 -1.0893 1.7073 166.0224 92.8362 371.3547 446.7767 -37.9390 0.0000 0.0000
760.03 15.07.2018 17.40.01 29.15859 299.1938 83.2613 0.1842 -0.9786 1.5504 155.9972 87.2824 369.6280 443.6714 -36.1629 0.0000 0.0000
770.03 15.07.2018 17.50.01 29.19421 298.9532 69.9739 0.1548 -0.8798 1.3795 144.9473 81.1244 367.8776 440.4102 -34.1625 0.0000 0.0000
780.03 15.07.2018 18.00.01 29.22537 298.7067 55.1635 0.1220 -0.7820 1.2054 134.0141 75.0392 366.0920 437.1235 -32.1906 0.0000 0.0000
790.03 15.07.2018 18.10.01 29.25161 298.1917 52.1186 0.1153 -0.6865 1.0691 118.3080 66.2516 364.3037 433.0014 -30.8705 0.0000 0.0000
800.03 15.07.2018 18.20.01 29.27517 297.6633 34.8626 0.0771 -0.6111 0.9177 102.1249 57.1893 362.3962 428.6396 -29.2739 0.0000 0.0000
810.03 15.07.2018 18.30.01 29.29275 297.1323 16.3336 0.0361 -0.5393 0.7673 85.8659 48.0811 360.4417 424.1565 -27.5508 0.0000 0.0000
820.03 15.07.2018 18.40.01 29.30407 296.6010 0.8173 0.0018 -0.4695 0.6284 62.7434 35.1073 358.5100 418.9071 -25.0094 0.0000 0.0000
830.03 15.07.2018 18.50.01 29.30981 296.0609 -20.4325 -0.0452 -0.4048 0.4795 39.4374 22.0311 356.5224 413.4117 -22.2177 0.0000 0.0000
840.03 15.07.2018 19.00.01 29.30868 295.5171 -40.4090 -0.0894 -0.3389 0.3327 16.3731 9.0970 354.5302 407.8129 -19.2543 0.0000 0.0000
850.03 15.07.2018 19.10.01 29.30105 294.8625 -44.3333 -0.0981 -0.2742 0.2348 13.1607 7.3046 352.6444 403.9516 -18.4365 0.0000 0.0000
860.03 15.07.2018 19.20.01 29.29058 294.2121 -41.1256 -0.0910 -0.2281 0.1828 10.9679 6.0893 350.9588 400.5830 -18.1606 0.0000 0.0000
870.03 15.07.2018 19.30.01 29.27899 293.5612 -46.4490 -0.1028 -0.2078 0.1401 8.9790 4.9896 349.3656 397.4418 -18.1364 0.0000 0.0000
880.03 15.07.2018 19.40.01 29.26422 292.9301 -57.7760 -0.1278 -0.2019 0.0987 6.0744 3.3755 347.8327 394.4703 -17.8265 0.0000 0.0000
890.03 15.07.2018 19.50.01 29.24517 292.2970 -73.5561 -0.1627 -0.2049 0.0562 3.1716 1.7633 346.3263 391.5915 -17.7312 0.0000 0.0000
900.03 15.07.2018 20.00.01 29.22079 291.6569 -91.0354 -0.2014 -0.2117 0.0137 0.3041 0.1721 344.8282 388.7891 -17.8163 0.0000 0.0000
910.03 15.07.2018 20.10.01 29.19042 291.1862 -97.9712 -0.2168 -0.2186 0.0024 0.0544 0.0308 343.2890 386.4537 -17.6003 0.0000 0.0000
920.03 15.07.2018 20.20.01 29.15685 290.7111 -107.5552 -0.2380 -0.2383 0.0004 0.0099 0.0056 341.8143 384.2677 -17.6066 0.0000 0.0000
930.03 15.07.2018 20.30.01 29.11935 290.2339 -120.8616 -0.2674 -0.2675 0.0001 0.0018 0.0010 340.3683 382.1769 -17.7486 0.0000 0.0000
940.03 15.07.2018 20.40.01 29.07708 289.8063 -136.1291 -0.3012 -0.3012 0.0000 0.0003 0.0002 338.9457 380.2658 -17.5958 0.0000 0.0000
950.03 15.07.2018 20.50.01 29.02963 289.3825 -152.3832 -0.3371 -0.3371 0.0000 0.0001 0.0000 337.5244 378.4171 -17.5639 0.0000 0.0000
960.03 15.07.2018 21.00.01 28.97674 288.9563 -168.9901 -0.3739 -0.3739 0.0000 0.0000 0.0000 336.0987 376.6134 -17.6401 0.0000 0.0000
970.03 15.07.2018 21.10.01 28.91842 288.6938 -185.3755 -0.4101 -0.4101 0.0000 0.0000 0.0000 334.7467 375.3389 -15.7303 0.0000 0.0000
980.03 15.07.2018 21.20.01 28.85504 288.1426 -199.5503 -0.4415 -0.4415 0.0000 0.0000 0.0000 333.1017 373.4047 -16.7820 0.0000 0.0000
990.03 15.07.2018 21.30.01 28.78683 287.8208 -215.3181 -0.4764 -0.4764 0.0000 0.0000 0.0000 332.2508 371.0786 -20.2811 0.0000 0.0000
1000.03 15.07.2018 21.40.01 28.71310 287.6868 -232.1061 -0.5135 -0.5135 0.0000 0.0000 0.0000 331.3767 370.5444 -16.5135 0.0000 0.0000
1010.03 15.07.2018 21.50.01 28.63406 287.1881 -248.8082 -0.5505 -0.5505 0.0000 0.0000 0.0000 329.9246 368.4601 -18.9096 0.0000 0.0000
1020.03 15.07.2018 22.00.01 28.54919 286.9484 -265.9927 -0.5885 -0.5885 0.0000 0.0000 0.0000 328.8928 366.5227 -20.9048 0.0000 0.0000
1030.03 15.07.2018 22.10.01 28.45934 286.8148 -279.3131 -0.6179 -0.6179 0.0000 0.0000 0.0000 328.1471 365.3309 -20.0493 0.0000 0.0000
1040.03 15.07.2018 22.20.01 28.36559 286.5434 -290.0548 -0.6417 -0.6417 0.0000 0.0000 0.0000 327.3978 363.7124 -20.9885 0.0000 0.0000
1050.03 15.07.2018 22.30.01 28.26861 286.4067 -299.0279 -0.6616 -0.6616 0.0000 0.0000 0.0000 326.6884 362.6005 -20.3857 0.0000 0.0000
1060.03 15.07.2018 22.40.01 28.16888 286.2733 -306.6789 -0.6785 -0.6785 0.0000 0.0000 0.0000 326.0091 361.5629 -19.8267 0.0000 0.0000
1070.03 15.07.2018 22.50.01 28.06677 286.1420 -313.7527 -0.6941 -0.6941 0.0000 0.0000 0.0000 325.3462 360.5743 -19.3482 0.0000 0.0000
1080.03 15.07.2018 23.00.01 27.96237 286.0118 -320.4516 -0.7090 -0.7090 0.0000 0.0000 0.0000 324.6920 359.6240 -18.9379 0.0000 0.0000
1090.03 15.07.2018 23.10.01 27.85586 285.9794 -326.1403 -0.7215 -0.7215 0.0000 0.0000 0.0000 324.2236 359.5346 -15.8004 0.0000 0.0000
1100.03 15.07.2018 23.20.01 27.74777 285.7904 -330.7520 -0.7318 -0.7318 0.0000 0.0000 0.0000 323.7370 358.7400 -15.8076 0.0000 0.0000
1110.03 15.07.2018 23.30.01 27.63790 285.5408 -337.0690 -0.7457 -0.7457 0.0000 0.0000 0.0000 323.1334 357.1439 -18.4009 0.0000 0.0000
1120.03 15.07.2018 23.40.01 27.52587 285.7240 -342.7706 -0.7583 -0.7583 0.0000 0.0000 0.0000 322.7187 357.3879 -14.2398 0.0000 0.0000
1130.03 15.07.2018 23.50.01 27.41256 286.0502 -344.8348 -0.7629 -0.7629 0.0000 0.0000 0.0000 322.3634 357.3270 -11.7748 0.0000 0.0000
1140.03 16.07.2018 00.00.01 27.29852 285.7154 -349.3096 -0.7728 -0.7728 0.0000 0.0000 0.0000 321.7415 355.9212 -14.6593 0.0000 0.0000
1150.03 16.07.2018 00.10.01 27.18221 285.7553 -356.9975 -0.7898 -0.7898 0.0000 0.0000 0.0000 321.3406 355.4825 -13.5147 0.0000 0.0000
1160.03 16.07.2018 00.20.01 27.06381 285.8120 -361.6472 -0.8001 -0.8001 0.0000 0.0000 0.0000 321.0253 355.0858 -12.5125 0.0000 0.0000
1170.03 16.07.2018 00.30.01 26.94427 285.8696 -363.9163 -0.8051 -0.8051 0.0000 0.0000 0.0000 320.7401 354.7155 -11.6145 0.0000 0.0000
1180.03 16.07.2018 00.40.01 26.82433 285.9281 -365.4307 -0.8085 -0.8085 0.0000 0.0000 0.0000 320.4754 354.3702 -10.7835 0.0000 0.0000
1190.03 16.07.2018 00.50.01 26.70416 285.9794 -365.9095 -0.8095 -0.8095 0.0000 0.0000 0.0000 320.2270 354.0269 -10.0786 0.0000 0.0000
1200.03 16.07.2018 01.00.01 26.58386 286.0133 -365.8668 -0.8094 -0.8094 0.0000 0.0000 0.0000 319.9912 353.6750 -9.5133 0.0000 0.0000
1210.03 16.07.2018 01.10.01 26.46377 285.7786 -365.6642 -0.8090 -0.8090 0.0000 0.0000 0.0000 319.6315 353.0237 -10.0099 0.0000 0.0000
1220.03 16.07.2018 01.20.01 26.34384 285.5038 -363.8765 -0.8050 -0.8050 0.0000 0.0000 0.0000 319.2689 352.2910 -10.7100 0.0000 0.0000
1230.03 16.07.2018 01.30.01 26.22454 285.2798 -362.2338 -0.8014 -0.8014 0.0000 0.0000 0.0000 318.8824 351.5916 -11.1817 0.0000 0.0000
1240.03 16.07.2018 01.40.01 26.10565 285.1053 -360.1960 -0.7969 -0.7969 0.0000 0.0000 0.0000 318.4839 350.9724 -11.3777 0.0000 0.0000
1250.03 16.07.2018 01.50.01 25.98730 284.8662 -360.3866 -0.7973 -0.7973 0.0000 0.0000 0.0000 318.1246 350.2313 -12.1038 0.0000 0.0000
1260.03 16.07.2018 02.00.01 25.86822 284.6791 -363.3685 -0.8039 -0.8039 0.0000 0.0006 0.0003 317.7399 349.4722 -12.7992 0.0000 0.0000
1270.03 16.07.2018 02.10.01 25.74795 284.8568 -362.5942 -0.8022 -0.8101 0.0106 0.3411 0.1846 317.4130 349.5786 -10.3868 0.0000 0.0000
1280.03 16.07.2018 02.20.01 25.62863 284.9793 -358.5181 -0.7932 -0.8107 0.0234 0.7318 0.3973 316.8973 349.3158 -9.4421 0.0000 0.0000
1290.03 16.07.2018 02.30.01 25.51037 284.3515 -356.3012 -0.7883 -0.8157 0.0365 1.1299 0.6141 316.5237 347.8376 -13.2645 0.0000 0.0000
1300.03 16.07.2018 02.40.01 25.39227 284.3523 -356.7258 -0.7892 -0.8265 0.0497 1.5294 0.8318 316.2923 347.9682 -11.2110 0.0000 0.0000
1310.03 16.07.2018 02.50.01 25.27377 284.2485 -358.9284 -0.7941 -0.8413 0.0629 1.9292 1.0497 315.8351 347.0969 -12.5635 0.0000 0.0000
1320.03 16.07.2018 03.00.01 25.15447 284.0843 -361.3754 -0.7995 -0.8567 0.0762 2.3322 1.2692 315.4415 345.8866 -14.9220 0.0000 0.0000
1330.03 16.07.2018 03.10.01 25.03463 284.2567 -342.3190 -0.7573 -0.8675 0.1468 4.5833 2.4889 315.3779 345.8587 -13.7125 0.0000 0.0000
1340.03 16.07.2018 03.20.01 24.91989 284.4362 -325.5019 -0.7201 -0.8923 0.2296 7.1068 3.8628 315.4481 346.0019 -12.7038 0.0000 0.0000
1350.03 16.07.2018 03.30.01 24.80978 284.6186 -312.9717 -0.6924 -0.9280 0.3142 9.6705 5.2595 315.5744 346.2499 -11.8141 0.0000 0.0000
1360.03 16.07.2018 03.40.01 24.70330 284.8015 -303.1487 -0.6707 -0.9700 0.3991 12.2424 6.6607 315.7365 346.5760 -11.0295 0.0000 0.0000
1370.03 16.07.2018 03.50.01 24.59976 284.9873 -295.0186 -0.6527 -1.0158 0.4841 14.8156 8.0628 315.9057 346.9667 -10.3183 0.0000 0.0000
1380.03 16.07.2018 04.00.01 24.49868 285.1761 -287.8411 -0.6368 -1.0636 0.5691 17.3887 9.4648 316.1009 347.4162 -9.6664 0.0000 0.0000
1390.03 16.07.2018 04.10.01 24.39999 286.0016 -282.1481 -0.6242 -1.1091 0.6465 19.7178 10.7348 317.6666 349.2562 -5.2470 0.0000 0.0000
1400.03 16.07.2018 04.20.01 24.30398 286.7754 -272.7414 -0.6034 -1.1452 0.7223 22.0108 11.9843 319.3328 350.8757 -2.2437 0.0000 0.0000
1410.03 16.07.2018 04.30.01 24.21139 287.5480 -262.2743 -0.5803 -1.1787 0.7979 24.2986 13.2309 320.9655 352.3229 0.3245 0.0000 0.0000
1420.03 16.07.2018 04.40.01 24.12234 288.3593 -251.3571 -0.5561 -1.2112 0.8735 26.5852 14.4768 322.7289 354.1420 1.9984 0.0000 0.0000
1430.03 16.07.2018 04.50.01 24.03695 289.1707 -239.7301 -0.5304 -1.2421 0.9490 53.5923 28.2438 324.5200 356.6016 3.3927 0.0000 0.0000
1440.03 16.07.2018 05.00.01 23.95553 289.9498 -209.6812 -0.4639 -1.2722 1.0777 60.6396 31.9512 326.5766 359.6446 5.2239 0.0000 0.0000
1450.03 16.07.2018 05.10.01 23.88241 290.5738 -201.5380 -0.4459 -1.3205 1.1662 187.9519 96.3943 328.3480 365.1952 1.4685 0.0000 0.0000
1460.03 16.07.2018 05.20.01 23.81313 291.4539 -86.5427 -0.1915 -1.3600 1.5581 320.2895 163.6238 331.6610 376.0517 -7.9313 0.0000 0.0000
1470.03 16.07.2018 05.30.01 23.77291 292.4149 22.8674 0.0506 -1.5059 2.0754 453.7687 231.4683 335.9177 390.2923 -21.7959 0.0000 0.0000
1480.03 16.07.2018 05.40.01 23.76104 293.4121 104.8925 0.2321 -1.7434 2.6340 433.8600 221.9722 340.6681 403.4715 -32.4648 0.0000 0.0000
1490.03 16.07.2018 05.50.01 23.77065 294.0717 15.6153 0.0345 -2.0359 2.7606 404.9127 207.3788 343.6257 411.0221 -39.4505 0.0000 0.0000
1500.03 16.07.2018 06.00.01 23.76199 294.6477 -49.2491 -0.1090 -2.1965 2.7835 374.1049 191.7447 345.8846 416.1384 -45.4012 0.0000 0.0000
1510.03 16.07.2018 06.10.01 23.73998 295.0244 -71.6333 -0.1585 -2.2644 2.8079 361.1108 185.0876 347.6769 420.0448 -47.6276 0.0000 0.0000
1520.03 16.07.2018 06.20.01 23.71389 295.4113 -37.7444 -0.0835 -2.2955 2.9493 350.9014 180.0130 349.8405 423.8573 -49.3710 0.0000 0.0000
1530.03 16.07.2018 06.30.01 23.69674 295.8036 -25.0499 -0.0554 -2.3514 3.0614 340.1785 174.6517 351.8963 426.9440 -50.3176 0.0000 0.0000
1540.03 16.07.2018 06.40.01 23.68401 296.2006 -6.6472 -0.0147 -2.4046 3.1865 334.5617 171.8784 354.0054 429.6991 -50.5274 0.0000 0.0000
1550.03 16.07.2018 06.50.01 23.67925 296.6119 405.1139 0.8963 -2.4595 4.4744 338.8287 174.1581 356.2055 433.2892 -51.9234 0.0000 0.0000
1560.03 16.07.2018 07.00.01 23.77310 297.0239 698.8986 1.5462 -2.9572 6.0046 344.6700 177.1990 358.3853 436.8690 -53.3162 0.0000 0.0000
1570.03 16.07.2018 07.10.01 23.93905 297.3759 842.4410 1.8638 -3.7457 7.4794 351.9239 180.8468 360.5849 440.1743 -54.4583 0.0000 0.0000
1580.03 16.07.2018 07.20.01 24.14276 297.7419 922.1786 2.0402 -4.6467 8.9159 359.5065 184.7207 362.8493 443.6011 -55.5851 0.0000 0.0000
1590.03 16.07.2018 07.30.01 24.36920 298.0950 947.2265 2.0956 -5.5870 10.2436 365.8593 187.9385 365.1479 446.8737 -56.4373 0.0000 0.0000
1600.03 16.07.2018 07.40.01 24.60571 298.4628 987.3944 2.1845 -6.5065 11.5880 374.4335 192.3500 367.5452 450.4295 -56.8904 0.0000 0.0000
1610.03 16.07.2018 07.50.01 24.85534 298.8414 994.2844 2.1997 -7.4254 12.8335 381.7700 196.0934 369.8853 453.9684 -56.9606 0.0000 0.0000
1620.03 16.07.2018 08.00.01 25.11001 299.1851 945.9094 2.0927 -8.3086 13.8684 395.4504 203.8021 372.0249 458.5651 -58.0099 0.0000 0.0000
1630.03 16.07.2018 08.10.01 25.35693 299.4508 980.3450 2.1689 -9.0971 15.0213 402.4775 207.4214 374.2236 462.2351 -58.8993 0.0000 0.0000
1640.03 16.07.2018 08.20.01 25.61450 299.6646 970.5674 2.1473 -9.8899 16.0496 407.7753 210.0969 376.1999 465.4519 -60.1647 0.0000 0.0000
1650.03 16.07.2018 08.30.01 25.87261 299.7854 969.2184 2.1443 -10.6386 17.0439 412.8579 212.6688 378.3144 468.4182 -62.1752 0.0000 0.0000
1660.03 16.07.2018 08.40.01 26.13287 299.7643 970.3580 2.1468 -11.3558 18.0035 418.8107 215.6992 380.3172 471.4353 -63.0995 0.0000 0.0000
1670.03 16.07.2018 08.50.01 26.39550 299.6957 959.9136 2.1237 -12.0482 18.8958 424.1012 218.3830 382.2279 474.2234 -64.7701 0.0000 0.0000
1680.03 16.07.2018 09.00.01 26.65731 299.5291 880.2697 1.9475 -12.7038 19.5351 425.8185 219.1139 383.7423 475.7773 -67.9514 0.0000 0.0000
1690.03 16.07.2018 09.10.01 26.90280 299.5356 884.5862 1.9571 -13.2443 20.2685 430.6125 221.6537 385.3025 477.4731 -72.2390 0.0000 0.0000
1700.03 16.07.2018 09.20.01 27.15115 299.5967 870.7904 1.9265 -13.7642 20.9209 434.1840 223.5212 386.8210 478.7457 -76.3794 0.0000 0.0000
1710.03 16.07.2018 09.30.01 27.39840 299.6682 861.2937 1.9055 -14.2432 21.5317 438.4063 225.8105 388.4765 479.7537 -83.6160 0.0000 0.0000
1720.03 16.07.2018 09.40.01 27.64535 299.7301 864.2538 1.9121 -14.6874 22.1326 443.0885 228.2902 389.9042 480.1826 -88.4987 0.0000 0.0000
1730.03 16.07.2018 09.50.01 27.89492 299.8077 854.7972 1.8911 -15.1123 22.6713 447.4419 230.6198 391.3056 480.3039 -94.1861 0.0000 0.0000
1740.03 16.07.2018 10.00.01 28.14367 299.9010 802.5098 1.7755 -15.5050 23.0406 450.1746 232.1053 392.6001 480.0048 -100.0595 0.0000 0.0000
1750.03 16.07.2018 10.10.01 28.38107 300.1027 649.3115 1.4365 -15.8202 23.0090 447.0756 230.8136 394.1873 482.0431 -94.4023 0.0000 0.0000
1760.03 16.07.2018 10.20.01 28.58380 300.3331 553.0764 1.2236 -15.9469 22.8940 443.4709 229.2815 396.0223 484.5031 -88.4562 0.0000 0.0000
1770.03 16.07.2018 10.30.01 28.76464 300.6654 453.7341 1.0038 -15.9546 22.6113 437.3405 226.3603 397.3685 487.3186 -79.2086 0.0000 0.0000
1780.03 16.07.2018 10.40.01 28.92297 300.9978 433.5543 0.9592 -15.8429 22.4028 433.3339 224.5366 398.4973 490.0947 -72.5807 0.0000 0.0000
1790.03 16.07.2018 10.50.01 29.07745 301.3914 406.4238 0.8992 -15.6968 22.1280 428.8861 222.4981 399.5141 492.6529 -68.0602 0.0000 0.0000
1800.03 16.07.2018 11.00.01 29.22482 301.8330 352.5187 0.7799 -15.5213 21.7350 423.7226 220.1187 400.5185 494.4602 -65.8569 0.0000 0.0000
1810.03 16.07.2018 11.10.01 29.36077 301.3402 558.9831 1.2367 -15.2957 22.0432 425.3098 220.6863 401.4630 493.9916 -69.4184 0.0000 0.0000
1820.03 16.07.2018 11.20.01 29.54400 300.9982 662.1487 1.4649 -15.3195 22.3793 428.0352 221.9159 402.1207 491.3307 -85.8066 0.0000 0.0000
1830.03 16.07.2018 11.30.01 29.75125 300.9914 705.6866 1.5613 -15.4613 22.6968 430.9773 223.2895 402.2162 487.8624 -102.6781 0.0000 0.0000
1840.03 16.07.2018 11.40.01 29.96938 301.1311 723.9406 1.6016 -15.6438 22.9939 433.9327 224.6567 402.9082 488.9764 -95.5303 0.0000 0.0000
1850.03 16.07.2018 11.50.01 30.19305 301.3219 730.4017 1.6159 -15.8304 23.2618 436.9273 226.0697 403.7199 490.7915 -92.4387 0.0000 0.0000
1860.03 16.07.2018 12.00.01 30.41934 301.4433 687.5963 1.5212 -16.0063 23.3700 438.2541 226.6032 403.8961 490.9498 -98.6578 0.0000 0.0000
1870.03 16.07.2018 12.10.01 30.63506 301.5198 445.1847 0.9849 -16.1180 22.8039 431.1466 223.1938 404.0728 491.0700 -98.7579 0.0000 0.0000
1880.03 16.07.2018 12.20.01 30.79370 301.6103 289.2268 0.6399 -15.9537 22.1248 427.9818 222.2355 404.0086 491.4000 -99.3783 0.0000 0.0000
1890.03 16.07.2018 12.30.01 30.91454 301.6840 187.2827 0.4143 -15.6236 21.3840 428.9862 223.8250 403.6963 491.9819 -101.0175 0.0000 0.0000
1900.03 16.07.2018 12.40.01 31.01000 301.7664 137.6270 0.3045 -15.1954 20.6666 429.8544 225.2627 403.2959 492.4813 -102.1812 0.0000 0.0000
1910.03 16.07.2018 12.50.01 31.09237 301.8498 138.8682 0.3072 -14.7305 20.0503 432.7516 227.8415 403.2876 492.8057 -105.1004 0.0000 0.0000
1920.03 16.07.2018 13.00.01 31.17309 301.9158 64.6414 0.1430 -14.2837 19.2357 431.5678 228.1220 403.0059 491.9154 -108.6634 0.0000 0.0000
1930.03 16.07.2018 13.10.01 31.23409 301.8943 -102.3773 -0.2265 -13.7682 18.0556 424.0209 225.2617 403.0717 490.5777 -110.3656 0.0000 0.0000
1940.03 16.07.2018 13.20.01 31.25381 301.8650 -218.8201 -0.4841 -13.0846 16.8007 412.4464 220.0416 402.8056 488.5287 -110.8729 0.0000 0.0000
1950.03 16.07.2018 13.30.01 31.24380 301.8300 -271.6719 -0.6010 -12.2966 15.5941 399.6199 214.0336 402.4202 486.3034 -110.4672 0.0000 0.0000
1960.03 16.07.2018 13.40.01 31.21902 301.7943 -301.1723 -0.6663 -11.4785 14.4162 385.0495 206.9642 401.6658 483.8603 -108.7914 0.0000 0.0000
1970.03 16.07.2018 13.50.01 31.18493 301.7541 -308.6648 -0.6829 -10.6557 13.2971 369.4625 199.2406 401.1180 481.4038 -106.2240 0.0000 0.0000
1980.03 16.07.2018 14.00.01 31.14706 301.7131 -307.8293 -0.6810 -9.8517 12.2275 352.4911 190.6482 400.6753 478.8385 -102.9120 0.0000 0.0000
1990.03 16.07.2018 14.10.01 31.10812 301.6560 -202.0503 -0.4470 -9.0758 11.5050 341.5603 185.0556 399.6933 476.0236 -102.2864 0.0000 0.0000
2000.03 16.07.2018 14.20.01 31.09219 301.5925 -147.3868 -0.3261 -8.4414 10.8205 330.6735 179.4608 398.5610 473.1923 -101.3291 0.0000 0.0000
2010.03 16.07.2018 14.30.01 31.08798 301.5252 -111.1846 -0.2460 -7.8872 10.1883 320.0475 173.9831 397.5371 470.4612 -100.0257 0.0000 0.0000
2020.03 16.07.2018 14.40.01 31.09109 301.4549 -83.5587 -0.1849 -7.3891 9.6056 309.4088 168.4762 396.6748 467.8400 -98.3680 0.0000 0.0000
2030.03 16.07.2018 14.50.01 31.09954 301.3471 -81.7511 -0.1809 -6.9362 9.0071 297.3975 162.1578 395.7150 465.5239 -94.8522 0.0000 0.0000
2040.03 16.07.2018 15.00.01 31.10735 301.2830 -81.7230 -0.1808 -6.4987 8.4239 284.9439 155.5615 394.7310 463.0388 -91.6743 0.0000 0.0000
2050.03 16.07.2018 15.10.01 31.11416 301.2545 -37.7324 -0.0835 -6.0823 7.9984 283.4311 154.9472 393.3176 461.6877 -88.6062 0.0000 0.0000
2060.03 16.07.2018 15.20.01 31.13094 301.2307 -21.7578 -0.0481 -5.7258 7.5702 282.8884 154.9170 392.1145 460.9098 -85.6226 0.0000 0.0000
2070.03 16.07.2018 15.30.01 31.15032 301.2116 -39.6502 -0.0877 -5.4006 7.0838 282.1182 154.7943 390.9264 460.0527 -84.0042 0.0000 0.0000
2080.03 16.07.2018 15.40.01 31.16442 301.1928 -53.0910 -0.1175 -5.0680 6.6007 283.8350 156.0883 389.8964 459.6697 -82.7426 0.0000 0.0000
2090.03 16.07.2018 15.50.01 31.17407 301.1738 -93.9290 -0.2078 -4.7345 6.0356 284.8937 157.0494 388.8673 459.2677 -81.8713 0.0000 0.0000
2100.03 16.07.2018 16.00.01 31.17275 301.1590 -152.7984 -0.3380 -4.3700 5.3759 285.3095 157.6970 387.8396 458.9021 -81.0992 0.0000 0.0000
2110.03 16.07.2018 16.10.01 31.15624 301.0186 -186.1082 -0.4117 -3.9562 4.7260 271.1814 150.1829 386.7565 457.1745 -79.0175 0.0000 0.0000
2120.03 16.07.2018 16.20.01 31.13015 300.8691 -221.7034 -0.4905 -3.5252 4.0462 255.4861 141.7509 385.3867 454.7614 -76.7419 0.0000 0.0000
2130.03 16.07.2018 16.30.01 31.09408 300.7145 -216.7849 -0.4796 -3.0751 3.4606 240.9703 133.9557 384.1073 452.3247 -74.2160 0.0000 0.0000
2140.03 16.07.2018 16.40.01 31.05798 300.5546 -112.9915 -0.2500 -2.6523 3.2031 226.6770 126.1010 382.6541 449.7329 -71.6360 0.0000 0.0000
2150.03 16.07.2018 16.50.01 31.04449 300.3945 -70.4248 -0.1558 -2.3665 2.9476 212.0081 118.0194 381.1545 447.0204 -68.4750 0.0000 0.0000
2160.03 16.07.2018 17.00.01 31.03970 300.2331 -66.0829 -0.1462 -2.1425 2.6618 196.1751 109.2620 379.5002 444.1172 -64.5992 0.0000 0.0000
2170.03 16.07.2018 17.10.01 31.03500 300.0052 -40.7164 -0.0901 -1.9364 2.4618 184.2842 102.6826 378.0299 441.3381 -61.8444 0.0000 0.0000
2180.03 16.07.2018 17.20.01 31.03512 299.7785 -30.7283 -0.0680 -1.7731 2.2734 172.3679 96.0790 376.5760 438.6646 -58.6822 0.0000 0.0000
2190.03 16.07.2018 17.30.01 31.03649 299.5538 -32.4387 -0.0718 -1.6335 2.0823 160.1220 89.2801 375.1205 435.9664 -55.3354 0.0000 0.0000
2200.03 16.07.2018 17.40.01 31.03637 299.3274 -32.8622 -0.0727 -1.5047 1.9093 145.4743 81.1224 373.7176 433.1176 -51.4315 0.0000 0.0000
2210.03 16.07.2018 17.50.01 31.03503 299.1003 -43.9351 -0.0972 -1.3891 1.7225 129.9121 72.4264 372.2786 430.1599 -47.0026 0.0000 0.0000
2220.03 16.07.2018 18.00.01 31.02999 298.8716 -56.0409 -0.1240 -1.2752 1.5350 114.4657 63.8003 370.8074 427.1755 -42.5070 0.0000 0.0000
2230.03 16.07.2018 18.10.01 31.02084 298.4815 -71.2329 -0.1576 -1.1637 1.3415 100.4842 56.0138 369.1506 424.1209 -38.5817 0.0000 0.0000
2240.03 16.07.2018 18.20.01 31.00659 298.0939 -87.5667 -0.1937 -1.0534 1.1463 86.3649 48.1460 367.4655 421.0845 -34.4330 0.0000 0.0000
2250.03 16.07.2018 18.30.01 30.98693 297.7090 -102.7461 -0.2273 -0.9432 0.9545 72.2542 40.2810 365.7318 418.0405 -30.2214 0.0000 0.0000
2260.03 16.07.2018 18.40.01 30.96218 297.3270 -116.4267 -0.2576 -0.8348 0.7696 53.2017 29.6325 364.0099 414.6278 -25.0799 0.0000 0.0000
2270.03 16.07.2018 18.50.01 30.93264 296.9425 -133.4406 -0.2952 -0.7291 0.5786 34.0403 18.9234 362.3235 411.7492 -17.5774 0.0000 0.0000
2280.03 16.07.2018 19.00.01 30.89758 296.5614 -149.6489 -0.3311 -0.6227 0.3888 15.0066 8.2889 360.5986 407.8916 -13.6394 0.0000 0.0000
2290.03 16.07.2018 19.10.01 30.85723 295.8163 -137.8616 -0.3050 -0.5181 0.2842 11.9082 6.5688 359.0226 404.8995 -13.4329 0.0000 0.0000
2300.03 16.07.2018 19.20.01 30.81802 295.0784 -126.2639 -0.2793 -0.4467 0.2232 9.7469 5.3781 357.5277 401.6740 -15.5814 0.0000 0.0000
2310.03 16.07.2018 19.30.01 30.77987 294.3533 -127.3339 -0.2817 -0.4094 0.1702 7.7645 4.2887 356.0972 398.8691 -16.5704 0.0000 0.0000
2320.03 16.07.2018 19.40.01 30.73965 293.6175 -137.7299 -0.3047 -0.3937 0.1187 5.2746 2.9142 354.7241 396.1516 -17.2963 0.0000 0.0000
2330.03 16.07.2018 19.50.01 30.69534 292.8851 -152.1419 -0.3366 -0.3865 0.0665 2.7876 1.5419 353.3644 393.4656 -18.1354 0.0000 0.0000
2340.03 16.07.2018 20.00.01 30.64575 292.1579 -167.4268 -0.3704 -0.3812 0.0144 0.3220 0.1823 352.0546 390.8173 -19.0265 0.0000 0.0000
2350.03 16.07.2018 20.10.01 30.59118 291.9451 -170.2379 -0.3766 -0.3785 0.0025 0.0550 0.0311 353.0875 389.1204 -19.2043 0.0000 0.0000
2360.03 16.07.2018 20.20.01 30.53454 291.7584 -175.3097 -0.3879 -0.3882 0.0005 0.0103 0.0058 354.2576 387.7006 -19.6059 0.0000 0.0000
2370.03 16.07.2018 20.30.01 30.47558 291.5842 -183.3961 -0.4057 -0.4058 0.0001 0.0018 0.0010 355.3899 386.4530 -20.0463 0.0000 0.0000
2380.03 16.07.2018 20.40.01 30.41369 291.4298 -192.6824 -0.4263 -0.4263 0.0000 0.0003 0.0002 356.5579 385.5590 -19.8065 0.0000 0.0000
2390.03 16.07.2018 20.50.01 30.34875 291.2610 -202.1709 -0.4473 -0.4473 0.0000 0.0001 0.0000 357.7447 384.7511 -19.9160 0.0000 0.0000
2400.03 16.07.2018 21.00.01 30.28057 291.0771 -212.4435 -0.4700 -0.4700 0.0000 0.0000 0.0000 358.9346 383.9302 -20.5231 0.0000 0.0000
2410.03 16.07.2018 21.10.01 30.20898 291.5239 -221.8582 -0.4908 -0.4908 0.0000 0.0000 0.0000 358.7368 383.6679 -18.0933 0.0000 0.0000
2420.03 16.07.2018 21.20.01 30.13482 291.9644 -228.0188 -0.5045 -0.5045 0.0000 0.0000 0.0000 358.6425 383.5893 -15.5322 0.0000 0.0000
2430.03 16.07.2018 21.30.01 30.05911 292.4027 -231.3731 -0.5119 -0.5119 0.0000 0.0000 0.0000 358.6455 383.7068 -12.8119 0.0000 0.0000
2440.03 16.07.2018 21.40.01 29.98272 292.8415 -232.3412 -0.5140 -0.5140 0.0000 0.0000 0.0000 358.7488 384.0151 -9.9315 0.0000 0.0000
2450.03 16.07.2018 21.50.01 29.90658 293.2841 -232.1941 -0.5137 -0.5137 0.0000 0.0000 0.0000 358.9363 384.5031 -6.9201 0.0000 0.0000
2460.03 16.07.2018 22.00.01 29.83059 293.7305 -230.6153 -0.5102 -0.5102 0.0000 0.0000 0.0000 359.2010 385.1585 -3.7943 0.0000 0.0000
2470.03 16.07.2018 22.10.01 29.75512 293.3948 -228.6328 -0.5058 -0.5058 0.0000 0.0000 0.0000 359.6335 385.2387 -4.5464 0.0000 0.0000
2480.03 16.07.2018 22.20.01 29.68005 293.1135 -228.7905 -0.5062 -0.5062 0.0000 0.0000 0.0000 360.0223 384.8449 -5.9466 0.0000 0.0000
2490.03 16.07.2018 22.30.01 29.60406 292.8929 -234.0096 -0.5177 -0.5177 0.0000 0.0000 0.0000 359.9439 384.0646 -8.1033 0.0000 0.0000
2500.03 16.07.2018 22.40.01 29.52548 292.6435 -243.2215 -0.5381 -0.5381 0.0000 0.0000 0.0000 360.0716 384.1437 -7.1381 0.0000 0.0000
2510.03 16.07.2018 22.50.01 29.44457 292.3080 -247.3116 -0.5471 -0.5471 0.0000 0.0000 0.0000 360.3245 383.7667 -7.8106 0.0000 0.0000
2520.03 16.07.2018 23.00.01 29.36291 291.8398 -249.3244 -0.5516 -0.5516 0.0000 0.0000 0.0000 360.2759 382.4908 -11.4289 0.0000 0.0000
2530.03 16.07.2018 23.10.01 29.28030 291.7429 -252.4979 -0.5586 -0.5586 0.0000 0.0000 0.0000 360.1083 382.0358 -11.3938 0.0000 0.0000
2540.03 16.07.2018 23.20.01 29.19653 291.6616 -256.6766 -0.5679 -0.5679 0.0000 0.0000 0.0000 360.0155 381.6089 -11.4292 0.0000 0.0000
2550.03 16.07.2018 23.30.01 29.11129 291.5801 -260.8664 -0.5771 -0.5771 0.0000 0.0000 0.0000 359.9381 381.2035 -11.4634 0.0000 0.0000
2560.03 16.07.2018 23.40.01 29.02474 291.5044 -264.4956 -0.5852 -0.5852 0.0000 0.0000 0.0000 359.8728 380.8471 -11.3855 0.0000 0.0000
2570.03 16.07.2018 23.50.01 28.93713 291.4265 -267.4620 -0.5917 -0.5917 0.0000 0.0000 0.0000 359.8099 380.4954 -11.3463 0.0000 0.0000
2580.03 17.07.2018 00.00.01 28.84860 291.3504 -269.8925 -0.5971 -0.5971 0.0000 0.0000 0.0000 359.7453 380.1409 -11.3513 0.0000 0.0000
2590.03 17.07.2018 00.10.01 28.75936 291.4851 -271.6688 -0.6010 -0.6010 0.0000 0.0000 0.0000 359.4228 380.0327 -10.2799 0.0000 0.0000
2600.03 17.07.2018 00.20.01 28.66964 291.6023 -272.9784 -0.6039 -0.6039 0.0000 0.0000 0.0000 359.0906 379.8151 -9.6801 0.0000 0.0000
2610.03 17.07.2018 00.30.01 28.57952 291.6921 -274.2242 -0.6067 -0.6067 0.0000 0.0000 0.0000 358.7571 379.5383 -9.3054 0.0000 0.0000
2620.03 17.07.2018 00.40.01 28.48892 291.7958 -274.1286 -0.6065 -0.6065 0.0000 0.0000 0.0000 358.5071 379.3299 -8.7473 0.0000 0.0000
2630.03 17.07.2018 00.50.01 28.39901 291.8258 -274.0433 -0.6063 -0.6063 0.0000 0.0000 0.0000 358.2231 379.0456 -8.5458 0.0000 0.0000
2640.03 17.07.2018 01.00.01 28.30926 291.8601 -273.4605 -0.6050 -0.6050 0.0000 0.0000 0.0000 357.9185 378.7622 -8.2707 0.0000 0.0000
2650.03 17.07.2018 01.10.01 28.21981 291.8050 -269.2796 -0.5958 -0.5958 0.0000 0.0000 0.0000 357.3778 378.7663 -6.7267 0.0000 0.0000
2660.03 17.07.2018 01.20.01 28.13281 291.4419 -259.4859 -0.5741 -0.5741 0.0000 0.0000 0.0000 356.7268 377.8170 -8.9168 0.0000 0.0000
2670.03 17.07.2018 01.30.01 28.04803 291.2925 -258.9501 -0.5729 -0.5729 0.0000 0.0000 0.0000 355.4659 376.5636 -11.5629 0.0000 0.0000
2680.03 17.07.2018 01.40.01 27.96115 291.2247 -268.6738 -0.5944 -0.5944 0.0000 0.0000 0.0000 354.6686 376.6005 -8.9332 0.0000 0.0000
2690.03 17.07.2018 01.50.01 27.87246 291.1952 -267.8272 -0.5925 -0.5925 0.0000 0.0000 0.0000 353.9828 376.1304 -8.5430 0.0000 0.0000
2700.03 17.07.2018 02.00.01 27.78570 291.1243 -258.8204 -0.5726 -0.5726 0.0000 0.0007 0.0004 352.9941 375.5872 -8.3802 0.0000 0.0000
2710.03 17.07.2018 02.10.01 27.70175 290.8075 -248.5480 -0.5499 -0.5590 0.0122 0.3936 0.2130 350.0665 374.3774 -9.4533 0.0000 0.0000
2720.03 17.07.2018 02.20.01 27.61950 290.4847 -247.6196 -0.5478 -0.5681 0.0270 0.8444 0.4584 347.0088 373.0480 -10.3616 0.0000 0.0000
2730.03 17.07.2018 02.30.01 27.53625 290.1657 -253.1978 -0.5602 -0.5918 0.0421 1.3037 0.7086 343.8637 371.5699 -11.2740 0.0000 0.0000
2740.03 17.07.2018 02.40.01 27.45077 289.8539 -260.1491 -0.5756 -0.6186 0.0573 1.7648 0.9598 340.7353 370.3681 -10.6934 0.0000 0.0000
2750.03 17.07.2018 02.50.01 27.36328 289.5246 -266.0145 -0.5885 -0.6430 0.0726 2.2261 1.2112 337.5817 369.0904 -10.3648 0.0000 0.0000
2760.03 17.07.2018 03.00.01 27.27358 289.1779 -273.7852 -0.6057 -0.6717 0.0880 2.6916 1.4648 334.3322 367.4880 -11.0401 0.0000 0.0000
2770.03 17.07.2018 03.10.01 27.18105 289.1470 -257.0384 -0.5687 -0.7038 0.1801 5.6330 3.0582 333.9302 366.9213 -10.3680 0.0000 0.0000
2780.03 17.07.2018 03.20.01 27.09255 289.1242 -241.7256 -0.5348 -0.7512 0.2885 8.9394 4.8583 333.8194 366.6013 -10.1416 0.0000 0.0000
2790.03 17.07.2018 03.30.01 27.00820 289.1017 -230.6170 -0.5102 -0.8097 0.3994 12.2996 6.6889 333.7973 366.3791 -10.2106 0.0000 0.0000
2800.03 17.07.2018 03.40.01 26.92700 289.0843 -222.0038 -0.4912 -0.8742 0.5107 15.6707 8.5257 333.8454 366.3064 -10.2273 0.0000 0.0000
2810.03 17.07.2018 03.50.01 26.84847 289.0718 -214.5217 -0.4746 -0.9412 0.6221 19.0438 10.3636 333.9675 366.3232 -10.3743 0.0000 0.0000
2820.03 17.07.2018 04.00.01 26.77230 289.0660 -207.3503 -0.4587 -1.0089 0.7336 22.4189 12.2026 334.1290 366.4186 -10.6002 0.0000 0.0000
2830.03 17.07.2018 04.10.01 26.69848 289.4509 -189.5968 -0.4195 -1.0774 0.8773 26.8314 14.6030 334.2793 367.1135 -9.1589 0.0000 0.0000
2840.03 17.07.2018 04.20.01 26.62942 289.8402 -175.5083 -0.3883 -1.1591 1.0277 31.3969 17.0900 334.5055 367.9980 -7.7794 0.0000 0.0000
2850.03 17.07.2018 04.30.01 26.56436 290.2305 -164.4806 -0.3639 -1.2483 1.1792 35.9850 19.5898 334.7830 369.0299 -6.4458 0.0000 0.0000
2860.03 17.07.2018 04.40.01 26.50265 290.6225 -154.3302 -0.3414 -1.3396 1.3309 40.5776 22.0921 335.1076 370.2006 -5.1457 0.0000 0.0000
2870.03 17.07.2018 04.50.01 26.44427 291.0152 -144.5968 -0.3199 -1.4319 1.4827 56.2871 30.2251 335.4729 371.7515 -4.5145 0.0000 0.0000
2880.03 17.07.2018 05.00.01 26.38912 291.4124 -126.5174 -0.2799 -1.5234 1.6580 63.4918 34.0723 335.9898 373.5470 -4.3113 0.0000 0.0000
2890.03 17.07.2018 05.10.01 26.33917 291.7938 -136.2471 -0.3014 -1.6228 1.7619 154.5876 80.2349 337.0457 377.3296 -8.1907 0.0000 0.0000
2900.03 17.07.2018 05.20.01 26.28842 292.1968 -65.5231 -0.1450 -1.6978 2.0704 249.0134 128.2411 339.1502 384.4036 -17.8466 0.0000 0.0000
2910.03 17.07.2018 05.30.01 26.25558 292.6099 5.9025 0.0131 -1.8372 2.4670 344.2521 176.6842 341.8805 393.5045 -30.2285 0.0000 0.0000
2920.03 17.07.2018 05.40.01 26.24111 293.0310 59.5373 0.1317 -2.0378 2.8927 341.9238 175.9292 344.9229 401.8648 -39.8518 0.0000 0.0000
2930.03 17.07.2018 05.50.01 26.24059 293.4337 4.2532 0.0094 -2.2769 3.0485 333.8598 171.9362 346.9399 407.4039 -44.3329 0.0000 0.0000
2940.03 17.07.2018 06.00.01 26.22885 293.8292 -32.8685 -0.0727 -2.4333 3.1475 324.7184 167.3392 348.6042 411.9641 -47.0896 0.0000 0.0000
2950.03 17.07.2018 06.10.01 26.20971 294.0550 -34.2798 -0.0758 -2.5339 3.2774 319.4891 164.7566 350.2690 415.6229 -51.0004 0.0000 0.0000
2960.03 17.07.2018 06.20.01 26.19116 294.2773 -8.4049 -0.0186 -2.6230 3.4725 315.8462 163.0766 352.1228 418.9115 -54.6556 0.0000 0.0000
2970.03 17.07.2018 06.30.01 26.17953 294.4989 -0.6070 -0.0013 -2.7293 3.6373 311.6104 161.0632 353.8543 421.5970 -57.5102 0.0000 0.0000
2980.03 17.07.2018 06.40.01 26.17092 294.7189 13.6842 0.0303 -2.8310 3.8150 310.4993 160.6412 355.6164 423.9416 -60.1317 0.0000 0.0000
2990.03 17.07.2018 06.50.01 26.16885 294.9413 372.4892 0.8241 -2.9342 5.0110 317.8987 164.5570 357.4102 426.8106 -64.2205 0.0000 0.0000
3000.03 17.07.2018 07.00.01 26.25225 295.1611 606.1500 1.3410 -3.4251 6.3548 326.2319 168.9214 359.1774 429.5627 -68.2017 0.0000 0.0000
3010.03 17.07.2018 07.10.01 26.39306 295.3724 714.7334 1.5813 -4.1462 7.6367 334.8304 173.2785 360.4797 431.5649 -73.9839 0.0000 0.0000
3020.03 17.07.2018 07.20.01 26.56271 295.5854 779.5696 1.7247 -4.9499 8.8994 343.6523 177.7840 361.7294 433.3863 -79.3004 0.0000 0.0000
3030.03 17.07.2018 07.30.01 26.75079 295.7963 804.4622 1.7798 -5.7864 10.0882 351.4948 181.7577 362.9529 434.8775 -84.5206 0.0000 0.0000
3040.03 17.07.2018 07.40.01 26.94802 296.0072 835.8313 1.8492 -6.6125 11.2823 360.4204 186.3268 364.1532 436.3035 -89.5665 0.0000 0.0000
3050.03 17.07.2018 07.50.01 27.15560 296.2206 851.6224 1.8841 -7.4379 12.4294 368.8569 190.6379 365.3205 437.6303 -93.8431 0.0000 0.0000
3060.03 17.07.2018 08.00.01 27.36947 296.4318 813.7943 1.8004 -8.2468 13.3963 382.8228 198.4024 366.2917 439.6850 -99.1932 0.0000 0.0000
3070.03 17.07.2018 08.10.01 27.57742 296.5671 856.5654 1.8951 -8.9820 14.5027 391.2391 202.6333 367.5411 440.8592 -103.0664 0.0000 0.0000
3080.03 17.07.2018 08.20.01 27.79736 296.6976 862.4628 1.9081 -9.7395 15.5302 398.3057 206.1139 368.5340 441.6385 -107.6884 0.0000 0.0000
3090.03 17.07.2018 08.30.01 28.02093 296.8276 878.3788 1.9433 -10.4777 16.5613 405.4418 209.6334 369.6718 442.4508 -112.1645 0.0000 0.0000
3100.03 17.07.2018 08.40.01 28.25036 296.9604 884.1635 1.9561 -11.2090 17.5534 412.6798 213.2327 370.6716 443.3711 -114.9045 0.0000 0.0000
3110.03 17.07.2018 08.50.01 28.48315 297.0905 883.3557 1.9543 -11.9221 18.5019 419.3569 216.5282 371.5892 444.0225 -118.9868 0.0000 0.0000
3120.03 17.07.2018 09.00.01 28.71725 297.2188 816.0750 1.8055 -12.6108 19.2217 422.5911 217.9322 372.2486 444.3033 -122.2562 0.0000 0.0000
3130.03 17.07.2018 09.10.01 28.93630 297.2179 592.8720 1.3117 -13.2040 19.3542 419.9940 217.2350 373.6396 445.2119 -123.1656 0.0000 0.0000
3140.03 17.07.2018 09.20.01 29.10375 297.2179 407.5179 0.9016 -13.5320 19.2448 414.1553 214.7752 374.9152 445.8473 -122.0562 0.0000 0.0000
3150.03 17.07.2018 09.30.01 29.22790 297.2208 270.7815 0.5991 -13.6475 18.9954 407.9105 212.1771 376.2528 446.3997 -121.0508 0.0000 0.0000
3160.03 17.07.2018 09.40.01 29.31988 297.2343 224.6741 0.4971 -13.6108 18.8105 404.2887 210.8443 377.4530 447.1740 -118.6985 0.0000 0.0000
3170.03 17.07.2018 09.50.01 29.40035 297.2730 163.0388 0.3607 -13.5271 18.5170 400.1059 209.2570 378.6875 447.9946 -116.8490 0.0000 0.0000
3180.03 17.07.2018 10.00.01 29.46575 297.2648 77.3226 0.1711 -13.3776 18.0648 394.8012 207.1157 379.8274 448.4938 -116.1632 0.0000 0.0000
3190.03 17.07.2018 10.10.01 29.51116 297.3315 123.1440 0.2724 -13.1354 17.8771 388.0204 203.6456 380.1113 448.3700 -114.5547 0.0000 0.0000
3200.03 17.07.2018 10.20.01 29.56671 297.3980 135.8992 0.3007 -12.9512 17.6691 381.6358 200.4286 380.5147 448.2775 -113.0574 0.0000 0.0000
3210.03 17.07.2018 10.30.01 29.62484 297.4635 104.9338 0.2322 -12.7834 17.3540 373.5899 196.2954 380.6881 447.9246 -111.0475 0.0000 0.0000
3220.03 17.07.2018 10.40.01 29.67574 297.5282 105.8527 0.2342 -12.5820 17.0882 366.9285 192.8825 380.8497 447.5734 -109.2445 0.0000 0.0000
3230.03 17.07.2018 10.50.01 29.72701 297.5929 94.3749 0.2088 -12.3779 16.7823 360.0024 189.3412 380.9985 447.1887 -107.2454 0.0000 0.0000
3240.03 17.07.2018 11.00.01 29.77474 297.6585 62.5332 0.1383 -12.1643 16.4036 352.6472 185.5961 381.1557 446.7671 -105.1581 0.0000 0.0000
3250.03 17.07.2018 11.10.01 29.81631 297.7752 301.5313 0.6671 -11.9232 16.7871 358.0883 188.2562 381.3926 447.0934 -104.6577 0.0000 0.0000
3260.03 17.07.2018 11.20.01 29.91424 297.8928 444.9378 0.9844 -11.9520 17.2485 365.5667 192.0800 382.0066 447.9871 -105.1983 0.0000 0.0000
3270.03 17.07.2018 11.30.01 30.04702 298.0110 519.5675 1.1495 -12.1319 17.7085 373.4215 196.1304 382.7895 449.0756 -106.3518 0.0000 0.0000
3280.03 17.07.2018 11.40.01 30.19869 298.1256 557.1539 1.2326 -12.3810 18.1515 381.1452 200.1029 383.6040 450.2616 -107.7212 0.0000 0.0000
3290.03 17.07.2018 11.50.01 30.36038 298.2396 575.8999 1.2741 -12.6572 18.5751 388.9158 204.1181 384.4403 451.4951 -109.5654 0.0000 0.0000
3300.03 17.07.2018 12.00.01 30.52740 298.3552 555.5235 1.2290 -12.9403 18.8925 395.5848 207.5541 385.2651 452.6351 -111.5924 0.0000 0.0000
3310.03 17.07.2018 12.10.01 30.68850 298.3254 207.1722 0.4583 -13.1820 18.1872 387.7217 203.9601 386.3098 453.1694 -112.1068 0.0000 0.0000
3320.03 17.07.2018 12.20.01 30.76742 298.2949 -10.3334 -0.0229 -13.0280 17.3402 380.4087 200.8031 386.8942 453.4687 -111.9266 0.0000 0.0000
3330.03 17.07.2018 12.30.01 30.79379 298.2632 -135.9684 -0.3008 -12.6434 16.4568 374.8223 198.7096 387.2753 453.8107 -111.8032 0.0000 0.0000
3340.03 17.07.2018 12.40.01 30.78878 298.2317 -196.5063 -0.4347 -12.1386 15.6052 368.5702 196.1572 387.5755 453.9331 -111.2238 0.0000 0.0000
3350.03 17.07.2018 12.50.01 30.76763 298.2004 -235.7969 -0.5217 -11.5878 14.7548 361.1282 192.8899 387.8114 453.8473 -110.0840 0.0000 0.0000
3360.03 17.07.2018 13.00.01 30.73553 298.1687 -245.9319 -0.5441 -11.0135 13.9593 354.0445 189.7956 388.2019 453.7195 -109.0530 0.0000 0.0000
3370.03 17.07.2018 13.10.01 30.70034 298.0986 -102.3677 -0.2265 -10.4514 13.6333 351.3680 188.5435 387.4506 452.8920 -109.7794 0.0000 0.0000
3380.03 17.07.2018 13.20.01 30.69750 298.0298 -25.3512 -0.0561 -10.0697 13.3515 350.2066 188.1672 386.7440 452.1911 -110.9650 0.0000 0.0000
3390.03 17.07.2018 13.30.01 30.71200 297.9606 0.3409 0.0008 -9.7842 13.0466 348.8512 187.6918 386.0297 451.4079 -112.1062 0.0000 0.0000
3400.03 17.07.2018 13.40.01 30.73208 297.8800 8.2722 0.0183 -9.5321 12.7338 347.8276 187.3979 385.2601 450.6464 -113.0211 0.0000 0.0000
3410.03 17.07.2018 13.50.01 30.75372 297.7896 3.1500 0.0070 -9.2927 12.3996 346.9811 187.2264 384.4797 449.9026 -113.9735 0.0000 0.0000
3420.03 17.07.2018 14.00.01 30.77371 297.6969 -17.2972 -0.0383 -9.0510 12.0170 345.7605 186.8665 383.7086 449.0856 -114.9192 0.0000 0.0000
3430.03 17.07.2018 14.10.01 30.78875 297.5679 25.4503 0.0563 -8.7941 11.8006 349.3950 189.0594 381.3337 448.3468 -116.2179 0.0000 0.0000
3440.03 17.07.2018 14.20.01 30.81289 297.4384 20.4890 0.0453 -8.5961 11.5219 353.2130 191.4094 378.7732 447.4936 -117.7586 0.0000 0.0000
3450.03 17.07.2018 14.30.01 30.83492 297.3140 1.8435 0.0041 -8.4025 11.2088 357.7329 194.2064 376.2948 446.6253 -119.7878 0.0000 0.0000
3460.03 17.07.2018 14.40.01 30.85174 297.1906 -1.9299 -0.0043 -8.1985 10.9256 365.2746 198.7219 373.9582 446.0275 -122.5980 0.0000 0.0000
3470.03 17.07.2018 14.50.01 30.86657 297.0693 -51.7701 -0.1145 -7.9988 10.5123 371.5612 202.5827 371.5134 445.3255 -125.2078 0.0000 0.0000
3480.03 17.07.2018 15.00.01 30.86865 296.9485 -124.0065 -0.2744 -7.7515 9.9695 377.2196 206.1651 369.0344 444.6049 -127.6859 0.0000 0.0000
3490.03 17.07.2018 15.10.01 30.85229 296.7649 -245.7629 -0.5437 -7.4392 9.1939 368.1954 201.7456 367.6493 443.4162 -126.2897 0.0000 0.0000
3500.03 17.07.2018 15.20.01 30.80691 296.5810 -333.1520 -0.7371 -6.9993 8.3497 356.6406 195.8594 366.1190 441.8289 -123.7707 0.0000 0.0000
3510.03 17.07.2018 15.30.01 30.73959 296.3974 -386.6773 -0.8555 -6.4778 7.4964 344.0504 189.3591 364.4214 440.0092 -120.7223 0.0000 0.0000
3520.03 17.07.2018 15.40.01 30.65826 296.2124 -396.8898 -0.8781 -5.9161 6.7174 331.9700 183.1268 362.8625 438.1689 -117.7479 0.0000 0.0000
3530.03 17.07.2018 15.50.01 30.57272 296.0276 -420.5422 -0.9304 -5.3628 5.9098 318.2514 175.9333 361.1811 436.0684 -114.0932 0.0000 0.0000
3540.03 17.07.2018 16.00.01 30.48010 295.8417 -436.6143 -0.9660 -4.8017 5.1143 304.2433 168.5568 359.5168 433.8401 -110.2890 0.0000 0.0000
3550.03 17.07.2018 16.10.01 30.38214 295.5911 -433.4662 -0.9590 -4.2420 4.3774 290.9119 161.4936 357.5487 431.3055 -107.1992 0.0000 0.0000
3560.03 17.07.2018 16.20.01 30.28317 295.3397 -426.3201 -0.9432 -3.7067 3.6847 277.6927 154.4645 355.5563 428.6731 -104.0072 0.0000 0.0000
3570.03 17.07.2018 16.30.01 30.18450 295.0877 -395.2608 -0.8745 -3.1996 3.1002 266.0350 148.2904 353.7736 426.1589 -101.1553 0.0000 0.0000
3580.03 17.07.2018 16.40.01 30.09228 294.8358 -252.9008 -0.5595 -2.7455 2.9147 255.0553 142.2743 351.8868 423.6512 -98.2510 0.0000 0.0000
3590.03 17.07.2018 16.50.01 30.03204 294.5838 -181.2077 -0.4009 -2.4681 2.7563 243.8801 136.1203 350.0001 421.0889 -95.1691 0.0000 0.0000
3600.03 17.07.2018 17.00.01 29.98776 294.3315 -164.2213 -0.3633 -2.2811 2.5571 231.2083 129.0994 347.9866 418.3264 -91.5730 0.0000 0.0000
3610.03 17.07.2018 17.10.01 29.94686 294.0634 -154.8241 -0.3425 -2.1210 2.3713 216.9181 121.1897 346.3750 415.5450 -87.5116 0.0000 0.0000
3620.03 17.07.2018 17.20.01 29.90750 293.7952 -161.2691 -0.3568 -1.9792 2.1632 201.7253 112.7554 344.7218 412.6287 -83.1173 0.0000 0.0000
3630.03 17.07.2018 17.30.01 29.86590 293.5273 -171.0776 -0.3785 -1.8384 1.9466 185.9826 103.9978 343.0376 409.6059 -78.5214 0.0000 0.0000
3640.03 17.07.2018 17.40.01 29.82131 293.2586 -172.7265 -0.3821 -1.6968 1.7528 166.3063 92.9993 341.3941 406.2915 -72.9397 0.0000 0.0000
3650.03 17.07.2018 17.50.01 29.77535 292.9882 -184.8631 -0.4090 -1.5643 1.5404 146.3581 81.8517 339.7044 402.8877 -66.9903 0.0000 0.0000
3660.03 17.07.2018 18.00.01 29.72555 292.7190 -196.1122 -0.4339 -1.4299 1.3280 126.1027 70.5195 337.9827 399.4058 -60.7759 0.0000 0.0000
3670.03 17.07.2018 18.10.01 29.67211 292.4008 -194.7870 -0.4309 -1.2955 1.1527 111.1370 62.1543 336.7721 396.6224 -54.3663 0.0000 0.0000
3680.03 17.07.2018 18.20.01 29.61801 292.0860 -196.3565 -0.4344 -1.1744 0.9867 96.2548 53.8323 335.6368 393.8901 -48.5156 0.0000 0.0000
3690.03 17.07.2018 18.30.01 29.56243 291.7721 -200.7496 -0.4441 -1.0650 0.8278 81.4441 45.5481 334.5332 391.1511 -43.0874 0.0000 0.0000
3700.03 17.07.2018 18.40.01 29.50466 291.4570 -206.0204 -0.4558 -0.9655 0.6796 60.6539 33.8957 333.4722 388.0024 -36.7334 0.0000 0.0000
3710.03 17.07.2018 18.50.01 29.44439 291.1398 -218.1993 -0.4827 -0.8749 0.5229 39.7062 22.1552 332.3827 384.6805 -30.4776 0.0000 0.0000
3720.03 17.07.2018 19.00.01 29.38003 290.8218 -230.2945 -0.5095 -0.7856 0.3681 18.9087 10.5024 331.2893 381.2461 -24.4884 0.0000 0.0000
3730.03 17.07.2018 19.10.01 29.31161 290.4221 -224.9376 -0.4976 -0.6993 0.2689 15.5509 8.6342 330.0154 378.6644 -22.9544 0.0000 0.0000
3740.03 17.07.2018 19.20.01 29.24285 290.0256 -217.1070 -0.4803 -0.6390 0.2116 13.0499 7.2485 328.8361 376.3645 -22.0304 0.0000 0.0000
3750.03 17.07.2018 19.30.01 29.17434 289.6292 -219.1332 -0.4848 -0.6067 0.1626 10.7329 5.9670 327.6927 374.1825 -21.3469 0.0000 0.0000
3760.03 17.07.2018 19.40.01 29.10388 289.2342 -227.9988 -0.5044 -0.5905 0.1148 7.2607 4.0365 326.5645 371.9995 -20.6006 0.0000 0.0000
3770.03 17.07.2018 19.50.01 29.02987 288.8382 -240.7669 -0.5327 -0.5818 0.0655 3.7876 2.1066 325.4320 369.8444 -19.9763 0.0000 0.0000
3780.03 17.07.2018 20.00.01 28.95141 288.4421 -254.8239 -0.5638 -0.5758 0.0161 0.3570 0.2021 324.3038 367.7372 -19.4044 0.0000 0.0000
3790.03 17.07.2018 20.10.01 28.86813 288.0417 -256.4152 -0.5673 -0.5695 0.0029 0.0642 0.0363 323.3403 365.9996 -19.0494 0.0000 0.0000
3800.03 17.07.2018 20.20.01 28.78341 287.6491 -260.4153 -0.5761 -0.5765 0.0005 0.0116 0.0066 322.4429 364.4023 -18.9109 0.0000 0.0000
3810.03 17.07.2018 20.30.01 28.69662 287.2591 -267.4392 -0.5917 -0.5918 0.0001 0.0021 0.0012 321.5838 362.9141 -18.7922 0.0000 0.0000
3820.03 17.07.2018 20.40.01 28.60717 286.8691 -276.4703 -0.6117 -0.6117 0.0000 0.0004 0.0002 320.7456 361.5117 -18.6966 0.0000 0.0000
3830.03 17.07.2018 20.50.01 28.51455 286.4812 -286.2204 -0.6332 -0.6332 0.0000 0.0001 0.0000 319.9254 360.1586 -18.7122 0.0000 0.0000
3840.03 17.07.2018 21.00.01 28.41870 286.0974 -296.5596 -0.6561 -0.6561 0.0000 0.0000 0.0000 319.1160 358.8788 -18.6756 0.0000 0.0000
3850.03 17.07.2018 21.10.01 28.31945 285.9287 -306.3704 -0.6778 -0.6778 0.0000 0.0000 0.0000 318.7201 358.1276 -17.2142 0.0000 0.0000
3860.03 17.07.2018 21.20.01 28.21716 285.7360 -315.0565 -0.6970 -0.6970 0.0000 0.0000 0.0000 318.3810 357.3766 -16.2524 0.0000 0.0000
3870.03 17.07.2018 21.30.01 28.11205 285.5400 -323.5548 -0.7158 -0.7158 0.0000 0.0000 0.0000 317.9781 356.5062 -15.9316 0.0000 0.0000
3880.03 17.07.2018 21.40.01 28.00414 285.3334 -331.7559 -0.7340 -0.7340 0.0000 0.0000 0.0000 317.6093 355.7002 -15.5035 0.0000 0.0000
3890.03 17.07.2018 21.50.01 27.89379 285.1555 -338.4124 -0.7487 -0.7487 0.0000 0.0000 0.0000 317.2587 354.9016 -15.2415 0.0000 0.0000
3900.03 17.07.2018 22.00.01 27.78155 285.0183 -343.4656 -0.7599 -0.7599 0.0000 0.0000 0.0000 316.9823 354.1098 -15.1338 0.0000 0.0000
3910.03 17.07.2018 22.10.01 27.66781 284.9443 -347.2259 -0.7682 -0.7682 0.0000 0.0000 0.0000 316.6588 353.3556 -14.9782 0.0000 0.0000
3920.03 17.07.2018 22.20.01 27.55285 284.8679 -351.4001 -0.7774 -0.7774 0.0000 0.0000 0.0000 316.3232 352.6132 -14.8723 0.0000 0.0000
3930.03 17.07.2018 22.30.01 27.43649 284.7944 -355.4949 -0.7865 -0.7865 0.0000 0.0000 0.0000 315.9868 351.8943 -14.7678 0.0000 0.0000
3940.03 17.07.2018 22.40.01 27.31881 284.7411 -359.2834 -0.7949 -0.7949 0.0000 0.0000 0.0000 315.6437 351.2309 -14.5312 0.0000 0.0000
3950.03 17.07.2018 22.50.01 27.20001 284.6784 -362.6978 -0.8024 -0.8024 0.0000 0.0000 0.0000 315.2945 350.5816 -14.3313 0.0000 0.0000
3960.03 17.07.2018 23.00.01 27.08013 284.6098 -365.8620 -0.8094 -0.8094 0.0000 0.0000 0.0000 314.9444 349.9455 -14.1626 0.0000 0.0000
3970.03 17.07.2018 23.10.01 26.95928 284.5658 -368.6194 -0.8155 -0.8155 0.0000 0.0000 0.0000 314.5180 349.4434 -13.5390 0.0000 0.0000
3980.03 17.07.2018 23.20.01 26.83752 284.6258 -370.4680 -0.8196 -0.8196 0.0000 0.0000 0.0000 314.1111 349.2106 -12.0782 0.0000 0.0000
3990.03 17.07.2018 23.30.01 26.71526 284.5785 -371.9426 -0.8229 -0.8229 0.0000 0.0000 0.0000 313.6774 348.7234 -11.7123 0.0000 0.0000
4000.03 17.07.2018 23.40.01 26.59258 284.5254 -373.8555 -0.8271 -0.8271 0.0000 0.0000 0.0000 313.2782 348.2950 -11.2481 0.0000 0.0000
4010.03 17.07.2018 23.50.01 26.46911 284.4182 -375.3342 -0.8304 -0.8304 0.0000 0.0000 0.0000 312.8911 347.8073 -11.0713 0.0000 0.0000
4020.03 18.07.2018 00.00.01 26.34518 284.3229 -377.4940 -0.8352 -0.8352 0.0000 0.0000 0.0000 312.5033 347.3217 -10.8735 0.0000 0.0000
4030.03 18.07.2018 00.10.01 26.22067 284.3093 -378.7090 -0.8379 -0.8379 0.0000 0.0000 0.0000 312.2011 346.9148 -10.3258 0.0000 0.0000
4040.03 18.07.2018 00.20.01 26.09615 284.1588 -378.2666 -0.8369 -0.8369 0.0000 0.0000 0.0000 311.8776 346.3363 -10.5278 0.0000 0.0000
4050.03 18.07.2018 00.30.01 25.97164 283.9021 -378.9711 -0.8384 -0.8384 0.0000 0.0000 0.0000 311.4900 345.5313 -11.5842 0.0000 0.0000
4060.03 18.07.2018 00.40.01 25.84643 283.6124 -382.0963 -0.8453 -0.8453 0.0000 0.0000 0.0000 311.1523 344.7374 -12.5002 0.0000 0.0000
4070.03 18.07.2018 00.50.01 25.72021 283.4342 -385.2334 -0.8523 -0.8523 0.0000 0.0000 0.0000 310.9495 344.0375 -13.1573 0.0000 0.0000
4080.03 18.07.2018 01.00.01 25.59258 283.3596 -390.2469 -0.8634 -0.8634 0.0000 0.0000 0.0000 310.6787 343.3987 -13.4474 0.0000 0.0000
4090.03 18.07.2018 01.10.01 25.46331 283.2414 -394.2159 -0.8722 -0.8722 0.0000 0.0000 0.0000 310.3714 342.7092 -13.7624 0.0000 0.0000
4100.03 18.07.2018 01.20.01 25.33331 283.1265 -393.9590 -0.8716 -0.8716 0.0000 0.0000 0.0000 310.0059 342.0323 -13.9843 0.0000 0.0000
4110.03 18.07.2018 01.30.01 25.20406 283.0241 -392.5470 -0.8685 -0.8685 0.0000 0.0000 0.0000 309.6260 341.3722 -14.1585 0.0000 0.0000
4120.03 18.07.2018 01.40.01 25.07537 282.9460 -389.5787 -0.8619 -0.8619 0.0000 0.0000 0.0000 309.2672 340.8038 -14.0187 0.0000 0.0000
4130.03 18.07.2018 01.50.01 24.94781 282.8689 -385.5422 -0.8530 -0.8530 0.0000 0.0000 0.0000 308.9037 340.2568 -13.8723 0.0000 0.0000
4140.03 18.07.2018 02.00.01 24.82165 282.7876 -381.6765 -0.8444 -0.8444 0.0000 0.0005 0.0002 308.5065 339.7119 -13.7444 0.0000 0.0000
4150.03 18.07.2018 02.10.01 24.69668 282.9260 -375.6779 -0.8311 -0.8375 0.0084 0.2712 0.1467 308.3027 339.6293 -12.2032 0.0000 0.0000
4160.03 18.07.2018 02.20.01 24.57330 283.0414 -370.3937 -0.8195 -0.8334 0.0186 0.5817 0.3158 308.1359 339.4680 -11.1963 0.0000 0.0000
4170.03 18.07.2018 02.30.01 24.45153 283.1668 -365.7560 -0.8092 -0.8310 0.0290 0.8981 0.4882 308.0343 339.3620 -10.2276 0.0000 0.0000
4180.03 18.07.2018 02.40.01 24.33141 283.3046 -362.0609 -0.8010 -0.8306 0.0395 1.2157 0.6612 307.9854 339.3304 -9.2178 0.0000 0.0000
4190.03 18.07.2018 02.50.01 24.21243 283.4245 -358.5220 -0.7932 -0.8307 0.0500 1.5335 0.8344 307.9211 339.2997 -8.3716 0.0000 0.0000
4200.03 18.07.2018 03.00.01 24.09435 283.5461 -355.4845 -0.7865 -0.8319 0.0606 1.8553 1.0097 307.8507 339.2837 -7.5806 0.0000 0.0000
4210.03 18.07.2018 03.10.01 23.97732 283.9042 -327.6751 -0.7249 -0.8331 0.1443 4.5309 2.4587 308.1464 339.8112 -5.9885 0.0000 0.0000
4220.03 18.07.2018 03.20.01 23.86730 284.2568 -306.1018 -0.6772 -0.8597 0.2433 7.5535 4.1043 308.5811 340.4926 -4.7006 0.0000 0.0000
4230.03 18.07.2018 03.30.01 23.76296 284.6031 -291.4071 -0.6447 -0.9032 0.3447 10.6272 5.7788 309.0829 341.2604 -3.5996 0.0000 0.0000
4240.03 18.07.2018 03.40.01 23.66274 284.9448 -280.5093 -0.6206 -0.9555 0.4466 13.7114 7.4592 309.6286 342.0978 -2.6369 0.0000 0.0000
4250.03 18.07.2018 03.50.01 23.56573 285.2863 -271.4676 -0.6006 -1.0120 0.5485 16.7973 9.1406 310.2096 342.9976 -1.7694 0.0000 0.0000
4260.03 18.07.2018 04.00.01 23.47158 285.6260 -263.2647 -0.5824 -1.0703 0.6505 19.8840 10.8225 310.8172 343.9504 -0.9848 0.0000 0.0000
4270.03 18.07.2018 04.10.01 23.38006 285.9183 -252.6566 -0.5590 -1.1290 0.7600 23.2148 12.6364 311.9188 344.9862 -0.6391 0.0000 0.0000
4280.03 18.07.2018 04.20.01 23.29180 286.2089 -242.9026 -0.5374 -1.1907 0.8711 26.5816 14.4707 313.0706 346.0833 -0.4150 0.0000 0.0000
4290.03 18.07.2018 04.30.01 23.20663 286.5118 -233.9022 -0.5175 -1.2544 0.9825 29.9537 16.3081 314.2356 347.2384 -0.2065 0.0000 0.0000
4300.03 18.07.2018 04.40.01 23.12435 286.8302 -225.1793 -0.4982 -1.3186 1.0939 33.3269 18.1460 315.4275 348.4570 0.0222 0.0000 0.0000
4310.03 18.07.2018 04.50.01 23.04498 287.1569 -216.2769 -0.4785 -1.3825 1.2054 57.1109 30.3214 316.6472 350.2600 -0.3135 0.0000 0.0000
4320.03 18.07.2018 05.00.01 22.96865 287.4994 -192.2706 -0.4254 -1.4451 1.3596 64.5646 34.2660 318.0983 352.4507 -0.9479 0.0000 0.0000
4330.03 18.07.2018 05.10.01 22.89889 287.9253 -190.7923 -0.4221 -1.5225 1.4672 182.4737 93.9766 319.6305 357.2983 -4.0841 0.0000 0.0000
4340.03 18.07.2018 05.20.01 22.83111 288.4172 -91.9673 -0.2035 -1.5872 1.8450 304.8023 156.1350 322.5646 366.8671 -12.7330 0.0000 0.0000
4350.03 18.07.2018 05.30.01 22.78826 288.9420 4.1993 0.0093 -1.7447 2.3387 428.1852 218.8612 326.3413 379.2745 -26.4539 0.0000 0.0000
4360.03 18.07.2018 05.40.01 22.77007 289.4685 70.1511 0.1552 -1.9842 2.8526 410.0567 210.2163 330.4543 390.3840 -38.4049 0.0000 0.0000
4370.03 18.07.2018 05.50.01 22.76919 289.9454 -5.4256 -0.0120 -2.2667 3.0063 384.4710 197.3690 333.0682 396.7902 -46.1696 0.0000 0.0000
4380.03 18.07.2018 06.00.01 22.75305 290.4039 -62.8789 -0.1391 -2.4349 3.0610 357.0839 183.5129 335.0384 401.1615 -52.1059 0.0000 0.0000
4390.03 18.07.2018 06.10.01 22.72537 290.7630 -68.1412 -0.1508 -2.5175 3.1556 345.2244 177.5287 336.5321 404.5521 -55.8645 0.0000 0.0000
4400.03 18.07.2018 06.20.01 22.69793 291.1247 -34.4912 -0.0763 -2.5789 3.3367 335.4682 172.7411 338.2939 407.6661 -58.8616 0.0000 0.0000
4410.03 18.07.2018 06.30.01 22.67974 291.4871 -3.9723 -0.0088 -2.6616 3.5371 326.3362 168.3127 340.1230 410.2145 -61.0070 0.0000 0.0000
4420.03 18.07.2018 06.40.01 22.67028 291.8481 14.2477 0.0315 -2.7593 3.7211 322.3558 166.4499 341.9192 412.3522 -62.3394 0.0000 0.0000
4430.03 18.07.2018 06.50.01 22.66903 292.2141 429.9739 0.9513 -2.8571 5.0778 328.4090 169.7226 343.7892 415.2292 -65.2647 0.0000 0.0000
4440.03 18.07.2018 07.00.01 22.76678 292.5761 642.3317 1.4211 -3.4008 6.4292 333.4158 172.3718 345.4897 417.7607 -67.8004 0.0000 0.0000
4450.03 18.07.2018 07.10.01 22.91778 292.8264 786.2828 1.7396 -4.1443 7.8452 339.3719 175.7394 347.3375 420.2540 -71.7345 0.0000 0.0000
4460.03 18.07.2018 07.20.01 23.10589 293.0771 811.4502 1.7952 -5.0076 9.0705 343.4935 178.1501 349.0937 422.2648 -75.4607 0.0000 0.0000
4470.03 18.07.2018 07.30.01 23.30328 293.3240 781.1255 1.7282 -5.8539 10.1094 345.8243 179.6265 350.8028 423.8331 -78.8808 0.0000 0.0000
4480.03 18.07.2018 07.40.01 23.49722 293.5705 779.4962 1.7246 -6.6251 11.1329 351.8528 182.9876 352.4361 425.3075 -82.2222 0.0000 0.0000
4490.03 18.07.2018 07.50.01 23.69363 293.8188 762.3990 1.6867 -7.3578 12.0594 357.3234 186.0872 354.1258 426.7183 -85.4999 0.0000 0.0000
4500.03 18.07.2018 08.00.01 23.88845 294.0646 686.7374 1.5193 -8.0372 12.7420 366.2102 191.4216 355.6012 428.6192 -89.0852 0.0000 0.0000
4510.03 18.07.2018 08.10.01 24.06744 294.1834 538.9545 1.1924 -8.6013 13.0582 359.7709 188.6156 357.2729 429.3296 -91.0086 0.0000 0.0000
4520.03 18.07.2018 08.20.01 24.21319 294.2990 377.0284 0.8341 -8.9764 13.0807 349.8555 183.9453 358.5442 429.2760 -91.3955 0.0000 0.0000
4530.03 18.07.2018 08.30.01 24.32192 294.4143 236.8220 0.5239 -9.1545 12.9045 338.2486 178.4095 359.7147 428.8622 -90.8665 0.0000 0.0000
4540.03 18.07.2018 08.40.01 24.39852 294.5285 184.6699 0.4086 -9.1665 12.7668 330.6442 174.8667 360.6553 428.3623 -90.0353 0.0000 0.0000
4550.03 18.07.2018 08.50.01 24.46298 294.6442 121.4695 0.2687 -9.1165 12.5137 322.6028 171.1488 361.6126 427.8583 -89.0534 0.0000 0.0000
4560.03 18.07.2018 09.00.01 24.51248 294.7567 21.3958 0.0473 -8.9918 12.0522 312.3278 166.2465 362.4092 427.0764 -87.4128 0.0000 0.0000
4570.03 18.07.2018 09.10.01 24.53982 294.8718 167.4509 0.3705 -8.7523 12.1637 312.5512 166.4283 363.3844 427.0953 -84.1513 0.0000 0.0000
4580.03 18.07.2018 09.20.01 24.60125 294.9865 245.2451 0.5426 -8.6776 12.2935 313.6565 167.1253 364.6173 427.6802 -81.7067 0.0000 0.0000
4590.03 18.07.2018 09.30.01 24.68157 295.1031 281.4225 0.6226 -8.6812 12.4051 315.0137 167.9872 365.9844 428.5837 -79.6802 0.0000 0.0000
4600.03 18.07.2018 09.40.01 24.77145 295.2217 307.0643 0.6793 -8.7134 12.5236 316.8084 169.0515 367.3582 429.6866 -77.9304 0.0000 0.0000
4610.03 18.07.2018 09.50.01 24.86840 295.3429 318.3922 0.7044 -8.7614 12.6211 318.5986 170.1287 368.7771 430.9769 -76.4936 0.0000 0.0000
4620.03 18.07.2018 10.00.01 24.96902 295.4653 311.5025 0.6892 -8.8096 12.6650 319.9225 170.9658 370.1914 432.3551 -75.1904 0.0000 0.0000
4630.03 18.07.2018 10.10.01 25.06988 295.6042 467.6579 1.0346 -8.8379 13.1634 329.4218 175.9148 372.1736 434.1588 -75.8191 0.0000 0.0000
4640.03 18.07.2018 10.20.01 25.20837 295.7713 572.9684 1.2676 -9.0306 13.7310 340.5198 181.7708 374.4533 436.4383 -77.4945 0.0000 0.0000
4650.03 18.07.2018 10.30.01 25.37307 295.9848 626.4487 1.3859 -9.3234 14.2792 351.2241 187.4051 376.8086 438.8401 -79.5909 0.0000 0.0000
4660.03 18.07.2018 10.40.01 25.55212 296.1283 661.4037 1.4633 -9.6551 14.8245 362.0129 193.1002 379.2756 441.5882 -81.0971 0.0000 0.0000
4670.03 18.07.2018 10.50.01 25.74175 296.2621 683.5359 1.5122 -10.0070 15.3591 372.6883 198.7351 381.6462 444.6158 -82.9572 0.0000 0.0000
4680.03 18.07.2018 11.00.01 25.93893 296.3982 691.4799 1.5298 -10.3600 15.8531 383.0538 204.2168 384.0370 447.3336 -86.8657 0.0000 0.0000
4690.03 18.07.2018 11.10.01 26.13702 296.4299 285.8617 0.6324 -10.6927 15.1002 369.6380 197.5529 384.6268 449.2821 -83.1235 0.0000 0.0000
4700.03 18.07.2018 11.20.01 26.23992 296.4369 22.6700 0.0502 -10.5565 14.1422 352.0157 188.5197 384.4887 449.9381 -78.5201 0.0000 0.0000
4710.03 18.07.2018 11.30.01 26.27981 296.4013 -126.7199 -0.2804 -10.1353 13.1399 333.7895 179.1577 384.0062 449.8931 -74.2342 0.0000 0.0000
4720.03 18.07.2018 11.40.01 26.28271 296.3717 -198.5031 -0.4392 -9.5670 12.1704 316.1524 170.0710 383.3170 449.3831 -70.0836 0.0000 0.0000
4730.03 18.07.2018 11.50.01 26.26678 296.3710 -245.8414 -0.5439 -8.9407 11.1958 298.5469 161.0072 382.5121 448.4722 -66.2764 0.0000 0.0000
4740.03 18.07.2018 12.00.01 26.23770 296.3687 -282.2760 -0.6245 -8.2824 10.2105 280.8774 151.9111 381.6458 447.2825 -62.3512 0.0000 0.0000
4750.03 18.07.2018 12.10.01 26.20077 296.4713 86.6930 0.1918 -7.6132 10.4067 278.9463 150.3610 380.6412 446.5800 -60.5157 0.0000 0.0000
4760.03 18.07.2018 12.20.01 26.24978 296.5664 303.5068 0.6715 -7.3752 10.7289 281.2340 151.2469 380.1513 446.2031 -61.9190 0.0000 0.0000
4770.03 18.07.2018 12.30.01 26.35049 296.6492 409.9845 0.9070 -7.3772 11.0457 285.3285 153.2213 379.7505 445.6965 -65.0731 0.0000 0.0000
4780.03 18.07.2018 12.40.01 26.47723 296.7804 462.5377 1.0233 -7.4847 11.3440 290.2125 155.6796 379.5478 446.4046 -63.6144 0.0000 0.0000
4790.03 18.07.2018 12.50.01 26.61770 296.9778 484.2118 1.0713 -7.6348 11.6081 295.6040 158.4681 379.3897 447.4916 -62.2748 0.0000 0.0000
4800.03 18.07.2018 13.00.01 26.76455 297.2238 496.1332 1.0976 -7.7939 11.8554 302.3510 162.0839 379.2836 448.9880 -61.3658 0.0000 0.0000
4810.03 18.07.2018 13.10.01 26.91363 297.1248 239.2877 0.5294 -7.9495 11.3051 295.4500 158.8278 381.1782 449.3445 -60.9974 0.0000 0.0000
4820.03 18.07.2018 13.20.01 27.00216 297.1466 83.3246 0.1843 -7.8123 10.6621 285.6722 153.9155 382.5178 448.9830 -61.4610 0.0000 0.0000
4830.03 18.07.2018 13.30.01 27.05328 297.2774 1.5849 0.0035 -7.5083 10.0158 274.9319 148.4285 383.4638 447.6442 -63.4836 0.0000 0.0000
4840.03 18.07.2018 13.40.01 27.08395 297.3471 -41.7830 -0.0924 -7.1249 9.3766 263.4916 142.5181 384.6330 447.2185 -59.3398 0.0000 0.0000
4850.03 18.07.2018 13.50.01 27.10348 297.4236 -61.0936 -0.1352 -6.7036 8.7579 251.5799 136.3095 385.6708 445.9243 -59.9713 0.0000 0.0000
4860.03 18.07.2018 14.00.01 27.11749 297.5038 -70.2709 -0.1555 -6.2719 8.1552 239.2900 129.8624 386.5975 444.0265 -62.2647 0.0000 0.0000
4870.03 18.07.2018 14.10.01 27.12789 297.3954 -148.0107 -0.3275 -5.8412 7.3517 218.8204 118.9320 385.1616 442.2591 -55.2688 0.0000 0.0000
4880.03 18.07.2018 14.20.01 27.11831 297.2718 -206.9094 -0.4578 -5.3432 6.5140 196.6311 106.9957 383.2609 439.6222 -49.2675 0.0000 0.0000
4890.03 18.07.2018 14.30.01 27.09286 297.1337 -235.7798 -0.5216 -4.8049 5.7110 174.2279 94.9047 381.2183 436.5705 -43.7719 0.0000 0.0000
4900.03 18.07.2018 14.40.01 27.05840 296.9999 -254.6885 -0.5635 -4.2607 4.9297 151.0169 82.3421 379.1708 433.3349 -37.5337 0.0000 0.0000
4910.03 18.07.2018 14.50.01 27.01739 296.8472 -267.3301 -0.5914 -3.7204 4.1719 127.2211 69.4106 377.0261 429.6192 -31.8869 0.0000 0.0000
4920.03 18.07.2018 15.00.01 26.97140 296.6832 -270.0989 -0.5976 -3.1910 3.4579 103.3047 56.3728 374.7349 425.3555 -27.4606 0.0000 0.0000
4930.03 18.07.2018 15.10.01 26.92346 296.4936 -125.6084 -0.2779 -2.6917 3.2184 97.0273 52.8908 371.5531 421.8970 -26.6670 0.0000 0.0000
4940.03 18.07.2018 15.20.01 26.90847 296.2897 -28.0627 -0.0621 -2.3773 3.0869 93.1956 50.7948 368.5965 418.7309 -27.0404 0.0000 0.0000
4950.03 18.07.2018 15.30.01 26.91479 296.0821 16.4567 0.0364 -2.1908 2.9697 89.6765 48.8756 365.7096 415.6879 -27.3836 0.0000 0.0000
4960.03 18.07.2018 15.40.01 26.93051 295.8940 33.5630 0.0743 -2.0674 2.8556 86.2276 46.9960 362.9551 412.9905 -26.6859 0.0000 0.0000
4970.03 18.07.2018 15.50.01 26.94940 295.7132 37.8367 0.0837 -1.9728 2.7420 82.7899 45.1229 360.2598 410.4298 -25.8547 0.0000 0.0000
4980.03 18.07.2018 16.00.01 26.96841 295.5304 35.2423 0.0780 -1.8936 2.6288 79.3827 43.2666 357.5668 407.7791 -25.3935 0.0000 0.0000
4990.03 18.07.2018 16.10.01 26.98605 295.7542 71.9851 0.1593 -1.8240 2.6444 92.9790 50.8547 357.2983 407.8962 -23.5303 0.0000 0.0000
5000.03 18.07.2018 16.20.01 27.01159 295.9976 88.8285 0.1965 -1.8036 2.6668 108.3592 59.5079 357.5653 408.9103 -23.1743 0.0000 0.0000
5010.03 18.07.2018 16.30.01 27.04061 296.2513 73.3666 0.1623 -1.8066 2.6253 123.8760 68.2912 358.1309 410.4214 -23.5670 0.0000 0.0000
5020.03 18.07.2018 16.40.01 27.06582 296.5075 81.0297 0.1793 -1.7963 2.6341 143.7568 79.5113 358.8007 412.7431 -24.8724 0.0000 0.0000
5030.03 18.07.2018 16.50.01 27.09246 296.7702 91.8950 0.2033 -1.8000 2.6710 164.5078 91.2325 359.6215 415.6493 -26.6739 0.0000 0.0000
5040.03 18.07.2018 17.00.01 27.12112 297.0346 86.7377 0.1919 -1.8198 2.6822 184.8954 102.7568 360.4619 418.9137 -28.6110 0.0000 0.0000
5050.03 18.07.2018 17.10.01 27.14813 296.7208 66.9536 0.1481 -1.8391 2.6496 175.2470 97.4514 360.3036 417.8505 -33.4713 0.0000 0.0000
5060.03 18.07.2018 17.20.01 27.16940 296.3895 5.0554 0.0112 -1.8469 2.4775 162.1225 90.1656 359.3998 415.5429 -36.8213 0.0000 0.0000
5070.03 18.07.2018 17.30.01 27.17504 296.0516 -36.8494 -0.0815 -1.7979 2.2886 148.3684 82.5148 358.1513 412.7583 -39.0549 0.0000 0.0000
5080.03 18.07.2018 17.40.01 27.16967 295.7166 -61.0292 -0.1350 -1.7167 2.1089 131.1676 72.9059 356.8051 409.4921 -39.5874 0.0000 0.0000
5090.03 18.07.2018 17.50.01 27.15734 295.3778 -83.7816 -0.1854 -1.6222 1.9158 113.7302 63.1652 355.3490 406.0210 -38.9372 0.0000 0.0000
5100.03 18.07.2018 18.00.01 27.13857 295.0329 -99.4631 -0.2201 -1.5157 1.7275 96.2001 53.3650 353.8481 402.4380 -37.3021 0.0000 0.0000
5110.03 18.07.2018 18.10.01 27.11489 294.6779 -127.9518 -0.2831 -1.4045 1.4952 83.6476 46.4067 351.8340 399.3690 -34.4615 0.0000 0.0000
5120.03 18.07.2018 18.20.01 27.08343 294.3243 -147.4767 -0.3263 -1.2758 1.2660 71.0964 39.4469 349.8357 396.3323 -31.4508 0.0000 0.0000
5130.03 18.07.2018 18.30.01 27.04611 293.9696 -162.3236 -0.3591 -1.1404 1.0417 58.6106 32.5228 347.8183 393.3158 -28.2330 0.0000 0.0000
5140.03 18.07.2018 18.40.01 27.00396 293.6158 -175.0569 -0.3873 -1.0042 0.8225 42.6822 23.6595 345.8237 390.1562 -23.8433 0.0000 0.0000
5150.03 18.07.2018 18.50.01 26.95739 293.2603 -190.3094 -0.4210 -0.8697 0.5982 26.6621 14.7452 343.7942 386.9552 -19.1464 0.0000 0.0000
5160.03 18.07.2018 19.00.01 26.90597 292.9043 -205.1031 -0.4538 -0.7349 0.3748 10.7376 5.8867 341.7521 383.7378 -14.3539 0.0000 0.0000
5170.03 18.07.2018 19.10.01 26.84979 292.6580 -178.5789 -0.3951 -0.5992 0.2721 8.0516 4.3981 341.7058 381.8199 -11.8326 0.0000 0.0000
5180.03 18.07.2018 19.20.01 26.79888 292.4164 -156.2657 -0.3457 -0.5055 0.2131 6.3400 3.4612 341.9403 380.3117 -10.2798 0.0000 0.0000
5190.03 18.07.2018 19.30.01 26.75244 292.1798 -146.9119 -0.3250 -0.4462 0.1616 4.7949 2.6185 342.2662 378.9580 -9.2907 0.0000 0.0000
5200.03 18.07.2018 19.40.01 26.70742 291.9467 -146.0263 -0.3231 -0.4067 0.1115 3.2808 1.7934 342.6359 377.7250 -8.6328 0.0000 0.0000
5210.03 18.07.2018 19.50.01 26.66186 291.7151 -149.9544 -0.3318 -0.3780 0.0617 1.7722 0.9714 343.0250 376.5804 -8.2284 0.0000 0.0000
5220.03 18.07.2018 20.00.01 26.61453 291.4875 -156.4398 -0.3461 -0.3550 0.0119 0.2668 0.1511 343.4587 375.8480 -6.8829 0.0000 0.0000
5230.03 18.07.2018 20.10.01 26.56500 291.3991 -149.4498 -0.3306 -0.3321 0.0019 0.0431 0.0244 345.2330 375.1262 -7.1334 0.0000 0.0000
5240.03 18.07.2018 20.20.01 26.51681 291.3160 -145.6899 -0.3223 -0.3226 0.0004 0.0083 0.0047 347.1466 374.7775 -7.0945 0.0000 0.0000
5250.03 18.07.2018 20.30.01 26.46902 291.2407 -146.3392 -0.3238 -0.3238 0.0001 0.0014 0.0008 349.0461 374.4867 -7.3815 0.0000 0.0000
5260.03 18.07.2018 20.40.01 26.42040 291.1593 -149.2139 -0.3301 -0.3301 0.0000 0.0003 0.0002 350.9922 374.2597 -7.9071 0.0000 0.0000
5270.03 18.07.2018 20.50.01 26.37057 291.0752 -153.4185 -0.3394 -0.3394 0.0000 0.0000 0.0000 353.0567 374.1064 -8.6262 0.0000 0.0000
5280.03 18.07.2018 21.00.01 26.31930 290.9934 -158.0287 -0.3496 -0.3496 0.0000 0.0000 0.0000 355.1011 374.0054 -9.4305 0.0000 0.0000
5290.03 18.07.2018 21.10.01 26.26656 290.9139 -162.7973 -0.3602 -0.3602 0.0000 0.0000 0.0000 354.8819 373.6845 -9.6577 0.0000 0.0000
5300.03 18.07.2018 21.20.01 26.21206 290.8324 -168.7241 -0.3733 -0.3733 0.0000 0.0000 0.0000 354.5841 373.3134 -9.7833 0.0000 0.0000
5310.03 18.07.2018 21.30.01 26.15539 290.7502 -175.4700 -0.3882 -0.3882 0.0000 0.0000 0.0000 354.2718 372.9271 -9.8730 0.0000 0.0000
5320.03 18.07.2018 21.40.01 26.09655 290.6679 -182.2138 -0.4031 -0.4031 0.0000 0.0000 0.0000 353.9413 372.5332 -9.9183 0.0000 0.0000
5330.03 18.07.2018 21.50.01 26.03555 290.5857 -188.2882 -0.4166 -0.4166 0.0000 0.0000 0.0000 353.5744 372.1318 -9.9183 0.0000 0.0000
5340.03 18.07.2018 22.00.01 25.97265 290.5036 -193.6721 -0.4285 -0.4285 0.0000 0.0000 0.0000 353.2279 371.7337 -9.8990 0.0000 0.0000
5350.03 18.07.2018 22.10.01 25.90807 290.4377 -198.2073 -0.4385 -0.4385 0.0000 0.0000 0.0000 352.3094 371.2862 -9.6221 0.0000 0.0000
5360.03 18.07.2018 22.20.01 25.84213 290.3708 -202.2502 -0.4475 -0.4475 0.0000 0.0000 0.0000 351.3844 370.8188 -9.3161 0.0000 0.0000
5370.03 18.07.2018 22.30.01 25.77490 290.3036 -206.0523 -0.4559 -0.4559 0.0000 0.0000 0.0000 350.4899 370.3497 -8.9933 0.0000 0.0000
5380.03 18.07.2018 22.40.01 25.70648 290.2364 -209.4394 -0.4634 -0.4634 0.0000 0.0000 0.0000 349.6163 369.8776 -8.6663 0.0000 0.0000
5390.03 18.07.2018 22.50.01 25.63705 290.1692 -212.3790 -0.4699 -0.4699 0.0000 0.0000 0.0000 348.7198 369.3993 -8.3110 0.0000 0.0000
5400.03 18.07.2018 23.00.01 25.56664 290.1012 -214.8914 -0.4754 -0.4754 0.0000 0.0000 0.0000 347.8102 368.9117 -7.9555 0.0000 0.0000
5410.03 18.07.2018 23.10.01 25.49545 289.9228 -217.2659 -0.4807 -0.4807 0.0000 0.0000 0.0000 346.7273 368.2264 -8.2549 0.0000 0.0000
5420.03 18.07.2018 23.20.01 25.42339 289.7445 -220.3197 -0.4874 -0.4874 0.0000 0.0000 0.0000 345.6168 367.5229 -8.4364 0.0000 0.0000
5430.03 18.07.2018 23.30.01 25.35037 289.5661 -223.3952 -0.4942 -0.4942 0.0000 0.0000 0.0000 344.4951 366.8005 -8.5592 0.0000 0.0000
5440.03 18.07.2018 23.40.01 25.27633 289.3874 -226.3567 -0.5008 -0.5008 0.0000 0.0000 0.0000 343.3622 366.0459 -8.7071 0.0000 0.0000
5450.03 18.07.2018 23.50.01 25.20135 289.2095 -228.9947 -0.5066 -0.5066 0.0000 0.0000 0.0000 342.2288 365.2992 -8.7472 0.0000 0.0000
5460.03 19.07.2018 00.00.01 25.12548 289.0315 -231.4353 -0.5120 -0.5120 0.0000 0.0000 0.0000 341.0911 364.5436 -8.7548 0.0000 0.0000
5470.03 19.07.2018 00.10.01 25.04882 288.8237 -233.6795 -0.5170 -0.5170 0.0000 0.0000 0.0000 340.2020 363.7791 -8.9409 0.0000 0.0000
5480.03 19.07.2018 00.20.01 24.97158 288.6185 -235.3049 -0.5206 -0.5206 0.0000 0.0000 0.0000 339.3249 363.0259 -9.0931 0.0000 0.0000
5490.03 19.07.2018 00.30.01 24.89376 288.4122 -236.5243 -0.5233 -0.5233 0.0000 0.0000 0.0000 338.4372 362.2627 -9.2603 0.0000 0.0000
5500.03 19.07.2018 00.40.01 24.81561 288.2053 -238.1020 -0.5268 -0.5268 0.0000 0.0000 0.0000 337.5479 361.4926 -9.4345 0.0000 0.0000
5510.03 19.07.2018 00.50.01 24.73687 287.9978 -239.7848 -0.5305 -0.5305 0.0000 0.0000 0.0000 336.6578 360.7216 -9.5925 0.0000 0.0000
5520.03 19.07.2018 01.00.01 24.65753 287.7910 -241.5467 -0.5344 -0.5344 0.0000 0.0000 0.0000 335.7683 359.9527 -9.7296 0.0000 0.0000
5530.03 19.07.2018 01.10.01 24.57769 287.6975 -243.6227 -0.5390 -0.5390 0.0000 0.0000 0.0000 335.6286 359.4183 -9.4835 0.0000 0.0000
5540.03 19.07.2018 01.20.01 24.49713 287.6054 -244.4774 -0.5409 -0.5409 0.0000 0.0000 0.0000 335.5375 358.9385 -9.2896 0.0000 0.0000
5550.03 19.07.2018 01.30.01 24.41656 287.5154 -245.4796 -0.5431 -0.5431 0.0000 0.0000 0.0000 335.4395 358.4919 -9.1120 0.0000 0.0000
5560.03 19.07.2018 01.40.01 24.33587 287.4260 -246.2266 -0.5447 -0.5447 0.0000 0.0000 0.0000 335.3593 358.0950 -8.8878 0.0000 0.0000
5570.03 19.07.2018 01.50.01 24.25494 287.3453 -246.2065 -0.5447 -0.5447 0.0000 0.0000 0.0000 335.3036 357.8651 -8.1844 0.0000 0.0000
5580.03 19.07.2018 02.00.01 24.17434 287.2652 -245.7314 -0.5437 -0.5437 0.0000 0.0003 0.0002 335.2580 357.5488 -7.9874 0.0000 0.0000
5590.03 19.07.2018 02.10.01 24.09377 287.1728 -242.3398 -0.5362 -0.5408 0.0062 0.2012 0.1089 334.5899 356.9785 -8.3793 0.0000 0.0000
5600.03 19.07.2018 02.20.01 24.01412 287.0750 -239.8627 -0.5307 -0.5410 0.0138 0.4316 0.2343 333.7765 356.4116 -8.5966 0.0000 0.0000
5610.03 19.07.2018 02.30.01 23.93472 286.9460 -240.4314 -0.5319 -0.5481 0.0215 0.6663 0.3622 333.0234 355.7505 -9.1428 0.0000 0.0000
5620.03 19.07.2018 02.40.01 23.85467 286.8363 -243.3597 -0.5384 -0.5604 0.0293 0.9020 0.4906 332.3072 355.1159 -9.5536 0.0000 0.0000
5630.03 19.07.2018 02.50.01 23.77346 286.7371 -247.2006 -0.5469 -0.5747 0.0371 1.1378 0.6191 331.5118 354.4694 -9.8628 0.0000 0.0000
5640.03 19.07.2018 03.00.01 23.69097 286.6443 -250.8510 -0.5550 -0.5888 0.0451 1.3792 0.7506 330.6644 353.8240 -10.0612 0.0000 0.0000
5650.03 19.07.2018 03.10.01 23.60766 286.6766 -217.3544 -0.4809 -0.5983 0.1566 4.9595 2.6888 330.2334 353.7915 -9.5058 0.0000 0.0000
5660.03 19.07.2018 03.20.01 23.53292 286.7134 -190.1968 -0.4208 -0.6383 0.2900 9.0320 4.9059 329.9688 353.9576 -9.2323 0.0000 0.0000
5670.03 19.07.2018 03.30.01 23.46523 286.7533 -172.2053 -0.3810 -0.7010 0.4267 13.1771 7.1641 329.7723 354.2054 -9.1908 0.0000 0.0000
5680.03 19.07.2018 03.40.01 23.40228 286.7882 -160.2147 -0.3545 -0.7775 0.5641 17.3370 9.4307 329.6142 354.4951 -9.4002 0.0000 0.0000
5690.03 19.07.2018 03.50.01 23.34249 286.8253 -152.6637 -0.3378 -0.8640 0.7016 21.4995 11.6986 329.4839 354.8171 -9.7783 0.0000 0.0000
5700.03 19.07.2018 04.00.01 23.28475 286.8637 -147.6138 -0.3266 -0.9561 0.8393 25.6680 13.9699 329.3748 355.1779 -10.2396 0.0000 0.0000
5710.03 19.07.2018 04.10.01 23.22872 287.2284 -107.3283 -0.2375 -1.0491 1.0822 33.2279 18.0763 329.8599 356.3901 -9.3768 0.0000 0.0000
5720.03 19.07.2018 04.20.01 23.18282 287.5986 -76.0786 -0.1683 -1.1788 1.3473 41.2876 22.4659 330.5506 357.8722 -8.8898 0.0000 0.0000
5730.03 19.07.2018 04.30.01 23.14523 287.9719 -54.4967 -0.1206 -1.3324 1.6158 49.4210 26.8972 331.3398 359.5170 -8.6275 0.0000 0.0000
5740.03 19.07.2018 04.40.01 23.11376 288.3479 -38.1566 -0.0844 -1.4981 1.8849 57.5695 31.3370 332.1930 361.2940 -8.5380 0.0000 0.0000
5750.03 19.07.2018 04.50.01 23.08718 288.7246 -24.2542 -0.0537 -1.6693 2.1542 71.9303 38.9232 333.0956 363.3439 -8.8507 0.0000 0.0000
5760.03 19.07.2018 05.00.01 23.06497 289.1055 -7.2514 -0.0160 -1.8433 2.4363 81.5930 44.1418 334.1093 365.5879 -9.4487 0.0000 0.0000
5770.03 19.07.2018 05.10.01 23.04788 289.4913 4.7459 0.0105 -2.0231 2.7115 114.1058 60.8989 335.1623 368.4677 -10.8365 0.0000 0.0000
5780.03 19.07.2018 05.20.01 23.03481 289.8948 35.7082 0.0790 -2.2022 3.0416 147.5056 78.1467 336.5507 372.3435 -13.4880 0.0000 0.0000
5790.03 19.07.2018 05.30.01 23.03033 290.3127 66.4863 0.1471 -2.4004 3.3966 181.1290 95.5154 338.1298 376.8319 -16.7328 0.0000 0.0000
5800.03 19.07.2018 05.40.01 23.03454 290.7349 90.7097 0.2007 -2.6159 3.7554 179.6520 95.1850 339.8065 380.9995 -19.0033 0.0000 0.0000
5810.03 19.07.2018 05.50.01 23.04577 291.1472 80.5719 0.1783 -2.8398 4.0241 176.3577 93.8323 341.1557 384.4240 -18.5528 0.0000 0.0000
5820.03 19.07.2018 06.00.01 23.05618 291.5472 73.8773 0.1634 -3.0343 4.2637 172.5853 92.2113 342.3493 387.2676 -18.5784 0.0000 0.0000
5830.03 19.07.2018 06.10.01 23.06622 291.9382 26.4901 0.0586 -3.2051 4.3516 186.6015 99.3377 343.7934 390.3617 -16.4154 0.0000 0.0000
5840.03 19.07.2018 06.20.01 23.06652 292.2661 30.8110 0.0682 -3.3062 4.4992 201.7950 107.1254 345.4405 393.9815 -16.4172 0.0000 0.0000
5850.03 19.07.2018 06.30.01 23.06899 292.5395 49.0531 0.1085 -3.3981 4.6755 217.5026 115.2009 347.2321 396.6771 -23.2788 0.0000 0.0000
5860.03 19.07.2018 06.40.01 23.07708 293.0322 69.1646 0.1530 -3.4951 4.8641 227.7232 120.5377 349.2389 401.0331 -20.0736 0.0000 0.0000
5870.03 19.07.2018 06.50.01 23.09234 293.7227 258.4503 0.5718 -3.5956 5.5566 241.7852 127.7993 351.2048 405.9863 -18.4858 0.0000 0.0000
5880.03 19.07.2018 07.00.01 23.15411 293.9211 387.7339 0.8578 -3.8864 6.3256 256.0232 135.1099 353.0547 409.6607 -24.8771 0.0000 0.0000
5890.03 19.07.2018 07.10.01 23.24847 294.5390 488.0806 1.0798 -4.2952 7.1667 265.5192 140.2256 354.9074 414.8449 -22.9739 0.0000 0.0000
5900.03 19.07.2018 07.20.01 23.36889 294.0417 515.4404 1.1404 -4.7882 7.9047 273.2610 144.3667 356.4110 416.4906 -37.4936 0.0000 0.0000
5910.03 19.07.2018 07.30.01 23.49777 294.1260 535.9325 1.1857 -5.2867 8.6299 281.3299 148.7135 357.6194 417.7430 -49.9957 0.0000 0.0000
5920.03 19.07.2018 07.40.01 23.63391 294.3721 550.5823 1.2181 -5.7774 9.3273 289.7409 153.2146 359.5120 423.2918 -35.0163 0.0000 0.0000
5930.03 19.07.2018 07.50.01 23.77596 294.6104 553.7799 1.2252 -6.2535 9.9716 297.3589 157.2800 360.9195 424.2128 -51.8332 0.0000 0.0000
5940.03 19.07.2018 08.00.01 23.92114 294.7320 550.6705 1.2183 -6.7054 10.5649 308.4215 163.4497 361.6471 424.4686 -69.2065 0.0000 0.0000
5950.03 19.07.2018 08.10.01 24.06811 294.9731 675.4663 1.4944 -7.1303 11.4996 324.3924 171.6439 362.4788 426.8945 -69.0642 0.0000 0.0000
5960.03 19.07.2018 08.20.01 24.24639 295.1997 775.8192 1.7164 -7.6732 12.5195 341.4929 180.4517 363.6966 429.7840 -70.6764 0.0000 0.0000
5970.03 19.07.2018 08.30.01 24.45074 295.4377 860.8618 1.9046 -8.2994 13.6052 359.2375 189.5965 365.1717 432.9462 -73.4505 0.0000 0.0000
5980.03 19.07.2018 08.40.01 24.67773 295.6750 901.6298 1.9948 -8.9886 14.6445 375.5480 198.0355 366.6685 436.2164 -76.6511 0.0000 0.0000
5990.03 19.07.2018 08.50.01 24.91708 295.9114 923.4725 2.0431 -9.6892 15.6430 390.4949 205.6871 368.0033 439.4125 -79.6137 0.0000 0.0000
6000.03 19.07.2018 09.00.01 25.16436 296.1453 951.3118 2.1047 -10.3815 16.6482 406.0820 213.7188 369.4321 442.7368 -83.2043 0.0000 0.0000
6010.03 19.07.2018 09.10.01 25.42010 296.3712 837.6547 1.8532 -11.0738 17.2360 413.3724 217.7015 371.2959 446.0717 -84.6530 0.0000 0.0000
6020.03 19.07.2018 09.20.01 25.65167 296.5994 756.0547 1.6727 -11.6066 17.7057 418.4224 220.4289 373.0020 449.0761 -85.0460 0.0000 0.0000
6030.03 19.07.2018 09.30.01 25.86611 296.8218 715.2085 1.5823 -12.0240 18.1418 423.6190 223.2695 374.6631 452.0130 -86.2298 0.0000 0.0000
6040.03 19.07.2018 09.40.01 26.07247 297.0496 697.9412 1.5441 -12.3767 18.5611 428.8174 226.0680 376.2415 455.0087 -86.2803 0.0000 0.0000
6050.03 19.07.2018 09.50.01 26.27618 297.2785 687.4958 1.5210 -12.6935 18.9526 434.0374 228.9002 377.8183 458.0498 -86.2087 0.0000 0.0000
6060.03 19.07.2018 10.00.01 26.47848 297.5040 655.2566 1.4497 -12.9825 19.2429 438.3232 231.2496 379.3268 460.8482 -86.9439 0.0000 0.0000
6070.03 19.07.2018 10.10.01 26.67336 297.6652 442.6490 0.9793 -13.2209 18.9336 432.5498 228.6237 381.9907 464.8344 -78.9740 0.0000 0.0000
6080.03 19.07.2018 10.20.01 26.81936 297.7918 301.5409 0.6671 -13.2078 18.4998 425.0361 225.0474 384.2786 466.8441 -78.8199 0.0000 0.0000
6090.03 19.07.2018 10.30.01 26.93221 297.8765 197.2212 0.4363 -13.0329 17.9589 416.0810 220.6870 385.4581 466.6101 -85.1356 0.0000 0.0000
6100.03 19.07.2018 10.40.01 27.02044 298.0432 164.1869 0.3632 -12.7451 17.4778 408.6762 217.1079 387.4126 470.0420 -74.1876 0.0000 0.0000
6110.03 19.07.2018 10.50.01 27.10119 298.3309 138.7025 0.3069 -12.4105 16.9564 401.0941 213.4530 389.7405 472.0266 -73.5643 0.0000 0.0000
6120.03 19.07.2018 11.00.01 27.17523 298.9080 101.2666 0.2240 -12.0473 16.3617 392.9608 209.5237 391.8005 472.8876 -74.2113 0.0000 0.0000
6130.03 19.07.2018 11.10.01 27.23885 298.5161 -154.2859 -0.3413 -11.6380 15.0623 366.4858 195.8545 393.8346 471.7258 -71.9769 0.0000 0.0000
6140.03 19.07.2018 11.20.01 27.24053 298.2648 -342.8201 -0.7585 -10.9580 13.5993 336.8067 180.3860 394.6830 467.8751 -74.3473 0.0000 0.0000
6150.03 19.07.2018 11.30.01 27.19521 298.1444 -462.1689 -1.0225 -10.0958 12.0977 306.6792 164.6775 394.8428 462.7511 -78.2847 0.0000 0.0000
6160.03 19.07.2018 11.40.01 27.11907 298.2200 -519.7777 -1.1500 -9.1290 10.6387 277.2945 149.3199 395.5581 460.4966 -67.5236 0.0000 0.0000
6170.03 19.07.2018 11.50.01 27.02749 298.2180 -557.9977 -1.2345 -8.1200 9.1806 248.0666 134.0555 396.2502 456.8766 -65.5142 0.0000 0.0000
6180.03 19.07.2018 12.00.01 26.92513 298.2346 -587.9236 -1.3007 -7.0888 7.7174 218.7999 118.7699 396.6282 452.2984 -65.6996 0.0000 0.0000
6190.03 19.07.2018 12.10.01 26.81622 298.2096 -213.0556 -0.4714 -6.0580 7.4489 211.9661 114.9323 395.0409 449.3940 -61.9121 0.0000 0.0000
6200.03 19.07.2018 12.20.01 26.79357 298.1864 15.1344 0.0335 -5.4798 7.3510 209.3702 113.5086 394.0836 447.4467 -59.7514 0.0000 0.0000
6210.03 19.07.2018 12.30.01 26.82397 298.1753 128.8302 0.2850 -5.1695 7.2727 207.5528 112.5374 393.4085 445.8922 -58.0780 0.0000 0.0000
6220.03 19.07.2018 12.40.01 26.88110 298.1605 185.5040 0.4104 -4.9886 7.1987 205.8988 111.6585 392.8374 444.5493 -56.7680 0.0000 0.0000
6230.03 19.07.2018 12.50.01 26.95168 298.1444 212.3904 0.4699 -4.8715 7.1219 204.2614 110.7917 392.3173 443.3822 -55.6198 0.0000 0.0000
6240.03 19.07.2018 13.00.01 27.02859 298.1311 223.2264 0.4939 -4.7857 7.0394 202.6471 109.9414 391.8295 442.3221 -54.7441 0.0000 0.0000
6250.03 19.07.2018 13.10.01 27.10995 298.1703 570.7390 1.2627 -4.7243 7.9827 224.3411 121.2667 389.2469 442.6758 -57.2423 0.0000 0.0000
6260.03 19.07.2018 13.20.01 27.27310 298.2395 775.8480 1.7165 -5.0602 9.0356 250.6795 135.2959 387.1771 443.7448 -62.8834 0.0000 0.0000
6270.03 19.07.2018 13.30.01 27.48531 298.3323 867.7211 1.9197 -5.6164 10.0481 278.2639 150.1032 385.3354 445.2321 -69.6354 0.0000 0.0000
6280.03 19.07.2018 13.40.01 27.72064 298.4330 910.6693 2.0148 -6.2591 11.0318 307.5891 165.9339 383.6104 447.2087 -76.6159 0.0000 0.0000
6290.03 19.07.2018 13.50.01 27.96743 298.5431 915.3195 2.0250 -6.9322 11.9429 337.7294 182.3084 381.9477 449.5273 -84.3772 0.0000 0.0000
6300.03 19.07.2018 14.00.01 28.21642 298.6560 885.0580 1.9581 -7.5930 12.7348 368.3033 199.0359 380.3014 452.1348 -92.5641 0.0000 0.0000
6310.03 19.07.2018 14.10.01 28.45651 298.5705 396.2112 0.8766 -8.1939 12.0940 357.5361 193.7536 380.7581 452.3369 -94.8457 0.0000 0.0000
6320.03 19.07.2018 14.20.01 28.58151 298.4566 67.9641 0.1504 -8.2342 11.1794 339.2906 184.1913 380.2299 450.2745 -95.9201 0.0000 0.0000
6330.03 19.07.2018 14.30.01 28.62777 298.3386 -93.9600 -0.2079 -7.9224 10.2861 320.1726 174.0894 379.3778 447.6268 -95.8648 0.0000 0.0000
6340.03 19.07.2018 14.40.01 28.63339 298.2230 -177.6639 -0.3931 -7.4572 9.4189 299.9883 163.3591 378.3732 444.6258 -94.3577 0.0000 0.0000
6350.03 19.07.2018 14.50.01 28.61669 298.1006 -210.9214 -0.4666 -6.9293 8.6169 279.7937 152.5735 377.2897 441.3994 -92.0888 0.0000 0.0000
6360.03 19.07.2018 15.00.01 28.58975 297.9761 -239.2240 -0.5293 -6.3942 7.8199 258.3579 141.0389 376.0192 438.0641 -88.1193 0.0000 0.0000
6370.03 19.07.2018 15.10.01 28.55383 297.7971 -206.9357 -0.4578 -5.8647 7.2092 242.5574 132.5239 374.9159 435.4430 -83.4921 0.0000 0.0000
6380.03 19.07.2018 15.20.01 28.52468 297.6210 -179.7800 -0.3977 -5.3919 6.6589 227.1313 124.1879 373.8698 432.8370 -79.0461 0.0000 0.0000
6390.03 19.07.2018 15.30.01 28.50012 297.4462 -161.1708 -0.3566 -4.9713 6.1530 211.7437 115.8416 372.8338 430.2379 -74.5411 0.0000 0.0000
6400.03 19.07.2018 15.40.01 28.47830 297.2699 -153.3329 -0.3392 -4.5908 5.6688 195.0365 106.7332 371.7928 427.5573 -69.6447 0.0000 0.0000
6410.03 19.07.2018 15.50.01 28.45687 297.0933 -139.2590 -0.3081 -4.2370 5.2386 178.4597 97.6622 370.7569 424.8792 -64.6408 0.0000 0.0000
6420.03 19.07.2018 16.00.01 28.43734 296.9166 -128.9019 -0.2852 -3.9170 4.8424 161.6212 88.4074 369.6848 422.1659 -59.4369 0.0000 0.0000
6430.03 19.07.2018 16.10.01 28.41915 296.8180 -75.0000 -0.1659 -3.6254 4.6127 163.3378 89.4403 367.9644 420.5830 -57.7878 0.0000 0.0000
6440.03 19.07.2018 16.20.01 28.41229 296.7261 -38.3510 -0.0848 -3.4109 4.4347 167.0546 91.6342 366.4847 419.3776 -57.8702 0.0000 0.0000
6450.03 19.07.2018 16.30.01 28.41277 296.6342 -33.1991 -0.0734 -3.2513 4.2371 171.1189 94.0514 365.1770 418.3176 -58.6410 0.0000 0.0000
6460.03 19.07.2018 16.40.01 28.41351 296.5467 -16.4052 -0.0363 -3.1100 4.0983 177.6200 97.8111 363.8676 417.6311 -59.6661 0.0000 0.0000
6470.03 19.07.2018 16.50.01 28.41723 296.4588 -3.5506 -0.0079 -3.0006 3.9903 184.6968 101.8931 362.6163 417.0141 -61.7326 0.0000 0.0000
6480.03 19.07.2018 17.00.01 28.42297 296.3707 -9.1397 -0.0202 -2.9178 3.8634 191.4029 105.7681 361.3489 416.4164 -64.0223 0.0000 0.0000
6490.03 19.07.2018 17.10.01 28.42608 296.1408 -73.7175 -0.1631 -2.8411 3.5706 177.0054 97.9082 360.0202 414.5136 -61.9333 0.0000 0.0000
6500.03 19.07.2018 17.20.01 28.41268 295.9086 -147.8083 -0.3270 -2.7062 3.1722 160.0080 88.5681 358.3570 412.3162 -57.2253 0.0000 0.0000
6510.03 19.07.2018 17.30.01 28.38055 295.6597 -196.9501 -0.4357 -2.5044 2.7582 142.4898 78.9273 356.5325 409.9425 -51.8146 0.0000 0.0000
6520.03 19.07.2018 17.40.01 28.33520 295.4217 -227.5099 -0.5033 -2.2663 2.3506 122.7557 68.0260 354.7336 407.4101 -45.2952 0.0000 0.0000
6530.03 19.07.2018 17.50.01 28.28106 295.1828 -255.1886 -0.5646 -2.0135 1.9320 102.8312 57.0189 352.8687 404.6220 -38.9778 0.0000 0.0000
6540.03 19.07.2018 18.00.01 28.21865 294.9426 -275.6486 -0.6098 -1.7485 1.5183 82.8726 45.9870 350.9677 401.6924 -32.6305 0.0000 0.0000
6550.03 19.07.2018 18.10.01 28.15023 294.6018 -236.2079 -0.5226 -1.4809 1.2777 71.2535 39.5340 349.4729 399.0006 -29.1237 0.0000 0.0000
6560.03 19.07.2018 18.20.01 28.08941 294.2643 -212.5524 -0.4702 -1.2777 1.0766 60.4638 33.5490 348.1015 396.3971 -26.1886 0.0000 0.0000
6570.03 19.07.2018 18.30.01 28.03277 293.9294 -205.1695 -0.4539 -1.1180 0.8854 49.8575 27.6667 346.7820 393.8144 -23.3507 0.0000 0.0000
6580.03 19.07.2018 18.40.01 27.97656 293.5933 -206.3459 -0.4565 -0.9813 0.6997 36.3241 20.1356 345.4881 391.0192 -20.0285 0.0000 0.0000
6590.03 19.07.2018 18.50.01 27.91888 293.2572 -215.1266 -0.4759 -0.8582 0.5097 22.7143 12.5619 344.1816 388.1605 -16.5898 0.0000 0.0000
6600.03 19.07.2018 19.00.01 27.85787 292.9199 -225.7563 -0.4995 -0.7398 0.3205 9.1864 5.0360 342.8734 385.2624 -13.1732 0.0000 0.0000
6610.03 19.07.2018 19.10.01 27.79333 292.5521 -203.4183 -0.4500 -0.6249 0.2331 6.8985 3.7682 341.4252 383.0140 -12.1130 0.0000 0.0000
6620.03 19.07.2018 19.20.01 27.73269 292.1872 -187.0907 -0.4139 -0.5509 0.1826 5.4338 2.9664 340.0929 380.9971 -11.6099 0.0000 0.0000
6630.03 19.07.2018 19.30.01 27.67462 291.8249 -183.6031 -0.4062 -0.5101 0.1385 4.1098 2.2444 338.8111 379.0735 -11.3418 0.0000 0.0000
6640.03 19.07.2018 19.40.01 27.61620 291.4619 -187.9732 -0.4159 -0.4876 0.0956 2.8121 1.5372 337.5523 377.2096 -11.2349 0.0000 0.0000
6650.03 19.07.2018 19.50.01 27.55569 291.0987 -196.4734 -0.4347 -0.4743 0.0529 1.5191 0.8326 336.3002 375.3939 -11.2265 0.0000 0.0000
6660.03 19.07.2018 20.00.01 27.49206 290.7360 -206.9812 -0.4579 -0.4656 0.0102 0.2287 0.1295 335.0573 373.6185 -11.2876 0.0000 0.0000
6670.03 19.07.2018 20.10.01 27.42489 290.5631 -206.5391 -0.4569 -0.4582 0.0017 0.0369 0.0209 334.2678 372.3281 -10.3904 0.0000 0.0000
6680.03 19.07.2018 20.20.01 27.35674 290.3927 -208.6945 -0.4617 -0.4620 0.0003 0.0071 0.0040 333.5594 371.1741 -9.6935 0.0000 0.0000
6690.03 19.07.2018 20.30.01 27.28732 290.2239 -213.6781 -0.4727 -0.4728 0.0001 0.0012 0.0007 332.8880 370.1085 -9.1209 0.0000 0.0000
6700.03 19.07.2018 20.40.01 27.21594 290.0557 -220.0271 -0.4868 -0.4868 0.0000 0.0002 0.0001 332.2450 369.1105 -8.6564 0.0000 0.0000
6710.03 19.07.2018 20.50.01 27.14242 289.8884 -226.9986 -0.5022 -0.5022 0.0000 0.0000 0.0000 331.6255 368.1659 -8.2862 0.0000 0.0000
6720.03 19.07.2018 21.00.01 27.06652 289.7212 -233.9905 -0.5177 -0.5177 0.0000 0.0000 0.0000 331.0227 367.2624 -7.9987 0.0000 0.0000
6730.03 19.07.2018 21.10.01 26.98834 289.5068 -241.1449 -0.5335 -0.5335 0.0000 0.0000 0.0000 330.6684 366.3252 -8.2122 0.0000 0.0000
6740.03 19.07.2018 21.20.01 26.90774 289.2928 -248.2364 -0.5492 -0.5492 0.0000 0.0000 0.0000 330.3215 365.4112 -8.4821 0.0000 0.0000
6750.03 19.07.2018 21.30.01 26.82488 289.0789 -255.1353 -0.5645 -0.5645 0.0000 0.0000 0.0000 329.9846 364.5205 -8.7822 0.0000 0.0000
6760.03 19.07.2018 21.40.01 26.73980 288.8650 -261.7332 -0.5791 -0.5791 0.0000 0.0000 0.0000 329.6522 363.6454 -9.1176 0.0000 0.0000
6770.03 19.07.2018 21.50.01 26.65261 288.6516 -267.9955 -0.5929 -0.5929 0.0000 0.0000 0.0000 329.3237 362.7885 -9.4676 0.0000 0.0000
6780.03 19.07.2018 22.00.01 26.56344 288.4389 -273.9148 -0.6060 -0.6060 0.0000 0.0000 0.0000 329.0003 361.9437 -9.8430 0.0000 0.0000
6790.03 19.07.2018 22.10.01 26.47238 288.2419 -279.4126 -0.6182 -0.6182 0.0000 0.0000 0.0000 327.6388 361.0146 -9.8493 0.0000 0.0000
6800.03 19.07.2018 22.20.01 26.37948 288.0451 -285.3319 -0.6313 -0.6313 0.0000 0.0000 0.0000 326.2477 360.0717 -9.7627 0.0000 0.0000
6810.03 19.07.2018 22.30.01 26.28457 287.8473 -291.2873 -0.6444 -0.6444 0.0000 0.0000 0.0000 324.8513 359.1025 -9.6951 0.0000 0.0000
6820.03 19.07.2018 22.40.01 26.18774 287.6513 -297.0681 -0.6572 -0.6572 0.0000 0.0000 0.0000 323.4609 358.1485 -9.5501 0.0000 0.0000
6830.03 19.07.2018 22.50.01 26.08907 287.4549 -302.4771 -0.6692 -0.6692 0.0000 0.0000 0.0000 322.0771 357.1921 -9.3913 0.0000 0.0000
6840.03 19.07.2018 23.00.01 25.98873 287.2586 -307.5092 -0.6803 -0.6803 0.0000 0.0000 0.0000 320.6934 356.2334 -9.2192 0.0000 0.0000
6850.03 19.07.2018 23.10.01 25.88671 287.0321 -311.8575 -0.6900 -0.6900 0.0000 0.0000 0.0000 319.8313 355.3228 -9.2116 0.0000 0.0000
6860.03 19.07.2018 23.20.01 25.78350 286.8114 -314.5186 -0.6958 -0.6958 0.0000 0.0000 0.0000 318.9911 354.4222 -9.2721 0.0000 0.0000
6870.03 19.07.2018 23.30.01 25.67953 286.5903 -316.7363 -0.7007 -0.7007 0.0000 0.0000 0.0000 318.1374 353.4976 -9.4520 0.0000 0.0000
6880.03 19.07.2018 23.40.01 25.57479 286.3647 -319.3702 -0.7066 -0.7066 0.0000 0.0000 0.0000 317.2458 352.5306 -9.7478 0.0000 0.0000
6890.03 19.07.2018 23.50.01 25.46911 286.1272 -322.4753 -0.7134 -0.7134 0.0000 0.0000 0.0000 316.3111 351.5390 -10.0940 0.0000 0.0000
6900.03 20.07.2018 00.00.01 25.36236 285.8906 -325.8778 -0.7210 -0.7210 0.0000 0.0000 0.0000 315.4347 350.5556 -10.4546 0.0000 0.0000
6910.03 20.07.2018 00.10.01 25.25454 285.7389 -329.2484 -0.7284 -0.7284 0.0000 0.0000 0.0000 314.4414 349.6742 -10.2898 0.0000 0.0000
6920.03 20.07.2018 00.20.01 25.14565 285.5865 -332.2411 -0.7350 -0.7350 0.0000 0.0000 0.0000 313.4394 348.8031 -10.1319 0.0000 0.0000
6930.03 20.07.2018 00.30.01 25.03582 285.4352 -335.0591 -0.7413 -0.7413 0.0000 0.0000 0.0000 312.4361 347.9382 -9.9953 0.0000 0.0000
6940.03 20.07.2018 00.40.01 24.92504 285.2843 -337.7437 -0.7472 -0.7472 0.0000 0.0000 0.0000 311.4455 347.0877 -9.8547 0.0000 0.0000
6950.03 20.07.2018 00.50.01 24.81341 285.1328 -340.3392 -0.7530 -0.7530 0.0000 0.0000 0.0000 310.4620 346.2454 -9.7237 0.0000 0.0000
6960.03 20.07.2018 01.00.01 24.70089 284.9806 -342.8779 -0.7586 -0.7586 0.0000 0.0000 0.0000 309.4999 345.4098 -9.6165 0.0000 0.0000
6970.03 20.07.2018 01.10.01 24.58758 284.8307 -345.3444 -0.7640 -0.7640 0.0000 0.0000 0.0000 308.8974 344.6486 -9.5592 0.0000 0.0000
6980.03 20.07.2018 01.20.01 24.47344 284.6815 -347.6512 -0.7691 -0.7691 0.0000 0.0000 0.0000 308.3245 343.9106 -9.5196 0.0000 0.0000
6990.03 20.07.2018 01.30.01 24.35858 284.5337 -349.7426 -0.7738 -0.7738 0.0000 0.0000 0.0000 307.7965 343.1993 -9.4972 0.0000 0.0000
7000.03 20.07.2018 01.40.01 24.24322 284.3860 -351.7031 -0.7781 -0.7781 0.0000 0.0000 0.0000 307.2892 342.5024 -9.4861 0.0000 0.0000
7010.03 20.07.2018 01.50.01 24.12701 284.2395 -352.5643 -0.7800 -0.7800 0.0000 0.0000 0.0000 306.8045 341.8277 -9.4752 0.0000 0.0000
7020.03 20.07.2018 02.00.01 24.01074 284.0932 -354.0038 -0.7832 -0.7832 0.0000 0.0004 0.0002 306.3107 341.1580 -9.4739 0.0000 0.0000
7030.03 20.07.2018 02.10.01 23.89410 283.9591 -352.4085 -0.7797 -0.7850 0.0071 0.2274 0.1231 306.1810 340.5665 -9.4944 0.0000 0.0000
7040.03 20.07.2018 02.20.01 23.77786 283.8270 -350.3254 -0.7751 -0.7867 0.0156 0.4879 0.2648 306.0521 340.0055 -9.5784 0.0000 0.0000
7050.03 20.07.2018 02.30.01 23.66238 283.6955 -349.0270 -0.7722 -0.7904 0.0243 0.7533 0.4094 305.9063 339.4584 -9.6995 0.0000 0.0000
7060.03 20.07.2018 02.40.01 23.54705 283.5634 -347.4200 -0.7686 -0.7935 0.0331 1.0196 0.5546 305.7520 338.9216 -9.8513 0.0000 0.0000
7070.03 20.07.2018 02.50.01 23.43224 283.4314 -346.5725 -0.7668 -0.7982 0.0419 1.2862 0.6998 305.6056 338.3966 -10.0425 0.0000 0.0000
7080.03 20.07.2018 03.00.01 23.31783 283.2994 -346.2291 -0.7660 -0.8042 0.0509 1.5576 0.8477 305.4721 337.8813 -10.2629 0.0000 0.0000
7090.03 20.07.2018 03.10.01 23.20358 283.3571 -314.9786 -0.6969 -0.8093 0.1499 4.7321 2.5665 305.1475 337.8503 -9.6956 0.0000 0.0000
7100.03 20.07.2018 03.20.01 23.09683 283.4175 -292.8536 -0.6479 -0.8489 0.2679 8.3345 4.5277 304.9543 337.9689 -9.3935 0.0000 0.0000
7110.03 20.07.2018 03.30.01 22.99545 283.4790 -279.4673 -0.6183 -0.9099 0.3888 12.0000 6.5246 304.8280 338.1638 -9.2308 0.0000 0.0000
7120.03 20.07.2018 03.40.01 22.89755 283.5423 -270.8157 -0.5992 -0.9819 0.5103 15.6785 8.5288 304.7567 338.4319 -9.1656 0.0000 0.0000
7130.03 20.07.2018 03.50.01 22.80212 283.6083 -264.4217 -0.5850 -1.0589 0.6319 19.3591 10.5342 304.7170 338.7560 -9.1687 0.0000 0.0000
7140.03 20.07.2018 04.00.01 22.70861 283.6748 -258.8752 -0.5727 -1.1378 0.7535 23.0396 12.5396 304.6848 339.1140 -9.2499 0.0000 0.0000
7150.03 20.07.2018 04.10.01 22.61694 284.0229 -255.8349 -0.5660 -1.2158 0.8664 26.4412 14.3941 305.0989 339.9562 -7.6727 0.0000 0.0000
7160.03 20.07.2018 04.20.01 22.52688 284.3735 -250.0480 -0.5532 -1.2863 0.9775 29.8018 16.2253 305.5695 340.8813 -6.3115 0.0000 0.0000
7170.03 20.07.2018 04.30.01 22.43902 284.7238 -242.6952 -0.5369 -1.3532 1.0883 33.1562 18.0531 306.1064 341.8776 -5.1317 0.0000 0.0000
7180.03 20.07.2018 04.40.01 22.35372 285.0747 -234.9207 -0.5197 -1.4191 1.1991 36.5094 19.8802 306.6906 342.9392 -4.0847 0.0000 0.0000
7190.03 20.07.2018 04.50.01 22.27096 285.4280 -226.8096 -0.5018 -1.4842 1.3099 39.8624 21.7071 307.3330 344.0634 -3.1445 0.0000 0.0000
