# simtime date time IndoorTemp Av_Tair_at_facade Energyflux.toIndoor.sum  Energyflux.toIndoor.average Energyflux.Conduction.average Energyflux.SW.transmission.average Shortwave.availabe Shortwave.absorbed Longwave.available Longwave.emittedFacade Sensible.outside Vapour.fromGreening Vapour.fromSubstrate
10.02 15.07.2018 05.10.00 19.91818 289.1139 296.5264 0.3652 -0.5057 1.1611 261.7663 142.9950 324.3649 382.8455 -31.1987 0.0000 0.0000
20.02 15.07.2018 05.20.00 19.94885 289.7205 338.3855 0.4167 -0.8653 1.7094 461.8759 252.5111 327.3584 405.9775 -51.0527 0.0000 0.0000
30.03 15.07.2018 05.30.01 19.99038 290.4202 454.8054 0.5601 -1.2124 2.3633 655.3402 357.9641 331.9918 434.5652 -72.6616 0.0000 0.0000
40.03 15.07.2018 05.40.01 20.05667 291.1457 553.9095 0.6822 -1.5983 3.0405 627.4124 343.1317 337.2468 446.4826 -77.8134 0.0000 0.0000
50.03 15.07.2018 05.50.01 20.13964 291.6976 293.2214 0.3611 -1.9964 3.1433 583.5824 319.1913 339.8601 451.5945 -79.5435 0.0000 0.0000
60.03 15.07.2018 06.00.01 20.18713 292.1658 143.5298 0.1768 -2.1666 3.1245 545.9199 299.0408 341.6146 454.6113 -82.2785 0.0000 0.0000
70.03 15.07.2018 06.10.01 20.21502 292.4206 114.2312 0.1407 -2.2034 3.1255 577.0870 318.8027 342.9796 465.2385 -91.6210 0.0000 0.0000
80.03 15.07.2018 06.20.01 20.24148 292.7870 199.3726 0.2455 -2.2004 3.2612 555.2275 306.6469 344.7901 466.5895 -95.2439 0.0000 0.0000
90.03 15.07.2018 06.30.01 20.28298 293.0352 239.0618 0.2944 -2.2324 3.3691 540.0680 298.5316 346.4736 467.5005 -99.6604 0.0000 0.0000
100.03 15.07.2018 06.40.01 20.33334 293.3165 284.1951 0.3500 -2.2642 3.4856 525.6448 290.4213 348.2192 467.2986 -102.6049 0.0000 0.0000
110.03 15.07.2018 06.50.01 20.39977 293.6110 1066.5122 1.3134 -2.3257 4.8522 522.5184 288.1461 350.0640 467.8890 -106.5661 0.0000 0.0000
120.03 15.07.2018 07.00.01 20.58901 293.9306 1658.1544 2.0421 -2.9208 6.6171 522.8884 287.6677 352.0769 468.6521 -110.4596 0.0000 0.0000
130.03 15.07.2018 07.10.01 20.87252 294.2260 1900.3528 2.3403 -3.8810 8.2951 526.3527 288.8740 354.0648 471.0831 -108.4961 0.0000 0.0000
140.03 15.07.2018 07.20.01 21.19912 294.5261 2032.4319 2.5030 -4.9472 9.9335 529.9132 290.1677 356.1500 473.6421 -107.2667 0.0000 0.0000
150.03 15.07.2018 07.30.01 21.55169 294.8319 2064.8442 2.5429 -6.0405 11.4445 531.9943 290.6699 358.4046 476.0181 -106.4527 0.0000 0.0000
160.03 15.07.2018 07.40.01 21.91543 295.1458 2128.2561 2.6210 -7.0972 12.9576 536.6042 292.5612 360.6377 478.6892 -105.8275 0.0000 0.0000
170.03 15.07.2018 07.50.01 22.29370 295.4636 2132.5339 2.6263 -8.1434 14.3596 540.1989 293.9269 362.8074 481.2783 -105.3496 0.0000 0.0000
180.03 15.07.2018 08.00.01 22.67660 295.7926 2040.5028 2.5129 -9.1392 15.5361 541.1748 293.8919 364.8580 483.5141 -104.6075 0.0000 0.0000
190.03 15.07.2018 08.10.01 23.05062 296.0985 2084.5806 2.5672 -10.0286 16.7944 543.5373 294.6517 367.3977 487.5079 -98.6716 0.0000 0.0000
200.03 15.07.2018 08.20.01 23.43429 296.4014 2049.9385 2.5246 -10.9097 17.9123 543.9230 294.3313 369.6815 489.5099 -98.6009 0.0000 0.0000
210.03 15.07.2018 08.30.01 23.81603 296.7518 2026.0463 2.4951 -11.7299 18.9668 544.0716 293.9168 372.0802 490.0171 -103.8845 0.0000 0.0000
220.03 15.07.2018 08.40.01 24.19717 297.0143 2011.4957 2.4772 -12.5018 19.9720 544.7299 293.7522 374.3362 491.8493 -103.6987 0.0000 0.0000
230.03 15.07.2018 08.50.01 24.57849 297.3321 1980.7952 2.4394 -13.2349 20.8991 544.3824 293.0437 376.4976 493.4651 -104.4989 0.0000 0.0000
240.03 15.07.2018 09.00.01 24.95712 297.6829 1904.7281 2.3457 -13.9172 21.6839 542.9008 291.7618 378.6032 495.0048 -105.0797 0.0000 0.0000
250.03 15.07.2018 09.10.01 25.32580 298.0080 1773.3684 2.1840 -14.5171 22.2681 537.2931 288.2374 380.3720 498.4157 -91.6231 0.0000 0.0000
260.03 15.07.2018 09.20.01 25.67660 298.3042 1723.5742 2.1226 -15.0053 22.8373 532.3944 285.1496 382.0428 500.0951 -93.3338 0.0000 0.0000
270.03 15.07.2018 09.30.01 26.02059 298.2692 1678.9447 2.0677 -15.4488 23.3554 527.8948 282.3398 383.2149 498.6881 -105.3326 0.0000 0.0000
280.03 15.07.2018 09.40.01 26.35836 298.6343 1665.2510 2.0508 -15.8524 23.8710 524.5429 280.1276 385.1245 500.5404 -99.2969 0.0000 0.0000
290.03 15.07.2018 09.50.01 26.69531 299.1548 1630.0483 2.0075 -16.2281 24.3140 520.6775 277.6619 387.0912 500.7460 -100.9134 0.0000 0.0000
300.03 15.07.2018 10.00.01 27.02786 299.1502 1528.3096 1.8822 -16.5599 24.5894 515.2338 274.3759 388.2447 498.5833 -108.8859 0.0000 0.0000
310.03 15.07.2018 10.10.01 27.34634 299.3811 1568.5959 1.9318 -16.8170 24.9984 511.2461 271.7720 389.1494 499.4829 -105.0106 0.0000 0.0000
320.03 15.07.2018 10.20.01 27.67108 299.6398 1592.2722 1.9609 -17.1019 25.4171 508.0789 269.6531 390.4721 500.6019 -102.0469 0.0000 0.0000
330.03 15.07.2018 10.30.01 27.99914 299.8751 1534.6586 1.8900 -17.3971 25.7160 503.0237 266.4918 391.5388 501.0922 -100.1402 0.0000 0.0000
340.03 15.07.2018 10.40.01 28.31912 300.1433 1527.3401 1.8810 -17.6474 26.0378 498.8506 263.8005 392.6122 501.3600 -98.7642 0.0000 0.0000
350.03 15.07.2018 10.50.01 28.63763 300.2249 1499.6869 1.8469 -17.8763 26.2976 493.9703 260.7316 393.5273 500.6123 -100.2209 0.0000 0.0000
360.03 15.07.2018 11.00.01 28.95147 300.2750 1408.1566 1.7342 -18.0869 26.4282 488.0591 257.1417 394.3421 499.4199 -102.0949 0.0000 0.0000
370.03 15.07.2018 11.10.01 29.25073 300.4111 1272.2223 1.5668 -18.2343 26.4014 479.4680 252.1677 395.2295 499.0911 -99.6134 0.0000 0.0000
380.03 15.07.2018 11.20.01 29.52908 300.5356 1175.6747 1.4479 -18.2890 26.3158 470.3894 246.9454 396.0640 498.6660 -97.2088 0.0000 0.0000
390.03 15.07.2018 11.30.01 29.79208 300.6372 1090.3090 1.3427 -18.2836 26.1685 460.8150 241.4720 396.8364 498.1674 -94.7140 0.0000 0.0000
400.03 15.07.2018 11.40.01 30.04107 300.7396 1037.6941 1.2779 -18.2278 26.0076 451.4089 236.0609 397.2963 497.8706 -91.1413 0.0000 0.0000
410.03 15.07.2018 11.50.01 30.28076 300.8281 990.7244 1.2201 -18.1467 25.8224 442.1346 230.7472 397.6986 497.3783 -88.1755 0.0000 0.0000
420.03 15.07.2018 12.00.01 30.51159 300.9740 856.0021 1.0542 -18.0443 25.4646 431.2290 224.5849 398.0444 496.6184 -85.0364 0.0000 0.0000
430.03 15.07.2018 12.10.01 30.72061 300.9439 743.4132 0.9155 -17.8607 25.0350 419.6534 218.1441 398.5497 494.5930 -85.6279 0.0000 0.0000
440.03 15.07.2018 12.20.01 30.91012 300.8394 644.3085 0.7935 -17.6223 24.5544 411.5183 213.8059 398.8241 491.2705 -91.3813 0.0000 0.0000
450.03 15.07.2018 12.30.01 31.08160 300.8079 541.0625 0.6663 -17.3414 24.0104 406.5303 211.4039 398.7232 488.2043 -97.6849 0.0000 0.0000
460.03 15.07.2018 12.40.01 31.23474 300.8246 487.0383 0.5998 -17.0157 23.4873 402.0519 209.2476 398.6018 485.6624 -100.5590 0.0000 0.0000
470.03 15.07.2018 12.50.01 31.37710 300.8361 500.5103 0.6164 -16.6795 23.0612 399.9243 208.4289 398.8612 483.7430 -103.9168 0.0000 0.0000
480.03 15.07.2018 13.00.01 31.51833 300.8754 343.2365 0.4227 -16.3743 22.3960 394.4659 205.7923 398.9041 481.6709 -106.0805 0.0000 0.0000
490.03 15.07.2018 13.10.01 31.63366 300.9135 204.8966 0.2523 -15.9762 21.6380 386.4334 201.7948 398.8279 480.6729 -103.5059 0.0000 0.0000
500.03 15.07.2018 13.20.01 31.72585 300.9496 74.7087 0.0920 -15.5007 20.7903 376.8513 196.9352 398.6737 479.5168 -100.5117 0.0000 0.0000
510.03 15.07.2018 13.30.01 31.79589 300.9875 -27.4692 -0.0338 -14.9576 19.8984 366.6075 191.7121 398.3852 478.2829 -97.2628 0.0000 0.0000
520.03 15.07.2018 13.40.01 31.84765 301.0267 -87.9993 -0.1084 -14.3695 19.0149 356.6095 186.5983 397.9881 477.0527 -93.8569 0.0000 0.0000
530.03 15.07.2018 13.50.01 31.88741 301.0729 -127.8676 -0.1575 -13.7684 18.1478 347.1918 181.8203 397.6854 475.9524 -90.5333 0.0000 0.0000
540.03 15.07.2018 14.00.01 31.91787 301.1168 -244.9992 -0.3017 -13.1660 17.1524 336.2102 176.2017 397.2832 474.6509 -86.9571 0.0000 0.0000
550.03 15.07.2018 14.10.01 31.92703 301.1502 -533.5438 -0.6571 -12.5045 15.7966 309.9886 162.1362 397.5407 472.3971 -78.6566 0.0000 0.0000
560.03 15.07.2018 14.20.01 31.88983 301.1827 -730.4374 -0.8996 -11.6654 14.3545 290.9984 152.4748 397.2511 470.9094 -71.5698 0.0000 0.0000
570.03 15.07.2018 14.30.01 31.81976 301.2347 -774.7961 -0.9542 -10.7229 13.0250 274.8840 144.4539 397.0704 469.8151 -65.2093 0.0000 0.0000
580.03 15.07.2018 14.40.01 31.73940 301.2928 -756.9654 -0.9322 -9.7877 11.8073 258.5074 136.2242 397.1556 468.7524 -59.2112 0.0000 0.0000
590.03 15.07.2018 14.50.01 31.65811 301.3514 -788.4271 -0.9710 -8.8993 10.5711 240.6638 127.1284 396.9879 467.3150 -53.3410 0.0000 0.0000
600.03 15.07.2018 15.00.01 31.56881 301.4063 -799.0461 -0.9840 -8.0197 9.3809 222.9839 118.0954 396.6010 465.6805 -47.8559 0.0000 0.0000
610.03 15.07.2018 15.10.01 31.47518 301.3451 -621.6990 -0.7656 -7.1829 8.5563 214.5940 113.9796 395.6112 463.7547 -47.4238 0.0000 0.0000
620.03 15.07.2018 15.20.01 31.40682 301.4015 -505.3729 -0.6224 -6.4979 7.8340 206.0624 109.7016 394.8311 461.9810 -46.2807 0.0000 0.0000
630.03 15.07.2018 15.30.01 31.35198 301.3278 -749.0341 -0.9225 -5.9211 6.6648 195.0961 104.3001 393.9353 459.5347 -45.9280 0.0000 0.0000
640.03 15.07.2018 15.40.01 31.26040 301.2280 -468.2141 -0.5766 -5.1919 6.1538 186.9124 100.1027 393.0866 457.3029 -45.7246 0.0000 0.0000
650.03 15.07.2018 15.50.01 31.20748 301.1266 -371.5881 -0.4576 -4.6892 5.6421 178.3870 95.7007 392.1573 454.9583 -45.5044 0.0000 0.0000
660.03 15.07.2018 16.00.01 31.16705 300.9972 -391.0855 -0.4816 -4.2724 5.0543 169.4339 91.0995 391.0539 452.4048 -45.2783 0.0000 0.0000
670.03 15.07.2018 16.10.01 31.12197 300.8180 -457.1184 -0.5630 -3.8568 4.3918 163.1991 88.1080 388.7666 450.4871 -42.4052 0.0000 0.0000
680.03 15.07.2018 16.20.01 31.06533 300.6478 -435.0854 -0.5358 -3.4146 3.8384 153.2026 82.7773 386.3730 447.9230 -39.5355 0.0000 0.0000
690.03 15.07.2018 16.30.01 31.00976 300.4703 -398.6059 -0.4909 -3.0108 3.3599 144.4601 78.1425 384.1190 445.4626 -37.1908 0.0000 0.0000
700.03 15.07.2018 16.40.01 30.95788 300.2992 -278.7903 -0.3433 -2.6531 3.0797 137.3378 74.3405 381.8481 443.2444 -34.8007 0.0000 0.0000
710.03 15.07.2018 16.50.01 30.92184 300.1078 -238.0311 -0.2931 -2.3990 2.8078 129.1408 69.8875 379.6437 440.8022 -32.5964 0.0000 0.0000
720.03 15.07.2018 17.00.01 30.89025 299.8884 -254.8936 -0.3139 -2.1874 2.4981 126.1846 68.6074 377.3000 438.9984 -31.4251 0.0000 0.0000
730.03 15.07.2018 17.10.01 30.85516 299.6764 -198.2411 -0.2441 -1.9779 2.3117 121.2245 66.0079 375.4702 436.8785 -30.1042 0.0000 0.0000
740.03 15.07.2018 17.20.01 30.82699 299.4604 -185.7143 -0.2287 -1.8225 2.1251 116.4166 63.5000 373.7025 434.7787 -28.9987 0.0000 0.0000
750.03 15.07.2018 17.30.01 30.79946 299.2470 -193.5786 -0.2384 -1.6876 1.9323 110.9070 60.5758 371.9442 432.5891 -27.8453 0.0000 0.0000
760.03 15.07.2018 17.40.01 30.76956 299.0362 -194.7469 -0.2398 -1.5583 1.7579 105.8363 57.9467 370.2304 430.5318 -26.7934 0.0000 0.0000
770.03 15.07.2018 17.50.01 30.73828 298.8264 -213.6530 -0.2631 -1.4400 1.5692 98.5864 54.0211 368.4986 428.1559 -25.4193 0.0000 0.0000
780.03 15.07.2018 18.00.01 30.70300 298.6129 -233.7012 -0.2878 -1.3201 1.3764 91.8776 50.4233 366.7198 425.8255 -24.0612 0.0000 0.0000
790.03 15.07.2018 18.10.01 30.66339 298.0849 -228.7202 -0.2817 -1.2000 1.2244 82.1966 45.1677 364.9087 422.8289 -23.7583 0.0000 0.0000
800.03 15.07.2018 18.20.01 30.62255 297.5544 -252.2587 -0.3107 -1.1015 1.0545 71.8191 39.5075 362.9564 419.5820 -23.1567 0.0000 0.0000
810.03 15.07.2018 18.30.01 30.57650 297.0277 -277.2169 -0.3414 -1.0040 0.8835 61.0918 33.6388 360.9295 416.1786 -22.3824 0.0000 0.0000
820.03 15.07.2018 18.40.01 30.52499 296.4971 -293.7343 -0.3617 -0.9054 0.7248 45.9050 25.2996 358.9245 412.3157 -21.0930 0.0000 0.0000
830.03 15.07.2018 18.50.01 30.46923 295.9638 -321.7302 -0.3962 -0.8112 0.5533 30.0287 16.5566 356.8355 408.1737 -19.4939 0.0000 0.0000
840.03 15.07.2018 19.00.01 30.40768 295.4283 -345.5482 -0.4256 -0.7133 0.3837 14.0499 7.7494 354.7353 403.8983 -17.6966 0.0000 0.0000
850.03 15.07.2018 19.10.01 30.34103 294.7864 -335.3757 -0.4130 -0.6149 0.2691 10.9093 6.0018 352.7190 400.5136 -17.2670 0.0000 0.0000
860.03 15.07.2018 19.20.01 30.27429 294.1602 -310.3182 -0.3822 -0.5393 0.2095 9.0822 5.0008 350.9625 397.5707 -17.3157 0.0000 0.0000
870.03 15.07.2018 19.30.01 30.20980 293.5373 -304.7317 -0.3753 -0.4958 0.1607 7.4365 4.1006 349.3152 394.7950 -17.5416 0.0000 0.0000
880.03 15.07.2018 19.40.01 30.14483 292.9194 -311.5659 -0.3837 -0.4689 0.1136 5.1291 2.8317 347.7330 392.1307 -17.5616 0.0000 0.0000
890.03 15.07.2018 19.50.01 30.07763 292.3018 -325.1831 -0.4005 -0.4492 0.0649 2.7533 1.5231 346.1761 389.5294 -17.6770 0.0000 0.0000
900.03 15.07.2018 20.00.01 30.00710 291.6793 -340.9220 -0.4199 -0.4320 0.0161 0.3520 0.1991 344.6311 386.9737 -17.8982 0.0000 0.0000
910.03 15.07.2018 20.10.01 29.93304 291.2621 -336.4636 -0.4144 -0.4165 0.0029 0.0634 0.0359 343.0647 384.8656 -17.5720 0.0000 0.0000
920.03 15.07.2018 20.20.01 29.85818 290.8641 -337.3671 -0.4155 -0.4159 0.0005 0.0115 0.0065 341.5720 382.9090 -17.4009 0.0000 0.0000
930.03 15.07.2018 20.30.01 29.78204 290.4615 -347.0942 -0.4275 -0.4275 0.0001 0.0021 0.0012 340.1130 381.0069 -17.4710 0.0000 0.0000
940.03 15.07.2018 20.40.01 29.70309 290.0577 -361.9110 -0.4457 -0.4457 0.0000 0.0004 0.0002 338.6842 379.1911 -17.5468 0.0000 0.0000
950.03 15.07.2018 20.50.01 29.62042 289.6542 -380.0908 -0.4681 -0.4681 0.0000 0.0001 0.0000 337.2574 377.4201 -17.7321 0.0000 0.0000
960.03 15.07.2018 21.00.01 29.53347 289.2681 -399.9961 -0.4926 -0.4926 0.0000 0.0000 0.0000 335.8278 375.7057 -17.9196 0.0000 0.0000
970.03 15.07.2018 21.10.01 29.44210 289.1041 -418.7914 -0.5158 -0.5158 0.0000 0.0000 0.0000 334.5005 374.7190 -15.4964 0.0000 0.0000
980.03 15.07.2018 21.20.01 29.34713 288.6996 -433.5138 -0.5339 -0.5339 0.0000 0.0000 0.0000 332.9117 373.2378 -15.5015 0.0000 0.0000
990.03 15.07.2018 21.30.01 29.24859 288.5060 -450.3099 -0.5546 -0.5546 0.0000 0.0000 0.0000 331.9768 371.7251 -16.4600 0.0000 0.0000
1000.03 15.07.2018 21.40.01 29.14645 288.4449 -465.1198 -0.5728 -0.5728 0.0000 0.0000 0.0000 331.1207 370.8638 -14.5042 0.0000 0.0000
1010.03 15.07.2018 21.50.01 29.04119 287.7726 -479.9547 -0.5911 -0.5911 0.0000 0.0000 0.0000 329.6768 368.9097 -17.0016 0.0000 0.0000
1020.03 15.07.2018 22.00.01 28.93200 287.2442 -500.5297 -0.6164 -0.6164 0.0000 0.0000 0.0000 328.6202 366.7087 -20.4716 0.0000 0.0000
1030.03 15.07.2018 22.10.01 28.81796 287.1150 -520.7546 -0.6413 -0.6413 0.0000 0.0000 0.0000 327.8505 365.5611 -19.5494 0.0000 0.0000
1040.03 15.07.2018 22.20.01 28.70059 286.9890 -530.2981 -0.6531 -0.6531 0.0000 0.0000 0.0000 327.0755 364.4930 -18.7622 0.0000 0.0000
1050.03 15.07.2018 22.30.01 28.58175 286.8668 -535.4764 -0.6595 -0.6595 0.0000 0.0000 0.0000 326.3487 363.4931 -18.0903 0.0000 0.0000
1060.03 15.07.2018 22.40.01 28.46185 286.7503 -539.3521 -0.6642 -0.6642 0.0000 0.0000 0.0000 325.6521 362.5555 -17.4756 0.0000 0.0000
1070.03 15.07.2018 22.50.01 28.34109 286.6373 -543.2294 -0.6690 -0.6690 0.0000 0.0000 0.0000 324.9733 361.6605 -16.9363 0.0000 0.0000
1080.03 15.07.2018 23.00.01 28.21945 286.5318 -547.6927 -0.6745 -0.6745 0.0000 0.0000 0.0000 324.3051 360.8062 -16.4409 0.0000 0.0000
1090.03 15.07.2018 23.10.01 28.09683 286.6853 -551.8921 -0.6797 -0.6797 0.0000 0.0000 0.0000 323.8214 360.6334 -13.7298 0.0000 0.0000
1100.03 15.07.2018 23.20.01 27.97326 286.5749 -554.8383 -0.6833 -0.6833 0.0000 0.0000 0.0000 323.3082 359.9885 -13.2386 0.0000 0.0000
1110.03 15.07.2018 23.30.01 27.84890 286.3143 -561.7183 -0.6918 -0.6918 0.0000 0.0000 0.0000 322.6700 358.8206 -14.7895 0.0000 0.0000
1120.03 15.07.2018 23.40.01 27.72250 286.1210 -571.8105 -0.7042 -0.7042 0.0000 0.0000 0.0000 322.2778 358.1829 -14.4448 0.0000 0.0000
1130.03 15.07.2018 23.50.01 27.59323 285.8682 -590.0174 -0.7266 -0.7266 0.0000 0.0000 0.0000 321.9010 356.9226 -16.4898 0.0000 0.0000
1140.03 16.07.2018 00.00.01 27.45901 285.5777 -613.7556 -0.7559 -0.7559 0.0000 0.0000 0.0000 321.2440 355.3968 -18.8771 0.0000 0.0000
1150.03 16.07.2018 00.10.01 27.32009 285.5985 -629.2564 -0.7749 -0.7749 0.0000 0.0000 0.0000 320.8293 354.8383 -17.4878 0.0000 0.0000
1160.03 16.07.2018 00.20.01 27.17959 285.6399 -630.0771 -0.7760 -0.7760 0.0000 0.0000 0.0000 320.5025 354.3682 -16.2466 0.0000 0.0000
1170.03 16.07.2018 00.30.01 27.03973 285.6629 -625.0073 -0.7697 -0.7697 0.0000 0.0000 0.0000 320.2059 353.9189 -15.2373 0.0000 0.0000
1180.03 16.07.2018 00.40.01 26.90112 285.6779 -618.5190 -0.7617 -0.7617 0.0000 0.0000 0.0000 319.9307 353.4992 -14.3428 0.0000 0.0000
1190.03 16.07.2018 00.50.01 26.76397 285.6828 -612.6829 -0.7545 -0.7545 0.0000 0.0000 0.0000 319.6713 353.0921 -13.5817 0.0000 0.0000
1200.03 16.07.2018 01.00.01 26.62805 285.6750 -607.4863 -0.7481 -0.7481 0.0000 0.0000 0.0000 319.4242 352.6889 -12.9475 0.0000 0.0000
1210.03 16.07.2018 01.10.01 26.49319 285.5696 -602.7861 -0.7423 -0.7423 0.0000 0.0000 0.0000 319.0577 352.1280 -12.8768 0.0000 0.0000
1220.03 16.07.2018 01.20.01 26.35934 285.4606 -598.0998 -0.7366 -0.7366 0.0000 0.0000 0.0000 318.6834 351.5485 -12.8548 0.0000 0.0000
1230.03 16.07.2018 01.30.01 26.22650 285.3449 -593.7368 -0.7312 -0.7312 0.0000 0.0000 0.0000 318.2887 350.9537 -12.8873 0.0000 0.0000
1240.03 16.07.2018 01.40.01 26.09460 285.2548 -589.7773 -0.7263 -0.7263 0.0000 0.0000 0.0000 317.8906 350.4596 -12.5453 0.0000 0.0000
1250.03 16.07.2018 01.50.01 25.96374 285.1701 -584.6188 -0.7200 -0.7200 0.0000 0.0000 0.0000 317.5188 349.9745 -12.2609 0.0000 0.0000
1260.03 16.07.2018 02.00.01 25.83407 285.0701 -579.6802 -0.7139 -0.7139 0.0000 0.0005 0.0003 317.1256 349.4562 -12.1357 0.0000 0.0000
1270.03 16.07.2018 02.10.01 25.70544 285.1024 -568.6639 -0.7003 -0.7093 0.0120 0.3132 0.1689 316.8039 349.4729 -10.4265 0.0000 0.0000
1280.03 16.07.2018 02.20.01 25.57824 285.0166 -561.6494 -0.6917 -0.7116 0.0266 0.6794 0.3677 316.3022 349.0820 -10.2565 0.0000 0.0000
1290.03 16.07.2018 02.30.01 25.45193 284.8306 -561.7656 -0.6918 -0.7229 0.0415 1.0547 0.5717 315.8963 348.3101 -11.5074 0.0000 0.0000
1300.03 16.07.2018 02.40.01 25.32531 284.9981 -562.9971 -0.6933 -0.7357 0.0565 1.4317 0.7767 315.6776 348.4079 -9.5690 0.0000 0.0000
1310.03 16.07.2018 02.50.01 25.19915 284.7129 -559.0765 -0.6885 -0.7422 0.0715 1.8091 0.9818 315.2151 347.6843 -10.6442 0.0000 0.0000
1320.03 16.07.2018 03.00.01 25.07339 284.5215 -559.9608 -0.6896 -0.7546 0.0867 2.1893 1.1885 314.8033 346.7193 -12.4940 0.0000 0.0000
1330.03 16.07.2018 03.10.01 24.94717 284.6824 -521.9221 -0.6428 -0.7680 0.1670 4.2662 2.3102 314.7273 346.7116 -11.4656 0.0000 0.0000
1340.03 16.07.2018 03.20.01 24.82720 284.8556 -492.8758 -0.6070 -0.8027 0.2610 6.6344 3.5963 314.7972 346.8698 -10.5877 0.0000 0.0000
1350.03 16.07.2018 03.30.01 24.71240 285.0327 -473.4031 -0.5830 -0.8509 0.3572 9.0519 4.9104 314.9291 347.1207 -9.8200 0.0000 0.0000
1360.03 16.07.2018 03.40.01 24.60131 285.2119 -458.6311 -0.5648 -0.9052 0.4538 11.4787 6.2296 315.0995 347.4434 -9.1310 0.0000 0.0000
1370.03 16.07.2018 03.50.01 24.49316 285.3911 -446.0583 -0.5493 -0.9622 0.5505 13.9071 7.5498 315.2748 347.8175 -8.5202 0.0000 0.0000
1380.03 16.07.2018 04.00.01 24.38763 285.5779 -435.2287 -0.5360 -1.0214 0.6472 16.3354 8.8700 315.4827 348.2484 -7.9440 0.0000 0.0000
1390.03 16.07.2018 04.10.01 24.28457 286.4300 -428.2534 -0.5274 -1.0789 0.7354 18.5397 10.0693 317.0015 349.8267 -4.4872 0.0000 0.0000
1400.03 16.07.2018 04.20.01 24.18401 287.2181 -414.6628 -0.5107 -1.1269 0.8217 20.7055 11.2469 318.6330 351.2624 -1.8578 0.0000 0.0000
1410.03 16.07.2018 04.30.01 24.08700 287.9032 -397.5432 -0.4896 -1.1703 0.9077 22.8648 12.4209 320.2410 352.6804 0.5581 0.0000 0.0000
1420.03 16.07.2018 04.40.01 23.99383 288.6455 -379.5346 -0.4674 -1.2126 0.9936 25.0229 13.5941 321.9770 354.3152 1.9881 0.0000 0.0000
1430.03 16.07.2018 04.50.01 23.90487 289.3899 -360.3752 -0.4438 -1.2535 1.0795 62.4636 34.0378 323.7451 358.6095 1.2891 0.0000 0.0000
1440.03 16.07.2018 05.00.01 23.82049 290.2201 -294.6601 -0.3629 -1.2922 1.2390 71.9020 39.2322 325.9381 362.0052 2.2547 0.0000 0.0000
1450.03 16.07.2018 05.10.01 23.74761 290.8436 -287.3249 -0.3538 -1.3592 1.3405 255.9454 139.8217 327.7618 378.5939 -12.2246 0.0000 0.0000
1460.03 16.07.2018 05.20.01 23.67877 291.6289 -23.1425 -0.0285 -1.4125 1.8454 448.0119 244.9207 331.8198 403.2116 -32.1022 0.0000 0.0000
1470.03 16.07.2018 05.30.01 23.65173 292.4746 186.4285 0.2296 -1.6303 2.4798 633.9909 346.2898 336.9532 432.1807 -55.7108 0.0000 0.0000
1480.03 16.07.2018 05.40.01 23.65933 293.2359 321.7673 0.3963 -1.9617 3.1440 606.9082 331.8980 342.5121 443.9232 -68.1527 0.0000 0.0000
1490.03 16.07.2018 05.50.01 23.68994 293.8394 78.2164 0.0963 -2.3495 3.2611 564.6680 308.8242 345.4962 447.2704 -78.8026 0.0000 0.0000
1500.03 16.07.2018 06.00.01 23.68862 294.4368 -62.6962 -0.0772 -2.5228 3.2608 528.2818 289.3492 347.6083 448.3350 -89.8849 0.0000 0.0000
1510.03 16.07.2018 06.10.01 23.66982 294.8005 -95.9382 -0.1182 -2.5634 3.2603 559.3691 308.9534 349.2500 459.3319 -96.9379 0.0000 0.0000
1520.03 16.07.2018 06.20.01 23.64919 295.1973 -7.7545 -0.0095 -2.5539 3.3925 539.8695 298.1053 351.3186 462.2299 -97.2689 0.0000 0.0000
1530.03 16.07.2018 06.30.01 23.64440 295.5559 36.3016 0.0447 -2.5773 3.4961 526.7645 291.1148 353.2520 465.1312 -97.8111 0.0000 0.0000
1540.03 16.07.2018 06.40.01 23.64990 295.9195 92.7166 0.1142 -2.5987 3.6171 513.9113 283.8795 355.2523 467.0687 -97.0265 0.0000 0.0000
1550.03 16.07.2018 06.50.01 23.67043 296.2761 932.2548 1.1481 -2.6238 5.0292 512.6495 282.6250 357.3286 469.8423 -97.7009 0.0000 0.0000
1560.03 16.07.2018 07.00.01 23.81985 296.6437 1493.8545 1.8397 -3.2084 6.7309 513.7814 282.5879 359.5262 472.6399 -98.4466 0.0000 0.0000
1570.03 16.07.2018 07.10.01 24.05874 296.9596 1744.4414 2.1483 -4.1322 8.3740 518.4265 284.4706 361.7551 475.6446 -99.0350 0.0000 0.0000
1580.03 16.07.2018 07.20.01 24.34225 297.2746 1879.9189 2.3152 -5.1649 9.9735 522.9103 286.2894 364.0494 478.6498 -99.6192 0.0000 0.0000
1590.03 16.07.2018 07.30.01 24.65280 297.5899 1925.3257 2.3711 -6.2249 11.4614 525.8543 287.2684 366.5014 481.4601 -99.8708 0.0000 0.0000
1600.03 16.07.2018 07.40.01 24.97708 297.9105 2001.6366 2.4651 -7.2529 12.9573 531.3706 289.6807 368.9664 484.7137 -99.6367 0.0000 0.0000
1610.03 16.07.2018 07.50.01 25.31851 298.2302 2016.2167 2.4830 -8.2764 14.3458 535.6207 291.4143 371.3757 487.9242 -99.0433 0.0000 0.0000
1620.03 16.07.2018 08.00.01 25.66747 298.5526 1927.5693 2.3739 -9.2560 15.5065 537.1269 291.6734 373.6228 490.7660 -98.0977 0.0000 0.0000
1630.03 16.07.2018 08.10.01 26.00872 298.7608 2006.3331 2.4709 -10.1248 16.7942 541.1328 293.3294 375.9667 492.8382 -101.6008 0.0000 0.0000
1640.03 16.07.2018 08.20.01 26.36550 298.9966 1984.7705 2.4443 -11.0105 17.9397 542.9633 293.7878 378.0138 494.5098 -104.4845 0.0000 0.0000
1650.03 16.07.2018 08.30.01 26.72311 299.2540 1986.0980 2.4459 -11.8419 19.0505 544.8837 294.3257 380.2602 496.2518 -106.9847 0.0000 0.0000
1660.03 16.07.2018 08.40.01 27.08465 299.5444 1990.1274 2.4509 -12.6382 20.1188 547.2398 295.0836 382.3409 498.5500 -106.5401 0.0000 0.0000
1670.03 16.07.2018 08.50.01 27.45022 299.8413 1973.8783 2.4309 -13.4032 21.1121 548.4260 295.1961 384.3304 500.7327 -106.0426 0.0000 0.0000
1680.03 16.07.2018 09.00.01 27.81613 300.1211 1829.6171 2.2532 -14.1243 21.8367 545.9327 293.3036 385.9866 502.4263 -104.9080 0.0000 0.0000
1690.03 16.07.2018 09.10.01 28.16387 300.3144 1845.4028 2.2727 -14.7154 22.6507 545.1047 292.3707 387.5583 503.9326 -105.7916 0.0000 0.0000
1700.03 16.07.2018 09.20.01 28.51589 300.4567 1816.9126 2.2376 -15.2976 23.3803 543.5091 291.0411 389.1336 505.2481 -106.4883 0.0000 0.0000
1710.03 16.07.2018 09.30.01 28.86563 300.5993 1793.3403 2.2085 -15.8404 24.0652 542.2022 289.9183 390.8916 506.6202 -107.0709 0.0000 0.0000
1720.03 16.07.2018 09.40.01 29.21368 300.7493 1789.2670 2.2035 -16.3480 24.7354 541.5639 289.1315 392.3712 507.9331 -106.9314 0.0000 0.0000
1730.03 16.07.2018 09.50.01 29.56271 300.8431 1758.8851 2.1661 -16.8360 25.3361 540.2593 287.9974 393.7890 508.5548 -108.4542 0.0000 0.0000
1740.03 16.07.2018 10.00.01 29.90844 300.9236 1643.2175 2.0237 -17.2882 25.7492 537.0394 285.8561 395.0716 508.5695 -110.4088 0.0000 0.0000
1750.03 16.07.2018 10.10.01 30.23724 301.1281 1331.7981 1.6401 -17.6459 25.7147 525.4436 279.3717 396.7570 510.5769 -102.5629 0.0000 0.0000
1760.03 16.07.2018 10.20.01 30.52056 301.1362 1152.6814 1.4196 -17.7740 25.5914 513.6303 272.8236 398.6732 510.5827 -100.7815 0.0000 0.0000
1770.03 16.07.2018 10.30.01 30.77664 301.2053 960.7277 1.1832 -17.7773 25.2807 499.4055 264.9698 399.9979 508.8006 -101.9712 0.0000 0.0000
1780.03 16.07.2018 10.40.01 31.00341 301.2045 918.5677 1.1312 -17.6550 25.0484 487.8245 258.5440 401.0553 507.2680 -101.1898 0.0000 0.0000
1790.03 16.07.2018 10.50.01 31.22338 301.2540 853.2891 1.0508 -17.5065 24.7432 476.0039 252.0296 401.9931 505.5428 -101.0174 0.0000 0.0000
1800.03 16.07.2018 11.00.01 31.43118 301.3748 732.3838 0.9020 -17.3273 24.3057 463.5574 245.2386 402.9038 503.6868 -101.1832 0.0000 0.0000
1810.03 16.07.2018 11.10.01 31.62145 301.5710 1138.6808 1.4023 -17.0805 24.6438 461.4315 243.5830 403.9198 506.9792 -87.4299 0.0000 0.0000
1820.03 16.07.2018 11.20.01 31.87243 301.9045 1329.9332 1.6379 -17.1199 25.0103 460.1601 242.4186 404.5578 509.9657 -80.5095 0.0000 0.0000
1830.03 16.07.2018 11.30.01 32.15310 302.5407 1403.8236 1.7288 -17.2880 25.3558 458.8139 241.2251 404.5223 508.7717 -86.9817 0.0000 0.0000
1840.03 16.07.2018 11.40.01 32.44528 303.0799 1422.8665 1.7523 -17.5067 25.6786 457.1586 239.8390 405.2645 511.3848 -78.8069 0.0000 0.0000
1850.03 16.07.2018 11.50.01 32.74053 302.5339 1412.6744 1.7397 -17.7340 25.9651 455.0633 238.2162 406.0318 510.2178 -86.2070 0.0000 0.0000
1860.03 16.07.2018 12.00.01 33.03341 302.5063 1299.0381 1.5998 -17.9594 26.0789 450.9807 235.5323 406.2200 508.2989 -93.3299 0.0000 0.0000
1870.03 16.07.2018 12.10.01 33.30691 302.5996 798.8989 0.9839 -18.0985 25.4432 437.2550 228.1283 406.4106 506.9378 -91.5734 0.0000 0.0000
1880.03 16.07.2018 12.20.01 33.50472 302.7084 507.9841 0.6256 -17.8878 24.6845 425.3228 221.8932 406.3209 505.5270 -90.0597 0.0000 0.0000
1890.03 16.07.2018 12.30.01 33.65667 302.7796 329.6449 0.4060 -17.4901 23.8614 415.8885 217.2052 405.9911 504.2060 -89.1581 0.0000 0.0000
1900.03 16.07.2018 12.40.01 33.77908 302.8314 248.2813 0.3058 -16.9946 23.0671 407.4393 213.0436 405.6047 502.9682 -87.9723 0.0000 0.0000
1910.03 16.07.2018 12.50.01 33.88635 302.8999 249.2908 0.3070 -16.4727 22.3729 400.9431 209.9782 405.5572 502.0025 -87.2941 0.0000 0.0000
1920.03 16.07.2018 13.00.01 33.99023 302.9372 102.6678 0.1264 -15.9778 21.4724 391.4251 205.2560 405.3096 500.4379 -86.4835 0.0000 0.0000
1930.03 16.07.2018 13.10.01 34.06823 302.8947 -226.3026 -0.2787 -15.4014 20.1636 377.5897 198.5811 405.2973 498.9507 -83.4520 0.0000 0.0000
1940.03 16.07.2018 13.20.01 34.09362 302.8136 -433.9601 -0.5344 -14.6218 18.7832 361.7364 190.7496 405.0015 496.8321 -80.8752 0.0000 0.0000
1950.03 16.07.2018 13.30.01 34.08410 302.6154 -525.5572 -0.6472 -13.7359 17.4516 346.1105 183.0177 404.5395 494.3788 -79.1475 0.0000 0.0000
1960.03 16.07.2018 13.40.01 34.05572 302.2328 -587.1925 -0.7231 -12.8375 16.1524 330.3270 175.1721 403.7244 491.5519 -78.0462 0.0000 0.0000
1970.03 16.07.2018 13.50.01 34.01360 302.1709 -607.8093 -0.7485 -11.9376 14.9188 314.9286 167.5082 403.0917 489.0345 -75.7211 0.0000 0.0000
1980.03 16.07.2018 14.00.01 33.96478 302.1142 -612.2295 -0.7540 -11.0581 13.7388 299.9113 160.0320 402.5433 486.4664 -73.4683 0.0000 0.0000
1990.03 16.07.2018 14.10.01 33.91287 302.0439 -413.3560 -0.5091 -10.2125 12.9379 283.6639 151.2337 401.4834 482.5895 -72.9908 0.0000 0.0000
2000.03 16.07.2018 14.20.01 33.88751 301.9574 -332.5649 -0.4096 -9.5396 12.1734 272.3956 145.3952 400.2355 479.2793 -72.8761 0.0000 0.0000
2010.03 16.07.2018 14.30.01 33.87182 301.8807 -283.0913 -0.3486 -8.9498 11.4682 262.6888 140.4490 399.1328 476.1453 -72.8709 0.0000 0.0000
2020.03 16.07.2018 14.40.01 33.86147 301.8162 -249.0219 -0.3067 -8.4185 10.8158 252.9178 135.4375 398.1893 472.9678 -72.8523 0.0000 0.0000
2030.03 16.07.2018 14.50.01 33.85403 301.7478 -258.1283 -0.3179 -7.9312 10.1511 242.4518 130.0182 397.1778 469.7393 -72.2655 0.0000 0.0000
2040.03 16.07.2018 15.00.01 33.84329 301.6791 -269.0359 -0.3313 -7.4577 9.5019 232.0175 124.6055 396.1277 466.5341 -71.3993 0.0000 0.0000
2050.03 16.07.2018 15.10.01 33.82897 301.6441 -193.5979 -0.2384 -7.0039 9.0207 226.0608 121.3720 394.6901 464.2839 -67.3697 0.0000 0.0000
2060.03 16.07.2018 15.20.01 33.82507 301.6152 -179.8147 -0.2214 -6.6203 8.5318 219.9932 118.0777 393.4367 462.3314 -63.4498 0.0000 0.0000
2070.03 16.07.2018 15.30.01 33.82034 301.5966 -445.3361 -0.5484 -6.2639 7.6206 211.7295 113.7842 392.1875 460.2188 -60.0268 0.0000 0.0000
2080.03 16.07.2018 15.40.01 33.77535 301.5695 -336.0579 -0.4139 -5.7363 7.0965 206.0433 110.6852 391.0767 458.4771 -56.8892 0.0000 0.0000
2090.03 16.07.2018 15.50.01 33.74371 301.5460 -356.8657 -0.4395 -5.3120 6.4966 199.7954 107.3065 389.9948 456.7339 -54.0444 0.0000 0.0000
2100.03 16.07.2018 16.00.01 33.70629 301.5250 -506.8186 -0.6242 -4.8935 5.6924 192.2939 103.3305 388.8994 454.9035 -51.2588 0.0000 0.0000
2110.03 16.07.2018 16.10.01 33.64483 301.3784 -511.8551 -0.6304 -4.3895 5.0122 184.0988 99.3148 387.7230 453.3416 -49.8160 0.0000 0.0000
2120.03 16.07.2018 16.20.01 33.58001 301.2219 -489.8625 -0.6033 -3.9085 4.4070 172.8077 93.3849 386.2774 451.1371 -47.7563 0.0000 0.0000
2130.03 16.07.2018 16.30.01 33.51592 301.0579 -449.2426 -0.5533 -3.4684 3.8869 161.6064 87.4447 384.9021 448.8471 -45.5066 0.0000 0.0000
2140.03 16.07.2018 16.40.01 33.45596 300.8846 -310.2289 -0.3821 -3.0809 3.5985 151.6966 82.1495 383.3874 446.5800 -43.7744 0.0000 0.0000
2150.03 16.07.2018 16.50.01 33.41433 300.7166 -265.5153 -0.3270 -2.8135 3.3154 140.5706 76.1206 381.8669 444.1226 -41.4538 0.0000 0.0000
2160.03 16.07.2018 17.00.01 33.37756 300.5437 -278.9525 -0.3435 -2.5946 3.0015 134.4275 73.1044 380.2104 442.2786 -39.7932 0.0000 0.0000
2170.03 16.07.2018 17.10.01 33.33743 300.3418 -241.1084 -0.2969 -2.3815 2.7794 127.0134 69.1556 378.7037 440.1381 -37.6198 0.0000 0.0000
2180.03 16.07.2018 17.20.01 33.30117 300.1044 -229.6373 -0.2828 -2.2111 2.5711 119.9184 65.3879 377.2242 437.9766 -35.9224 0.0000 0.0000
2190.03 16.07.2018 17.30.01 33.26507 299.8831 -238.1901 -0.2933 -2.0637 2.3605 112.1695 61.2297 375.7552 435.7575 -34.0014 0.0000 0.0000
2200.03 16.07.2018 17.40.01 33.22628 299.6531 -242.6935 -0.2989 -1.9245 2.1676 103.9507 56.8551 374.3231 433.5412 -32.1588 0.0000 0.0000
2210.03 16.07.2018 17.50.01 33.18536 299.4219 -264.9283 -0.3263 -1.7962 1.9600 93.7622 51.3098 372.8567 431.0251 -29.9356 0.0000 0.0000
2220.03 16.07.2018 18.00.01 33.13964 299.1938 -286.6827 -0.3531 -1.6660 1.7506 83.8801 45.9497 371.3475 428.5137 -27.6112 0.0000 0.0000
2230.03 16.07.2018 18.10.01 33.08923 298.8228 -313.6256 -0.3862 -1.5355 1.5324 74.2844 40.7319 369.6562 425.7620 -25.7170 0.0000 0.0000
2240.03 16.07.2018 18.20.01 33.03301 298.4577 -339.8160 -0.4185 -1.4024 1.3118 64.4184 35.3538 367.9228 422.9005 -23.8894 0.0000 0.0000
2250.03 16.07.2018 18.30.01 32.97112 298.0732 -363.8177 -0.4481 -1.2683 1.0937 54.3734 29.8667 366.1286 419.9243 -22.1750 0.0000 0.0000
2260.03 16.07.2018 18.40.01 32.90383 297.6888 -384.0406 -0.4730 -1.1351 0.8828 41.1089 22.5959 364.3439 416.7030 -19.8782 0.0000 0.0000
2270.03 16.07.2018 18.50.01 32.83166 297.3038 -410.7671 -0.5059 -1.0038 0.6639 27.3794 15.0522 362.5751 413.3079 -17.4831 0.0000 0.0000
2280.03 16.07.2018 19.00.01 32.75387 296.9124 -434.6361 -0.5353 -0.8699 0.4461 13.4288 7.3742 360.7571 409.7804 -15.0356 0.0000 0.0000
2290.03 16.07.2018 19.10.01 32.67092 296.1583 -400.5836 -0.4933 -0.7369 0.3247 10.4345 5.7185 359.0461 406.6294 -15.4477 0.0000 0.0000
2300.03 16.07.2018 19.20.01 32.59106 295.4056 -371.0613 -0.4570 -0.6481 0.2549 8.5118 4.6669 357.4696 403.7609 -16.3593 0.0000 0.0000
2310.03 16.07.2018 19.30.01 32.51367 294.6765 -368.3013 -0.4536 -0.5995 0.1946 6.7668 3.7148 355.9630 401.0255 -17.3388 0.0000 0.0000
2320.03 16.07.2018 19.40.01 32.43490 293.9576 -379.6378 -0.4675 -0.5694 0.1359 4.6615 2.5621 354.5178 398.4022 -18.0020 0.0000 0.0000
2330.03 16.07.2018 19.50.01 32.35287 293.2633 -397.7413 -0.4898 -0.5471 0.0763 2.5198 1.3882 353.0898 395.8926 -18.4762 0.0000 0.0000
2340.03 16.07.2018 20.00.01 32.26660 292.6314 -416.1491 -0.5125 -0.5251 0.0168 0.3653 0.2065 351.7151 393.5090 -18.7274 0.0000 0.0000
2350.03 16.07.2018 20.10.01 32.17642 292.6039 -405.9043 -0.4999 -0.5021 0.0030 0.0649 0.0367 352.5377 392.1362 -18.0423 0.0000 0.0000
2360.03 16.07.2018 20.20.01 32.08703 292.5400 -400.4620 -0.4932 -0.4936 0.0005 0.0118 0.0067 353.5209 390.9809 -17.8097 0.0000 0.0000
2370.03 16.07.2018 20.30.01 31.99755 292.4609 -402.1827 -0.4953 -0.4954 0.0001 0.0021 0.0012 354.4772 389.9421 -17.7984 0.0000 0.0000
2380.03 16.07.2018 20.40.01 31.90704 292.3726 -410.3354 -0.5053 -0.5054 0.0000 0.0004 0.0002 355.4772 389.0406 -17.8241 0.0000 0.0000
2390.03 16.07.2018 20.50.01 31.81414 292.2330 -423.2184 -0.5212 -0.5212 0.0000 0.0001 0.0000 356.4989 388.1261 -18.3796 0.0000 0.0000
2400.03 16.07.2018 21.00.01 31.71813 292.0760 -438.2227 -0.5397 -0.5397 0.0000 0.0000 0.0000 357.5272 387.2532 -19.1397 0.0000 0.0000
2410.03 16.07.2018 21.10.01 31.61898 292.3768 -449.6664 -0.5538 -0.5538 0.0000 0.0000 0.0000 357.3441 387.0302 -16.6893 0.0000 0.0000
2420.03 16.07.2018 21.20.01 31.51827 292.6991 -453.6261 -0.5587 -0.5587 0.0000 0.0000 0.0000 357.2518 386.8939 -14.3815 0.0000 0.0000
2430.03 16.07.2018 21.30.01 31.41699 293.0411 -453.8573 -0.5589 -0.5589 0.0000 0.0000 0.0000 357.2604 386.8870 -12.1034 0.0000 0.0000
2440.03 16.07.2018 21.40.01 31.31609 293.3881 -453.5610 -0.5586 -0.5586 0.0000 0.0000 0.0000 357.3695 387.0183 -9.7834 0.0000 0.0000
2450.03 16.07.2018 21.50.01 31.21539 293.7658 -450.0841 -0.5543 -0.5543 0.0000 0.0000 0.0000 357.5678 387.3136 -7.3408 0.0000 0.0000
2460.03 16.07.2018 22.00.01 31.11556 294.1589 -445.4086 -0.5485 -0.5485 0.0000 0.0000 0.0000 357.8457 387.7535 -4.8331 0.0000 0.0000
2470.03 16.07.2018 22.10.01 31.01669 293.9144 -441.5255 -0.5438 -0.5438 0.0000 0.0000 0.0000 358.2193 387.4971 -5.9741 0.0000 0.0000
2480.03 16.07.2018 22.20.01 30.91863 293.5700 -441.5096 -0.5437 -0.5437 0.0000 0.0000 0.0000 358.5491 387.1007 -6.8234 0.0000 0.0000
2490.03 16.07.2018 22.30.01 30.82025 293.0651 -442.6623 -0.5452 -0.5452 0.0000 0.0000 0.0000 358.4153 385.8083 -10.5064 0.0000 0.0000
2500.03 16.07.2018 22.40.01 30.72015 292.7265 -455.5828 -0.5611 -0.5611 0.0000 0.0000 0.0000 358.4983 385.4748 -10.4733 0.0000 0.0000
2510.03 16.07.2018 22.50.01 30.61709 292.4096 -468.4349 -0.5769 -0.5769 0.0000 0.0000 0.0000 358.6945 385.0630 -10.7765 0.0000 0.0000
2520.03 16.07.2018 23.00.01 30.51156 292.1026 -477.0191 -0.5875 -0.5875 0.0000 0.0000 0.0000 358.5891 383.7926 -13.8988 0.0000 0.0000
2530.03 16.07.2018 23.10.01 30.40460 291.9931 -482.0710 -0.5937 -0.5937 0.0000 0.0000 0.0000 358.3938 383.2383 -13.8168 0.0000 0.0000
2540.03 16.07.2018 23.20.01 30.29666 291.8854 -484.2518 -0.5964 -0.5964 0.0000 0.0000 0.0000 358.2691 382.7053 -13.8554 0.0000 0.0000
2550.03 16.07.2018 23.30.01 30.18856 291.7802 -486.8139 -0.5995 -0.5995 0.0000 0.0000 0.0000 358.1596 382.1820 -13.9557 0.0000 0.0000
2560.03 16.07.2018 23.40.01 30.07964 291.6786 -486.8313 -0.5995 -0.5995 0.0000 0.0000 0.0000 358.0623 381.6912 -14.0074 0.0000 0.0000
2570.03 16.07.2018 23.50.01 29.97073 291.5777 -487.3554 -0.6002 -0.6002 0.0000 0.0000 0.0000 357.9679 381.2048 -14.1074 0.0000 0.0000
2580.03 17.07.2018 00.00.01 29.86181 291.4777 -488.2899 -0.6013 -0.6013 0.0000 0.0000 0.0000 357.8724 380.7211 -14.2384 0.0000 0.0000
2590.03 17.07.2018 00.10.01 29.75289 291.5510 -488.7137 -0.6019 -0.6019 0.0000 0.0000 0.0000 357.5558 380.4781 -13.3398 0.0000 0.0000
2600.03 17.07.2018 00.20.01 29.64395 291.6254 -487.9419 -0.6009 -0.6009 0.0000 0.0000 0.0000 357.2289 380.2347 -12.5730 0.0000 0.0000
2610.03 17.07.2018 00.30.01 29.53503 291.6935 -486.8887 -0.5996 -0.5996 0.0000 0.0000 0.0000 356.9028 379.9903 -11.8883 0.0000 0.0000
2620.03 17.07.2018 00.40.01 29.42672 291.7533 -485.8800 -0.5984 -0.5984 0.0000 0.0000 0.0000 356.6653 379.8604 -10.8694 0.0000 0.0000
2630.03 17.07.2018 00.50.01 29.31899 291.8002 -481.2211 -0.5926 -0.5926 0.0000 0.0000 0.0000 356.3844 379.6323 -10.3075 0.0000 0.0000
2640.03 17.07.2018 01.00.01 29.21227 291.8622 -477.1125 -0.5876 -0.5876 0.0000 0.0000 0.0000 356.0876 379.3724 -9.8832 0.0000 0.0000
2650.03 17.07.2018 01.10.01 29.10662 291.8404 -468.5991 -0.5771 -0.5771 0.0000 0.0000 0.0000 355.5924 379.5003 -7.7871 0.0000 0.0000
2660.03 17.07.2018 01.20.01 29.00408 291.8523 -453.3656 -0.5583 -0.5583 0.0000 0.0000 0.0000 354.9583 378.9692 -8.6070 0.0000 0.0000
2670.03 17.07.2018 01.30.01 28.90264 291.7719 -460.7386 -0.5674 -0.5674 0.0000 0.0000 0.0000 353.7353 378.0524 -10.1230 0.0000 0.0000
2680.03 17.07.2018 01.40.01 28.79818 291.7609 -472.0460 -0.5813 -0.5813 0.0000 0.0000 0.0000 352.9929 378.0384 -7.8085 0.0000 0.0000
2690.03 17.07.2018 01.50.01 28.69378 291.5780 -462.1114 -0.5691 -0.5691 0.0000 0.0000 0.0000 352.3323 377.4011 -8.2977 0.0000 0.0000
2700.03 17.07.2018 02.00.01 28.59210 291.4182 -452.7137 -0.5575 -0.5575 0.0000 0.0006 0.0003 351.3870 376.5266 -9.4640 0.0000 0.0000
2710.03 17.07.2018 02.10.01 28.49154 291.1278 -440.7029 -0.5427 -0.5531 0.0139 0.3614 0.1949 348.6419 375.6620 -9.0871 0.0000 0.0000
2720.03 17.07.2018 02.20.01 28.39254 290.8534 -439.4839 -0.5412 -0.5642 0.0306 0.7839 0.4243 345.7386 374.4654 -9.6073 0.0000 0.0000
2730.03 17.07.2018 02.30.01 28.29208 290.7199 -450.6956 -0.5550 -0.5910 0.0479 1.2170 0.6597 342.7585 373.3073 -9.6325 0.0000 0.0000
2740.03 17.07.2018 02.40.01 28.18871 290.4626 -465.0916 -0.5728 -0.6217 0.0652 1.6520 0.8962 339.7907 372.0015 -9.7352 0.0000 0.0000
2750.03 17.07.2018 02.50.01 28.08215 290.1898 -478.5753 -0.5894 -0.6513 0.0825 2.0874 1.1329 336.7972 370.5987 -9.9865 0.0000 0.0000
2760.03 17.07.2018 03.00.01 27.97268 289.8484 -491.1234 -0.6048 -0.6799 0.1000 2.5267 1.3717 333.7050 369.0184 -10.6978 0.0000 0.0000
2770.03 17.07.2018 03.10.01 27.86071 289.7819 -448.1787 -0.5519 -0.7056 0.2048 5.2389 2.8362 333.2606 368.4644 -9.9423 0.0000 0.0000
2780.03 17.07.2018 03.20.01 27.75588 289.7339 -411.5391 -0.5068 -0.7528 0.3279 8.3413 4.5211 333.1334 368.1825 -9.5442 0.0000 0.0000
2790.03 17.07.2018 03.30.01 27.65765 289.6859 -385.4171 -0.4747 -0.8152 0.4540 11.5099 6.2433 333.1032 368.0292 -9.3553 0.0000 0.0000
2800.03 17.07.2018 03.40.01 27.56436 289.6286 -366.0876 -0.4508 -0.8864 0.5807 14.6909 7.9726 333.1442 367.9874 -9.2448 0.0000 0.0000
2810.03 17.07.2018 03.50.01 27.47494 289.6034 -350.0499 -0.4311 -0.9617 0.7075 17.8740 9.7031 333.2626 368.0404 -9.2432 0.0000 0.0000
2820.03 17.07.2018 04.00.01 27.38894 289.5822 -336.2520 -0.4141 -1.0399 0.8343 21.0592 11.4347 333.4229 368.1565 -9.3710 0.0000 0.0000
2830.03 17.07.2018 04.10.01 27.30587 289.9443 -301.3011 -0.3711 -1.1194 0.9978 25.1968 13.6800 333.6040 368.8421 -8.0006 0.0000 0.0000
2840.03 17.07.2018 04.20.01 27.22885 290.3047 -275.3616 -0.3391 -1.2158 1.1689 29.4980 16.0175 333.8701 369.6674 -6.8325 0.0000 0.0000
2850.03 17.07.2018 04.30.01 27.15664 290.6679 -256.2795 -0.3156 -1.3216 1.3413 33.8268 18.3708 334.1946 370.6124 -5.7510 0.0000 0.0000
2860.03 17.07.2018 04.40.01 27.08822 291.0353 -239.7476 -0.2953 -1.4307 1.5139 38.1609 20.7270 334.5705 371.6707 -4.7199 0.0000 0.0000
2870.03 17.07.2018 04.50.01 27.02343 291.4051 -224.4194 -0.2764 -1.5413 1.6865 58.3670 31.7522 334.9912 373.9585 -5.2401 0.0000 0.0000
2880.03 17.07.2018 05.00.01 26.96209 291.7841 -188.8814 -0.2326 -1.6515 1.8918 66.6585 36.2900 335.6274 375.9285 -5.3620 0.0000 0.0000
2890.03 17.07.2018 05.10.01 26.90710 292.1512 -216.9503 -0.2672 -1.7753 2.0108 197.7358 107.9307 336.7238 387.5896 -15.8784 0.0000 0.0000
2900.03 17.07.2018 05.20.01 26.84997 292.5915 -50.5198 -0.0622 -1.8650 2.4037 334.3066 182.6607 339.3407 404.5349 -31.0465 0.0000 0.0000
2910.03 17.07.2018 05.30.01 26.81933 293.0898 88.6729 0.1092 -2.0567 2.8879 466.7234 254.8423 342.6746 424.0319 -48.6850 0.0000 0.0000
2920.03 17.07.2018 05.40.01 26.81185 293.6390 179.6357 0.2212 -2.3234 3.3928 462.7306 252.8571 346.2756 432.9793 -58.5924 0.0000 0.0000
2930.03 17.07.2018 05.50.01 26.82006 294.0959 32.4402 0.0400 -2.6257 3.5542 451.7072 246.9126 348.3975 438.2715 -64.4187 0.0000 0.0000
2940.03 17.07.2018 06.00.01 26.80956 294.5292 -44.6469 -0.0550 -2.7935 3.6513 444.4968 243.3040 350.0753 442.9737 -69.1836 0.0000 0.0000
2950.03 17.07.2018 06.10.01 26.79022 294.7823 -37.7958 -0.0465 -2.8821 3.7807 475.6411 262.4295 351.7180 453.3756 -76.1730 0.0000 0.0000
2960.03 17.07.2018 06.20.01 26.77429 295.0429 25.7972 0.0318 -2.9533 3.9801 466.0044 257.0335 353.5476 457.0613 -78.0811 0.0000 0.0000
2970.03 17.07.2018 06.30.01 26.77026 295.2802 54.4059 0.0670 -3.0446 4.1489 461.3599 254.6557 355.2306 460.6153 -80.1689 0.0000 0.0000
2980.03 17.07.2018 06.40.01 26.77346 295.5205 99.8184 0.1229 -3.1274 4.3338 455.1883 251.1243 356.9534 463.0965 -81.4262 0.0000 0.0000
2990.03 17.07.2018 06.50.01 26.78918 295.7549 832.7280 1.0255 -3.2118 5.6498 459.0480 252.7584 358.6935 466.0180 -84.5476 0.0000 0.0000
3000.03 17.07.2018 07.00.01 26.91726 295.9982 1278.5342 1.5746 -3.7854 7.1466 464.3897 255.1450 360.5150 468.7256 -87.8539 0.0000 0.0000
3010.03 17.07.2018 07.10.01 27.11682 296.2245 1468.3164 1.8083 -4.6226 8.5745 472.0708 258.8120 361.8915 470.7549 -93.5503 0.0000 0.0000
3020.03 17.07.2018 07.20.01 27.35095 296.4485 1583.6218 1.9503 -5.5351 9.9805 479.6257 262.4199 363.2060 472.5349 -98.7932 0.0000 0.0000
3030.03 17.07.2018 07.30.01 27.60821 296.6641 1634.6614 2.0131 -6.4713 11.3126 485.9103 265.3212 364.5879 473.9378 -103.9270 0.0000 0.0000
3040.03 17.07.2018 07.40.01 27.87896 296.8808 1698.9828 2.0923 -7.3891 12.6419 493.1608 268.7629 365.8687 475.2739 -108.8417 0.0000 0.0000
3050.03 17.07.2018 07.50.01 28.16439 297.1006 1736.1660 2.1381 -8.3018 13.9199 499.8763 271.9222 367.1065 476.5455 -112.9669 0.0000 0.0000
3060.03 17.07.2018 08.00.01 28.45992 297.3057 1671.2134 2.0581 -9.1947 15.0038 504.1679 273.7733 368.1752 477.3565 -116.8430 0.0000 0.0000
3070.03 17.07.2018 08.10.01 28.75063 297.4519 1768.6172 2.1781 -10.0000 16.2375 512.1810 277.6634 369.5606 478.6977 -120.5649 0.0000 0.0000
3080.03 17.07.2018 08.20.01 29.05920 297.5899 1782.3777 2.1950 -10.8403 17.3805 518.4113 280.5523 370.6176 479.5147 -124.9932 0.0000 0.0000
3090.03 17.07.2018 08.30.01 29.37341 297.7260 1819.2717 2.2405 -11.6573 18.5303 524.8821 283.5803 371.8781 480.3787 -129.4397 0.0000 0.0000
3100.03 17.07.2018 08.40.01 29.69628 297.8638 1830.5200 2.2543 -12.4699 19.6324 530.6346 286.2043 372.9271 481.2418 -132.1757 0.0000 0.0000
3110.03 17.07.2018 08.50.01 30.02371 297.9959 1829.5243 2.2531 -13.2619 20.6867 535.1564 288.1259 373.8873 481.6750 -136.0494 0.0000 0.0000
3120.03 17.07.2018 09.00.01 30.35314 298.1046 1702.2981 2.0964 -14.0279 21.4991 536.2693 288.1861 374.6546 481.5033 -139.5795 0.0000 0.0000
3130.03 17.07.2018 09.10.01 30.66454 298.1134 1263.4746 1.5560 -14.6822 21.6509 520.7622 279.5571 375.9857 480.7532 -137.8829 0.0000 0.0000
3140.03 17.07.2018 09.20.01 30.91186 298.1093 930.8362 1.1464 -15.0097 21.5415 502.9569 269.7462 377.2172 479.2696 -135.2449 0.0000 0.0000
3150.03 17.07.2018 09.30.01 31.10970 298.1075 696.5587 0.8578 -15.0991 21.2760 484.7125 259.7890 378.5308 477.4974 -132.5359 0.0000 0.0000
3160.03 17.07.2018 09.40.01 31.27227 298.1175 635.1887 0.7823 -15.0276 21.0798 470.6755 252.0909 379.6427 475.8609 -129.8546 0.0000 0.0000
3170.03 17.07.2018 09.50.01 31.42437 298.1383 528.2449 0.6505 -14.9217 20.7631 456.3617 244.3175 380.8008 474.2341 -127.6136 0.0000 0.0000
3180.03 17.07.2018 10.00.01 31.55929 298.1246 367.1478 0.4522 -14.7493 20.2686 441.1371 236.1314 381.8548 472.4081 -125.5255 0.0000 0.0000
3190.03 17.07.2018 10.10.01 31.66976 298.1858 462.9547 0.5701 -14.4735 20.0582 429.4786 229.6703 382.1112 470.9378 -122.4087 0.0000 0.0000
3200.03 17.07.2018 10.20.01 31.79275 298.2436 477.6781 0.5883 -14.2806 19.8251 418.3086 223.5193 382.5202 469.5701 -119.5908 0.0000 0.0000
3210.03 17.07.2018 10.30.01 31.91656 298.3018 403.2816 0.4967 -14.1087 19.4738 405.5994 216.5342 382.6504 467.9692 -116.4203 0.0000 0.0000
3220.03 17.07.2018 10.40.01 32.02841 298.3567 395.0457 0.4865 -13.8941 19.1742 394.5694 210.4574 382.7511 466.4604 -113.6032 0.0000 0.0000
3230.03 17.07.2018 10.50.01 32.13824 298.4116 361.0468 0.4446 -13.6783 18.8306 383.4007 204.3305 382.8376 464.9656 -110.6213 0.0000 0.0000
3240.03 17.07.2018 11.00.01 32.24078 298.4665 285.2827 0.3513 -13.4528 18.4055 371.8536 198.0370 382.9320 463.4661 -107.5999 0.0000 0.0000
3250.03 17.07.2018 11.10.01 32.33276 298.5687 752.3996 0.9266 -13.1964 18.8307 375.0523 199.3765 383.1034 463.3047 -106.0679 0.0000 0.0000
3260.03 17.07.2018 11.20.01 32.49343 298.6841 991.6899 1.2213 -13.2849 19.3416 380.1118 201.7677 383.7068 463.7912 -105.4480 0.0000 0.0000
3270.03 17.07.2018 11.30.01 32.69015 298.8074 1094.1603 1.3475 -13.5412 19.8516 385.2679 204.2175 384.5062 464.3559 -105.7688 0.0000 0.0000
3280.03 17.07.2018 11.40.01 32.90292 298.9297 1131.4058 1.3934 -13.8637 20.3427 390.1366 206.4990 385.3296 464.7481 -107.1227 0.0000 0.0000
3290.03 17.07.2018 11.50.01 33.12185 299.0552 1137.6152 1.4010 -14.2063 20.8098 394.6045 208.5583 386.1568 465.2252 -108.5473 0.0000 0.0000
3300.03 17.07.2018 12.00.01 33.34194 299.1774 1074.6117 1.3234 -14.5478 21.1616 397.6876 209.8747 386.9953 465.6692 -109.7319 0.0000 0.0000
3310.03 17.07.2018 12.10.01 33.55004 299.1606 366.4702 0.4513 -14.8309 20.3763 384.9585 203.3161 388.0227 465.3680 -108.4955 0.0000 0.0000
3320.03 17.07.2018 12.20.01 33.65133 299.1313 -29.9388 -0.0369 -14.6151 19.4376 371.8869 196.6676 388.5488 464.7280 -106.3802 0.0000 0.0000
3330.03 17.07.2018 12.30.01 33.69042 299.0962 -243.0141 -0.2993 -14.1441 18.4598 360.1077 190.8240 388.8608 464.0990 -104.0933 0.0000 0.0000
3340.03 17.07.2018 12.40.01 33.69412 299.0576 -337.9571 -0.4162 -13.5554 17.5189 348.9656 185.3059 389.0985 463.3766 -101.7017 0.0000 0.0000
3350.03 17.07.2018 12.50.01 33.68002 299.0194 -404.6930 -0.4984 -12.9332 16.5797 337.5027 179.5940 389.2766 462.5487 -98.9735 0.0000 0.0000
3360.03 17.07.2018 13.00.01 33.65276 298.9949 -426.2617 -0.5250 -12.2951 15.6936 327.1623 174.5148 389.5765 461.8177 -96.4184 0.0000 0.0000
3370.03 17.07.2018 13.10.01 33.62057 298.9275 -145.4561 -0.1791 -11.6770 15.3305 320.6169 170.9503 388.8219 460.3638 -95.5417 0.0000 0.0000
3380.03 17.07.2018 13.20.01 33.62747 298.8597 -24.1200 -0.0297 -11.2866 15.0092 315.2028 168.0328 388.0843 459.0727 -94.7064 0.0000 0.0000
3390.03 17.07.2018 13.30.01 33.65066 298.7799 -0.9655 -0.0012 -10.9995 14.6643 309.6240 165.0344 387.3529 457.7550 -93.8123 0.0000 0.0000
3400.03 17.07.2018 13.40.01 33.67599 298.6884 -6.7690 -0.0083 -10.7412 14.3105 304.0952 162.0533 386.5592 456.4213 -92.7615 0.0000 0.0000
3410.03 17.07.2018 13.50.01 33.69921 298.5936 -33.0593 -0.0407 -10.4903 13.9328 298.4437 159.0164 385.7561 455.0564 -91.7294 0.0000 0.0000
3420.03 17.07.2018 14.00.01 33.71719 298.4999 -86.8710 -0.1070 -10.2322 13.5003 292.4357 155.8069 384.9551 453.6403 -90.6141 0.0000 0.0000
3430.03 17.07.2018 14.10.01 33.72616 298.3741 -12.0251 -0.0148 -9.9518 13.2493 283.5794 150.5584 382.6544 450.9111 -89.6826 0.0000 0.0000
3440.03 17.07.2018 14.20.01 33.74410 298.2388 -40.4461 -0.0498 -9.7441 12.9257 278.9616 147.9077 380.1167 448.6138 -89.5800 0.0000 0.0000
3450.03 17.07.2018 14.30.01 33.75588 298.1060 -89.5777 -0.1103 -9.5332 12.5638 275.6624 146.0771 377.6885 446.6008 -89.3860 0.0000 0.0000
3460.03 17.07.2018 14.40.01 33.75866 297.9888 -106.1589 -0.1307 -9.3042 12.2312 273.0684 144.5882 375.3944 444.7253 -88.9784 0.0000 0.0000
3470.03 17.07.2018 14.50.01 33.75680 297.8568 -209.0561 -0.2575 -9.0781 11.7609 268.9069 142.2628 373.0283 442.7078 -88.2342 0.0000 0.0000
3480.03 17.07.2018 15.00.01 33.73751 297.7221 -353.5972 -0.4355 -8.7938 11.1444 263.6336 139.3814 370.6107 440.6100 -87.1126 0.0000 0.0000
3490.03 17.07.2018 15.10.01 33.69427 297.5380 -590.1500 -0.7268 -8.4316 10.2731 255.9530 135.7673 369.2036 439.3338 -84.9404 0.0000 0.0000
3500.03 17.07.2018 15.20.01 33.61474 297.3501 -745.3013 -0.9179 -7.9174 9.3328 244.5261 129.9573 367.6649 437.4751 -81.7743 0.0000 0.0000
3510.03 17.07.2018 15.30.01 33.50952 297.1569 -839.0908 -1.0334 -7.3181 8.3796 231.4028 123.1392 365.9100 435.2445 -78.2069 0.0000 0.0000
3520.03 17.07.2018 15.40.01 33.38635 296.9736 -1167.5640 -1.4379 -6.6800 6.9894 217.6156 116.2677 364.3018 432.9761 -74.6051 0.0000 0.0000
3530.03 17.07.2018 15.50.01 33.21288 296.7782 -962.7386 -1.1856 -5.8364 6.2011 206.3279 110.4419 362.5776 430.7874 -71.3407 0.0000 0.0000
3540.03 17.07.2018 16.00.01 33.06564 296.5839 -985.9614 -1.2142 -5.1746 5.2805 192.3958 103.1290 360.8692 428.2416 -67.5889 0.0000 0.0000
3550.03 17.07.2018 16.10.01 32.91256 296.3205 -922.5562 -1.1362 -4.5233 4.5162 183.7619 98.8373 358.8610 426.0747 -65.1351 0.0000 0.0000
3560.03 17.07.2018 16.20.01 32.76632 296.0582 -807.8559 -0.9949 -3.9446 3.9330 176.3152 95.1213 356.8173 424.0321 -62.7918 0.0000 0.0000
3570.03 17.07.2018 16.30.01 32.63479 295.8089 -715.4992 -0.8812 -3.4720 3.4545 167.5828 90.5549 354.9955 421.7773 -60.4112 0.0000 0.0000
3580.03 17.07.2018 16.40.01 32.51556 295.5457 -520.5085 -0.6410 -3.0844 3.2578 160.6296 86.8861 353.0990 419.6118 -58.6200 0.0000 0.0000
3590.03 17.07.2018 16.50.01 32.42349 295.2820 -435.8277 -0.5367 -2.8514 3.0862 152.3473 82.4008 351.2306 417.2431 -56.5563 0.0000 0.0000
3600.03 17.07.2018 17.00.01 32.34283 295.0070 -434.1580 -0.5347 -2.6900 2.8737 150.6621 81.9049 349.2571 415.7462 -55.5422 0.0000 0.0000
3610.03 17.07.2018 17.10.01 32.26153 294.7311 -436.5865 -0.5377 -2.5392 2.6687 142.5673 77.6335 347.6439 413.6085 -53.3686 0.0000 0.0000
3620.03 17.07.2018 17.20.01 32.17880 294.4494 -458.8202 -0.5651 -2.3955 2.4406 134.0141 73.1046 345.9886 411.3621 -51.1398 0.0000 0.0000
3630.03 17.07.2018 17.30.01 32.09179 294.1638 -481.8760 -0.5934 -2.2459 2.2032 124.4480 67.9751 344.3026 408.9540 -48.7123 0.0000 0.0000
3640.03 17.07.2018 17.40.01 32.00033 293.8820 -486.8764 -0.5996 -2.0906 1.9880 113.5243 62.1264 342.6424 406.4785 -46.0696 0.0000 0.0000
3650.03 17.07.2018 17.50.01 31.90688 293.5954 -510.5410 -0.6287 -1.9431 1.7524 101.0362 55.3546 340.9315 403.7381 -43.0519 0.0000 0.0000
3660.03 17.07.2018 18.00.01 31.80871 293.3076 -530.0816 -0.6528 -1.7899 1.5161 88.4274 48.5105 339.1789 400.9230 -39.9220 0.0000 0.0000
3670.03 17.07.2018 18.10.01 31.70651 292.9857 -523.7354 -0.6450 -1.6341 1.3188 78.6321 43.1782 337.8965 398.4494 -36.3045 0.0000 0.0000
3680.03 17.07.2018 18.20.01 31.60421 292.6695 -522.9563 -0.6440 -1.4929 1.1319 68.7939 37.8124 336.6927 396.0350 -33.0460 0.0000 0.0000
3690.03 17.07.2018 18.30.01 31.50109 292.3553 -526.1899 -0.6480 -1.3615 0.9513 58.8131 32.3565 335.5085 393.6112 -30.0235 0.0000 0.0000
3700.03 17.07.2018 18.40.01 31.39654 292.0399 -528.1821 -0.6505 -1.2371 0.7821 44.9661 24.7593 334.3664 390.8920 -26.7643 0.0000 0.0000
3710.03 17.07.2018 18.50.01 31.29064 291.7127 -543.8785 -0.6698 -1.1214 0.6021 30.5303 16.8171 333.1773 387.9567 -23.6169 0.0000 0.0000
3720.03 17.07.2018 19.00.01 31.18133 291.3664 -557.8933 -0.6871 -1.0049 0.4238 15.8307 8.7144 331.9790 384.8559 -20.6525 0.0000 0.0000
3730.03 17.07.2018 19.10.01 31.06884 290.9732 -536.1204 -0.6602 -0.8914 0.3082 12.7978 7.0407 330.5921 382.3293 -19.8269 0.0000 0.0000
3740.03 17.07.2018 19.20.01 30.95797 290.5907 -509.3586 -0.6273 -0.8092 0.2425 10.7470 5.9186 329.3492 380.1018 -19.3581 0.0000 0.0000
3750.03 17.07.2018 19.30.01 30.84960 290.2076 -504.3421 -0.6211 -0.7611 0.1866 8.8428 4.8772 328.1564 377.9801 -19.0302 0.0000 0.0000
3760.03 17.07.2018 19.40.01 30.74059 289.8287 -512.0338 -0.6306 -0.7297 0.1322 6.1022 3.3698 326.9838 375.8726 -18.6468 0.0000 0.0000
3770.03 17.07.2018 19.50.01 30.62914 289.4468 -526.8766 -0.6489 -0.7056 0.0756 3.2741 1.8116 325.8039 373.7797 -18.3330 0.0000 0.0000
3780.03 17.07.2018 20.00.01 30.51418 289.0643 -543.2075 -0.6690 -0.6832 0.0190 0.4141 0.2342 324.6293 371.7204 -18.0288 0.0000 0.0000
3790.03 17.07.2018 20.10.01 30.39565 288.6414 -534.5517 -0.6583 -0.6609 0.0034 0.0747 0.0422 323.6097 369.9540 -17.9249 0.0000 0.0000
3800.03 17.07.2018 20.20.01 30.27734 288.2117 -531.4333 -0.6545 -0.6549 0.0006 0.0135 0.0076 322.6707 368.2986 -18.0708 0.0000 0.0000
3810.03 17.07.2018 20.30.01 30.15847 287.7863 -536.1345 -0.6603 -0.6603 0.0001 0.0024 0.0014 321.7764 366.7321 -18.2479 0.0000 0.0000
3820.03 17.07.2018 20.40.01 30.03796 287.3680 -545.0764 -0.6713 -0.6713 0.0000 0.0004 0.0002 320.9046 365.2282 -18.4624 0.0000 0.0000
3830.03 17.07.2018 20.50.01 29.91522 286.9655 -556.0439 -0.6848 -0.6848 0.0000 0.0001 0.0000 320.0546 363.7737 -18.7326 0.0000 0.0000
3840.03 17.07.2018 21.00.01 29.78994 286.5895 -567.5208 -0.6989 -0.6989 0.0000 0.0000 0.0000 319.2164 362.3810 -18.9676 0.0000 0.0000
3850.03 17.07.2018 21.10.01 29.66216 286.5229 -577.6355 -0.7114 -0.7114 0.0000 0.0000 0.0000 318.7855 361.5456 -17.4782 0.0000 0.0000
3860.03 17.07.2018 21.20.01 29.53268 286.5244 -582.7661 -0.7177 -0.7177 0.0000 0.0000 0.0000 318.4105 360.8225 -16.1263 0.0000 0.0000
3870.03 17.07.2018 21.30.01 29.40215 286.3575 -587.6687 -0.7237 -0.7237 0.0000 0.0000 0.0000 317.9761 359.9667 -15.6372 0.0000 0.0000
3880.03 17.07.2018 21.40.01 29.27038 286.1570 -594.4752 -0.7321 -0.7321 0.0000 0.0000 0.0000 317.5918 359.1293 -15.3796 0.0000 0.0000
3890.03 17.07.2018 21.50.01 29.13702 285.9755 -602.3729 -0.7418 -0.7418 0.0000 0.0000 0.0000 317.2131 358.2048 -15.5845 0.0000 0.0000
3900.03 17.07.2018 22.00.01 29.00161 285.7234 -612.4239 -0.7542 -0.7542 0.0000 0.0000 0.0000 316.9009 357.1294 -16.4884 0.0000 0.0000
3910.03 17.07.2018 22.10.01 28.86379 285.5919 -623.0814 -0.7673 -0.7673 0.0000 0.0000 0.0000 316.5541 356.2711 -16.4273 0.0000 0.0000
3920.03 17.07.2018 22.20.01 28.72405 285.4810 -630.6967 -0.7767 -0.7767 0.0000 0.0000 0.0000 316.1970 355.4564 -16.3066 0.0000 0.0000
3930.03 17.07.2018 22.30.01 28.58279 285.3757 -635.6042 -0.7828 -0.7828 0.0000 0.0000 0.0000 315.8404 354.6716 -16.1860 0.0000 0.0000
3940.03 17.07.2018 22.40.01 28.44048 285.2519 -640.2008 -0.7884 -0.7884 0.0000 0.0000 0.0000 315.4790 353.8732 -16.2313 0.0000 0.0000
3950.03 17.07.2018 22.50.01 28.29714 285.1257 -645.1848 -0.7946 -0.7946 0.0000 0.0000 0.0000 315.1109 353.0863 -16.2904 0.0000 0.0000
3960.03 17.07.2018 23.00.01 28.15273 285.0033 -649.9435 -0.8004 -0.8004 0.0000 0.0000 0.0000 314.7421 352.3182 -16.3356 0.0000 0.0000
3970.03 17.07.2018 23.10.01 28.00723 284.7971 -655.6981 -0.8075 -0.8075 0.0000 0.0000 0.0000 314.3014 351.4587 -16.8334 0.0000 0.0000
3980.03 17.07.2018 23.20.01 27.86019 284.6228 -661.4299 -0.8146 -0.8146 0.0000 0.0000 0.0000 313.8838 350.7436 -16.6991 0.0000 0.0000
3990.03 17.07.2018 23.30.01 27.71218 284.4311 -666.3705 -0.8207 -0.8207 0.0000 0.0000 0.0000 313.4366 349.9218 -17.0585 0.0000 0.0000
4000.03 17.07.2018 23.40.01 27.56292 284.2597 -672.0687 -0.8277 -0.8277 0.0000 0.0000 0.0000 313.0213 349.1788 -17.1254 0.0000 0.0000
4010.03 17.07.2018 23.50.01 27.41250 284.0774 -676.6534 -0.8333 -0.8333 0.0000 0.0000 0.0000 312.6138 348.4111 -17.3229 0.0000 0.0000
4020.03 18.07.2018 00.00.01 27.26110 283.8978 -680.7057 -0.8383 -0.8383 0.0000 0.0000 0.0000 312.2076 347.6502 -17.5184 0.0000 0.0000
4030.03 18.07.2018 00.10.01 27.10912 283.9038 -680.5693 -0.8381 -0.8381 0.0000 0.0000 0.0000 311.9011 347.2237 -16.3988 0.0000 0.0000
4040.03 18.07.2018 00.20.01 26.95828 283.9358 -671.8706 -0.8274 -0.8274 0.0000 0.0000 0.0000 311.5762 346.8373 -15.3410 0.0000 0.0000
4050.03 18.07.2018 00.30.01 26.80981 283.9818 -660.4697 -0.8134 -0.8134 0.0000 0.0000 0.0000 311.1902 346.4549 -14.3782 0.0000 0.0000
4060.03 18.07.2018 00.40.01 26.66387 284.0567 -649.1470 -0.7994 -0.7994 0.0000 0.0000 0.0000 310.8429 346.2009 -13.1136 0.0000 0.0000
4070.03 18.07.2018 00.50.01 26.52035 284.0913 -638.8403 -0.7867 -0.7868 0.0000 0.0000 0.0000 310.6075 345.9502 -12.1248 0.0000 0.0000
4080.03 18.07.2018 01.00.01 26.37890 284.1918 -630.6340 -0.7766 -0.7766 0.0000 0.0000 0.0000 310.3218 345.7294 -11.1891 0.0000 0.0000
4090.03 18.07.2018 01.10.01 26.23879 284.1398 -626.4665 -0.7715 -0.7715 0.0000 0.0000 0.0000 310.0013 345.3414 -10.9930 0.0000 0.0000
4100.03 18.07.2018 01.20.01 26.09930 283.9928 -626.4275 -0.7715 -0.7715 0.0000 0.0000 0.0000 309.6225 344.8050 -11.2375 0.0000 0.0000
4110.03 18.07.2018 01.30.01 25.95934 283.8355 -626.5227 -0.7716 -0.7716 0.0000 0.0000 0.0000 309.2316 344.2142 -11.5861 0.0000 0.0000
4120.03 18.07.2018 01.40.01 25.81930 283.6406 -628.0512 -0.7735 -0.7735 0.0000 0.0000 0.0000 308.8640 343.5618 -12.1218 0.0000 0.0000
4130.03 18.07.2018 01.50.01 25.67892 283.4307 -630.8121 -0.7769 -0.7769 0.0000 0.0000 0.0000 308.4915 342.8598 -12.7775 0.0000 0.0000
4140.03 18.07.2018 02.00.01 25.53793 283.2463 -634.2338 -0.7811 -0.7811 0.0000 0.0004 0.0002 308.0889 342.1522 -13.3394 0.0000 0.0000
4150.03 18.07.2018 02.10.01 25.39605 283.2774 -630.1378 -0.7760 -0.7832 0.0096 0.2489 0.1342 307.8837 341.7555 -12.8418 0.0000 0.0000
4160.03 18.07.2018 02.20.01 25.25509 283.3217 -626.8016 -0.7719 -0.7878 0.0211 0.5401 0.2923 307.7130 341.3992 -12.3947 0.0000 0.0000
4170.03 18.07.2018 02.30.01 25.11477 283.3893 -623.3052 -0.7676 -0.7924 0.0330 0.8384 0.4545 307.6009 341.1116 -11.8879 0.0000 0.0000
4180.03 18.07.2018 02.40.01 24.97515 283.4552 -619.9485 -0.7635 -0.7972 0.0449 1.1381 0.6174 307.5341 340.8551 -11.4316 0.0000 0.0000
4190.03 18.07.2018 02.50.01 24.83624 283.5280 -617.3163 -0.7602 -0.8029 0.0569 1.4380 0.7804 307.4594 340.6292 -10.9552 0.0000 0.0000
4200.03 18.07.2018 03.00.01 24.69802 283.6070 -614.9447 -0.7573 -0.8090 0.0689 1.7416 0.9455 307.3823 340.4317 -10.4614 0.0000 0.0000
4210.03 18.07.2018 03.10.01 24.56066 283.9476 -560.1791 -0.6899 -0.8129 0.1640 4.2061 2.2758 307.6651 340.8421 -8.8495 0.0000 0.0000
4220.03 18.07.2018 03.20.01 24.43218 284.2915 -519.7621 -0.6401 -0.8475 0.2765 7.0416 3.8156 308.1003 341.4236 -7.5036 0.0000 0.0000
4230.03 18.07.2018 03.30.01 24.31078 284.6345 -493.1432 -0.6073 -0.9012 0.3919 9.9399 5.3910 308.6089 342.1056 -6.3194 0.0000 0.0000
4240.03 18.07.2018 03.40.01 24.19442 284.9759 -472.9790 -0.5825 -0.9633 0.5078 12.8501 6.9731 309.1646 342.8703 -5.2457 0.0000 0.0000
4250.03 18.07.2018 03.50.01 24.08218 285.3158 -455.4991 -0.5610 -1.0288 0.6238 15.7623 8.5563 309.7574 343.7067 -4.2572 0.0000 0.0000
4260.03 18.07.2018 04.00.01 23.97363 285.6602 -439.2943 -0.5410 -1.0958 0.7398 18.6753 10.1399 310.3790 344.6126 -3.3158 0.0000 0.0000
4270.03 18.07.2018 04.10.01 23.86868 285.9912 -418.0529 -0.5148 -1.1631 0.8644 21.8124 11.8444 311.4581 345.6557 -2.6107 0.0000 0.0000
4280.03 18.07.2018 04.20.01 23.76821 286.3305 -397.4277 -0.4894 -1.2326 0.9908 24.9881 13.5707 312.5928 346.7805 -1.9996 0.0000 0.0000
4290.03 18.07.2018 04.30.01 23.67217 286.6740 -378.1759 -0.4657 -1.3039 1.1176 28.1702 15.3006 313.7448 347.9613 -1.4583 0.0000 0.0000
4300.03 18.07.2018 04.40.01 23.58035 287.0180 -359.8353 -0.4431 -1.3764 1.2443 31.3536 17.0313 314.9243 349.1875 -0.9973 0.0000 0.0000
4310.03 18.07.2018 04.50.01 23.49255 287.3632 -341.9704 -0.4211 -1.4495 1.3711 63.6900 34.6850 316.1311 352.3969 -3.4377 0.0000 0.0000
4320.03 18.07.2018 05.00.01 23.40884 287.7321 -287.7900 -0.3544 -1.5225 1.5575 73.1136 39.8606 317.6887 354.9725 -4.5037 0.0000 0.0000
4330.03 18.07.2018 05.10.01 23.33444 288.2072 -291.7613 -0.3593 -1.6199 1.6807 242.2418 132.2437 319.2528 368.8547 -20.2679 0.0000 0.0000
4340.03 18.07.2018 05.20.01 23.26217 288.8111 -59.1086 -0.0728 -1.6966 2.1650 420.6524 229.9237 322.8519 389.5181 -42.3877 0.0000 0.0000
4350.03 18.07.2018 05.30.01 23.22665 289.4711 129.3154 0.1593 -1.9180 2.7696 590.3315 322.2928 327.4221 413.2654 -66.8799 0.0000 0.0000
4360.03 18.07.2018 05.40.01 23.22228 290.1850 239.1705 0.2945 -2.2421 3.3823 565.9481 309.3533 332.2753 425.1253 -72.0444 0.0000 0.0000
4370.03 18.07.2018 05.50.01 23.23718 290.7423 33.8936 0.0417 -2.6057 3.5299 529.6823 289.6354 334.9349 431.3545 -73.1181 0.0000 0.0000
4380.03 18.07.2018 06.00.01 23.22540 291.2229 -88.0080 -0.1084 -2.7854 3.5694 497.0590 272.1826 336.8321 435.9302 -74.3943 0.0000 0.0000
4390.03 18.07.2018 06.10.01 23.19879 291.5909 -89.8552 -0.1107 -2.8489 3.6510 523.6874 289.0865 338.2062 446.2986 -81.9992 0.0000 0.0000
4400.03 18.07.2018 06.20.01 23.17489 291.9854 -6.6955 -0.0082 -2.8834 3.8336 503.7431 277.9705 339.9099 449.1291 -83.3821 0.0000 0.0000
4410.03 18.07.2018 06.30.01 23.16653 292.3628 65.8144 0.0811 -2.9463 4.0365 490.3695 270.7809 341.6422 451.9245 -84.7758 0.0000 0.0000
4420.03 18.07.2018 06.40.01 23.17257 292.7425 118.4713 0.1459 -3.0250 4.2279 478.8626 264.2781 343.3758 453.9212 -84.9635 0.0000 0.0000
4430.03 18.07.2018 06.50.01 23.19338 293.1179 964.7882 1.1882 -3.1028 5.7213 479.1554 263.8729 345.1704 456.6890 -86.7400 0.0000 0.0000
4440.03 18.07.2018 07.00.01 23.34365 293.4933 1364.6272 1.6806 -3.7432 7.2317 478.9925 263.1819 346.9441 458.9648 -88.4087 0.0000 0.0000
4450.03 18.07.2018 07.10.01 23.55993 293.7561 1624.1418 2.0002 -4.6068 8.8093 476.5001 261.2049 348.8061 460.1046 -91.0624 0.0000 0.0000
4460.03 18.07.2018 07.20.01 23.82116 294.0146 1661.1471 2.0457 -5.5903 10.1814 472.0355 258.1994 350.6061 460.7007 -93.2513 0.0000 0.0000
4470.03 18.07.2018 07.30.01 24.09438 294.2605 1606.3645 1.9783 -6.5355 11.3517 465.5837 254.1534 352.4293 460.8369 -94.9091 0.0000 0.0000
4480.03 18.07.2018 07.40.01 24.36563 294.5032 1614.4943 1.9883 -7.3841 12.4965 464.6171 253.1338 354.0889 461.2878 -96.6269 0.0000 0.0000
4490.03 18.07.2018 07.50.01 24.64306 294.7493 1593.2289 1.9621 -8.1888 13.5345 463.5884 252.1576 355.8107 461.7854 -98.2721 0.0000 0.0000
4500.03 18.07.2018 08.00.01 24.92150 294.9781 1458.5696 1.7963 -8.9340 14.3070 459.4528 249.5186 357.3378 461.7865 -99.3618 0.0000 0.0000
4510.03 18.07.2018 08.10.01 25.18316 295.1056 1182.4006 1.4562 -9.5457 14.6692 440.6964 239.0565 359.0696 460.5055 -98.3415 0.0000 0.0000
4520.03 18.07.2018 08.20.01 25.40621 295.2128 889.3831 1.0953 -9.9324 14.7036 418.3243 226.6723 360.3147 458.2690 -96.1840 0.0000 0.0000
4530.03 18.07.2018 08.30.01 25.58715 295.3082 644.8880 0.7942 -10.0933 14.5167 394.5898 213.6372 361.4615 455.5994 -93.3951 0.0000 0.0000
4540.03 18.07.2018 08.40.01 25.73272 295.3951 571.8210 0.7042 -10.0736 14.3704 377.0420 203.9715 362.3199 453.2137 -90.7045 0.0000 0.0000
4550.03 18.07.2018 08.50.01 25.86709 295.4831 462.3329 0.5694 -10.0019 14.0951 359.0759 194.1521 363.1976 450.8018 -87.7910 0.0000 0.0000
4560.03 18.07.2018 09.00.01 25.98461 295.5599 276.6414 0.3407 -9.8541 13.5931 339.3197 183.4285 363.9373 448.1222 -84.3618 0.0000 0.0000
4570.03 18.07.2018 09.10.01 26.07549 295.6599 576.3769 0.7098 -9.5785 13.7178 336.4185 181.7022 364.8130 447.7084 -79.7088 0.0000 0.0000
4580.03 18.07.2018 09.20.01 26.20980 295.7755 709.5530 0.8738 -9.5249 13.8650 334.7009 180.6691 365.9929 447.7344 -76.5149 0.0000 0.0000
4590.03 18.07.2018 09.30.01 26.36401 295.8996 755.4797 0.9304 -9.5644 13.9930 333.1942 179.7766 367.3365 447.9095 -74.2563 0.0000 0.0000
4600.03 18.07.2018 09.40.01 26.52554 296.0288 782.9323 0.9642 -9.6321 14.1285 332.4486 179.2902 368.6759 448.2686 -72.4939 0.0000 0.0000
4610.03 18.07.2018 09.50.01 26.69155 296.1637 783.1479 0.9645 -9.7154 14.2398 331.6660 178.7996 370.0626 448.7845 -71.0543 0.0000 0.0000
4620.03 18.07.2018 10.00.01 26.85781 296.3049 749.7509 0.9233 -9.7954 14.2917 330.4131 178.0711 371.4495 449.3776 -69.7278 0.0000 0.0000
4630.03 18.07.2018 10.10.01 27.02050 296.4740 1045.1313 1.2871 -9.8500 14.8494 339.2966 182.6726 373.3344 450.5185 -71.6417 0.0000 0.0000
4640.03 18.07.2018 10.20.01 27.22714 296.7492 1217.6863 1.4996 -10.1142 15.4850 349.6994 188.1268 375.5914 452.2481 -74.2079 0.0000 0.0000
4650.03 18.07.2018 10.30.01 27.46038 297.1426 1286.3811 1.5842 -10.4910 16.1002 359.5801 193.2833 377.9305 454.2359 -76.6909 0.0000 0.0000
4660.03 18.07.2018 10.40.01 27.70532 297.5420 1323.7712 1.6303 -10.9028 16.7108 369.2873 198.3456 380.3920 456.6593 -78.0772 0.0000 0.0000
4670.03 18.07.2018 10.50.01 27.95825 297.1852 1342.1058 1.6528 -11.3292 17.3093 378.6925 203.2355 382.7540 458.5246 -82.4684 0.0000 0.0000
4680.03 18.07.2018 11.00.01 28.21581 297.2926 1333.1748 1.6418 -11.7551 17.8625 387.5448 207.8298 385.1361 460.7284 -85.5702 0.0000 0.0000
4690.03 18.07.2018 11.10.01 28.46957 297.3912 501.1364 0.6172 -12.1497 17.0225 370.4230 198.8622 385.9168 461.9200 -79.7242 0.0000 0.0000
4700.03 18.07.2018 11.20.01 28.59881 297.4273 13.9739 0.0172 -11.9494 15.9555 349.4457 187.7527 385.8378 461.4715 -74.7498 0.0000 0.0000
4710.03 18.07.2018 11.30.01 28.65249 297.3737 -243.8851 -0.3004 -11.4274 14.8360 328.1569 176.4956 385.3427 459.8343 -71.6636 0.0000 0.0000
4720.03 18.07.2018 11.40.01 28.66406 297.3260 -358.6323 -0.4417 -10.7567 13.7534 308.0522 165.8775 384.6207 457.9880 -68.1428 0.0000 0.0000
4730.03 18.07.2018 11.50.01 28.65478 297.3881 -438.7953 -0.5404 -10.0390 12.6648 288.4426 155.5609 383.7739 456.1304 -63.8859 0.0000 0.0000
4740.03 18.07.2018 12.00.01 28.63012 297.3949 -504.7124 -0.6216 -9.2956 11.5653 269.2569 145.5055 382.8596 454.0785 -59.6848 0.0000 0.0000
4750.03 18.07.2018 12.10.01 28.59570 297.5550 231.3543 0.2849 -8.5478 11.7770 267.6669 144.1917 381.8093 453.0858 -57.0970 0.0000 0.0000
4760.03 18.07.2018 12.20.01 28.66912 297.6988 604.3417 0.7443 -8.3480 12.1231 269.3105 144.7167 381.2929 452.7863 -56.3809 0.0000 0.0000
4770.03 18.07.2018 12.30.01 28.79839 297.6886 760.2880 0.9363 -8.4134 12.4662 271.7881 145.7442 380.9046 452.2368 -57.9008 0.0000 0.0000
4780.03 18.07.2018 12.40.01 28.95175 297.8394 820.5050 1.0105 -8.5817 12.7896 274.2931 146.8002 380.7656 452.7046 -56.0682 0.0000 0.0000
4790.03 18.07.2018 12.50.01 29.11517 298.0086 832.8087 1.0256 -8.7810 13.0754 276.7111 147.8324 380.6759 453.2922 -54.8222 0.0000 0.0000
4800.03 18.07.2018 13.00.01 29.28146 298.1967 830.9298 1.0233 -8.9801 13.3379 279.4513 149.0765 380.6180 453.8830 -54.4783 0.0000 0.0000
4810.03 18.07.2018 13.10.01 29.44589 298.2811 307.1883 0.3783 -9.1631 12.7219 270.6188 144.6275 382.4008 454.7867 -48.7660 0.0000 0.0000
4820.03 18.07.2018 13.20.01 29.53192 298.2332 27.6964 0.0341 -8.9714 12.0073 259.5673 138.9214 383.5778 453.7658 -49.6719 0.0000 0.0000
4830.03 18.07.2018 13.30.01 29.57437 298.5516 -109.4143 -0.1347 -8.6003 11.2874 248.1003 132.9700 384.3389 452.3404 -51.4701 0.0000 0.0000
4840.03 18.07.2018 13.40.01 29.59371 298.3235 -179.8111 -0.2214 -8.1529 10.5752 236.4867 126.9268 385.3710 450.9414 -51.1251 0.0000 0.0000
4850.03 18.07.2018 13.50.01 29.60055 298.1831 -212.8970 -0.2622 -7.6766 9.8858 224.9908 120.9368 386.2741 449.1733 -51.8661 0.0000 0.0000
4860.03 18.07.2018 14.00.01 29.60034 298.1478 -232.4362 -0.2863 -7.1965 9.2137 213.6159 115.0069 387.0588 447.1028 -53.0296 0.0000 0.0000
4870.03 18.07.2018 14.10.01 29.59466 298.1209 -393.9409 -0.4851 -6.7193 8.3122 193.7969 104.4081 385.6662 445.1173 -45.5460 0.0000 0.0000
4880.03 18.07.2018 14.20.01 29.56219 298.0768 -508.0240 -0.6256 -6.1541 7.3712 174.4201 94.1042 383.7117 442.5392 -40.0716 0.0000 0.0000
4890.03 18.07.2018 14.30.01 29.50945 298.0096 -558.0870 -0.6873 -5.5384 6.4682 155.4708 84.0283 381.6031 439.4905 -36.4186 0.0000 0.0000
4900.03 18.07.2018 14.40.01 29.44579 297.9090 -591.6230 -0.7286 -4.9202 5.5888 136.2483 73.7946 379.4953 436.0435 -33.2016 0.0000 0.0000
4910.03 18.07.2018 14.50.01 29.37414 297.7872 -615.0598 -0.7575 -4.3104 4.7373 116.9764 63.5102 377.2881 432.3005 -30.2577 0.0000 0.0000
4920.03 18.07.2018 15.00.01 29.29586 297.5921 -619.9432 -0.7635 -3.7139 3.9339 98.0240 53.3803 374.9240 428.2797 -27.7382 0.0000 0.0000
4930.03 18.07.2018 15.10.01 29.21520 297.4026 -328.1176 -0.4041 -3.1522 3.6641 91.8087 49.9399 371.7301 425.2440 -25.5608 0.0000 0.0000
4940.03 18.07.2018 15.20.01 29.17657 297.1246 -151.6032 -0.1867 -2.8213 3.5128 88.0712 47.8968 368.7937 422.3602 -25.1767 0.0000 0.0000
4950.03 18.07.2018 15.30.01 29.16204 296.8150 -81.7015 -0.1006 -2.6351 3.3794 84.7353 46.0813 365.9583 419.4174 -25.3157 0.0000 0.0000
4960.03 18.07.2018 15.40.01 29.15646 296.5498 -61.2668 -0.0755 -2.5126 3.2495 81.4770 44.3096 363.2736 416.8036 -24.3300 0.0000 0.0000
4970.03 18.07.2018 15.50.01 29.15289 296.3113 -60.7540 -0.0748 -2.4150 3.1202 78.2321 42.5454 360.6488 414.2867 -23.4067 0.0000 0.0000
4980.03 18.07.2018 16.00.01 29.14825 296.0818 -69.6230 -0.0857 -2.3293 2.9914 75.0045 40.7904 358.0299 411.7839 -22.6611 0.0000 0.0000
4990.03 18.07.2018 16.10.01 29.14120 296.1766 -14.3057 -0.0176 -2.2500 2.9765 80.5858 43.6919 357.6675 410.9945 -19.8750 0.0000 0.0000
5000.03 18.07.2018 16.20.01 29.14123 296.4165 20.1690 0.0248 -2.2205 2.9937 88.1458 47.7564 357.8687 411.1024 -17.9637 0.0000 0.0000
5010.03 18.07.2018 16.30.01 29.14578 296.7604 8.0994 0.0100 -2.2174 2.9698 95.4999 51.7282 358.3932 411.6102 -16.4414 0.0000 0.0000
5020.03 18.07.2018 16.40.01 29.14883 297.0118 23.3801 0.0288 -2.2069 2.9809 105.1974 56.9618 359.0299 412.4622 -15.9492 0.0000 0.0000
5030.03 18.07.2018 16.50.01 29.15365 297.2764 44.1853 0.0544 -2.2094 3.0184 114.9092 62.1841 359.8376 413.6540 -15.7846 0.0000 0.0000
5040.03 18.07.2018 17.00.01 29.16137 297.5378 35.1797 0.0433 -2.2303 3.0315 129.0632 70.0916 360.7002 415.7573 -16.4917 0.0000 0.0000
5050.03 18.07.2018 17.10.01 29.16729 297.2750 -3.9202 -0.0048 -2.2497 2.9931 124.5371 67.7821 360.5963 415.5641 -19.4184 0.0000 0.0000
5060.03 18.07.2018 17.20.01 29.16586 296.9379 -121.2437 -0.1493 -2.2535 2.8056 116.8865 63.7103 359.7229 414.1841 -21.8680 0.0000 0.0000
5070.03 18.07.2018 17.30.01 29.14544 296.5756 -196.7868 -0.2423 -2.1899 2.5967 108.1639 59.0118 358.4688 412.1809 -23.9332 0.0000 0.0000
5080.03 18.07.2018 17.40.01 29.11187 296.2138 -238.2409 -0.2934 -2.0904 2.3960 97.1550 53.0312 357.1042 409.7821 -24.8988 0.0000 0.0000
5090.03 18.07.2018 17.50.01 29.07025 295.8533 -278.7564 -0.3433 -1.9782 2.1799 86.5675 47.3150 355.6169 407.2567 -25.1371 0.0000 0.0000
5100.03 18.07.2018 18.00.01 29.02102 295.4950 -305.4241 -0.3761 -1.8527 1.9687 75.1496 41.0968 354.0772 404.5059 -24.6254 0.0000 0.0000
5110.03 18.07.2018 18.10.01 28.96615 295.1340 -359.6898 -0.4430 -1.7221 1.7055 65.7248 35.9675 352.0657 401.9254 -22.5346 0.0000 0.0000
5120.03 18.07.2018 18.20.01 28.90188 294.7686 -392.1737 -0.4830 -1.5672 1.4457 56.2249 30.7906 350.0543 399.2146 -20.9153 0.0000 0.0000
5130.03 18.07.2018 18.30.01 28.83111 294.2931 -416.5332 -0.5130 -1.4059 1.1905 46.6695 25.5770 348.0113 396.2937 -19.8501 0.0000 0.0000
5140.03 18.07.2018 18.40.01 28.75494 293.9307 -436.7822 -0.5379 -1.2435 0.9407 34.8802 19.1261 345.9948 393.3159 -17.8080 0.0000 0.0000
5150.03 18.07.2018 18.50.01 28.67422 293.5715 -461.2039 -0.5680 -1.0813 0.6844 22.7494 12.4753 343.9333 390.2142 -15.5123 0.0000 0.0000
5160.03 18.07.2018 19.00.01 28.58831 293.2188 -483.2216 -0.5951 -0.9168 0.4289 10.4676 5.7326 341.8541 387.0321 -13.0532 0.0000 0.0000
5170.03 18.07.2018 19.10.01 28.49789 292.9820 -421.6510 -0.5193 -0.7520 0.3103 7.6996 4.1986 341.6131 384.9844 -11.3531 0.0000 0.0000
5180.03 18.07.2018 19.20.01 28.41537 292.7582 -373.2639 -0.4597 -0.6417 0.2427 6.0371 3.2895 341.7072 383.3344 -10.4323 0.0000 0.0000
5190.03 18.07.2018 19.30.01 28.33926 292.5332 -353.9229 -0.4359 -0.5739 0.1841 4.5709 2.4915 341.9084 381.8460 -9.9089 0.0000 0.0000
5200.03 18.07.2018 19.40.01 28.26525 292.3074 -350.4646 -0.4316 -0.5269 0.1270 3.1405 1.7137 342.1597 380.4886 -9.5669 0.0000 0.0000
5210.03 18.07.2018 19.50.01 28.19106 292.0769 -354.7177 -0.4368 -0.4896 0.0703 1.7165 0.9395 342.4334 379.2122 -9.4302 0.0000 0.0000
5220.03 18.07.2018 20.00.01 28.11544 291.8507 -362.6210 -0.4466 -0.4569 0.0137 0.2957 0.1670 342.7547 378.0061 -9.4314 0.0000 0.0000
5230.03 18.07.2018 20.10.01 28.03808 291.7548 -342.5516 -0.4219 -0.4236 0.0023 0.0516 0.0292 344.3197 377.3950 -8.9665 0.0000 0.0000
5240.03 18.07.2018 20.20.01 27.96346 291.6539 -330.9866 -0.4076 -0.4079 0.0004 0.0095 0.0054 346.0411 376.9539 -8.8999 0.0000 0.0000
5250.03 18.07.2018 20.30.01 27.89016 291.5637 -327.4278 -0.4032 -0.4033 0.0001 0.0017 0.0010 347.7645 376.6328 -8.9447 0.0000 0.0000
5260.03 18.07.2018 20.40.01 27.81692 291.4753 -327.4975 -0.4033 -0.4033 0.0000 0.0003 0.0002 349.5329 376.4166 -9.0938 0.0000 0.0000
5270.03 18.07.2018 20.50.01 27.74362 291.3917 -330.9800 -0.4076 -0.4076 0.0000 0.0001 0.0000 351.4100 376.3052 -9.3389 0.0000 0.0000
5280.03 18.07.2018 21.00.01 27.66946 291.3129 -334.4854 -0.4119 -0.4119 0.0000 0.0000 0.0000 353.2766 376.2641 -9.6429 0.0000 0.0000
5290.03 18.07.2018 21.10.01 27.59442 291.2349 -337.1977 -0.4153 -0.4153 0.0000 0.0000 0.0000 353.0724 375.9597 -9.6200 0.0000 0.0000
5300.03 18.07.2018 21.20.01 27.51867 291.1543 -343.1629 -0.4226 -0.4226 0.0000 0.0000 0.0000 352.7711 375.6037 -9.5391 0.0000 0.0000
5310.03 18.07.2018 21.30.01 27.44134 291.0739 -350.1292 -0.4312 -0.4312 0.0000 0.0000 0.0000 352.4549 375.2319 -9.4565 0.0000 0.0000
5320.03 18.07.2018 21.40.01 27.36242 290.9958 -357.3065 -0.4400 -0.4400 0.0000 0.0000 0.0000 352.1230 374.8499 -9.3636 0.0000 0.0000
5330.03 18.07.2018 21.50.01 27.28195 290.9174 -364.1591 -0.4485 -0.4485 0.0000 0.0000 0.0000 351.7591 374.4536 -9.2693 0.0000 0.0000
5340.03 18.07.2018 22.00.01 27.20001 290.8384 -370.3763 -0.4561 -0.4561 0.0000 0.0000 0.0000 351.4111 374.0526 -9.1892 0.0000 0.0000
5350.03 18.07.2018 22.10.01 27.11685 290.7758 -375.9736 -0.4630 -0.4630 0.0000 0.0000 0.0000 350.5406 373.5836 -8.9553 0.0000 0.0000
5360.03 18.07.2018 22.20.01 27.03243 290.7114 -380.6959 -0.4688 -0.4688 0.0000 0.0000 0.0000 349.6548 373.0880 -8.7089 0.0000 0.0000
5370.03 18.07.2018 22.30.01 26.94695 290.6471 -385.3110 -0.4745 -0.4745 0.0000 0.0000 0.0000 348.7943 372.5851 -8.4544 0.0000 0.0000
5380.03 18.07.2018 22.40.01 26.86050 290.5832 -389.2894 -0.4794 -0.4794 0.0000 0.0000 0.0000 347.9529 372.0775 -8.1933 0.0000 0.0000
5390.03 18.07.2018 22.50.01 26.77322 290.5181 -392.7736 -0.4837 -0.4837 0.0000 0.0000 0.0000 347.0920 371.5581 -7.9226 0.0000 0.0000
5400.03 18.07.2018 23.00.01 26.68533 290.4530 -396.0653 -0.4878 -0.4878 0.0000 0.0000 0.0000 346.2185 371.0297 -7.6457 0.0000 0.0000
5410.03 18.07.2018 23.10.01 26.59655 290.2753 -398.5509 -0.4908 -0.4908 0.0000 0.0000 0.0000 345.1765 370.3373 -7.8528 0.0000 0.0000
5420.03 18.07.2018 23.20.01 26.50720 290.0943 -402.3605 -0.4955 -0.4955 0.0000 0.0000 0.0000 344.1056 369.6204 -7.9922 0.0000 0.0000
5430.03 18.07.2018 23.30.01 26.41696 289.9173 -406.3992 -0.5005 -0.5005 0.0000 0.0000 0.0000 343.0222 368.8856 -8.0882 0.0000 0.0000
5440.03 18.07.2018 23.40.01 26.32580 289.7372 -410.3473 -0.5054 -0.5054 0.0000 0.0000 0.0000 341.9276 368.1205 -8.2151 0.0000 0.0000
5450.03 18.07.2018 23.50.01 26.23382 289.5553 -413.8990 -0.5097 -0.5097 0.0000 0.0000 0.0000 340.8323 367.3511 -8.2845 0.0000 0.0000
5460.03 19.07.2018 00.00.01 26.14108 289.3767 -417.3574 -0.5140 -0.5140 0.0000 0.0000 0.0000 339.7316 366.5727 -8.3280 0.0000 0.0000
5470.03 19.07.2018 00.10.01 26.04769 289.1736 -420.8315 -0.5183 -0.5183 0.0000 0.0000 0.0000 338.8575 365.7879 -8.5267 0.0000 0.0000
5480.03 19.07.2018 00.20.01 25.95342 288.9782 -422.3444 -0.5201 -0.5201 0.0000 0.0000 0.0000 337.9982 365.0180 -8.6758 0.0000 0.0000
5490.03 19.07.2018 00.30.01 25.85912 288.7812 -425.0347 -0.5234 -0.5234 0.0000 0.0000 0.0000 337.1298 364.2444 -8.8165 0.0000 0.0000
5500.03 19.07.2018 00.40.01 25.76394 288.5813 -425.5132 -0.5240 -0.5240 0.0000 0.0000 0.0000 336.2587 363.4660 -8.9610 0.0000 0.0000
5510.03 19.07.2018 00.50.01 25.66873 288.3797 -427.7289 -0.5268 -0.5268 0.0000 0.0000 0.0000 335.3860 362.6850 -9.0998 0.0000 0.0000
5520.03 19.07.2018 01.00.01 25.57299 288.1821 -429.6867 -0.5292 -0.5292 0.0000 0.0000 0.0000 334.5141 361.9075 -9.2162 0.0000 0.0000
5530.03 19.07.2018 01.10.01 25.47686 288.0848 -431.5027 -0.5314 -0.5314 0.0000 0.0000 0.0000 334.3377 361.3440 -9.0280 0.0000 0.0000
5540.03 19.07.2018 01.20.01 25.38070 287.9884 -432.5242 -0.5327 -0.5327 0.0000 0.0000 0.0000 334.2168 360.8184 -8.9420 0.0000 0.0000
5550.03 19.07.2018 01.30.01 25.28454 287.8894 -433.0253 -0.5333 -0.5333 0.0000 0.0000 0.0000 334.0937 360.3089 -8.9187 0.0000 0.0000
5560.03 19.07.2018 01.40.01 25.18826 287.7902 -433.2352 -0.5335 -0.5335 0.0000 0.0000 0.0000 333.9875 359.8354 -8.8667 0.0000 0.0000
5570.03 19.07.2018 01.50.01 25.09200 287.6934 -433.3008 -0.5336 -0.5336 0.0000 0.0000 0.0000 333.9066 359.3922 -8.8066 0.0000 0.0000
5580.03 19.07.2018 02.00.01 24.99581 287.5969 -432.9019 -0.5331 -0.5331 0.0000 0.0003 0.0002 333.8355 358.9648 -8.7902 0.0000 0.0000
5590.03 19.07.2018 02.10.01 24.89968 287.5638 -426.3914 -0.5251 -0.5304 0.0071 0.1847 0.0996 333.1977 358.5161 -8.5433 0.0000 0.0000
5600.03 19.07.2018 02.20.01 24.80474 287.4915 -419.7443 -0.5169 -0.5287 0.0157 0.4007 0.2169 332.4231 357.9804 -8.5125 0.0000 0.0000
5610.03 19.07.2018 02.30.01 24.71075 287.4113 -415.9642 -0.5123 -0.5306 0.0245 0.6220 0.3372 331.6858 357.4191 -8.6001 0.0000 0.0000
5620.03 19.07.2018 02.40.01 24.61730 287.3689 -416.6316 -0.5131 -0.5381 0.0333 0.8444 0.4581 330.9813 356.8996 -8.5584 0.0000 0.0000
5630.03 19.07.2018 02.50.01 24.52346 287.3461 -419.1808 -0.5162 -0.5479 0.0422 1.0669 0.5790 330.2071 356.3789 -8.4649 0.0000 0.0000
5640.03 19.07.2018 03.00.01 24.42892 287.2959 -423.0688 -0.5210 -0.5595 0.0512 1.2946 0.7028 329.3845 355.8241 -8.4477 0.0000 0.0000
5650.03 19.07.2018 03.10.01 24.33370 287.3110 -354.1804 -0.4362 -0.5697 0.1780 4.5877 2.4796 328.9626 355.7753 -8.0186 0.0000 0.0000
5660.03 19.07.2018 03.20.01 24.24923 287.3333 -306.6349 -0.3776 -0.6248 0.3296 8.4068 4.5535 328.7224 355.9163 -7.8359 0.0000 0.0000
5670.03 19.07.2018 03.30.01 24.17248 287.3566 -278.6137 -0.3431 -0.7069 0.4851 12.3153 6.6779 328.5577 356.1454 -7.8080 0.0000 0.0000
5680.03 19.07.2018 03.40.01 24.10064 287.3794 -260.6345 -0.3210 -0.8020 0.6414 16.2405 8.8117 328.4348 356.4372 -7.8951 0.0000 0.0000
5690.03 19.07.2018 03.50.01 24.03222 287.3938 -248.0615 -0.3055 -0.9039 0.7979 20.1686 10.9472 328.3414 356.7657 -8.1254 0.0000 0.0000
5700.03 19.07.2018 04.00.01 23.96624 287.3873 -238.0908 -0.2932 -1.0091 0.9545 24.1024 13.0858 328.2690 357.1115 -8.5272 0.0000 0.0000
5710.03 19.07.2018 04.10.01 23.90246 287.6255 -157.4586 -0.1939 -1.1170 1.2308 31.1497 16.9035 328.7649 358.1456 -8.2033 0.0000 0.0000
5720.03 19.07.2018 04.20.01 23.85134 287.9802 -101.4259 -0.1249 -1.2740 1.5321 38.7315 21.0228 329.4937 359.5564 -7.7468 0.0000 0.0000
5730.03 19.07.2018 04.30.01 23.80987 288.3438 -64.8761 -0.0799 -1.4581 1.8376 46.4038 25.1935 330.3320 361.1371 -7.4601 0.0000 0.0000
5740.03 19.07.2018 04.40.01 23.77526 288.7126 -37.6580 -0.0464 -1.6542 2.1438 54.0932 29.3737 331.2395 362.8527 -7.3059 0.0000 0.0000
5750.03 19.07.2018 04.50.01 23.74624 289.0824 -14.8461 -0.0183 -1.8559 2.4501 70.6584 38.4020 332.2000 365.3184 -8.0143 0.0000 0.0000
5760.03 19.07.2018 05.00.01 23.72210 289.4616 17.1246 0.0211 -2.0598 2.7745 80.6404 43.8457 333.3104 367.6693 -8.5647 0.0000 0.0000
5770.03 19.07.2018 05.10.01 23.70431 289.8401 35.1483 0.0433 -2.2727 3.0880 123.5753 67.2804 334.4404 372.5253 -11.7310 0.0000 0.0000
5780.03 19.07.2018 05.20.01 23.69079 290.2512 100.4388 0.1237 -2.4826 3.4751 168.4310 91.8121 336.0349 378.7250 -16.1132 0.0000 0.0000
5790.03 19.07.2018 05.30.01 23.68875 290.6770 157.0249 0.1934 -2.7226 3.8880 211.3615 115.1738 337.8476 385.4382 -20.8295 0.0000 0.0000
5800.03 19.07.2018 05.40.01 23.69708 291.1081 197.5621 0.2433 -2.9833 4.3021 205.7967 112.2017 339.7468 389.1105 -22.2548 0.0000 0.0000
5810.03 19.07.2018 05.50.01 23.71337 291.5143 161.1139 0.1984 -3.2516 4.6001 197.2698 107.5399 341.1597 391.4783 -22.3588 0.0000 0.0000
5820.03 19.07.2018 06.00.01 23.72643 291.8938 144.0160 0.1774 -3.4727 4.8667 189.0620 103.0905 342.3877 393.4131 -22.1105 0.0000 0.0000
5830.03 19.07.2018 06.10.01 23.73858 292.2296 47.4387 0.0584 -3.6622 4.9609 218.6994 119.8019 343.8380 399.0281 -22.5969 0.0000 0.0000
5840.03 19.07.2018 06.20.01 23.73855 292.7801 66.4794 0.0819 -3.7632 5.1267 241.7583 132.5121 345.5641 404.5434 -23.4373 0.0000 0.0000
5850.03 19.07.2018 06.30.01 23.74343 293.1738 108.0848 0.1331 -3.8587 5.3224 265.1341 145.3907 347.3742 408.6041 -32.1342 0.0000 0.0000
5860.03 19.07.2018 06.40.01 23.75659 293.6761 149.7594 0.1844 -3.9636 5.5307 281.0927 154.2718 349.4623 414.7330 -29.1127 0.0000 0.0000
5870.03 19.07.2018 06.50.01 23.77947 293.8642 525.2199 0.6468 -4.0770 6.2985 299.4263 164.1560 351.4873 420.1611 -31.4857 0.0000 0.0000
5880.03 19.07.2018 07.00.01 23.86044 294.2023 758.7319 0.9344 -4.4342 7.1582 318.0770 174.1620 353.4188 424.3519 -39.6868 0.0000 0.0000
5890.03 19.07.2018 07.10.01 23.97994 294.4957 933.1241 1.1492 -4.9239 8.0975 325.6157 178.0200 355.3839 429.2472 -38.7286 0.0000 0.0000
5900.03 19.07.2018 07.20.01 24.12863 294.7099 968.9587 1.1933 -5.5021 8.9271 331.3857 180.8993 356.9524 431.0424 -49.8282 0.0000 0.0000
5910.03 19.07.2018 07.30.01 24.28689 294.7139 1005.8960 1.2388 -6.0668 9.7408 337.2699 183.8593 358.2353 431.9967 -60.8142 0.0000 0.0000
5920.03 19.07.2018 07.40.01 24.45431 295.1585 1031.1624 1.2699 -6.6217 10.5222 343.6488 187.0810 360.3076 439.9500 -40.0728 0.0000 0.0000
5930.03 19.07.2018 07.50.01 24.62914 295.1749 1037.0275 1.2771 -7.1582 11.2471 349.5680 190.0698 361.7818 439.0054 -61.3599 0.0000 0.0000
5940.03 19.07.2018 08.00.01 24.80831 295.1588 1030.3522 1.2689 -7.6655 11.9126 355.0674 192.8507 362.5470 437.5401 -78.1281 0.0000 0.0000
5950.03 19.07.2018 08.10.01 24.99041 295.3515 1281.3878 1.5781 -8.1403 12.9578 374.3491 203.0700 363.5374 440.8096 -78.9013 0.0000 0.0000
5960.03 19.07.2018 08.20.01 25.21270 295.6072 1467.3347 1.8071 -8.7653 14.0965 394.5144 213.7488 364.9024 444.7719 -80.3404 0.0000 0.0000
5970.03 19.07.2018 08.30.01 25.46639 295.8510 1620.2321 1.9954 -9.4876 15.3107 415.3521 224.7743 366.5715 448.9165 -83.4211 0.0000 0.0000
5980.03 19.07.2018 08.40.01 25.74673 296.1011 1682.8936 2.0725 -10.2809 16.4712 433.4300 234.2826 368.2497 453.0671 -86.3028 0.0000 0.0000
5990.03 19.07.2018 08.50.01 26.04040 296.3480 1716.6110 2.1141 -11.0798 17.5918 449.8077 242.8010 369.7797 456.9949 -89.3165 0.0000 0.0000
6000.03 19.07.2018 09.00.01 26.34304 296.5869 1761.4520 2.1693 -11.8664 18.7142 466.2493 251.3572 371.3864 461.0056 -92.6558 0.0000 0.0000
6010.03 19.07.2018 09.10.01 26.65490 296.8184 1525.6349 1.8789 -12.6500 19.3718 470.1779 253.2609 373.4074 464.4515 -92.5515 0.0000 0.0000
6020.03 19.07.2018 09.20.01 26.93511 297.0611 1375.4404 1.6939 -13.2315 19.9006 472.0804 254.0461 375.2558 467.5595 -91.4963 0.0000 0.0000
6030.03 19.07.2018 09.30.01 27.19564 297.2878 1308.8788 1.6119 -13.6814 20.3911 473.7810 254.7389 377.0637 470.3781 -91.6900 0.0000 0.0000
6040.03 19.07.2018 09.40.01 27.44827 297.5264 1284.9030 1.5824 -14.0643 20.8622 475.7049 255.5343 378.7495 473.2990 -90.6129 0.0000 0.0000
6050.03 19.07.2018 09.50.01 27.69909 297.7661 1269.2340 1.5631 -14.4125 21.3008 477.4357 256.2383 380.4266 476.1650 -89.4613 0.0000 0.0000
6060.03 19.07.2018 10.00.01 27.94912 297.9995 1207.3966 1.4869 -14.7334 21.6271 478.0510 256.3587 382.0255 478.6669 -89.2859 0.0000 0.0000
6070.03 19.07.2018 10.10.01 28.19000 298.2937 786.1717 0.9682 -14.9953 21.2846 465.6653 249.6826 384.5626 481.5112 -81.2702 0.0000 0.0000
6080.03 19.07.2018 10.20.01 28.37020 299.0016 544.3369 0.6704 -14.9348 20.8069 451.8813 242.2694 386.7371 480.6286 -86.6692 0.0000 0.0000
6090.03 19.07.2018 10.30.01 28.51553 299.2032 376.8884 0.4641 -14.6914 20.2074 436.8364 234.1916 387.7061 478.2447 -94.5931 0.0000 0.0000
6100.03 19.07.2018 10.40.01 28.63513 299.4258 334.1056 0.4115 -14.3433 19.6731 424.0205 227.3167 389.6505 480.1696 -84.4561 0.0000 0.0000
6110.03 19.07.2018 10.50.01 28.74792 299.4413 291.5510 0.3591 -13.9616 19.0942 411.3434 220.5588 391.9329 480.9936 -81.2424 0.0000 0.0000
6120.03 19.07.2018 11.00.01 28.85189 299.5724 213.9816 0.2635 -13.5620 18.4340 398.4234 213.7174 393.9659 480.7581 -81.0931 0.0000 0.0000
6130.03 19.07.2018 11.10.01 28.94146 299.5901 -301.4200 -0.3712 -13.1058 16.9795 368.0520 197.6070 395.8223 479.6460 -71.3059 0.0000 0.0000
6140.03 19.07.2018 11.20.01 28.95220 299.6437 -639.5981 -0.7877 -12.2949 15.3429 334.9364 179.9874 396.3411 475.6927 -69.9948 0.0000 0.0000
6150.03 19.07.2018 11.30.01 28.90878 299.6385 -839.9670 -1.0344 -11.2801 13.6608 301.8216 162.4026 396.1358 470.4357 -71.4330 0.0000 0.0000
6160.03 19.07.2018 11.40.01 28.83087 299.3164 -931.1537 -1.1467 -10.1670 12.0270 270.2017 145.6268 396.6117 466.5707 -64.0665 0.0000 0.0000
6170.03 19.07.2018 11.50.01 28.73562 299.0372 -996.1867 -1.2268 -9.0221 10.3937 239.3171 129.2915 397.0293 462.0379 -60.1249 0.0000 0.0000
6180.03 19.07.2018 12.00.01 28.62704 298.7803 -1055.0327 -1.2993 -7.8663 8.7560 209.0317 113.3178 397.1284 456.5679 -59.4065 0.0000 0.0000
6190.03 19.07.2018 12.10.01 28.50909 298.6095 -309.6053 -0.3813 -6.7216 8.4537 201.8653 109.2953 395.3665 453.4204 -56.3107 0.0000 0.0000
6200.03 19.07.2018 12.20.01 28.49883 298.5806 87.2561 0.1075 -6.1467 8.3389 198.8353 107.6132 394.3184 451.4098 -54.0977 0.0000 0.0000
6210.03 19.07.2018 12.30.01 28.54675 298.5562 259.3050 0.3193 -5.8675 8.2491 196.5849 106.3801 393.6056 449.8041 -52.3506 0.0000 0.0000
6220.03 19.07.2018 12.40.01 28.62005 298.5351 332.1752 0.4091 -5.7143 8.1645 194.4793 105.2279 393.0092 448.4347 -50.8524 0.0000 0.0000
6230.03 19.07.2018 12.50.01 28.70410 298.5133 358.5371 0.4415 -5.6161 8.0769 192.3951 104.0910 392.4688 447.2202 -49.5629 0.0000 0.0000
6240.03 19.07.2018 13.00.01 28.79165 298.4920 362.0416 0.4459 -5.5413 7.9829 190.2644 102.9294 391.9623 446.1146 -48.4629 0.0000 0.0000
6250.03 19.07.2018 13.10.01 28.88192 298.6016 1044.8513 1.2868 -5.4881 9.0331 208.0540 112.0061 389.4995 446.3250 -49.5789 0.0000 0.0000
6260.03 19.07.2018 13.20.01 29.07366 298.7092 1397.4092 1.7209 -5.9308 10.2024 229.2414 123.0316 387.6073 447.3357 -52.3749 0.0000 0.0000
6270.03 19.07.2018 13.30.01 29.31896 298.8273 1528.6725 1.8826 -6.6147 11.3297 250.5951 134.1884 385.9998 448.6836 -55.8910 0.0000 0.0000
6280.03 19.07.2018 13.40.01 29.58569 299.1315 1577.5940 1.9429 -7.3760 12.4252 272.2238 145.4991 384.5200 450.4906 -58.7738 0.0000 0.0000
6290.03 19.07.2018 13.50.01 29.86175 299.2568 1567.6370 1.9306 -8.1493 13.4398 293.4074 156.6037 383.1011 452.3012 -62.9247 0.0000 0.0000
6300.03 19.07.2018 14.00.01 30.13754 299.3912 1495.1484 1.8413 -8.8997 14.3214 313.6286 167.2337 381.7079 454.1115 -67.4785 0.0000 0.0000
6310.03 19.07.2018 14.10.01 30.39959 299.3175 512.1738 0.6308 -9.5709 13.6022 298.8997 159.5099 382.2973 454.1162 -66.1743 0.0000 0.0000
6320.03 19.07.2018 14.20.01 30.51473 299.1890 -77.5697 -0.0955 -9.5349 12.5858 282.2125 150.8354 381.7879 453.0574 -64.1976 0.0000 0.0000
6330.03 19.07.2018 14.30.01 30.53909 299.0528 -334.9829 -0.4125 -9.1039 11.5885 265.8705 142.3535 380.8964 451.4383 -62.5456 0.0000 0.0000
6340.03 19.07.2018 14.40.01 30.52105 298.9023 -456.4457 -0.5621 -8.5267 10.6195 248.7522 133.4102 379.8392 449.1775 -61.0167 0.0000 0.0000
6350.03 19.07.2018 14.50.01 30.48095 298.4628 -497.4839 -0.6127 -7.9034 9.7210 232.2827 124.8029 378.6598 446.2252 -60.9696 0.0000 0.0000
6360.03 19.07.2018 15.00.01 30.43002 298.3125 -544.1332 -0.6701 -7.2942 8.8321 215.4244 115.9549 377.3335 443.2332 -59.5166 0.0000 0.0000
6370.03 19.07.2018 15.10.01 30.36917 298.1231 -473.2309 -0.5828 -6.6947 8.1492 203.1256 109.5054 376.1397 440.7501 -56.9944 0.0000 0.0000
6380.03 19.07.2018 15.20.01 30.31765 297.9476 -420.4263 -0.5178 -6.1677 7.5332 190.9545 103.0821 375.0086 438.1925 -54.7502 0.0000 0.0000
6390.03 19.07.2018 15.30.01 30.27166 297.7769 -387.1913 -0.4768 -5.7012 6.9659 178.9008 96.6925 373.8849 435.6012 -52.4306 0.0000 0.0000
6400.03 19.07.2018 15.40.01 30.22830 297.6053 -434.9404 -0.5356 -5.2781 6.3233 166.1655 89.9886 372.7679 432.9286 -50.0396 0.0000 0.0000
6410.03 19.07.2018 15.50.01 30.17639 297.4328 -349.7233 -0.4307 -4.8394 5.8783 154.5609 83.8140 371.6445 430.3101 -47.7761 0.0000 0.0000
6420.03 19.07.2018 16.00.01 30.13510 297.2608 -310.1446 -0.3820 -4.4807 5.4650 142.7185 77.4718 370.4964 427.6337 -45.3836 0.0000 0.0000
6430.03 19.07.2018 16.10.01 30.09829 297.1614 -229.7702 -0.2830 -4.1666 5.1782 140.5598 76.2529 368.7546 425.5070 -43.7035 0.0000 0.0000
6440.03 19.07.2018 16.20.01 30.07211 297.0624 -147.6851 -0.1819 -3.9256 4.9917 140.6468 76.3057 367.2451 423.8108 -43.2349 0.0000 0.0000
6450.03 19.07.2018 16.30.01 30.05667 296.9820 -126.9079 -0.1563 -3.7559 4.7995 140.6252 76.2977 365.9367 422.2794 -42.8161 0.0000 0.0000
6460.03 19.07.2018 16.40.01 30.04330 296.8784 -102.0724 -0.1257 -3.6120 4.6483 142.0261 77.0504 364.6271 421.0045 -42.3681 0.0000 0.0000
6470.03 19.07.2018 16.50.01 30.03250 296.7845 -84.4506 -0.1040 -3.4968 4.5237 143.3915 77.7619 363.3898 419.7638 -42.5799 0.0000 0.0000
6480.03 19.07.2018 17.00.01 30.02313 296.6932 -96.6235 -0.1190 -3.4048 4.3810 147.2266 79.9699 362.1563 418.9045 -43.4382 0.0000 0.0000
6490.03 19.07.2018 17.10.01 30.01040 296.4747 -226.9433 -0.2795 -3.3154 4.0479 137.3977 74.7821 360.8557 416.9087 -43.0170 0.0000 0.0000
6500.03 19.07.2018 17.20.01 29.97668 296.2449 -363.3010 -0.4474 -3.1478 3.6005 124.4631 67.8171 359.2018 414.3336 -41.3373 0.0000 0.0000
6510.03 19.07.2018 17.30.01 29.92080 295.9846 -447.0126 -0.5505 -2.9009 3.1338 110.6963 60.3675 357.3503 411.6268 -39.0354 0.0000 0.0000
6520.03 19.07.2018 17.40.01 29.85037 295.7360 -495.8827 -0.6107 -2.6152 2.6726 95.4301 52.0748 355.5096 408.8671 -35.1303 0.0000 0.0000
6530.03 19.07.2018 17.50.01 29.77032 295.4882 -540.9925 -0.6662 -2.3157 2.1992 80.5305 44.0112 353.5944 406.0330 -31.1561 0.0000 0.0000
6540.03 19.07.2018 18.00.01 29.68145 295.2408 -574.3618 -0.7073 -2.0055 1.7308 65.0700 35.6070 351.6369 403.0489 -26.9982 0.0000 0.0000
6550.03 19.07.2018 18.10.01 29.58587 294.9007 -486.7242 -0.5994 -1.6929 1.4580 56.0221 30.6611 350.0341 400.3703 -24.4488 0.0000 0.0000
6560.03 19.07.2018 18.20.01 29.50115 294.5638 -439.3969 -0.5411 -1.4632 1.2294 47.7925 26.1727 348.5796 397.8420 -22.3334 0.0000 0.0000
6570.03 19.07.2018 18.30.01 29.42162 294.2279 -425.8522 -0.5244 -1.2834 1.0119 39.6723 21.7418 347.1843 395.3589 -20.2970 0.0000 0.0000
6580.03 19.07.2018 18.40.01 29.34265 293.8924 -428.7884 -0.5281 -1.1282 0.8002 29.6655 16.2662 345.8159 392.7538 -18.1026 0.0000 0.0000
6590.03 19.07.2018 18.50.01 29.26171 293.5567 -445.0254 -0.5481 -0.9854 0.5831 19.3738 10.6238 344.4268 390.0856 -15.7845 0.0000 0.0000
6600.03 19.07.2018 19.00.01 29.17687 293.2203 -463.1874 -0.5704 -0.8455 0.3667 8.9528 4.9027 343.0336 387.3698 -13.4695 0.0000 0.0000
6610.03 19.07.2018 19.10.01 29.08807 292.8527 -412.7043 -0.5083 -0.7076 0.2658 6.5962 3.5969 341.5079 385.1512 -12.4876 0.0000 0.0000
6620.03 19.07.2018 19.20.01 29.00518 292.4886 -377.6046 -0.4650 -0.6210 0.2080 5.1740 2.8193 340.1337 383.1788 -11.9711 0.0000 0.0000
6630.03 19.07.2018 19.30.01 28.92614 292.1267 -369.1872 -0.4547 -0.5730 0.1578 3.9178 2.1355 338.8213 381.3091 -11.6325 0.0000 0.0000
6640.03 19.07.2018 19.40.01 28.84710 291.7667 -374.7117 -0.4615 -0.5431 0.1089 2.6918 1.4688 337.5364 379.5065 -11.4124 0.0000 0.0000
6650.03 19.07.2018 19.50.01 28.76605 291.4065 -386.5786 -0.4761 -0.5213 0.0603 1.4713 0.8053 336.2603 377.7519 -11.2847 0.0000 0.0000
6660.03 19.07.2018 20.00.01 28.68194 291.0491 -400.9837 -0.4938 -0.5026 0.0118 0.2534 0.1432 334.9957 376.0407 -11.2102 0.0000 0.0000
6670.03 19.07.2018 20.10.01 28.59463 290.8826 -393.1973 -0.4842 -0.4857 0.0020 0.0442 0.0250 334.1646 374.7546 -10.4475 0.0000 0.0000
6680.03 19.07.2018 20.20.01 28.50741 290.7153 -393.3853 -0.4845 -0.4847 0.0004 0.0082 0.0046 333.4261 373.5819 -9.9037 0.0000 0.0000
6690.03 19.07.2018 20.30.01 28.41909 290.5462 -399.3329 -0.4918 -0.4918 0.0001 0.0015 0.0008 332.7293 372.4787 -9.4899 0.0000 0.0000
6700.03 19.07.2018 20.40.01 28.32906 290.3786 -408.4077 -0.5030 -0.5030 0.0000 0.0003 0.0001 332.0631 371.4364 -9.1571 0.0000 0.0000
6710.03 19.07.2018 20.50.01 28.23687 290.2111 -418.3842 -0.5153 -0.5153 0.0000 0.0000 0.0000 331.4219 370.4406 -8.9050 0.0000 0.0000
6720.03 19.07.2018 21.00.01 28.14245 290.0437 -428.6851 -0.5279 -0.5279 0.0000 0.0000 0.0000 330.7989 369.4830 -8.7176 0.0000 0.0000
6730.03 19.07.2018 21.10.01 28.04571 289.8293 -438.7179 -0.5403 -0.5403 0.0000 0.0000 0.0000 330.4016 368.5173 -8.8995 0.0000 0.0000
6740.03 19.07.2018 21.20.01 27.94674 289.6142 -448.6587 -0.5525 -0.5525 0.0000 0.0000 0.0000 330.0155 367.5776 -9.1289 0.0000 0.0000
6750.03 19.07.2018 21.30.01 27.84567 289.3999 -458.1627 -0.5642 -0.5642 0.0000 0.0000 0.0000 329.6400 366.6610 -9.3889 0.0000 0.0000
6760.03 19.07.2018 21.40.01 27.74249 289.1863 -466.8837 -0.5750 -0.5750 0.0000 0.0000 0.0000 329.2705 365.7641 -9.6728 0.0000 0.0000
6770.03 19.07.2018 21.50.01 27.63745 288.9730 -475.3069 -0.5854 -0.5854 0.0000 0.0000 0.0000 328.9059 364.8839 -9.9789 0.0000 0.0000
6780.03 19.07.2018 22.00.01 27.53060 288.7597 -483.1867 -0.5951 -0.5951 0.0000 0.0000 0.0000 328.5467 364.0181 -10.3054 0.0000 0.0000
6790.03 19.07.2018 22.10.01 27.42205 288.5632 -490.3049 -0.6038 -0.6038 0.0000 0.0000 0.0000 327.2370 363.0709 -10.2945 0.0000 0.0000
6800.03 19.07.2018 22.20.01 27.31182 288.3691 -497.8956 -0.6132 -0.6132 0.0000 0.0000 0.0000 325.8892 362.1097 -10.2036 0.0000 0.0000
6810.03 19.07.2018 22.30.01 27.19985 288.1712 -505.9110 -0.6230 -0.6230 0.0000 0.0000 0.0000 324.5350 361.1231 -10.1455 0.0000 0.0000
6820.03 19.07.2018 22.40.01 27.08611 287.9747 -513.7218 -0.6327 -0.6327 0.0000 0.0000 0.0000 323.1864 360.1453 -10.0352 0.0000 0.0000
6830.03 19.07.2018 22.50.01 26.97073 287.7789 -521.1073 -0.6418 -0.6418 0.0000 0.0000 0.0000 321.8438 359.1647 -9.9168 0.0000 0.0000
6840.03 19.07.2018 23.00.01 26.85378 287.5817 -528.2108 -0.6505 -0.6505 0.0000 0.0000 0.0000 320.5006 358.1792 -9.7985 0.0000 0.0000
6850.03 19.07.2018 23.10.01 26.73525 287.3555 -534.4559 -0.6582 -0.6582 0.0000 0.0000 0.0000 319.6366 357.2214 -9.9097 0.0000 0.0000
6860.03 19.07.2018 23.20.01 26.61550 287.1316 -539.4844 -0.6644 -0.6644 0.0000 0.0000 0.0000 318.7995 356.2809 -10.0326 0.0000 0.0000
6870.03 19.07.2018 23.30.01 26.49471 286.9065 -543.0281 -0.6688 -0.6688 0.0000 0.0000 0.0000 317.9505 355.3444 -10.1630 0.0000 0.0000
6880.03 19.07.2018 23.40.01 26.37316 286.6787 -545.8531 -0.6722 -0.6722 0.0000 0.0000 0.0000 317.0686 354.4128 -10.2369 0.0000 0.0000
6890.03 19.07.2018 23.50.01 26.25115 286.4508 -548.4218 -0.6754 -0.6754 0.0000 0.0000 0.0000 316.1462 353.4825 -10.3101 0.0000 0.0000
6900.03 20.07.2018 00.00.01 26.12847 286.2229 -550.2991 -0.6777 -0.6777 0.0000 0.0000 0.0000 315.2724 352.5665 -10.4078 0.0000 0.0000
6910.03 20.07.2018 00.10.01 26.00540 286.0770 -553.1998 -0.6813 -0.6813 0.0000 0.0000 0.0000 314.3000 351.7071 -10.2165 0.0000 0.0000
6920.03 20.07.2018 00.20.01 25.88171 285.9306 -556.6806 -0.6856 -0.6856 0.0000 0.0000 0.0000 313.3202 350.8535 -10.0386 0.0000 0.0000
6930.03 20.07.2018 00.30.01 25.75720 285.7797 -559.7407 -0.6893 -0.6893 0.0000 0.0000 0.0000 312.3400 350.0011 -9.8876 0.0000 0.0000
6940.03 20.07.2018 00.40.01 25.63189 285.6271 -562.8449 -0.6932 -0.6932 0.0000 0.0000 0.0000 311.3703 349.1550 -9.7502 0.0000 0.0000
6950.03 20.07.2018 00.50.01 25.50591 285.4758 -565.8604 -0.6969 -0.6969 0.0000 0.0000 0.0000 310.4072 348.3167 -9.6140 0.0000 0.0000
6960.03 20.07.2018 01.00.01 25.37936 285.3243 -569.2013 -0.7010 -0.7010 0.0000 0.0000 0.0000 309.4634 347.4854 -9.4911 0.0000 0.0000
6970.03 20.07.2018 01.10.01 25.25210 285.1733 -572.2252 -0.7047 -0.7047 0.0000 0.0000 0.0000 308.8518 346.7267 -9.3992 0.0000 0.0000
6980.03 20.07.2018 01.20.01 25.12408 285.0230 -574.0129 -0.7069 -0.7069 0.0000 0.0000 0.0000 308.2713 345.9859 -9.3418 0.0000 0.0000
6990.03 20.07.2018 01.30.01 24.99590 284.8735 -576.9104 -0.7105 -0.7105 0.0000 0.0000 0.0000 307.7312 345.2682 -9.3040 0.0000 0.0000
7000.03 20.07.2018 01.40.01 24.86685 284.7253 -577.6666 -0.7114 -0.7114 0.0000 0.0000 0.0000 307.2116 344.5628 -9.2812 0.0000 0.0000
7010.03 20.07.2018 01.50.01 24.73776 284.5767 -579.6412 -0.7138 -0.7138 0.0000 0.0000 0.0000 306.7127 343.8733 -9.2734 0.0000 0.0000
7020.03 20.07.2018 02.00.01 24.60833 284.4288 -581.2242 -0.7158 -0.7158 0.0000 0.0003 0.0002 306.2073 343.1872 -9.2779 0.0000 0.0000
7030.03 20.07.2018 02.10.01 24.47842 284.2977 -576.3198 -0.7098 -0.7158 0.0080 0.2088 0.1126 306.0403 342.5812 -9.2887 0.0000 0.0000
7040.03 20.07.2018 02.20.01 24.34942 284.1675 -572.7867 -0.7054 -0.7187 0.0177 0.4529 0.2452 305.8821 342.0078 -9.3441 0.0000 0.0000
7050.03 20.07.2018 02.30.01 24.22128 284.0368 -570.5302 -0.7026 -0.7234 0.0277 0.7032 0.3812 305.7105 341.4494 -9.4275 0.0000 0.0000
7060.03 20.07.2018 02.40.01 24.09347 283.9061 -568.1667 -0.6997 -0.7280 0.0377 0.9545 0.5178 305.5324 340.9040 -9.5280 0.0000 0.0000
7070.03 20.07.2018 02.50.01 23.96624 283.7751 -566.8917 -0.6981 -0.7339 0.0477 1.2061 0.6546 305.3615 340.3725 -9.6578 0.0000 0.0000
7080.03 20.07.2018 03.00.01 23.83923 283.6448 -565.1026 -0.6959 -0.7393 0.0579 1.4621 0.7937 305.2017 339.8536 -9.8032 0.0000 0.0000
7090.03 20.07.2018 03.10.01 23.71282 283.6996 -500.5365 -0.6164 -0.7443 0.1704 4.3834 2.3702 304.8824 339.7839 -9.3046 0.0000 0.0000
7100.03 20.07.2018 03.20.01 23.59634 283.7576 -459.0533 -0.5653 -0.7937 0.3045 7.7621 4.2049 304.7031 339.8707 -9.0122 0.0000 0.0000
7110.03 20.07.2018 03.30.01 23.48641 283.8191 -435.7812 -0.5367 -0.8682 0.4420 11.2184 6.0836 304.5960 340.0369 -8.8361 0.0000 0.0000
7120.03 20.07.2018 03.40.01 23.38052 283.8817 -421.3559 -0.5189 -0.9541 0.5803 14.6892 7.9704 304.5437 340.2740 -8.7415 0.0000 0.0000
7130.03 20.07.2018 03.50.01 23.27734 283.9449 -410.5980 -0.5057 -1.0446 0.7186 18.1626 9.8587 304.5248 340.5630 -8.7175 0.0000 0.0000
7140.03 20.07.2018 04.00.01 23.17632 284.0099 -401.3070 -0.4942 -1.1369 0.8569 21.6361 11.7471 304.5169 340.8898 -8.7472 0.0000 0.0000
7150.03 20.07.2018 04.10.01 23.07742 284.3579 -397.1829 -0.4891 -1.2282 0.9854 24.8535 13.4973 304.9499 341.6466 -7.4070 0.0000 0.0000
7160.03 20.07.2018 04.20.01 22.98019 284.7091 -387.7157 -0.4775 -1.3114 1.1119 28.0270 15.2228 305.4438 342.4863 -6.2244 0.0000 0.0000
7170.03 20.07.2018 04.30.01 22.88552 285.0605 -375.6000 -0.4626 -1.3910 1.2380 31.1930 16.9440 306.0009 343.4012 -5.1651 0.0000 0.0000
7180.03 20.07.2018 04.40.01 22.79370 285.4121 -362.2328 -0.4461 -1.4691 1.3640 34.3576 18.6645 306.6043 344.3818 -4.2090 0.0000 0.0000
7190.03 20.07.2018 04.50.01 22.70495 285.7637 -348.7941 -0.4295 -1.5471 1.4900 37.5220 20.3848 307.2636 345.4217 -3.3472 0.0000 0.0000
