# simtime date time IndoorTemp Av_Tair_at_facade Energyflux.toIndoor.sum  Energyflux.toIndoor.average Energyflux.Conduction.average Energyflux.SW.transmission.average Shortwave.availabe Shortwave.absorbed Longwave.available Longwave.emittedFacade Sensible.outside Vapour.fromGreening Vapour.fromSubstrate
10.02 15.07.2018 05.10.00 19.90612 289.1049 547.3924 1.1500 -0.3406 1.9875 185.6696 95.3871 324.8402 370.9202 -14.9963 0.0000 0.0000
20.02 15.07.2018 05.20.00 20.04061 289.7080 1491.9595 3.1344 -1.0504 5.5798 327.8941 166.8562 327.0843 381.1189 -25.2749 0.0000 0.0000
30.03 15.07.2018 05.30.01 20.40399 290.4212 1244.2742 2.6140 -2.7638 7.1704 461.9947 234.9655 330.7644 394.3676 -38.4211 0.0000 0.0000
40.03 15.07.2018 05.40.01 20.70733 291.1446 262.8339 0.5522 -4.0833 6.1806 463.8050 239.4784 335.1329 408.5396 -50.2735 0.0000 0.0000
50.03 15.07.2018 05.50.01 20.78652 291.5323 464.0466 0.9749 -4.2725 6.9965 434.7835 224.1298 337.7628 414.3970 -55.4212 0.0000 0.0000
60.03 15.07.2018 06.00.01 20.90377 291.9096 -239.3310 -0.5028 -4.6455 5.5236 400.5905 207.4027 339.7179 417.9983 -58.7477 0.0000 0.0000
70.03 15.07.2018 06.10.01 20.85302 292.1567 -440.9606 -0.9264 -4.2222 4.3944 381.8889 198.2030 341.3497 420.4925 -60.6752 0.0000 0.0000
80.03 15.07.2018 06.20.01 20.75149 292.4351 -495.1792 -1.0403 -3.5993 3.4121 399.2954 210.5573 343.3702 427.9289 -67.3217 0.0000 0.0000
90.03 15.07.2018 06.30.01 20.63452 292.7724 -505.0101 -1.0609 -2.9432 2.5097 389.5777 206.5760 345.2977 431.0604 -69.0008 0.0000 0.0000
100.03 15.07.2018 06.40.01 20.51354 293.0887 -484.9852 -1.0189 -2.3001 1.7083 408.1536 219.0212 347.2668 437.7044 -72.5175 0.0000 0.0000
110.03 15.07.2018 06.50.01 20.39855 293.4415 -277.2841 -0.5825 -1.7078 1.5004 399.3837 214.6113 349.3576 439.6612 -72.9160 0.0000 0.0000
120.03 15.07.2018 07.00.01 20.33392 293.7431 -94.3291 -0.1982 -1.3648 1.5555 392.9023 211.3754 351.4628 441.3303 -73.6448 0.0000 0.0000
130.03 15.07.2018 07.10.01 20.31399 294.1228 -19.8962 -0.0418 -1.2236 1.5758 388.0511 208.8827 353.4520 443.1995 -71.0881 0.0000 0.0000
140.03 15.07.2018 07.20.01 20.31365 294.5144 31.2091 0.0656 -1.1514 1.6226 384.4368 207.1120 355.5505 445.2509 -68.7495 0.0000 0.0000
150.03 15.07.2018 07.30.01 20.32733 294.9037 59.7639 0.1256 -1.1178 1.6578 379.8112 204.7431 357.6647 447.0678 -66.6803 0.0000 0.0000
160.03 15.07.2018 07.40.01 20.34991 295.3022 89.3206 0.1876 -1.0973 1.7133 378.2411 204.0529 359.8560 449.1384 -64.8995 0.0000 0.0000
170.03 15.07.2018 07.50.01 20.38152 295.7109 108.4301 0.2278 -1.0903 1.7575 375.8996 202.9083 361.9862 451.0667 -63.4193 0.0000 0.0000
180.03 15.07.2018 08.00.01 20.41946 296.0987 118.3649 0.2487 -1.0843 1.7773 382.5043 207.1500 363.9389 454.0774 -64.0210 0.0000 0.0000
190.03 15.07.2018 08.10.01 20.46179 296.6068 147.1074 0.3090 -1.0715 1.8408 380.2527 206.0722 366.3056 456.8168 -60.2011 0.0000 0.0000
200.03 15.07.2018 08.20.01 20.51251 297.0979 161.8506 0.3400 -1.0729 1.8840 376.9677 204.3897 368.5300 459.2461 -58.3306 0.0000 0.0000
210.03 15.07.2018 08.30.01 20.56872 297.3210 180.5568 0.3793 -1.0737 1.9374 373.9289 202.8469 370.8169 461.0712 -59.5061 0.0000 0.0000
220.03 15.07.2018 08.40.01 20.63098 297.6007 192.0103 0.4034 -1.0764 1.9730 371.3976 201.5205 373.0169 463.0186 -57.4616 0.0000 0.0000
230.03 15.07.2018 08.50.01 20.69750 297.8170 205.3353 0.4314 -1.0750 2.0085 368.7601 200.1303 375.1385 464.3178 -58.0879 0.0000 0.0000
240.03 15.07.2018 09.00.01 20.76876 297.6391 221.9968 0.4664 -1.0731 2.0527 366.2844 198.8308 377.1610 464.4629 -62.1459 0.0000 0.0000
250.03 15.07.2018 09.10.01 20.84527 297.9940 231.2213 0.4858 -1.0744 2.0802 361.0117 195.9557 378.8500 466.0356 -54.3160 0.0000 0.0000
260.03 15.07.2018 09.20.01 20.92602 299.5521 256.5407 0.5390 -1.0675 2.1420 408.0791 224.4588 380.5515 475.4703 -61.2916 0.0000 0.0000
270.03 15.07.2018 09.30.01 21.01467 298.5704 283.1886 0.5949 -1.0701 2.2201 403.3249 221.8564 381.7311 473.5153 -75.2482 0.0000 0.0000
280.03 15.07.2018 09.40.01 21.11132 298.2960 297.6236 0.6253 -1.0899 2.2869 399.6920 219.8330 383.5977 473.9961 -72.8084 0.0000 0.0000
290.03 15.07.2018 09.50.01 21.21221 298.1509 308.9537 0.6491 -1.1181 2.3562 396.0578 217.8071 385.5418 474.0263 -76.6556 0.0000 0.0000
300.03 15.07.2018 10.00.01 21.31671 298.0800 318.1255 0.6683 -1.1480 2.4218 391.9607 215.5060 386.7537 471.8025 -88.9242 0.0000 0.0000
310.03 15.07.2018 10.10.01 21.42458 298.2997 299.8234 0.6299 -1.1684 2.3977 393.9959 216.8525 387.5992 472.3798 -88.3363 0.0000 0.0000
320.03 15.07.2018 10.20.01 21.52957 298.5482 307.5597 0.6461 -1.1544 2.4007 385.9977 212.1585 388.7879 471.6422 -86.5315 0.0000 0.0000
330.03 15.07.2018 10.30.01 21.63745 298.7788 307.6705 0.6464 -1.1363 2.3769 380.2418 208.8300 389.8029 471.1703 -85.3534 0.0000 0.0000
340.03 15.07.2018 10.40.01 21.74658 299.1557 317.3769 0.6668 -1.1042 2.3613 361.0319 197.3766 390.8969 469.4481 -77.6327 0.0000 0.0000
350.03 15.07.2018 10.50.01 21.85977 299.4489 329.9957 0.6933 -1.0636 2.3425 357.4372 195.2948 391.8523 469.5051 -76.1948 0.0000 0.0000
360.03 15.07.2018 11.00.01 21.97723 299.7363 343.5769 0.7218 -1.0254 2.3296 353.7875 193.1758 392.7262 469.6327 -74.8176 0.0000 0.0000
370.03 15.07.2018 11.10.01 22.09881 299.8168 354.9904 0.7458 -0.9946 2.3205 348.5343 190.2071 393.6323 469.8208 -72.4754 0.0000 0.0000
380.03 15.07.2018 11.20.01 22.22350 299.8607 361.0999 0.7586 -0.9750 2.3115 343.2061 187.1933 394.4930 469.8641 -70.9224 0.0000 0.0000
390.03 15.07.2018 11.30.01 22.34969 299.8680 364.3910 0.7655 -0.9599 2.3006 337.6769 184.0604 395.2942 469.6919 -70.0640 0.0000 0.0000
400.03 15.07.2018 11.40.01 22.47701 299.8182 362.0048 0.7605 -0.9467 2.2763 326.8628 177.7126 395.8091 467.3475 -73.7114 0.0000 0.0000
410.03 15.07.2018 11.50.01 22.60415 299.9021 367.5304 0.7721 -0.9269 2.2654 323.5375 175.8479 396.3362 466.7869 -73.8086 0.0000 0.0000
420.03 15.07.2018 12.00.01 22.73284 300.0073 366.1426 0.7692 -0.9110 2.2403 319.0567 173.3009 396.7560 466.0945 -73.4945 0.0000 0.0000
430.03 15.07.2018 12.10.01 22.86126 300.1602 374.9723 0.7878 -0.8940 2.2423 314.8555 170.9772 397.3189 465.8293 -71.8507 0.0000 0.0000
440.03 15.07.2018 12.20.01 22.99175 300.4550 379.6715 0.7976 -0.8846 2.2429 318.3823 173.2911 397.7205 467.2493 -68.9013 0.0000 0.0000
450.03 15.07.2018 12.30.01 23.12405 300.7474 382.1243 0.8028 -0.8736 2.2351 328.3369 179.4681 397.7405 469.1834 -70.1040 0.0000 0.0000
460.03 15.07.2018 12.40.01 23.25744 301.0576 385.4592 0.8098 -0.8606 2.2271 338.3594 185.6378 397.7079 472.0757 -67.4487 0.0000 0.0000
470.03 15.07.2018 12.50.01 23.39196 301.2927 408.0957 0.8573 -0.8518 2.2788 351.2285 193.4701 398.1423 475.3336 -67.6272 0.0000 0.0000
480.03 15.07.2018 13.00.01 23.53158 301.4909 399.4914 0.8393 -0.8700 2.2790 360.3360 199.0847 398.2169 477.6598 -69.3427 0.0000 0.0000
490.03 15.07.2018 13.10.01 23.66866 301.5586 385.9336 0.8108 -0.8814 2.2563 366.5548 203.1085 398.1777 480.2758 -67.8095 0.0000 0.0000
500.03 15.07.2018 13.20.01 23.80242 301.6252 367.3492 0.7717 -0.8841 2.2078 370.6572 205.8819 398.0203 482.4878 -66.5752 0.0000 0.0000
510.03 15.07.2018 13.30.01 23.93105 301.6670 354.8972 0.7456 -0.8684 2.1520 373.7584 208.0598 397.7474 484.5260 -65.3910 0.0000 0.0000
520.03 15.07.2018 13.40.01 24.05624 301.7064 347.2433 0.7295 -0.8410 2.0940 376.8225 210.1828 397.3896 486.5265 -64.2205 0.0000 0.0000
530.03 15.07.2018 13.50.01 24.17947 301.7431 348.9832 0.7332 -0.8064 2.0528 380.1819 212.4699 397.1326 488.5994 -63.3229 0.0000 0.0000
540.03 15.07.2018 14.00.01 24.30313 301.7775 344.5597 0.7239 -0.7736 1.9967 381.7233 213.6785 396.7420 490.3312 -62.4228 0.0000 0.0000
550.03 15.07.2018 14.10.01 24.42590 301.8799 366.4710 0.7699 -0.7342 2.0054 373.7988 209.6265 397.0869 491.2551 -59.9394 0.0000 0.0000
560.03 15.07.2018 14.20.01 24.55422 301.9579 357.8686 0.7518 -0.7161 1.9572 361.4587 202.9683 396.9364 491.2098 -56.9362 0.0000 0.0000
570.03 15.07.2018 14.30.01 24.68090 301.9466 363.8969 0.7645 -0.6849 1.9325 348.9409 196.1858 396.8833 490.8546 -54.3644 0.0000 0.0000
580.03 15.07.2018 14.40.01 24.80938 301.8630 379.2776 0.7968 -0.6580 1.9398 335.9025 189.1030 397.1124 490.4106 -51.6476 0.0000 0.0000
590.03 15.07.2018 14.50.01 24.94183 301.7844 373.4896 0.7846 -0.6449 1.9060 319.1952 179.8500 397.0205 488.9612 -49.1003 0.0000 0.0000
600.03 15.07.2018 15.00.01 25.07318 301.7518 373.8174 0.7853 -0.6203 1.8742 301.1999 169.8218 396.7345 486.8596 -46.7850 0.0000 0.0000
610.03 15.07.2018 15.10.01 25.20458 301.9326 367.6592 0.7724 -0.5936 1.8213 293.2279 165.4044 395.8335 485.4758 -44.7658 0.0000 0.0000
620.03 15.07.2018 15.20.01 25.33508 302.4532 377.6840 0.7935 -0.5548 1.7977 286.1608 161.5078 395.1422 484.2564 -44.0973 0.0000 0.0000
630.03 15.07.2018 15.30.01 25.46841 302.3290 383.0877 0.8048 -0.5233 1.7709 278.3244 157.1520 394.3445 481.6686 -46.9071 0.0000 0.0000
640.03 15.07.2018 15.40.01 25.60317 302.1068 394.4646 0.8287 -0.4971 1.7678 270.2776 152.6865 393.6027 478.5680 -50.2929 0.0000 0.0000
650.03 15.07.2018 15.50.01 25.74063 301.8440 392.9339 0.8255 -0.4849 1.7471 260.6363 147.2774 392.7148 475.1009 -52.9664 0.0000 0.0000
660.03 15.07.2018 16.00.01 25.87750 301.5331 391.6174 0.8227 -0.4729 1.7275 250.4094 141.5162 391.6698 471.4184 -55.0199 0.0000 0.0000
670.03 15.07.2018 16.10.01 26.01342 301.2528 352.3994 0.7403 -0.4640 1.6057 241.4953 136.5343 389.3280 469.0991 -51.1957 0.0000 0.0000
680.03 15.07.2018 16.20.01 26.13943 301.0018 332.0316 0.6975 -0.4179 1.4873 232.5946 131.5580 386.9325 466.6236 -48.4477 0.0000 0.0000
690.03 15.07.2018 16.30.01 26.25967 300.7941 329.7063 0.6927 -0.3593 1.4026 224.7298 127.1777 384.6904 464.3356 -45.9772 0.0000 0.0000
700.03 15.07.2018 16.40.01 26.37853 300.6417 369.2628 0.7758 -0.3097 1.4473 217.6241 123.1668 382.3891 462.1980 -43.1932 0.0000 0.0000
710.03 15.07.2018 16.50.01 26.50561 300.4929 380.3651 0.7991 -0.3177 1.4890 210.2813 119.0157 380.1285 459.3474 -42.2402 0.0000 0.0000
720.03 15.07.2018 17.00.01 26.63430 300.2898 375.3232 0.7885 -0.3496 1.5175 201.6998 114.1315 377.7140 455.9410 -41.7821 0.0000 0.0000
730.03 15.07.2018 17.10.01 26.76080 300.0206 377.8704 0.7938 -0.3869 1.5743 194.6306 110.1069 375.8633 453.3442 -39.6757 0.0000 0.0000
740.03 15.07.2018 17.20.01 26.88683 299.7613 369.5764 0.7764 -0.4388 1.6202 187.1551 105.8466 374.0591 450.6372 -37.9347 0.0000 0.0000
750.03 15.07.2018 17.30.01 27.00973 299.5074 355.3145 0.7465 -0.4930 1.6527 179.1521 101.2801 372.2575 447.8167 -36.3553 0.0000 0.0000
760.03 15.07.2018 17.40.01 27.12805 299.2562 337.1106 0.7082 -0.5438 1.6694 169.5790 95.8339 370.5170 444.7893 -34.8184 0.0000 0.0000
770.03 15.07.2018 17.50.01 27.24069 299.0059 314.6823 0.6611 -0.5876 1.6650 159.2726 89.9636 368.7509 441.5791 -33.2703 0.0000 0.0000
780.03 15.07.2018 18.00.01 27.34661 298.7530 293.6110 0.6168 -0.6206 1.6499 148.5683 83.8628 366.9499 438.2626 -31.6592 0.0000 0.0000
790.03 15.07.2018 18.10.01 27.44583 298.2219 249.6295 0.5244 -0.6465 1.5612 131.9673 74.4514 365.1484 433.9333 -30.4426 0.0000 0.0000
800.03 15.07.2018 18.20.01 27.53246 297.6880 207.2776 0.4355 -0.6418 1.4363 114.6558 64.6411 363.2287 429.3419 -28.8417 0.0000 0.0000
810.03 15.07.2018 18.30.01 27.60708 297.1430 166.7683 0.3504 -0.6114 1.2824 97.0670 54.6866 361.2636 424.5921 -27.0561 0.0000 0.0000
820.03 15.07.2018 18.40.01 27.66961 296.6037 90.2581 0.1896 -0.5574 0.9961 70.9817 39.9704 359.3225 418.8654 -24.0994 0.0000 0.0000
830.03 15.07.2018 18.50.01 27.71154 296.0555 26.1808 0.0550 -0.4403 0.6604 44.4266 25.0095 357.3264 412.8575 -20.7622 0.0000 0.0000
840.03 15.07.2018 19.00.01 27.73559 295.5063 -30.7746 -0.0647 -0.2769 0.2830 17.6993 9.9757 355.3260 406.7009 -17.1226 0.0000 0.0000
850.03 15.07.2018 19.10.01 27.74407 294.8495 45.4706 0.0955 -0.0776 0.2309 14.3960 8.0884 353.4316 402.7725 -16.2938 0.0000 0.0000
860.03 15.07.2018 19.20.01 27.76794 294.2157 73.7494 0.1549 0.0053 0.1996 12.1167 6.7998 351.7401 399.3665 -15.9640 0.0000 0.0000
870.03 15.07.2018 19.30.01 27.79614 293.5984 75.9554 0.1596 0.0313 0.1710 10.0252 5.6219 350.1420 396.2132 -15.8390 0.0000 0.0000
880.03 15.07.2018 19.40.01 27.82256 292.9854 57.8031 0.1214 0.0314 0.1201 6.7990 3.8128 348.6051 393.1604 -15.5514 0.0000 0.0000
890.03 15.07.2018 19.50.01 27.84249 292.3703 36.5551 0.0768 0.0281 0.0650 3.5471 1.9912 347.0954 390.2072 -15.4069 0.0000 0.0000
900.03 15.07.2018 20.00.01 27.85510 291.7613 13.9658 0.0293 0.0244 0.0066 0.3085 0.1801 345.5933 387.3464 -15.3435 0.0000 0.0000
910.03 15.07.2018 20.10.01 27.86019 291.3237 10.7322 0.0225 0.0217 0.0012 0.0551 0.0322 344.0502 385.0305 -14.9816 0.0000 0.0000
920.03 15.07.2018 20.20.01 27.86221 290.8780 -0.3546 -0.0007 -0.0009 0.0002 0.0100 0.0059 342.5719 382.8711 -14.8567 0.0000 0.0000
930.03 15.07.2018 20.30.01 27.85943 290.4107 -16.1476 -0.0339 -0.0340 0.0000 0.0018 0.0011 341.1231 380.7901 -14.9497 0.0000 0.0000
940.03 15.07.2018 20.40.01 27.85079 289.9780 -33.9780 -0.0714 -0.0714 0.0000 0.0003 0.0002 339.6970 378.8933 -14.7840 0.0000 0.0000
950.03 15.07.2018 20.50.01 27.83587 289.5264 -52.4877 -0.1103 -0.1103 0.0000 0.0001 0.0000 338.2725 377.0467 -14.7889 0.0000 0.0000
960.03 15.07.2018 21.00.01 27.81454 289.0752 -70.9027 -0.1490 -0.1490 0.0000 0.0000 0.0000 336.8431 375.2611 -14.8537 0.0000 0.0000
970.03 15.07.2018 21.10.01 27.78692 288.7955 -88.7890 -0.1865 -0.1865 0.0000 0.0000 0.0000 335.4780 373.8748 -13.4822 0.0000 0.0000
980.03 15.07.2018 21.20.01 27.75335 288.1762 -105.4354 -0.2215 -0.2215 0.0000 0.0000 0.0000 333.8054 371.5711 -15.9753 0.0000 0.0000
990.03 15.07.2018 21.30.01 27.71383 287.7370 -123.9130 -0.2603 -0.2603 0.0000 0.0000 0.0000 332.9745 369.0250 -19.9729 0.0000 0.0000
1000.03 15.07.2018 21.40.01 27.66769 287.7170 -142.3653 -0.2991 -0.2991 0.0000 0.0000 0.0000 332.1005 368.7144 -15.4369 0.0000 0.0000
1010.03 15.07.2018 21.50.01 27.61584 287.1767 -157.8840 -0.3317 -0.3317 0.0000 0.0000 0.0000 330.6345 367.0895 -16.0523 0.0000 0.0000
1020.03 15.07.2018 22.00.01 27.55847 287.1284 -173.9312 -0.3654 -0.3654 0.0000 0.0000 0.0000 329.6039 365.4531 -17.3700 0.0000 0.0000
1030.03 15.07.2018 22.10.01 27.49590 286.9871 -188.1262 -0.3952 -0.3952 0.0000 0.0000 0.0000 328.8531 364.2863 -16.8435 0.0000 0.0000
1040.03 15.07.2018 22.20.01 27.42861 286.5681 -200.8305 -0.4219 -0.4219 0.0000 0.0000 0.0000 328.0988 362.7311 -17.8115 0.0000 0.0000
1050.03 15.07.2018 22.30.01 27.35714 286.4240 -212.9483 -0.4474 -0.4474 0.0000 0.0000 0.0000 327.3840 361.6289 -17.4614 0.0000 0.0000
1060.03 15.07.2018 22.40.01 27.28155 286.2820 -224.6362 -0.4719 -0.4719 0.0000 0.0000 0.0000 326.7007 360.5856 -17.1471 0.0000 0.0000
1070.03 15.07.2018 22.50.01 27.20199 286.1450 -235.7023 -0.4952 -0.4952 0.0000 0.0000 0.0000 326.0341 359.5874 -16.8754 0.0000 0.0000
1080.03 15.07.2018 23.00.01 27.11871 286.0110 -246.1365 -0.5171 -0.5171 0.0000 0.0000 0.0000 325.3761 358.6263 -16.6386 0.0000 0.0000
1090.03 15.07.2018 23.10.01 27.03192 285.8747 -256.4154 -0.5387 -0.5387 0.0000 0.0000 0.0000 324.9027 358.1981 -14.8634 0.0000 0.0000
1100.03 15.07.2018 23.20.01 26.94152 285.8359 -266.7971 -0.5605 -0.5605 0.0000 0.0000 0.0000 324.4132 357.1090 -15.6829 0.0000 0.0000
1110.03 15.07.2018 23.30.01 26.84774 285.5981 -275.8197 -0.5795 -0.5795 0.0000 0.0000 0.0000 323.8027 355.4311 -18.3417 0.0000 0.0000
1120.03 15.07.2018 23.40.01 26.75125 285.6847 -282.1086 -0.5927 -0.5927 0.0000 0.0000 0.0000 323.3799 355.7597 -13.8382 0.0000 0.0000
1130.03 15.07.2018 23.50.01 26.65331 285.9893 -283.4588 -0.5955 -0.5955 0.0000 0.0000 0.0000 323.0227 355.8233 -11.0805 0.0000 0.0000
1140.03 16.07.2018 00.00.01 26.55471 285.9150 -288.0824 -0.6052 -0.6052 0.0000 0.0000 0.0000 322.3918 354.8955 -12.1765 0.0000 0.0000
1150.03 16.07.2018 00.10.01 26.45394 285.9449 -295.0061 -0.6198 -0.6198 0.0000 0.0000 0.0000 321.9833 354.5112 -11.1250 0.0000 0.0000
1160.03 16.07.2018 00.20.01 26.35104 285.9824 -300.1112 -0.6305 -0.6305 0.0000 0.0000 0.0000 321.6608 354.1443 -10.2379 0.0000 0.0000
1170.03 16.07.2018 00.30.01 26.24661 286.0169 -303.9311 -0.6385 -0.6385 0.0000 0.0000 0.0000 321.3694 353.7925 -9.4668 0.0000 0.0000
1180.03 16.07.2018 00.40.01 26.14095 286.0394 -306.9272 -0.6448 -0.6448 0.0000 0.0000 0.0000 321.0993 353.4423 -8.8252 0.0000 0.0000
1190.03 16.07.2018 00.50.01 26.03439 286.0440 -309.4259 -0.6501 -0.6501 0.0000 0.0000 0.0000 320.8460 353.0698 -8.3630 0.0000 0.0000
1200.03 16.07.2018 01.00.01 25.92706 286.0305 -311.5612 -0.6545 -0.6545 0.0000 0.0000 0.0000 320.6057 352.6726 -8.0469 0.0000 0.0000
1210.03 16.07.2018 01.10.01 25.81902 285.9664 -312.8063 -0.6572 -0.6572 0.0000 0.0000 0.0000 320.2449 352.2392 -7.8760 0.0000 0.0000
1220.03 16.07.2018 01.20.01 25.71078 285.7949 -314.0357 -0.6597 -0.6597 0.0000 0.0000 0.0000 319.8829 351.6361 -8.2670 0.0000 0.0000
1230.03 16.07.2018 01.30.01 25.60186 285.6294 -314.1646 -0.6600 -0.6600 0.0000 0.0000 0.0000 319.4956 351.0271 -8.6054 0.0000 0.0000
1240.03 16.07.2018 01.40.01 25.49294 285.5080 -314.2250 -0.6601 -0.6601 0.0000 0.0000 0.0000 319.0948 350.5102 -8.5481 0.0000 0.0000
1250.03 16.07.2018 01.50.01 25.38406 285.1815 -314.0259 -0.6597 -0.6597 0.0000 0.0000 0.0000 318.7364 349.7405 -9.4668 0.0000 0.0000
1260.03 16.07.2018 02.00.01 25.27514 284.9168 -314.9732 -0.6617 -0.6617 0.0000 0.0006 0.0003 318.3503 348.9664 -10.3194 0.0000 0.0000
1270.03 16.07.2018 02.10.01 25.16592 285.1690 -315.2579 -0.6623 -0.6660 0.0049 0.3364 0.1872 318.0223 349.0196 -8.3058 0.0000 0.0000
1280.03 16.07.2018 02.20.01 25.05660 284.7201 -314.5397 -0.6608 -0.6690 0.0109 0.7237 0.4041 317.4989 348.0684 -10.1123 0.0000 0.0000
1290.03 16.07.2018 02.30.01 24.94735 284.3498 -315.6072 -0.6630 -0.6758 0.0170 1.1183 0.6254 317.1271 346.5403 -13.6314 0.0000 0.0000
1300.03 16.07.2018 02.40.01 24.83758 284.4283 -317.1749 -0.6663 -0.6837 0.0232 1.5146 0.8475 316.8969 346.9153 -10.4456 0.0000 0.0000
1310.03 16.07.2018 02.50.01 24.72772 284.3079 -315.7251 -0.6633 -0.6853 0.0294 1.9110 1.0698 316.4362 346.4970 -10.3101 0.0000 0.0000
1320.03 16.07.2018 03.00.01 24.61840 284.1531 -314.4572 -0.6606 -0.6873 0.0356 2.3106 1.2939 316.0415 345.4080 -12.3856 0.0000 0.0000
1330.03 16.07.2018 03.10.01 24.50955 284.3184 -303.8715 -0.6384 -0.6898 0.0685 4.5327 2.5320 315.9721 345.4098 -11.4290 0.0000 0.0000
1340.03 16.07.2018 03.20.01 24.40334 284.4942 -296.2181 -0.6223 -0.7026 0.1071 7.0343 3.9335 316.0375 345.5739 -10.6407 0.0000 0.0000
1350.03 16.07.2018 03.30.01 24.29916 284.6735 -291.4822 -0.6124 -0.7223 0.1466 9.5763 5.3586 316.1595 345.8363 -9.9413 0.0000 0.0000
1360.03 16.07.2018 03.40.01 24.19634 284.8544 -288.1842 -0.6054 -0.7452 0.1863 12.1266 6.7885 316.3182 346.1694 -9.3348 0.0000 0.0000
1370.03 16.07.2018 03.50.01 24.09451 285.0389 -285.5940 -0.6000 -0.7695 0.2260 14.6783 8.2193 316.4840 346.5640 -8.7782 0.0000 0.0000
1380.03 16.07.2018 04.00.01 23.99355 285.2265 -283.2144 -0.5950 -0.7943 0.2657 17.2299 9.6500 316.6767 347.0111 -8.2809 0.0000 0.0000
1390.03 16.07.2018 04.10.01 23.89337 285.9933 -281.8926 -0.5922 -0.8186 0.3019 19.5408 10.9468 318.2309 348.7130 -4.6821 0.0000 0.0000
1400.03 16.07.2018 04.20.01 23.79394 286.8245 -279.0881 -0.5863 -0.8393 0.3373 21.8148 12.2219 319.8833 350.2051 -2.2521 0.0000 0.0000
1410.03 16.07.2018 04.30.01 23.69589 287.5748 -274.0283 -0.5757 -0.8552 0.3726 24.0835 13.4940 321.4995 351.7047 0.3899 0.0000 0.0000
1420.03 16.07.2018 04.40.01 23.59994 288.3717 -267.1121 -0.5612 -0.8671 0.4079 26.3510 14.7655 323.2526 353.6159 2.5000 0.0000 0.0000
1430.03 16.07.2018 04.50.01 23.50714 289.1876 -159.8068 -0.3357 -0.8770 0.7216 51.8112 27.6523 325.0341 356.1055 3.7730 0.0000 0.0000
1440.03 16.07.2018 05.00.01 23.44036 289.9512 -189.7178 -0.3986 -0.9992 0.8009 59.7046 31.9452 327.0631 359.1982 5.1623 0.0000 0.0000
1450.03 16.07.2018 05.10.01 23.37017 290.5294 199.5760 0.4193 -1.0728 1.9894 183.2379 94.4269 328.8222 365.2355 0.5940 0.0000 0.0000
1460.03 16.07.2018 05.20.01 23.39871 291.3546 1183.7566 2.4869 -1.5730 5.4131 319.5643 162.8982 332.0707 376.8579 -10.6404 0.0000 0.0000
1470.03 16.07.2018 05.30.01 23.66192 292.2558 975.5886 2.0496 -3.1506 6.9336 448.4993 228.3929 336.2701 390.9051 -25.5848 0.0000 0.0000
1480.03 16.07.2018 05.40.01 23.87820 292.8900 37.2139 0.0782 -4.4110 5.9856 450.1275 232.6811 340.9840 405.7949 -41.5864 0.0000 0.0000
1490.03 16.07.2018 05.50.01 23.87933 293.5288 243.4634 0.5115 -4.5540 6.7539 422.2677 217.9816 343.9740 412.6462 -47.7643 0.0000 0.0000
1500.03 16.07.2018 06.00.01 23.92553 294.1510 -434.4608 -0.9127 -4.9253 5.3501 389.4838 201.9639 346.2691 417.2853 -52.3343 0.0000 0.0000
1510.03 16.07.2018 06.10.01 23.81216 294.5255 -619.6964 -1.3019 -4.5117 4.2797 372.3631 193.5461 348.1015 420.6731 -53.5933 0.0000 0.0000
1520.03 16.07.2018 06.20.01 23.65344 294.9098 -662.4557 -1.3917 -3.9015 3.3464 390.0262 205.8951 350.3022 428.5922 -60.0351 0.0000 0.0000
1530.03 16.07.2018 06.30.01 23.48324 295.3264 -662.9768 -1.3928 -3.2556 2.4837 381.6726 202.5802 352.3995 432.6883 -61.1408 0.0000 0.0000
1540.03 16.07.2018 06.40.01 23.31228 295.7313 -632.9739 -1.3298 -2.6165 1.7157 400.4145 215.0298 354.5501 440.1665 -64.1321 0.0000 0.0000
1550.03 16.07.2018 06.50.01 23.14944 296.1672 -403.8038 -0.8483 -2.0132 1.5532 393.1201 211.4008 356.7961 443.2337 -63.8680 0.0000 0.0000
1560.03 16.07.2018 07.00.01 23.04214 296.5594 -220.3334 -0.4629 -1.6651 1.6030 387.2763 208.4817 359.0073 445.9317 -63.6146 0.0000 0.0000
1570.03 16.07.2018 07.10.01 22.98028 296.9020 -137.6341 -0.2891 -1.5067 1.6234 383.4494 206.5391 361.2276 448.3746 -62.5172 0.0000 0.0000
1580.03 16.07.2018 07.20.01 22.94073 297.2566 -80.2916 -0.1687 -1.4158 1.6628 380.4282 205.0657 363.5143 450.8836 -61.2952 0.0000 0.0000
1590.03 16.07.2018 07.30.01 22.91760 297.6093 -43.8203 -0.0921 -1.3611 1.6921 376.4977 203.0541 365.8185 453.1769 -59.7427 0.0000 0.0000
1600.03 16.07.2018 07.40.01 22.90600 297.9630 -5.1929 -0.0109 -1.3183 1.7432 375.3644 202.5900 368.2371 455.7256 -58.3464 0.0000 0.0000
1610.03 16.07.2018 07.50.01 22.90630 298.3272 21.6893 0.0456 -1.2900 1.7808 373.3288 201.5945 370.5950 458.1842 -56.5801 0.0000 0.0000
1620.03 16.07.2018 08.00.01 22.91570 298.6755 37.7773 0.0794 -1.2639 1.7910 379.9692 205.8255 372.7413 461.7215 -56.6591 0.0000 0.0000
1630.03 16.07.2018 08.10.01 22.93160 298.8039 74.7516 0.1570 -1.2299 1.8492 378.6534 205.2386 374.9564 463.8343 -56.9270 0.0000 0.0000
1640.03 16.07.2018 08.20.01 22.95849 298.9321 93.5216 0.1965 -1.2143 1.8810 375.9407 203.8338 376.9511 465.4459 -57.9237 0.0000 0.0000
1650.03 16.07.2018 08.30.01 22.99206 299.0446 119.1728 0.2504 -1.1974 1.9303 373.8866 202.8106 379.0794 466.8783 -59.9112 0.0000 0.0000
1660.03 16.07.2018 08.40.01 23.03375 299.1232 136.6778 0.2871 -1.1881 1.9669 372.3111 202.0029 381.1000 468.2501 -60.8956 0.0000 0.0000
1670.03 16.07.2018 08.50.01 23.08166 299.1882 153.3163 0.3221 -1.1787 2.0011 370.4779 201.0424 383.0246 469.3187 -62.8773 0.0000 0.0000
1680.03 16.07.2018 09.00.01 23.13531 299.2912 154.5298 0.3246 -1.1669 1.9887 365.7151 198.3593 384.5317 469.6511 -64.7624 0.0000 0.0000
1690.03 16.07.2018 09.10.01 23.19140 299.4089 194.1787 0.4079 -1.1350 2.0572 364.4883 197.7676 386.1013 470.1494 -67.8153 0.0000 0.0000
1700.03 16.07.2018 09.20.01 23.25878 299.5347 221.1316 0.4646 -1.1285 2.1240 414.8858 228.1518 387.6275 478.1422 -78.6805 0.0000 0.0000
1710.03 16.07.2018 09.30.01 23.33441 299.6703 248.0339 0.5211 -1.1333 2.2059 412.2400 226.6985 389.2867 477.9503 -86.4628 0.0000 0.0000
1720.03 16.07.2018 09.40.01 23.41821 299.7954 264.7500 0.5562 -1.1507 2.2759 410.3374 225.6161 390.7186 478.2087 -88.3262 0.0000 0.0000
1730.03 16.07.2018 09.50.01 23.50781 299.9231 281.1671 0.5907 -1.1695 2.3469 408.3253 224.4673 392.1303 478.2592 -90.2696 0.0000 0.0000
1740.03 16.07.2018 10.00.01 23.60296 300.0514 293.2566 0.6161 -1.1896 2.4076 405.3820 222.7682 393.4377 477.9504 -92.2587 0.0000 0.0000
1750.03 16.07.2018 10.10.01 23.70257 300.2149 320.7980 0.6739 -1.2077 2.5089 405.6171 223.3247 395.0285 479.6088 -90.0386 0.0000 0.0000
1760.03 16.07.2018 10.20.01 23.80993 300.4184 340.2508 0.7148 -1.2448 2.6128 394.3592 216.9835 396.8642 479.3870 -87.2022 0.0000 0.0000
1770.03 16.07.2018 10.30.01 23.92346 300.6825 343.7364 0.7221 -1.2851 2.6763 385.0302 211.8298 398.2120 480.0610 -81.5194 0.0000 0.0000
1780.03 16.07.2018 10.40.01 24.03979 300.9383 357.9337 0.7520 -1.3093 2.7484 364.9734 200.1240 399.3602 478.9569 -74.3907 0.0000 0.0000
1790.03 16.07.2018 10.50.01 24.16161 301.2101 373.2759 0.7842 -1.3312 2.8206 359.8809 197.3964 400.3943 479.9836 -70.3183 0.0000 0.0000
1800.03 16.07.2018 11.00.01 24.28845 301.5178 389.1443 0.8175 -1.3549 2.8966 354.8701 194.7145 401.4145 481.0372 -67.1443 0.0000 0.0000
1810.03 16.07.2018 11.10.01 24.41982 301.2771 349.6223 0.7345 -1.3888 2.8311 352.1221 192.9774 402.3823 482.6691 -57.8947 0.0000 0.0000
1820.03 16.07.2018 11.20.01 24.54180 301.1727 342.4492 0.7194 -1.3770 2.7953 350.7149 192.0226 403.0476 481.7987 -66.3092 0.0000 0.0000
1830.03 16.07.2018 11.30.01 24.66290 301.2531 347.6171 0.7303 -1.3468 2.7695 349.5996 191.2353 403.1731 480.1661 -74.8239 0.0000 0.0000
1840.03 16.07.2018 11.40.01 24.78594 301.4732 351.4085 0.7383 -1.3159 2.7388 343.5332 187.4541 403.8944 481.3036 -64.4908 0.0000 0.0000
1850.03 16.07.2018 11.50.01 24.91018 301.4663 356.5827 0.7491 -1.2869 2.7147 343.8319 187.4871 404.7275 482.4465 -63.2802 0.0000 0.0000
1860.03 16.07.2018 12.00.01 25.03597 301.5188 356.4317 0.7488 -1.2592 2.6774 342.9699 186.8344 404.9149 481.2829 -72.4866 0.0000 0.0000
1870.03 16.07.2018 12.10.01 25.16232 301.5844 385.9680 0.8109 -1.2284 2.7190 338.2006 184.3287 405.1040 480.5510 -75.3825 0.0000 0.0000
1880.03 16.07.2018 12.20.01 25.29620 301.6724 387.9443 0.8150 -1.2293 2.7258 339.0285 185.2074 405.0490 480.1593 -79.1316 0.0000 0.0000
1890.03 16.07.2018 12.30.01 25.43008 301.7469 386.8561 0.8127 -1.2272 2.7199 345.3645 189.4005 404.7371 480.2021 -83.9489 0.0000 0.0000
1900.03 16.07.2018 12.40.01 25.56396 301.8309 385.6094 0.8101 -1.2243 2.7125 351.3010 193.3077 404.3326 480.0881 -88.2162 0.0000 0.0000
1910.03 16.07.2018 12.50.01 25.69796 301.9215 403.3101 0.8473 -1.2226 2.7598 359.4014 198.4718 404.3387 480.2661 -93.0256 0.0000 0.0000
1920.03 16.07.2018 13.00.01 25.83590 302.0043 394.5263 0.8288 -1.2408 2.7596 363.5978 201.3300 404.0508 479.8359 -96.9463 0.0000 0.0000
1930.03 16.07.2018 13.10.01 25.97189 301.9570 433.1756 0.9100 -1.2509 2.8813 364.4011 202.4234 404.1165 479.6420 -98.7197 0.0000 0.0000
1940.03 16.07.2018 13.20.01 26.11691 301.9179 434.7432 0.9133 -1.3061 2.9593 360.7659 200.8868 403.8326 478.8277 -99.2012 0.0000 0.0000
1950.03 16.07.2018 13.30.01 26.26229 301.8864 436.6761 0.9174 -1.3637 3.0414 355.5497 198.3983 403.4331 477.8103 -99.0372 0.0000 0.0000
1960.03 16.07.2018 13.40.01 26.40807 301.8534 435.4816 0.9149 -1.4239 3.1184 348.0817 194.5686 402.6510 476.4967 -97.7916 0.0000 0.0000
1970.03 16.07.2018 13.50.01 26.55349 301.8260 434.7866 0.9134 -1.4842 3.1968 338.8736 189.6940 402.0855 475.0738 -95.8305 0.0000 0.0000
1980.03 16.07.2018 14.00.01 26.69860 301.7940 436.1507 0.9163 -1.5449 3.2816 328.1432 183.9003 401.6400 473.5046 -93.3344 0.0000 0.0000
1990.03 16.07.2018 14.10.01 26.84356 301.7465 378.8252 0.7959 -1.6072 3.2040 320.2436 179.5995 400.6537 471.3041 -93.2617 0.0000 0.0000
2000.03 16.07.2018 14.20.01 26.97430 301.6891 354.2906 0.7443 -1.6064 3.1342 312.2289 175.2240 399.5146 469.0469 -92.8708 0.0000 0.0000
2010.03 16.07.2018 14.30.01 27.09896 301.6255 344.8468 0.7245 -1.5850 3.0793 304.3185 170.8998 398.4782 466.8438 -92.1545 0.0000 0.0000
2020.03 16.07.2018 14.40.01 27.22067 301.5604 343.1689 0.7209 -1.5592 3.0403 296.3165 166.5230 397.6056 464.8156 -90.7976 0.0000 0.0000
2030.03 16.07.2018 14.50.01 27.34124 301.4425 332.2550 0.6980 -1.5387 2.9823 286.6453 161.1590 396.6289 462.7292 -88.4068 0.0000 0.0000
2040.03 16.07.2018 15.00.01 27.45864 301.3748 323.7773 0.6802 -1.5135 2.9249 276.3993 155.4489 395.6287 460.6495 -85.4480 0.0000 0.0000
2050.03 16.07.2018 15.10.01 27.57275 301.3388 269.7598 0.5667 -1.4865 2.7377 275.5703 155.0679 394.2124 459.4210 -82.9341 0.0000 0.0000
2060.03 16.07.2018 15.20.01 27.67333 301.3103 248.8376 0.5228 -1.4056 2.5712 276.1277 155.5029 393.0166 458.7450 -80.7155 0.0000 0.0000
2070.03 16.07.2018 15.30.01 27.76791 301.2911 233.2513 0.4900 -1.3113 2.4018 276.7178 155.9599 391.8366 458.0514 -79.5998 0.0000 0.0000
2080.03 16.07.2018 15.40.01 27.85778 301.2710 225.9540 0.4747 -1.2106 2.2471 280.0893 158.0085 390.8228 457.8661 -78.9273 0.0000 0.0000
2090.03 16.07.2018 15.50.01 27.94479 301.2494 214.2788 0.4502 -1.1134 2.0847 283.1295 159.8644 389.8048 457.7132 -78.6190 0.0000 0.0000
2100.03 16.07.2018 16.00.01 28.02795 301.2369 203.1422 0.4268 -1.0144 1.9216 286.0117 161.6266 388.7912 457.6593 -78.3628 0.0000 0.0000
2110.03 16.07.2018 16.10.01 28.10748 301.1006 216.5357 0.4549 -0.9147 1.8262 274.1257 154.9942 387.7186 456.2162 -76.3929 0.0000 0.0000
2120.03 16.07.2018 16.20.01 28.18896 300.9498 207.3004 0.4355 -0.8424 1.7039 260.4024 147.2797 386.3496 454.1536 -73.8654 0.0000 0.0000
2130.03 16.07.2018 16.30.01 28.26727 300.7898 207.2626 0.4354 -0.7712 1.6089 247.7074 140.1616 385.0769 452.0392 -71.3970 0.0000 0.0000
2140.03 16.07.2018 16.40.01 28.34478 300.6255 252.0177 0.5294 -0.7111 1.6541 234.5876 132.7323 383.6206 449.6300 -69.0710 0.0000 0.0000
2150.03 16.07.2018 16.50.01 28.43182 300.4597 261.0797 0.5485 -0.7123 1.6810 220.8567 124.9500 382.1118 447.0223 -66.3007 0.0000 0.0000
2160.03 16.07.2018 17.00.01 28.52026 300.2925 252.0458 0.5295 -0.7325 1.6827 205.7697 116.3728 380.4413 444.1601 -62.8283 0.0000 0.0000
2170.03 16.07.2018 17.10.01 28.60577 300.0633 249.2483 0.5236 -0.7516 1.7004 194.5189 109.9746 378.9573 441.3891 -60.6194 0.0000 0.0000
2180.03 16.07.2018 17.20.01 28.68969 299.8332 238.8329 0.5018 -0.7778 1.7060 183.0743 103.4691 377.4882 438.7002 -57.8731 0.0000 0.0000
2190.03 16.07.2018 17.30.01 28.77007 299.6057 222.2376 0.4669 -0.8025 1.6926 171.0935 96.6564 376.0158 435.9584 -54.8438 0.0000 0.0000
2200.03 16.07.2018 17.40.01 28.84533 299.3763 197.5602 0.4150 -0.8202 1.6469 156.2353 88.2285 374.5991 433.0172 -51.0556 0.0000 0.0000
2210.03 16.07.2018 17.50.01 28.91351 299.1458 168.9538 0.3549 -0.8229 1.5704 140.5482 79.3265 373.1445 429.9912 -46.6901 0.0000 0.0000
2220.03 16.07.2018 18.00.01 28.97347 298.9140 141.4915 0.2973 -0.8074 1.4729 124.4618 70.2007 371.6581 426.8973 -42.0763 0.0000 0.0000
2230.03 16.07.2018 18.10.01 29.02535 298.5317 117.1832 0.2462 -0.7770 1.3642 109.8592 61.9339 369.9898 423.8337 -37.7508 0.0000 0.0000
2240.03 16.07.2018 18.20.01 29.06967 298.1453 89.9008 0.1889 -0.7368 1.2342 94.9569 53.5034 368.2939 420.7457 -33.2797 0.0000 0.0000
2250.03 16.07.2018 18.30.01 29.10571 297.7576 61.5439 0.1293 -0.6843 1.0848 79.9211 45.0077 366.5495 417.6257 -28.7466 0.0000 0.0000
2260.03 16.07.2018 18.40.01 29.13299 297.3737 5.4711 0.0115 -0.6190 0.8407 58.7812 33.0900 364.8180 413.9425 -23.1835 0.0000 0.0000
2270.03 16.07.2018 18.50.01 29.14492 296.9904 -42.1369 -0.0885 -0.5099 0.5618 37.3275 21.0101 363.1256 410.2107 -17.0539 0.0000 0.0000
2280.03 16.07.2018 19.00.01 29.14337 296.6104 -85.0663 -0.1787 -0.3686 0.2532 15.7569 8.8817 361.3932 406.0225 -12.1843 0.0000 0.0000
2290.03 16.07.2018 19.10.01 29.12988 295.8654 -24.7880 -0.0521 -0.2025 0.2006 12.5677 7.0622 359.8054 402.8410 -12.3716 0.0000 0.0000
2300.03 16.07.2018 19.20.01 29.12838 295.1274 -2.3185 -0.0049 -0.1310 0.1682 10.3652 5.8194 358.3004 399.8341 -13.5089 0.0000 0.0000
2310.03 16.07.2018 19.30.01 29.13009 294.3514 -2.1835 -0.0046 -0.1086 0.1387 8.3332 4.6768 356.8602 396.9881 -14.5721 0.0000 0.0000
2320.03 16.07.2018 19.40.01 29.12963 293.5967 -17.6811 -0.0371 -0.1098 0.0969 5.6701 3.1833 355.4780 394.2364 -15.3214 0.0000 0.0000
2330.03 16.07.2018 19.50.01 29.12328 292.8465 -36.1785 -0.0760 -0.1156 0.0528 2.9943 1.6840 354.1090 391.5388 -16.1282 0.0000 0.0000
2340.03 16.07.2018 20.00.01 29.11031 292.1233 -56.1577 -0.1180 -0.1232 0.0069 0.3276 0.1913 352.7906 388.8861 -17.0075 0.0000 0.0000
2350.03 16.07.2018 20.10.01 29.09066 291.9888 -61.6714 -0.1296 -0.1305 0.0012 0.0556 0.0325 353.7837 387.4007 -16.6850 0.0000 0.0000
2360.03 16.07.2018 20.20.01 29.06796 291.7906 -70.8231 -0.1488 -0.1490 0.0002 0.0104 0.0061 354.9095 386.0925 -16.8927 0.0000 0.0000
2370.03 16.07.2018 20.30.01 29.04153 291.6117 -82.4159 -0.1731 -0.1732 0.0000 0.0018 0.0011 356.0005 384.9424 -17.1786 0.0000 0.0000
2380.03 16.07.2018 20.40.01 29.01086 291.4424 -94.9456 -0.1995 -0.1995 0.0000 0.0003 0.0002 357.1278 383.9856 -17.3086 0.0000 0.0000
2390.03 16.07.2018 20.50.01 28.97582 291.2816 -107.8155 -0.2265 -0.2265 0.0000 0.0001 0.0000 358.2736 383.1082 -17.6908 0.0000 0.0000
2400.03 16.07.2018 21.00.01 28.93636 291.1236 -120.4384 -0.2530 -0.2530 0.0000 0.0000 0.0000 359.4223 382.2896 -18.2717 0.0000 0.0000
2410.03 16.07.2018 21.10.01 28.89276 291.5659 -131.1092 -0.2754 -0.2754 0.0000 0.0000 0.0000 359.2070 382.2924 -15.0832 0.0000 0.0000
2420.03 16.07.2018 21.20.01 28.84603 291.9823 -139.0491 -0.2921 -0.2921 0.0000 0.0000 0.0000 359.0970 382.3496 -12.3162 0.0000 0.0000
2430.03 16.07.2018 21.30.01 28.79672 292.4097 -146.1605 -0.3071 -0.3071 0.0000 0.0000 0.0000 359.0867 382.5436 -9.6149 0.0000 0.0000
2440.03 16.07.2018 21.40.01 28.74502 292.8450 -152.8587 -0.3211 -0.3211 0.0000 0.0000 0.0000 359.1797 382.9022 -6.8314 0.0000 0.0000
2450.03 16.07.2018 21.50.01 28.69106 293.2926 -159.0019 -0.3340 -0.3340 0.0000 0.0000 0.0000 359.3594 383.4150 -3.9643 0.0000 0.0000
2460.03 16.07.2018 22.00.01 28.63513 293.7425 -164.6582 -0.3459 -0.3459 0.0000 0.0000 0.0000 359.6179 384.0770 -1.0056 0.0000 0.0000
2470.03 16.07.2018 22.10.01 28.57726 293.4113 -170.8414 -0.3589 -0.3589 0.0000 0.0000 0.0000 360.0554 383.7916 -3.1989 0.0000 0.0000
2480.03 16.07.2018 22.20.01 28.51693 293.1450 -177.7960 -0.3735 -0.3735 0.0000 0.0000 0.0000 360.4552 383.2875 -4.7123 0.0000 0.0000
2490.03 16.07.2018 22.30.01 28.45461 292.8346 -182.4670 -0.3833 -0.3833 0.0000 0.0000 0.0000 360.3671 382.6080 -6.2019 0.0000 0.0000
2500.03 16.07.2018 22.40.01 28.39062 292.5998 -188.0074 -0.3950 -0.3950 0.0000 0.0000 0.0000 360.4920 382.6852 -5.4619 0.0000 0.0000
2510.03 16.07.2018 22.50.01 28.32464 292.4301 -193.4521 -0.4064 -0.4064 0.0000 0.0000 0.0000 360.7470 382.2889 -6.1518 0.0000 0.0000
2520.03 16.07.2018 23.00.01 28.25698 292.0023 -198.1159 -0.4162 -0.4162 0.0000 0.0000 0.0000 360.6895 381.0990 -9.4431 0.0000 0.0000
2530.03 16.07.2018 23.10.01 28.18768 291.8679 -203.1357 -0.4268 -0.4268 0.0000 0.0000 0.0000 360.5130 380.6464 -9.4628 0.0000 0.0000
2540.03 16.07.2018 23.20.01 28.11672 291.7764 -207.3577 -0.4356 -0.4356 0.0000 0.0000 0.0000 360.4113 380.2563 -9.4255 0.0000 0.0000
2550.03 16.07.2018 23.30.01 28.04446 291.6894 -210.8055 -0.4429 -0.4429 0.0000 0.0000 0.0000 360.3255 379.8787 -9.4290 0.0000 0.0000
2560.03 16.07.2018 23.40.01 27.97112 291.6059 -213.4801 -0.4485 -0.4485 0.0000 0.0000 0.0000 360.2519 379.5298 -9.3922 0.0000 0.0000
2570.03 16.07.2018 23.50.01 27.89697 291.5196 -215.8372 -0.4534 -0.4534 0.0000 0.0000 0.0000 360.1809 379.1765 -9.4194 0.0000 0.0000
2580.03 17.07.2018 00.00.01 27.82192 291.4338 -217.3577 -0.4566 -0.4566 0.0000 0.0000 0.0000 360.1080 378.8270 -9.4671 0.0000 0.0000
2590.03 17.07.2018 00.10.01 27.74645 291.5409 -218.8385 -0.4597 -0.4597 0.0000 0.0000 0.0000 359.7810 378.7576 -8.3348 0.0000 0.0000
2600.03 17.07.2018 00.20.01 27.67050 291.6203 -219.7648 -0.4617 -0.4617 0.0000 0.0000 0.0000 359.4437 378.6309 -7.5034 0.0000 0.0000
2610.03 17.07.2018 00.30.01 27.59451 291.7027 -221.2405 -0.4648 -0.4648 0.0000 0.0000 0.0000 359.1044 378.4111 -7.0180 0.0000 0.0000
2620.03 17.07.2018 00.40.01 27.51782 291.8828 -221.2865 -0.4649 -0.4649 0.0000 0.0000 0.0000 358.8504 378.3081 -6.0759 0.0000 0.0000
2630.03 17.07.2018 00.50.01 27.44140 291.7799 -221.2809 -0.4649 -0.4649 0.0000 0.0000 0.0000 358.5617 377.9229 -6.3913 0.0000 0.0000
2640.03 17.07.2018 01.00.01 27.36523 291.7958 -221.2281 -0.4648 -0.4648 0.0000 0.0000 0.0000 358.2537 377.6143 -6.2774 0.0000 0.0000
2650.03 17.07.2018 01.10.01 27.28924 291.6530 -219.0742 -0.4602 -0.4602 0.0000 0.0000 0.0000 357.7314 377.3445 -5.9679 0.0000 0.0000
2660.03 17.07.2018 01.20.01 27.21444 291.4648 -214.5845 -0.4508 -0.4508 0.0000 0.0000 0.0000 357.0986 376.5806 -7.4151 0.0000 0.0000
2670.03 17.07.2018 01.30.01 27.14028 291.3577 -215.8090 -0.4534 -0.4534 0.0000 0.0000 0.0000 355.8329 375.5725 -8.8188 0.0000 0.0000
2680.03 17.07.2018 01.40.01 27.06524 291.2867 -218.5315 -0.4591 -0.4591 0.0000 0.0000 0.0000 355.0447 375.6807 -6.3355 0.0000 0.0000
2690.03 17.07.2018 01.50.01 26.99017 291.2199 -215.9461 -0.4537 -0.4537 0.0000 0.0000 0.0000 354.3746 375.1307 -6.6303 0.0000 0.0000
2700.03 17.07.2018 02.00.01 26.91601 291.1824 -214.0822 -0.4498 -0.4498 0.0000 0.0006 0.0004 353.3906 374.3906 -7.1828 0.0000 0.0000
2710.03 17.07.2018 02.10.01 26.84188 290.8382 -211.7166 -0.4448 -0.4491 0.0057 0.3882 0.2160 350.4960 373.2807 -7.7382 0.0000 0.0000
2720.03 17.07.2018 02.20.01 26.76846 290.5018 -211.4404 -0.4442 -0.4536 0.0126 0.8350 0.4663 347.4714 371.9413 -8.7074 0.0000 0.0000
2730.03 17.07.2018 02.30.01 26.69412 290.1747 -216.8294 -0.4555 -0.4703 0.0196 1.2904 0.7216 344.3537 370.4555 -9.7022 0.0000 0.0000
2740.03 17.07.2018 02.40.01 26.61733 289.8498 -224.7646 -0.4722 -0.4923 0.0268 1.7476 0.9779 341.2540 369.1172 -9.6944 0.0000 0.0000
2750.03 17.07.2018 02.50.01 26.53796 289.5276 -231.2611 -0.4858 -0.5113 0.0339 2.2051 1.2345 338.1295 367.7153 -9.6382 0.0000 0.0000
2760.03 17.07.2018 03.00.01 26.45681 289.2339 -234.9472 -0.4936 -0.5244 0.0411 2.6667 1.4933 334.9042 366.1381 -9.9032 0.0000 0.0000
2770.03 17.07.2018 03.10.01 26.37487 289.2147 -223.1792 -0.4689 -0.5319 0.0840 5.5699 3.1106 334.4931 365.6412 -9.1579 0.0000 0.0000
2780.03 17.07.2018 03.20.01 26.29632 289.1996 -212.0197 -0.4454 -0.5464 0.1346 8.8475 4.9469 334.3757 365.3767 -8.9253 0.0000 0.0000
2790.03 17.07.2018 03.30.01 26.22103 289.1870 -203.8208 -0.4282 -0.5680 0.1864 12.1793 6.8147 334.3489 365.2287 -8.9304 0.0000 0.0000
2800.03 17.07.2018 03.40.01 26.14810 289.1748 -198.4572 -0.4169 -0.5957 0.2384 15.5222 8.6891 334.3936 365.2110 -9.0139 0.0000 0.0000
2810.03 17.07.2018 03.50.01 26.07659 289.1630 -195.3644 -0.4104 -0.6283 0.2904 18.8670 10.5645 334.5141 365.2801 -9.2142 0.0000 0.0000
2820.03 17.07.2018 04.00.01 26.00598 289.1515 -193.1178 -0.4057 -0.6626 0.3425 22.2139 12.4411 334.6744 365.4198 -9.5072 0.0000 0.0000
2830.03 17.07.2018 04.10.01 25.93603 289.5292 -185.8961 -0.3905 -0.6977 0.4096 26.5838 14.8870 334.8234 366.2293 -7.9681 0.0000 0.0000
2840.03 17.07.2018 04.20.01 25.86801 289.9110 -180.7106 -0.3796 -0.7395 0.4799 31.1107 17.4246 335.0475 367.2065 -6.5846 0.0000 0.0000
2850.03 17.07.2018 04.30.01 25.80148 290.2956 -177.0040 -0.3719 -0.7848 0.5506 35.6602 19.9755 335.3233 368.3104 -5.3072 0.0000 0.0000
2860.03 17.07.2018 04.40.01 25.73608 290.6826 -173.8564 -0.3652 -0.8314 0.6215 40.2145 22.5290 335.6470 369.5357 -4.0956 0.0000 0.0000
2870.03 17.07.2018 04.50.01 25.67199 291.0711 -126.0352 -0.2648 -0.8777 0.8172 55.1974 30.3056 336.0124 371.1274 -3.5180 0.0000 0.0000
2880.03 17.07.2018 05.00.01 25.61956 291.4614 -137.7269 -0.2893 -0.9738 0.9126 62.7400 34.4487 336.5259 372.9992 -3.4195 0.0000 0.0000
2890.03 17.07.2018 05.10.01 25.56661 291.8378 134.0680 0.2817 -1.0493 1.7746 151.1851 79.2538 337.5765 377.1262 -7.7173 0.0000 0.0000
2900.03 17.07.2018 05.20.01 25.58236 292.2197 801.9224 1.6847 -1.4246 4.1457 246.0032 126.7442 339.6415 384.5055 -17.5200 0.0000 0.0000
2910.03 17.07.2018 05.30.01 25.75717 292.6178 664.9278 1.3969 -2.5333 5.2402 340.2229 174.8528 342.3353 393.9017 -30.0226 0.0000 0.0000
2920.03 17.07.2018 05.40.01 25.90096 293.0288 56.2921 0.1183 -3.4349 4.7375 342.0585 177.2044 345.3537 402.5648 -39.7578 0.0000 0.0000
2930.03 17.07.2018 05.50.01 25.90551 293.4333 240.7845 0.5059 -3.6099 5.4876 346.3892 180.1078 347.3870 409.7510 -45.5442 0.0000 0.0000
2940.03 17.07.2018 06.00.01 25.95132 293.8263 -243.6772 -0.5119 -3.9881 4.6349 336.1109 175.4547 349.0703 414.1924 -48.8279 0.0000 0.0000
2950.03 17.07.2018 06.10.01 25.88314 294.0514 -430.3244 -0.9040 -3.8019 3.8639 327.8840 171.6907 350.7547 417.5335 -52.3509 0.0000 0.0000
2960.03 17.07.2018 06.20.01 25.76983 294.2767 -490.4874 -1.0304 -3.4111 3.1742 346.7317 184.1102 352.6301 424.8255 -58.2272 0.0000 0.0000
2970.03 17.07.2018 06.30.01 25.64120 294.5230 -508.3014 -1.0679 -2.9609 2.5241 344.7793 184.0194 354.3862 428.7003 -60.8440 0.0000 0.0000
2980.03 17.07.2018 06.40.01 25.50781 294.7547 -497.6122 -1.0454 -2.4972 1.9358 363.8100 196.2240 356.1728 435.2703 -65.1191 0.0000 0.0000
2990.03 17.07.2018 06.50.01 25.37765 295.0173 -308.2799 -0.6476 -2.0478 1.8669 361.8694 195.4540 357.9935 438.0039 -67.4864 0.0000 0.0000
3000.03 17.07.2018 07.00.01 25.29308 295.2443 -168.6338 -0.3543 -1.8105 1.9417 360.8200 195.1100 359.7765 440.3380 -69.7080 0.0000 0.0000
3010.03 17.07.2018 07.10.01 25.24313 295.4674 -113.8672 -0.2392 -1.7177 1.9713 360.4706 195.0274 361.0924 441.9433 -73.1996 0.0000 0.0000
3020.03 17.07.2018 07.20.01 25.20825 295.6901 -74.7124 -0.1570 -1.6664 2.0126 360.5800 195.2112 362.3551 443.3163 -76.1614 0.0000 0.0000
3030.03 17.07.2018 07.30.01 25.18481 295.9082 -49.7391 -0.1045 -1.6369 2.0433 359.8149 194.8782 363.5785 444.3154 -78.8440 0.0000 0.0000
3040.03 17.07.2018 07.40.01 25.16952 296.1265 -22.2932 -0.0468 -1.6126 2.0877 360.4527 195.3310 364.7887 445.2473 -81.3719 0.0000 0.0000
3050.03 17.07.2018 07.50.01 25.16296 296.3437 0.6844 0.0014 -1.5965 2.1306 360.8608 195.6471 365.9645 446.0544 -83.2725 0.0000 0.0000
3060.03 17.07.2018 08.00.01 25.16390 296.5587 12.2611 0.0258 -1.5837 2.1459 368.6216 200.3956 366.9351 447.8707 -86.1717 0.0000 0.0000
3070.03 17.07.2018 08.10.01 25.16973 296.7033 30.3437 0.0637 -1.5629 2.1689 369.4496 200.8894 368.1862 448.6156 -87.7803 0.0000 0.0000
3080.03 17.07.2018 08.20.01 25.18170 296.8378 39.1661 0.0823 -1.5432 2.1674 368.9677 200.6158 369.1827 448.9680 -89.8463 0.0000 0.0000
3090.03 17.07.2018 08.30.01 25.19756 296.9732 58.0339 0.1219 -1.5148 2.1823 369.0866 200.6901 370.3208 449.3719 -91.9036 0.0000 0.0000
3100.03 17.07.2018 08.40.01 25.21960 297.1061 72.2175 0.1517 -1.4904 2.1894 368.9095 200.5830 371.3262 449.7256 -92.5243 0.0000 0.0000
3110.03 17.07.2018 08.50.01 25.24658 297.2351 85.0926 0.1788 -1.4653 2.1921 368.3297 200.2376 372.2469 449.8652 -94.1247 0.0000 0.0000
3120.03 17.07.2018 09.00.01 25.27801 297.3646 81.5989 0.1714 -1.4391 2.1474 364.7501 198.1293 372.8940 449.6126 -94.9535 0.0000 0.0000
3130.03 17.07.2018 09.10.01 25.31051 297.3363 184.5683 0.3877 -1.3954 2.3775 360.2612 196.1315 374.2809 449.6747 -96.0383 0.0000 0.0000
3140.03 17.07.2018 09.20.01 25.36855 297.3229 224.7485 0.4722 -1.4573 2.5727 397.3709 219.1191 375.5473 456.0966 -102.1443 0.0000 0.0000
3150.03 17.07.2018 09.30.01 25.43762 297.3419 252.3313 0.5301 -1.5500 2.7735 386.8922 213.5490 376.8748 455.5843 -102.8937 0.0000 0.0000
3160.03 17.07.2018 09.40.01 25.51467 297.3315 266.2783 0.5594 -1.6596 2.9587 379.7956 209.7852 378.0686 455.0940 -103.1050 0.0000 0.0000
3170.03 17.07.2018 09.50.01 25.59646 297.3234 280.7170 0.5897 -1.7708 3.1474 373.0473 206.2278 379.2952 454.6292 -103.4283 0.0000 0.0000
3180.03 17.07.2018 10.00.01 25.68298 297.3199 293.5215 0.6166 -1.8849 3.3354 366.3952 202.7281 380.4267 454.0278 -104.2828 0.0000 0.0000
3190.03 17.07.2018 10.10.01 25.77340 297.3845 232.5132 0.4885 -2.0000 3.3180 361.6561 200.3108 380.7151 453.8568 -102.6362 0.0000 0.0000
3200.03 17.07.2018 10.20.01 25.85046 297.4563 215.9489 0.4537 -2.0330 3.3156 350.6514 194.1230 381.1222 452.7012 -100.4601 0.0000 0.0000
3210.03 17.07.2018 10.30.01 25.92434 297.5186 202.9883 0.4264 -2.0386 3.2867 340.6835 188.5770 381.2985 451.6545 -98.1357 0.0000 0.0000
3220.03 17.07.2018 10.40.01 25.99581 297.5820 203.0290 0.4265 -2.0219 3.2646 324.2761 179.0959 381.4654 449.3774 -94.9481 0.0000 0.0000
3230.03 17.07.2018 10.50.01 26.06817 297.6434 206.6609 0.4342 -1.9979 3.2428 316.9830 175.0834 381.6190 448.4545 -92.7864 0.0000 0.0000
3240.03 17.07.2018 11.00.01 26.14184 297.7085 211.2660 0.4438 -1.9738 3.2235 309.7527 171.1055 381.7815 447.5910 -90.6964 0.0000 0.0000
3250.03 17.07.2018 11.10.01 26.21707 297.8241 218.8164 0.4597 -1.9506 3.2137 311.8921 172.1114 382.0214 447.4117 -89.4916 0.0000 0.0000
3260.03 17.07.2018 11.20.01 26.29464 297.9458 240.2820 0.5048 -1.9324 3.2496 316.1847 174.3749 382.6428 447.8310 -89.2932 0.0000 0.0000
3270.03 17.07.2018 11.30.01 26.37728 298.0717 256.5415 0.5390 -1.9332 3.2963 320.8202 176.8357 383.4342 448.4647 -89.5797 0.0000 0.0000
3280.03 17.07.2018 11.40.01 26.46441 298.2061 264.2841 0.5552 -1.9505 3.3409 322.2308 177.3523 384.2585 448.6639 -89.6667 0.0000 0.0000
3290.03 17.07.2018 11.50.01 26.55374 298.3234 270.3236 0.5679 -1.9742 3.3895 327.6366 180.2629 385.1081 449.5243 -90.5495 0.0000 0.0000
3300.03 17.07.2018 12.00.01 26.64477 298.4554 270.8679 0.5691 -2.0033 3.4298 332.2740 182.7201 385.9423 450.4108 -91.4065 0.0000 0.0000
3310.03 17.07.2018 12.10.01 26.73617 298.4269 293.1227 0.6158 -2.0335 3.5324 328.6672 181.0137 386.9934 450.9543 -92.7259 0.0000 0.0000
3320.03 17.07.2018 12.20.01 26.83254 298.3958 282.3202 0.5931 -2.0898 3.5772 326.5666 180.2548 387.5767 451.4037 -93.6938 0.0000 0.0000
3330.03 17.07.2018 12.30.01 26.92617 298.3631 272.1574 0.5718 -2.1348 3.6088 326.8651 180.9452 387.9528 452.0120 -94.9601 0.0000 0.0000
3340.03 17.07.2018 12.40.01 27.01718 298.3300 265.8071 0.5584 -2.1703 3.6383 326.1385 180.9902 388.2449 452.4016 -95.7851 0.0000 0.0000
3350.03 17.07.2018 12.50.01 27.10653 298.2988 261.2544 0.5489 -2.2007 3.6661 324.0153 180.1983 388.4698 452.5858 -96.0680 0.0000 0.0000
3360.03 17.07.2018 13.00.01 27.19457 298.2646 269.3673 0.5659 -2.2279 3.7250 322.2720 179.6106 388.8585 452.7683 -96.4828 0.0000 0.0000
3370.03 17.07.2018 13.10.01 27.28408 298.1739 205.8410 0.4324 -2.2645 3.5960 320.3873 178.6746 388.1065 452.0991 -97.2312 0.0000 0.0000
3380.03 17.07.2018 13.20.01 27.35806 298.0850 185.2083 0.3891 -2.2324 3.4954 320.1680 178.7167 387.4056 451.5700 -98.4189 0.0000 0.0000
3390.03 17.07.2018 13.30.01 27.42660 297.9967 173.4474 0.3644 -2.1818 3.3949 319.9404 178.7534 386.6946 450.9954 -99.5516 0.0000 0.0000
3400.03 17.07.2018 13.40.01 27.49185 297.9061 164.4602 0.3455 -2.1229 3.2913 320.0196 178.9553 385.9276 450.3994 -100.6041 0.0000 0.0000
3410.03 17.07.2018 13.50.01 27.55450 297.8196 158.6450 0.3333 -2.0586 3.1892 320.2161 179.2263 385.1496 449.7604 -101.7943 0.0000 0.0000
3420.03 17.07.2018 14.00.01 27.61535 297.7336 155.2340 0.3261 -1.9922 3.0911 320.5088 179.5517 384.3817 449.0851 -103.0766 0.0000 0.0000
3430.03 17.07.2018 14.10.01 27.67474 297.6233 124.9156 0.2624 -1.9257 2.9175 324.2705 181.8031 382.0272 448.2254 -104.7755 0.0000 0.0000
3440.03 17.07.2018 14.20.01 27.72628 297.5080 107.3687 0.2256 -1.8314 2.7426 328.5578 184.3710 379.4883 447.4257 -106.3117 0.0000 0.0000
3450.03 17.07.2018 14.30.01 27.77297 297.3893 100.8799 0.2119 -1.7241 2.5814 333.9986 187.6202 377.0305 446.8004 -108.0687 0.0000 0.0000
3460.03 17.07.2018 14.40.01 27.81747 297.2733 102.4653 0.2153 -1.6168 2.4427 342.6710 192.7265 374.7189 446.5436 -110.5879 0.0000 0.0000
3470.03 17.07.2018 14.50.01 27.86172 297.1559 92.1056 0.1935 -1.5175 2.2813 350.4617 197.3210 372.2912 446.2083 -113.0316 0.0000 0.0000
3480.03 17.07.2018 15.00.01 27.90289 297.0369 84.2328 0.1770 -1.4125 2.1192 358.2902 201.9395 369.8302 445.8775 -115.6289 0.0000 0.0000
3490.03 17.07.2018 15.10.01 27.94171 296.8442 117.9351 0.2478 -1.3073 2.0734 352.9360 199.1323 368.4539 444.9626 -115.2741 0.0000 0.0000
3500.03 17.07.2018 15.20.01 27.98809 296.6540 117.3901 0.2466 -1.2462 1.9904 344.9405 194.7681 366.9265 443.5946 -113.8527 0.0000 0.0000
3510.03 17.07.2018 15.30.01 28.03384 296.4656 109.8372 0.2308 -1.1897 1.8939 335.7603 189.7035 365.2342 441.9674 -111.8775 0.0000 0.0000
3520.03 17.07.2018 15.40.01 28.07729 296.2775 113.1420 0.2377 -1.1303 1.8239 326.9767 184.8735 363.6834 440.3105 -109.9516 0.0000 0.0000
3530.03 17.07.2018 15.50.01 28.12097 296.0893 103.5015 0.2174 -1.0803 1.7303 316.3449 178.9525 362.0051 438.3609 -107.3069 0.0000 0.0000
3540.03 17.07.2018 16.00.01 28.16183 295.9009 99.3847 0.2088 -1.0254 1.6455 305.4211 172.8495 360.3454 436.2902 -104.4908 0.0000 0.0000
3550.03 17.07.2018 16.10.01 28.20101 295.6478 92.4335 0.1942 -0.9726 1.5557 294.7580 166.8627 358.3792 433.9231 -102.1603 0.0000 0.0000
3560.03 17.07.2018 16.20.01 28.23782 295.3940 87.4276 0.1837 -0.9205 1.4722 284.0230 160.8282 356.3901 431.4639 -99.6580 0.0000 0.0000
3570.03 17.07.2018 16.30.01 28.27267 295.1393 93.2872 0.1960 -0.8715 1.4233 274.7123 155.6219 354.6155 429.1335 -97.4725 0.0000 0.0000
3580.03 17.07.2018 16.40.01 28.30844 294.8848 154.1560 0.3239 -0.8382 1.5494 265.3526 150.3014 352.7293 426.7243 -95.2212 0.0000 0.0000
3590.03 17.07.2018 16.50.01 28.35790 294.6301 175.9375 0.3696 -0.8828 1.6698 255.5372 144.7117 350.8402 424.2317 -92.7306 0.0000 0.0000
3600.03 17.07.2018 17.00.01 28.41192 294.3749 173.6114 0.3647 -0.9584 1.7642 244.0374 138.1311 348.8179 421.5085 -89.6617 0.0000 0.0000
3610.03 17.07.2018 17.10.01 28.46475 294.1021 156.3700 0.3285 -1.0384 1.8226 230.5666 130.4789 347.1996 418.7278 -86.0555 0.0000 0.0000
3620.03 17.07.2018 17.20.01 28.51260 293.8299 132.4722 0.2783 -1.1064 1.8462 215.9272 122.1514 345.5384 415.7723 -82.0398 0.0000 0.0000
3630.03 17.07.2018 17.30.01 28.55383 293.5583 106.6116 0.2240 -1.1565 1.8406 200.4518 113.3449 343.8453 412.6653 -77.7662 0.0000 0.0000
3640.03 17.07.2018 17.40.01 28.58785 293.2866 72.7000 0.1527 -1.1887 1.7886 180.7898 102.1848 342.1961 409.1929 -72.5336 0.0000 0.0000
3650.03 17.07.2018 17.50.01 28.61239 293.0142 35.9638 0.0756 -1.1943 1.6931 160.1005 90.4411 340.4996 405.5199 -66.8226 0.0000 0.0000
3660.03 17.07.2018 18.00.01 28.62682 292.7418 1.6458 0.0035 -1.1727 1.5683 138.8303 78.3707 338.7712 401.7213 -60.7983 0.0000 0.0000
3670.03 17.07.2018 18.10.01 28.63168 292.4143 -12.3571 -0.0260 -1.1283 1.4698 123.1346 69.4635 337.5528 398.6093 -54.9084 0.0000 0.0000
3680.03 17.07.2018 18.20.01 28.63156 292.0931 -34.1467 -0.0717 -1.0849 1.3508 107.3320 60.5076 336.4118 395.5972 -49.2091 0.0000 0.0000
3690.03 17.07.2018 18.30.01 28.62463 291.7745 -60.1062 -0.1263 -1.0338 1.2100 91.4322 51.5102 335.3046 392.6050 -43.7123 0.0000 0.0000
3700.03 17.07.2018 18.40.01 28.60958 291.4560 -120.9394 -0.2541 -0.9706 0.9554 68.1366 38.3670 334.2417 389.0180 -37.0219 0.0000 0.0000
3710.03 17.07.2018 18.50.01 28.57818 291.1368 -172.8119 -0.3631 -0.8567 0.6582 44.4380 25.0141 333.1514 385.2360 -30.3421 0.0000 0.0000
3720.03 17.07.2018 19.00.01 28.53243 290.8180 -219.3321 -0.4608 -0.7047 0.3253 20.5944 11.6002 332.0575 381.3008 -23.8712 0.0000 0.0000
3730.03 17.07.2018 19.10.01 28.47402 290.4155 -151.9838 -0.3193 -0.5233 0.2720 17.0485 9.5776 330.7814 378.5889 -22.3809 0.0000 0.0000
3740.03 17.07.2018 19.20.01 28.42925 290.0171 -126.7762 -0.2663 -0.4442 0.2371 14.4472 8.1079 329.5979 376.1784 -21.5184 0.0000 0.0000
3750.03 17.07.2018 19.30.01 28.38842 289.6195 -124.7434 -0.2621 -0.4153 0.2043 12.0098 6.7351 328.4496 373.8983 -20.8816 0.0000 0.0000
3760.03 17.07.2018 19.40.01 28.34603 289.2232 -142.9513 -0.3003 -0.4080 0.1436 8.1452 4.5678 327.3162 371.5932 -20.1233 0.0000 0.0000
3770.03 17.07.2018 19.50.01 28.29766 288.8257 -162.8712 -0.3422 -0.4004 0.0777 4.2457 2.3834 326.1787 369.3183 -19.4715 0.0000 0.0000
3780.03 17.07.2018 20.00.01 28.24267 288.4284 -182.7222 -0.3839 -0.3897 0.0078 0.3621 0.2114 325.0456 367.0947 -18.8516 0.0000 0.0000
3790.03 17.07.2018 20.10.01 28.18127 288.0276 -178.4127 -0.3748 -0.3759 0.0014 0.0650 0.0380 324.0778 365.3287 -18.4733 0.0000 0.0000
3800.03 17.07.2018 20.20.01 28.11920 287.6304 -182.5849 -0.3836 -0.3838 0.0003 0.0118 0.0069 323.1764 363.7009 -18.3475 0.0000 0.0000
3810.03 17.07.2018 20.30.01 28.05462 287.2396 -191.8716 -0.4031 -0.4031 0.0000 0.0021 0.0012 322.3138 362.1901 -18.2304 0.0000 0.0000
3820.03 17.07.2018 20.40.01 27.98635 286.8484 -203.2385 -0.4270 -0.4270 0.0000 0.0004 0.0002 321.4724 360.7572 -18.1716 0.0000 0.0000
3830.03 17.07.2018 20.50.01 27.91400 286.4602 -215.5425 -0.4528 -0.4528 0.0000 0.0001 0.0000 320.6492 359.3802 -18.2034 0.0000 0.0000
3840.03 17.07.2018 21.00.01 27.83737 286.0787 -227.7491 -0.4785 -0.4785 0.0000 0.0000 0.0000 319.8367 358.0912 -18.1343 0.0000 0.0000
3850.03 17.07.2018 21.10.01 27.75662 285.8914 -239.5770 -0.5033 -0.5033 0.0000 0.0000 0.0000 319.4348 357.1229 -17.4225 0.0000 0.0000
3860.03 17.07.2018 21.20.01 27.67196 285.7048 -250.2791 -0.5258 -0.5258 0.0000 0.0000 0.0000 319.0905 356.1371 -17.1150 0.0000 0.0000
3870.03 17.07.2018 21.30.01 27.58380 285.5250 -259.7036 -0.5456 -0.5456 0.0000 0.0000 0.0000 318.6797 355.0931 -17.1438 0.0000 0.0000
3880.03 17.07.2018 21.40.01 27.49270 285.4021 -267.2415 -0.5614 -0.5614 0.0000 0.0000 0.0000 318.3017 354.4743 -15.9402 0.0000 0.0000
3890.03 17.07.2018 21.50.01 27.39922 285.2689 -273.9205 -0.5755 -0.5755 0.0000 0.0000 0.0000 317.9442 353.6795 -15.5844 0.0000 0.0000
3900.03 17.07.2018 22.00.01 27.30343 285.1626 -280.3335 -0.5889 -0.5889 0.0000 0.0000 0.0000 317.6644 352.9346 -15.2763 0.0000 0.0000
3910.03 17.07.2018 22.10.01 27.20544 285.0951 -286.9147 -0.6028 -0.6028 0.0000 0.0000 0.0000 317.3377 352.2051 -15.0609 0.0000 0.0000
3920.03 17.07.2018 22.20.01 27.10504 285.0052 -294.1513 -0.6180 -0.6180 0.0000 0.0000 0.0000 316.9978 351.4684 -14.9625 0.0000 0.0000
3930.03 17.07.2018 22.30.01 27.00216 284.9094 -301.3242 -0.6330 -0.6330 0.0000 0.0000 0.0000 316.6568 350.7461 -14.8928 0.0000 0.0000
3940.03 17.07.2018 22.40.01 26.89688 284.8171 -307.9026 -0.6469 -0.6469 0.0000 0.0000 0.0000 316.3094 350.0634 -14.7347 0.0000 0.0000
3950.03 17.07.2018 22.50.01 26.78948 284.7215 -313.7358 -0.6591 -0.6591 0.0000 0.0000 0.0000 315.9556 349.3980 -14.5883 0.0000 0.0000
3960.03 17.07.2018 23.00.01 26.68017 284.6257 -318.7316 -0.6696 -0.6696 0.0000 0.0000 0.0000 315.6011 348.7520 -14.4444 0.0000 0.0000
3970.03 17.07.2018 23.10.01 26.56921 284.5233 -322.7838 -0.6781 -0.6781 0.0000 0.0000 0.0000 315.1722 348.2425 -13.8471 0.0000 0.0000
3980.03 17.07.2018 23.20.01 26.45703 284.4803 -326.2643 -0.6854 -0.6854 0.0000 0.0000 0.0000 314.7633 347.9418 -12.7232 0.0000 0.0000
3990.03 17.07.2018 23.30.01 26.34359 284.3843 -330.2656 -0.6938 -0.6938 0.0000 0.0000 0.0000 314.3271 347.4539 -12.3427 0.0000 0.0000
4000.03 17.07.2018 23.40.01 26.22872 284.3151 -334.4078 -0.7025 -0.7025 0.0000 0.0000 0.0000 313.9265 347.0776 -11.6554 0.0000 0.0000
4010.03 17.07.2018 23.50.01 26.11248 284.2512 -338.3011 -0.7107 -0.7107 0.0000 0.0000 0.0000 313.5388 346.6964 -11.0702 0.0000 0.0000
4020.03 18.07.2018 00.00.01 25.99493 284.2036 -341.8173 -0.7181 -0.7181 0.0000 0.0000 0.0000 313.1505 346.2916 -10.6080 0.0000 0.0000
4030.03 18.07.2018 00.10.01 25.87621 284.0576 -344.0247 -0.7227 -0.7227 0.0000 0.0000 0.0000 312.8461 345.7155 -10.7970 0.0000 0.0000
4040.03 18.07.2018 00.20.01 25.75720 283.8748 -345.0026 -0.7248 -0.7248 0.0000 0.0000 0.0000 312.5186 345.0313 -11.3598 0.0000 0.0000
4050.03 18.07.2018 00.30.01 25.63769 283.6908 -346.3593 -0.7276 -0.7276 0.0000 0.0000 0.0000 312.1239 344.2940 -12.0208 0.0000 0.0000
4060.03 18.07.2018 00.40.01 25.51751 283.5475 -349.0577 -0.7333 -0.7333 0.0000 0.0000 0.0000 311.7823 343.5542 -12.6431 0.0000 0.0000
4070.03 18.07.2018 00.50.01 25.39657 283.4895 -351.2422 -0.7379 -0.7379 0.0000 0.0000 0.0000 311.5846 343.0833 -12.4348 0.0000 0.0000
4080.03 18.07.2018 01.00.01 25.27480 283.4420 -352.8306 -0.7412 -0.7412 0.0000 0.0000 0.0000 311.3127 342.5893 -12.2852 0.0000 0.0000
4090.03 18.07.2018 01.10.01 25.15264 283.3203 -353.7497 -0.7432 -0.7432 0.0000 0.0000 0.0000 311.0029 341.9348 -12.6683 0.0000 0.0000
4100.03 18.07.2018 01.20.01 25.03048 283.2030 -353.7082 -0.7431 -0.7431 0.0000 0.0000 0.0000 310.6352 341.2692 -13.0241 0.0000 0.0000
4110.03 18.07.2018 01.30.01 24.90862 283.0882 -353.6706 -0.7430 -0.7430 0.0000 0.0000 0.0000 310.2530 340.6098 -13.3293 0.0000 0.0000
4120.03 18.07.2018 01.40.01 24.78683 282.9861 -352.8440 -0.7413 -0.7413 0.0000 0.0000 0.0000 309.8915 340.0248 -13.3755 0.0000 0.0000
4130.03 18.07.2018 01.50.01 24.66525 282.8845 -350.8668 -0.7371 -0.7371 0.0000 0.0000 0.0000 309.5250 339.4472 -13.4213 0.0000 0.0000
4140.03 18.07.2018 02.00.01 24.54440 282.7879 -349.1914 -0.7336 -0.7336 0.0000 0.0004 0.0002 309.1229 338.8773 -13.4445 0.0000 0.0000
4150.03 18.07.2018 02.10.01 24.42419 282.9085 -346.6501 -0.7283 -0.7312 0.0039 0.2674 0.1488 308.9119 338.8242 -11.8972 0.0000 0.0000
4160.03 18.07.2018 02.20.01 24.30428 283.0078 -344.2718 -0.7233 -0.7298 0.0087 0.5752 0.3212 308.7381 338.6369 -11.0924 0.0000 0.0000
4170.03 18.07.2018 02.30.01 24.18527 283.1085 -343.4604 -0.7216 -0.7317 0.0135 0.8890 0.4971 308.6326 338.5051 -10.2981 0.0000 0.0000
4180.03 18.07.2018 02.40.01 24.06625 283.2127 -341.9851 -0.7185 -0.7323 0.0184 1.2039 0.6737 308.5824 338.4332 -9.4877 0.0000 0.0000
4190.03 18.07.2018 02.50.01 23.94793 283.3071 -341.4542 -0.7173 -0.7348 0.0233 1.5191 0.8504 308.5151 338.3818 -8.7144 0.0000 0.0000
4200.03 18.07.2018 03.00.01 23.82986 283.4074 -340.7045 -0.7158 -0.7370 0.0283 1.8381 1.0293 308.4411 338.3604 -7.9330 0.0000 0.0000
4210.03 18.07.2018 03.10.01 23.71191 283.7613 -326.5690 -0.6861 -0.7365 0.0673 4.4784 2.4997 308.7300 338.9623 -6.1813 0.0000 0.0000
4220.03 18.07.2018 03.20.01 23.59792 284.1150 -316.1134 -0.6641 -0.7492 0.1135 7.4746 4.1783 309.1594 339.7190 -4.7536 0.0000 0.0000
4230.03 18.07.2018 03.30.01 23.48684 284.4685 -308.4863 -0.6481 -0.7687 0.1609 10.5224 5.8869 309.6566 340.5608 -3.5279 0.0000 0.0000
4240.03 18.07.2018 03.40.01 23.37811 284.8218 -302.6098 -0.6357 -0.7921 0.2084 13.5807 7.6017 310.1988 341.4694 -2.4582 0.0000 0.0000
4250.03 18.07.2018 03.50.01 23.27126 285.1771 -297.2601 -0.6245 -0.8165 0.2561 16.6408 9.3175 310.7771 342.4330 -1.5143 0.0000 0.0000
4260.03 18.07.2018 04.00.01 23.16625 285.5294 -292.0903 -0.6136 -0.8414 0.3037 19.7017 11.0337 311.3821 343.4355 -0.7005 0.0000 0.0000
4270.03 18.07.2018 04.10.01 23.06307 285.8508 -285.4749 -0.5997 -0.8659 0.3549 23.0033 12.8839 312.4766 344.5376 -0.2977 0.0000 0.0000
4280.03 18.07.2018 04.20.01 22.96206 286.1690 -278.7039 -0.5855 -0.8906 0.4068 26.3418 14.7557 313.6220 345.6967 0.0012 0.0000 0.0000
4290.03 18.07.2018 04.30.01 22.86340 286.4872 -272.0058 -0.5714 -0.9155 0.4588 29.6857 16.6306 314.7802 346.9002 0.2511 0.0000 0.0000
4300.03 18.07.2018 04.40.01 22.76705 286.8142 -265.3076 -0.5574 -0.9405 0.5109 33.0307 18.5062 315.9664 348.1579 0.4978 0.0000 0.0000
4310.03 18.07.2018 04.50.01 22.67355 287.1474 -176.7581 -0.3713 -0.9649 0.7914 55.5209 29.9701 317.1810 349.9936 0.1542 0.0000 0.0000
4320.03 18.07.2018 05.00.01 22.60159 287.4885 -199.8124 -0.4198 -1.0804 0.8808 63.6488 34.4074 318.6176 352.2778 -0.6173 0.0000 0.0000
4330.03 18.07.2018 05.10.01 22.52752 287.9292 156.6613 0.3291 -1.1562 1.9805 178.0311 92.3011 320.1402 357.6803 -4.3676 0.0000 0.0000
4340.03 18.07.2018 05.20.01 22.53964 288.3932 293.5104 0.6166 -1.6232 2.9864 298.0290 153.6348 323.0109 367.5622 -14.5918 0.0000 0.0000
4350.03 18.07.2018 05.30.01 22.59249 288.8837 1261.2456 2.6497 -2.2125 6.4829 422.9058 216.0372 326.7303 380.1968 -29.3310 0.0000 0.0000
4360.03 18.07.2018 05.40.01 22.87106 289.3860 168.6338 0.3543 -3.8594 5.6182 410.1963 211.4333 330.8072 391.2452 -41.2007 0.0000 0.0000
4370.03 18.07.2018 05.50.01 22.89944 289.8724 256.8378 0.5396 -4.1918 6.3086 399.6527 206.9557 333.4452 399.3499 -49.0901 0.0000 0.0000
4380.03 18.07.2018 06.00.01 22.94625 290.3462 -391.3884 -0.8222 -4.6092 5.0493 370.1349 192.5622 335.4425 403.6184 -53.1007 0.0000 0.0000
4390.03 18.07.2018 06.10.01 22.84075 290.7178 -575.7954 -1.2097 -4.2724 4.0837 354.5732 185.0415 336.9687 406.7835 -55.7154 0.0000 0.0000
4400.03 18.07.2018 06.20.01 22.69042 291.0943 -618.3928 -1.2991 -3.7363 3.2495 369.6290 195.7922 338.7600 414.2261 -61.4428 0.0000 0.0000
4410.03 18.07.2018 06.30.01 22.52896 291.4968 -607.4637 -1.2762 -3.1620 2.5144 362.2840 193.0267 340.6207 417.9248 -63.6279 0.0000 0.0000
4420.03 18.07.2018 06.40.01 22.36971 291.8869 -573.6893 -1.2052 -2.6059 1.8675 379.5264 204.4610 342.4479 424.4064 -67.3723 0.0000 0.0000
4430.03 18.07.2018 06.50.01 22.21966 292.3236 -339.3626 -0.7129 -2.0878 1.8331 374.7484 202.2210 344.3521 427.0338 -68.7382 0.0000 0.0000
4440.03 18.07.2018 07.00.01 22.12625 292.6902 -194.0204 -0.4076 -1.8294 1.8957 369.2401 199.4698 346.0678 428.9941 -69.7517 0.0000 0.0000
4450.03 18.07.2018 07.10.01 22.06948 292.9310 -90.0784 -0.1892 -1.7167 2.0366 364.5681 197.3401 347.9348 430.3948 -72.3889 0.0000 0.0000
4460.03 18.07.2018 07.20.01 22.03985 293.1760 -34.2024 -0.0719 -1.6971 2.1670 359.0271 194.6970 349.7039 431.2749 -74.6708 0.0000 0.0000
4470.03 18.07.2018 07.30.01 22.02612 293.4236 1.5409 0.0032 -1.7123 2.2874 352.7161 191.5988 351.4151 431.7597 -76.5269 0.0000 0.0000
4480.03 18.07.2018 07.40.01 22.02383 293.6718 33.5037 0.0704 -1.7401 2.4140 351.1468 191.0284 353.0608 432.2924 -78.4712 0.0000 0.0000
4490.03 18.07.2018 07.50.01 22.03179 293.9222 65.0328 0.1366 -1.7756 2.5496 349.9036 190.6470 354.7616 432.8117 -80.4970 0.0000 0.0000
4500.03 18.07.2018 08.00.01 22.04983 294.1717 81.6945 0.1716 -1.8196 2.6549 354.0813 193.5421 356.2393 433.9562 -83.3310 0.0000 0.0000
4510.03 18.07.2018 08.10.01 22.07446 294.2973 125.8254 0.2643 -1.8564 2.8277 343.4720 188.2184 357.9148 433.6950 -84.6986 0.0000 0.0000
4520.03 18.07.2018 08.20.01 22.11178 294.4150 142.1383 0.2986 -1.9199 2.9580 330.7358 181.6504 359.1895 432.7730 -84.8614 0.0000 0.0000
4530.03 18.07.2018 08.30.01 22.15521 294.5313 159.8865 0.3359 -1.9787 3.0861 317.9284 175.0408 360.3603 431.6345 -84.5257 0.0000 0.0000
4540.03 18.07.2018 08.40.01 22.20489 294.6425 172.1684 0.3617 -2.0362 3.1972 309.2799 170.5962 361.3018 430.5151 -83.9809 0.0000 0.0000
4550.03 18.07.2018 08.50.01 22.25942 294.7535 191.4805 0.4023 -2.0876 3.3198 301.2887 166.5373 362.2595 429.5028 -83.4834 0.0000 0.0000
4560.03 18.07.2018 09.00.01 22.32031 294.8639 201.4188 0.4231 -2.1427 3.4211 292.1643 161.8133 363.0482 428.3372 -82.4786 0.0000 0.0000
4570.03 18.07.2018 09.10.01 22.38503 294.9793 190.4589 0.4001 -2.1920 3.4561 291.0935 161.2636 364.0208 428.0967 -79.1768 0.0000 0.0000
4580.03 18.07.2018 09.20.01 22.44863 295.0990 202.0866 0.4246 -2.2135 3.5174 306.3089 170.4659 365.2520 430.4974 -79.3329 0.0000 0.0000
4590.03 18.07.2018 09.30.01 22.51632 295.2336 216.5529 0.4549 -2.2352 3.5869 305.9082 170.2922 366.6174 431.2110 -77.4095 0.0000 0.0000
4600.03 18.07.2018 09.40.01 22.58862 295.3574 227.3473 0.4776 -2.2610 3.6514 306.1021 170.4294 367.9907 432.0742 -75.7709 0.0000 0.0000
4610.03 18.07.2018 09.50.01 22.66458 295.4819 238.9916 0.5021 -2.2873 3.7191 306.4753 170.6715 369.4103 433.1106 -74.3521 0.0000 0.0000
4620.03 18.07.2018 10.00.01 22.74438 295.6070 248.6313 0.5223 -2.3161 3.7845 306.6873 170.8181 370.8247 434.2477 -73.0087 0.0000 0.0000
4630.03 18.07.2018 10.10.01 22.82748 295.7509 261.6996 0.5498 -2.3453 3.8602 316.0306 176.0282 372.7956 436.6446 -72.0320 0.0000 0.0000
4640.03 18.07.2018 10.20.01 22.91476 295.9076 284.8120 0.5983 -2.3787 3.9693 323.7900 180.2627 375.0631 439.2264 -71.4416 0.0000 0.0000
4650.03 18.07.2018 10.30.01 23.00857 296.0374 297.8897 0.6258 -2.4281 4.0719 332.1091 184.8380 377.4048 441.9898 -71.8220 0.0000 0.0000
4660.03 18.07.2018 10.40.01 23.10650 296.1417 310.9612 0.6533 -2.4815 4.1797 335.8531 186.6713 379.8605 444.0759 -71.9204 0.0000 0.0000
4670.03 18.07.2018 10.50.01 23.20892 296.2530 322.3196 0.6771 -2.5376 4.2864 344.3356 191.3484 382.2185 446.6431 -74.1333 0.0000 0.0000
4680.03 18.07.2018 11.00.01 23.31524 296.3735 333.0874 0.6998 -2.5956 4.3938 352.6498 195.9259 384.6017 448.9277 -78.0067 0.0000 0.0000
4690.03 18.07.2018 11.10.01 23.42492 296.4085 306.4356 0.6438 -2.6547 4.3980 341.8862 190.2040 385.2129 450.0940 -76.5160 0.0000 0.0000
4700.03 18.07.2018 11.20.01 23.52862 296.4326 269.1580 0.5655 -2.6748 4.3204 327.1781 182.1768 385.0924 450.1688 -73.5697 0.0000 0.0000
4710.03 18.07.2018 11.30.01 23.62396 296.4554 249.9494 0.5251 -2.6483 4.2312 312.1752 173.9817 384.6278 449.7687 -70.4058 0.0000 0.0000
4720.03 18.07.2018 11.40.01 23.71487 296.4638 240.7673 0.5058 -2.5965 4.1365 296.8365 165.5410 383.9545 448.8743 -67.0663 0.0000 0.0000
4730.03 18.07.2018 11.50.01 23.80383 296.4990 238.3199 0.5007 -2.5317 4.0432 283.1567 158.0947 383.1627 447.7936 -64.4842 0.0000 0.0000
4740.03 18.07.2018 12.00.01 23.89245 296.4959 238.0379 0.5001 -2.4618 3.9491 269.5343 150.6815 382.3075 446.6221 -61.3916 0.0000 0.0000
4750.03 18.07.2018 12.10.01 23.98104 296.6133 206.3704 0.4336 -2.3882 3.7623 264.2025 147.4032 381.3154 445.2062 -59.5266 0.0000 0.0000
4760.03 18.07.2018 12.20.01 24.06228 296.7282 215.5616 0.4529 -2.2770 3.6398 263.4460 146.8215 380.8500 444.2374 -60.6824 0.0000 0.0000
4770.03 18.07.2018 12.30.01 24.14578 296.8306 222.7996 0.4681 -2.1760 3.5254 264.9007 147.5604 380.4708 443.3569 -63.1958 0.0000 0.0000
4780.03 18.07.2018 12.40.01 24.23110 296.9436 226.6351 0.4761 -2.0835 3.4128 267.3608 148.8981 380.2891 443.5862 -62.1561 0.0000 0.0000
4790.03 18.07.2018 12.50.01 24.31732 297.0860 227.6838 0.4783 -1.9957 3.2988 270.5921 150.6994 380.1509 444.1792 -61.3302 0.0000 0.0000
4800.03 18.07.2018 13.00.01 24.40365 297.2359 234.3968 0.4924 -1.9110 3.2045 275.6401 153.5770 380.0720 444.8729 -61.9475 0.0000 0.0000
4810.03 18.07.2018 13.10.01 24.49163 297.2692 266.3313 0.5595 -1.8367 3.1950 271.9647 151.8034 381.9645 446.4954 -57.6071 0.0000 0.0000
4820.03 18.07.2018 13.20.01 24.58700 297.3330 263.7760 0.5542 -1.8004 3.1394 265.1494 148.1807 383.2895 446.9722 -56.1574 0.0000 0.0000
4830.03 18.07.2018 13.30.01 24.68170 297.3469 259.2267 0.5446 -1.7622 3.0758 257.2739 143.9280 384.2231 446.8350 -56.0625 0.0000 0.0000
4840.03 18.07.2018 13.40.01 24.77499 297.3590 254.7822 0.5353 -1.7213 3.0088 248.5111 139.1473 385.3696 447.5946 -50.3401 0.0000 0.0000
4850.03 18.07.2018 13.50.01 24.86700 297.3988 251.2297 0.5278 -1.6787 2.9419 239.0965 133.9754 386.3875 446.8025 -50.8132 0.0000 0.0000
4860.03 18.07.2018 14.00.01 24.95788 297.4930 249.0262 0.5232 -1.6348 2.8773 229.0984 128.4523 387.2864 444.3592 -56.0505 0.0000 0.0000
4870.03 18.07.2018 14.10.01 25.04772 297.3886 203.6528 0.4278 -1.5898 2.6902 210.7513 118.2591 385.8596 442.2258 -51.5616 0.0000 0.0000
4880.03 18.07.2018 14.20.01 25.12603 297.2562 169.4769 0.3560 -1.4996 2.4742 190.4331 106.9051 383.9713 439.2854 -47.2411 0.0000 0.0000
4890.03 18.07.2018 14.30.01 25.19525 297.0813 150.1030 0.3153 -1.3797 2.2600 169.7056 95.3041 381.9372 435.9241 -42.9570 0.0000 0.0000
4900.03 18.07.2018 14.40.01 25.25887 296.9318 137.3063 0.2885 -1.2485 2.0493 148.0227 83.1537 379.8958 432.3929 -37.6007 0.0000 0.0000
4910.03 18.07.2018 14.50.01 25.31838 296.8097 124.0839 0.2607 -1.1134 1.8321 125.4861 70.4959 377.7536 428.4908 -32.3156 0.0000 0.0000
4920.03 18.07.2018 15.00.01 25.37368 296.7319 113.0700 0.2375 -0.9744 1.6159 102.5721 57.6100 375.4606 424.1071 -27.9698 0.0000 0.0000
4930.03 18.07.2018 15.10.01 25.42526 296.5322 138.0143 0.2899 -0.8383 1.5044 96.2409 53.9892 372.2859 421.0403 -25.8271 0.0000 0.0000
4940.03 18.07.2018 15.20.01 25.48193 296.3038 161.1557 0.3386 -0.7432 1.4424 92.4370 51.8475 369.3394 418.1890 -25.2884 0.0000 0.0000
4950.03 18.07.2018 15.30.01 25.54290 296.0815 167.9104 0.3528 -0.6879 1.3876 88.9449 49.8875 366.4610 415.3017 -25.2957 0.0000 0.0000
4960.03 18.07.2018 15.40.01 25.60421 295.8854 165.1272 0.3469 -0.6538 1.3343 85.5246 47.9693 363.7171 412.5416 -24.9085 0.0000 0.0000
4970.03 18.07.2018 15.50.01 25.66363 295.6986 157.3973 0.3307 -0.6302 1.2812 82.1155 46.0578 361.0335 409.7581 -24.8158 0.0000 0.0000
4980.03 18.07.2018 16.00.01 25.71987 295.5261 146.9840 0.3088 -0.6124 1.2282 78.7371 44.1635 358.3518 407.0816 -24.3956 0.0000 0.0000
4990.03 18.07.2018 16.10.01 25.77230 295.7579 143.1398 0.3007 -0.5970 1.1970 92.5954 51.9975 358.0674 407.3715 -22.7780 0.0000 0.0000
5000.03 18.07.2018 16.20.01 25.82269 295.9983 149.3788 0.3138 -0.5888 1.2035 108.7478 61.1794 358.3304 408.6298 -22.5840 0.0000 0.0000
5010.03 18.07.2018 16.30.01 25.87359 296.2477 149.6588 0.3144 -0.5984 1.2171 125.4754 70.7009 358.8962 410.4721 -23.0508 0.0000 0.0000
5020.03 18.07.2018 16.40.01 25.92376 296.5019 168.7274 0.3545 -0.6184 1.2971 147.0788 82.9680 359.5676 413.2546 -24.4171 0.0000 0.0000
5030.03 18.07.2018 16.50.01 25.97772 296.7639 194.5255 0.4087 -0.6699 1.4382 169.9950 95.9768 360.3917 416.7190 -26.2767 0.0000 0.0000
5040.03 18.07.2018 17.00.01 26.03723 297.0305 218.7873 0.4596 -0.7589 1.6248 193.0062 109.0099 361.2309 420.6031 -28.3731 0.0000 0.0000
5050.03 18.07.2018 17.10.01 26.10159 296.7374 185.5563 0.3898 -0.8830 1.6971 183.8567 103.8808 361.0801 419.5402 -33.4533 0.0000 0.0000
5060.03 18.07.2018 17.20.01 26.15692 296.4080 135.5300 0.2847 -0.9793 1.6854 170.9010 96.5313 360.1675 417.1436 -37.0073 0.0000 0.0000
5070.03 18.07.2018 17.30.01 26.19918 296.0655 96.6718 0.2031 -1.0297 1.6437 157.0933 88.6934 358.9057 414.1986 -39.4745 0.0000 0.0000
5080.03 18.07.2018 17.40.01 26.23104 295.7284 57.9941 0.1218 -1.0468 1.5581 139.5131 78.7308 357.5451 410.6074 -40.4511 0.0000 0.0000
5090.03 18.07.2018 17.50.01 26.25262 295.3880 22.4287 0.0471 -1.0305 1.4369 121.1618 68.3324 356.0729 406.7941 -39.9643 0.0000 0.0000
5100.03 18.07.2018 18.00.01 26.26464 295.0450 -7.3538 -0.0154 -0.9839 1.2912 102.4780 57.7528 354.5549 402.9194 -38.1947 0.0000 0.0000
5110.03 18.07.2018 18.10.01 26.26858 294.6889 -18.0563 -0.0379 -0.9140 1.1680 89.5046 50.4216 352.5383 399.7366 -35.1526 0.0000 0.0000
5120.03 18.07.2018 18.20.01 26.26885 294.3369 -32.8579 -0.0690 -0.8432 1.0323 76.4220 43.0343 350.5406 396.5958 -31.8821 0.0000 0.0000
5130.03 18.07.2018 18.30.01 26.26455 293.9862 -49.4553 -0.1039 -0.7673 0.8845 63.3071 35.6369 348.5244 393.4743 -28.3960 0.0000 0.0000
5140.03 18.07.2018 18.40.01 26.25503 293.6381 -86.1258 -0.1809 -0.6845 0.6714 45.9505 25.8617 346.5306 390.1569 -23.4983 0.0000 0.0000
5150.03 18.07.2018 18.50.01 26.23547 293.2865 -117.6371 -0.2471 -0.5727 0.4341 28.3605 15.9647 344.5019 386.7799 -18.3081 0.0000 0.0000
5160.03 18.07.2018 19.00.01 26.20693 292.9336 -146.3967 -0.3076 -0.4396 0.1761 10.6903 6.0344 342.4602 383.3599 -13.0001 0.0000 0.0000
5170.03 18.07.2018 19.10.01 26.17059 292.6878 -92.5888 -0.1945 -0.2901 0.1274 7.9973 4.4965 342.3890 381.4483 -10.5393 0.0000 0.0000
5180.03 18.07.2018 19.20.01 26.14562 292.4483 -67.4632 -0.1417 -0.2165 0.0997 6.2959 3.5377 342.6007 379.9416 -9.0493 0.0000 0.0000
5190.03 18.07.2018 19.30.01 26.12554 292.2120 -60.1664 -0.1264 -0.1831 0.0756 4.7628 2.6772 342.9044 378.6007 -8.0546 0.0000 0.0000
5200.03 18.07.2018 19.40.01 26.10623 291.9795 -62.3752 -0.1310 -0.1702 0.0522 3.2612 1.8351 343.2527 377.3814 -7.3794 0.0000 0.0000
5210.03 18.07.2018 19.50.01 26.08511 291.7482 -68.7119 -0.1444 -0.1660 0.0289 1.7652 0.9962 343.6202 376.2503 -6.9448 0.0000 0.0000
5220.03 18.07.2018 20.00.01 26.06124 291.5205 -77.6375 -0.1631 -0.1673 0.0057 0.2724 0.1592 344.0334 375.2775 -6.4311 0.0000 0.0000
5230.03 18.07.2018 20.10.01 26.03420 291.4350 -81.6169 -0.1715 -0.1722 0.0010 0.0435 0.0254 345.7716 374.6995 -6.2890 0.0000 0.0000
5240.03 18.07.2018 20.20.01 26.00509 291.3481 -87.6558 -0.1842 -0.1843 0.0002 0.0085 0.0049 347.6498 374.3423 -6.3468 0.0000 0.0000
5250.03 18.07.2018 20.30.01 25.97344 291.2651 -95.7125 -0.2011 -0.2011 0.0000 0.0015 0.0009 349.5110 374.0508 -6.6795 0.0000 0.0000
5260.03 18.07.2018 20.40.01 25.93881 291.1797 -104.9875 -0.2206 -0.2206 0.0000 0.0003 0.0002 351.4199 373.8261 -7.2214 0.0000 0.0000
5270.03 18.07.2018 20.50.01 25.90087 291.0962 -114.3381 -0.2402 -0.2402 0.0000 0.0000 0.0000 353.4526 373.6703 -7.9715 0.0000 0.0000
5280.03 18.07.2018 21.00.01 25.85980 291.0137 -123.5146 -0.2595 -0.2595 0.0000 0.0000 0.0000 355.4629 373.5508 -8.8509 0.0000 0.0000
5290.03 18.07.2018 21.10.01 25.81561 290.9344 -131.9056 -0.2771 -0.2771 0.0000 0.0000 0.0000 355.2418 373.2050 -9.0573 0.0000 0.0000
5300.03 18.07.2018 21.20.01 25.76867 290.8531 -139.7902 -0.2937 -0.2937 0.0000 0.0000 0.0000 354.9432 372.8207 -9.1445 0.0000 0.0000
5310.03 18.07.2018 21.30.01 25.71911 290.7721 -147.2644 -0.3094 -0.3094 0.0000 0.0000 0.0000 354.6297 372.4286 -9.1890 0.0000 0.0000
5320.03 18.07.2018 21.40.01 25.66702 290.6907 -153.7239 -0.3229 -0.3229 0.0000 0.0000 0.0000 354.2969 372.0312 -9.1983 0.0000 0.0000
5330.03 18.07.2018 21.50.01 25.61285 290.6098 -159.6788 -0.3355 -0.3355 0.0000 0.0000 0.0000 353.9260 371.6273 -9.1693 0.0000 0.0000
5340.03 18.07.2018 22.00.01 25.55673 290.5288 -164.8696 -0.3464 -0.3464 0.0000 0.0000 0.0000 353.5768 371.2283 -9.1295 0.0000 0.0000
5350.03 18.07.2018 22.10.01 25.49890 290.4647 -169.2766 -0.3556 -0.3556 0.0000 0.0000 0.0000 352.6645 370.7725 -8.8500 0.0000 0.0000
5360.03 18.07.2018 22.20.01 25.43969 290.3991 -173.3733 -0.3642 -0.3642 0.0000 0.0000 0.0000 351.7465 370.3001 -8.5412 0.0000 0.0000
5370.03 18.07.2018 22.30.01 25.37911 290.3328 -176.7839 -0.3714 -0.3714 0.0000 0.0000 0.0000 350.8613 369.8285 -8.2164 0.0000 0.0000
5380.03 18.07.2018 22.40.01 25.31741 290.2664 -179.8546 -0.3778 -0.3778 0.0000 0.0000 0.0000 349.9979 369.3562 -7.8895 0.0000 0.0000
5390.03 18.07.2018 22.50.01 25.25472 290.2005 -182.5447 -0.3835 -0.3835 0.0000 0.0000 0.0000 349.1102 368.8797 -7.5326 0.0000 0.0000
5400.03 18.07.2018 23.00.01 25.19116 290.1335 -184.8678 -0.3884 -0.3884 0.0000 0.0000 0.0000 348.2088 368.3949 -7.1773 0.0000 0.0000
5410.03 18.07.2018 23.10.01 25.12686 289.9548 -187.2263 -0.3933 -0.3933 0.0000 0.0000 0.0000 347.1356 367.7091 -7.4783 0.0000 0.0000
5420.03 18.07.2018 23.20.01 25.06167 289.7761 -189.8625 -0.3989 -0.3989 0.0000 0.0000 0.0000 346.0347 367.0045 -7.6707 0.0000 0.0000
5430.03 18.07.2018 23.30.01 24.99560 289.5971 -192.4794 -0.4044 -0.4044 0.0000 0.0000 0.0000 344.9224 366.2811 -7.8080 0.0000 0.0000
5440.03 18.07.2018 23.40.01 24.92861 289.4178 -194.9964 -0.4097 -0.4097 0.0000 0.0000 0.0000 343.7985 365.5272 -7.9649 0.0000 0.0000
5450.03 18.07.2018 23.50.01 24.86086 289.2393 -197.4154 -0.4147 -0.4147 0.0000 0.0000 0.0000 342.6744 364.7814 -8.0192 0.0000 0.0000
5460.03 19.07.2018 00.00.01 24.79220 289.0612 -199.4128 -0.4189 -0.4189 0.0000 0.0000 0.0000 341.5456 364.0273 -8.0415 0.0000 0.0000
5470.03 19.07.2018 00.10.01 24.72283 288.8527 -201.3626 -0.4230 -0.4230 0.0000 0.0000 0.0000 340.6618 363.2570 -8.2900 0.0000 0.0000
5480.03 19.07.2018 00.20.01 24.65283 288.6481 -203.2893 -0.4271 -0.4271 0.0000 0.0000 0.0000 339.7900 362.4989 -8.4925 0.0000 0.0000
5490.03 19.07.2018 00.30.01 24.58227 288.4428 -205.4613 -0.4316 -0.4316 0.0000 0.0000 0.0000 338.9069 361.7343 -8.6870 0.0000 0.0000
5500.03 19.07.2018 00.40.01 24.51086 288.2372 -207.1292 -0.4351 -0.4351 0.0000 0.0000 0.0000 338.0223 360.9674 -8.8682 0.0000 0.0000
5510.03 19.07.2018 00.50.01 24.43884 288.0296 -208.8832 -0.4388 -0.4388 0.0000 0.0000 0.0000 337.1369 360.1988 -9.0386 0.0000 0.0000
5520.03 19.07.2018 01.00.01 24.36627 287.8220 -211.0321 -0.4433 -0.4433 0.0000 0.0000 0.0000 336.2521 359.4313 -9.1928 0.0000 0.0000
5530.03 19.07.2018 01.10.01 24.29302 287.7357 -212.7447 -0.4469 -0.4469 0.0000 0.0000 0.0000 336.1090 358.9483 -8.8003 0.0000 0.0000
5540.03 19.07.2018 01.20.01 24.21935 287.6509 -213.3330 -0.4482 -0.4482 0.0000 0.0000 0.0000 336.0142 358.5229 -8.4672 0.0000 0.0000
5550.03 19.07.2018 01.30.01 24.14553 287.5678 -213.3210 -0.4482 -0.4482 0.0000 0.0000 0.0000 335.9113 358.1309 -8.1625 0.0000 0.0000
5560.03 19.07.2018 01.40.01 24.07171 287.4822 -213.3053 -0.4481 -0.4481 0.0000 0.0000 0.0000 335.8268 357.7706 -7.9001 0.0000 0.0000
5570.03 19.07.2018 01.50.01 23.99777 287.4157 -213.3534 -0.4482 -0.4482 0.0000 0.0000 0.0000 335.7674 357.4378 -7.6804 0.0000 0.0000
5580.03 19.07.2018 02.00.01 23.92364 287.3490 -213.7011 -0.4490 -0.4490 0.0000 0.0003 0.0002 335.7183 357.1362 -7.4413 0.0000 0.0000
5590.03 19.07.2018 02.10.01 23.84951 287.2371 -213.7084 -0.4490 -0.4511 0.0029 0.1984 0.1104 335.0546 356.6433 -7.6396 0.0000 0.0000
5600.03 19.07.2018 02.20.01 23.77535 287.0993 -214.7711 -0.4512 -0.4560 0.0064 0.4268 0.2383 334.2397 355.9987 -8.1429 0.0000 0.0000
5610.03 19.07.2018 02.30.01 23.70056 286.9663 -216.6496 -0.4551 -0.4627 0.0100 0.6595 0.3688 333.4908 355.3417 -8.6279 0.0000 0.0000
5620.03 19.07.2018 02.40.01 23.62502 286.8443 -219.1581 -0.4604 -0.4707 0.0137 0.8932 0.4998 332.7817 354.7246 -8.9698 0.0000 0.0000
5630.03 19.07.2018 02.50.01 23.54855 286.7349 -222.1312 -0.4667 -0.4797 0.0173 1.1271 0.6309 331.9879 354.0944 -9.2328 0.0000 0.0000
5640.03 19.07.2018 03.00.01 23.47106 286.6354 -225.0652 -0.4728 -0.4886 0.0210 1.3664 0.7651 331.1405 353.4594 -9.4234 0.0000 0.0000
5650.03 19.07.2018 03.10.01 23.39269 286.6695 -209.9514 -0.4411 -0.4958 0.0730 4.8984 2.7314 330.7071 353.4027 -9.1584 0.0000 0.0000
5660.03 19.07.2018 03.20.01 23.31814 286.7089 -198.2601 -0.4165 -0.5180 0.1353 8.9354 4.9929 330.4426 353.5421 -9.1382 0.0000 0.0000
5670.03 19.07.2018 03.30.01 23.24670 286.7490 -190.9456 -0.4011 -0.5505 0.1991 13.0454 7.2970 330.2471 353.7744 -9.2615 0.0000 0.0000
5680.03 19.07.2018 03.40.01 23.17727 286.7914 -186.1590 -0.3911 -0.5886 0.2633 17.1705 9.6099 330.0906 354.0819 -9.4695 0.0000 0.0000
5690.03 19.07.2018 03.50.01 23.10925 286.8340 -182.5978 -0.3836 -0.6293 0.3275 21.2981 11.9243 329.9625 354.4445 -9.7660 0.0000 0.0000
5700.03 19.07.2018 04.00.01 23.04232 286.8732 -179.6386 -0.3774 -0.6713 0.3919 25.4317 14.2420 329.8558 354.8522 -10.1393 0.0000 0.0000
5710.03 19.07.2018 04.10.01 22.97646 287.2395 -159.0670 -0.3342 -0.7131 0.5052 32.9097 18.4206 330.3367 356.1300 -9.2990 0.0000 0.0000
5720.03 19.07.2018 04.20.01 22.91601 287.6121 -143.3778 -0.3012 -0.7729 0.6290 40.9005 22.8990 331.0237 357.6770 -8.8395 0.0000 0.0000
5730.03 19.07.2018 04.30.01 22.85992 287.9877 -132.5450 -0.2785 -0.8442 0.7544 48.9655 27.4207 331.8101 359.3848 -8.6069 0.0000 0.0000
5740.03 19.07.2018 04.40.01 22.80706 288.3658 -124.0857 -0.2607 -0.9208 0.8801 57.0458 31.9513 332.6618 361.2227 -8.5476 0.0000 0.0000
5750.03 19.07.2018 04.50.01 22.75707 288.7447 -91.9374 -0.1931 -0.9995 1.0752 70.9526 39.4002 333.5637 363.3255 -8.9039 0.0000 0.0000
5760.03 19.07.2018 05.00.01 22.71539 289.1282 -93.0961 -0.1956 -1.1069 1.2150 80.4392 44.6556 334.5752 365.6086 -9.5007 0.0000 0.0000
5770.03 19.07.2018 05.10.01 22.67480 289.5195 -15.2336 -0.0320 -1.2033 1.5618 112.4342 61.2912 335.6307 368.7054 -10.9872 0.0000 0.0000
5780.03 19.07.2018 05.20.01 22.65365 289.9250 17.9877 0.0378 -1.3779 1.8876 144.6445 78.0717 337.0142 372.6910 -13.5297 0.0000 0.0000
5790.03 19.07.2018 05.30.01 22.64294 290.3404 232.8593 0.4892 -1.5760 2.7536 179.1644 95.8355 338.5875 377.4674 -16.7670 0.0000 0.0000
5800.03 19.07.2018 05.40.01 22.68292 290.7516 -18.1838 -0.0382 -2.0012 2.6174 178.7856 96.4585 340.2630 381.7366 -18.9672 0.0000 0.0000
5810.03 19.07.2018 05.50.01 22.66595 291.1569 -15.7221 -0.0330 -2.1173 2.7790 177.7951 96.4898 341.6254 385.1933 -19.7181 0.0000 0.0000
5820.03 19.07.2018 06.00.01 22.64984 291.5600 -138.5555 -0.2911 -2.2246 2.5781 173.6898 94.9226 342.8335 387.9630 -19.6965 0.0000 0.0000
5830.03 19.07.2018 06.10.01 22.60595 291.9513 -113.5356 -0.2385 -2.1806 2.5895 187.5814 102.1484 344.2908 391.2980 -16.9398 0.0000 0.0000
5840.03 19.07.2018 06.20.01 22.56863 292.2325 -114.0743 -0.2397 -2.1574 2.5570 210.1703 114.6256 345.9364 395.9153 -18.8161 0.0000 0.0000
5850.03 19.07.2018 06.30.01 22.53207 292.5171 -130.2719 -0.2737 -2.1226 2.4652 228.7350 124.7339 347.7470 399.1040 -26.5512 0.0000 0.0000
5860.03 19.07.2018 06.40.01 22.49264 293.0047 -155.7853 -0.3273 -2.0569 2.3062 248.4365 136.0840 349.7684 405.3077 -24.7126 0.0000 0.0000
5870.03 19.07.2018 06.50.01 22.44863 293.7644 -88.2537 -0.1854 -1.9498 2.3526 260.2021 142.5177 351.7413 410.4350 -23.0935 0.0000 0.0000
5880.03 19.07.2018 07.00.01 22.42211 294.0318 -42.1171 -0.0885 -1.9052 2.4223 271.6247 148.7290 353.6190 414.6357 -27.0209 0.0000 0.0000
5890.03 19.07.2018 07.10.01 22.40826 294.2409 7.4981 0.0158 -1.8959 2.5489 276.5246 151.6211 355.4849 418.6896 -27.9938 0.0000 0.0000
5900.03 19.07.2018 07.20.01 22.40801 294.0345 29.1216 0.0612 -1.9248 2.6480 279.8482 153.5881 356.9988 419.4416 -41.7176 0.0000 0.0000
5910.03 19.07.2018 07.30.01 22.41470 294.1406 52.6266 0.1106 -1.9591 2.7596 283.7754 155.9078 358.2296 420.1709 -52.5351 0.0000 0.0000
5920.03 19.07.2018 07.40.01 22.42889 294.5532 70.6082 0.1483 -2.0002 2.8648 288.2571 158.5001 360.1377 426.3603 -34.7350 0.0000 0.0000
5930.03 19.07.2018 07.50.01 22.44915 294.6886 85.1873 0.1790 -2.0419 2.9611 292.1724 160.7591 361.5500 427.2474 -48.9606 0.0000 0.0000
5940.03 19.07.2018 08.00.01 22.47491 294.8507 104.2809 0.2191 -2.0792 3.0644 300.5143 165.6679 362.2804 426.6289 -67.2063 0.0000 0.0000
5950.03 19.07.2018 08.10.01 22.50717 295.0900 112.6744 0.2367 -2.1175 3.1389 312.3446 172.0921 363.1138 428.6295 -67.2618 0.0000 0.0000
5960.03 19.07.2018 08.20.01 22.54330 295.2622 131.9059 0.2771 -2.1458 3.2306 324.9623 178.9758 364.3374 431.1167 -68.4215 0.0000 0.0000
5970.03 19.07.2018 08.30.01 22.58578 295.4982 153.7405 0.3230 -2.1770 3.3333 337.9616 186.0804 365.8182 433.7707 -70.5856 0.0000 0.0000
5980.03 19.07.2018 08.40.01 22.63525 295.7326 172.0759 0.3615 -2.2141 3.4341 349.2367 192.2601 367.3253 436.4333 -73.0878 0.0000 0.0000
5990.03 19.07.2018 08.50.01 22.69082 295.9684 179.4554 0.3770 -2.2532 3.5070 358.8415 197.4586 368.6627 438.8822 -75.3302 0.0000 0.0000
6000.03 19.07.2018 09.00.01 22.74990 296.2004 197.7564 0.4155 -2.2829 3.5978 369.2502 203.1270 370.0999 441.4363 -78.2096 0.0000 0.0000
6010.03 19.07.2018 09.10.01 22.81506 296.4271 226.2626 0.4753 -2.3160 3.7218 373.1493 205.4199 371.9716 444.1779 -78.8252 0.0000 0.0000
6020.03 19.07.2018 09.20.01 22.88851 296.6591 235.8055 0.4954 -2.3638 3.8123 405.2595 224.6645 373.6818 451.2997 -82.3415 0.0000 0.0000
6030.03 19.07.2018 09.30.01 22.96600 296.8912 250.0257 0.5253 -2.4051 3.9072 406.5137 225.3923 375.3476 453.8504 -83.2621 0.0000 0.0000
6040.03 19.07.2018 09.40.01 23.04839 297.1134 260.1472 0.5465 -2.4457 3.9896 407.9225 226.1715 376.9330 456.2813 -83.3135 0.0000 0.0000
6050.03 19.07.2018 09.50.01 23.13479 297.3378 274.2444 0.5761 -2.4812 4.0765 409.5051 227.0516 378.5173 458.6696 -83.2189 0.0000 0.0000
6060.03 19.07.2018 10.00.01 23.22610 297.5617 286.8658 0.6027 -2.5164 4.1587 410.6099 227.6495 380.0318 460.8423 -83.6956 0.0000 0.0000
6070.03 19.07.2018 10.10.01 23.32211 297.6187 304.9344 0.6406 -2.5485 4.2522 407.6544 226.3526 382.7343 464.9670 -75.0119 0.0000 0.0000
6080.03 19.07.2018 10.20.01 23.42410 297.8800 313.6939 0.6590 -2.5811 4.3202 397.0133 220.4635 385.0439 466.0603 -74.8323 0.0000 0.0000
6090.03 19.07.2018 10.30.01 23.52999 297.9943 318.8156 0.6698 -2.6047 4.3660 387.6452 215.3548 386.2142 465.7287 -80.5629 0.0000 0.0000
6100.03 19.07.2018 10.40.01 23.63857 298.1988 327.8033 0.6887 -2.6208 4.4126 373.7559 207.4389 388.1697 466.2285 -73.4595 0.0000 0.0000
6110.03 19.07.2018 10.50.01 23.75079 298.4596 338.1085 0.7103 -2.6358 4.4615 367.6251 204.1767 390.5006 467.0391 -75.9565 0.0000 0.0000
6120.03 19.07.2018 11.00.01 23.86666 298.7246 348.3058 0.7317 -2.6507 4.5099 361.4881 200.9120 392.5451 467.8211 -77.2693 0.0000 0.0000
6130.03 19.07.2018 11.10.01 23.98565 298.6011 286.8635 0.6027 -2.6619 4.3527 338.5628 188.3926 394.5717 467.4654 -70.6890 0.0000 0.0000
6140.03 19.07.2018 11.20.01 24.09063 298.5485 242.4355 0.5093 -2.5914 4.1343 312.8058 174.2204 395.4214 465.6369 -67.0012 0.0000 0.0000
6150.03 19.07.2018 11.30.01 24.18536 298.3764 221.4955 0.4653 -2.4656 3.9078 286.9777 160.0113 395.5591 462.3816 -67.3797 0.0000 0.0000
6160.03 19.07.2018 11.40.01 24.27514 298.2737 209.9646 0.4411 -2.3155 3.6754 261.1253 145.7355 396.2501 460.7258 -57.4487 0.0000 0.0000
6170.03 19.07.2018 11.50.01 24.36205 298.2323 205.5072 0.4317 -2.1532 3.4466 236.9448 132.4600 396.9174 457.3421 -56.8223 0.0000 0.0000
6180.03 19.07.2018 12.00.01 24.44790 298.3475 203.0668 0.4266 -1.9859 3.2166 212.8400 119.2293 397.2574 452.2819 -60.4319 0.0000 0.0000
6190.03 19.07.2018 12.10.01 24.53326 298.3208 235.1477 0.4940 -1.8180 3.0827 205.7381 115.1235 395.6538 449.3457 -57.3837 0.0000 0.0000
6200.03 19.07.2018 12.20.01 24.62609 298.2960 275.5942 0.5790 -1.6923 3.0284 203.0833 113.6258 394.6933 447.4302 -55.6999 0.0000 0.0000
6210.03 19.07.2018 12.30.01 24.72830 298.2804 295.8822 0.6216 -1.6175 2.9854 201.2920 112.6378 394.0126 445.9079 -54.3972 0.0000 0.0000
6220.03 19.07.2018 12.40.01 24.83508 298.2681 304.1448 0.6390 -1.5697 2.9448 199.6709 111.7479 393.4374 444.5950 -53.3659 0.0000 0.0000
6230.03 19.07.2018 12.50.01 24.94341 298.2550 305.4930 0.6418 -1.5365 2.9044 198.0881 110.8810 392.9139 443.4503 -52.4128 0.0000 0.0000
6240.03 19.07.2018 13.00.01 25.05160 298.2422 303.1444 0.6369 -1.5115 2.8645 196.5623 110.0462 392.4238 442.4100 -51.6992 0.0000 0.0000
6250.03 19.07.2018 13.10.01 25.15875 298.2448 322.0112 0.6765 -1.4915 2.8907 213.8155 119.4927 389.8688 442.0573 -55.1967 0.0000 0.0000
6260.03 19.07.2018 13.20.01 25.26949 298.2985 352.7303 0.7410 -1.5023 2.9912 236.2508 131.9922 387.8375 442.5519 -61.1193 0.0000 0.0000
6270.03 19.07.2018 13.30.01 25.38699 298.3793 366.3389 0.7696 -1.5565 3.1015 260.4251 145.5279 386.0303 443.5027 -67.9760 0.0000 0.0000
6280.03 19.07.2018 13.40.01 25.50729 298.4626 369.8343 0.7770 -1.6316 3.2114 286.6306 160.2437 384.3414 445.0995 -74.7051 0.0000 0.0000
6290.03 19.07.2018 13.50.01 25.62798 298.5626 369.7206 0.7767 -1.7156 3.3232 314.1944 175.7731 382.7149 447.1373 -82.0834 0.0000 0.0000
6300.03 19.07.2018 14.00.01 25.74832 298.6722 367.7713 0.7726 -1.8037 3.4351 342.7295 191.8879 381.1048 449.5971 -89.7182 0.0000 0.0000
6310.03 19.07.2018 14.10.01 25.86743 298.5634 332.2096 0.6979 -1.8944 3.4564 335.9101 188.4083 381.5776 449.3213 -93.8665 0.0000 0.0000
6320.03 19.07.2018 14.20.01 25.97708 298.4433 263.6139 0.5538 -1.9500 3.3384 321.0694 180.2214 381.0508 447.4768 -94.6279 0.0000 0.0000
6330.03 19.07.2018 14.30.01 26.06960 298.3296 224.9547 0.4726 -1.9369 3.2126 305.1353 171.3842 380.1993 445.1442 -94.2189 0.0000 0.0000
6340.03 19.07.2018 14.40.01 26.15167 298.2245 204.0387 0.4287 -1.8889 3.0900 287.9092 161.7977 379.1913 442.5937 -92.0904 0.0000 0.0000
6350.03 19.07.2018 14.50.01 26.22784 298.1120 192.5383 0.4045 -1.8272 2.9756 270.3744 152.0198 378.1109 439.8476 -89.2448 0.0000 0.0000
6360.03 19.07.2018 15.00.01 26.30029 298.0075 178.4539 0.3749 -1.7614 2.8484 251.2882 141.3202 376.8345 437.0107 -84.6979 0.0000 0.0000
6370.03 19.07.2018 15.10.01 26.36837 297.8305 167.1256 0.3511 -1.6910 2.7228 237.0098 133.3043 375.7217 434.5323 -80.6449 0.0000 0.0000
6380.03 19.07.2018 15.20.01 26.43304 297.6576 162.0346 0.3404 -1.6169 2.6097 222.9534 125.4120 374.6660 432.0957 -76.5092 0.0000 0.0000
6390.03 19.07.2018 15.30.01 26.49557 297.4842 156.4775 0.3287 -1.5468 2.5007 208.7286 117.4156 373.6214 429.6357 -72.2792 0.0000 0.0000
6400.03 19.07.2018 15.40.01 26.55578 297.3089 149.2492 0.3135 -1.4805 2.3920 192.9746 108.5432 372.5697 427.0577 -67.5869 0.0000 0.0000
6410.03 19.07.2018 15.50.01 26.61334 297.1322 142.0298 0.2984 -1.4171 2.2873 177.1089 99.6007 371.5250 424.4516 -62.7290 0.0000 0.0000
6420.03 19.07.2018 16.00.01 26.66805 296.9549 132.2247 0.2778 -1.3565 2.1791 160.7119 90.3410 370.4412 421.7789 -57.5803 0.0000 0.0000
6430.03 19.07.2018 16.10.01 26.71932 296.8540 124.2287 0.2610 -1.2970 2.0773 162.8430 91.5423 368.7174 420.2658 -56.2064 0.0000 0.0000
6440.03 19.07.2018 16.20.01 26.76760 296.7614 129.3358 0.2717 -1.2408 2.0167 167.2821 94.0973 367.2429 419.1647 -56.5787 0.0000 0.0000
6450.03 19.07.2018 16.30.01 26.81591 296.6727 129.1156 0.2713 -1.2035 1.9663 172.2986 96.9912 365.9413 418.2373 -57.7162 0.0000 0.0000
6460.03 19.07.2018 16.40.01 26.86312 296.5824 140.7900 0.2958 -1.1787 1.9659 179.9720 101.3733 364.6376 417.7066 -59.1156 0.0000 0.0000
6470.03 19.07.2018 16.50.01 26.91177 296.4946 154.6772 0.3250 -1.1788 2.0049 188.4333 106.1985 363.3922 417.2600 -61.6295 0.0000 0.0000
6480.03 19.07.2018 17.00.01 26.96288 296.4078 163.2069 0.3429 -1.2073 2.0669 196.7612 110.9275 362.1269 416.8541 -64.4254 0.0000 0.0000
6490.03 19.07.2018 17.10.01 27.01470 296.1783 115.0216 0.2416 -1.2568 1.9979 182.8724 103.1506 360.8009 414.8477 -63.0240 0.0000 0.0000
6500.03 19.07.2018 17.20.01 27.05370 295.9462 65.4907 0.1376 -1.2631 1.8676 166.1664 93.7297 359.1333 412.6057 -58.3656 0.0000 0.0000
6510.03 19.07.2018 17.30.01 27.07964 295.7006 28.3525 0.0596 -1.2275 1.7161 148.7943 83.9252 357.3043 410.1767 -52.7622 0.0000 0.0000
6520.03 19.07.2018 17.40.01 27.09530 295.4646 -5.4829 -0.0115 -1.1644 1.5372 129.0415 72.7798 355.5048 407.6805 -45.6203 0.0000 0.0000
6530.03 19.07.2018 17.50.01 27.10137 295.2266 -36.5092 -0.0767 -1.0777 1.3346 108.7181 61.3099 353.6376 404.9068 -38.6364 0.0000 0.0000
6540.03 19.07.2018 18.00.01 27.09857 294.9869 -63.0128 -0.1324 -0.9710 1.1181 88.2103 49.7393 351.7337 401.9239 -31.8406 0.0000 0.0000
6550.03 19.07.2018 18.10.01 27.08813 294.6429 -50.0274 -0.1051 -0.8503 0.9937 76.2151 42.9408 350.2298 399.1707 -28.2988 0.0000 0.0000
6560.03 19.07.2018 18.20.01 27.07922 294.3032 -49.7483 -0.1045 -0.7613 0.8757 64.9917 36.6006 348.8501 396.4966 -25.3143 0.0000 0.0000
6570.03 19.07.2018 18.30.01 27.06893 293.9660 -59.5393 -0.1251 -0.6879 0.7505 53.8413 30.3099 347.5229 393.8239 -22.4143 0.0000 0.0000
6580.03 19.07.2018 18.40.01 27.05480 293.6284 -90.8397 -0.1908 -0.6184 0.5701 39.0972 22.0054 346.2219 390.8469 -18.8928 0.0000 0.0000
6590.03 19.07.2018 18.50.01 27.03167 293.2896 -119.7911 -0.2517 -0.5285 0.3691 24.1552 13.5977 344.9085 387.7763 -15.2545 0.0000 0.0000
6600.03 19.07.2018 19.00.01 27.00009 292.9496 -147.3984 -0.3097 -0.4226 0.1505 9.1455 5.1620 343.5935 384.6397 -11.6033 0.0000 0.0000
6610.03 19.07.2018 19.10.01 26.96063 292.5773 -105.4031 -0.2214 -0.3033 0.1091 6.8520 3.8524 342.1398 382.3535 -10.6278 0.0000 0.0000
6620.03 19.07.2018 19.20.01 26.92938 292.2094 -88.6127 -0.1862 -0.2502 0.0854 5.3959 3.0320 340.8031 380.3106 -10.1920 0.0000 0.0000
6630.03 19.07.2018 19.30.01 26.90069 291.8440 -87.8394 -0.1845 -0.2331 0.0648 4.0823 2.2947 339.5168 378.3627 -9.9950 0.0000 0.0000
6640.03 19.07.2018 19.40.01 26.87051 291.4794 -94.1508 -0.1978 -0.2313 0.0447 2.7953 1.5729 338.2541 376.4774 -9.9508 0.0000 0.0000
6650.03 19.07.2018 19.50.01 26.83746 291.1138 -104.6530 -0.2199 -0.2384 0.0248 1.5131 0.8539 336.9975 374.6357 -10.0233 0.0000 0.0000
6660.03 19.07.2018 20.00.01 26.80047 290.7502 -116.9494 -0.2457 -0.2493 0.0049 0.2335 0.1364 335.7503 372.8309 -10.1760 0.0000 0.0000
6670.03 19.07.2018 20.10.01 26.75921 290.5806 -124.0312 -0.2606 -0.2612 0.0008 0.0373 0.0217 334.9543 371.5788 -9.1664 0.0000 0.0000
6680.03 19.07.2018 20.20.01 26.71508 290.4134 -131.9097 -0.2771 -0.2772 0.0002 0.0072 0.0042 334.2388 370.4623 -8.3977 0.0000 0.0000
6690.03 19.07.2018 20.30.01 26.66796 290.2480 -140.7603 -0.2957 -0.2957 0.0000 0.0013 0.0007 333.5610 369.4311 -7.7802 0.0000 0.0000
6700.03 19.07.2018 20.40.01 26.61773 290.0827 -150.2734 -0.3157 -0.3157 0.0000 0.0002 0.0001 332.9123 368.4642 -7.2898 0.0000 0.0000
6710.03 19.07.2018 20.50.01 26.56414 289.9184 -159.9117 -0.3359 -0.3359 0.0000 0.0000 0.0000 332.2876 367.5505 -6.8944 0.0000 0.0000
6720.03 19.07.2018 21.00.01 26.50723 289.7541 -169.4517 -0.3560 -0.3560 0.0000 0.0000 0.0000 331.6801 366.6778 -6.5794 0.0000 0.0000
6730.03 19.07.2018 21.10.01 26.44708 289.5415 -178.9216 -0.3759 -0.3759 0.0000 0.0000 0.0000 331.3176 365.7647 -6.7920 0.0000 0.0000
6740.03 19.07.2018 21.20.01 26.38363 289.3288 -188.0909 -0.3951 -0.3951 0.0000 0.0000 0.0000 330.9623 364.8737 -7.0562 0.0000 0.0000
6750.03 19.07.2018 21.30.01 26.31707 289.1164 -197.0561 -0.4140 -0.4140 0.0000 0.0000 0.0000 330.6172 364.0068 -7.3411 0.0000 0.0000
6760.03 19.07.2018 21.40.01 26.24749 288.9038 -205.4740 -0.4317 -0.4317 0.0000 0.0000 0.0000 330.2769 363.1540 -7.6631 0.0000 0.0000
6770.03 19.07.2018 21.50.01 26.17513 288.6918 -213.3891 -0.4483 -0.4483 0.0000 0.0000 0.0000 329.9403 362.3208 -7.9907 0.0000 0.0000
6780.03 19.07.2018 22.00.01 26.10009 288.4801 -220.6689 -0.4636 -0.4636 0.0000 0.0000 0.0000 329.6090 361.4992 -8.3447 0.0000 0.0000
6790.03 19.07.2018 22.10.01 26.02261 288.2831 -227.3712 -0.4777 -0.4777 0.0000 0.0000 0.0000 328.2547 360.5758 -8.3497 0.0000 0.0000
6800.03 19.07.2018 22.20.01 25.94286 288.0857 -234.1099 -0.4918 -0.4918 0.0000 0.0000 0.0000 326.8716 359.6383 -8.2708 0.0000 0.0000
6810.03 19.07.2018 22.30.01 25.86083 287.8879 -240.5838 -0.5054 -0.5054 0.0000 0.0000 0.0000 325.4831 358.6763 -8.2125 0.0000 0.0000
6820.03 19.07.2018 22.40.01 25.77661 287.6917 -246.6734 -0.5182 -0.5182 0.0000 0.0000 0.0000 324.1008 357.7279 -8.0841 0.0000 0.0000
6830.03 19.07.2018 22.50.01 25.69036 287.4953 -252.2972 -0.5300 -0.5300 0.0000 0.0000 0.0000 322.7254 356.7771 -7.9448 0.0000 0.0000
6840.03 19.07.2018 23.00.01 25.60223 287.2988 -257.4702 -0.5409 -0.5409 0.0000 0.0000 0.0000 321.3500 355.8245 -7.7959 0.0000 0.0000
6850.03 19.07.2018 23.10.01 25.51235 287.0702 -262.3464 -0.5511 -0.5511 0.0000 0.0000 0.0000 320.4896 354.8807 -8.0240 0.0000 0.0000
6860.03 19.07.2018 23.20.01 25.42083 286.8413 -267.2588 -0.5615 -0.5615 0.0000 0.0000 0.0000 319.6509 353.9447 -8.2930 0.0000 0.0000
6870.03 19.07.2018 23.30.01 25.32763 286.6054 -272.1666 -0.5718 -0.5718 0.0000 0.0000 0.0000 318.7978 352.9819 -8.6459 0.0000 0.0000
6880.03 19.07.2018 23.40.01 25.23275 286.3731 -277.0766 -0.5821 -0.5821 0.0000 0.0000 0.0000 317.9053 351.9861 -9.0549 0.0000 0.0000
6890.03 19.07.2018 23.50.01 25.13616 286.1389 -281.8222 -0.5921 -0.5921 0.0000 0.0000 0.0000 316.9675 350.9693 -9.4819 0.0000 0.0000
6900.03 20.07.2018 00.00.01 25.03790 285.9049 -286.4044 -0.6017 -0.6017 0.0000 0.0000 0.0000 316.0918 349.9539 -9.9489 0.0000 0.0000
6910.03 20.07.2018 00.10.01 24.93813 285.7580 -290.6541 -0.6106 -0.6106 0.0000 0.0000 0.0000 315.1001 349.0757 -9.7444 0.0000 0.0000
6920.03 20.07.2018 00.20.01 24.83709 285.6095 -293.6850 -0.6170 -0.6170 0.0000 0.0000 0.0000 314.0992 348.2126 -9.5461 0.0000 0.0000
6930.03 20.07.2018 00.30.01 24.73507 285.4606 -296.1963 -0.6223 -0.6223 0.0000 0.0000 0.0000 313.0972 347.3579 -9.3703 0.0000 0.0000
6940.03 20.07.2018 00.40.01 24.63226 285.3110 -298.5208 -0.6271 -0.6271 0.0000 0.0000 0.0000 312.1082 346.5189 -9.1999 0.0000 0.0000
6950.03 20.07.2018 00.50.01 24.52871 285.1596 -300.9092 -0.6322 -0.6322 0.0000 0.0000 0.0000 311.1266 345.6880 -9.0463 0.0000 0.0000
6960.03 20.07.2018 01.00.01 24.42434 285.0066 -302.9778 -0.6365 -0.6365 0.0000 0.0000 0.0000 310.1675 344.8653 -8.9171 0.0000 0.0000
6970.03 20.07.2018 01.10.01 24.31915 284.8521 -304.8406 -0.6404 -0.6404 0.0000 0.0000 0.0000 309.5627 344.1210 -8.8257 0.0000 0.0000
6980.03 20.07.2018 01.20.01 24.21337 284.7003 -306.6796 -0.6443 -0.6443 0.0000 0.0000 0.0000 308.9880 343.4004 -8.7645 0.0000 0.0000
6990.03 20.07.2018 01.30.01 24.10714 284.5514 -308.7375 -0.6486 -0.6486 0.0000 0.0000 0.0000 308.4598 342.7094 -8.7135 0.0000 0.0000
7000.03 20.07.2018 01.40.01 24.00002 284.4020 -310.0787 -0.6514 -0.6514 0.0000 0.0000 0.0000 307.9532 342.0289 -8.7000 0.0000 0.0000
7010.03 20.07.2018 01.50.01 23.89254 284.2545 -311.6337 -0.6547 -0.6547 0.0000 0.0000 0.0000 307.4702 341.3715 -8.6825 0.0000 0.0000
7020.03 20.07.2018 02.00.01 23.78451 284.1074 -313.0619 -0.6577 -0.6577 0.0000 0.0004 0.0002 306.9771 340.7175 -8.6835 0.0000 0.0000
7030.03 20.07.2018 02.10.01 23.67596 283.9749 -313.1708 -0.6579 -0.6604 0.0033 0.2243 0.1248 306.8415 340.1301 -8.7984 0.0000 0.0000
7040.03 20.07.2018 02.20.01 23.56725 283.8441 -313.7571 -0.6592 -0.6646 0.0073 0.4824 0.2694 306.7054 339.5693 -8.9605 0.0000 0.0000
7050.03 20.07.2018 02.30.01 23.45837 283.7138 -314.8004 -0.6613 -0.6699 0.0114 0.7456 0.4169 306.5510 339.0202 -9.1475 0.0000 0.0000
7060.03 20.07.2018 02.40.01 23.34905 283.5818 -315.6976 -0.6632 -0.6748 0.0155 1.0097 0.5650 306.3878 338.4762 -9.3748 0.0000 0.0000
7070.03 20.07.2018 02.50.01 23.23943 283.4493 -316.6847 -0.6653 -0.6800 0.0196 1.2741 0.7132 306.2333 337.9455 -9.6185 0.0000 0.0000
7080.03 20.07.2018 03.00.01 23.12957 283.3170 -317.7349 -0.6675 -0.6853 0.0238 1.5432 0.8641 306.0917 337.4220 -9.8969 0.0000 0.0000
7090.03 20.07.2018 03.10.01 23.01940 283.3739 -303.1600 -0.6369 -0.6893 0.0699 4.6751 2.6079 305.7648 337.4153 -9.3262 0.0000 0.0000
7100.03 20.07.2018 03.20.01 22.91290 283.4346 -292.6947 -0.6149 -0.7086 0.1250 8.2462 4.6084 305.5709 337.5681 -9.0018 0.0000 0.0000
7110.03 20.07.2018 03.30.01 22.80908 283.4960 -286.5807 -0.6021 -0.7381 0.1814 11.8807 6.6460 305.4449 337.7939 -8.8506 0.0000 0.0000
7120.03 20.07.2018 03.40.01 22.70693 283.5598 -282.6231 -0.5937 -0.7724 0.2382 15.5283 8.6912 305.3754 338.0959 -8.7819 0.0000 0.0000
7130.03 20.07.2018 03.50.01 22.60598 283.6249 -279.6217 -0.5874 -0.8087 0.2950 19.1781 10.7376 305.3385 338.4516 -8.7950 0.0000 0.0000
7140.03 20.07.2018 04.00.01 22.50601 283.6922 -276.8523 -0.5816 -0.8455 0.3518 22.8278 12.7841 305.3084 338.8393 -8.8958 0.0000 0.0000
7150.03 20.07.2018 04.10.01 22.40698 284.0425 -275.3258 -0.5784 -0.8818 0.4046 26.2025 14.6775 305.7173 339.6890 -7.4912 0.0000 0.0000
7160.03 20.07.2018 04.20.01 22.30880 284.3942 -272.4871 -0.5725 -0.9148 0.4565 29.5351 16.5463 306.1824 340.6214 -6.2542 0.0000 0.0000
7170.03 20.07.2018 04.30.01 22.21179 284.7467 -268.6653 -0.5644 -0.9456 0.5083 32.8615 18.4115 306.7166 341.6322 -5.1516 0.0000 0.0000
7180.03 20.07.2018 04.40.01 22.11620 285.0999 -264.0695 -0.5548 -0.9748 0.5600 36.1867 20.2759 307.2994 342.7114 -4.1570 0.0000 0.0000
7190.03 20.07.2018 04.50.01 22.02230 285.4513 -259.0189 -0.5442 -1.0030 0.6117 39.5117 22.1403 307.9433 343.8522 -3.2660 0.0000 0.0000
