# simtime date time IndoorTemp Av_Tair_at_facade Energyflux.toIndoor.sum  Energyflux.toIndoor.average Energyflux.Conduction.average Energyflux.SW.transmission.average Shortwave.availabe Shortwave.absorbed Longwave.available Longwave.emittedFacade Sensible.outside Vapour.fromGreening Vapour.fromSubstrate
10.02 15.07.2018 05.10.00 19.88854 288.8196 101.2215 0.2876 -0.3216 0.8122 233.4175 117.9750 324.1263 369.8794 -13.2660 0.0000 0.0000
20.02 15.07.2018 05.20.00 19.91012 289.4463 133.2982 0.3787 -0.5888 1.2900 414.3004 209.3920 326.9049 382.0376 -23.4733 0.0000 0.0000
30.03 15.07.2018 05.30.01 19.94433 290.2353 180.7391 0.5135 -0.8671 1.8407 616.9966 313.8489 331.1996 401.9222 -41.7136 0.0000 0.0000
40.03 15.07.2018 05.40.01 20.02499 291.0773 1943.0499 5.5200 -1.2930 9.0841 602.6855 303.6462 336.1545 418.1569 -55.1529 0.0000 0.0000
50.03 15.07.2018 05.50.01 20.61639 291.5321 1240.8546 3.5252 -4.1095 10.1795 603.9971 307.6266 338.7532 432.3178 -71.0149 0.0000 0.0000
60.03 15.07.2018 06.00.01 21.00216 291.9430 629.8007 1.7892 -5.7614 10.0675 575.3122 294.5352 340.5690 440.7256 -81.7196 0.0000 0.0000
70.03 15.07.2018 06.10.01 21.20019 292.1931 -155.7520 -0.4425 -6.4397 7.9963 537.4021 275.1438 342.0283 443.1830 -85.6707 0.0000 0.0000
80.03 15.07.2018 06.20.01 21.16293 292.4576 -468.5431 -1.3311 -5.9781 6.1959 504.0379 258.2536 343.9319 444.8917 -88.6372 0.0000 0.0000
90.03 15.07.2018 06.30.01 21.02902 292.7646 -595.2194 -1.6910 -5.0983 4.5431 471.6567 241.8394 345.7071 445.4700 -89.7571 0.0000 0.0000
100.03 15.07.2018 06.40.01 20.85433 293.0921 -622.7749 -1.7692 -4.0769 3.0769 447.4322 229.4674 347.5295 445.4864 -89.2434 0.0000 0.0000
110.03 15.07.2018 06.50.01 20.67263 293.4455 -373.9076 -1.0622 -3.0700 2.6770 454.1242 234.8428 349.4639 449.1151 -92.8228 0.0000 0.0000
120.03 15.07.2018 07.00.01 20.56576 293.7794 -133.8737 -0.3803 -2.4579 2.7702 451.8574 234.4473 351.4819 451.0565 -94.5607 0.0000 0.0000
130.03 15.07.2018 07.10.01 20.53076 294.1661 -31.8487 -0.0905 -2.1963 2.8077 452.1689 235.2504 353.4203 453.7455 -88.6791 0.0000 0.0000
140.03 15.07.2018 07.20.01 20.52773 294.5572 34.3852 0.0977 -2.0704 2.8907 513.7730 272.7911 355.4644 466.3987 -92.2332 0.0000 0.0000
150.03 15.07.2018 07.30.01 20.54608 295.0113 69.9712 0.1988 -2.0238 2.9634 521.6666 278.1020 357.6181 471.4855 -90.6763 0.0000 0.0000
160.03 15.07.2018 07.40.01 20.57678 295.4154 100.8999 0.2866 -2.0105 3.0629 535.6642 286.8557 359.7837 477.0977 -90.6085 0.0000 0.0000
170.03 15.07.2018 07.50.01 20.61831 295.8280 118.1161 0.3356 -2.0218 3.1431 543.2150 291.7570 361.8955 481.8837 -90.2627 0.0000 0.0000
180.03 15.07.2018 08.00.01 20.66668 296.2183 124.1042 0.3526 -2.0365 3.1854 545.8309 293.7246 363.8717 485.8046 -89.8238 0.0000 0.0000
190.03 15.07.2018 08.10.01 20.71874 296.6516 154.3564 0.4385 -2.0397 3.3043 549.7996 296.4789 366.2952 491.0197 -84.7785 0.0000 0.0000
200.03 15.07.2018 08.20.01 20.78158 297.0764 165.3799 0.4698 -2.0650 3.3798 552.0176 298.2296 368.5203 495.1295 -88.6013 0.0000 0.0000
210.03 15.07.2018 08.30.01 20.84973 297.2685 186.1082 0.5287 -2.0813 3.4800 553.9870 299.8016 370.8450 497.8366 -96.8012 0.0000 0.0000
220.03 15.07.2018 08.40.01 20.92620 297.5177 196.3515 0.5578 -2.1000 3.5437 556.8466 301.7942 373.0512 500.6455 -98.6825 0.0000 0.0000
230.03 15.07.2018 08.50.01 21.00784 297.7391 209.7000 0.5957 -2.1085 3.6057 559.0336 303.3864 375.1805 503.0210 -101.3226 0.0000 0.0000
240.03 15.07.2018 09.00.01 21.09554 297.5417 228.6847 0.6497 -2.1138 3.6847 560.2559 304.3833 377.2769 504.4276 -105.9509 0.0000 0.0000
250.03 15.07.2018 09.10.01 21.19064 297.8497 238.3565 0.6771 -2.1223 3.7325 557.0469 302.9046 379.0048 507.5288 -88.4515 0.0000 0.0000
260.03 15.07.2018 09.20.01 21.29162 299.1764 268.1874 0.7619 -2.1123 3.8323 554.7148 301.9173 380.6103 509.5847 -89.8227 0.0000 0.0000
270.03 15.07.2018 09.30.01 21.40438 298.6360 303.2223 0.8614 -2.1137 3.9668 552.4749 300.9477 381.7415 507.3923 -110.0276 0.0000 0.0000
280.03 15.07.2018 09.40.01 21.52999 298.5782 323.2614 0.9184 -2.1389 4.0763 551.6920 300.7280 383.5861 508.2640 -111.4841 0.0000 0.0000
290.03 15.07.2018 09.50.01 21.66296 298.5313 339.4816 0.9644 -2.1784 4.1905 550.4227 300.2119 385.5669 507.9544 -117.0163 0.0000 0.0000
300.03 15.07.2018 10.00.01 21.80215 298.4748 351.5681 0.9988 -2.2236 4.2965 547.7235 298.8468 386.7670 505.5847 -126.5528 0.0000 0.0000
310.03 15.07.2018 10.10.01 21.94619 298.7127 327.9249 0.9316 -2.2616 4.2576 546.7885 298.4596 387.5982 506.0156 -122.9520 0.0000 0.0000
320.03 15.07.2018 10.20.01 22.08502 299.0393 336.8347 0.9569 -2.2448 4.2689 546.6651 298.5124 388.8757 507.0800 -119.9761 0.0000 0.0000
330.03 15.07.2018 10.30.01 22.22796 299.3731 335.4849 0.9531 -2.2201 4.2310 544.7955 297.5630 389.9345 507.9442 -117.8136 0.0000 0.0000
340.03 15.07.2018 10.40.01 22.37206 299.6440 344.0233 0.9773 -2.1756 4.2039 544.0670 297.2242 391.0104 509.6189 -112.3758 0.0000 0.0000
350.03 15.07.2018 10.50.01 22.52038 299.9250 354.1231 1.0060 -2.1226 4.1715 542.7174 296.5172 391.9255 510.4338 -112.7776 0.0000 0.0000
360.03 15.07.2018 11.00.01 22.67300 300.1628 366.6336 1.0416 -2.0699 4.1486 540.4554 295.2554 392.7259 510.7925 -113.9481 0.0000 0.0000
370.03 15.07.2018 11.10.01 22.83026 300.2530 377.3418 1.0720 -2.0261 4.1307 534.9763 292.2404 393.6046 511.2816 -112.6746 0.0000 0.0000
380.03 15.07.2018 11.20.01 22.99111 300.3569 383.5464 1.0896 -1.9943 4.1119 529.0527 288.9608 394.4678 511.5881 -111.5332 0.0000 0.0000
390.03 15.07.2018 11.30.01 23.15408 300.4359 386.9264 1.0992 -1.9682 4.0899 522.6117 285.3730 395.2577 511.6247 -110.6328 0.0000 0.0000
400.03 15.07.2018 11.40.01 23.31820 300.3738 383.1194 1.0884 -1.9449 4.0443 516.5469 281.9511 395.7233 510.3812 -112.8510 0.0000 0.0000
410.03 15.07.2018 11.50.01 23.48135 300.3555 386.3955 1.0977 -1.9154 4.0175 510.6889 278.6430 396.1437 509.8439 -111.7747 0.0000 0.0000
420.03 15.07.2018 12.00.01 23.64541 300.3843 383.5702 1.0897 -1.8885 3.9709 503.0803 274.2956 396.5008 509.0184 -110.7070 0.0000 0.0000
430.03 15.07.2018 12.10.01 23.80892 300.6894 393.5079 1.1179 -1.8569 3.9664 494.2326 269.3002 397.0314 509.9454 -103.5472 0.0000 0.0000
440.03 15.07.2018 12.20.01 23.97567 301.1107 399.1811 1.1340 -1.8350 3.9587 486.2162 264.8072 397.4029 510.7267 -99.1562 0.0000 0.0000
450.03 15.07.2018 12.30.01 24.14483 301.2013 402.3702 1.1431 -1.8132 3.9417 478.6166 260.5656 397.2963 509.1025 -103.3312 0.0000 0.0000
460.03 15.07.2018 12.40.01 24.31515 301.3031 405.6287 1.1524 -1.7935 3.9278 471.8972 256.7733 397.1705 508.0577 -101.7820 0.0000 0.0000
470.03 15.07.2018 12.50.01 24.48675 301.3924 431.1879 1.2250 -1.7822 4.0095 467.6501 254.3928 397.4681 507.2752 -102.4821 0.0000 0.0000
480.03 15.07.2018 13.00.01 24.66558 301.4788 422.7541 1.2010 -1.8086 4.0128 460.0392 250.0476 397.5150 505.8704 -103.0771 0.0000 0.0000
490.03 15.07.2018 13.10.01 24.84136 301.5209 405.6356 1.1524 -1.8263 3.9716 449.5665 244.2011 397.4319 505.0980 -99.3341 0.0000 0.0000
500.03 15.07.2018 13.20.01 25.01171 301.5735 382.9143 1.0878 -1.8293 3.8894 437.6465 237.5162 397.2702 504.0558 -95.1879 0.0000 0.0000
510.03 15.07.2018 13.30.01 25.17407 301.5948 365.0043 1.0369 -1.8078 3.7929 390.1321 212.9929 396.9828 501.7371 -90.1977 0.0000 0.0000
520.03 15.07.2018 13.40.01 25.33010 301.6128 350.9369 0.9970 -1.7707 3.6902 378.7121 206.5249 396.5957 498.9792 -84.9603 0.0000 0.0000
530.03 15.07.2018 13.50.01 25.48110 301.6360 347.4204 0.9870 -1.7250 3.6160 367.9051 200.4012 396.3047 496.9152 -80.5903 0.0000 0.0000
540.03 15.07.2018 14.00.01 25.63000 301.6582 335.7942 0.9540 -1.6853 3.5190 355.6460 193.4229 395.9087 494.6776 -76.2803 0.0000 0.0000
550.03 15.07.2018 14.10.01 25.77471 301.7333 352.3219 1.0009 -1.6413 3.5230 313.9038 170.0292 396.2043 490.4576 -65.5785 0.0000 0.0000
560.03 15.07.2018 14.20.01 25.92312 301.7353 330.6154 0.9392 -1.6298 3.4253 294.4076 159.2377 395.9833 487.7539 -58.3196 0.0000 0.0000
570.03 15.07.2018 14.30.01 26.06451 301.7855 326.3405 0.9271 -1.5994 3.3686 276.3964 149.3020 395.8617 485.2361 -52.8451 0.0000 0.0000
580.03 15.07.2018 14.40.01 26.20376 301.8552 334.5925 0.9505 -1.5745 3.3667 259.7227 140.1650 396.0097 482.8738 -48.1537 0.0000 0.0000
590.03 15.07.2018 14.50.01 26.34472 301.8724 317.1569 0.9010 -1.5742 3.3003 241.6267 130.2213 395.8894 479.9991 -44.1176 0.0000 0.0000
600.03 15.07.2018 15.00.01 26.47927 301.8679 304.5290 0.8651 -1.5605 3.2342 223.9042 120.5044 395.5591 476.9204 -40.7595 0.0000 0.0000
610.03 15.07.2018 15.10.01 26.60824 301.8447 283.9501 0.8067 -1.5439 3.1341 212.9191 114.3794 394.6235 473.9784 -39.2817 0.0000 0.0000
620.03 15.07.2018 15.20.01 26.73010 301.9441 282.6316 0.8029 -1.5112 3.0855 202.6172 108.6194 393.8875 471.0032 -38.7712 0.0000 0.0000
630.03 15.07.2018 15.30.01 26.85018 301.7685 275.1736 0.7817 -1.4920 3.0317 190.4789 101.7617 393.0785 467.1168 -39.8890 0.0000 0.0000
640.03 15.07.2018 15.40.01 26.96685 301.5330 276.5497 0.7857 -1.4775 3.0175 182.6398 97.4912 392.2924 463.7390 -41.8182 0.0000 0.0000
650.03 15.07.2018 15.50.01 27.08264 301.3001 264.9739 0.7528 -1.4807 2.9780 173.0115 92.1625 391.4060 459.9551 -43.1536 0.0000 0.0000
660.03 15.07.2018 16.00.01 27.19348 300.9962 253.7774 0.7210 -1.4827 2.9382 165.1727 87.9099 390.3566 456.3085 -44.3241 0.0000 0.0000
670.03 15.07.2018 16.10.01 27.29925 300.7710 198.4508 0.5638 -1.4869 2.7342 154.9410 82.2688 388.0508 452.6459 -40.5763 0.0000 0.0000
680.03 15.07.2018 16.20.01 27.38699 300.5734 164.4242 0.4671 -1.4316 2.5316 144.9115 76.7528 385.6735 449.0581 -37.7427 0.0000 0.0000
690.03 15.07.2018 16.30.01 27.46273 300.4045 154.9820 0.4403 -1.3504 2.3876 136.7870 72.3337 383.4361 445.8288 -35.5760 0.0000 0.0000
700.03 15.07.2018 16.40.01 27.53414 300.2581 205.1385 0.5828 -1.2789 2.4823 115.5600 61.4738 381.1713 442.6676 -33.2458 0.0000 0.0000
710.03 15.07.2018 16.50.01 27.61859 300.1561 220.9812 0.6278 -1.3031 2.5746 110.6672 58.7826 378.9599 439.4164 -30.7015 0.0000 0.0000
720.03 15.07.2018 17.00.01 27.70614 299.9692 216.7404 0.6157 -1.3685 2.6456 105.0764 55.6891 376.6191 436.3011 -28.8585 0.0000 0.0000
730.03 15.07.2018 17.10.01 27.79110 299.6995 219.5731 0.6238 -1.4445 2.7578 101.7272 53.8561 374.7999 433.6071 -27.4874 0.0000 0.0000
740.03 15.07.2018 17.20.01 27.87548 299.4364 210.5083 0.5980 -1.5411 2.8522 98.1906 51.9218 373.0358 431.0379 -26.1962 0.0000 0.0000
750.03 15.07.2018 17.30.01 27.95580 299.1777 194.3301 0.5521 -1.6403 2.9231 94.3007 49.7930 371.2803 428.5284 -24.9233 0.0000 0.0000
760.03 15.07.2018 17.40.01 28.02999 298.9243 172.6973 0.4906 -1.7319 2.9634 92.4683 48.7078 369.5736 426.1589 -23.7542 0.0000 0.0000
770.03 15.07.2018 17.50.01 28.09634 298.6710 146.7137 0.4168 -1.8081 2.9665 80.0768 42.3104 367.8484 423.6342 -22.2817 0.0000 0.0000
780.03 15.07.2018 18.00.01 28.15347 298.4157 122.8275 0.3489 -1.8633 2.9497 75.1887 39.6642 366.0841 421.0012 -20.5831 0.0000 0.0000
790.03 15.07.2018 18.10.01 28.20172 297.8785 68.5196 0.1947 -1.9032 2.7971 67.7623 35.7017 364.2946 417.9954 -20.1699 0.0000 0.0000
800.03 15.07.2018 18.20.01 28.23098 297.3386 -103.6275 -0.2944 -1.8883 2.1252 55.3099 29.1193 362.3691 414.4153 -18.6820 0.0000 0.0000
810.03 15.07.2018 18.30.01 28.20678 296.7950 -191.2969 -0.5435 -1.6489 1.4739 42.8485 22.8109 360.3829 411.0348 -17.6380 0.0000 0.0000
820.03 15.07.2018 18.40.01 28.15438 296.2568 -156.5471 -0.4447 -1.3149 1.1602 29.6885 15.6094 358.4187 407.2248 -15.5992 0.0000 0.0000
830.03 15.07.2018 18.50.01 28.10864 295.7145 -267.5380 -0.7601 -1.0632 0.4041 19.2140 10.3572 356.3885 403.7571 -14.3146 0.0000 0.0000
840.03 15.07.2018 19.00.01 28.02874 295.1729 -165.0552 -0.4689 -0.6785 0.2795 10.9767 5.9544 354.3539 400.4226 -13.2544 0.0000 0.0000
850.03 15.07.2018 19.10.01 27.97686 294.5253 -116.0999 -0.3298 -0.4732 0.1911 7.9300 4.2645 352.4166 397.2780 -12.9568 0.0000 0.0000
860.03 15.07.2018 19.20.01 27.93786 293.8944 -87.7586 -0.2493 -0.3605 0.1483 6.4790 3.4724 350.6872 394.4972 -13.0668 0.0000 0.0000
870.03 15.07.2018 19.30.01 27.90582 293.2820 -77.4315 -0.2200 -0.3056 0.1142 5.0949 2.7259 349.0556 391.8924 -13.2550 0.0000 0.0000
880.03 15.07.2018 19.40.01 27.87567 292.6680 -77.1188 -0.2191 -0.2803 0.0816 3.5987 1.9253 347.4864 389.4143 -13.3938 0.0000 0.0000
890.03 15.07.2018 19.50.01 27.84451 292.0591 -82.1499 -0.2334 -0.2690 0.0474 1.7691 0.9567 345.9446 387.0150 -13.5716 0.0000 0.0000
900.03 15.07.2018 20.00.01 27.81057 291.4595 -88.9147 -0.2526 -0.2625 0.0132 0.3169 0.1768 344.4153 384.6902 -13.7673 0.0000 0.0000
910.03 15.07.2018 20.10.01 27.77386 291.0375 -90.9862 -0.2585 -0.2603 0.0024 0.0569 0.0317 342.8602 382.6770 -13.3846 0.0000 0.0000
920.03 15.07.2018 20.20.01 27.73541 290.5963 -93.5405 -0.2657 -0.2661 0.0004 0.0103 0.0058 341.3748 380.7621 -13.2881 0.0000 0.0000
930.03 15.07.2018 20.30.01 27.69521 290.1397 -98.7250 -0.2805 -0.2805 0.0001 0.0019 0.0010 339.9192 378.8891 -13.4073 0.0000 0.0000
940.03 15.07.2018 20.40.01 27.65249 289.7290 -105.1601 -0.2988 -0.2988 0.0000 0.0003 0.0002 338.4906 377.1376 -13.3209 0.0000 0.0000
950.03 15.07.2018 20.50.01 27.60693 289.2721 -112.2726 -0.3190 -0.3190 0.0000 0.0001 0.0000 337.0632 375.3914 -13.4967 0.0000 0.0000
960.03 15.07.2018 21.00.01 27.55834 288.8149 -119.8576 -0.3405 -0.3405 0.0000 0.0000 0.0000 335.6319 373.6843 -13.7400 0.0000 0.0000
970.03 15.07.2018 21.10.01 27.50652 288.5709 -127.6265 -0.3626 -0.3626 0.0000 0.0000 0.0000 334.2974 372.3304 -12.3793 0.0000 0.0000
980.03 15.07.2018 21.20.01 27.45162 288.1865 -134.4562 -0.3820 -0.3820 0.0000 0.0000 0.0000 332.7003 370.7009 -13.2027 0.0000 0.0000
990.03 15.07.2018 21.30.01 27.39376 287.8616 -141.9964 -0.4034 -0.4034 0.0000 0.0000 0.0000 331.7793 368.8898 -15.5619 0.0000 0.0000
1000.03 15.07.2018 21.40.01 27.33257 287.9840 -149.8842 -0.4258 -0.4258 0.0000 0.0000 0.0000 330.9196 368.1950 -12.1566 0.0000 0.0000
1010.03 15.07.2018 21.50.01 27.26837 287.4358 -157.3200 -0.4469 -0.4469 0.0000 0.0000 0.0000 329.4783 366.4682 -13.7557 0.0000 0.0000
1020.03 15.07.2018 22.00.01 27.20013 287.2613 -168.1109 -0.4776 -0.4776 0.0000 0.0000 0.0000 328.4382 365.1237 -14.5331 0.0000 0.0000
1030.03 15.07.2018 22.10.01 27.12792 287.0692 -176.2429 -0.5007 -0.5007 0.0000 0.0000 0.0000 327.6843 363.9456 -14.2127 0.0000 0.0000
1040.03 15.07.2018 22.20.01 27.05261 286.7252 -183.3920 -0.5210 -0.5210 0.0000 0.0000 0.0000 326.9259 362.6573 -14.6315 0.0000 0.0000
1050.03 15.07.2018 22.30.01 26.97442 286.5627 -189.7376 -0.5390 -0.5390 0.0000 0.0000 0.0000 326.2120 361.5803 -14.3512 0.0000 0.0000
1060.03 15.07.2018 22.40.01 26.89376 286.4034 -195.2528 -0.5547 -0.5547 0.0000 0.0000 0.0000 325.5271 360.5459 -14.1303 0.0000 0.0000
1070.03 15.07.2018 22.50.01 26.81094 286.2376 -200.1944 -0.5687 -0.5687 0.0000 0.0000 0.0000 324.8582 359.5339 -14.0057 0.0000 0.0000
1080.03 15.07.2018 23.00.01 26.72610 286.0886 -204.6983 -0.5815 -0.5815 0.0000 0.0000 0.0000 324.1996 358.5640 -13.8804 0.0000 0.0000
1090.03 15.07.2018 23.10.01 26.63946 286.0028 -209.0266 -0.5938 -0.5938 0.0000 0.0000 0.0000 323.7265 357.6192 -13.5774 0.0000 0.0000
1100.03 15.07.2018 23.20.01 26.55102 285.8833 -213.3039 -0.6060 -0.6060 0.0000 0.0000 0.0000 323.2221 356.6628 -14.0614 0.0000 0.0000
1110.03 15.07.2018 23.30.01 26.46084 285.6142 -216.7843 -0.6159 -0.6159 0.0000 0.0000 0.0000 322.6080 355.3918 -15.6612 0.0000 0.0000
1120.03 15.07.2018 23.40.01 26.36944 285.7445 -218.7425 -0.6214 -0.6214 0.0000 0.0000 0.0000 322.2058 355.3245 -12.1192 0.0000 0.0000
1130.03 15.07.2018 23.50.01 26.27825 285.9723 -216.1118 -0.6140 -0.6140 0.0000 0.0000 0.0000 321.8447 355.1121 -9.9337 0.0000 0.0000
1140.03 16.07.2018 00.00.01 26.18838 285.8378 -213.8603 -0.6076 -0.6076 0.0000 0.0000 0.0000 321.2197 354.2710 -10.7329 0.0000 0.0000
1150.03 16.07.2018 00.10.01 26.09838 285.8237 -216.0751 -0.6138 -0.6138 0.0000 0.0000 0.0000 320.8145 353.7393 -10.2050 0.0000 0.0000
1160.03 16.07.2018 00.20.01 26.00729 285.8319 -218.7473 -0.6214 -0.6214 0.0000 0.0000 0.0000 320.5024 353.2668 -9.6671 0.0000 0.0000
1170.03 16.07.2018 00.30.01 25.91509 285.8311 -221.1111 -0.6282 -0.6282 0.0000 0.0000 0.0000 320.2192 352.8131 -9.2189 0.0000 0.0000
1180.03 16.07.2018 00.40.01 25.82198 285.8231 -223.1459 -0.6339 -0.6339 0.0000 0.0000 0.0000 319.9559 352.3810 -8.8097 0.0000 0.0000
1190.03 16.07.2018 00.50.01 25.72805 285.8051 -224.8906 -0.6389 -0.6389 0.0000 0.0000 0.0000 319.7087 351.9535 -8.4716 0.0000 0.0000
1200.03 16.07.2018 01.00.01 25.63348 285.7819 -226.5721 -0.6437 -0.6437 0.0000 0.0000 0.0000 319.4729 351.5261 -8.1687 0.0000 0.0000
1210.03 16.07.2018 01.10.01 25.53826 285.7141 -227.7652 -0.6471 -0.6471 0.0000 0.0000 0.0000 319.1113 351.1311 -7.6414 0.0000 0.0000
1220.03 16.07.2018 01.20.01 25.44296 285.6141 -228.4692 -0.6491 -0.6491 0.0000 0.0000 0.0000 318.7391 350.7018 -7.2575 0.0000 0.0000
1230.03 16.07.2018 01.30.01 25.34744 285.5369 -228.4127 -0.6489 -0.6489 0.0000 0.0000 0.0000 318.3459 350.2976 -6.8612 0.0000 0.0000
1240.03 16.07.2018 01.40.01 25.25219 285.4652 -228.2749 -0.6485 -0.6485 0.0000 0.0000 0.0000 317.9460 349.9280 -6.4519 0.0000 0.0000
1250.03 16.07.2018 01.50.01 25.15695 285.2025 -228.4830 -0.6491 -0.6491 0.0000 0.0000 0.0000 317.5774 349.3323 -7.1185 0.0000 0.0000
1260.03 16.07.2018 02.00.01 25.06082 284.9990 -230.1214 -0.6538 -0.6538 0.0000 0.0005 0.0003 317.1884 348.6946 -7.8154 0.0000 0.0000
1270.03 16.07.2018 02.10.01 24.96392 285.0482 -230.4620 -0.6547 -0.6607 0.0079 0.3272 0.1767 316.8647 348.3156 -7.4052 0.0000 0.0000
1280.03 16.07.2018 02.20.01 24.86691 284.7071 -229.7457 -0.6527 -0.6660 0.0178 0.7036 0.3810 316.3605 347.6235 -8.3558 0.0000 0.0000
1290.03 16.07.2018 02.30.01 24.77014 284.4368 -229.7338 -0.6527 -0.6737 0.0280 1.0881 0.5899 315.9730 346.7497 -10.0035 0.0000 0.0000
1300.03 16.07.2018 02.40.01 24.67297 284.5621 -230.7699 -0.6556 -0.6843 0.0383 1.4740 0.7995 315.7451 346.6195 -8.5238 0.0000 0.0000
1310.03 16.07.2018 02.50.01 24.57549 284.3516 -231.8117 -0.6586 -0.6950 0.0486 1.8603 1.0094 315.2882 346.0555 -8.9249 0.0000 0.0000
1320.03 16.07.2018 03.00.01 24.47732 284.1174 -233.7725 -0.6641 -0.7084 0.0590 2.2495 1.2208 314.8908 345.3174 -10.0846 0.0000 0.0000
1330.03 16.07.2018 03.10.01 24.37856 284.2662 -223.3594 -0.6345 -0.7188 0.1123 4.4114 2.3894 314.8242 345.2691 -9.0591 0.0000 0.0000
1340.03 16.07.2018 03.20.01 24.28332 284.4266 -213.9887 -0.6079 -0.7402 0.1764 6.8440 3.7102 314.9048 345.3932 -8.1879 0.0000 0.0000
1350.03 16.07.2018 03.30.01 24.19131 284.5960 -206.9368 -0.5879 -0.7696 0.2423 9.3200 5.0551 315.0448 345.6211 -7.4089 0.0000 0.0000
1360.03 16.07.2018 03.40.01 24.10183 284.7724 -201.4178 -0.5722 -0.8036 0.3085 11.8045 6.4047 315.2213 345.9319 -6.7101 0.0000 0.0000
1370.03 16.07.2018 03.50.01 24.01446 284.9475 -196.7803 -0.5590 -0.8402 0.3749 14.2904 7.7552 315.4047 346.3006 -6.0982 0.0000 0.0000
1380.03 16.07.2018 04.00.01 23.92892 285.1275 -192.6464 -0.5473 -0.8782 0.4412 16.7762 9.1055 315.6127 346.7283 -5.5353 0.0000 0.0000
1390.03 16.07.2018 04.10.01 23.84515 285.8908 -189.3654 -0.5380 -0.9143 0.5018 19.0279 10.3295 317.1681 347.8549 -3.5071 0.0000 0.0000
1400.03 16.07.2018 04.20.01 23.76342 286.7295 -183.3332 -0.5208 -0.9416 0.5611 21.2438 11.5334 318.8479 349.3011 -0.4337 0.0000 0.0000
1410.03 16.07.2018 04.30.01 23.68472 287.4582 -175.7256 -0.4992 -0.9643 0.6201 23.4540 12.7341 320.5012 350.8777 3.2143 0.0000 0.0000
1420.03 16.07.2018 04.40.01 23.60937 288.2624 -167.1096 -0.4747 -0.9840 0.6790 25.6631 13.9341 322.2728 352.5649 4.2271 0.0000 0.0000
1430.03 16.07.2018 04.50.01 23.53771 289.0708 -158.3792 -0.4499 -1.0034 0.7379 27.8720 15.1340 324.0729 354.2456 5.8575 0.0000 0.0000
1440.03 16.07.2018 05.00.01 23.46972 289.7689 -131.8509 -0.3746 -1.0236 0.8654 31.4904 17.0987 326.2426 356.3706 9.0400 0.0000 0.0000
1450.03 16.07.2018 05.10.01 23.41058 290.3544 -128.5167 -0.3651 -1.0699 0.9397 228.8355 115.8864 328.0717 361.9407 5.3413 0.0000 0.0000
1460.03 16.07.2018 05.20.01 23.35424 291.1859 -25.6211 -0.0728 -1.1072 1.3792 398.0947 200.9899 331.8273 375.0381 -5.2275 0.0000 0.0000
1470.03 16.07.2018 05.30.01 23.33032 292.1722 56.7302 0.1612 -1.2717 1.9105 597.1152 303.9102 336.5995 395.9570 -25.5224 0.0000 0.0000
1480.03 16.07.2018 05.40.01 23.33956 292.8706 952.0251 2.7046 -1.5219 5.6353 578.6788 293.7713 341.8353 413.1270 -45.4296 0.0000 0.0000
1490.03 16.07.2018 05.50.01 23.61962 293.5105 1534.7118 4.3600 -3.0295 9.8526 583.5819 297.4282 344.7865 427.4286 -66.0894 0.0000 0.0000
1500.03 16.07.2018 06.00.01 24.07223 294.1364 703.3267 1.9981 -5.3022 9.7337 555.7479 284.7291 346.9474 435.9007 -80.6565 0.0000 0.0000
1510.03 16.07.2018 06.10.01 24.28167 294.5104 -159.8674 -0.4542 -6.2821 7.7706 520.7939 266.8449 348.6382 439.3299 -81.4441 0.0000 0.0000
1520.03 16.07.2018 06.20.01 24.23647 294.8820 -508.0692 -1.4434 -5.9885 6.0601 490.1500 251.3349 350.7571 442.3722 -81.2747 0.0000 0.0000
1530.03 16.07.2018 06.30.01 24.08578 295.2722 -651.3927 -1.8505 -5.2110 4.4806 460.3400 236.2240 352.7353 444.4144 -80.1412 0.0000 0.0000
1540.03 16.07.2018 06.40.01 23.89019 295.6804 -685.6123 -1.9478 -4.2541 3.0752 437.8378 224.7333 354.7718 445.9401 -77.6159 0.0000 0.0000
1550.03 16.07.2018 06.50.01 23.68417 296.1067 -423.7505 -1.2038 -3.2727 2.7585 446.1745 230.9266 356.8933 451.0667 -79.6922 0.0000 0.0000
1560.03 16.07.2018 07.00.01 23.55535 296.5220 -194.7313 -0.5532 -2.6867 2.8447 444.6048 230.8477 359.0462 454.4388 -79.9506 0.0000 0.0000
1570.03 16.07.2018 07.10.01 23.49505 296.8687 -93.6065 -0.2659 -2.4277 2.8823 445.9389 232.1654 361.2243 457.6963 -78.6015 0.0000 0.0000
1580.03 16.07.2018 07.20.01 23.46642 297.2303 -28.6669 -0.0814 -2.2969 2.9540 506.9618 269.2660 363.4676 470.6283 -84.8389 0.0000 0.0000
1590.03 16.07.2018 07.30.01 23.45904 297.6481 8.7751 0.0249 -2.2378 3.0170 515.8304 275.0703 365.8165 476.1432 -84.8046 0.0000 0.0000
1600.03 16.07.2018 07.40.01 23.46487 298.0293 43.5320 0.1237 -2.2083 3.1093 530.4111 284.1171 368.2119 482.1871 -85.8084 0.0000 0.0000
1610.03 16.07.2018 07.50.01 23.48324 298.4285 63.5353 0.1805 -2.2040 3.1793 538.5558 289.3196 370.5572 487.4925 -85.4332 0.0000 0.0000
1620.03 16.07.2018 08.00.01 23.50970 298.8028 71.1684 0.2022 -2.2020 3.2056 541.6746 291.5393 372.7283 491.9526 -84.5816 0.0000 0.0000
1630.03 16.07.2018 08.10.01 23.54077 298.9911 106.5947 0.3028 -2.1844 3.3163 547.2812 295.1672 374.9787 495.7273 -89.6521 0.0000 0.0000
1640.03 16.07.2018 08.20.01 23.58428 299.1741 119.3829 0.3392 -2.1915 3.3742 550.9321 297.6751 376.9752 498.7477 -94.5958 0.0000 0.0000
1650.03 16.07.2018 08.30.01 23.63406 299.3237 144.5636 0.4107 -2.1903 3.4680 554.7515 300.2466 379.1428 501.4091 -99.5006 0.0000 0.0000
1660.03 16.07.2018 08.40.01 23.69372 299.4999 159.0251 0.4518 -2.1989 3.5342 559.2753 303.1504 381.1722 504.2558 -101.0928 0.0000 0.0000
1670.03 16.07.2018 08.50.01 23.75985 299.6963 174.9764 0.4971 -2.1996 3.5956 563.0693 305.6209 383.1158 506.8506 -103.0931 0.0000 0.0000
1680.03 16.07.2018 09.00.01 23.83303 299.8460 173.1105 0.4918 -2.1966 3.5845 563.3083 306.0100 384.7093 508.6027 -105.0697 0.0000 0.0000
1690.03 16.07.2018 09.10.01 23.90798 299.9314 213.3490 0.6061 -2.1650 3.6948 565.1653 307.3573 386.2756 510.2473 -108.9660 0.0000 0.0000
1700.03 16.07.2018 09.20.01 23.99700 299.9605 242.5112 0.6890 -2.1671 3.8080 566.2928 308.2573 387.7970 511.4898 -112.5967 0.0000 0.0000
1710.03 16.07.2018 09.30.01 24.09683 300.0025 274.0706 0.7786 -2.1846 3.9509 567.4936 309.1711 389.4875 512.0681 -118.4705 0.0000 0.0000
1720.03 16.07.2018 09.40.01 24.20834 300.0536 292.0202 0.8296 -2.2213 4.0679 569.6858 310.5840 390.9254 513.0864 -119.9969 0.0000 0.0000
1730.03 16.07.2018 09.50.01 24.32751 300.1614 311.4435 0.8848 -2.2552 4.1866 571.3454 311.6757 392.3057 514.1123 -121.5594 0.0000 0.0000
1740.03 16.07.2018 10.00.01 24.45477 300.2725 325.7831 0.9255 -2.2897 4.2870 571.1775 311.6880 393.5558 514.8275 -123.1989 0.0000 0.0000
1750.03 16.07.2018 10.10.01 24.58849 300.4716 357.6398 1.0160 -2.3220 4.4507 561.6057 306.5954 395.1794 517.1225 -114.3723 0.0000 0.0000
1760.03 16.07.2018 10.20.01 24.73333 300.7738 382.4268 1.0864 -2.3814 4.6237 551.5505 301.1992 397.0997 519.4442 -107.0386 0.0000 0.0000
1770.03 16.07.2018 10.30.01 24.88732 301.2598 383.0855 1.0883 -2.4525 4.7211 539.0099 294.3827 398.4711 521.2487 -101.2991 0.0000 0.0000
1780.03 16.07.2018 10.40.01 25.04366 301.5235 395.0911 1.1224 -2.4999 4.8298 529.2820 289.0859 399.5170 522.0247 -98.4041 0.0000 0.0000
1790.03 16.07.2018 10.50.01 25.20602 301.7540 410.1966 1.1653 -2.5394 4.9396 519.1189 283.5260 400.4466 522.1626 -97.8401 0.0000 0.0000
1800.03 16.07.2018 11.00.01 25.37438 301.9065 424.7986 1.2068 -2.5851 5.0558 508.1697 277.4878 401.3725 521.6365 -98.4615 0.0000 0.0000
1810.03 16.07.2018 11.10.01 25.54763 301.8417 375.2440 1.0660 -2.6421 4.9442 509.9826 278.4368 402.3278 524.6402 -87.4741 0.0000 0.0000
1820.03 16.07.2018 11.20.01 25.70620 301.5019 364.2114 1.0347 -2.6289 4.8848 512.7696 279.9249 403.0466 523.1010 -100.8168 0.0000 0.0000
1830.03 16.07.2018 11.30.01 25.86151 301.4583 365.2097 1.0375 -2.5953 4.8438 515.5803 281.4103 403.0322 520.8876 -112.7448 0.0000 0.0000
1840.03 16.07.2018 11.40.01 26.01769 301.7425 365.7231 1.0390 -2.5563 4.7938 518.3910 282.8642 403.6764 523.0717 -109.2637 0.0000 0.0000
1850.03 16.07.2018 11.50.01 26.17440 301.8960 369.3073 1.0492 -2.5146 4.7517 520.9998 284.1943 404.5020 524.1675 -114.0044 0.0000 0.0000
1860.03 16.07.2018 12.00.01 26.33251 301.8506 367.8634 1.0451 -2.4728 4.6905 521.7571 284.4265 404.6565 522.5130 -124.8681 0.0000 0.0000
1870.03 16.07.2018 12.10.01 26.49075 301.8960 400.6656 1.1383 -2.4275 4.7544 509.4066 277.5610 404.8279 520.7413 -123.4629 0.0000 0.0000
1880.03 16.07.2018 12.20.01 26.65862 301.9751 400.6130 1.1381 -2.4294 4.7567 496.3697 270.3377 404.7455 518.6477 -121.9632 0.0000 0.0000
1890.03 16.07.2018 12.30.01 26.82635 301.9995 395.7110 1.1242 -2.4308 4.7399 483.5666 263.2671 404.4255 516.2754 -120.7434 0.0000 0.0000
1900.03 16.07.2018 12.40.01 26.99322 302.0289 392.3578 1.1147 -2.4278 4.7233 471.6552 256.6574 404.0248 513.9017 -119.2658 0.0000 0.0000
1910.03 16.07.2018 12.50.01 27.15859 302.0470 414.4193 1.1773 -2.4189 4.7950 462.0992 251.3940 403.9813 511.7743 -118.3617 0.0000 0.0000
1920.03 16.07.2018 13.00.01 27.33041 302.0835 406.0125 1.1534 -2.4418 4.7937 449.5409 244.3806 403.7229 509.0717 -116.8007 0.0000 0.0000
1930.03 16.07.2018 13.10.01 27.49999 302.0079 450.8875 1.2809 -2.4551 4.9813 430.1076 233.7120 403.7473 506.2824 -111.8593 0.0000 0.0000
1940.03 16.07.2018 13.20.01 27.68286 301.9529 453.6578 1.2888 -2.5363 5.1002 408.8588 222.0041 403.4797 503.1590 -106.3818 0.0000 0.0000
1950.03 16.07.2018 13.30.01 27.86636 301.9002 455.0393 1.2927 -2.6233 5.2214 364.2268 198.6586 403.0629 499.3636 -99.8750 0.0000 0.0000
1960.03 16.07.2018 13.40.01 28.05007 301.8180 452.2723 1.2849 -2.7154 5.3336 346.2849 188.6768 402.2963 495.4764 -92.3733 0.0000 0.0000
1970.03 16.07.2018 13.50.01 28.23257 301.7577 449.8134 1.2779 -2.8085 5.4485 328.9017 179.0278 401.7156 491.8185 -87.0786 0.0000 0.0000
1980.03 16.07.2018 14.00.01 28.41384 301.6904 449.0440 1.2757 -2.9047 5.5738 312.1347 169.7398 401.1821 488.2642 -82.3200 0.0000 0.0000
1990.03 16.07.2018 14.10.01 28.59377 301.6253 378.1682 1.0743 -3.0044 5.4383 288.6331 156.5848 400.1194 483.3128 -79.3130 0.0000 0.0000
2000.03 16.07.2018 14.20.01 28.75131 301.5466 342.3243 0.9725 -3.0108 5.3111 277.1084 150.2265 398.9034 479.6277 -76.7928 0.0000 0.0000
2010.03 16.07.2018 14.30.01 28.89715 301.4669 326.3560 0.9271 -2.9822 5.2124 266.4479 144.3593 397.8338 476.2870 -74.2285 0.0000 0.0000
2020.03 16.07.2018 14.40.01 29.03695 301.3527 319.5923 0.9079 -2.9477 5.1409 256.4747 138.8985 396.9371 473.2025 -71.8608 0.0000 0.0000
2030.03 16.07.2018 14.50.01 29.17327 301.2115 301.8690 0.8576 -2.9222 5.0398 245.8216 133.0507 395.9588 470.3056 -68.5901 0.0000 0.0000
2040.03 16.07.2018 15.00.01 29.30276 301.1393 286.9424 0.8152 -2.8885 4.9382 235.2997 127.2830 394.9525 467.5411 -65.3223 0.0000 0.0000
2050.03 16.07.2018 15.10.01 29.42559 301.1117 217.6422 0.6183 -2.8526 4.6279 227.5079 122.8586 393.5346 464.9715 -60.5755 0.0000 0.0000
2060.03 16.07.2018 15.20.01 29.52645 301.0674 186.3278 0.5293 -2.7339 4.3510 219.7181 118.4102 392.3094 462.6999 -55.8072 0.0000 0.0000
2070.03 16.07.2018 15.30.01 29.61620 301.0599 161.9783 0.4602 -2.5916 4.0691 209.7877 112.6813 391.0957 460.1144 -52.0303 0.0000 0.0000
2080.03 16.07.2018 15.40.01 29.69683 301.0375 148.6924 0.4224 -2.4359 3.8111 203.3324 108.9436 390.0252 458.1214 -48.5985 0.0000 0.0000
2090.03 16.07.2018 15.50.01 29.77166 301.0052 131.5380 0.3737 -2.2833 3.5427 194.8321 103.9839 388.9750 455.8483 -45.3758 0.0000 0.0000
2100.03 16.07.2018 16.00.01 29.83947 301.0004 114.8688 0.3263 -2.1273 3.2716 187.1695 99.5320 387.9154 453.7805 -42.3524 0.0000 0.0000
2110.03 16.07.2018 16.10.01 29.90078 300.8665 127.1107 0.3611 -1.9696 3.1077 175.9726 93.4577 386.7898 451.7785 -40.4394 0.0000 0.0000
2120.03 16.07.2018 16.20.01 29.96374 300.7224 113.1364 0.3214 -1.8526 2.8987 163.6697 86.7564 385.3863 449.3495 -38.3243 0.0000 0.0000
2130.03 16.07.2018 16.30.01 30.02081 300.5751 110.3964 0.3136 -1.7374 2.7347 153.3812 81.2294 384.0572 447.1208 -36.3138 0.0000 0.0000
2140.03 16.07.2018 16.40.01 30.07565 300.4109 169.7858 0.4823 -1.6397 2.8294 129.4232 68.9900 382.5787 444.7507 -34.4460 0.0000 0.0000
2150.03 16.07.2018 16.50.01 30.14636 300.2525 183.6412 0.5217 -1.6490 2.8942 122.5771 65.2966 381.0717 442.1273 -31.8796 0.0000 0.0000
2160.03 16.07.2018 17.00.01 30.21978 300.0890 173.0486 0.4916 -1.6955 2.9161 114.8990 61.1365 379.4238 439.6018 -29.7313 0.0000 0.0000
2170.03 16.07.2018 17.10.01 30.28866 299.8748 167.4189 0.4756 -1.7428 2.9579 109.5368 58.2405 377.9383 437.2646 -28.0849 0.0000 0.0000
2180.03 16.07.2018 17.20.01 30.35446 299.6435 153.1546 0.4351 -1.7993 2.9793 104.1348 55.3331 376.4790 434.9744 -26.6457 0.0000 0.0000
2190.03 16.07.2018 17.30.01 30.41451 299.4230 131.3554 0.3732 -1.8520 2.9669 98.3271 52.2070 375.0253 432.6777 -25.1968 0.0000 0.0000
2200.03 16.07.2018 17.40.01 30.46658 299.1943 98.7896 0.2807 -1.8901 2.8944 93.4888 49.5734 373.6158 430.3914 -23.8888 0.0000 0.0000
2210.03 16.07.2018 17.50.01 30.50729 298.9670 62.2297 0.1768 -1.8981 2.7665 80.0804 42.6177 372.1742 427.9039 -22.1416 0.0000 0.0000
2220.03 16.07.2018 18.00.01 30.53558 298.7405 27.4604 0.0780 -1.8717 2.5996 72.5198 38.5835 370.6973 425.2855 -20.1541 0.0000 0.0000
2230.03 16.07.2018 18.10.01 30.55184 298.3372 -1.6708 -0.0047 -1.8148 2.4134 64.4944 34.2713 369.0369 422.5335 -18.5458 0.0000 0.0000
2240.03 16.07.2018 18.20.01 30.55700 297.9417 -116.5778 -0.3312 -1.7371 1.8745 53.6065 28.5086 367.3393 419.4525 -16.5910 0.0000 0.0000
2250.03 16.07.2018 18.30.01 30.52618 297.5526 -175.7063 -0.4992 -1.5140 1.3531 41.9148 22.4545 365.5895 416.4659 -14.7199 0.0000 0.0000
2260.03 16.07.2018 18.40.01 30.47589 297.1772 -152.7059 -0.4338 -1.2306 1.0623 30.1287 16.0196 363.8493 413.1468 -12.5554 0.0000 0.0000
2270.03 16.07.2018 18.50.01 30.42968 296.8051 -228.9507 -0.6504 -1.0067 0.4750 20.2424 10.9512 362.1314 410.1801 -10.6617 0.0000 0.0000
2280.03 16.07.2018 19.00.01 30.35967 296.4211 -160.7193 -0.4566 -0.6964 0.3198 11.6823 6.3611 360.3799 407.1780 -9.4508 0.0000 0.0000
2290.03 16.07.2018 19.10.01 30.30786 295.6994 -120.1414 -0.3413 -0.5123 0.2280 8.8363 4.7800 358.7548 404.3165 -9.7199 0.0000 0.0000
2300.03 16.07.2018 19.20.01 30.26632 294.9884 -97.0091 -0.2756 -0.4094 0.1784 7.0406 3.8042 357.2084 401.6243 -10.6846 0.0000 0.0000
2310.03 16.07.2018 19.30.01 30.22988 294.3154 -91.2656 -0.2593 -0.3617 0.1366 5.4950 2.9642 355.7315 398.9569 -11.7913 0.0000 0.0000
2320.03 16.07.2018 19.40.01 30.19344 293.6234 -94.8121 -0.2694 -0.3414 0.0961 3.8263 2.0646 354.3165 396.3768 -12.7511 0.0000 0.0000
2330.03 16.07.2018 19.50.01 30.15463 292.9314 -103.4762 -0.2940 -0.3351 0.0549 1.9721 1.0715 352.9156 393.8452 -13.7556 0.0000 0.0000
2340.03 16.07.2018 20.00.01 30.11151 292.3160 -113.9623 -0.3238 -0.3340 0.0136 0.3315 0.1853 351.5698 391.4007 -14.7320 0.0000 0.0000
2350.03 16.07.2018 20.10.01 30.06387 292.3714 -117.6745 -0.3343 -0.3361 0.0024 0.0580 0.0323 352.5108 390.0097 -14.3630 0.0000 0.0000
2360.03 16.07.2018 20.20.01 30.01394 292.0335 -121.7556 -0.3459 -0.3462 0.0004 0.0107 0.0060 353.6270 388.3848 -15.7012 0.0000 0.0000
2370.03 16.07.2018 20.30.01 29.96185 291.7696 -127.0505 -0.3609 -0.3610 0.0001 0.0019 0.0011 354.6844 386.9581 -16.7527 0.0000 0.0000
2380.03 16.07.2018 20.40.01 29.90734 291.5707 -133.2095 -0.3784 -0.3784 0.0000 0.0003 0.0002 355.7795 385.7167 -17.6236 0.0000 0.0000
2390.03 16.07.2018 20.50.01 29.85015 291.3828 -139.6509 -0.3967 -0.3967 0.0000 0.0001 0.0000 356.8952 384.5938 -18.5881 0.0000 0.0000
2400.03 16.07.2018 21.00.01 29.79028 291.2012 -146.2029 -0.4153 -0.4153 0.0000 0.0000 0.0000 358.0167 383.5709 -19.5649 0.0000 0.0000
2410.03 16.07.2018 21.10.01 29.72778 291.5582 -151.5955 -0.4307 -0.4307 0.0000 0.0000 0.0000 357.8443 383.4066 -16.3218 0.0000 0.0000
2420.03 16.07.2018 21.20.01 29.66375 291.9396 -154.1236 -0.4379 -0.4379 0.0000 0.0000 0.0000 357.7790 383.4083 -13.3890 0.0000 0.0000
2430.03 16.07.2018 21.30.01 29.59878 292.3345 -154.6350 -0.4393 -0.4393 0.0000 0.0000 0.0000 357.8120 383.5526 -10.5803 0.0000 0.0000
2440.03 16.07.2018 21.40.01 29.53381 292.7354 -154.5517 -0.4391 -0.4391 0.0000 0.0000 0.0000 357.9432 383.8501 -7.7075 0.0000 0.0000
2450.03 16.07.2018 21.50.01 29.46920 293.1536 -154.0750 -0.4377 -0.4377 0.0000 0.0000 0.0000 358.1586 384.2838 -4.7583 0.0000 0.0000
2460.03 16.07.2018 22.00.01 29.40511 293.5801 -153.2243 -0.4353 -0.4353 0.0000 0.0000 0.0000 358.4516 384.8538 -1.7377 0.0000 0.0000
2470.03 16.07.2018 22.10.01 29.34103 293.2883 -152.7850 -0.4340 -0.4340 0.0000 0.0000 0.0000 358.8495 384.6659 -3.3492 0.0000 0.0000
2480.03 16.07.2018 22.20.01 29.27664 293.0681 -154.4952 -0.4389 -0.4389 0.0000 0.0000 0.0000 359.1690 384.4047 -3.8685 0.0000 0.0000
2490.03 16.07.2018 22.30.01 29.21166 292.7161 -154.8010 -0.4398 -0.4398 0.0000 0.0000 0.0000 359.0622 383.4883 -6.4113 0.0000 0.0000
2500.03 16.07.2018 22.40.01 29.14633 292.4987 -157.4107 -0.4472 -0.4472 0.0000 0.0000 0.0000 359.1536 383.2301 -6.6322 0.0000 0.0000
2510.03 16.07.2018 22.50.01 29.07961 292.2557 -161.2038 -0.4580 -0.4580 0.0000 0.0000 0.0000 359.3623 383.0792 -6.4130 0.0000 0.0000
2520.03 16.07.2018 23.00.01 29.01135 291.8511 -164.3242 -0.4668 -0.4668 0.0000 0.0000 0.0000 359.2855 382.3257 -8.5056 0.0000 0.0000
2530.03 16.07.2018 23.10.01 28.94177 291.6366 -168.0768 -0.4775 -0.4775 0.0000 0.0000 0.0000 359.0946 381.7508 -9.0005 0.0000 0.0000
2540.03 16.07.2018 23.20.01 28.87063 291.5441 -171.8069 -0.4881 -0.4881 0.0000 0.0000 0.0000 358.9882 381.2839 -9.1497 0.0000 0.0000
2550.03 16.07.2018 23.30.01 28.79797 291.4560 -174.6859 -0.4963 -0.4963 0.0000 0.0000 0.0000 358.8973 380.8135 -9.3701 0.0000 0.0000
2560.03 16.07.2018 23.40.01 28.72421 291.3680 -177.2259 -0.5035 -0.5035 0.0000 0.0000 0.0000 358.8183 380.3496 -9.5926 0.0000 0.0000
2570.03 16.07.2018 23.50.01 28.64944 291.2816 -179.3905 -0.5096 -0.5096 0.0000 0.0000 0.0000 358.7423 379.8839 -9.8499 0.0000 0.0000
2580.03 17.07.2018 00.00.01 28.57382 291.1980 -181.3340 -0.5152 -0.5152 0.0000 0.0000 0.0000 358.6651 379.4216 -10.1156 0.0000 0.0000
2590.03 17.07.2018 00.10.01 28.49743 291.3075 -182.9710 -0.5198 -0.5198 0.0000 0.0000 0.0000 358.3519 379.1010 -9.5859 0.0000 0.0000
2600.03 17.07.2018 00.20.01 28.42053 291.3826 -184.3973 -0.5239 -0.5239 0.0000 0.0000 0.0000 358.0337 378.7563 -9.2894 0.0000 0.0000
2610.03 17.07.2018 00.30.01 28.34286 291.4582 -185.2681 -0.5263 -0.5263 0.0000 0.0000 0.0000 357.7157 378.4430 -8.9509 0.0000 0.0000
2620.03 17.07.2018 00.40.01 28.26504 291.6331 -186.1859 -0.5289 -0.5289 0.0000 0.0000 0.0000 357.4828 378.3286 -7.8199 0.0000 0.0000
2630.03 17.07.2018 00.50.01 28.18719 291.6112 -186.2415 -0.5291 -0.5291 0.0000 0.0000 0.0000 357.2155 377.9929 -7.7985 0.0000 0.0000
2640.03 17.07.2018 01.00.01 28.10937 291.6501 -185.5368 -0.5271 -0.5271 0.0000 0.0000 0.0000 356.9201 377.7453 -7.3738 0.0000 0.0000
2650.03 17.07.2018 01.10.01 28.03201 291.5507 -183.1157 -0.5202 -0.5202 0.0000 0.0000 0.0000 356.3878 377.7728 -6.0030 0.0000 0.0000
2660.03 17.07.2018 01.20.01 27.95660 291.3801 -176.5120 -0.5015 -0.5015 0.0000 0.0000 0.0000 355.7350 377.2187 -6.7604 0.0000 0.0000
2670.03 17.07.2018 01.30.01 27.88329 291.2420 -175.3817 -0.4982 -0.4982 0.0000 0.0000 0.0000 354.5064 376.1390 -8.7900 0.0000 0.0000
2680.03 17.07.2018 01.40.01 27.80877 291.2142 -180.3284 -0.5123 -0.5123 0.0000 0.0000 0.0000 353.7288 376.1337 -6.7664 0.0000 0.0000
2690.03 17.07.2018 01.50.01 27.73300 291.1218 -180.1332 -0.5117 -0.5117 0.0000 0.0000 0.0000 353.0498 375.9206 -5.8266 0.0000 0.0000
2700.03 17.07.2018 02.00.01 27.65826 290.9669 -176.7697 -0.5022 -0.5022 0.0000 0.0006 0.0003 352.0812 375.4387 -5.6651 0.0000 0.0000
2710.03 17.07.2018 02.10.01 27.58489 290.6643 -171.8882 -0.4883 -0.4952 0.0091 0.3775 0.2038 349.2340 374.4339 -6.4742 0.0000 0.0000
2720.03 17.07.2018 02.20.01 27.51208 290.3714 -173.4586 -0.4928 -0.5082 0.0205 0.8119 0.4397 346.2431 373.0918 -7.7572 0.0000 0.0000
2730.03 17.07.2018 02.30.01 27.43755 290.0888 -179.6757 -0.5104 -0.5347 0.0324 1.2555 0.6806 343.1793 371.6337 -8.8640 0.0000 0.0000
2740.03 17.07.2018 02.40.01 27.36001 289.7810 -186.9923 -0.5312 -0.5644 0.0442 1.7008 0.9226 340.1288 370.2397 -9.1093 0.0000 0.0000
2750.03 17.07.2018 02.50.01 27.27975 289.4821 -192.6585 -0.5473 -0.5894 0.0561 2.1465 1.1647 337.0485 368.7726 -9.4610 0.0000 0.0000
2760.03 17.07.2018 03.00.01 27.19735 289.1667 -197.3819 -0.5607 -0.6118 0.0681 2.5962 1.4089 333.8816 367.1085 -10.4439 0.0000 0.0000
2770.03 17.07.2018 03.10.01 27.11315 289.1369 -186.0108 -0.5284 -0.6316 0.1376 5.4206 2.9355 333.4502 366.5135 -9.5249 0.0000 0.0000
2780.03 17.07.2018 03.20.01 27.03280 289.1140 -174.0420 -0.4944 -0.6606 0.2215 8.6076 4.6659 333.3317 366.1898 -9.0043 0.0000 0.0000
2790.03 17.07.2018 03.30.01 26.95675 289.0943 -164.6031 -0.4676 -0.6985 0.3079 11.8529 6.4287 333.3036 366.0055 -8.6874 0.0000 0.0000
2800.03 17.07.2018 03.40.01 26.88421 289.0677 -157.1507 -0.4465 -0.7425 0.3947 15.1095 8.1977 333.3479 365.9550 -8.4295 0.0000 0.0000
2810.03 17.07.2018 03.50.01 26.81451 289.0569 -150.8387 -0.4285 -0.7898 0.4817 18.3680 9.9679 333.4678 366.0275 -8.2597 0.0000 0.0000
2820.03 17.07.2018 04.00.01 26.74722 289.0590 -145.5232 -0.4134 -0.8399 0.5686 21.6286 11.7391 333.6286 366.1934 -8.1687 0.0000 0.0000
2830.03 17.07.2018 04.10.01 26.68206 289.4239 -134.5718 -0.3823 -0.8921 0.6797 25.8841 14.0476 333.8027 366.8314 -6.7523 0.0000 0.0000
2840.03 17.07.2018 04.20.01 26.62066 289.7968 -125.5537 -0.3567 -0.9543 0.7968 30.2918 16.4416 334.0670 367.6408 -5.5436 0.0000 0.0000
2850.03 17.07.2018 04.30.01 26.56246 290.1720 -118.5465 -0.3368 -1.0230 0.9150 34.7237 18.8492 334.3859 368.5826 -4.4468 0.0000 0.0000
2860.03 17.07.2018 04.40.01 26.50695 290.5499 -112.6573 -0.3200 -1.0951 1.0334 39.1604 21.2593 334.7531 369.6419 -3.4420 0.0000 0.0000
2870.03 17.07.2018 04.50.01 26.45382 290.9295 -107.1034 -0.3043 -1.1681 1.1518 43.5980 23.6700 335.1620 370.8065 -2.4635 0.0000 0.0000
2880.03 17.07.2018 05.00.01 26.40304 291.3118 -93.4967 -0.2656 -1.2411 1.3007 48.6607 26.4196 335.7524 372.1478 -1.6284 0.0000 0.0000
2890.03 17.07.2018 05.10.01 26.35693 291.6833 -100.3800 -0.2852 -1.3250 1.3865 168.8276 86.6374 336.8400 375.7369 -3.8270 0.0000 0.0000
2900.03 17.07.2018 05.20.01 26.31005 292.0855 -34.3276 -0.0975 -1.3886 1.7215 300.9972 153.0964 339.2323 384.2479 -12.3748 0.0000 0.0000
2910.03 17.07.2018 05.30.01 26.28402 292.5083 19.7050 0.0560 -1.5352 2.1216 441.9007 225.9377 342.3078 398.0636 -28.8075 0.0000 0.0000
2920.03 17.07.2018 05.40.01 26.27975 292.9895 653.0465 1.8552 -1.7418 4.7961 444.4939 226.6865 345.6789 410.0070 -40.8337 0.0000 0.0000
2930.03 17.07.2018 05.50.01 26.46719 293.4156 1135.9750 3.2272 -2.8416 8.0917 466.2340 238.5595 347.7389 421.1535 -54.1787 0.0000 0.0000
2940.03 17.07.2018 06.00.01 26.79772 293.8340 591.3408 1.6799 -4.5851 8.3533 466.2973 239.7250 349.3982 429.8825 -61.3055 0.0000 0.0000
2950.03 17.07.2018 06.10.01 26.96902 294.0885 -93.8326 -0.2666 -5.4712 6.9396 445.0829 228.9760 351.0395 434.3503 -62.5661 0.0000 0.0000
2960.03 17.07.2018 06.20.01 26.93850 294.3282 -382.8567 -1.0877 -5.3412 5.6714 426.2239 219.5243 352.8832 438.1820 -63.2116 0.0000 0.0000
2970.03 17.07.2018 06.30.01 26.82076 294.5729 -509.4870 -1.4474 -4.8052 4.4770 407.5832 210.1475 354.5769 441.1622 -63.2570 0.0000 0.0000
2980.03 17.07.2018 06.40.01 26.66366 294.8107 -548.8118 -1.5591 -4.1065 3.3965 393.2050 202.8691 356.3050 443.5248 -63.1206 0.0000 0.0000
2990.03 17.07.2018 06.50.01 26.49487 295.0541 -328.3926 -0.9329 -3.3703 3.2499 404.8238 210.4867 358.0581 448.7738 -67.2218 0.0000 0.0000
3000.03 17.07.2018 07.00.01 26.39092 295.2973 -151.9439 -0.4317 -2.9660 3.3791 407.5880 212.5628 359.8242 452.2743 -70.2104 0.0000 0.0000
3010.03 17.07.2018 07.10.01 26.33984 295.5088 -83.6292 -0.2376 -2.8129 3.4338 411.9807 215.3723 361.1390 454.9395 -74.9758 0.0000 0.0000
3020.03 17.07.2018 07.20.01 26.31039 295.7288 -39.4495 -0.1121 -2.7440 3.5092 466.8018 248.4204 362.3942 465.2716 -85.8485 0.0000 0.0000
3030.03 17.07.2018 07.30.01 26.29550 295.9639 -14.3213 -0.0407 -2.7212 3.5740 478.0795 255.3423 363.6776 469.0552 -91.8444 0.0000 0.0000
3040.03 17.07.2018 07.40.01 26.28970 296.1825 9.0027 0.0256 -2.7157 3.6550 493.1304 264.4554 364.8927 472.8669 -98.5406 0.0000 0.0000
3050.03 17.07.2018 07.50.01 26.29272 296.4028 26.7256 0.0759 -2.7249 3.7344 503.2531 270.6120 366.0784 475.8711 -103.7655 0.0000 0.0000
3060.03 17.07.2018 08.00.01 26.30245 296.6159 31.5834 0.0897 -2.7373 3.7694 508.9186 274.1274 367.0850 477.9708 -108.3207 0.0000 0.0000
3070.03 17.07.2018 08.10.01 26.31548 296.7650 46.3525 0.1317 -2.7356 3.8230 518.3271 279.7156 368.3885 480.3487 -112.5574 0.0000 0.0000
3080.03 17.07.2018 08.20.01 26.33474 296.9031 47.8445 0.1359 -2.7353 3.8282 526.2050 284.4338 369.3995 482.2642 -117.3982 0.0000 0.0000
3090.03 17.07.2018 08.30.01 26.35616 297.0419 65.2523 0.1854 -2.7148 3.8669 534.4995 289.3675 370.5853 484.1723 -122.1949 0.0000 0.0000
3100.03 17.07.2018 08.40.01 26.38448 297.1825 76.4321 0.2171 -2.6977 3.8865 542.2605 293.9896 371.5975 486.0862 -125.4468 0.0000 0.0000
3110.03 17.07.2018 08.50.01 26.41802 297.3161 87.6083 0.2489 -2.6751 3.8986 549.4075 298.2491 372.5275 487.6565 -129.7507 0.0000 0.0000
3120.03 17.07.2018 09.00.01 26.45654 297.4443 81.1480 0.2305 -2.6469 3.8365 553.1151 300.5010 373.2371 488.6824 -133.6167 0.0000 0.0000
3130.03 17.07.2018 09.10.01 26.49566 297.4580 199.1304 0.5657 -2.5899 4.2074 539.4120 293.3965 374.5881 489.6175 -130.2371 0.0000 0.0000
3140.03 17.07.2018 09.20.01 26.57119 297.4609 248.1883 0.7051 -2.6866 4.5222 522.8819 284.6384 375.8334 489.9722 -126.3469 0.0000 0.0000
3150.03 17.07.2018 09.30.01 26.66332 297.4720 282.9252 0.8038 -2.8317 4.8473 505.5441 275.3857 377.1483 489.8143 -123.5120 0.0000 0.0000
3160.03 17.07.2018 09.40.01 26.76769 297.4676 299.9562 0.8521 -3.0033 5.1407 492.6353 268.4736 378.2974 489.7047 -120.8880 0.0000 0.0000
3170.03 17.07.2018 09.50.01 26.87908 297.4583 318.1622 0.9039 -3.1769 5.4410 479.1090 261.1841 379.4933 489.1033 -119.1121 0.0000 0.0000
3180.03 17.07.2018 10.00.01 26.99771 297.4465 333.8933 0.9486 -3.3556 5.7388 464.4035 253.1899 380.5844 487.8344 -118.1230 0.0000 0.0000
3190.03 17.07.2018 10.10.01 27.12213 297.5062 261.5312 0.7430 -3.5365 5.7060 453.9000 247.5322 380.8493 486.5016 -115.3325 0.0000 0.0000
3200.03 17.07.2018 10.20.01 27.22662 297.5677 239.7807 0.6812 -3.5943 5.7006 443.7305 242.0496 381.2484 485.2645 -112.8924 0.0000 0.0000
3210.03 17.07.2018 10.30.01 27.32552 297.6258 220.6511 0.6268 -3.6085 5.6471 431.9589 235.6491 381.3984 483.7700 -110.1237 0.0000 0.0000
3220.03 17.07.2018 10.40.01 27.41961 297.6827 216.8743 0.6161 -3.5862 5.6031 421.9741 230.2173 381.5238 482.3374 -107.7630 0.0000 0.0000
3230.03 17.07.2018 10.50.01 27.51342 297.7387 218.6812 0.6213 -3.5488 5.5601 411.7304 224.6284 381.6378 480.8740 -105.1090 0.0000 0.0000
3240.03 17.07.2018 11.00.01 27.60821 297.7968 221.9949 0.6307 -3.5103 5.5213 401.0123 218.7500 381.7590 479.3716 -102.4381 0.0000 0.0000
3250.03 17.07.2018 11.10.01 27.70431 297.8979 229.1294 0.6509 -3.4722 5.4976 407.1868 222.0656 381.9610 479.4055 -100.5457 0.0000 0.0000
3260.03 17.07.2018 11.20.01 27.80316 298.0113 255.7702 0.7266 -3.4415 5.5575 415.2541 226.4405 382.5626 480.3782 -99.1136 0.0000 0.0000
3270.03 17.07.2018 11.30.01 27.90972 298.1277 276.7921 0.7863 -3.4422 5.6380 423.5260 230.9182 383.3485 481.6339 -98.8884 0.0000 0.0000
3280.03 17.07.2018 11.40.01 28.02352 298.2524 287.0124 0.8154 -3.4709 5.7150 431.6732 235.3076 384.1618 483.1676 -98.7056 0.0000 0.0000
3290.03 17.07.2018 11.50.01 28.14089 298.3830 294.6546 0.8371 -3.5102 5.7964 439.6449 239.5908 384.9860 484.7896 -99.4822 0.0000 0.0000
3300.03 17.07.2018 12.00.01 28.26083 298.5133 296.7360 0.8430 -3.5564 5.8658 446.3592 243.1289 385.8131 486.3369 -100.4806 0.0000 0.0000
3310.03 17.07.2018 12.10.01 28.38174 298.4937 324.2572 0.9212 -3.6045 6.0343 432.4757 235.5017 386.8424 486.2293 -100.2324 0.0000 0.0000
3320.03 17.07.2018 12.20.01 28.51071 298.4634 310.6043 0.8824 -3.6925 6.0999 416.6259 226.7852 387.3937 485.2703 -99.0648 0.0000 0.0000
3330.03 17.07.2018 12.30.01 28.63555 298.4303 297.8347 0.8461 -3.7608 6.1426 400.7761 218.0881 387.7360 483.9149 -97.6795 0.0000 0.0000
3340.03 17.07.2018 12.40.01 28.75643 298.3892 290.4667 0.8252 -3.8122 6.1831 385.6357 209.7694 388.0015 482.2717 -96.2051 0.0000 0.0000
3350.03 17.07.2018 12.50.01 28.87484 298.3545 285.4021 0.8108 -3.8548 6.2208 370.4589 201.4310 388.2071 480.3920 -94.5493 0.0000 0.0000
3360.03 17.07.2018 13.00.01 28.99166 298.3112 294.7271 0.8373 -3.8935 6.3078 356.6032 193.8480 388.5468 478.4771 -93.0965 0.0000 0.0000
3370.03 17.07.2018 13.10.01 29.11044 298.2142 219.8565 0.6246 -3.9458 6.0939 349.8275 190.0525 387.7985 476.0022 -94.6617 0.0000 0.0000
3380.03 17.07.2018 13.20.01 29.20648 298.1175 192.3968 0.5466 -3.8971 5.9249 344.1959 186.9106 387.0726 473.7510 -95.9387 0.0000 0.0000
3390.03 17.07.2018 13.30.01 29.29336 298.0206 176.0307 0.5001 -3.8187 5.7584 323.2627 176.0948 386.3493 471.0575 -96.2614 0.0000 0.0000
3400.03 17.07.2018 13.40.01 29.37438 297.9190 162.5977 0.4619 -3.7275 5.5860 317.3016 172.7546 385.5659 468.2090 -95.9311 0.0000 0.0000
3410.03 17.07.2018 13.50.01 29.45043 297.8132 152.7346 0.4339 -3.6284 5.4164 311.1952 169.3246 384.7728 465.6127 -95.5573 0.0000 0.0000
3420.03 17.07.2018 14.00.01 29.52258 297.7132 145.4337 0.4132 -3.5267 5.2532 304.7751 165.7013 383.9859 463.0537 -94.9681 0.0000 0.0000
3430.03 17.07.2018 14.10.01 29.59127 297.6126 105.5603 0.2999 -3.4262 4.9681 288.3643 156.3566 381.6523 459.2655 -91.3513 0.0000 0.0000
3440.03 17.07.2018 14.20.01 29.64675 297.4876 78.7928 0.2238 -3.2838 4.6768 283.3406 153.4531 379.1079 456.4897 -88.8545 0.0000 0.0000
3450.03 17.07.2018 14.30.01 29.69280 297.3666 66.1017 0.1878 -3.1208 4.4114 278.5071 150.6394 376.6583 453.9155 -86.5243 0.0000 0.0000
3460.03 17.07.2018 14.40.01 29.73358 297.2463 63.4482 0.1803 -2.9571 4.1831 275.3238 148.7114 374.3471 451.6018 -84.5761 0.0000 0.0000
3470.03 17.07.2018 14.50.01 29.77215 297.1350 47.3717 0.1346 -2.8058 3.9205 270.5186 145.8335 371.9508 449.2084 -82.3261 0.0000 0.0000
3480.03 17.07.2018 15.00.01 29.80456 297.0131 32.9873 0.0937 -2.6470 3.6543 264.7133 142.3623 369.5111 446.7506 -79.9744 0.0000 0.0000
3490.03 17.07.2018 15.10.01 29.83163 296.8156 68.2049 0.1938 -2.4864 3.5735 253.5397 136.1636 368.1174 444.5232 -77.3666 0.0000 0.0000
3500.03 17.07.2018 15.20.01 29.86797 296.6132 64.0253 0.1819 -2.3919 3.4318 239.5455 128.3204 366.5863 441.6205 -74.6179 0.0000 0.0000
3510.03 17.07.2018 15.30.01 29.90182 296.4135 49.4256 0.1404 -2.3061 3.2620 225.4136 120.4240 364.8617 438.5600 -71.8676 0.0000 0.0000
3520.03 17.07.2018 15.40.01 29.93011 296.2182 48.9849 0.1392 -2.2142 3.1378 210.6946 112.1561 363.2769 435.3003 -69.1101 0.0000 0.0000
3530.03 17.07.2018 15.50.01 29.95690 296.0219 32.8805 0.0934 -2.1377 2.9748 197.8477 105.0417 361.5783 432.2447 -66.4062 0.0000 0.0000
3540.03 17.07.2018 16.00.01 29.97759 295.8287 23.1172 0.0657 -2.0538 2.8260 184.8883 97.8492 359.8932 429.1290 -63.5418 0.0000 0.0000
3550.03 17.07.2018 16.10.01 29.99395 295.5676 9.8098 0.0279 -1.9734 2.6683 173.8898 91.7882 357.9101 425.9978 -61.5879 0.0000 0.0000
3560.03 17.07.2018 16.20.01 30.00472 295.3059 -1.1571 -0.0033 -1.8933 2.5201 163.9171 86.3364 355.8959 422.9750 -59.5770 0.0000 0.0000
3570.03 17.07.2018 16.30.01 30.01068 295.0480 2.1341 0.0061 -1.8175 2.4315 156.2702 82.2298 354.0930 420.2648 -57.9006 0.0000 0.0000
3580.03 17.07.2018 16.40.01 30.01663 294.7884 82.1208 0.2333 -1.7659 2.6656 131.1775 69.5530 352.2073 417.4052 -56.2986 0.0000 0.0000
3590.03 17.07.2018 16.50.01 30.04482 294.5271 113.3578 0.3220 -1.8481 2.8935 128.1158 67.8955 350.3324 414.3582 -54.2657 0.0000 0.0000
3600.03 17.07.2018 17.00.01 30.08120 294.2664 112.6588 0.3201 -1.9886 3.0782 124.0808 65.6863 348.3452 411.6017 -52.5982 0.0000 0.0000
3610.03 17.07.2018 17.10.01 30.11624 293.9912 90.3562 0.2567 -2.1400 3.1955 118.7908 62.8616 346.7335 408.9735 -50.9134 0.0000 0.0000
3620.03 17.07.2018 17.20.01 30.14349 293.7160 58.9556 0.1675 -2.2713 3.2517 112.5980 59.5422 345.0833 406.3298 -49.0501 0.0000 0.0000
3630.03 17.07.2018 17.30.01 30.16021 293.4413 24.9648 0.0709 -2.3704 3.2550 105.7209 55.8530 343.4015 403.6821 -47.0356 0.0000 0.0000
3640.03 17.07.2018 17.40.01 30.16540 293.1668 -19.8816 -0.0565 -2.4352 3.1716 91.8385 48.6619 341.7520 400.9343 -44.4501 0.0000 0.0000
3650.03 17.07.2018 17.50.01 30.15579 292.8910 -68.0308 -0.1933 -2.4508 3.0100 82.9834 43.9478 340.0562 398.0592 -41.4500 0.0000 0.0000
3660.03 17.07.2018 18.00.01 30.13030 292.6152 -112.0159 -0.3182 -2.4141 2.7945 73.6069 38.9626 338.3241 395.2610 -38.4556 0.0000 0.0000
3670.03 17.07.2018 18.10.01 30.09020 292.2897 -128.4582 -0.3649 -2.3322 2.6230 65.3570 34.5027 337.0777 392.6574 -34.9166 0.0000 0.0000
3680.03 17.07.2018 18.20.01 30.04281 291.9706 -258.1264 -0.7333 -2.2448 2.0153 51.5701 27.3565 335.9068 389.9749 -30.9156 0.0000 0.0000
3690.03 17.07.2018 18.30.01 29.95541 291.6537 -322.9250 -0.9174 -1.9873 1.4266 42.4540 22.6452 334.7617 387.4281 -27.4432 0.0000 0.0000
3700.03 17.07.2018 18.40.01 29.84728 291.3371 -283.2692 -0.8047 -1.6588 1.1388 31.3621 16.6317 333.6572 384.8610 -23.8120 0.0000 0.0000
3710.03 17.07.2018 18.50.01 29.74825 291.0203 -381.7328 -1.0845 -1.4116 0.4361 20.2519 10.9237 332.5162 382.3237 -20.5457 0.0000 0.0000
3720.03 17.07.2018 19.00.01 29.61923 290.7042 -285.2078 -0.8102 -1.0403 0.3067 12.0152 6.5264 331.3705 379.9811 -18.1334 0.0000 0.0000
3730.03 17.07.2018 19.10.01 29.51708 290.3058 -235.6270 -0.6694 -0.8333 0.2185 9.1870 4.9364 330.0474 377.6328 -17.3762 0.0000 0.0000
3740.03 17.07.2018 19.20.01 29.42809 289.9127 -207.5888 -0.5897 -0.7185 0.1717 7.4194 3.9791 328.8356 375.5361 -17.1395 0.0000 0.0000
3750.03 17.07.2018 19.30.01 29.34609 289.5205 -197.6103 -0.5614 -0.6609 0.1327 5.9809 3.1975 327.6671 373.5252 -17.0378 0.0000 0.0000
3760.03 17.07.2018 19.40.01 29.26592 289.1320 -197.3118 -0.5605 -0.6318 0.0950 4.2318 2.2623 326.5158 371.5763 -16.9881 0.0000 0.0000
3770.03 17.07.2018 19.50.01 29.18475 288.7405 -202.1222 -0.5742 -0.6157 0.0553 2.0717 1.1198 325.3594 369.6429 -17.0008 0.0000 0.0000
3780.03 17.07.2018 20.00.01 29.10107 288.3495 -208.7756 -0.5931 -0.6048 0.0155 0.3725 0.2078 324.2071 367.7422 -17.0349 0.0000 0.0000
3790.03 17.07.2018 20.10.01 29.01461 287.9494 -209.0340 -0.5938 -0.5959 0.0028 0.0671 0.0374 323.2121 366.0203 -17.0558 0.0000 0.0000
3800.03 17.07.2018 20.20.01 28.92736 287.5550 -209.4124 -0.5949 -0.5953 0.0005 0.0121 0.0068 322.2878 364.4135 -17.2365 0.0000 0.0000
3810.03 17.07.2018 20.30.01 28.83929 287.1703 -211.5171 -0.6009 -0.6010 0.0001 0.0022 0.0012 321.4044 362.8975 -17.3986 0.0000 0.0000
3820.03 17.07.2018 20.40.01 28.75002 286.7874 -214.8412 -0.6103 -0.6104 0.0000 0.0004 0.0002 320.5433 361.4407 -17.6001 0.0000 0.0000
3830.03 17.07.2018 20.50.01 28.65920 286.4108 -218.5452 -0.6209 -0.6209 0.0000 0.0001 0.0000 319.7011 360.0369 -17.8365 0.0000 0.0000
3840.03 17.07.2018 21.00.01 28.56686 286.0411 -222.4094 -0.6318 -0.6318 0.0000 0.0000 0.0000 318.8711 358.6942 -17.9954 0.0000 0.0000
3850.03 17.07.2018 21.10.01 28.47296 285.8641 -225.7234 -0.6413 -0.6413 0.0000 0.0000 0.0000 318.4531 357.7310 -17.2035 0.0000 0.0000
3860.03 17.07.2018 21.20.01 28.37783 285.6926 -228.6478 -0.6496 -0.6496 0.0000 0.0000 0.0000 318.0959 356.7971 -16.7112 0.0000 0.0000
3870.03 17.07.2018 21.30.01 28.28140 285.5254 -231.4563 -0.6575 -0.6575 0.0000 0.0000 0.0000 317.6783 355.8871 -16.3372 0.0000 0.0000
3880.03 17.07.2018 21.40.01 28.18401 285.4221 -232.8565 -0.6615 -0.6615 0.0000 0.0000 0.0000 317.3057 355.2039 -15.2893 0.0000 0.0000
3890.03 17.07.2018 21.50.01 28.08608 285.3052 -233.3658 -0.6630 -0.6630 0.0000 0.0000 0.0000 316.9420 354.4106 -14.9777 0.0000 0.0000
3900.03 17.07.2018 22.00.01 27.98812 285.2242 -234.1763 -0.6653 -0.6653 0.0000 0.0000 0.0000 316.6465 353.7138 -14.5490 0.0000 0.0000
3910.03 17.07.2018 22.10.01 27.89001 285.1814 -235.1306 -0.6680 -0.6680 0.0000 0.0000 0.0000 316.3157 353.0747 -14.0603 0.0000 0.0000
3920.03 17.07.2018 22.20.01 27.79113 285.1103 -237.1783 -0.6738 -0.6738 0.0000 0.0000 0.0000 315.9751 352.4224 -13.7386 0.0000 0.0000
3930.03 17.07.2018 22.30.01 27.69116 285.0382 -239.9476 -0.6817 -0.6817 0.0000 0.0000 0.0000 315.6348 351.7862 -13.4514 0.0000 0.0000
3940.03 17.07.2018 22.40.01 27.58999 284.9595 -242.8430 -0.6899 -0.6899 0.0000 0.0000 0.0000 315.2874 351.1617 -13.1819 0.0000 0.0000
3950.03 17.07.2018 22.50.01 27.48770 284.8708 -245.4162 -0.6972 -0.6972 0.0000 0.0000 0.0000 314.9326 350.5437 -12.9578 0.0000 0.0000
3960.03 17.07.2018 23.00.01 27.38439 284.7750 -247.6655 -0.7036 -0.7036 0.0000 0.0000 0.0000 314.5760 349.9348 -12.7656 0.0000 0.0000
3970.03 17.07.2018 23.10.01 27.28018 284.6481 -249.2389 -0.7081 -0.7081 0.0000 0.0000 0.0000 314.1432 349.3483 -12.4658 0.0000 0.0000
3980.03 17.07.2018 23.20.01 27.17581 284.5084 -250.1807 -0.7107 -0.7107 0.0000 0.0000 0.0000 313.7297 348.7943 -12.1117 0.0000 0.0000
3990.03 17.07.2018 23.30.01 27.07119 284.3829 -250.2861 -0.7110 -0.7110 0.0000 0.0000 0.0000 313.2890 348.2149 -11.9726 0.0000 0.0000
4000.03 17.07.2018 23.40.01 26.96603 284.2583 -251.1988 -0.7136 -0.7136 0.0000 0.0000 0.0000 312.8817 347.5908 -12.0663 0.0000 0.0000
4010.03 17.07.2018 23.50.01 26.86019 284.1473 -254.6730 -0.7235 -0.7235 0.0000 0.0000 0.0000 312.4832 346.9771 -12.1296 0.0000 0.0000
4020.03 18.07.2018 00.00.01 26.75268 284.0599 -258.4298 -0.7342 -0.7342 0.0000 0.0000 0.0000 312.0843 346.3932 -12.0944 0.0000 0.0000
4030.03 18.07.2018 00.10.01 26.64382 283.9829 -261.3260 -0.7424 -0.7424 0.0000 0.0000 0.0000 311.7796 345.9764 -11.4809 0.0000 0.0000
4040.03 18.07.2018 00.20.01 26.53396 283.8982 -261.3499 -0.7425 -0.7425 0.0000 0.0000 0.0000 311.4606 345.5470 -11.0398 0.0000 0.0000
4050.03 18.07.2018 00.30.01 26.42465 283.7968 -261.2264 -0.7421 -0.7421 0.0000 0.0000 0.0000 311.0832 345.0470 -10.8925 0.0000 0.0000
4060.03 18.07.2018 00.40.01 26.31524 283.7456 -261.2951 -0.7423 -0.7423 0.0000 0.0000 0.0000 310.7468 344.5872 -10.6375 0.0000 0.0000
4070.03 18.07.2018 00.50.01 26.20538 283.6975 -262.6733 -0.7462 -0.7462 0.0000 0.0000 0.0000 310.5207 344.0957 -10.6789 0.0000 0.0000
4080.03 18.07.2018 01.00.01 26.09469 283.5901 -265.9679 -0.7556 -0.7556 0.0000 0.0000 0.0000 310.2472 343.4969 -11.0918 0.0000 0.0000
4090.03 18.07.2018 01.10.01 25.98248 283.4502 -269.3223 -0.7651 -0.7651 0.0000 0.0000 0.0000 309.9412 342.9239 -11.3337 0.0000 0.0000
4100.03 18.07.2018 01.20.01 25.86917 283.3226 -270.4846 -0.7684 -0.7684 0.0000 0.0000 0.0000 309.5665 342.3544 -11.4815 0.0000 0.0000
4110.03 18.07.2018 01.30.01 25.75564 283.2087 -270.5986 -0.7687 -0.7687 0.0000 0.0000 0.0000 309.1784 341.7967 -11.5673 0.0000 0.0000
4120.03 18.07.2018 01.40.01 25.64227 283.1308 -269.9614 -0.7669 -0.7669 0.0000 0.0000 0.0000 308.8143 341.3262 -11.3300 0.0000 0.0000
4130.03 18.07.2018 01.50.01 25.52966 283.0448 -268.6657 -0.7633 -0.7633 0.0000 0.0000 0.0000 308.4469 340.8558 -11.1418 0.0000 0.0000
4140.03 18.07.2018 02.00.01 25.41763 282.9449 -266.7592 -0.7578 -0.7578 0.0000 0.0004 0.0002 308.0495 340.3661 -11.0182 0.0000 0.0000
4150.03 18.07.2018 02.10.01 25.30642 283.0699 -263.0242 -0.7472 -0.7520 0.0063 0.2601 0.1404 307.8498 340.1540 -9.9502 0.0000 0.0000
4160.03 18.07.2018 02.20.01 25.19659 283.1591 -259.3220 -0.7367 -0.7473 0.0142 0.5593 0.3029 307.6901 339.9298 -9.2473 0.0000 0.0000
4170.03 18.07.2018 02.30.01 25.08779 283.2237 -256.9296 -0.7299 -0.7466 0.0223 0.8649 0.4689 307.5891 339.7011 -8.7727 0.0000 0.0000
4180.03 18.07.2018 02.40.01 24.97976 283.2545 -256.2592 -0.7280 -0.7509 0.0305 1.1717 0.6355 307.5367 339.4561 -8.5138 0.0000 0.0000
4190.03 18.07.2018 02.50.01 24.87188 283.3314 -256.5850 -0.7289 -0.7579 0.0387 1.4787 0.8023 307.4743 339.2711 -8.0909 0.0000 0.0000
4200.03 18.07.2018 03.00.01 24.76391 283.4264 -256.6940 -0.7292 -0.7645 0.0469 1.7896 0.9712 307.4086 339.1303 -7.5899 0.0000 0.0000
4210.03 18.07.2018 03.10.01 24.65603 283.7705 -241.3951 -0.6858 -0.7682 0.1099 4.3579 2.3590 307.7084 339.5452 -6.0514 0.0000 0.0000
4220.03 18.07.2018 03.20.01 24.55319 284.1084 -228.4991 -0.6491 -0.7890 0.1865 7.2712 3.9408 308.1602 340.1336 -4.7819 0.0000 0.0000
4230.03 18.07.2018 03.30.01 24.45474 284.4450 -219.2584 -0.6229 -0.8221 0.2655 10.2398 5.5532 308.6831 340.8290 -3.6614 0.0000 0.0000
4240.03 18.07.2018 03.40.01 24.35964 284.7820 -212.2101 -0.6029 -0.8616 0.3450 13.2191 7.1717 309.2501 341.6120 -2.6496 0.0000 0.0000
4250.03 18.07.2018 03.50.01 24.26727 285.1198 -206.1290 -0.5856 -0.9040 0.4245 16.2003 8.7912 309.8527 342.4691 -1.7259 0.0000 0.0000
4260.03 18.07.2018 04.00.01 24.17733 285.4577 -200.6300 -0.5700 -0.9480 0.5041 19.1822 10.4110 310.4832 343.3904 -0.8759 0.0000 0.0000
4270.03 18.07.2018 04.10.01 24.08972 285.7816 -193.6101 -0.5500 -0.9920 0.5893 22.3983 12.1574 311.5860 344.4389 -0.3186 0.0000 0.0000
4280.03 18.07.2018 04.20.01 24.00488 286.1021 -186.5344 -0.5299 -1.0369 0.6760 25.6501 13.9238 312.7415 345.5523 0.1106 0.0000 0.0000
4290.03 18.07.2018 04.30.01 23.92300 286.4158 -179.8747 -0.5110 -1.0832 0.7629 28.9077 15.6934 313.9132 346.7085 0.4441 0.0000 0.0000
4300.03 18.07.2018 04.40.01 23.84380 286.7361 -173.4063 -0.4926 -1.1300 0.8498 32.1664 17.4636 315.1110 347.9189 0.7557 0.0000 0.0000
4310.03 18.07.2018 04.50.01 23.76727 287.0554 -166.9990 -0.4744 -1.1770 0.9368 35.4253 19.2340 316.3357 349.1755 1.0332 0.0000 0.0000
4320.03 18.07.2018 05.00.01 23.69351 287.3898 -145.9019 -0.4145 -1.2240 1.0794 39.8250 21.6227 317.8573 350.6509 1.1593 0.0000 0.0000
4330.03 18.07.2018 05.10.01 23.62686 287.8323 -146.0851 -0.4150 -1.2914 1.1685 146.9268 75.3125 319.4247 354.1202 -0.2928 0.0000 0.0000
4340.03 18.07.2018 05.20.01 23.56173 288.3082 -55.2548 -0.1570 -1.3461 1.5855 375.3598 189.9858 322.7775 364.4181 -9.4094 0.0000 0.0000
4350.03 18.07.2018 05.30.01 23.52508 288.8383 17.6900 0.0503 -1.5161 2.0885 558.6386 284.7385 327.0378 383.9804 -29.1248 0.0000 0.0000
4360.03 18.07.2018 05.40.01 23.51739 289.3884 818.3407 2.3248 -1.7661 5.4545 537.6952 273.0456 331.5788 399.0103 -42.8213 0.0000 0.0000
4370.03 18.07.2018 05.50.01 23.75567 289.8585 1916.5144 5.4446 -3.1430 11.4502 553.3776 281.4937 334.2024 413.5327 -59.3568 0.0000 0.0000
4380.03 18.07.2018 06.00.01 24.31228 290.3290 291.0325 0.8268 -6.0352 9.1494 520.8081 267.2591 336.0962 421.6376 -68.3274 0.0000 0.0000
4390.03 18.07.2018 06.10.01 24.39575 290.7147 -328.0568 -0.9320 -6.4607 7.3716 487.5500 250.3265 337.4969 425.6371 -69.6587 0.0000 0.0000
4400.03 18.07.2018 06.20.01 24.29528 291.1035 -566.5161 -1.6094 -5.9877 5.8377 458.2464 235.5630 339.2090 429.0586 -70.4502 0.0000 0.0000
4410.03 18.07.2018 06.30.01 24.12197 291.4991 -644.5752 -1.8312 -5.1925 4.4817 430.7358 221.7385 340.9922 431.5809 -70.3595 0.0000 0.0000
4420.03 18.07.2018 06.40.01 23.92349 291.8890 -647.8787 -1.8406 -4.3093 3.2916 411.1698 211.8247 342.7361 433.4354 -69.3721 0.0000 0.0000
4430.03 18.07.2018 06.50.01 23.72418 292.2831 -365.4643 -1.0383 -3.4403 3.2027 420.8812 218.6484 344.5506 438.5059 -72.9270 0.0000 0.0000
4440.03 18.07.2018 07.00.01 23.60833 292.6615 -178.7372 -0.5078 -2.9913 3.3113 418.8522 218.2566 346.2510 441.4978 -74.6022 0.0000 0.0000
4450.03 18.07.2018 07.10.01 23.54910 292.9239 -51.5867 -0.1466 -2.8037 3.5429 416.1465 217.6667 348.0762 444.0507 -77.6540 0.0000 0.0000
4460.03 18.07.2018 07.20.01 23.52932 293.1863 13.9398 0.0396 -2.7818 3.7619 459.9470 244.9837 349.8226 453.1601 -87.2605 0.0000 0.0000
4470.03 18.07.2018 07.30.01 23.53106 293.4715 51.2104 0.1455 -2.8311 3.9687 458.9321 245.4153 351.5641 455.5793 -91.3506 0.0000 0.0000
4480.03 18.07.2018 07.40.01 23.54601 293.7297 79.1052 0.2247 -2.9088 4.1781 467.2926 251.0148 353.1790 458.2424 -96.2226 0.0000 0.0000
4490.03 18.07.2018 07.50.01 23.57147 293.9879 106.6541 0.3030 -3.0012 4.4056 467.4191 251.6556 354.8632 459.6859 -99.5277 0.0000 0.0000
4500.03 18.07.2018 08.00.01 23.60720 294.2342 116.3291 0.3305 -3.1068 4.5830 464.5316 250.5293 356.3443 460.4764 -101.8373 0.0000 0.0000
4510.03 18.07.2018 08.10.01 23.64825 294.3608 159.4431 0.4530 -3.2005 4.8713 446.6705 241.4002 358.0255 460.2219 -102.0076 0.0000 0.0000
4520.03 18.07.2018 08.20.01 23.70406 294.4729 168.2771 0.4781 -3.3318 5.0799 425.1826 230.1701 359.2644 458.8671 -100.8421 0.0000 0.0000
4530.03 18.07.2018 08.30.01 23.76464 294.5782 180.7768 0.5136 -3.4498 5.2845 402.1083 217.9910 360.4055 456.8953 -98.9804 0.0000 0.0000
4540.03 18.07.2018 08.40.01 23.83102 294.6785 186.5811 0.5301 -3.5612 5.4550 385.2750 209.0803 361.2896 454.8712 -97.0389 0.0000 0.0000
4550.03 18.07.2018 08.50.01 23.90115 294.7800 203.2333 0.5774 -3.6574 5.6464 367.9468 199.8541 362.1952 452.7402 -94.8463 0.0000 0.0000
4560.03 18.07.2018 09.00.01 23.97805 294.8783 210.3959 0.5977 -3.7552 5.8039 348.4430 189.3455 362.9568 450.2186 -91.9214 0.0000 0.0000
4570.03 18.07.2018 09.10.01 24.05868 294.9839 192.2410 0.5461 -3.8425 5.8515 346.4446 188.3310 363.8734 449.3441 -87.0942 0.0000 0.0000
4580.03 18.07.2018 09.20.01 24.13561 295.1029 203.5131 0.5782 -3.8844 5.9500 345.4110 187.8455 365.0716 449.1053 -84.1471 0.0000 0.0000
4590.03 18.07.2018 09.30.01 24.21731 295.2274 219.1530 0.6226 -3.9262 6.0651 344.5029 187.4183 366.4195 449.1486 -82.0326 0.0000 0.0000
4600.03 18.07.2018 09.40.01 24.30499 295.3542 229.7232 0.6526 -3.9752 6.1705 344.4128 187.4173 367.7686 449.4634 -80.1882 0.0000 0.0000
4610.03 18.07.2018 09.50.01 24.39697 295.4839 241.3200 0.6856 -4.0253 6.2811 344.2579 187.3733 369.1634 449.9857 -78.6067 0.0000 0.0000
4620.03 18.07.2018 10.00.01 24.49352 295.6157 250.4095 0.7114 -4.0794 6.3877 343.6091 187.0354 370.5567 450.6041 -77.1163 0.0000 0.0000
4630.03 18.07.2018 10.10.01 24.59384 295.7644 263.1659 0.7476 -4.1351 6.5103 353.9953 192.7057 372.4858 451.9860 -78.7908 0.0000 0.0000
4640.03 18.07.2018 10.20.01 24.69894 295.9712 290.1230 0.8242 -4.1978 6.6960 365.8900 199.2214 374.7467 454.0215 -81.0505 0.0000 0.0000
4650.03 18.07.2018 10.30.01 24.81307 296.1288 304.5827 0.8653 -4.2879 6.8709 377.3660 205.4944 377.1015 456.1837 -84.2405 0.0000 0.0000
4660.03 18.07.2018 10.40.01 24.93258 296.2842 317.7805 0.9028 -4.3874 7.0536 388.7683 211.7280 379.5691 458.8569 -86.6080 0.0000 0.0000
4670.03 18.07.2018 10.50.01 25.05743 296.4321 328.4046 0.9330 -4.4930 7.2346 399.9794 217.8485 381.9345 461.7713 -88.4369 0.0000 0.0000
4680.03 18.07.2018 11.00.01 25.18655 296.5576 337.8485 0.9598 -4.6026 7.4165 410.7541 223.7092 384.3004 464.3368 -92.4161 0.0000 0.0000
4690.03 18.07.2018 11.10.01 25.31902 296.6340 302.4826 0.8593 -4.7149 7.4322 392.1665 213.6156 384.9732 465.4615 -84.7972 0.0000 0.0000
4700.03 18.07.2018 11.20.01 25.44113 296.6784 248.3375 0.7055 -4.7676 7.2975 369.6456 201.3005 384.8569 465.2876 -77.3088 0.0000 0.0000
4710.03 18.07.2018 11.30.01 25.54727 296.7185 216.1595 0.6141 -4.7395 7.1381 346.5881 188.6900 384.3572 464.4173 -71.1793 0.0000 0.0000
4720.03 18.07.2018 11.40.01 25.64364 296.7430 197.7890 0.5619 -4.6645 6.9685 324.6187 176.6696 383.6353 463.0971 -66.1344 0.0000 0.0000
4730.03 18.07.2018 11.50.01 25.73440 296.7932 188.9899 0.5369 -4.5642 6.8015 302.8441 164.7641 382.7982 461.0287 -62.8059 0.0000 0.0000
4740.03 18.07.2018 12.00.01 25.82238 296.7946 184.1691 0.5232 -4.4524 6.6341 281.1894 152.9271 381.9011 458.7235 -59.1775 0.0000 0.0000
4750.03 18.07.2018 12.10.01 25.90850 296.9096 142.6565 0.4053 -4.3332 6.3179 282.4181 153.5300 380.8717 457.4291 -60.0853 0.0000 0.0000
4760.03 18.07.2018 12.20.01 25.98232 297.0022 151.2945 0.4298 -4.1564 6.1150 286.5952 155.8035 380.3616 456.5328 -62.9848 0.0000 0.0000
4770.03 18.07.2018 12.30.01 26.05847 296.9934 158.9512 0.4516 -3.9963 5.9305 291.1327 158.2723 379.9621 455.5112 -65.9821 0.0000 0.0000
4780.03 18.07.2018 12.40.01 26.13659 297.1323 162.8365 0.4626 -3.8500 5.7501 295.6140 160.6979 379.7843 455.5953 -64.8029 0.0000 0.0000
4790.03 18.07.2018 12.50.01 26.21578 297.2983 163.5038 0.4645 -3.7111 5.5675 299.7553 162.9210 379.6612 455.8281 -64.1051 0.0000 0.0000
4800.03 18.07.2018 13.00.01 26.29504 297.4238 171.1352 0.4862 -3.5763 5.4167 304.2591 165.3394 379.5638 455.8657 -64.9945 0.0000 0.0000
4810.03 18.07.2018 13.10.01 26.37655 297.5706 209.2319 0.5944 -3.4574 5.4025 293.1417 159.2971 381.3987 456.8558 -54.3170 0.0000 0.0000
4820.03 18.07.2018 13.20.01 26.46914 297.5420 205.7991 0.5847 -3.3962 5.3078 279.9275 152.0659 382.6745 455.8630 -54.5257 0.0000 0.0000
4830.03 18.07.2018 13.30.01 26.56030 297.5499 197.9230 0.5623 -3.3351 5.1966 257.5160 140.2263 383.4968 453.5751 -59.0461 0.0000 0.0000
4840.03 18.07.2018 13.40.01 26.64852 297.5994 190.6175 0.5415 -3.2675 5.0788 244.9751 133.3246 384.6174 452.5557 -57.5218 0.0000 0.0000
4850.03 18.07.2018 13.50.01 26.73431 297.5812 185.7784 0.5278 -3.1932 4.9613 232.6202 126.5343 385.5756 451.0829 -56.9635 0.0000 0.0000
4860.03 18.07.2018 14.00.01 26.81829 297.6367 182.8600 0.5195 -3.1160 4.8474 220.4605 119.8590 386.4476 449.2613 -56.6306 0.0000 0.0000
4870.03 18.07.2018 14.10.01 26.90057 297.5174 127.9350 0.3635 -3.0392 4.5369 197.4559 107.2573 385.0389 446.1286 -49.2836 0.0000 0.0000
4880.03 18.07.2018 14.20.01 26.96523 297.3784 82.0839 0.2332 -2.8953 4.1713 177.6624 96.4878 383.0983 442.5853 -44.4446 0.0000 0.0000
4890.03 18.07.2018 14.30.01 27.01476 297.2245 53.9020 0.1531 -2.7032 3.8085 158.1780 85.9023 381.0194 439.0049 -39.8946 0.0000 0.0000
4900.03 18.07.2018 14.40.01 27.05425 297.0791 35.1720 0.0999 -2.4887 3.4515 138.6557 75.3196 378.9442 435.6278 -34.6735 0.0000 0.0000
4910.03 18.07.2018 14.50.01 27.08657 296.9684 17.1740 0.0488 -2.2644 3.0843 119.1139 64.7326 376.7780 432.0377 -30.4325 0.0000 0.0000
4920.03 18.07.2018 15.00.01 27.11208 296.8634 2.0447 0.0058 -2.0329 2.7182 99.9292 54.3583 374.4686 428.0460 -28.0175 0.0000 0.0000
4930.03 18.07.2018 15.10.01 27.13168 296.6538 30.6889 0.0872 -1.8033 2.5206 93.8206 50.9835 371.2987 424.9267 -25.4298 0.0000 0.0000
4940.03 18.07.2018 15.20.01 27.15862 296.3675 61.6691 0.1752 -1.6347 2.4132 90.0688 48.9409 368.3632 421.9147 -25.8370 0.0000 0.0000
4950.03 18.07.2018 15.30.01 27.19317 296.0883 73.8984 0.2099 -1.5309 2.3212 86.6646 47.0902 365.5125 418.8565 -26.4926 0.0000 0.0000
4960.03 18.07.2018 15.40.01 27.22988 295.8627 74.5286 0.2117 -1.4623 2.2320 83.3314 45.2793 362.7975 416.1428 -25.9058 0.0000 0.0000
4970.03 18.07.2018 15.50.01 27.26547 295.6506 69.4817 0.1974 -1.4101 2.1433 80.0101 43.4750 360.1429 413.5470 -24.9185 0.0000 0.0000
4980.03 18.07.2018 16.00.01 27.29830 295.4746 61.4908 0.1747 -1.3664 2.0548 76.7049 41.6791 357.4945 411.0732 -23.5787 0.0000 0.0000
4990.03 18.07.2018 16.10.01 27.32751 295.6693 61.7786 0.1755 -1.3254 2.0013 81.4685 44.0066 357.1874 409.7702 -19.8336 0.0000 0.0000
5000.03 18.07.2018 16.20.01 27.35610 295.8805 75.8680 0.2155 -1.2946 2.0135 87.6738 47.1429 357.4210 409.2216 -17.5203 0.0000 0.0000
5010.03 18.07.2018 16.30.01 27.38818 296.1199 84.1947 0.2392 -1.2906 2.0397 94.0123 50.3447 357.9702 409.1527 -15.7394 0.0000 0.0000
5020.03 18.07.2018 16.40.01 27.42257 296.3648 117.7646 0.3346 -1.3052 2.1863 95.2663 51.0445 358.6295 409.4785 -14.2196 0.0000 0.0000
5030.03 18.07.2018 16.50.01 27.46673 296.6203 161.6138 0.4591 -1.3738 2.4439 103.4606 55.2632 359.4474 410.1703 -13.1808 0.0000 0.0000
5040.03 18.07.2018 17.00.01 27.52383 296.8848 204.5989 0.5812 -1.5095 2.7876 112.1828 59.7329 360.3083 411.2258 -12.7134 0.0000 0.0000
5050.03 18.07.2018 17.10.01 27.59316 296.6095 170.9123 0.4855 -1.7117 2.9296 109.6641 58.4869 360.1861 410.9864 -16.2307 0.0000 0.0000
5060.03 18.07.2018 17.20.01 27.65151 296.2747 111.7936 0.3176 -1.8749 2.9233 103.7885 55.3505 359.3036 409.6313 -19.1522 0.0000 0.0000
5070.03 18.07.2018 17.30.01 27.69091 295.9310 62.6757 0.1781 -1.9666 2.8596 97.0813 51.7653 358.0580 407.8346 -21.4042 0.0000 0.0000
5080.03 18.07.2018 17.40.01 27.71407 295.5880 11.1837 0.0318 -2.0044 2.7149 83.9937 44.9775 356.7096 405.7255 -22.4102 0.0000 0.0000
5090.03 18.07.2018 17.50.01 27.72027 295.2471 -37.7218 -0.1072 -1.9858 2.5049 77.0298 41.2236 355.2474 403.3648 -22.4930 0.0000 0.0000
5100.03 18.07.2018 18.00.01 27.71026 294.8995 -79.8373 -0.2268 -1.9148 2.2507 68.1059 36.4859 353.7390 400.9027 -22.3412 0.0000 0.0000
5110.03 18.07.2018 18.10.01 27.68612 294.5447 -95.3523 -0.2709 -1.8012 2.0404 59.4825 31.8205 351.7302 398.3904 -20.5926 0.0000 0.0000
5120.03 18.07.2018 18.20.01 27.65582 294.1847 -115.2353 -0.3274 -1.6830 1.8074 49.1449 26.2967 349.7271 395.7791 -18.7832 0.0000 0.0000
5130.03 18.07.2018 18.30.01 27.61779 293.8228 -183.7688 -0.5221 -1.5524 1.3737 39.7855 21.3319 347.6989 393.0869 -16.5639 0.0000 0.0000
5140.03 18.07.2018 18.40.01 27.55804 293.4701 -227.8544 -0.6473 -1.3386 0.9217 29.1409 15.6733 345.6987 390.3058 -14.2534 0.0000 0.0000
5150.03 18.07.2018 18.50.01 27.48367 293.1119 -251.9170 -0.7157 -1.0792 0.4847 19.0413 10.3324 343.6606 387.5337 -11.9966 0.0000 0.0000
5160.03 18.07.2018 19.00.01 27.40103 292.7537 -202.0912 -0.5741 -0.8031 0.3054 10.4868 5.7238 341.6093 384.8580 -10.0027 0.0000 0.0000
5170.03 18.07.2018 19.10.01 27.33187 292.4998 -159.8792 -0.4542 -0.6164 0.2162 7.8125 4.2523 341.4784 382.9860 -8.1901 0.0000 0.0000
5180.03 18.07.2018 19.20.01 27.27453 292.2526 -131.4713 -0.3735 -0.4998 0.1683 6.1415 3.3416 341.6484 381.5080 -7.0394 0.0000 0.0000
5190.03 18.07.2018 19.30.01 27.22521 292.0142 -117.7124 -0.3344 -0.4303 0.1279 4.6460 2.5286 341.9174 380.1884 -6.2864 0.0000 0.0000
5200.03 18.07.2018 19.40.01 27.17956 291.7847 -112.5722 -0.3198 -0.3863 0.0887 3.1827 1.7336 342.2321 378.9846 -5.7746 0.0000 0.0000
5210.03 18.07.2018 19.50.01 27.13494 291.5555 -112.1009 -0.3185 -0.3558 0.0498 1.7253 0.9418 342.5678 377.8632 -5.4632 0.0000 0.0000
5220.03 18.07.2018 20.00.01 27.08993 291.3314 -114.1013 -0.3242 -0.3324 0.0110 0.2709 0.1518 342.9482 376.8688 -5.1150 0.0000 0.0000
5230.03 18.07.2018 20.10.01 27.04385 291.2437 -110.0911 -0.3128 -0.3142 0.0019 0.0458 0.0255 344.6200 376.2848 -4.8456 0.0000 0.0000
5240.03 18.07.2018 20.20.01 26.99819 291.1688 -108.6836 -0.3088 -0.3090 0.0004 0.0086 0.0048 346.4431 375.9123 -4.7747 0.0000 0.0000
5250.03 18.07.2018 20.30.01 26.95242 291.1184 -109.9888 -0.3125 -0.3125 0.0001 0.0015 0.0008 348.2644 375.6296 -4.9133 0.0000 0.0000
5260.03 18.07.2018 20.40.01 26.90579 291.0407 -112.7852 -0.3204 -0.3204 0.0000 0.0003 0.0002 350.1313 375.4033 -5.3301 0.0000 0.0000
5270.03 18.07.2018 20.50.01 26.85781 290.9582 -116.0690 -0.3297 -0.3297 0.0000 0.0000 0.0000 352.1078 375.2628 -5.8989 0.0000 0.0000
5280.03 18.07.2018 21.00.01 26.80844 290.8799 -119.5692 -0.3397 -0.3397 0.0000 0.0000 0.0000 354.0704 375.1814 -6.5444 0.0000 0.0000
5290.03 18.07.2018 21.10.01 26.75759 290.8030 -122.9116 -0.3492 -0.3492 0.0000 0.0000 0.0000 353.8643 374.9114 -6.6506 0.0000 0.0000
5300.03 18.07.2018 21.20.01 26.70538 290.7208 -126.2390 -0.3586 -0.3586 0.0000 0.0000 0.0000 353.5656 374.5878 -6.6732 0.0000 0.0000
5310.03 18.07.2018 21.30.01 26.65176 290.6400 -129.7035 -0.3685 -0.3685 0.0000 0.0000 0.0000 353.2525 374.2482 -6.6774 0.0000 0.0000
5320.03 18.07.2018 21.40.01 26.59670 290.5591 -132.9244 -0.3776 -0.3776 0.0000 0.0000 0.0000 352.9228 373.8922 -6.6784 0.0000 0.0000
5330.03 18.07.2018 21.50.01 26.54037 290.4785 -136.0146 -0.3864 -0.3864 0.0000 0.0000 0.0000 352.5614 373.5192 -6.6715 0.0000 0.0000
5340.03 18.07.2018 22.00.01 26.48284 290.3958 -138.8203 -0.3944 -0.3944 0.0000 0.0000 0.0000 352.2157 373.1380 -6.6784 0.0000 0.0000
5350.03 18.07.2018 22.10.01 26.42419 290.3311 -141.1513 -0.4010 -0.4010 0.0000 0.0000 0.0000 351.3227 372.6997 -6.5074 0.0000 0.0000
5360.03 18.07.2018 22.20.01 26.36456 290.2627 -143.3891 -0.4074 -0.4074 0.0000 0.0000 0.0000 350.4166 372.2256 -6.3378 0.0000 0.0000
5370.03 18.07.2018 22.30.01 26.30404 290.1890 -145.4919 -0.4133 -0.4133 0.0000 0.0000 0.0000 349.5363 371.7355 -6.1736 0.0000 0.0000
5380.03 18.07.2018 22.40.01 26.24270 290.1179 -147.4570 -0.4189 -0.4189 0.0000 0.0000 0.0000 348.6752 371.2390 -5.9940 0.0000 0.0000
5390.03 18.07.2018 22.50.01 26.18047 290.0492 -148.9226 -0.4231 -0.4231 0.0000 0.0000 0.0000 347.7944 370.7320 -5.7856 0.0000 0.0000
5400.03 18.07.2018 23.00.01 26.11767 289.9792 -150.3359 -0.4271 -0.4271 0.0000 0.0000 0.0000 346.9015 370.2134 -5.5720 0.0000 0.0000
5410.03 18.07.2018 23.10.01 26.05438 289.8012 -152.0792 -0.4320 -0.4320 0.0000 0.0000 0.0000 345.8365 369.5467 -5.8437 0.0000 0.0000
5420.03 18.07.2018 23.20.01 25.99029 289.6231 -153.9778 -0.4374 -0.4374 0.0000 0.0000 0.0000 344.7406 368.8423 -6.0625 0.0000 0.0000
5430.03 18.07.2018 23.30.01 25.92532 289.4459 -155.9507 -0.4430 -0.4430 0.0000 0.0000 0.0000 343.6327 368.1153 -6.2370 0.0000 0.0000
5440.03 18.07.2018 23.40.01 25.85952 289.2678 -157.8503 -0.4484 -0.4484 0.0000 0.0000 0.0000 342.5141 367.3693 -6.3952 0.0000 0.0000
5450.03 18.07.2018 23.50.01 25.79290 289.0921 -159.6981 -0.4537 -0.4537 0.0000 0.0000 0.0000 341.3952 366.6104 -6.5046 0.0000 0.0000
5460.03 19.07.2018 00.00.01 25.72552 288.9172 -161.5143 -0.4588 -0.4588 0.0000 0.0000 0.0000 340.2713 365.8395 -6.5887 0.0000 0.0000
5470.03 19.07.2018 00.10.01 25.65743 288.7211 -163.2909 -0.4639 -0.4639 0.0000 0.0000 0.0000 339.3846 365.0824 -6.7715 0.0000 0.0000
5480.03 19.07.2018 00.20.01 25.58868 288.5382 -165.1689 -0.4692 -0.4692 0.0000 0.0000 0.0000 338.5122 364.3461 -6.8896 0.0000 0.0000
5490.03 19.07.2018 00.30.01 25.51910 288.3552 -166.6978 -0.4736 -0.4736 0.0000 0.0000 0.0000 337.6307 363.5980 -7.0217 0.0000 0.0000
5500.03 19.07.2018 00.40.01 25.44885 288.1684 -168.1815 -0.4778 -0.4778 0.0000 0.0000 0.0000 336.7470 362.8361 -7.1745 0.0000 0.0000
5510.03 19.07.2018 00.50.01 25.37798 287.9727 -169.8773 -0.4826 -0.4826 0.0000 0.0000 0.0000 335.8616 362.0610 -7.3582 0.0000 0.0000
5520.03 19.07.2018 01.00.01 25.30651 287.7755 -171.6856 -0.4877 -0.4877 0.0000 0.0000 0.0000 334.9771 361.2805 -7.5435 0.0000 0.0000
5530.03 19.07.2018 01.10.01 25.23419 287.6748 -172.8602 -0.4911 -0.4911 0.0000 0.0000 0.0000 334.8151 360.7187 -7.3204 0.0000 0.0000
5540.03 19.07.2018 01.20.01 25.16183 287.5719 -173.3495 -0.4925 -0.4925 0.0000 0.0000 0.0000 334.7086 360.2060 -7.1768 0.0000 0.0000
5550.03 19.07.2018 01.30.01 25.08947 287.4740 -173.1385 -0.4919 -0.4919 0.0000 0.0000 0.0000 334.5993 359.7265 -7.0541 0.0000 0.0000
5560.03 19.07.2018 01.40.01 25.01714 287.3868 -172.5289 -0.4901 -0.4901 0.0000 0.0000 0.0000 334.5074 359.2819 -6.9433 0.0000 0.0000
5570.03 19.07.2018 01.50.01 24.94485 287.3214 -171.9362 -0.4885 -0.4885 0.0000 0.0000 0.0000 334.4395 358.8912 -6.7760 0.0000 0.0000
5580.03 19.07.2018 02.00.01 24.87264 287.2642 -171.6530 -0.4877 -0.4877 0.0000 0.0003 0.0002 334.3827 358.5172 -6.6365 0.0000 0.0000
5590.03 19.07.2018 02.10.01 24.80041 287.2115 -170.4651 -0.4843 -0.4878 0.0047 0.1930 0.1042 333.7312 358.1198 -6.4791 0.0000 0.0000
5600.03 19.07.2018 02.20.01 24.72854 287.1671 -171.0871 -0.4860 -0.4939 0.0105 0.4150 0.2247 332.9448 357.6421 -6.5236 0.0000 0.0000
5610.03 19.07.2018 02.30.01 24.65600 286.9657 -173.4789 -0.4928 -0.5052 0.0165 0.6417 0.3479 332.2004 356.9275 -7.3735 0.0000 0.0000
5620.03 19.07.2018 02.40.01 24.58230 286.8176 -176.7088 -0.5020 -0.5190 0.0226 0.8693 0.4715 331.4829 356.2024 -8.0881 0.0000 0.0000
5630.03 19.07.2018 02.50.01 24.50717 286.6936 -180.4321 -0.5126 -0.5341 0.0287 1.0971 0.5953 330.7029 355.4714 -8.6523 0.0000 0.0000
5640.03 19.07.2018 03.00.01 24.43041 286.5862 -183.9017 -0.5224 -0.5486 0.0349 1.3303 0.7219 329.8717 354.7481 -9.0670 0.0000 0.0000
5650.03 19.07.2018 03.10.01 24.35250 286.6062 -165.7453 -0.4709 -0.5599 0.1187 4.7658 2.5778 329.4480 354.6465 -8.5371 0.0000 0.0000
5660.03 19.07.2018 03.20.01 24.28039 286.6359 -150.2929 -0.4270 -0.5933 0.2218 8.6906 4.7087 329.1980 354.7619 -8.1974 0.0000 0.0000
5670.03 19.07.2018 03.30.01 24.21334 286.6621 -139.9161 -0.3975 -0.6438 0.3284 12.6939 6.8831 329.0205 354.9800 -8.0143 0.0000 0.0000
5680.03 19.07.2018 03.40.01 24.14990 286.6997 -132.7809 -0.3772 -0.7039 0.4355 16.7124 9.0660 328.8830 355.2954 -7.8828 0.0000 0.0000
5690.03 19.07.2018 03.50.01 24.08898 286.7444 -127.2697 -0.3616 -0.7687 0.5428 20.7335 11.2504 328.7739 355.6862 -7.8179 0.0000 0.0000
5700.03 19.07.2018 04.00.01 24.03018 286.7928 -122.7985 -0.3489 -0.8365 0.6502 24.7605 13.4381 328.6871 356.1343 -7.8337 0.0000 0.0000
5710.03 19.07.2018 04.10.01 23.97329 287.1430 -97.6939 -0.2775 -0.9049 0.8364 32.0401 17.3820 329.1842 357.2598 -6.9522 0.0000 0.0000
5720.03 19.07.2018 04.20.01 23.92462 287.5049 -77.0889 -0.2190 -1.0008 1.0423 39.8167 21.6053 329.9087 358.6628 -6.4051 0.0000 0.0000
5730.03 19.07.2018 04.30.01 23.88299 287.8720 -62.4219 -0.1773 -1.1161 1.2517 47.6730 25.8728 330.7390 360.2391 -6.0626 0.0000 0.0000
5740.03 19.07.2018 04.40.01 23.84664 288.2426 -51.2599 -0.1456 -1.2419 1.4616 55.5447 30.1490 331.6353 361.9569 -5.8804 0.0000 0.0000
5750.03 19.07.2018 04.50.01 23.81454 288.6158 -41.8364 -0.1189 -1.3727 1.6717 63.4191 34.4266 332.5816 363.7969 -5.8309 0.0000 0.0000
5760.03 19.07.2018 05.00.01 23.78619 288.9946 -28.7984 -0.0818 -1.5058 1.8987 71.6386 38.8913 333.6577 365.7982 -5.9317 0.0000 0.0000
5770.03 19.07.2018 05.10.01 23.76275 289.3710 -21.2463 -0.0604 -1.6466 2.1150 97.9775 52.4093 334.7574 368.2287 -6.6048 0.0000 0.0000
5780.03 19.07.2018 05.20.01 23.74261 289.7730 4.7050 0.0134 -1.7854 2.3984 160.3353 84.0011 336.2575 372.2615 -9.1124 0.0000 0.0000
5790.03 19.07.2018 05.30.01 23.73141 290.1806 26.8856 0.0764 -1.9487 2.7001 206.5013 108.0720 337.9761 378.3833 -13.7206 0.0000 0.0000
5800.03 19.07.2018 05.40.01 23.72808 290.5830 42.5919 0.1210 -2.1292 3.0003 201.4431 105.9388 339.7833 383.2961 -16.4691 0.0000 0.0000
5810.03 19.07.2018 05.50.01 23.73342 290.9872 453.5984 1.2886 -2.3164 4.8067 203.8676 107.1960 341.1661 387.9586 -18.4472 0.0000 0.0000
5820.03 19.07.2018 06.00.01 23.85864 291.3886 82.2140 0.2336 -3.0816 4.4202 195.3458 103.5380 342.3686 391.1024 -18.7973 0.0000 0.0000
5830.03 19.07.2018 06.10.01 23.87713 291.8148 17.8350 0.0507 -3.2718 4.4299 213.4302 112.7640 343.8071 394.3506 -16.9367 0.0000 0.0000
5840.03 19.07.2018 06.20.01 23.87734 292.2202 -28.2864 -0.0804 -3.3561 4.3676 231.7013 122.1394 345.5412 398.1485 -19.6422 0.0000 0.0000
5850.03 19.07.2018 06.30.01 23.86447 292.5293 -75.4611 -0.2144 -3.3619 4.1968 249.2778 131.1802 347.3428 401.1665 -27.6317 0.0000 0.0000
5860.03 19.07.2018 06.40.01 23.83816 293.1190 -127.5354 -0.3623 -3.2902 3.9038 257.6190 135.5287 349.4023 405.5405 -23.0212 0.0000 0.0000
5870.03 19.07.2018 06.50.01 23.79772 293.6614 -52.2275 -0.1484 -3.1329 3.9794 277.1471 146.3157 351.4566 411.2208 -23.4005 0.0000 0.0000
5880.03 19.07.2018 07.00.01 23.78063 293.9530 0.5072 0.0014 -3.0761 4.1034 292.2953 154.4338 353.2739 415.9635 -28.1332 0.0000 0.0000
5890.03 19.07.2018 07.10.01 23.78036 294.2584 55.4383 0.1575 -3.0816 4.3188 298.8151 158.2782 355.1923 420.8571 -30.0650 0.0000 0.0000
5900.03 19.07.2018 07.20.01 23.79785 294.1167 75.5016 0.2145 -3.1520 4.4886 329.6090 176.7232 356.7364 426.6547 -48.5143 0.0000 0.0000
5910.03 19.07.2018 07.30.01 23.82247 294.1920 95.9609 0.2726 -3.2373 4.6799 336.1232 180.5822 357.8857 428.4768 -60.3647 0.0000 0.0000
5920.03 19.07.2018 07.40.01 23.85458 294.7251 108.3847 0.3079 -3.3353 4.8576 347.4248 187.2314 359.8324 435.6523 -42.2335 0.0000 0.0000
5930.03 19.07.2018 07.50.01 23.89193 294.8915 117.7226 0.3344 -3.4320 5.0219 354.0029 191.0557 361.2938 438.1464 -60.8468 0.0000 0.0000
5940.03 19.07.2018 08.00.01 23.93380 294.9343 132.3188 0.3759 -3.5212 5.1961 360.2808 194.6922 362.0009 439.0023 -77.0278 0.0000 0.0000
5950.03 19.07.2018 08.10.01 23.98153 295.0286 134.6471 0.3825 -3.6132 5.3277 380.4785 205.7980 362.8764 442.2859 -76.1717 0.0000 0.0000
5960.03 19.07.2018 08.20.01 24.03152 295.1332 150.2735 0.4269 -3.6901 5.4894 401.7641 217.5301 364.1666 446.0508 -78.2509 0.0000 0.0000
5970.03 19.07.2018 08.30.01 24.08782 295.3844 171.1600 0.4863 -3.7692 5.6739 423.8121 229.6961 365.7428 450.3704 -81.2044 0.0000 0.0000
5980.03 19.07.2018 08.40.01 24.15228 295.6337 187.8471 0.5337 -3.8561 5.8531 443.2800 240.4822 367.3254 454.8004 -84.2255 0.0000 0.0000
5990.03 19.07.2018 08.50.01 24.22354 295.8785 192.0686 0.5456 -3.9438 5.9859 461.4901 250.5501 368.7587 459.1123 -87.6110 0.0000 0.0000
6000.03 19.07.2018 09.00.01 24.29806 296.1227 209.5388 0.5953 -4.0144 6.1462 480.0422 260.8061 370.2712 463.5990 -91.3660 0.0000 0.0000
6010.03 19.07.2018 09.10.01 24.37975 296.3418 240.3425 0.6828 -4.0873 6.3602 485.4140 263.9523 372.2103 467.7486 -91.2779 0.0000 0.0000
6020.03 19.07.2018 09.20.01 24.47247 296.5744 248.0447 0.7047 -4.1815 6.5149 488.8048 265.9618 373.9925 471.4715 -90.0884 0.0000 0.0000
6030.03 19.07.2018 09.30.01 24.56954 296.7988 262.2365 0.7450 -4.2626 6.6768 492.0192 267.8597 375.7201 474.9355 -90.6923 0.0000 0.0000
6040.03 19.07.2018 09.40.01 24.67278 297.0199 271.2038 0.7705 -4.3408 6.8150 495.6036 269.9270 377.3467 478.4231 -89.7561 0.0000 0.0000
6050.03 19.07.2018 09.50.01 24.78060 297.2507 285.5172 0.8111 -4.4085 6.9595 499.0533 271.9096 378.9695 481.8388 -88.7938 0.0000 0.0000
6060.03 19.07.2018 10.00.01 24.89453 297.4803 298.4264 0.8478 -4.4742 7.0960 501.4533 273.2707 380.5222 484.9633 -89.1023 0.0000 0.0000
6070.03 19.07.2018 10.10.01 25.01431 297.8180 317.4743 0.9019 -4.5352 7.2495 489.4888 266.8238 383.0325 486.6527 -78.4140 0.0000 0.0000
6080.03 19.07.2018 10.20.01 25.14163 298.5360 323.1094 0.9179 -4.6016 7.3593 475.8996 259.4386 385.1984 486.0174 -87.8080 0.0000 0.0000
6090.03 19.07.2018 10.30.01 25.27242 298.2271 322.2785 0.9156 -4.6534 7.4253 460.8989 251.2501 386.2759 483.1537 -100.6233 0.0000 0.0000
6100.03 19.07.2018 10.40.01 25.40453 298.4062 327.9900 0.9318 -4.6867 7.4913 448.1641 244.2834 388.1587 484.4543 -97.1315 0.0000 0.0000
6110.03 19.07.2018 10.50.01 25.54003 298.5824 338.5594 0.9618 -4.7095 7.5618 435.3149 237.2433 390.4541 485.0307 -96.2719 0.0000 0.0000
6120.03 19.07.2018 11.00.01 25.67996 298.8128 347.9964 0.9886 -4.7352 7.6318 421.9696 229.9072 392.5392 485.1460 -92.8282 0.0000 0.0000
6130.03 19.07.2018 11.10.01 25.82311 298.7945 270.7004 0.7690 -4.7594 7.3713 389.5066 212.2293 394.5147 483.5036 -79.5527 0.0000 0.0000
6140.03 19.07.2018 11.20.01 25.94348 298.6566 205.5552 0.5840 -4.6637 6.9969 354.1041 192.8935 395.1265 479.5740 -76.9018 0.0000 0.0000
6150.03 19.07.2018 11.30.01 26.04385 298.5930 166.6545 0.4735 -4.4804 6.6052 318.3756 173.3810 395.0785 474.0898 -80.8062 0.0000 0.0000
6160.03 19.07.2018 11.40.01 26.13152 298.5200 141.0537 0.4007 -4.2516 6.2032 283.9994 154.6042 395.6562 470.9395 -73.9853 0.0000 0.0000
6170.03 19.07.2018 11.50.01 26.21081 298.4360 127.0828 0.3610 -3.9944 5.8073 249.9800 136.0362 396.2142 466.5934 -69.8159 0.0000 0.0000
6180.03 19.07.2018 12.00.01 26.28530 298.4160 117.5266 0.3339 -3.7241 5.4107 216.1690 117.5901 396.4818 461.2688 -66.7581 0.0000 0.0000
6190.03 19.07.2018 12.10.01 26.35644 298.3085 149.8829 0.4258 -3.4508 5.1688 209.5129 113.8770 394.8324 457.6653 -61.8123 0.0000 0.0000
6200.03 19.07.2018 12.20.01 26.43643 298.2635 197.9416 0.5623 -3.2416 5.0719 206.6752 112.3232 393.8214 455.1962 -58.4365 0.0000 0.0000
6210.03 19.07.2018 12.30.01 26.52972 298.2297 223.0265 0.6336 -3.1161 4.9995 204.4144 111.0885 393.1343 453.1957 -55.6658 0.0000 0.0000
6220.03 19.07.2018 12.40.01 26.62969 298.1964 232.8980 0.6616 -3.0373 4.9319 202.2934 109.9299 392.5569 451.4837 -53.3840 0.0000 0.0000
6230.03 19.07.2018 12.50.01 26.73181 298.1629 234.4416 0.6660 -2.9826 4.8649 200.1556 108.7606 392.0329 449.9628 -51.4961 0.0000 0.0000
6240.03 19.07.2018 13.00.01 26.83364 298.1310 231.5509 0.6578 -2.9412 4.7986 198.0025 107.5792 391.5409 448.6021 -49.9312 0.0000 0.0000
6250.03 19.07.2018 13.10.01 26.93386 298.1995 253.8257 0.7211 -2.9076 4.8383 219.8030 119.3308 389.0220 448.5814 -52.0558 0.0000 0.0000
6260.03 19.07.2018 13.20.01 27.03979 298.2826 294.7806 0.8374 -2.9220 5.0126 244.6738 132.8030 387.0211 449.3280 -56.2351 0.0000 0.0000
6270.03 19.07.2018 13.30.01 27.15710 298.3748 316.4902 0.8991 -3.0072 5.2084 260.6804 141.8143 385.2919 450.3194 -60.4258 0.0000 0.0000
6280.03 19.07.2018 13.40.01 27.28036 298.4622 324.5935 0.9221 -3.1307 5.4038 283.4923 154.2023 383.6875 451.3623 -64.5745 0.0000 0.0000
6290.03 19.07.2018 13.50.01 27.40557 298.5698 327.7072 0.9310 -3.2710 5.6026 305.7187 166.2357 382.1507 452.8258 -69.0399 0.0000 0.0000
6300.03 19.07.2018 14.00.01 27.53140 298.6831 327.6038 0.9307 -3.4204 5.8014 326.8659 177.6251 380.6328 454.4694 -73.5017 0.0000 0.0000
6310.03 19.07.2018 14.10.01 27.65658 298.5373 287.3937 0.8165 -3.5738 5.8537 304.1971 165.0911 381.1456 453.8894 -72.4369 0.0000 0.0000
6320.03 19.07.2018 14.20.01 27.76864 298.4009 200.6031 0.5699 -3.6718 5.6556 286.9663 155.6492 380.6310 452.6562 -70.4086 0.0000 0.0000
6330.03 19.07.2018 14.30.01 27.85394 298.2881 149.9985 0.4261 -3.6526 5.4383 269.6100 146.1555 379.7622 450.7543 -68.4931 0.0000 0.0000
6340.03 19.07.2018 14.40.01 27.92300 298.1724 121.7694 0.3459 -3.5735 5.2259 252.2142 136.6670 378.7401 448.2070 -66.7495 0.0000 0.0000
6350.03 19.07.2018 14.50.01 27.98245 298.0079 106.3223 0.3021 -3.4679 5.0266 235.5433 127.6036 377.6030 445.2748 -64.9059 0.0000 0.0000
6360.03 19.07.2018 15.00.01 28.03600 297.8840 88.8458 0.2524 -3.3535 4.8078 218.5378 118.3524 376.2934 442.3252 -62.1822 0.0000 0.0000
6370.03 19.07.2018 15.10.01 28.08309 297.6908 74.5694 0.2118 -3.2309 4.5903 205.2336 111.0927 375.1472 439.7579 -58.5485 0.0000 0.0000
6380.03 19.07.2018 15.20.01 28.12502 297.5110 69.0405 0.1961 -3.1007 4.3958 192.4587 104.1295 374.0633 437.2172 -55.1236 0.0000 0.0000
6390.03 19.07.2018 15.30.01 28.16406 297.3338 63.3602 0.1800 -2.9760 4.2081 180.5250 97.6656 372.9882 434.7826 -51.8870 0.0000 0.0000
6400.03 19.07.2018 15.40.01 28.20040 297.1552 56.3150 0.1600 -2.8569 4.0225 167.5526 90.6225 371.9154 432.2434 -48.5936 0.0000 0.0000
6410.03 19.07.2018 15.50.01 28.23348 296.9765 49.7484 0.1413 -2.7404 3.8424 155.9490 84.3977 370.8405 429.8745 -45.5201 0.0000 0.0000
6420.03 19.07.2018 16.00.01 28.26351 296.7977 40.6366 0.1154 -2.6279 3.6578 144.4937 78.2626 369.7378 427.5056 -42.5145 0.0000 0.0000
6430.03 19.07.2018 16.10.01 28.28973 296.7009 34.0880 0.0968 -2.5157 3.4834 141.6565 76.5413 368.0152 425.2884 -40.4794 0.0000 0.0000
6440.03 19.07.2018 16.20.01 28.31295 296.6056 44.7092 0.1270 -2.4083 3.3805 140.6538 75.8600 366.5230 423.4842 -39.5653 0.0000 0.0000
6450.03 19.07.2018 16.30.01 28.33816 296.5225 50.2320 0.1427 -2.3303 3.2974 140.0972 75.4267 365.2190 421.9960 -38.4254 0.0000 0.0000
6460.03 19.07.2018 16.40.01 28.36416 296.4266 72.5061 0.2060 -2.2733 3.3057 134.6993 72.6062 363.9134 420.5347 -37.2830 0.0000 0.0000
6470.03 19.07.2018 16.50.01 28.39590 296.3336 97.9687 0.2783 -2.2610 3.3857 135.6863 73.0129 362.6719 419.1880 -36.6551 0.0000 0.0000
6480.03 19.07.2018 17.00.01 28.43438 296.2579 118.4117 0.3364 -2.2961 3.5100 136.8673 73.5020 361.4279 418.0664 -36.0955 0.0000 0.0000
6490.03 19.07.2018 17.10.01 28.47775 296.0146 66.5238 0.1890 -2.3708 3.4130 127.4144 68.4472 360.1191 416.3006 -34.8490 0.0000 0.0000
6500.03 19.07.2018 17.20.01 28.50460 295.8014 9.0695 0.0258 -2.3792 3.2067 115.4482 61.9781 358.4693 414.2021 -31.7135 0.0000 0.0000
6510.03 19.07.2018 17.30.01 28.51330 295.5122 -34.8271 -0.0989 -2.3185 2.9594 102.8408 55.1605 356.6403 411.7554 -29.5575 0.0000 0.0000
6520.03 19.07.2018 17.40.01 28.50735 295.2727 -75.5602 -0.2147 -2.2106 2.6612 85.5452 45.9926 354.8238 409.1582 -25.7323 0.0000 0.0000
6530.03 19.07.2018 17.50.01 28.48773 295.0370 -112.9849 -0.3210 -2.0611 2.3201 72.9525 39.1536 352.9414 406.3373 -22.0192 0.0000 0.0000
6540.03 19.07.2018 18.00.01 28.45547 294.7930 -144.4910 -0.4105 -1.8757 1.9536 58.9476 31.6089 351.0232 403.3991 -18.6816 0.0000 0.0000
6550.03 19.07.2018 18.10.01 28.41247 294.4517 -127.2774 -0.3616 -1.6642 1.7369 50.6672 27.1090 349.4856 400.6894 -16.6950 0.0000 0.0000
6560.03 19.07.2018 18.20.01 28.37277 294.1127 -122.5195 -0.3481 -1.4981 1.5334 41.0990 22.0152 348.0810 398.0696 -15.0157 0.0000 0.0000
6570.03 19.07.2018 18.30.01 28.33270 293.7764 -169.9949 -0.4829 -1.3573 1.1659 33.5972 18.0007 346.7312 395.3908 -13.3735 0.0000 0.0000
6580.03 19.07.2018 18.40.01 28.27706 293.4461 -203.3676 -0.5777 -1.1650 0.7830 24.7818 13.3288 345.4079 392.7306 -11.8787 0.0000 0.0000
6590.03 19.07.2018 18.50.01 28.20992 293.1173 -223.1241 -0.6339 -0.9436 0.4129 16.2222 8.8024 344.0701 390.0839 -10.3883 0.0000 0.0000
6600.03 19.07.2018 19.00.01 28.13561 292.7847 -182.3144 -0.5179 -0.7137 0.2610 8.9710 4.8962 342.7300 387.5666 -9.1090 0.0000 0.0000
6610.03 19.07.2018 19.10.01 28.07183 292.4321 -149.1140 -0.4236 -0.5625 0.1852 6.6934 3.6431 341.2553 385.3587 -8.4239 0.0000 0.0000
6620.03 19.07.2018 19.20.01 28.01653 292.0764 -129.7767 -0.3687 -0.4769 0.1443 5.2636 2.8639 339.9030 383.3658 -8.0702 0.0000 0.0000
6630.03 19.07.2018 19.30.01 27.96584 291.7258 -123.9632 -0.3522 -0.4344 0.1096 3.9822 2.1673 338.6064 381.4698 -7.8644 0.0000 0.0000
6640.03 19.07.2018 19.40.01 27.91573 291.3728 -125.5891 -0.3568 -0.4138 0.0760 2.7280 1.4859 337.3339 379.6321 -7.7734 0.0000 0.0000
6650.03 19.07.2018 19.50.01 27.86410 291.0127 -130.9499 -0.3720 -0.4040 0.0427 1.4788 0.8073 336.0697 377.8317 -7.7957 0.0000 0.0000
6660.03 19.07.2018 20.00.01 27.80987 290.6641 -138.3011 -0.3929 -0.4000 0.0094 0.2322 0.1301 334.8150 376.0777 -7.8386 0.0000 0.0000
6670.03 19.07.2018 20.10.01 27.75216 290.4782 -138.7731 -0.3942 -0.3955 0.0017 0.0393 0.0218 334.0048 374.7049 -7.1062 0.0000 0.0000
6680.03 19.07.2018 20.20.01 27.69363 290.3018 -140.4545 -0.3990 -0.3992 0.0003 0.0074 0.0041 333.2874 373.4747 -6.5369 0.0000 0.0000
6690.03 19.07.2018 20.30.01 27.63406 290.1301 -144.0201 -0.4091 -0.4092 0.0001 0.0013 0.0007 332.6082 372.3375 -6.0669 0.0000 0.0000
6700.03 19.07.2018 20.40.01 27.57278 289.9600 -148.4513 -0.4217 -0.4217 0.0000 0.0002 0.0001 331.9567 371.2729 -5.6876 0.0000 0.0000
6710.03 19.07.2018 20.50.01 27.50955 289.7922 -153.3812 -0.4357 -0.4357 0.0000 0.0000 0.0000 331.3293 370.2686 -5.3809 0.0000 0.0000
6720.03 19.07.2018 21.00.01 27.44424 289.6240 -158.5441 -0.4504 -0.4504 0.0000 0.0000 0.0000 330.7186 369.3107 -5.1457 0.0000 0.0000
6730.03 19.07.2018 21.10.01 27.37673 289.4112 -163.7451 -0.4652 -0.4652 0.0000 0.0000 0.0000 330.3437 368.3704 -5.2431 0.0000 0.0000
6740.03 19.07.2018 21.20.01 27.30703 289.1985 -169.0841 -0.4804 -0.4804 0.0000 0.0000 0.0000 329.9778 367.4620 -5.3905 0.0000 0.0000
6750.03 19.07.2018 21.30.01 27.23510 288.9845 -174.2180 -0.4949 -0.4949 0.0000 0.0000 0.0000 329.6218 366.5804 -5.5781 0.0000 0.0000
6760.03 19.07.2018 21.40.01 27.16107 288.7716 -179.1866 -0.5091 -0.5091 0.0000 0.0000 0.0000 329.2706 365.7212 -5.7952 0.0000 0.0000
6770.03 19.07.2018 21.50.01 27.08499 288.5605 -183.8617 -0.5223 -0.5223 0.0000 0.0000 0.0000 328.9243 364.8837 -6.0298 0.0000 0.0000
6780.03 19.07.2018 22.00.01 27.00701 288.3496 -188.2898 -0.5349 -0.5349 0.0000 0.0000 0.0000 328.5826 364.0629 -6.2892 0.0000 0.0000
6790.03 19.07.2018 22.10.01 26.92721 288.1534 -192.3844 -0.5465 -0.5465 0.0000 0.0000 0.0000 327.2463 363.1300 -6.3510 0.0000 0.0000
6800.03 19.07.2018 22.20.01 26.84573 287.9561 -196.6356 -0.5586 -0.5586 0.0000 0.0000 0.0000 325.8747 362.1631 -6.3763 0.0000 0.0000
6810.03 19.07.2018 22.30.01 26.76245 287.7599 -200.8353 -0.5706 -0.5706 0.0000 0.0000 0.0000 324.4969 361.1812 -6.3767 0.0000 0.0000
6820.03 19.07.2018 22.40.01 26.67745 287.5664 -204.9014 -0.5821 -0.5821 0.0000 0.0000 0.0000 323.1249 360.1917 -6.3631 0.0000 0.0000
6830.03 19.07.2018 22.50.01 26.59084 287.3718 -208.8095 -0.5932 -0.5932 0.0000 0.0000 0.0000 321.7587 359.1955 -6.3442 0.0000 0.0000
6840.03 19.07.2018 23.00.01 26.50256 287.1778 -212.2658 -0.6030 -0.6030 0.0000 0.0000 0.0000 320.3929 358.1935 -6.3205 0.0000 0.0000
6850.03 19.07.2018 23.10.01 26.41290 286.9685 -215.6619 -0.6127 -0.6127 0.0000 0.0000 0.0000 319.5258 357.2809 -6.3041 0.0000 0.0000
6860.03 19.07.2018 23.20.01 26.32186 286.7748 -218.7902 -0.6216 -0.6216 0.0000 0.0000 0.0000 318.6835 356.3979 -6.2922 0.0000 0.0000
6870.03 19.07.2018 23.30.01 26.22961 286.5866 -221.8714 -0.6303 -0.6303 0.0000 0.0000 0.0000 317.8297 355.5012 -6.3721 0.0000 0.0000
6880.03 19.07.2018 23.40.01 26.13598 286.4017 -224.8438 -0.6388 -0.6388 0.0000 0.0000 0.0000 316.9413 354.5800 -6.5475 0.0000 0.0000
6890.03 19.07.2018 23.50.01 26.04113 286.1817 -228.3835 -0.6488 -0.6488 0.0000 0.0000 0.0000 316.0141 353.5956 -6.9262 0.0000 0.0000
6900.03 20.07.2018 00.00.01 25.94467 285.9323 -231.8414 -0.6586 -0.6586 0.0000 0.0000 0.0000 315.1361 352.5821 -7.4327 0.0000 0.0000
6910.03 20.07.2018 00.10.01 25.84686 285.7840 -235.2371 -0.6683 -0.6683 0.0000 0.0000 0.0000 314.1528 351.7148 -7.1951 0.0000 0.0000
6920.03 20.07.2018 00.20.01 25.74783 285.6411 -237.4415 -0.6745 -0.6745 0.0000 0.0000 0.0000 313.1626 350.8637 -6.9572 0.0000 0.0000
6930.03 20.07.2018 00.30.01 25.64803 285.4964 -239.2564 -0.6797 -0.6797 0.0000 0.0000 0.0000 312.1716 350.0237 -6.7321 0.0000 0.0000
6940.03 20.07.2018 00.40.01 25.54736 285.3371 -240.3281 -0.6828 -0.6828 0.0000 0.0000 0.0000 311.1915 349.1787 -6.5775 0.0000 0.0000
6950.03 20.07.2018 00.50.01 25.44637 285.1772 -241.7880 -0.6869 -0.6869 0.0000 0.0000 0.0000 310.2182 348.3414 -6.4367 0.0000 0.0000
6960.03 20.07.2018 01.00.01 25.34475 285.0150 -243.0907 -0.6906 -0.6906 0.0000 0.0000 0.0000 309.2641 347.5132 -6.3102 0.0000 0.0000
6970.03 20.07.2018 01.10.01 25.24255 284.8602 -244.0956 -0.6935 -0.6935 0.0000 0.0000 0.0000 308.6567 346.7487 -6.2232 0.0000 0.0000
6980.03 20.07.2018 01.20.01 25.14001 284.7064 -244.9250 -0.6958 -0.6958 0.0000 0.0000 0.0000 308.0798 346.0021 -6.1875 0.0000 0.0000
6990.03 20.07.2018 01.30.01 25.03744 284.5530 -245.9797 -0.6988 -0.6988 0.0000 0.0000 0.0000 307.5456 345.2736 -6.1955 0.0000 0.0000
7000.03 20.07.2018 01.40.01 24.93411 284.4002 -245.9769 -0.6988 -0.6988 0.0000 0.0000 0.0000 307.0312 344.5595 -6.2231 0.0000 0.0000
7010.03 20.07.2018 01.50.01 24.83068 284.2429 -246.1472 -0.6993 -0.6993 0.0000 0.0000 0.0000 306.5372 343.8537 -6.2938 0.0000 0.0000
7020.03 20.07.2018 02.00.01 24.72726 284.0953 -246.5913 -0.7005 -0.7005 0.0000 0.0004 0.0002 306.0364 343.1672 -6.3285 0.0000 0.0000
7030.03 20.07.2018 02.10.01 24.62383 283.9746 -246.1010 -0.6992 -0.7031 0.0053 0.2181 0.1178 305.8878 342.5981 -6.2545 0.0000 0.0000
7040.03 20.07.2018 02.20.01 24.52041 283.8606 -245.8794 -0.6985 -0.7074 0.0119 0.4691 0.2540 305.7462 342.0629 -6.2393 0.0000 0.0000
7050.03 20.07.2018 02.30.01 24.41699 283.7437 -246.0926 -0.6991 -0.7131 0.0187 0.7254 0.3932 305.5906 341.5410 -6.2810 0.0000 0.0000
7060.03 20.07.2018 02.40.01 24.31341 283.6178 -246.5408 -0.7004 -0.7196 0.0256 0.9827 0.5330 305.4277 341.0204 -6.3966 0.0000 0.0000
7070.03 20.07.2018 02.50.01 24.20953 283.4856 -247.0664 -0.7019 -0.7262 0.0324 1.2402 0.6729 305.2711 340.5076 -6.5569 0.0000 0.0000
7080.03 20.07.2018 03.00.01 24.10543 283.3506 -247.6111 -0.7034 -0.7330 0.0394 1.5024 0.8153 305.1269 340.0016 -6.7641 0.0000 0.0000
7090.03 20.07.2018 03.10.01 24.00131 283.3975 -230.1413 -0.6538 -0.7392 0.1138 4.5489 2.4612 304.8078 339.8903 -6.3361 0.0000 0.0000
7100.03 20.07.2018 03.20.01 23.90261 283.4477 -216.2850 -0.6144 -0.7683 0.2051 8.0208 4.3462 304.6287 339.9401 -6.0984 0.0000 0.0000
7110.03 20.07.2018 03.30.01 23.80834 283.5025 -207.5382 -0.5896 -0.8141 0.2993 11.5609 6.2691 304.5207 340.0828 -5.9551 0.0000 0.0000
7120.03 20.07.2018 03.40.01 23.71703 283.5563 -201.6712 -0.5729 -0.8685 0.3941 15.1143 8.1994 304.4658 340.2931 -5.9240 0.0000 0.0000
7130.03 20.07.2018 03.50.01 23.62783 283.6181 -197.2183 -0.5603 -0.9270 0.4889 18.6699 10.1309 304.4424 340.5683 -5.9383 0.0000 0.0000
7140.03 20.07.2018 04.00.01 23.54034 283.6846 -193.4726 -0.5496 -0.9875 0.5838 22.2255 12.0625 304.4289 340.8991 -5.9744 0.0000 0.0000
7150.03 20.07.2018 04.10.01 23.45434 284.0540 -191.6515 -0.5445 -1.0486 0.6722 25.5137 13.8496 304.8652 341.5973 -4.8102 0.0000 0.0000
7160.03 20.07.2018 04.20.01 23.36938 284.3979 -189.0442 -0.5371 -1.1063 0.7590 28.7609 15.6137 305.3681 342.3560 -3.9179 0.0000 0.0000
7170.03 20.07.2018 04.30.01 23.28573 284.7313 -185.6241 -0.5273 -1.1614 0.8455 32.0017 17.3742 305.9317 343.1798 -3.1694 0.0000 0.0000
7180.03 20.07.2018 04.40.01 23.20361 285.0552 -181.5970 -0.5159 -1.2148 0.9319 35.2411 19.1340 306.5407 344.0624 -2.5322 0.0000 0.0000
7190.03 20.07.2018 04.50.01 23.12328 285.3767 -177.1097 -0.5032 -1.2669 1.0183 38.4803 20.8936 307.2038 345.0094 -1.9498 0.0000 0.0000
