# simtime date time IndoorTemp Av_Tair_at_facade Energyflux.toIndoor.sum  Energyflux.toIndoor.average Energyflux.Conduction.average Energyflux.SW.transmission.average Shortwave.availabe Shortwave.absorbed Longwave.available Longwave.emittedFacade Sensible.outside Vapour.fromGreening Vapour.fromSubstrate
10.02 15.07.2018 05.10.00 19.92285 288.7551 195.2451 0.5547 -0.6244 1.5721 236.4859 125.6145 322.9910 378.4460 -25.2842 0.0000 0.0000
20.02 15.07.2018 05.20.00 19.96362 289.3958 255.2381 0.7251 -1.1503 2.5005 383.2398 203.3008 325.7894 392.0830 -37.4080 0.0000 0.0000
30.03 15.07.2018 05.30.01 20.02844 290.1143 345.6131 0.9819 -1.6896 3.5619 422.0692 222.5022 329.9555 401.3966 -44.7204 0.0000 0.0000
40.03 15.07.2018 05.40.01 20.12979 290.8309 397.6361 1.1296 -2.2803 4.5466 504.1405 261.7227 334.4576 409.6599 -50.1587 0.0000 0.0000
50.03 15.07.2018 05.50.01 20.24935 291.3344 212.7307 0.6043 -2.8542 4.6114 581.7310 298.7338 336.6412 418.2928 -59.4274 0.0000 0.0000
60.03 15.07.2018 06.00.01 20.31790 291.8696 112.3773 0.3193 -3.1003 4.5594 512.5544 261.2541 338.3827 422.6447 -65.1922 0.0000 0.0000
70.03 15.07.2018 06.10.01 20.35894 292.1504 81.9098 0.2327 -3.1712 4.5385 486.6341 247.4615 339.7476 426.5747 -70.6149 0.0000 0.0000
80.03 15.07.2018 06.20.01 20.39263 292.4317 106.6262 0.3029 -3.1857 4.6515 454.1527 229.6314 341.2815 428.5016 -73.6812 0.0000 0.0000
90.03 15.07.2018 06.30.01 20.43469 292.6998 123.4816 0.3508 -3.2240 4.7665 436.6264 220.7703 342.9457 431.1354 -77.8907 0.0000 0.0000
100.03 15.07.2018 06.40.01 20.48324 292.9995 155.4610 0.4417 -3.2746 4.9550 424.7801 214.5562 344.7839 433.0115 -80.3558 0.0000 0.0000
110.03 15.07.2018 06.50.01 20.55023 293.3229 661.2411 1.8785 -3.3926 7.0282 425.9518 214.7307 346.8437 435.7940 -84.0078 0.0000 0.0000
120.03 15.07.2018 07.00.01 20.77276 293.6656 1067.5861 3.0329 -4.2463 9.7056 430.5700 216.5148 348.7994 438.5657 -87.4160 0.0000 0.0000
130.03 15.07.2018 07.10.01 21.12054 293.9791 1254.5840 3.5642 -5.6476 12.2823 437.8567 219.5870 350.7481 441.6077 -85.6229 0.0000 0.0000
140.03 15.07.2018 07.20.01 21.52926 294.3016 1338.4935 3.8025 -7.2594 14.7493 445.0715 222.6985 352.7346 444.7223 -84.9804 0.0000 0.0000
150.03 15.07.2018 07.30.01 21.96786 294.6376 1365.2106 3.8784 -8.9279 17.0752 451.6858 225.5551 354.7668 447.7827 -84.8717 0.0000 0.0000
160.03 15.07.2018 07.40.01 22.41924 294.9758 1375.9987 3.9091 -10.5742 19.3110 459.8207 229.1856 356.7318 450.8649 -84.7590 0.0000 0.0000
170.03 15.07.2018 07.50.01 22.87786 295.3168 1373.2502 3.9013 -12.1795 21.4410 467.4493 232.5918 358.7612 453.9688 -84.9455 0.0000 0.0000
180.03 15.07.2018 08.00.01 23.33962 295.6600 1380.6575 3.9223 -13.7301 23.5366 473.5909 235.1316 360.7693 456.8866 -85.1175 0.0000 0.0000
190.03 15.07.2018 08.10.01 23.80654 295.9381 1341.3922 3.8108 -15.2429 25.4049 479.2497 237.5943 362.8831 460.4873 -80.7240 0.0000 0.0000
200.03 15.07.2018 08.20.01 24.26449 296.1242 1293.9680 3.6760 -16.6534 27.1060 483.8920 239.5735 364.8259 463.3141 -82.9627 0.0000 0.0000
210.03 15.07.2018 08.30.01 24.70950 296.2821 1176.4268 3.3421 -17.9488 28.3880 487.7913 241.4224 366.8000 465.6195 -87.8513 0.0000 0.0000
220.03 15.07.2018 08.40.01 25.12264 296.4210 1185.1652 3.3669 -19.0468 29.8850 492.6577 243.5387 368.7125 468.5168 -86.9824 0.0000 0.0000
230.03 15.07.2018 08.50.01 25.53912 296.6344 1163.3473 3.3050 -20.1424 31.2632 497.2019 245.5514 370.6789 471.5805 -86.4693 0.0000 0.0000
240.03 15.07.2018 09.00.01 25.94985 296.9800 1108.8042 3.1500 -21.1792 32.4389 500.9635 247.2474 372.8352 474.7524 -86.0670 0.0000 0.0000
250.03 15.07.2018 09.10.01 26.34542 297.4144 1021.6599 2.9024 -22.0983 33.3343 501.6642 247.4541 374.6198 478.4591 -71.9324 0.0000 0.0000
260.03 15.07.2018 09.20.01 26.71578 297.8655 882.0049 2.5057 -22.8524 33.8108 502.4612 248.0350 376.2675 480.4074 -78.7820 0.0000 0.0000
270.03 15.07.2018 09.30.01 27.04614 298.0051 879.1676 2.4976 -23.3982 34.5278 503.1394 248.3625 377.4294 479.8937 -96.5803 0.0000 0.0000
280.03 15.07.2018 09.40.01 27.37545 298.5181 882.9244 2.5083 -23.9425 35.2678 505.5454 249.5577 379.2706 482.9830 -91.7713 0.0000 0.0000
290.03 15.07.2018 09.50.01 27.70638 298.8375 865.7578 2.4595 -24.4777 35.9163 507.6618 250.6479 381.4393 485.7188 -91.8998 0.0000 0.0000
300.03 15.07.2018 10.00.01 28.03192 298.3387 799.5757 2.2715 -24.9783 36.3331 508.3809 251.0747 382.8944 486.1633 -98.5589 0.0000 0.0000
310.03 15.07.2018 10.10.01 28.33837 298.5426 834.1243 2.3697 -25.3873 37.0093 509.8204 251.5861 383.8610 487.6970 -96.0429 0.0000 0.0000
320.03 15.07.2018 10.20.01 28.65566 298.6743 848.3569 2.4101 -25.8392 37.6658 511.6630 252.3541 385.1003 489.3474 -94.6296 0.0000 0.0000
330.03 15.07.2018 10.30.01 28.97723 298.8162 806.4236 2.2910 -26.2981 38.1187 511.5633 252.1106 386.1054 490.2351 -94.6187 0.0000 0.0000
340.03 15.07.2018 10.40.01 29.28921 298.9603 925.7924 2.6301 -26.6954 39.1006 513.4123 252.5685 387.0976 490.7379 -96.0037 0.0000 0.0000
350.03 15.07.2018 10.50.01 29.63452 299.1686 846.0139 2.4034 -27.2298 39.5110 514.1091 252.7663 388.0493 491.2219 -96.9922 0.0000 0.0000
360.03 15.07.2018 11.00.01 29.95690 299.4308 757.9304 2.1532 -27.6311 39.7125 513.7125 252.4658 388.8176 491.5653 -97.9251 0.0000 0.0000
370.03 15.07.2018 11.10.01 30.25436 299.4777 797.1234 2.2646 -27.8981 40.2169 511.3853 250.9510 389.7685 492.8335 -95.8159 0.0000 0.0000
380.03 15.07.2018 11.20.01 30.56219 299.5574 651.8227 1.8518 -28.2155 40.0896 507.9365 249.2397 390.6541 494.0771 -93.7299 0.0000 0.0000
390.03 15.07.2018 11.30.01 30.82690 299.6536 552.0453 1.5683 -28.3137 39.8427 503.8042 247.2087 391.3260 495.1436 -91.8622 0.0000 0.0000
400.03 15.07.2018 11.40.01 31.06182 299.8164 515.9164 1.4657 -28.2680 39.6449 500.8941 245.7939 391.8736 496.3080 -88.8650 0.0000 0.0000
410.03 15.07.2018 11.50.01 31.28500 299.8866 466.9348 1.3265 -28.1785 39.3400 497.2662 244.0293 392.3409 496.0058 -90.8117 0.0000 0.0000
420.03 15.07.2018 12.00.01 31.49178 300.0050 375.7326 1.0674 -28.0310 38.7979 492.3811 241.6895 392.7240 495.4151 -92.5784 0.0000 0.0000
430.03 15.07.2018 12.10.01 31.67001 300.1415 304.7965 0.8659 -27.7607 38.1688 486.7622 239.0893 393.4291 497.5200 -86.0762 0.0000 0.0000
440.03 15.07.2018 12.20.01 31.82586 300.2488 228.0567 0.6479 -27.3984 37.3951 480.0482 235.9410 393.8251 495.5953 -91.6105 0.0000 0.0000
450.03 15.07.2018 12.30.01 31.95687 300.5754 164.8764 0.4684 -26.9433 36.5489 473.0192 232.6581 393.6858 493.8552 -95.0390 0.0000 0.0000
460.03 15.07.2018 12.40.01 32.06753 300.9238 131.3472 0.3731 -26.4142 35.7164 466.5770 229.6446 393.5730 492.7660 -93.3516 0.0000 0.0000
470.03 15.07.2018 12.50.01 32.16662 300.9316 153.9586 0.4374 -25.8614 35.0651 463.0771 228.2600 393.9917 491.7022 -95.7794 0.0000 0.0000
480.03 15.07.2018 13.00.01 32.26925 300.9998 55.4777 0.1576 -25.3670 34.0329 455.8586 224.9312 394.0403 490.0635 -98.3629 0.0000 0.0000
490.03 15.07.2018 13.10.01 32.34039 301.0631 -32.2060 -0.0915 -24.7495 32.8774 445.9383 220.2599 393.8601 489.3597 -96.2273 0.0000 0.0000
500.03 15.07.2018 13.20.01 32.38311 301.1189 -118.5300 -0.3367 -24.0264 31.5862 434.4572 214.7547 393.5717 488.4114 -93.5403 0.0000 0.0000
510.03 15.07.2018 13.30.01 32.39764 301.1657 -189.8977 -0.5395 -23.2042 30.2197 422.2168 208.8509 393.1510 487.2396 -90.8058 0.0000 0.0000
520.03 15.07.2018 13.40.01 32.38827 301.2048 -231.7738 -0.6584 -22.3099 28.8686 410.6218 203.2711 392.6697 485.9915 -88.1331 0.0000 0.0000
530.03 15.07.2018 13.50.01 32.36358 301.2401 -260.8917 -0.7412 -21.3883 27.5295 400.0107 198.2727 392.2004 484.8118 -85.7442 0.0000 0.0000
540.03 15.07.2018 14.00.01 32.32705 301.2715 -336.0680 -0.9547 -20.4556 26.0011 387.5202 192.2905 391.6413 483.3179 -83.1472 0.0000 0.0000
550.03 15.07.2018 14.10.01 32.26422 301.3011 -540.6026 -1.5358 -19.4393 23.8713 366.6169 182.4139 391.9060 482.1879 -76.9470 0.0000 0.0000
560.03 15.07.2018 14.20.01 32.13745 301.2936 -674.7966 -1.9170 -18.1544 21.6498 343.8143 171.4680 391.8290 480.4641 -70.9949 0.0000 0.0000
570.03 15.07.2018 14.30.01 31.96737 301.3059 -715.9614 -2.0340 -16.7176 19.5782 322.3303 161.2000 391.8015 478.7032 -65.7889 0.0000 0.0000
580.03 15.07.2018 14.40.01 31.78143 301.3407 -712.7564 -2.0249 -15.2686 17.6583 301.6116 151.3305 392.0174 477.0833 -60.5548 0.0000 0.0000
590.03 15.07.2018 14.50.01 31.59277 301.3505 -725.0262 -2.0597 -13.8675 15.7437 279.9891 140.9145 392.0383 475.0796 -55.5505 0.0000 0.0000
600.03 15.07.2018 15.00.01 31.39724 301.3433 -731.5258 -2.0782 -12.4893 13.8814 258.5708 130.5808 391.9037 472.8551 -50.8659 0.0000 0.0000
610.03 15.07.2018 15.10.01 31.19726 301.2997 -605.5588 -1.7203 -11.1642 12.5919 249.0175 126.3090 391.1385 470.4591 -51.7374 0.0000 0.0000
620.03 15.07.2018 15.20.01 31.03442 301.1722 -505.8321 -1.4370 -10.0524 11.4872 238.1575 121.1131 390.4790 467.4460 -54.4026 0.0000 0.0000
630.03 15.07.2018 15.30.01 30.89858 301.0715 -456.2565 -1.2962 -9.1192 10.4306 227.4193 115.9539 389.7828 464.4620 -55.0380 0.0000 0.0000
640.03 15.07.2018 15.40.01 30.77545 300.9543 -416.9650 -1.1846 -8.2820 9.4633 216.9385 110.9329 389.1129 461.5767 -55.3284 0.0000 0.0000
650.03 15.07.2018 15.50.01 30.66238 300.8299 -398.1945 -1.1312 -7.5231 8.5225 208.8123 107.3044 388.3087 458.9809 -55.4463 0.0000 0.0000
660.03 15.07.2018 16.00.01 30.55340 300.6591 -387.2963 -1.1003 -6.8101 7.6131 200.4933 103.5366 387.3927 456.3062 -55.2210 0.0000 0.0000
670.03 15.07.2018 16.10.01 30.44564 300.5071 -417.7746 -1.1869 -6.1356 6.5984 188.5127 97.5196 385.1859 453.2925 -50.2133 0.0000 0.0000
680.03 15.07.2018 16.20.01 30.32708 300.3463 -430.8741 -1.2241 -5.4391 5.6201 176.9354 91.7174 382.9949 450.3935 -46.0659 0.0000 0.0000
690.03 15.07.2018 16.30.01 30.20278 300.1807 -422.1762 -1.1994 -4.7475 4.7308 166.1606 86.3296 380.8302 447.5932 -42.7533 0.0000 0.0000
700.03 15.07.2018 16.40.01 30.08013 300.0416 -293.8971 -0.8349 -4.0900 4.3400 159.1726 82.8547 378.6213 445.3140 -39.8720 0.0000 0.0000
710.03 15.07.2018 16.50.01 29.99389 299.8531 -233.4930 -0.6633 -3.6411 3.9703 149.4968 77.7508 376.4022 442.5280 -37.5392 0.0000 0.0000
720.03 15.07.2018 17.00.01 29.92419 299.6388 -225.9253 -0.6418 -3.2951 3.5377 150.1613 78.8984 374.0528 441.2457 -36.9657 0.0000 0.0000
730.03 15.07.2018 17.10.01 29.85610 299.4154 -179.7745 -0.5107 -2.9723 3.2822 145.8355 76.8805 372.2936 439.2334 -35.8551 0.0000 0.0000
740.03 15.07.2018 17.20.01 29.80065 299.1929 -158.4668 -0.4502 -2.7278 3.0368 141.8609 75.0654 370.6040 437.3082 -34.8895 0.0000 0.0000
750.03 15.07.2018 17.30.01 29.75085 298.9666 -159.4254 -0.4529 -2.5232 2.7604 136.6497 72.5320 368.8683 435.2192 -33.7858 0.0000 0.0000
760.03 15.07.2018 17.40.01 29.70016 298.7454 -154.2002 -0.4381 -2.3254 2.5164 130.0206 69.1984 367.1774 433.0261 -32.5278 0.0000 0.0000
770.03 15.07.2018 17.50.01 29.65032 298.5234 -159.4303 -0.4529 -2.1440 2.2547 122.8044 65.5258 365.4846 430.7225 -31.1215 0.0000 0.0000
780.03 15.07.2018 18.00.01 29.59814 298.2983 -168.6519 -0.4791 -1.9635 1.9792 115.2661 61.6711 363.7533 428.3461 -29.6247 0.0000 0.0000
790.03 15.07.2018 18.10.01 29.54247 297.7795 -158.5657 -0.4505 -1.7828 1.7764 103.7049 55.6036 362.0293 425.3273 -29.1141 0.0000 0.0000
800.03 15.07.2018 18.20.01 29.48797 297.2555 -172.7766 -0.4908 -1.6375 1.5289 91.0767 48.9299 360.1649 421.9840 -28.1405 0.0000 0.0000
810.03 15.07.2018 18.30.01 29.42770 296.7291 -187.8409 -0.5336 -1.4904 1.2757 77.9065 41.9364 358.2364 418.4305 -26.9724 0.0000 0.0000
820.03 15.07.2018 18.40.01 29.36144 296.2014 -196.0203 -0.5569 -1.3395 1.0435 58.1069 31.3008 356.3316 414.2710 -25.0173 0.0000 0.0000
830.03 15.07.2018 18.50.01 29.29128 295.6677 -210.7224 -0.5986 -1.1937 0.7934 37.3488 20.1038 354.3803 409.7311 -22.6542 0.0000 0.0000
840.03 15.07.2018 19.00.01 29.21530 295.1316 -222.4523 -0.6320 -1.0426 0.5474 15.9119 8.4949 352.4265 404.9338 -19.9324 0.0000 0.0000
850.03 15.07.2018 19.10.01 29.13464 294.4953 -215.2449 -0.6115 -0.8911 0.3728 12.9544 6.9355 350.5836 401.3108 -18.9079 0.0000 0.0000
860.03 15.07.2018 19.20.01 29.05483 293.8742 -193.4564 -0.5496 -0.7662 0.2888 10.9281 5.8651 348.9118 398.1459 -18.4700 0.0000 0.0000
870.03 15.07.2018 19.30.01 28.98043 293.2613 -183.0167 -0.5199 -0.6872 0.2230 9.0565 4.8737 347.3287 395.1828 -18.2774 0.0000 0.0000
880.03 15.07.2018 19.40.01 28.90820 292.6558 -181.0403 -0.5143 -0.6340 0.1596 6.2068 3.3423 345.7955 392.3230 -17.9080 0.0000 0.0000
890.03 15.07.2018 19.50.01 28.83572 292.0427 -184.3812 -0.5238 -0.5937 0.0931 3.2712 1.7617 344.2862 389.5467 -17.6709 0.0000 0.0000
900.03 15.07.2018 20.00.01 28.76147 291.4377 -189.3607 -0.5380 -0.5579 0.0265 0.2845 0.1503 342.7946 386.8601 -17.4825 0.0000 0.0000
910.03 15.07.2018 20.10.01 28.68508 291.0128 -182.9711 -0.5198 -0.5234 0.0048 0.0511 0.0270 341.2821 384.6197 -16.9133 0.0000 0.0000
920.03 15.07.2018 20.20.01 28.61004 290.5964 -177.7754 -0.5050 -0.5057 0.0009 0.0093 0.0049 339.8350 382.5562 -16.5152 0.0000 0.0000
930.03 15.07.2018 20.30.01 28.53588 290.1820 -176.5527 -0.5016 -0.5017 0.0002 0.0017 0.0009 338.4136 380.6029 -16.2517 0.0000 0.0000
940.03 15.07.2018 20.40.01 28.46157 289.7769 -178.5185 -0.5072 -0.5072 0.0000 0.0003 0.0002 337.0015 378.7513 -15.9620 0.0000 0.0000
950.03 15.07.2018 20.50.01 28.38601 289.3469 -182.5108 -0.5185 -0.5185 0.0000 0.0001 0.0000 335.5891 376.9385 -15.9059 0.0000 0.0000
960.03 15.07.2018 21.00.01 28.30847 288.9508 -187.5505 -0.5328 -0.5328 0.0000 0.0000 0.0000 334.1897 375.2043 -15.8670 0.0000 0.0000
970.03 15.07.2018 21.10.01 28.22875 288.6829 -193.6658 -0.5502 -0.5502 0.0000 0.0000 0.0000 332.9988 373.8192 -14.6876 0.0000 0.0000
980.03 15.07.2018 21.20.01 28.14636 288.4612 -199.5258 -0.5668 -0.5668 0.0000 0.0000 0.0000 331.6301 372.6141 -13.5519 0.0000 0.0000
990.03 15.07.2018 21.30.01 28.06140 288.4084 -205.0102 -0.5824 -0.5824 0.0000 0.0000 0.0000 330.6310 371.1689 -13.8303 0.0000 0.0000
1000.03 15.07.2018 21.40.01 27.97494 288.4460 -207.5682 -0.5897 -0.5897 0.0000 0.0000 0.0000 329.6880 370.3041 -11.5927 0.0000 0.0000
1010.03 15.07.2018 21.50.01 27.88711 287.3554 -212.9209 -0.6049 -0.6049 0.0000 0.0000 0.0000 328.1805 368.2205 -14.9136 0.0000 0.0000
1020.03 15.07.2018 22.00.01 27.79601 286.9886 -222.0657 -0.6309 -0.6309 0.0000 0.0000 0.0000 327.0804 366.3943 -17.3826 0.0000 0.0000
1030.03 15.07.2018 22.10.01 27.70120 286.8714 -230.0445 -0.6535 -0.6535 0.0000 0.0000 0.0000 326.3351 365.1784 -16.4620 0.0000 0.0000
1040.03 15.07.2018 22.20.01 27.60385 286.8022 -233.6950 -0.6639 -0.6639 0.0000 0.0000 0.0000 325.6499 364.1189 -15.4376 0.0000 0.0000
1050.03 15.07.2018 22.30.01 27.50549 286.6863 -235.3174 -0.6685 -0.6685 0.0000 0.0000 0.0000 324.9778 363.0716 -14.8338 0.0000 0.0000
1060.03 15.07.2018 22.40.01 27.40661 286.5813 -237.0056 -0.6733 -0.6733 0.0000 0.0000 0.0000 324.3238 362.0829 -14.3220 0.0000 0.0000
1070.03 15.07.2018 22.50.01 27.30682 286.4713 -239.0227 -0.6790 -0.6790 0.0000 0.0000 0.0000 323.6907 361.1286 -13.9454 0.0000 0.0000
1080.03 15.07.2018 23.00.01 27.20611 286.3557 -241.7437 -0.6868 -0.6868 0.0000 0.0000 0.0000 323.0941 360.2058 -13.6811 0.0000 0.0000
1090.03 15.07.2018 23.10.01 27.10415 286.4015 -244.9628 -0.6959 -0.6959 0.0000 0.0000 0.0000 322.7009 359.6042 -12.2884 0.0000 0.0000
1100.03 15.07.2018 23.20.01 27.00054 286.3584 -249.9469 -0.7101 -0.7101 0.0000 0.0000 0.0000 322.2153 358.9439 -11.5776 0.0000 0.0000
1110.03 15.07.2018 23.30.01 26.89492 286.2225 -253.6510 -0.7206 -0.7206 0.0000 0.0000 0.0000 321.7027 358.0523 -12.1575 0.0000 0.0000
1120.03 15.07.2018 23.40.01 26.78799 286.3564 -255.8297 -0.7268 -0.7268 0.0000 0.0000 0.0000 321.3189 357.8308 -9.8251 0.0000 0.0000
1130.03 15.07.2018 23.50.01 26.68084 286.0206 -256.8076 -0.7296 -0.7296 0.0000 0.0000 0.0000 320.8832 356.7028 -12.0424 0.0000 0.0000
1140.03 16.07.2018 00.00.01 26.57128 285.4810 -267.3629 -0.7596 -0.7596 0.0000 0.0000 0.0000 320.2785 354.9981 -15.8875 0.0000 0.0000
1150.03 16.07.2018 00.10.01 26.45641 285.4663 -279.9054 -0.7952 -0.7952 0.0000 0.0000 0.0000 319.8580 354.2609 -15.0740 0.0000 0.0000
1160.03 16.07.2018 00.20.01 26.33792 285.4712 -284.9536 -0.8095 -0.8095 0.0000 0.0000 0.0000 319.5468 353.6351 -14.2720 0.0000 0.0000
1170.03 16.07.2018 00.30.01 26.21819 285.4748 -285.2929 -0.8105 -0.8105 0.0000 0.0000 0.0000 319.2692 353.0632 -13.5624 0.0000 0.0000
1180.03 16.07.2018 00.40.01 26.09905 285.4796 -284.4023 -0.8080 -0.8080 0.0000 0.0000 0.0000 319.0147 352.5476 -12.8711 0.0000 0.0000
1190.03 16.07.2018 00.50.01 25.98043 285.4792 -282.2881 -0.8020 -0.8020 0.0000 0.0000 0.0000 318.7436 352.0596 -12.2553 0.0000 0.0000
1200.03 16.07.2018 01.00.01 25.86276 285.4759 -279.9808 -0.7954 -0.7954 0.0000 0.0000 0.0000 318.4933 351.6021 -11.6985 0.0000 0.0000
1210.03 16.07.2018 01.10.01 25.74606 285.3641 -277.6048 -0.7886 -0.7886 0.0000 0.0000 0.0000 318.1266 351.0643 -11.5040 0.0000 0.0000
1220.03 16.07.2018 01.20.01 25.63036 285.2322 -274.6836 -0.7804 -0.7804 0.0000 0.0000 0.0000 317.7518 350.4996 -11.4570 0.0000 0.0000
1230.03 16.07.2018 01.30.01 25.51589 285.0581 -271.9679 -0.7726 -0.7726 0.0000 0.0000 0.0000 317.3652 349.8867 -11.6461 0.0000 0.0000
1240.03 16.07.2018 01.40.01 25.40237 284.9461 -270.2242 -0.7677 -0.7677 0.0000 0.0000 0.0000 316.9931 349.3988 -11.2871 0.0000 0.0000
1250.03 16.07.2018 01.50.01 25.28988 284.8603 -267.0777 -0.7587 -0.7587 0.0000 0.0000 0.0000 316.6316 348.9518 -10.8438 0.0000 0.0000
1260.03 16.07.2018 02.00.01 25.17892 284.7641 -262.8808 -0.7468 -0.7468 0.0000 0.0006 0.0003 316.2779 348.5023 -10.4926 0.0000 0.0000
1270.03 16.07.2018 02.10.01 25.06976 284.8719 -254.7616 -0.7238 -0.7351 0.0151 0.3525 0.1840 316.0298 348.3794 -9.1827 0.0000 0.0000
1280.03 16.07.2018 02.20.01 24.96285 284.7365 -250.0406 -0.7103 -0.7360 0.0343 0.7497 0.3919 315.5365 348.0594 -8.6905 0.0000 0.0000
1290.03 16.07.2018 02.30.01 24.85717 284.6125 -248.1939 -0.7051 -0.7456 0.0541 1.1539 0.6034 315.2376 347.5550 -9.0766 0.0000 0.0000
1300.03 16.07.2018 02.40.01 24.75234 284.8641 -246.0904 -0.6991 -0.7546 0.0740 1.5594 0.8157 315.0122 347.5635 -7.6319 0.0000 0.0000
1310.03 16.07.2018 02.50.01 24.64858 284.3756 -243.2823 -0.6911 -0.7616 0.0939 1.9652 1.0280 314.5653 346.8210 -9.0930 0.0000 0.0000
1320.03 16.07.2018 03.00.01 24.54553 284.1408 -243.2987 -0.6912 -0.7767 0.1140 2.3742 1.2421 314.1145 346.0755 -10.3488 0.0000 0.0000
1330.03 16.07.2018 03.10.01 24.44244 284.3018 -221.6179 -0.6296 -0.7917 0.2161 4.6928 2.4531 314.0505 346.0351 -9.3072 0.0000 0.0000
1340.03 16.07.2018 03.20.01 24.34637 284.4825 -203.0570 -0.5769 -0.8319 0.3400 7.2582 3.7955 314.1374 346.1729 -8.3928 0.0000 0.0000
1350.03 16.07.2018 03.30.01 24.25656 284.6661 -189.9200 -0.5395 -0.8902 0.4675 9.8609 5.1576 314.2845 346.4075 -7.6106 0.0000 0.0000
1360.03 16.07.2018 03.40.01 24.17141 284.8529 -180.0944 -0.5116 -0.9584 0.5957 12.4712 6.5237 314.4624 346.7165 -6.9313 0.0000 0.0000
1370.03 16.07.2018 03.50.01 24.08996 285.0476 -172.1811 -0.4892 -1.0322 0.7241 15.0828 7.8905 314.6666 347.0943 -6.3214 0.0000 0.0000
1380.03 16.07.2018 04.00.01 24.01153 285.2488 -165.3340 -0.4697 -1.1090 0.8524 17.6941 9.2572 314.8956 347.5294 -5.7743 0.0000 0.0000
1390.03 16.07.2018 04.10.01 23.93600 286.1491 -160.7608 -0.4567 -1.1841 0.9699 20.0533 10.4922 316.4857 348.8577 -2.9031 0.0000 0.0000
1400.03 16.07.2018 04.20.01 23.86331 286.9293 -152.9223 -0.4344 -1.2478 1.0845 22.3799 11.7098 318.2075 350.2783 0.2347 0.0000 0.0000
1410.03 16.07.2018 04.30.01 23.79452 287.6105 -142.2822 -0.4042 -1.3032 1.1987 24.7016 12.9249 319.9412 351.7954 3.4046 0.0000 0.0000
1420.03 16.07.2018 04.40.01 23.73043 288.3009 -130.9025 -0.3719 -1.3564 1.3127 27.0222 14.1394 321.7363 353.3021 3.8164 0.0000 0.0000
1430.03 16.07.2018 04.50.01 23.67114 289.0117 -119.6150 -0.3398 -1.4099 1.4268 69.6511 36.7124 323.5607 357.0839 3.0963 0.0000 0.0000
1440.03 16.07.2018 05.00.01 23.61682 289.8156 -72.8140 -0.2069 -1.4617 1.6731 76.6930 40.3861 325.7436 360.4286 4.8310 0.0000 0.0000
1450.03 16.07.2018 05.10.01 23.57809 290.4218 -67.6572 -0.1922 -1.5587 1.8220 231.7088 123.0200 327.5888 371.7263 -5.6217 0.0000 0.0000
1460.03 16.07.2018 05.20.01 23.54434 291.2443 127.9636 0.3635 -1.6376 2.6681 372.4409 197.5010 331.2943 386.8262 -19.8314 0.0000 0.0000
1470.03 16.07.2018 05.30.01 23.57165 292.0922 283.6245 0.8058 -1.9669 3.6969 410.1336 216.1488 335.9521 397.4152 -30.1725 0.0000 0.0000
1480.03 16.07.2018 05.40.01 23.64941 292.8533 362.5173 1.0299 -2.4707 4.6675 488.8422 253.7651 340.8078 406.5103 -39.0774 0.0000 0.0000
1490.03 16.07.2018 05.50.01 23.75375 293.4701 186.2509 0.5291 -3.0327 4.7491 562.9180 289.0994 343.3307 415.5872 -52.8078 0.0000 0.0000
1500.03 16.07.2018 06.00.01 23.80972 294.1072 88.1235 0.2504 -3.2916 4.7226 496.6738 253.2351 345.3973 420.8250 -63.7873 0.0000 0.0000
1510.03 16.07.2018 06.10.01 23.83874 294.4681 50.0167 0.1421 -3.3852 4.7030 473.0265 240.6233 346.9705 425.3596 -68.0778 0.0000 0.0000
1520.03 16.07.2018 06.20.01 23.85739 294.8369 67.0369 0.1904 -3.4146 4.8067 443.1183 224.1619 348.6783 428.2676 -69.3941 0.0000 0.0000
1530.03 16.07.2018 06.30.01 23.88174 295.1936 81.6989 0.2321 -3.4606 4.9236 427.4639 216.2405 350.5224 431.9357 -71.7852 0.0000 0.0000
1540.03 16.07.2018 06.40.01 23.91155 295.5635 113.7447 0.3231 -3.5153 5.1179 416.8507 210.6575 352.5264 434.9025 -72.6004 0.0000 0.0000
1550.03 16.07.2018 06.50.01 23.95571 295.9396 648.4722 1.8423 -3.6010 7.2577 419.6001 211.6241 354.6841 438.8330 -74.8174 0.0000 0.0000
1560.03 16.07.2018 07.00.01 24.16049 296.3306 1032.3137 2.9327 -4.4512 9.8452 424.6709 213.6433 356.7278 442.6727 -76.7533 0.0000 0.0000
1570.03 16.07.2018 07.10.01 24.48303 296.6698 1217.7904 3.4596 -5.8143 12.3653 432.5858 217.0394 358.8567 446.2583 -78.2964 0.0000 0.0000
1580.03 16.07.2018 07.20.01 24.86575 297.0092 1302.6398 3.7007 -7.3865 14.7829 440.3702 220.4341 361.0147 449.8779 -79.5030 0.0000 0.0000
1590.03 16.07.2018 07.30.01 25.27899 297.3527 1328.2446 3.7734 -9.0185 17.0559 447.3643 223.4630 363.1991 453.3928 -80.3023 0.0000 0.0000
1600.03 16.07.2018 07.40.01 25.70489 297.6916 1350.5669 3.8368 -10.6259 19.2836 456.0261 227.3566 365.3803 457.0168 -80.4028 0.0000 0.0000
1610.03 16.07.2018 07.50.01 26.14202 298.0319 1351.1920 3.8386 -12.2105 21.3989 464.0355 230.9435 367.6254 460.7030 -80.2659 0.0000 0.0000
1620.03 16.07.2018 08.00.01 26.58364 298.3689 1351.8157 3.8404 -13.7440 23.4459 470.0911 233.4093 369.7701 464.1503 -79.9103 0.0000 0.0000
1630.03 16.07.2018 08.10.01 27.02917 298.6131 1339.6080 3.8057 -15.2315 25.3829 477.2725 236.6228 371.7400 467.3898 -83.1073 0.0000 0.0000
1640.03 16.07.2018 08.20.01 27.47427 298.8700 1299.8383 3.6927 -16.6601 27.1372 483.0259 239.1172 373.5546 470.2652 -85.9427 0.0000 0.0000
1650.03 16.07.2018 08.30.01 27.91009 299.1320 1192.0265 3.3864 -17.9932 28.5062 488.2357 241.5757 375.4692 473.0236 -88.5537 0.0000 0.0000
1660.03 16.07.2018 08.40.01 28.31722 299.4001 1217.5830 3.4590 -19.1343 30.1245 494.9997 244.6582 377.3627 476.0924 -88.5143 0.0000 0.0000
1670.03 16.07.2018 08.50.01 28.73379 299.6398 1200.4711 3.4104 -20.2865 31.5959 500.5777 247.1401 379.1773 479.0755 -88.6300 0.0000 0.0000
1680.03 16.07.2018 09.00.01 29.14691 299.3864 1110.6960 3.1554 -21.3878 32.7242 503.6411 248.3721 380.6432 481.1769 -90.9521 0.0000 0.0000
1690.03 16.07.2018 09.10.01 29.53463 299.4964 1093.1754 3.1056 -22.3450 33.9341 508.5767 250.7142 382.1995 483.7573 -92.3744 0.0000 0.0000
1700.03 16.07.2018 09.20.01 29.91766 299.5902 958.8218 2.7239 -23.2587 34.6434 512.3552 252.7392 383.8282 486.2650 -93.3856 0.0000 0.0000
1710.03 16.07.2018 09.30.01 30.26312 299.7130 969.4175 2.7540 -23.9541 35.6109 516.1926 254.6045 385.4555 488.9214 -92.6500 0.0000 0.0000
1720.03 16.07.2018 09.40.01 30.61288 299.8460 981.6223 2.7887 -24.6496 36.5845 521.1694 257.0244 386.9610 491.4009 -92.8912 0.0000 0.0000
1730.03 16.07.2018 09.50.01 30.96752 299.9346 970.9749 2.7585 -25.3459 37.4724 525.9860 259.4128 388.4664 492.9945 -95.9770 0.0000 0.0000
1740.03 16.07.2018 10.00.01 31.31994 300.0809 899.1099 2.5543 -26.0103 38.0861 528.9068 260.8716 389.8343 494.1651 -99.1399 0.0000 0.0000
1750.03 16.07.2018 10.10.01 31.65121 300.2332 699.2029 1.9864 -26.5526 38.0519 523.9527 258.6603 391.5886 497.5727 -91.9863 0.0000 0.0000
1760.03 16.07.2018 10.20.01 31.92431 300.3087 560.7330 1.5930 -26.7857 37.8383 517.8506 255.8956 393.5351 498.9191 -91.4099 0.0000 0.0000
1770.03 16.07.2018 10.30.01 32.15588 300.4841 412.9819 1.1732 -26.8147 37.3173 508.9843 251.7048 394.7013 498.8116 -93.1596 0.0000 0.0000
1780.03 16.07.2018 10.40.01 32.34435 300.8176 489.3560 1.3902 -26.6325 37.3636 503.4013 248.8940 395.8248 499.5985 -89.8230 0.0000 0.0000
1790.03 16.07.2018 10.50.01 32.55514 301.2690 382.3443 1.0862 -26.5500 36.8483 496.6877 245.8282 396.8835 500.5210 -87.0837 0.0000 0.0000
1800.03 16.07.2018 11.00.01 32.73309 301.4317 272.9543 0.7754 -26.3144 36.1198 488.8537 242.2500 397.9082 500.7373 -87.1339 0.0000 0.0000
1810.03 16.07.2018 11.10.01 32.88055 301.6252 666.3548 1.8931 -25.9485 37.1221 492.7227 243.6087 398.8754 505.6458 -72.7229 0.0000 0.0000
1820.03 16.07.2018 11.20.01 33.14376 301.4438 746.8162 2.1216 -26.1671 37.7183 496.9652 245.4973 399.6857 507.0523 -77.7755 0.0000 0.0000
1830.03 16.07.2018 11.30.01 33.43130 301.8390 773.0573 2.1962 -26.4954 38.2555 501.0179 247.3166 399.6373 504.9677 -92.8719 0.0000 0.0000
1840.03 16.07.2018 11.40.01 33.72778 302.3232 797.9926 2.2670 -26.8508 38.8238 506.0774 249.6765 400.2971 506.5841 -90.0225 0.0000 0.0000
1850.03 16.07.2018 11.50.01 34.03243 301.9463 783.1594 2.2249 -27.2299 39.2731 510.2116 251.5712 400.9602 506.1565 -100.4950 0.0000 0.0000
1860.03 16.07.2018 12.00.01 34.33282 301.9856 715.6886 2.0332 -27.5781 39.4817 512.9488 252.8106 401.0269 504.8021 -112.7624 0.0000 0.0000
1870.03 16.07.2018 12.10.01 34.61117 302.0623 380.6712 1.0815 -27.8120 38.5246 503.9788 248.7281 401.2564 504.1555 -112.1476 0.0000 0.0000
1880.03 16.07.2018 12.20.01 34.78893 302.1197 151.2603 0.4297 -27.5552 37.3133 492.3552 243.2458 401.1133 502.9156 -110.7217 0.0000 0.0000
1890.03 16.07.2018 12.30.01 34.89605 302.1576 11.2427 0.0319 -26.9872 36.0256 480.3386 237.5853 400.7685 501.4760 -109.1300 0.0000 0.0000
1900.03 16.07.2018 12.40.01 34.95846 302.1853 -62.8033 -0.1784 -26.2517 34.7644 468.8448 232.1475 400.3394 500.1122 -106.8634 0.0000 0.0000
1910.03 16.07.2018 12.50.01 34.99569 302.2499 -64.2101 -0.1824 -25.4481 33.6876 460.1657 228.2597 400.3355 499.2331 -104.9674 0.0000 0.0000
1920.03 16.07.2018 13.00.01 35.02874 302.2677 -163.5082 -0.4645 -24.6754 32.2812 448.1541 222.6211 400.0958 497.8139 -102.9819 0.0000 0.0000
1930.03 16.07.2018 13.10.01 35.02792 302.2239 -407.8179 -1.1586 -23.7840 30.1673 430.2146 214.5062 400.2558 496.7658 -97.7903 0.0000 0.0000
1940.03 16.07.2018 13.20.01 34.95098 302.1536 -567.7316 -1.6129 -22.5720 27.9456 410.2937 205.2839 400.1247 495.1952 -92.9985 0.0000 0.0000
1950.03 16.07.2018 13.30.01 34.82235 302.0794 -643.8794 -1.8292 -21.1757 25.7953 390.7483 196.2334 399.8855 493.4279 -88.9799 0.0000 0.0000
1960.03 16.07.2018 13.40.01 34.66659 302.0059 -685.7413 -1.9481 -19.7205 23.6965 371.2536 187.1832 399.5396 491.4746 -85.2155 0.0000 0.0000
1970.03 16.07.2018 13.50.01 34.49435 301.9310 -697.5502 -1.9817 -18.2557 21.6987 352.5809 178.5502 398.9558 489.3647 -81.8587 0.0000 0.0000
1980.03 16.07.2018 14.00.01 34.31475 301.8611 -700.8778 -1.9911 -16.8217 19.7741 334.0231 169.9300 398.4025 487.0766 -78.6972 0.0000 0.0000
1990.03 16.07.2018 14.10.01 34.13198 301.7748 -536.1077 -1.5230 -15.4325 18.5460 320.2587 163.1646 397.4813 484.0322 -79.2166 0.0000 0.0000
2000.03 16.07.2018 14.20.01 33.99529 301.6856 -451.4073 -1.2824 -14.3255 17.3908 307.3060 156.8315 396.4140 480.9657 -79.0255 0.0000 0.0000
2010.03 16.07.2018 14.30.01 33.88165 301.5960 -399.1307 -1.1339 -13.3713 16.3166 295.0106 150.8314 395.3855 477.9486 -78.0248 0.0000 0.0000
2020.03 16.07.2018 14.40.01 33.78185 301.5069 -362.9601 -1.0311 -12.5169 15.3144 283.1453 145.0560 394.4761 475.1184 -76.2591 0.0000 0.0000
2030.03 16.07.2018 14.50.01 33.69131 301.4181 -352.8418 -1.0024 -11.7341 14.3090 270.8356 139.0164 393.4977 472.2239 -74.1609 0.0000 0.0000
2040.03 16.07.2018 15.00.01 33.60244 301.3364 -349.9321 -0.9941 -10.9835 13.3191 258.5776 132.9952 392.4823 469.3354 -71.9155 0.0000 0.0000
2050.03 16.07.2018 15.10.01 33.51373 301.2979 -265.9217 -0.7555 -10.2640 12.6780 253.3611 130.3059 391.0347 466.9700 -67.6783 0.0000 0.0000
2060.03 16.07.2018 15.20.01 33.44982 301.2671 -230.7263 -0.6555 -9.6796 12.0321 247.2165 127.0633 389.7970 464.8942 -63.2085 0.0000 0.0000
2070.03 16.07.2018 15.30.01 33.39507 301.2367 -242.4090 -0.6887 -9.1602 11.2954 240.6850 123.6568 388.6164 462.9207 -59.8939 0.0000 0.0000
2080.03 16.07.2018 15.40.01 33.33596 301.2143 -258.1805 -0.7335 -8.6361 10.5369 235.3430 120.8825 387.5489 461.2352 -56.3290 0.0000 0.0000
2090.03 16.07.2018 15.50.01 33.27084 301.1913 -302.6984 -0.8599 -8.1015 9.6554 231.9362 119.3620 386.4958 459.9404 -53.6469 0.0000 0.0000
2100.03 16.07.2018 16.00.01 33.19103 301.1703 -373.8202 -1.0620 -7.5159 8.6052 228.1466 117.7405 385.4328 458.7778 -51.0960 0.0000 0.0000
2110.03 16.07.2018 16.10.01 33.08868 301.0323 -417.2511 -1.1854 -6.8444 7.5454 214.1616 110.7823 384.3610 456.9727 -49.5709 0.0000 0.0000
2120.03 16.07.2018 16.20.01 32.97146 300.9031 -455.2060 -1.2932 -6.1319 6.4516 199.2590 103.2992 383.0936 454.7022 -47.6367 0.0000 0.0000
2130.03 16.07.2018 16.30.01 32.84115 300.7671 -456.3468 -1.2964 -5.3887 5.4563 185.1780 96.2352 381.7827 452.3266 -45.6588 0.0000 0.0000
2140.03 16.07.2018 16.40.01 32.70931 300.6202 -312.3763 -0.8874 -4.6706 5.0443 174.7239 90.9804 380.3368 450.2053 -44.2485 0.0000 0.0000
2150.03 16.07.2018 16.50.01 32.61788 300.4655 -247.2289 -0.7024 -4.1897 4.6498 161.3859 83.9817 378.8691 447.5773 -42.0257 0.0000 0.0000
2160.03 16.07.2018 17.00.01 32.54431 300.2907 -236.7612 -0.6726 -3.8211 4.1979 157.7713 82.8600 377.2535 446.2533 -41.0157 0.0000 0.0000
2170.03 16.07.2018 17.10.01 32.47296 300.0681 -198.8413 -0.5649 -3.4827 3.8904 150.4254 79.2269 375.8303 444.1479 -39.2948 0.0000 0.0000
2180.03 16.07.2018 17.20.01 32.41155 299.8412 -178.2322 -0.5063 -3.2144 3.6108 143.4386 75.7878 374.4614 442.0971 -37.7517 0.0000 0.0000
2190.03 16.07.2018 17.30.01 32.35528 299.6070 -178.9962 -0.5085 -2.9891 3.3075 135.2085 71.6209 373.0434 439.8735 -35.9524 0.0000 0.0000
2200.03 16.07.2018 17.40.01 32.29781 299.3768 -175.5776 -0.4988 -2.7740 3.0336 124.6100 66.1401 371.6592 437.4590 -33.9103 0.0000 0.0000
2210.03 16.07.2018 17.50.01 32.24038 299.1410 -182.6435 -0.5189 -2.5761 2.7429 113.2789 60.2323 370.2589 434.8631 -31.7242 0.0000 0.0000
2220.03 16.07.2018 18.00.01 32.17986 298.9043 -192.7198 -0.5475 -2.3793 2.4425 101.4753 54.0487 368.8258 432.1455 -29.3542 0.0000 0.0000
2230.03 16.07.2018 18.10.01 32.11529 298.5295 -200.5564 -0.5698 -2.1800 2.1469 90.3896 48.2323 367.1708 429.3238 -26.7968 0.0000 0.0000
2240.03 16.07.2018 18.20.01 32.04720 298.1439 -212.8009 -0.6045 -1.9832 1.8382 78.7556 42.0970 365.4536 426.2805 -24.8942 0.0000 0.0000
2250.03 16.07.2018 18.30.01 31.97427 297.7650 -224.5898 -0.6380 -1.7853 1.5297 66.7815 35.7582 363.7180 423.0461 -23.3603 0.0000 0.0000
2260.03 16.07.2018 18.40.01 31.89636 297.3839 -233.2035 -0.6625 -1.5877 1.2336 50.0495 26.8066 362.0180 419.4111 -21.1490 0.0000 0.0000
2270.03 16.07.2018 18.50.01 31.81439 296.9750 -246.1191 -0.6992 -1.3953 0.9282 32.6675 17.4722 360.3264 415.6337 -18.1595 0.0000 0.0000
2280.03 16.07.2018 19.00.01 31.72711 296.5771 -257.7284 -0.7322 -1.2006 0.6246 14.7948 7.8407 358.6326 411.5721 -15.4935 0.0000 0.0000
2290.03 16.07.2018 19.10.01 31.63513 295.8312 -238.2921 -0.6770 -1.0093 0.4432 11.8273 6.2784 357.1034 408.2157 -15.1972 0.0000 0.0000
2300.03 16.07.2018 19.20.01 31.54714 295.1022 -213.5451 -0.6067 -0.8667 0.3467 9.7547 5.1879 355.6799 405.2769 -15.2246 0.0000 0.0000
2310.03 16.07.2018 19.30.01 31.46511 294.4268 -203.9854 -0.5795 -0.7789 0.2658 7.8278 4.1729 354.2746 402.4134 -15.8510 0.0000 0.0000
2320.03 16.07.2018 19.40.01 31.38455 293.7439 -204.2879 -0.5804 -0.7209 0.1874 5.3579 2.8578 352.8790 399.5430 -16.7595 0.0000 0.0000
2330.03 16.07.2018 19.50.01 31.30255 293.0429 -211.0569 -0.5996 -0.6801 0.1074 2.8414 1.5160 351.4974 396.6717 -17.9455 0.0000 0.0000
2340.03 16.07.2018 20.00.01 31.21697 292.3933 -220.8090 -0.6273 -0.6478 0.0274 0.2977 0.1576 350.1594 393.8804 -18.9280 0.0000 0.0000
2350.03 16.07.2018 20.10.01 31.12731 292.2455 -215.4366 -0.6120 -0.6157 0.0048 0.0513 0.0271 351.3155 392.0185 -18.9922 0.0000 0.0000
2360.03 16.07.2018 20.20.01 31.03857 292.0526 -210.8976 -0.5991 -0.5998 0.0009 0.0095 0.0050 352.6868 390.4058 -19.5795 0.0000 0.0000
2370.03 16.07.2018 20.30.01 30.95062 291.8674 -210.6849 -0.5985 -0.5987 0.0002 0.0017 0.0009 353.9759 388.9458 -20.2783 0.0000 0.0000
2380.03 16.07.2018 20.40.01 30.86181 291.7041 -212.9662 -0.6050 -0.6050 0.0000 0.0003 0.0002 355.2794 387.7049 -20.7994 0.0000 0.0000
2390.03 16.07.2018 20.50.01 30.77172 291.5431 -216.8932 -0.6162 -0.6162 0.0000 0.0001 0.0000 356.6061 386.5980 -21.4492 0.0000 0.0000
2400.03 16.07.2018 21.00.01 30.67986 291.3777 -221.3311 -0.6288 -0.6288 0.0000 0.0000 0.0000 357.9453 385.5925 -22.2356 0.0000 0.0000
2410.03 16.07.2018 21.10.01 30.58654 291.7453 -223.6705 -0.6354 -0.6354 0.0000 0.0000 0.0000 357.8283 385.2328 -19.2382 0.0000 0.0000
2420.03 16.07.2018 21.20.01 30.49346 292.1168 -220.4015 -0.6261 -0.6261 0.0000 0.0000 0.0000 357.8053 385.0570 -16.3468 0.0000 0.0000
2430.03 16.07.2018 21.30.01 30.40237 292.4966 -214.4269 -0.6092 -0.6092 0.0000 0.0000 0.0000 357.8662 385.0696 -13.4562 0.0000 0.0000
2440.03 16.07.2018 21.40.01 30.31408 292.8870 -207.0616 -0.5882 -0.5882 0.0000 0.0000 0.0000 358.0294 385.2872 -10.4206 0.0000 0.0000
2450.03 16.07.2018 21.50.01 30.22909 293.2866 -198.9364 -0.5652 -0.5652 0.0000 0.0000 0.0000 358.2713 385.6600 -7.4172 0.0000 0.0000
2460.03 16.07.2018 22.00.01 30.14752 293.6930 -190.7742 -0.5420 -0.5420 0.0000 0.0000 0.0000 358.5799 386.1740 -4.4452 0.0000 0.0000
2470.03 16.07.2018 22.10.01 30.06915 293.4143 -184.1226 -0.5231 -0.5231 0.0000 0.0000 0.0000 359.0196 386.1734 -5.2116 0.0000 0.0000
2480.03 16.07.2018 22.20.01 29.99297 293.0791 -180.0255 -0.5114 -0.5114 0.0000 0.0000 0.0000 359.3513 386.0309 -5.4857 0.0000 0.0000
2490.03 16.07.2018 22.30.01 29.91839 292.8105 -176.7077 -0.5020 -0.5020 0.0000 0.0000 0.0000 359.2562 385.4469 -7.1048 0.0000 0.0000
2500.03 16.07.2018 22.40.01 29.84423 292.5063 -177.8667 -0.5053 -0.5053 0.0000 0.0000 0.0000 359.3392 385.1135 -7.5194 0.0000 0.0000
2510.03 16.07.2018 22.50.01 29.76910 292.1497 -181.1227 -0.5146 -0.5146 0.0000 0.0000 0.0000 359.5579 384.6295 -8.6928 0.0000 0.0000
2520.03 16.07.2018 23.00.01 29.69210 291.7477 -186.5760 -0.5300 -0.5300 0.0000 0.0000 0.0000 359.4632 383.6372 -11.7031 0.0000 0.0000
2530.03 16.07.2018 23.10.01 29.61282 291.6477 -191.8696 -0.5451 -0.5451 0.0000 0.0000 0.0000 359.3076 383.0736 -11.8591 0.0000 0.0000
2540.03 16.07.2018 23.20.01 29.53134 291.5632 -196.9328 -0.5595 -0.5595 0.0000 0.0000 0.0000 359.2363 382.5369 -12.1036 0.0000 0.0000
2550.03 16.07.2018 23.30.01 29.44781 291.4671 -201.6523 -0.5729 -0.5729 0.0000 0.0000 0.0000 359.1791 381.9970 -12.4477 0.0000 0.0000
2560.03 16.07.2018 23.40.01 29.36239 291.3674 -206.0584 -0.5854 -0.5854 0.0000 0.0000 0.0000 359.1299 381.4711 -12.7790 0.0000 0.0000
2570.03 16.07.2018 23.50.01 29.27517 291.2650 -210.0598 -0.5968 -0.5968 0.0000 0.0000 0.0000 359.0808 380.9465 -13.1537 0.0000 0.0000
2580.03 17.07.2018 00.00.01 29.18640 291.1616 -213.7029 -0.6071 -0.6071 0.0000 0.0000 0.0000 359.0301 380.4227 -13.5537 0.0000 0.0000
2590.03 17.07.2018 00.10.01 29.09615 291.2278 -216.8513 -0.6161 -0.6161 0.0000 0.0000 0.0000 358.7053 380.0518 -13.1345 0.0000 0.0000
2600.03 17.07.2018 00.20.01 29.00475 291.2929 -219.6246 -0.6239 -0.6239 0.0000 0.0000 0.0000 358.3844 379.7021 -12.7513 0.0000 0.0000
2610.03 17.07.2018 00.30.01 28.91229 291.3574 -221.6115 -0.6296 -0.6296 0.0000 0.0000 0.0000 358.0609 379.3747 -12.3399 0.0000 0.0000
2620.03 17.07.2018 00.40.01 28.81933 291.4436 -221.8474 -0.6302 -0.6302 0.0000 0.0000 0.0000 357.8045 379.2078 -11.3989 0.0000 0.0000
2630.03 17.07.2018 00.50.01 28.72683 291.4792 -220.4679 -0.6263 -0.6263 0.0000 0.0000 0.0000 357.5521 378.9506 -10.9188 0.0000 0.0000
2640.03 17.07.2018 01.00.01 28.63497 291.5173 -218.4175 -0.6205 -0.6205 0.0000 0.0000 0.0000 357.2891 378.6865 -10.4623 0.0000 0.0000
2650.03 17.07.2018 01.10.01 28.54427 291.4815 -213.1157 -0.6054 -0.6054 0.0000 0.0000 0.0000 356.7050 378.9450 -7.7263 0.0000 0.0000
2660.03 17.07.2018 01.20.01 28.45776 291.4311 -199.2221 -0.5660 -0.5660 0.0000 0.0000 0.0000 356.0396 378.7424 -7.1403 0.0000 0.0000
2670.03 17.07.2018 01.30.01 28.37631 291.3131 -193.6187 -0.5501 -0.5501 0.0000 0.0000 0.0000 354.8655 377.6908 -9.8695 0.0000 0.0000
2680.03 17.07.2018 01.40.01 28.29360 291.3129 -200.4901 -0.5696 -0.5696 0.0000 0.0000 0.0000 354.0587 377.5869 -7.9178 0.0000 0.0000
2690.03 17.07.2018 01.50.01 28.20944 291.1770 -199.7115 -0.5674 -0.5674 0.0000 0.0000 0.0000 353.3133 377.2000 -7.6281 0.0000 0.0000
2700.03 17.07.2018 02.00.01 28.12679 291.0055 -194.5820 -0.5528 -0.5528 0.0000 0.0007 0.0004 352.2808 376.5020 -8.2070 0.0000 0.0000
2710.03 17.07.2018 02.10.01 28.04629 290.7953 -186.7213 -0.5305 -0.5436 0.0175 0.4067 0.2123 349.3074 375.5496 -8.6178 0.0000 0.0000
2720.03 17.07.2018 02.20.01 27.96624 290.5308 -190.8469 -0.5422 -0.5718 0.0395 0.8651 0.4522 346.1646 374.2519 -9.7404 0.0000 0.0000
2730.03 17.07.2018 02.30.01 27.88259 290.2328 -202.8615 -0.5763 -0.6231 0.0624 1.3314 0.6963 342.8950 372.7785 -10.9974 0.0000 0.0000
2740.03 17.07.2018 02.40.01 27.79324 289.9517 -216.6115 -0.6154 -0.6794 0.0854 1.7994 0.9412 339.6744 371.4640 -10.9459 0.0000 0.0000
2750.03 17.07.2018 02.50.01 27.69894 289.6770 -226.3826 -0.6431 -0.7244 0.1084 2.2676 1.1862 336.4911 370.1358 -10.8187 0.0000 0.0000
2760.03 17.07.2018 03.00.01 27.60119 289.3635 -233.1418 -0.6623 -0.7610 0.1316 2.7401 1.4335 333.3024 368.6929 -10.9864 0.0000 0.0000
2770.03 17.07.2018 03.10.01 27.50128 289.2913 -208.0926 -0.5912 -0.7897 0.2647 5.7708 3.0163 333.0083 368.0832 -9.9439 0.0000 0.0000
2780.03 17.07.2018 03.20.01 27.40984 289.2407 -183.5371 -0.5214 -0.8416 0.4269 9.1321 4.7753 332.9565 367.7399 -9.3566 0.0000 0.0000
2790.03 17.07.2018 03.30.01 27.32702 289.2059 -164.8562 -0.4683 -0.9139 0.5941 12.5435 6.5606 332.9769 367.5438 -8.9968 0.0000 0.0000
2800.03 17.07.2018 03.40.01 27.25094 289.1646 -150.6785 -0.4281 -0.9997 0.7621 15.9651 8.3513 333.0377 367.4888 -8.7055 0.0000 0.0000
2810.03 17.07.2018 03.50.01 27.18011 289.1442 -139.1754 -0.3954 -1.0931 0.9303 19.3883 10.1428 333.1539 367.5638 -8.4805 0.0000 0.0000
2820.03 17.07.2018 04.00.01 27.11379 289.1158 -129.3347 -0.3674 -1.1914 1.0987 22.8136 11.9355 333.2925 367.7172 -8.3876 0.0000 0.0000
2830.03 17.07.2018 04.10.01 27.05142 289.4732 -108.2794 -0.3076 -1.2924 1.3131 27.3108 14.2878 333.4327 368.2809 -7.0834 0.0000 0.0000
2840.03 17.07.2018 04.20.01 26.99627 289.8341 -91.0892 -0.2588 -1.4135 1.5397 31.9466 16.7139 333.6661 369.0194 -5.9300 0.0000 0.0000
2850.03 17.07.2018 04.30.01 26.94717 290.2034 -77.7769 -0.2210 -1.5472 1.7683 36.6035 19.1510 333.9507 369.9093 -4.8084 0.0000 0.0000
2860.03 17.07.2018 04.40.01 26.90313 290.5763 -66.3758 -0.1886 -1.6866 1.9973 41.2645 21.5904 334.2781 370.9229 -3.7674 0.0000 0.0000
2870.03 17.07.2018 04.50.01 26.86367 290.9503 -55.8206 -0.1586 -1.8284 2.2264 64.0248 33.6180 334.6455 372.9791 -4.1837 0.0000 0.0000
2880.03 17.07.2018 05.00.01 26.82873 291.3361 -29.8957 -0.0849 -1.9708 2.5145 70.0202 36.7903 335.1911 374.8042 -4.3223 0.0000 0.0000
2890.03 17.07.2018 05.10.01 26.80258 291.7078 -43.1150 -0.1225 -2.1351 2.6834 183.8833 97.3846 336.2692 382.4664 -13.1379 0.0000 0.0000
2900.03 17.07.2018 05.20.01 26.77493 292.1728 83.0261 0.2359 -2.2616 3.3300 273.8153 145.2924 338.6498 392.4005 -25.3236 0.0000 0.0000
2910.03 17.07.2018 05.30.01 26.78671 292.6774 186.3904 0.5295 -2.5498 4.1057 314.4117 165.5538 341.6715 399.3085 -33.4657 0.0000 0.0000
2920.03 17.07.2018 05.40.01 26.83184 293.1977 238.0218 0.6762 -2.9543 4.8407 335.3617 175.0772 344.8162 404.9599 -38.6441 0.0000 0.0000
2930.03 17.07.2018 05.50.01 26.89456 293.6931 129.5569 0.3681 -3.3951 5.0175 408.3734 210.5977 346.6090 410.8635 -44.6329 0.0000 0.0000
2940.03 17.07.2018 06.00.01 26.92794 294.2351 72.9852 0.2073 -3.6459 5.1376 422.0125 215.5460 348.2203 416.3263 -50.2104 0.0000 0.0000
2950.03 17.07.2018 06.10.01 26.94625 294.4770 64.6293 0.1836 -3.7953 5.3052 409.0658 208.5328 349.7804 421.6486 -57.3061 0.0000 0.0000
2960.03 17.07.2018 06.20.01 26.96301 294.6959 76.0860 0.2162 -3.9222 5.5177 390.6055 198.1788 351.3297 424.8076 -61.0887 0.0000 0.0000
2970.03 17.07.2018 06.30.01 26.98406 294.9134 84.1063 0.2389 -4.0542 5.7242 383.0883 194.3935 352.9301 428.4916 -65.4754 0.0000 0.0000
2980.03 17.07.2018 06.40.01 27.00881 295.1408 112.2237 0.3188 -4.1836 6.0032 378.2958 191.8188 354.6606 431.5034 -68.8781 0.0000 0.0000
2990.03 17.07.2018 06.50.01 27.04632 295.3749 579.7076 1.6469 -4.3377 7.9795 385.1640 194.9601 356.4664 435.2164 -73.6605 0.0000 0.0000
3000.03 17.07.2018 07.00.01 27.22424 295.6102 889.1357 2.5260 -5.1586 10.2461 393.3841 198.6914 358.1903 438.6992 -78.1185 0.0000 0.0000
3010.03 17.07.2018 07.10.01 27.49749 295.8328 1034.5011 2.9389 -6.3883 12.4363 403.0521 203.0610 359.4943 441.3817 -84.5374 0.0000 0.0000
3020.03 17.07.2018 07.20.01 27.81848 296.0425 1107.1414 3.1453 -7.7769 14.5629 412.7107 207.4729 360.7195 443.7773 -90.3469 0.0000 0.0000
3030.03 17.07.2018 07.30.01 28.16546 296.2384 1136.8892 3.2298 -9.2178 16.5968 421.7454 211.5799 361.8995 445.7566 -96.3389 0.0000 0.0000
3040.03 17.07.2018 07.40.01 28.52538 296.4305 1154.3689 3.2795 -10.6511 18.5741 431.2014 215.9149 362.9756 447.4674 -102.0314 0.0000 0.0000
3050.03 17.07.2018 07.50.01 28.89437 296.6341 1171.6693 3.3286 -12.0644 20.5240 440.6780 220.2825 364.1356 449.0732 -106.9617 0.0000 0.0000
3060.03 17.07.2018 08.00.01 29.27191 296.8249 1178.7394 3.3487 -13.4608 22.4127 448.4268 223.6594 365.1539 450.2291 -111.9662 0.0000 0.0000
3070.03 17.07.2018 08.10.01 29.65484 296.9623 1195.8193 3.3972 -14.8304 24.3034 458.1176 228.0659 366.2958 451.4879 -115.8769 0.0000 0.0000
3080.03 17.07.2018 08.20.01 30.04543 297.0910 1184.5530 3.3652 -16.1919 26.0761 466.6630 231.8744 367.2430 452.3649 -120.9628 0.0000 0.0000
3090.03 17.07.2018 08.30.01 30.43466 297.2195 1111.2169 3.1569 -17.5059 27.5504 474.9779 235.7694 368.2846 453.2520 -126.0939 0.0000 0.0000
3100.03 17.07.2018 08.40.01 30.80505 297.3560 1144.6014 3.2517 -18.6844 29.2481 483.8969 239.8440 369.2686 454.2868 -129.0511 0.0000 0.0000
3110.03 17.07.2018 08.50.01 31.18688 297.4844 1138.9534 3.2357 -19.8891 30.8330 491.7298 243.3522 370.1247 454.9320 -133.8163 0.0000 0.0000
3120.03 17.07.2018 09.00.01 31.56841 297.5931 1061.8866 3.0167 -21.0630 32.1062 497.0869 245.6122 370.7769 455.2757 -138.1804 0.0000 0.0000
3130.03 17.07.2018 09.10.01 31.92666 297.5939 725.0935 2.0599 -22.1060 32.2212 490.0576 242.6099 372.1296 455.4959 -142.1963 0.0000 0.0000
3140.03 17.07.2018 09.20.01 32.18472 297.5852 379.4229 1.0779 -22.6463 31.6323 479.9795 238.3096 373.3406 455.0743 -144.4333 0.0000 0.0000
3150.03 17.07.2018 09.30.01 32.33962 297.5760 224.7614 0.6385 -22.6899 31.1046 468.8489 233.3311 374.5031 454.3117 -145.5372 0.0000 0.0000
3160.03 17.07.2018 09.40.01 32.44671 297.5964 174.7702 0.4965 -22.5308 30.7031 461.5823 230.2271 375.6377 454.0196 -142.7957 0.0000 0.0000
3170.03 17.07.2018 09.50.01 32.53658 297.5919 97.5739 0.2772 -22.3207 30.1305 453.6459 226.8501 376.8982 454.2243 -137.8299 0.0000 0.0000
3180.03 17.07.2018 10.00.01 32.60183 297.6037 -14.1339 -0.0402 -22.0127 29.2967 444.2641 222.8024 378.1040 454.0815 -135.4353 0.0000 0.0000
3190.03 17.07.2018 10.10.01 32.63342 297.6800 73.7012 0.2094 -21.5597 29.0255 436.4704 218.9457 378.4450 453.6653 -132.3645 0.0000 0.0000
3200.03 17.07.2018 10.20.01 32.68914 297.7475 90.6902 0.2576 -21.2558 28.6845 428.4876 215.0279 378.8105 453.2785 -129.5184 0.0000 0.0000
3210.03 17.07.2018 10.30.01 32.74862 297.8072 45.0840 0.1281 -20.9874 28.1540 418.7659 210.2102 378.9677 452.6787 -126.3734 0.0000 0.0000
3220.03 17.07.2018 10.40.01 32.79452 297.8720 112.6588 0.3201 -20.6607 27.9743 411.0944 206.2596 379.1600 452.1652 -123.5772 0.0000 0.0000
3230.03 17.07.2018 10.50.01 32.85931 297.9337 54.5340 0.1549 -20.4340 27.4519 402.7392 202.1573 379.3187 451.6347 -120.6383 0.0000 0.0000
3240.03 17.07.2018 11.00.01 32.90554 297.9926 -10.6632 -0.0303 -20.1289 26.7982 393.7069 197.7463 379.4532 451.0704 -117.6726 0.0000 0.0000
3250.03 17.07.2018 11.10.01 32.93484 298.1082 364.5840 1.0357 -19.7513 27.7161 401.2677 201.1675 379.7385 451.4659 -115.9542 0.0000 0.0000
3260.03 17.07.2018 11.20.01 33.07522 298.2326 508.2742 1.4440 -19.9262 28.4935 410.2774 205.5630 380.3371 452.5178 -115.5629 0.0000 0.0000
3270.03 17.07.2018 11.30.01 33.26003 298.3575 580.0609 1.6479 -20.2925 29.2539 419.4134 210.0469 381.0544 453.8157 -115.9527 0.0000 0.0000
3280.03 17.07.2018 11.40.01 33.46823 298.4882 625.1599 1.7760 -20.7414 30.0232 428.9396 214.7415 381.8581 455.2683 -117.2070 0.0000 0.0000
3290.03 17.07.2018 11.50.01 33.69164 298.6192 636.5197 1.8083 -21.2333 30.7222 438.0074 219.2143 382.6517 456.8025 -118.7423 0.0000 0.0000
3300.03 17.07.2018 12.00.01 33.91982 298.7471 606.2389 1.7223 -21.7205 31.2570 446.0987 223.2271 383.4494 458.3335 -120.3940 0.0000 0.0000
3310.03 17.07.2018 12.10.01 34.13677 298.7399 136.1872 0.3869 -22.1332 30.0268 434.7983 218.1741 384.5152 459.1077 -120.5004 0.0000 0.0000
3320.03 17.07.2018 12.20.01 34.21319 298.7129 -163.8776 -0.4656 -21.8528 28.5163 420.2676 211.3956 385.0934 459.0656 -118.8982 0.0000 0.0000
3330.03 17.07.2018 12.30.01 34.19769 298.6777 -331.3058 -0.9412 -21.1604 26.9590 405.3680 204.4312 385.4761 458.7195 -116.6242 0.0000 0.0000
3340.03 17.07.2018 12.40.01 34.12896 298.6403 -414.3211 -1.1770 -20.2635 25.4485 390.9488 197.6721 385.7678 458.1739 -113.9239 0.0000 0.0000
3350.03 17.07.2018 12.50.01 34.03195 298.6016 -463.7699 -1.3175 -19.2866 23.9587 376.7325 191.0194 386.0214 457.5426 -110.7687 0.0000 0.0000
3360.03 17.07.2018 13.00.01 33.91711 298.5759 -482.2808 -1.3701 -18.2761 22.5414 363.6523 184.9925 386.4239 456.9664 -107.7537 0.0000 0.0000
3370.03 17.07.2018 13.10.01 33.79562 298.4998 -266.3452 -0.7567 -17.2830 22.0351 356.6344 181.3055 385.6626 455.6728 -106.0978 0.0000 0.0000
3380.03 17.07.2018 13.20.01 33.73568 298.4109 -155.3556 -0.4414 -16.6407 21.5991 350.9391 178.3593 384.9245 454.5725 -104.7251 0.0000 0.0000
3390.03 17.07.2018 13.30.01 33.70736 298.3150 -117.9918 -0.3352 -16.1779 21.1235 344.8468 175.2043 384.1928 453.4002 -103.4421 0.0000 0.0000
3400.03 17.07.2018 13.40.01 33.68929 298.2182 -106.7155 -0.3032 -15.7788 20.6341 338.9625 172.1528 383.4451 452.2180 -102.2088 0.0000 0.0000
3410.03 17.07.2018 13.50.01 33.67388 298.1163 -113.5034 -0.3225 -15.4033 20.1079 333.2015 169.2031 382.6827 451.0006 -101.3237 0.0000 0.0000
3420.03 17.07.2018 14.00.01 33.65573 298.0106 -143.4654 -0.4076 -15.0243 19.4890 326.7979 165.9372 381.9229 449.6717 -100.5020 0.0000 0.0000
3430.03 17.07.2018 14.10.01 33.62850 297.8925 -75.7784 -0.2153 -14.6154 19.2001 323.5843 164.0170 379.5436 447.9106 -100.1066 0.0000 0.0000
3440.03 17.07.2018 14.20.01 33.61981 297.7651 -73.4291 -0.2086 -14.3232 18.8195 320.1667 162.0438 377.0213 446.0646 -100.1450 0.0000 0.0000
3450.03 17.07.2018 14.30.01 33.61044 297.6361 -95.7775 -0.2721 -14.0494 18.3697 316.5972 160.0314 374.5449 444.1756 -100.2387 0.0000 0.0000
3460.03 17.07.2018 14.40.01 33.59329 297.5143 -103.4430 -0.2939 -13.7576 17.9516 314.8265 158.9773 372.1799 442.4150 -100.4035 0.0000 0.0000
3470.03 17.07.2018 14.50.01 33.57223 297.3867 -161.0232 -0.4575 -13.4677 17.3470 311.6117 157.1972 369.7497 440.5042 -100.3357 0.0000 0.0000
3480.03 17.07.2018 15.00.01 33.53225 297.2525 -256.0880 -0.7275 -13.1060 16.5046 307.1454 154.8473 367.2534 438.4667 -99.9565 0.0000 0.0000
3490.03 17.07.2018 15.10.01 33.46188 297.0565 -437.1400 -1.2419 -12.6296 15.1836 297.9441 150.8735 365.8432 437.2792 -98.4332 0.0000 0.0000
3500.03 17.07.2018 15.20.01 33.33706 296.8664 -549.2729 -1.5604 -11.9032 13.7904 283.7759 143.9740 364.3502 435.2906 -95.3563 0.0000 0.0000
3510.03 17.07.2018 15.30.01 33.17651 296.6753 -618.4882 -1.7571 -11.0416 12.3794 269.2059 136.8473 362.7325 433.1387 -91.8550 0.0000 0.0000
3520.03 17.07.2018 15.40.01 32.99279 296.4858 -642.5202 -1.8253 -10.1128 11.0499 255.1948 130.0193 361.1738 430.9801 -88.3340 0.0000 0.0000
3530.03 17.07.2018 15.50.01 32.79901 296.2886 -673.3491 -1.9129 -9.1829 9.6933 244.1444 124.9880 359.5178 429.1729 -85.0495 0.0000 0.0000
3540.03 17.07.2018 16.00.01 32.59329 296.0927 -697.4684 -1.9814 -8.2400 8.3447 233.0895 119.9482 357.8495 427.3677 -81.6208 0.0000 0.0000
3550.03 17.07.2018 16.10.01 32.37798 295.8305 -688.1621 -1.9550 -7.2945 7.1194 219.5613 113.2665 355.9334 424.8487 -78.4310 0.0000 0.0000
3560.03 17.07.2018 16.20.01 32.16268 295.5706 -671.8937 -1.9088 -6.3970 5.9843 206.7184 106.9276 354.0461 422.3340 -75.2028 0.0000 0.0000
3570.03 17.07.2018 16.30.01 31.94988 295.3165 -644.8684 -1.8320 -5.5542 4.9629 194.8897 101.1116 352.2288 419.8942 -72.0262 0.0000 0.0000
3580.03 17.07.2018 16.40.01 31.74401 295.0519 -453.9245 -1.2896 -4.7777 4.6509 187.7605 97.6498 350.3181 417.8291 -69.9794 0.0000 0.0000
3590.03 17.07.2018 16.50.01 31.59283 294.7879 -353.0571 -1.0030 -4.3050 4.4027 177.3367 92.1623 348.4174 415.2557 -67.3948 0.0000 0.0000
3600.03 17.07.2018 17.00.01 31.47045 294.5140 -327.8641 -0.9314 -3.9921 4.0809 179.7761 94.4487 346.3845 414.5653 -66.4772 0.0000 0.0000
3610.03 17.07.2018 17.10.01 31.35494 294.2392 -306.4354 -0.8706 -3.7232 3.8035 171.5999 90.4557 344.7908 412.6787 -64.0674 0.0000 0.0000
3620.03 17.07.2018 17.20.01 31.24532 293.9619 -305.7884 -0.8687 -3.4919 3.4975 163.0952 86.2873 343.1791 410.7104 -61.6027 0.0000 0.0000
3630.03 17.07.2018 17.30.01 31.13531 293.6780 -318.3350 -0.9044 -3.2673 3.1506 152.8333 81.0961 341.4881 408.4885 -58.8074 0.0000 0.0000
3640.03 17.07.2018 17.40.01 31.02114 293.3975 -317.4416 -0.9018 -3.0322 2.8405 139.2069 74.0420 339.8209 406.0084 -55.4967 0.0000 0.0000
3650.03 17.07.2018 17.50.01 30.90643 293.1130 -326.7085 -0.9281 -2.8070 2.5051 124.5446 66.3856 338.1249 403.2990 -51.8423 0.0000 0.0000
3660.03 17.07.2018 18.00.01 30.78814 292.8266 -336.2560 -0.9553 -2.5767 2.1619 109.2661 58.3652 336.3889 400.4325 -47.9751 0.0000 0.0000
3670.03 17.07.2018 18.10.01 30.66644 292.5086 -326.5385 -0.9277 -2.3416 1.8852 97.9241 52.4163 335.1867 398.0261 -43.1493 0.0000 0.0000
3680.03 17.07.2018 18.20.01 30.54711 292.1895 -321.0777 -0.9122 -2.1264 1.6191 86.2147 46.2388 334.0533 395.6666 -38.7099 0.0000 0.0000
3690.03 17.07.2018 18.30.01 30.42901 291.8721 -319.2461 -0.9069 -1.9237 1.3557 74.1224 39.8303 332.9461 393.2658 -34.5854 0.0000 0.0000
3700.03 17.07.2018 18.40.01 30.31115 291.5508 -314.6795 -0.8940 -1.7284 1.1126 56.2957 30.2719 331.8871 390.4406 -30.1743 0.0000 0.0000
3710.03 17.07.2018 18.50.01 30.19421 291.2280 -318.3657 -0.9044 -1.5452 0.8544 37.6447 20.2305 330.8120 387.3403 -25.7688 0.0000 0.0000
3720.03 17.07.2018 19.00.01 30.07571 290.9009 -321.1781 -0.9124 -1.3624 0.6000 18.4126 9.8363 329.7506 384.0178 -21.4917 0.0000 0.0000
3730.03 17.07.2018 19.10.01 29.95577 290.5114 -304.8727 -0.8661 -1.1852 0.4255 15.2695 8.1791 328.4951 381.3406 -20.5352 0.0000 0.0000
3740.03 17.07.2018 19.20.01 29.83959 290.1259 -281.0890 -0.7985 -1.0492 0.3343 12.9738 6.9665 327.3234 378.9751 -19.9851 0.0000 0.0000
3750.03 17.07.2018 19.30.01 29.72909 289.7403 -270.5547 -0.7686 -0.9630 0.2591 10.8047 5.8176 326.1912 376.7245 -19.5850 0.0000 0.0000
3760.03 17.07.2018 19.40.01 29.62060 289.3552 -269.4346 -0.7654 -0.9049 0.1860 7.4078 3.9911 325.0703 374.4673 -19.1414 0.0000 0.0000
3770.03 17.07.2018 19.50.01 29.51150 288.9684 -274.2169 -0.7790 -0.8605 0.1087 3.9027 2.1029 323.9433 372.2285 -18.7509 0.0000 0.0000
3780.03 17.07.2018 20.00.01 29.40002 288.5818 -280.6780 -0.7974 -0.8208 0.0312 0.3343 0.1766 322.8181 370.0223 -18.3716 0.0000 0.0000
3790.03 17.07.2018 20.10.01 29.28579 288.1847 -273.5714 -0.7772 -0.7814 0.0056 0.0603 0.0319 321.8612 368.2082 -17.8650 0.0000 0.0000
3800.03 17.07.2018 20.20.01 29.17312 287.7954 -266.7974 -0.7579 -0.7587 0.0010 0.0109 0.0058 320.9746 366.5419 -17.6245 0.0000 0.0000
3810.03 17.07.2018 20.30.01 29.06210 287.4154 -264.4142 -0.7512 -0.7513 0.0002 0.0020 0.0010 320.1350 364.9956 -17.3916 0.0000 0.0000
3820.03 17.07.2018 20.40.01 28.95132 287.0346 -264.4510 -0.7513 -0.7513 0.0000 0.0004 0.0002 319.3216 363.5266 -17.2564 0.0000 0.0000
3830.03 17.07.2018 20.50.01 28.84017 286.6514 -266.0897 -0.7559 -0.7559 0.0000 0.0001 0.0000 318.5171 362.1096 -17.2570 0.0000 0.0000
3840.03 17.07.2018 21.00.01 28.72817 286.2684 -268.4372 -0.7626 -0.7626 0.0000 0.0000 0.0000 317.7101 360.7529 -17.2615 0.0000 0.0000
3850.03 17.07.2018 21.10.01 28.61511 286.1486 -271.6039 -0.7716 -0.7716 0.0000 0.0000 0.0000 317.3088 359.7462 -16.5470 0.0000 0.0000
3860.03 17.07.2018 21.20.01 28.50051 286.0312 -275.2737 -0.7820 -0.7820 0.0000 0.0000 0.0000 316.9379 358.8165 -15.9664 0.0000 0.0000
3870.03 17.07.2018 21.30.01 28.38436 285.8544 -279.3413 -0.7936 -0.7936 0.0000 0.0000 0.0000 316.5385 357.8687 -15.7434 0.0000 0.0000
3880.03 17.07.2018 21.40.01 28.26678 285.7619 -280.8678 -0.7979 -0.7979 0.0000 0.0000 0.0000 316.3188 357.2016 -14.4903 0.0000 0.0000
3890.03 17.07.2018 21.50.01 28.14953 285.5162 -279.8637 -0.7951 -0.7951 0.0000 0.0000 0.0000 316.0273 356.3786 -14.1789 0.0000 0.0000
3900.03 17.07.2018 22.00.01 28.03259 285.3566 -278.4353 -0.7910 -0.7910 0.0000 0.0000 0.0000 315.7362 355.6694 -13.5518 0.0000 0.0000
3910.03 17.07.2018 22.10.01 27.91631 285.2829 -276.9461 -0.7868 -0.7868 0.0000 0.0000 0.0000 315.4063 354.9654 -13.1537 0.0000 0.0000
3920.03 17.07.2018 22.20.01 27.80020 285.2088 -276.5488 -0.7857 -0.7857 0.0000 0.0000 0.0000 315.0875 354.2730 -12.8565 0.0000 0.0000
3930.03 17.07.2018 22.30.01 27.68395 285.1322 -276.9171 -0.7867 -0.7867 0.0000 0.0000 0.0000 314.7695 353.5999 -12.6070 0.0000 0.0000
3940.03 17.07.2018 22.40.01 27.56768 285.0493 -277.9808 -0.7897 -0.7897 0.0000 0.0000 0.0000 314.4502 352.9598 -12.3164 0.0000 0.0000
3950.03 17.07.2018 22.50.01 27.45107 284.9530 -278.7752 -0.7920 -0.7920 0.0000 0.0000 0.0000 314.1217 352.3208 -12.1081 0.0000 0.0000
3960.03 17.07.2018 23.00.01 27.33389 284.8453 -278.9612 -0.7925 -0.7925 0.0000 0.0000 0.0000 313.7956 351.6872 -11.9589 0.0000 0.0000
3970.03 17.07.2018 23.10.01 27.21670 284.6905 -279.1319 -0.7930 -0.7930 0.0000 0.0000 0.0000 313.4074 351.0515 -11.8260 0.0000 0.0000
3980.03 17.07.2018 23.20.01 27.09969 284.5225 -278.6935 -0.7917 -0.7917 0.0000 0.0000 0.0000 312.9698 350.3859 -11.8104 0.0000 0.0000
3990.03 17.07.2018 23.30.01 26.98315 284.4671 -278.6993 -0.7918 -0.7918 0.0000 0.0000 0.0000 312.4921 349.7661 -11.5712 0.0000 0.0000
4000.03 17.07.2018 23.40.01 26.86633 284.3718 -278.7266 -0.7918 -0.7918 0.0000 0.0000 0.0000 312.0684 349.1610 -11.4867 0.0000 0.0000
4010.03 17.07.2018 23.50.01 26.74914 284.1993 -280.3768 -0.7965 -0.7965 0.0000 0.0000 0.0000 311.6838 348.4630 -11.9250 0.0000 0.0000
4020.03 18.07.2018 00.00.01 26.63091 284.1064 -283.7777 -0.8062 -0.8062 0.0000 0.0000 0.0000 311.2932 347.8064 -12.1582 0.0000 0.0000
4030.03 18.07.2018 00.10.01 26.51141 284.1313 -285.4902 -0.8111 -0.8111 0.0000 0.0000 0.0000 311.0032 347.4650 -10.9564 0.0000 0.0000
4040.03 18.07.2018 00.20.01 26.39221 284.1499 -283.6542 -0.8058 -0.8058 0.0000 0.0000 0.0000 310.6711 347.1408 -9.8937 0.0000 0.0000
4050.03 18.07.2018 00.30.01 26.27404 284.0338 -280.8203 -0.7978 -0.7978 0.0000 0.0000 0.0000 310.3204 346.6723 -9.7646 0.0000 0.0000
4060.03 18.07.2018 00.40.01 26.15634 283.8865 -281.7915 -0.8005 -0.8005 0.0000 0.0000 0.0000 309.9955 346.1137 -10.1673 0.0000 0.0000
4070.03 18.07.2018 00.50.01 26.03741 283.8075 -286.1683 -0.8130 -0.8130 0.0000 0.0000 0.0000 309.7432 345.4617 -10.6721 0.0000 0.0000
4080.03 18.07.2018 01.00.01 25.91671 283.7620 -290.1972 -0.8244 -0.8244 0.0000 0.0000 0.0000 309.5021 344.8527 -11.0812 0.0000 0.0000
4090.03 18.07.2018 01.10.01 25.79437 283.6598 -293.4894 -0.8338 -0.8338 0.0000 0.0000 0.0000 309.2025 344.3428 -10.9804 0.0000 0.0000
4100.03 18.07.2018 01.20.01 25.67111 283.5188 -294.0160 -0.8353 -0.8353 0.0000 0.0000 0.0000 308.8554 343.7669 -11.0739 0.0000 0.0000
4110.03 18.07.2018 01.30.01 25.54818 283.3832 -293.9497 -0.8351 -0.8351 0.0000 0.0000 0.0000 308.4875 343.1907 -11.1526 0.0000 0.0000
4120.03 18.07.2018 01.40.01 25.42547 283.2613 -292.5480 -0.8311 -0.8311 0.0000 0.0000 0.0000 308.1314 342.6929 -10.9347 0.0000 0.0000
4130.03 18.07.2018 01.50.01 25.30349 282.9583 -289.9980 -0.8239 -0.8239 0.0000 0.0000 0.0000 307.7492 342.0398 -11.5064 0.0000 0.0000
4140.03 18.07.2018 02.00.01 25.18221 282.7765 -289.6184 -0.8228 -0.8228 0.0000 0.0005 0.0002 307.3224 341.4667 -11.4956 0.0000 0.0000
4150.03 18.07.2018 02.10.01 25.06146 282.8730 -283.5524 -0.8055 -0.8146 0.0120 0.2802 0.1463 307.0974 341.2182 -10.1809 0.0000 0.0000
4160.03 18.07.2018 02.20.01 24.94360 282.9922 -275.3714 -0.7823 -0.8027 0.0272 0.5960 0.3115 306.9267 341.0154 -9.1451 0.0000 0.0000
4170.03 18.07.2018 02.30.01 24.82879 283.0594 -269.3579 -0.7652 -0.7974 0.0430 0.9172 0.4796 306.8078 340.7898 -8.5554 0.0000 0.0000
4180.03 18.07.2018 02.40.01 24.71563 283.1149 -266.1986 -0.7562 -0.8003 0.0588 1.2396 0.6484 306.7403 340.5511 -8.2350 0.0000 0.0000
4190.03 18.07.2018 02.50.01 24.60330 283.1801 -265.9814 -0.7556 -0.8116 0.0747 1.5621 0.8172 306.6845 340.3355 -7.8925 0.0000 0.0000
4200.03 18.07.2018 03.00.01 24.49090 283.2751 -266.0811 -0.7559 -0.8239 0.0907 1.8888 0.9881 306.6198 340.1680 -7.4237 0.0000 0.0000
4210.03 18.07.2018 03.10.01 24.37881 283.6024 -237.5420 -0.6748 -0.8332 0.2112 4.6474 2.4287 306.9264 340.5115 -5.9410 0.0000 0.0000
4220.03 18.07.2018 03.20.01 24.27587 283.9385 -213.4473 -0.6064 -0.8760 0.3594 7.7204 4.0368 307.3794 341.0403 -4.6886 0.0000 0.0000
4230.03 18.07.2018 03.30.01 24.18105 284.2813 -196.4258 -0.5580 -0.9423 0.5123 10.8411 5.6700 307.9011 341.6870 -3.5635 0.0000 0.0000
4240.03 18.07.2018 03.40.01 24.09231 284.6275 -183.4445 -0.5211 -1.0207 0.6661 13.9713 7.3082 308.4693 342.4298 -2.5451 0.0000 0.0000
4250.03 18.07.2018 03.50.01 24.00854 284.9731 -172.7238 -0.4907 -1.1057 0.8200 17.1032 8.9473 309.0714 343.2507 -1.6276 0.0000 0.0000
4260.03 18.07.2018 04.00.01 23.92898 285.3182 -162.9383 -0.4629 -1.1933 0.9739 20.2357 10.5867 309.7014 344.1394 -0.7954 0.0000 0.0000
4270.03 18.07.2018 04.10.01 23.85342 285.6465 -150.7511 -0.4283 -1.2823 1.1387 23.6206 12.3578 310.8320 345.1706 -0.1791 0.0000 0.0000
4280.03 18.07.2018 04.20.01 23.78268 285.9723 -138.8290 -0.3944 -1.3742 1.3064 27.0380 14.1464 312.0071 346.2709 0.2760 0.0000 0.0000
4290.03 18.07.2018 04.30.01 23.71673 286.3012 -127.9389 -0.3635 -1.4693 1.4745 30.4604 15.9375 313.1965 347.4212 0.6178 0.0000 0.0000
4300.03 18.07.2018 04.40.01 23.65508 286.6272 -117.8352 -0.3348 -1.5668 1.6427 33.8837 17.7291 314.4085 348.6118 0.8454 0.0000 0.0000
4310.03 18.07.2018 04.50.01 23.59759 286.9573 -108.2943 -0.3077 -1.6659 1.8110 70.4896 37.0955 315.6592 351.6493 -0.7432 0.0000 0.0000
4320.03 18.07.2018 05.00.01 23.54427 287.3111 -70.6214 -0.2006 -1.7657 2.0868 74.0067 39.0242 317.2006 354.0682 -1.7553 0.0000 0.0000
4330.03 18.07.2018 05.10.01 23.50311 287.7767 -73.0058 -0.2074 -1.9047 2.2631 221.8302 117.6448 318.7853 364.4045 -10.1034 0.0000 0.0000
4340.03 18.07.2018 05.20.01 23.46398 288.3165 96.4657 0.2741 -2.0223 3.0618 337.0841 179.0398 322.0663 377.8327 -22.7114 0.0000 0.0000
4350.03 18.07.2018 05.30.01 23.47732 288.9790 235.8492 0.6700 -2.3618 4.0424 387.4902 204.0655 326.1842 387.0275 -32.3176 0.0000 0.0000
4360.03 18.07.2018 05.40.01 23.53542 289.6798 295.2693 0.8388 -2.8605 4.9324 400.8821 209.2026 330.3749 393.9183 -37.8735 0.0000 0.0000
4370.03 18.07.2018 05.50.01 23.61413 290.2768 143.9267 0.4089 -3.3955 5.0725 474.3245 244.3984 332.6988 400.4292 -44.6579 0.0000 0.0000
4380.03 18.07.2018 06.00.01 23.65142 290.7711 54.5712 0.1550 -3.6686 5.0982 468.8225 239.1970 334.5399 405.8074 -51.8843 0.0000 0.0000
4390.03 18.07.2018 06.10.01 23.66427 291.1082 35.6991 0.1014 -3.7881 5.1860 446.3361 227.2625 335.8364 411.2893 -58.8468 0.0000 0.0000
4400.03 18.07.2018 06.20.01 23.67291 291.4346 53.1212 0.1509 -3.8651 5.3546 418.4612 212.0340 337.1849 414.4283 -62.4676 0.0000 0.0000
4410.03 18.07.2018 06.30.01 23.68804 291.7811 86.6552 0.2462 -3.9524 5.5982 403.8319 204.6940 338.8346 418.1129 -66.9397 0.0000 0.0000
4420.03 18.07.2018 06.40.01 23.71478 292.1496 120.3529 0.3419 -4.0701 5.8827 395.0336 200.0969 340.5654 420.9661 -69.9259 0.0000 0.0000
4430.03 18.07.2018 06.50.01 23.75689 292.5287 660.0211 1.8751 -4.2151 8.1202 399.7934 202.1612 342.4170 424.6839 -74.4075 0.0000 0.0000
4440.03 18.07.2018 07.00.01 23.96081 292.9019 950.3447 2.6998 -5.1277 10.4368 404.2483 203.9815 344.1015 427.9084 -78.3467 0.0000 0.0000
4450.03 18.07.2018 07.10.01 24.25521 293.1424 1111.9717 3.1590 -6.4143 12.7644 407.6664 205.4404 345.8692 430.8537 -82.6363 0.0000 0.0000
4460.03 18.07.2018 07.20.01 24.60192 293.3835 1127.6548 3.2036 -7.8800 14.7781 409.3228 206.0787 347.5405 433.1756 -86.3290 0.0000 0.0000
4470.03 18.07.2018 07.30.01 24.95770 293.6234 1075.2986 3.0548 -9.3107 16.4874 409.2254 205.8936 349.1374 434.9572 -89.4546 0.0000 0.0000
4480.03 18.07.2018 07.40.01 25.30212 293.8693 1055.5913 2.9988 -10.6135 18.1498 413.7518 208.0537 350.6665 436.5977 -92.1707 0.0000 0.0000
4490.03 18.07.2018 07.50.01 25.64413 294.1252 1027.6217 2.9194 -11.8462 19.6874 417.8202 210.0324 352.3853 438.2077 -94.7533 0.0000 0.0000
4500.03 18.07.2018 08.00.01 25.98058 294.3689 965.6790 2.7434 -12.9997 20.9908 419.3178 210.6475 353.8905 439.3947 -96.7498 0.0000 0.0000
4510.03 18.07.2018 08.10.01 26.29980 294.4983 718.4529 2.0411 -14.0305 21.4288 407.8137 205.1641 355.4796 440.0661 -97.5446 0.0000 0.0000
4520.03 18.07.2018 08.20.01 26.54699 294.6169 480.5701 1.3653 -14.6757 21.3879 393.0413 198.0819 356.7444 439.8964 -96.9447 0.0000 0.0000
4530.03 18.07.2018 08.30.01 26.72344 294.7305 236.2843 0.6713 -14.9654 20.8489 376.2353 190.1548 357.9159 439.2835 -95.4120 0.0000 0.0000
4540.03 18.07.2018 08.40.01 26.82748 294.8285 176.5453 0.5015 -14.9018 20.5377 364.8384 184.7912 358.8895 438.5453 -93.4719 0.0000 0.0000
4550.03 18.07.2018 08.50.01 26.91207 294.9191 91.6860 0.2605 -14.7665 20.0360 352.7673 179.1668 359.8882 437.7954 -91.2227 0.0000 0.0000
4560.03 18.07.2018 09.00.01 26.96969 294.9984 -41.2383 -0.1172 -14.5205 19.2045 338.5397 172.4954 360.7552 436.7820 -88.2966 0.0000 0.0000
4570.03 18.07.2018 09.10.01 26.98855 295.0974 151.6023 0.4307 -14.0944 19.3667 338.4742 172.5149 361.8262 436.6879 -83.2691 0.0000 0.0000
4580.03 18.07.2018 09.20.01 27.06271 295.2139 215.7524 0.6129 -13.9666 19.4393 338.8927 172.8914 363.1333 437.1880 -79.5798 0.0000 0.0000
4590.03 18.07.2018 09.30.01 27.15618 295.3400 270.2772 0.7678 -13.9311 19.5986 339.5706 173.3579 364.5676 438.0044 -76.5799 0.0000 0.0000
4600.03 18.07.2018 09.40.01 27.26641 295.4697 301.5298 0.8566 -13.9688 19.7672 340.8546 174.1070 366.0167 439.0722 -73.9725 0.0000 0.0000
4610.03 18.07.2018 09.50.01 27.38674 295.6069 313.0069 0.8892 -14.0420 19.9083 342.1869 174.9058 367.5274 440.3718 -71.7957 0.0000 0.0000
4620.03 18.07.2018 10.00.01 27.51125 295.7446 298.5357 0.8481 -14.1205 19.9582 342.9338 175.4211 369.0361 441.7537 -69.9120 0.0000 0.0000
4630.03 18.07.2018 10.10.01 27.63372 295.8858 496.1910 1.4096 -14.1670 20.7688 353.9288 180.9058 371.1662 443.4254 -70.6808 0.0000 0.0000
4640.03 18.07.2018 10.20.01 27.81567 296.0703 623.7575 1.7720 -14.4940 21.6881 366.1995 187.0729 373.5249 445.5588 -73.1097 0.0000 0.0000
4650.03 18.07.2018 10.30.01 28.03710 296.3543 684.1442 1.9436 -14.9860 22.5728 378.0556 193.0173 375.8779 447.8168 -76.2968 0.0000 0.0000
4660.03 18.07.2018 10.40.01 28.27908 296.6445 763.0466 2.1677 -15.5388 23.6088 390.1504 199.0012 378.4158 450.4976 -79.0713 0.0000 0.0000
4670.03 18.07.2018 10.50.01 28.54742 296.5266 765.8043 2.1756 -16.1830 24.4781 401.9516 204.9346 380.8682 452.2458 -87.6932 0.0000 0.0000
4680.03 18.07.2018 11.00.01 28.81994 296.6819 759.3306 2.1572 -16.7984 25.2741 413.3065 210.6582 383.2083 454.1926 -93.7064 0.0000 0.0000
4690.03 18.07.2018 11.10.01 29.08865 296.7755 275.1050 0.7815 -17.3644 24.1945 396.4029 202.4276 383.6980 455.4214 -89.4917 0.0000 0.0000
4700.03 18.07.2018 11.20.01 29.21288 296.8417 -97.5987 -0.2773 -17.2061 22.5717 375.4169 192.1597 383.4524 455.5442 -84.3055 0.0000 0.0000
4710.03 18.07.2018 11.30.01 29.22381 296.8657 -311.2124 -0.8841 -16.5269 20.8571 353.7191 181.5348 382.8669 455.1192 -79.3022 0.0000 0.0000
4720.03 18.07.2018 11.40.01 29.16750 296.8378 -410.2062 -1.1654 -15.5777 19.2165 333.0816 171.4184 382.1433 454.3240 -74.6511 0.0000 0.0000
4730.03 18.07.2018 11.50.01 29.07769 296.8086 -479.8940 -1.3633 -14.5291 17.5543 312.2536 161.2040 381.2853 453.1791 -69.9554 0.0000 0.0000
4740.03 18.07.2018 12.00.01 28.96340 296.7852 -532.0577 -1.5115 -13.4210 15.8793 291.3946 150.9783 380.3678 451.7285 -65.1887 0.0000 0.0000
4750.03 18.07.2018 12.10.01 28.83434 296.8698 -27.7568 -0.0789 -12.2944 16.2874 292.3036 150.8840 379.3540 451.0945 -61.9761 0.0000 0.0000
4760.03 18.07.2018 12.20.01 28.85348 297.0052 259.3334 0.7367 -11.9374 16.8989 295.9293 152.2652 378.8000 450.9591 -61.8964 0.0000 0.0000
4770.03 18.07.2018 12.30.01 28.95892 297.0773 401.1697 1.1397 -11.9932 17.5105 299.7586 153.7677 378.3595 450.8371 -63.1319 0.0000 0.0000
4780.03 18.07.2018 12.40.01 29.10836 297.1038 467.7281 1.3288 -12.2370 18.0877 303.4885 155.2318 378.0670 451.3589 -60.9232 0.0000 0.0000
4790.03 18.07.2018 12.50.01 29.27938 297.0936 494.2393 1.4041 -12.5564 18.6140 306.9947 156.6000 377.7757 451.8658 -59.6186 0.0000 0.0000
4800.03 18.07.2018 13.00.01 29.45980 297.1386 502.6765 1.4281 -12.8967 19.0996 310.8339 158.2004 377.5574 452.7041 -58.3453 0.0000 0.0000
4810.03 18.07.2018 13.10.01 29.64129 297.3252 141.0903 0.4008 -13.2219 18.1636 299.7019 152.8575 379.4211 453.3963 -53.6737 0.0000 0.0000
4820.03 18.07.2018 13.20.01 29.71581 297.5912 -66.1983 -0.1881 -12.9999 17.0824 286.7198 146.5149 380.8606 452.2463 -55.4614 0.0000 0.0000
4830.03 18.07.2018 13.30.01 29.72762 298.0739 -175.1328 -0.4975 -12.4884 15.9878 273.3613 139.9571 381.8552 450.6790 -58.3971 0.0000 0.0000
4840.03 18.07.2018 13.40.01 29.70455 297.7632 -233.7918 -0.6642 -11.8429 14.9050 259.9610 133.3683 383.0941 449.7687 -56.8859 0.0000 0.0000
4850.03 18.07.2018 13.50.01 29.66210 297.6647 -261.5620 -0.7431 -11.1359 13.8572 246.7394 126.8604 384.1413 448.2997 -57.8151 0.0000 0.0000
4860.03 18.07.2018 14.00.01 29.60925 297.6066 -278.2764 -0.7906 -10.4148 12.8323 233.7339 120.4654 385.0505 446.5335 -58.3428 0.0000 0.0000
4870.03 18.07.2018 14.10.01 29.54876 297.6275 -364.9180 -1.0367 -9.6907 11.5387 212.7758 109.8631 383.5702 444.5757 -49.9377 0.0000 0.0000
4880.03 18.07.2018 14.20.01 29.46014 297.5880 -431.5016 -1.2259 -8.8687 10.1904 190.9068 98.7564 381.6924 442.0643 -43.6129 0.0000 0.0000
4890.03 18.07.2018 14.30.01 29.34838 297.5239 -464.3463 -1.3192 -7.9902 8.8947 169.2880 87.7604 379.6337 439.1165 -39.5356 0.0000 0.0000
4900.03 18.07.2018 14.40.01 29.22332 297.4189 -486.6063 -1.3824 -7.1070 7.6328 147.5065 76.6805 377.5819 436.0411 -35.4777 0.0000 0.0000
4910.03 18.07.2018 14.50.01 29.08843 297.3089 -498.9599 -1.4175 -6.2304 6.4172 125.7778 65.5973 375.4625 432.6339 -31.8947 0.0000 0.0000
4920.03 18.07.2018 15.00.01 28.94695 297.1689 -498.9134 -1.4174 -5.3723 5.2732 104.4157 54.6784 373.2789 428.9409 -28.7485 0.0000 0.0000
4930.03 18.07.2018 15.10.01 28.80428 296.9134 -316.7493 -0.8999 -4.5593 4.8792 98.3631 51.4839 370.1390 425.5695 -26.7498 0.0000 0.0000
4940.03 18.07.2018 15.20.01 28.71478 296.6211 -188.9197 -0.5367 -4.0404 4.6716 94.5079 49.4659 367.2022 422.4885 -26.7285 0.0000 0.0000
4950.03 18.07.2018 15.30.01 28.66122 296.3396 -126.9776 -0.3607 -3.7307 4.4933 90.9452 47.6008 364.3370 419.4647 -27.1409 0.0000 0.0000
4960.03 18.07.2018 15.40.01 28.62487 296.0629 -100.4116 -0.2853 -3.5258 4.3207 87.4462 45.7695 361.5754 416.7159 -26.4388 0.0000 0.0000
4970.03 18.07.2018 15.50.01 28.59564 295.7950 -90.6161 -0.2574 -3.3693 4.1492 83.9576 43.9437 358.8282 414.0169 -25.7320 0.0000 0.0000
4980.03 18.07.2018 16.00.01 28.56851 295.5509 -89.1748 -0.2533 -3.2370 3.9783 80.4908 42.1290 356.0881 411.3854 -24.8171 0.0000 0.0000
4990.03 18.07.2018 16.10.01 28.54144 295.7892 -36.4878 -0.1037 -3.1148 4.0148 88.5940 46.2122 355.8897 410.4268 -20.8135 0.0000 0.0000
5000.03 18.07.2018 16.20.01 28.53008 296.0402 -6.3025 -0.0179 -3.0673 4.0659 97.8792 50.9930 356.2116 410.3560 -18.2271 0.0000 0.0000
5010.03 18.07.2018 16.30.01 28.52813 296.2978 -18.0733 -0.0513 -3.0560 4.0062 106.7891 55.6315 356.7799 410.7113 -16.4113 0.0000 0.0000
5020.03 18.07.2018 16.40.01 28.52358 296.5578 2.4896 0.0071 -3.0184 4.0340 119.2027 62.1133 357.4631 411.6901 -15.3995 0.0000 0.0000
5030.03 18.07.2018 16.50.01 28.52575 296.8290 28.3874 0.0806 -3.0048 4.1140 130.9941 68.1822 358.3004 412.9544 -15.0076 0.0000 0.0000
5040.03 18.07.2018 17.00.01 28.53604 297.0944 31.9860 0.0909 -3.0228 4.1515 151.1698 79.3160 359.1576 415.7542 -16.2316 0.0000 0.0000
5050.03 18.07.2018 17.10.01 28.54766 296.8131 21.1719 0.0601 -3.0443 4.1393 145.8964 76.7751 359.0287 416.0054 -20.4778 0.0000 0.0000
5060.03 18.07.2018 17.20.01 28.55486 296.4694 -49.7761 -0.1414 -3.0620 3.8941 137.6857 72.6489 358.1845 414.9399 -24.4980 0.0000 0.0000
5070.03 18.07.2018 17.30.01 28.53951 296.1105 -105.4904 -0.2997 -2.9946 3.5933 127.9632 67.6585 356.9474 413.1709 -27.6509 0.0000 0.0000
5080.03 18.07.2018 17.40.01 28.50564 295.7477 -136.3051 -0.3872 -2.8695 3.3097 115.3110 61.0546 355.6100 410.8911 -29.5176 0.0000 0.0000
5090.03 18.07.2018 17.50.01 28.46047 295.3849 -166.0398 -0.4717 -2.7231 3.0018 101.7913 53.9487 354.1664 408.2081 -30.1416 0.0000 0.0000
5100.03 18.07.2018 18.00.01 28.40466 295.0233 -186.6308 -0.5302 -2.5556 2.7005 87.8486 46.5837 352.6862 405.2812 -29.8629 0.0000 0.0000
5110.03 18.07.2018 18.10.01 28.34088 294.6641 -218.2225 -0.6200 -2.3774 2.3433 77.1999 40.9968 350.6953 402.6603 -27.1581 0.0000 0.0000
5120.03 18.07.2018 18.20.01 28.26632 294.2959 -238.6250 -0.6779 -2.1698 1.9892 66.3088 35.2620 348.7033 399.9608 -24.7976 0.0000 0.0000
5130.03 18.07.2018 18.30.01 28.18444 293.9310 -253.8788 -0.7212 -1.9490 1.6370 55.2044 29.3983 346.6925 397.1598 -22.5892 0.0000 0.0000
5140.03 18.07.2018 18.40.01 28.09667 293.5664 -263.7691 -0.7493 -1.7211 1.2957 40.8147 21.7304 344.6909 394.0823 -19.9415 0.0000 0.0000
5150.03 18.07.2018 18.50.01 28.00472 293.2012 -276.2781 -0.7849 -1.4936 0.9449 25.9482 13.7838 342.6356 390.8124 -17.0874 0.0000 0.0000
5160.03 18.07.2018 19.00.01 27.90786 292.8394 -286.9275 -0.8151 -1.2620 0.5959 10.7470 5.6339 340.5554 387.4149 -14.0192 0.0000 0.0000
5170.03 18.07.2018 19.10.01 27.80700 292.5915 -251.2370 -0.7137 -1.0285 0.4197 8.1229 4.2540 340.5265 385.2094 -11.7305 0.0000 0.0000
5180.03 18.07.2018 19.20.01 27.71606 292.3583 -215.1108 -0.6111 -0.8561 0.3266 6.4029 3.3530 340.7588 383.4539 -10.3039 0.0000 0.0000
5190.03 18.07.2018 19.30.01 27.63543 292.1355 -194.9971 -0.5540 -0.7401 0.2482 4.8380 2.5339 341.0880 381.9055 -9.2929 0.0000 0.0000
5200.03 18.07.2018 19.40.01 27.56060 291.9194 -185.4793 -0.5269 -0.6562 0.1724 3.3020 1.7299 341.4712 380.5076 -8.5775 0.0000 0.0000
5210.03 18.07.2018 19.50.01 27.48834 291.7055 -182.1986 -0.5176 -0.5904 0.0971 1.7711 0.9287 341.8892 379.2156 -8.1399 0.0000 0.0000
5220.03 18.07.2018 20.00.01 27.41659 291.4753 -182.3306 -0.5180 -0.5345 0.0220 0.2434 0.1292 342.3542 378.0070 -7.9446 0.0000 0.0000
5230.03 18.07.2018 20.10.01 27.34445 291.3977 -169.2048 -0.4807 -0.4836 0.0038 0.0399 0.0210 344.2452 377.3622 -7.3099 0.0000 0.0000
5240.03 18.07.2018 20.20.01 27.27599 291.3145 -159.6309 -0.4535 -0.4540 0.0007 0.0076 0.0040 346.2719 376.8831 -7.2291 0.0000 0.0000
5250.03 18.07.2018 20.30.01 27.21032 291.2332 -155.2117 -0.4409 -0.4410 0.0001 0.0013 0.0007 348.3316 376.5185 -7.4106 0.0000 0.0000
5260.03 18.07.2018 20.40.01 27.14581 291.1514 -153.7936 -0.4369 -0.4369 0.0000 0.0002 0.0001 350.4177 376.2558 -7.7415 0.0000 0.0000
5270.03 18.07.2018 20.50.01 27.08172 291.0738 -153.9330 -0.4373 -0.4373 0.0000 0.0000 0.0000 352.5290 376.0815 -8.2055 0.0000 0.0000
5280.03 18.07.2018 21.00.01 27.01718 290.9899 -154.1998 -0.4381 -0.4381 0.0000 0.0000 0.0000 354.6501 375.9686 -8.8152 0.0000 0.0000
5290.03 18.07.2018 21.10.01 26.95220 290.9096 -154.1973 -0.4381 -0.4381 0.0000 0.0000 0.0000 354.4324 375.6858 -8.8740 0.0000 0.0000
5300.03 18.07.2018 21.20.01 26.88720 290.8266 -155.4540 -0.4416 -0.4416 0.0000 0.0000 0.0000 354.1290 375.3475 -8.8551 0.0000 0.0000
5310.03 18.07.2018 21.30.01 26.82159 290.7426 -157.5988 -0.4477 -0.4477 0.0000 0.0000 0.0000 353.8162 374.9960 -8.8234 0.0000 0.0000
5320.03 18.07.2018 21.40.01 26.75503 290.6576 -160.0131 -0.4546 -0.4546 0.0000 0.0000 0.0000 353.5045 374.6355 -8.7902 0.0000 0.0000
5330.03 18.07.2018 21.50.01 26.68749 290.5748 -162.2912 -0.4611 -0.4611 0.0000 0.0000 0.0000 353.1921 374.2722 -8.7414 0.0000 0.0000
5340.03 18.07.2018 22.00.01 26.61898 290.4923 -164.3159 -0.4668 -0.4668 0.0000 0.0000 0.0000 352.8773 373.9050 -8.6878 0.0000 0.0000
5350.03 18.07.2018 22.10.01 26.54968 290.4244 -165.9643 -0.4715 -0.4715 0.0000 0.0000 0.0000 351.9694 373.4776 -8.4799 0.0000 0.0000
5360.03 18.07.2018 22.20.01 26.47970 290.3539 -167.7890 -0.4767 -0.4767 0.0000 0.0000 0.0000 351.0399 373.0128 -8.2686 0.0000 0.0000
5370.03 18.07.2018 22.30.01 26.40899 290.2861 -169.7112 -0.4821 -0.4821 0.0000 0.0000 0.0000 350.1031 372.5328 -8.0262 0.0000 0.0000
5380.03 18.07.2018 22.40.01 26.33758 290.2150 -171.5770 -0.4874 -0.4874 0.0000 0.0000 0.0000 349.1649 372.0328 -7.7905 0.0000 0.0000
5390.03 18.07.2018 22.50.01 26.26525 290.1460 -172.9944 -0.4915 -0.4915 0.0000 0.0000 0.0000 348.2267 371.5238 -7.5311 0.0000 0.0000
5400.03 18.07.2018 23.00.01 26.19238 290.0774 -174.3600 -0.4953 -0.4953 0.0000 0.0000 0.0000 347.2870 371.0035 -7.2691 0.0000 0.0000
5410.03 18.07.2018 23.10.01 26.11904 289.9036 -176.1431 -0.5004 -0.5004 0.0000 0.0000 0.0000 346.1698 370.3317 -7.4840 0.0000 0.0000
5420.03 18.07.2018 23.20.01 26.04470 289.7302 -178.5105 -0.5071 -0.5071 0.0000 0.0000 0.0000 345.0186 369.6309 -7.6189 0.0000 0.0000
5430.03 18.07.2018 23.30.01 25.96929 289.5559 -181.2021 -0.5148 -0.5148 0.0000 0.0000 0.0000 343.8564 368.9047 -7.7268 0.0000 0.0000
5440.03 18.07.2018 23.40.01 25.89279 289.3764 -184.0494 -0.5229 -0.5229 0.0000 0.0000 0.0000 342.6831 368.1458 -7.8663 0.0000 0.0000
5450.03 18.07.2018 23.50.01 25.81515 289.1976 -186.9298 -0.5311 -0.5311 0.0000 0.0000 0.0000 341.5080 367.3780 -7.9463 0.0000 0.0000
5460.03 19.07.2018 00.00.01 25.73626 289.0208 -189.4206 -0.5381 -0.5381 0.0000 0.0000 0.0000 340.3302 366.5980 -7.9965 0.0000 0.0000
5470.03 19.07.2018 00.10.01 25.65630 288.8218 -191.8562 -0.5450 -0.5450 0.0000 0.0000 0.0000 339.4107 365.8147 -8.1673 0.0000 0.0000
5480.03 19.07.2018 00.20.01 25.57546 288.6374 -193.6876 -0.5502 -0.5502 0.0000 0.0000 0.0000 338.5196 365.0559 -8.2642 0.0000 0.0000
5490.03 19.07.2018 00.30.01 25.49398 288.4455 -195.1587 -0.5544 -0.5544 0.0000 0.0000 0.0000 337.6286 364.2883 -8.3940 0.0000 0.0000
5500.03 19.07.2018 00.40.01 25.41183 288.2499 -196.3358 -0.5578 -0.5578 0.0000 0.0000 0.0000 336.7256 363.5105 -8.5425 0.0000 0.0000
5510.03 19.07.2018 00.50.01 25.32928 288.0532 -197.9675 -0.5624 -0.5624 0.0000 0.0000 0.0000 335.8159 362.7283 -8.6850 0.0000 0.0000
5520.03 19.07.2018 01.00.01 25.24597 287.8568 -199.5844 -0.5670 -0.5670 0.0000 0.0000 0.0000 334.9058 361.9446 -8.8155 0.0000 0.0000
5530.03 19.07.2018 01.10.01 25.16192 287.7694 -200.3002 -0.5690 -0.5690 0.0000 0.0000 0.0000 334.7644 361.3727 -8.5212 0.0000 0.0000
5540.03 19.07.2018 01.20.01 25.07824 287.7005 -199.7266 -0.5674 -0.5674 0.0000 0.0000 0.0000 334.6781 360.8699 -8.2500 0.0000 0.0000
5550.03 19.07.2018 01.30.01 24.99502 287.6359 -197.6199 -0.5614 -0.5614 0.0000 0.0000 0.0000 334.6138 360.4048 -8.0380 0.0000 0.0000
5560.03 19.07.2018 01.40.01 24.91268 287.5720 -195.5255 -0.5555 -0.5555 0.0000 0.0000 0.0000 334.5694 359.9735 -7.8681 0.0000 0.0000
5570.03 19.07.2018 01.50.01 24.83120 287.3981 -194.3160 -0.5520 -0.5520 0.0000 0.0000 0.0000 334.5047 359.4799 -8.1771 0.0000 0.0000
5580.03 19.07.2018 02.00.01 24.74972 287.2986 -195.1612 -0.5544 -0.5544 0.0000 0.0003 0.0002 334.3849 359.0278 -8.1838 0.0000 0.0000
5590.03 19.07.2018 02.10.01 24.66808 287.3333 -193.1597 -0.5487 -0.5554 0.0089 0.2079 0.1085 333.7395 358.6806 -7.5675 0.0000 0.0000
5600.03 19.07.2018 02.20.01 24.58755 287.2241 -190.0254 -0.5398 -0.5550 0.0202 0.4422 0.2311 333.0531 358.1738 -7.7219 0.0000 0.0000
5610.03 19.07.2018 02.30.01 24.50750 287.1114 -189.0300 -0.5370 -0.5609 0.0319 0.6805 0.3559 332.2587 357.5975 -7.9741 0.0000 0.0000
5620.03 19.07.2018 02.40.01 24.42727 287.0079 -190.9431 -0.5425 -0.5752 0.0436 0.9197 0.4810 331.4778 356.9800 -8.3181 0.0000 0.0000
5630.03 19.07.2018 02.50.01 24.34567 286.8923 -195.2267 -0.5546 -0.5962 0.0554 1.1590 0.6063 330.7066 356.3109 -8.8003 0.0000 0.0000
5640.03 19.07.2018 03.00.01 24.26208 286.7817 -200.5064 -0.5696 -0.6202 0.0674 1.4041 0.7345 329.8976 355.6198 -9.2611 0.0000 0.0000
5650.03 19.07.2018 03.10.01 24.17663 286.7982 -165.1401 -0.4691 -0.6399 0.2276 5.0990 2.6639 329.4911 355.4883 -8.8110 0.0000 0.0000
5660.03 19.07.2018 03.20.01 24.10232 286.8172 -135.0255 -0.3836 -0.7040 0.4272 9.2399 4.8308 329.2333 355.5500 -8.6008 0.0000 0.0000
5670.03 19.07.2018 03.30.01 24.03781 286.8392 -115.1561 -0.3271 -0.8021 0.6333 13.4484 7.0332 329.0360 355.7170 -8.5117 0.0000 0.0000
5680.03 19.07.2018 03.40.01 23.98010 286.8685 -101.2418 -0.2876 -0.9181 0.8407 17.6705 9.2429 328.8670 355.9743 -8.4776 0.0000 0.0000
5690.03 19.07.2018 03.50.01 23.92745 286.8946 -90.7123 -0.2577 -1.0439 1.0483 21.8948 11.4537 328.7167 356.2937 -8.5416 0.0000 0.0000
5700.03 19.07.2018 04.00.01 23.87878 286.9188 -81.9463 -0.2328 -1.1749 1.2561 26.1255 13.6678 328.5844 356.6653 -8.6912 0.0000 0.0000
5710.03 19.07.2018 04.10.01 23.83389 287.2651 -34.0816 -0.0968 -1.3078 1.6146 33.8601 17.7113 329.0975 357.7441 -7.8632 0.0000 0.0000
5720.03 19.07.2018 04.20.01 23.80447 287.6173 5.0882 0.0145 -1.4953 2.0129 42.0476 21.9960 329.8137 359.1042 -7.3452 0.0000 0.0000
5730.03 19.07.2018 04.30.01 23.78823 287.9805 32.0766 0.0911 -1.7224 2.4180 50.3038 26.3168 330.6228 360.6463 -6.9952 0.0000 0.0000
5740.03 19.07.2018 04.40.01 23.78155 288.3460 52.3870 0.1488 -1.9694 2.8243 58.5738 30.6450 331.4926 362.3340 -6.7968 0.0000 0.0000
5750.03 19.07.2018 04.50.01 23.78246 288.7147 68.9459 0.1959 -2.2272 3.2308 76.9328 40.3158 332.4109 364.6727 -7.3560 0.0000 0.0000
5760.03 19.07.2018 05.00.01 23.78991 289.0886 91.9984 0.2614 -2.4911 3.6699 85.5974 44.8801 333.4503 366.9609 -7.7931 0.0000 0.0000
5770.03 19.07.2018 05.10.01 23.80572 289.4719 104.6349 0.2973 -2.7699 4.0896 124.2459 65.3623 334.4875 370.8724 -10.0049 0.0000 0.0000
5780.03 19.07.2018 05.20.01 23.82711 289.8839 151.0993 0.4293 -3.0477 4.6359 155.8740 82.1393 335.8772 375.4964 -12.8759 0.0000 0.0000
5790.03 19.07.2018 05.30.01 23.86410 290.3155 191.3651 0.5437 -3.3727 5.2218 173.6133 91.1192 337.4803 379.3211 -14.7185 0.0000 0.0000
5800.03 19.07.2018 05.40.01 23.91500 290.7510 214.0591 0.6081 -3.7321 5.7869 179.2489 93.6702 339.1231 382.5557 -15.7113 0.0000 0.0000
5810.03 19.07.2018 05.50.01 23.97439 291.1188 184.5795 0.5244 -4.0995 6.1652 194.5404 101.0873 340.3580 385.6199 -16.4858 0.0000 0.0000
5820.03 19.07.2018 06.00.01 24.02685 291.5152 168.1002 0.4776 -4.4030 6.5075 192.5953 99.7742 341.4633 388.3980 -17.1451 0.0000 0.0000
5830.03 19.07.2018 06.10.01 24.07556 291.8732 108.7444 0.3089 -4.6655 6.6326 210.3996 108.7270 342.8562 391.8166 -16.3507 0.0000 0.0000
5840.03 19.07.2018 06.20.01 24.10830 292.5315 112.0637 0.3184 -4.8218 6.8536 226.6890 116.6973 344.5516 395.7140 -16.2279 0.0000 0.0000
5850.03 19.07.2018 06.30.01 24.14364 292.9342 132.9628 0.3777 -4.9636 7.1218 245.8325 126.3455 346.2720 399.3677 -22.2816 0.0000 0.0000
5860.03 19.07.2018 06.40.01 24.18667 293.5470 158.2494 0.4496 -5.1188 7.4245 257.2180 132.0698 348.2803 404.1029 -18.9462 0.0000 0.0000
5870.03 19.07.2018 06.50.01 24.24050 293.8034 400.5356 1.1379 -5.2893 8.5696 273.7893 140.2705 350.2270 408.9847 -20.2007 0.0000 0.0000
5880.03 19.07.2018 07.00.01 24.36791 293.8646 559.9652 1.5908 -5.7972 9.8507 290.8258 148.6486 351.9802 413.1165 -27.8625 0.0000 0.0000
5890.03 19.07.2018 07.10.01 24.54543 294.3712 680.3640 1.9329 -6.5078 11.2542 300.0324 153.1868 353.7550 418.3980 -28.0921 0.0000 0.0000
5900.03 19.07.2018 07.20.01 24.76144 294.7955 706.0097 2.0057 -7.3557 12.4819 307.9667 157.0944 355.1909 421.8925 -37.3896 0.0000 0.0000
5910.03 19.07.2018 07.30.01 24.98849 294.3850 717.3639 2.0380 -8.2027 13.6542 315.7431 160.9489 356.2785 423.7476 -50.3516 0.0000 0.0000
5920.03 19.07.2018 07.40.01 25.22088 294.9022 721.1559 2.0487 -9.0427 14.7886 324.2410 165.1684 358.0449 429.3192 -32.4708 0.0000 0.0000
5930.03 19.07.2018 07.50.01 25.45709 294.7444 723.9341 2.0566 -9.8517 15.8778 332.4072 169.2226 359.4648 430.7210 -54.2311 0.0000 0.0000
5940.03 19.07.2018 08.00.01 25.69668 294.6974 726.3055 2.0634 -10.6364 16.9330 340.0184 172.9683 360.1085 430.9842 -69.9015 0.0000 0.0000
5950.03 19.07.2018 08.10.01 25.93975 294.9342 870.6736 2.4735 -11.4024 18.5013 358.7373 182.0983 360.9171 433.2735 -70.2784 0.0000 0.0000
5960.03 19.07.2018 08.20.01 26.22808 295.1926 990.4237 2.8137 -12.3531 20.2224 378.6260 191.8143 362.1015 436.2909 -71.8807 0.0000 0.0000
5970.03 19.07.2018 08.30.01 26.55486 295.4566 1049.6271 2.9819 -13.4414 21.8977 399.1512 201.9466 363.4921 439.7432 -74.1517 0.0000 0.0000
5980.03 19.07.2018 08.40.01 26.90298 295.7233 1107.3121 3.1458 -14.5735 23.6258 417.8184 211.0852 364.9301 443.3566 -76.7161 0.0000 0.0000
5990.03 19.07.2018 08.50.01 27.27163 295.9733 1141.8016 3.2438 -15.7472 25.3212 435.7508 219.8079 366.2603 447.0080 -79.5041 0.0000 0.0000
6000.03 19.07.2018 09.00.01 27.65402 296.2326 1166.1127 3.3128 -16.9301 26.9906 453.7839 228.6122 367.6331 450.7989 -82.5707 0.0000 0.0000
6010.03 19.07.2018 09.10.01 28.04571 296.5004 1006.1624 2.8584 -18.1090 27.9565 460.9533 232.2562 369.4818 454.7148 -82.6906 0.0000 0.0000
6020.03 19.07.2018 09.20.01 28.39254 296.7584 828.4520 2.3536 -19.0134 28.4893 465.8315 234.8528 371.1809 458.3652 -81.2843 0.0000 0.0000
6030.03 19.07.2018 09.30.01 28.68929 297.0025 795.6863 2.2605 -19.6312 29.1888 471.0027 237.4997 372.8327 461.9286 -81.8717 0.0000 0.0000
6040.03 19.07.2018 09.40.01 28.97741 297.2406 775.0958 2.2020 -20.1873 29.8524 476.2921 240.1693 374.4143 465.5554 -80.5653 0.0000 0.0000
6050.03 19.07.2018 09.50.01 29.26049 297.4827 761.5610 2.1635 -20.7010 30.4861 481.7922 242.9881 376.0234 469.2513 -79.2873 0.0000 0.0000
6060.03 19.07.2018 10.00.01 29.54019 297.7109 713.4583 2.0269 -21.1820 30.9451 486.1335 245.2445 377.5618 472.6925 -79.6691 0.0000 0.0000
6070.03 19.07.2018 10.10.01 29.80483 297.9667 438.2797 1.2451 -21.5812 30.4351 477.6617 241.3628 380.0958 474.8473 -79.0754 0.0000 0.0000
6080.03 19.07.2018 10.20.01 29.98809 298.2329 242.4018 0.6886 -21.5721 29.6809 467.0542 236.3844 382.2377 475.5241 -87.0765 0.0000 0.0000
6090.03 19.07.2018 10.30.01 30.11208 298.5428 95.7393 0.2720 -21.2865 28.7447 455.0461 230.7037 383.8661 474.8188 -97.2538 0.0000 0.0000
6100.03 19.07.2018 10.40.01 30.19146 298.7906 100.5796 0.2857 -20.8042 28.1199 445.2797 225.9936 386.0548 477.6460 -87.8832 0.0000 0.0000
6110.03 19.07.2018 10.50.01 30.27169 298.9669 27.0202 0.0768 -20.3198 27.1954 434.9357 221.1629 388.4268 479.6139 -84.1590 0.0000 0.0000
6120.03 19.07.2018 11.00.01 30.32784 298.7247 -48.0013 -0.1364 -19.7429 26.1420 423.8367 215.9780 390.1317 479.5886 -87.9047 0.0000 0.0000
6130.03 19.07.2018 11.10.01 30.35754 298.8230 -328.9083 -0.9344 -19.0737 24.1858 393.0943 200.6648 392.1944 478.5350 -76.9504 0.0000 0.0000
6140.03 19.07.2018 11.20.01 30.30059 299.0770 -599.1898 -1.7022 -18.0142 21.7492 359.1493 183.7942 393.1271 474.7164 -75.8769 0.0000 0.0000
6150.03 19.07.2018 11.30.01 30.15869 299.1353 -769.8331 -2.1870 -16.6105 19.2313 324.6133 166.6309 393.3745 469.3676 -80.1993 0.0000 0.0000
6160.03 19.07.2018 11.40.01 29.96053 298.7854 -850.9178 -2.4174 -15.0200 16.8036 291.3167 150.0588 394.0571 466.3761 -71.9539 0.0000 0.0000
6170.03 19.07.2018 11.50.01 29.73394 298.5207 -909.9285 -2.5850 -13.3598 14.3663 257.9667 133.4618 394.7652 462.5994 -68.1910 0.0000 0.0000
6180.03 19.07.2018 12.00.01 29.48562 298.2434 -956.5189 -2.7174 -11.6615 11.9255 224.6073 116.8592 395.1659 457.9179 -66.2305 0.0000 0.0000
6190.03 19.07.2018 12.10.01 29.22329 298.1912 -478.2804 -1.3588 -9.9646 11.4745 218.3180 113.5082 393.6803 454.6910 -62.1921 0.0000 0.0000
6200.03 19.07.2018 12.20.01 29.10006 298.1672 -187.9395 -0.5339 -9.0202 11.3150 215.4988 112.0174 392.7668 452.5135 -59.2793 0.0000 0.0000
6210.03 19.07.2018 12.30.01 29.06225 298.1513 -41.3014 -0.1173 -8.5159 11.1981 213.1308 110.7642 392.1141 450.7296 -56.8934 0.0000 0.0000
6220.03 19.07.2018 12.40.01 29.06841 298.1384 32.2638 0.0917 -8.2247 11.0884 210.8753 109.5700 391.5657 449.2145 -54.8260 0.0000 0.0000
6230.03 19.07.2018 12.50.01 29.09701 298.1273 69.3254 0.1969 -8.0350 10.9759 208.6226 108.3796 391.0614 447.8974 -53.0880 0.0000 0.0000
6240.03 19.07.2018 13.00.01 29.13720 298.1154 86.3085 0.2452 -7.8943 10.8527 206.3462 107.1807 390.5795 446.7209 -51.5976 0.0000 0.0000
6250.03 19.07.2018 13.10.01 29.18624 298.2428 543.1174 1.5429 -7.7914 12.4458 228.2064 117.7790 387.9411 446.4025 -53.5265 0.0000 0.0000
6260.03 19.07.2018 13.20.01 29.37197 298.3604 813.7470 2.3118 -8.3591 14.2279 252.9817 129.9820 385.7669 446.9771 -57.0145 0.0000 0.0000
6270.03 19.07.2018 13.30.01 29.64050 298.4798 938.1050 2.6651 -9.2955 15.9474 277.6122 142.1446 383.8443 447.9263 -61.1431 0.0000 0.0000
6280.03 19.07.2018 13.40.01 29.94937 298.6259 998.8217 2.8376 -10.3760 17.6180 302.6017 154.5019 382.0075 449.1926 -65.0111 0.0000 0.0000
6290.03 19.07.2018 13.50.01 30.27926 298.7503 1008.6699 2.8655 -11.5074 19.1640 327.0602 166.6346 380.2077 450.6295 -70.0778 0.0000 0.0000
6300.03 19.07.2018 14.00.01 30.61434 298.8742 967.9724 2.7499 -12.6177 20.4902 350.5346 178.3465 378.4161 452.1432 -75.8753 0.0000 0.0000
6310.03 19.07.2018 14.10.01 30.93484 298.7784 335.6500 0.9536 -13.6203 19.4318 336.5708 171.6962 378.8056 452.8301 -76.2605 0.0000 0.0000
6320.03 19.07.2018 14.20.01 31.06722 298.6417 -81.9503 -0.2328 -13.6768 17.9253 316.9176 161.9735 378.3385 451.9847 -74.7506 0.0000 0.0000
6330.03 19.07.2018 14.30.01 31.07272 298.4834 -291.5939 -0.8284 -13.1496 16.4283 296.9877 152.0785 377.5338 450.4850 -73.3316 0.0000 0.0000
6340.03 19.07.2018 14.40.01 31.01180 298.3235 -397.4587 -1.1291 -12.3641 14.9800 277.0322 142.1734 376.6564 448.6824 -70.9988 0.0000 0.0000
6350.03 19.07.2018 14.50.01 30.91512 298.1687 -438.5674 -1.2459 -11.4735 13.6368 257.7881 132.6159 375.6382 446.5151 -68.6258 0.0000 0.0000
6360.03 19.07.2018 15.00.01 30.80239 298.0111 -471.7323 -1.3401 -10.5704 12.3070 238.1879 122.8340 374.4462 443.9055 -66.0116 0.0000 0.0000
6370.03 19.07.2018 15.10.01 30.67657 297.8255 -425.9294 -1.2100 -9.6781 11.2908 224.3134 115.9535 373.3221 441.5148 -62.7252 0.0000 0.0000
6380.03 19.07.2018 15.20.01 30.56295 297.6440 -384.0662 -1.0911 -8.8840 10.3905 210.2224 108.8553 372.2710 439.0701 -59.5324 0.0000 0.0000
6390.03 19.07.2018 15.30.01 30.45916 297.4630 -356.5185 -1.0128 -8.1838 9.5613 196.5314 101.9435 371.2209 436.6063 -56.5680 0.0000 0.0000
6400.03 19.07.2018 15.40.01 30.36141 297.2825 -342.9243 -0.9742 -7.5506 8.7685 182.3053 94.7450 370.1554 434.0846 -53.5949 0.0000 0.0000
6410.03 19.07.2018 15.50.01 30.26586 297.1042 -322.8893 -0.9173 -6.9601 8.0571 169.0619 88.0746 369.0840 431.6066 -50.7596 0.0000 0.0000
6420.03 19.07.2018 16.00.01 30.17455 296.9246 -303.0294 -0.8609 -6.4195 7.4115 155.7252 81.2970 367.9841 429.0669 -47.8121 0.0000 0.0000
6430.03 19.07.2018 16.10.01 30.08801 296.8180 -225.7833 -0.6414 -5.9268 7.0471 154.3580 80.5208 366.2537 426.8115 -46.0467 0.0000 0.0000
6440.03 19.07.2018 16.20.01 30.02313 296.7182 -170.5964 -0.4846 -5.5657 6.7747 154.6457 80.6677 364.7698 424.9760 -45.6488 0.0000 0.0000
6450.03 19.07.2018 16.30.01 29.97347 296.6244 -158.5841 -0.4505 -5.2979 6.4632 154.9348 80.8442 363.4344 423.3315 -45.3273 0.0000 0.0000
6460.03 19.07.2018 16.40.01 29.92690 296.5314 -128.3763 -0.3647 -5.0567 6.2560 157.5198 82.2186 362.1238 422.0197 -44.6955 0.0000 0.0000
6470.03 19.07.2018 16.50.01 29.88854 296.4383 -101.8976 -0.2895 -4.8681 6.1048 159.5807 83.2361 360.8646 420.7154 -44.8168 0.0000 0.0000
6480.03 19.07.2018 17.00.01 29.85745 296.3421 -100.1297 -0.2845 -4.7263 5.9224 166.0383 86.9168 359.5886 420.1066 -45.8597 0.0000 0.0000
6490.03 19.07.2018 17.10.01 29.82580 296.1182 -162.6507 -0.4621 -4.5946 5.5101 156.0484 81.9773 358.2991 418.7884 -44.2658 0.0000 0.0000
6500.03 19.07.2018 17.20.01 29.77435 295.8831 -242.9562 -0.6902 -4.3823 4.9227 142.2603 74.8918 356.7102 416.7797 -41.1295 0.0000 0.0000
6510.03 19.07.2018 17.30.01 29.69784 295.6383 -300.2258 -0.8529 -4.0690 4.2881 127.3512 67.1703 354.9404 414.4625 -37.8838 0.0000 0.0000
6520.03 19.07.2018 17.40.01 29.60259 295.3967 -331.7444 -0.9425 -3.6913 3.6651 110.5760 58.4197 353.1235 411.9560 -33.7677 0.0000 0.0000
6530.03 19.07.2018 17.50.01 29.49624 295.1565 -359.0900 -1.0201 -3.2875 3.0232 93.1987 49.3223 351.2458 409.1537 -29.8606 0.0000 0.0000
6540.03 19.07.2018 18.00.01 29.38015 294.9181 -377.7874 -1.0733 -2.8639 2.3876 75.5969 40.0848 349.3461 406.1400 -26.0350 0.0000 0.0000
6550.03 19.07.2018 18.10.01 29.25720 294.5837 -327.4839 -0.9304 -2.4345 2.0056 65.6959 34.8844 347.8871 403.3772 -23.8093 0.0000 0.0000
6560.03 19.07.2018 18.20.01 29.14733 294.2512 -293.2736 -0.8332 -2.1022 1.6920 56.3373 29.9573 346.5420 400.7366 -21.8635 0.0000 0.0000
6570.03 19.07.2018 18.30.01 29.04608 293.9203 -279.6214 -0.7944 -1.8379 1.3914 46.9145 24.9820 345.2354 398.0985 -19.9089 0.0000 0.0000
6580.03 19.07.2018 18.40.01 28.94772 293.5879 -275.5109 -0.7827 -1.6092 1.1020 34.7057 18.4768 343.9587 395.2646 -17.7441 0.0000 0.0000
6590.03 19.07.2018 18.50.01 28.84927 293.2542 -280.1470 -0.7959 -1.3996 0.8049 22.0931 11.7351 342.6741 392.3096 -15.4356 0.0000 0.0000
6600.03 19.07.2018 19.00.01 28.74838 292.9195 -286.9961 -0.8153 -1.1973 0.5093 9.1958 4.8207 341.3918 389.2553 -13.1231 0.0000 0.0000
6610.03 19.07.2018 19.10.01 28.64459 292.5531 -256.9497 -0.7300 -0.9996 0.3595 6.9598 3.6449 339.9724 386.7919 -12.2207 0.0000 0.0000
6620.03 19.07.2018 19.20.01 28.54855 292.1902 -229.4483 -0.6518 -0.8618 0.2799 5.4877 2.8738 338.6583 384.5976 -11.7208 0.0000 0.0000
6630.03 19.07.2018 19.30.01 28.45944 291.8299 -217.5736 -0.6181 -0.7776 0.2127 4.1468 2.1718 337.3952 382.5192 -11.3976 0.0000 0.0000
6640.03 19.07.2018 19.40.01 28.37292 291.4729 -215.4952 -0.6122 -0.7230 0.1478 2.8303 1.4828 336.1539 380.5268 -11.1862 0.0000 0.0000
6650.03 19.07.2018 19.50.01 28.28607 291.1114 -218.4008 -0.6205 -0.6829 0.0832 1.5181 0.7961 334.9218 378.5903 -11.1145 0.0000 0.0000
6660.03 19.07.2018 20.00.01 28.19738 290.7486 -223.8169 -0.6358 -0.6500 0.0189 0.2086 0.1107 333.6976 376.7004 -11.1423 0.0000 0.0000
6670.03 19.07.2018 20.10.01 28.10629 290.5676 -216.8378 -0.6160 -0.6185 0.0033 0.0342 0.0180 332.9223 375.2566 -10.2394 0.0000 0.0000
6680.03 19.07.2018 20.20.01 28.01699 290.3947 -211.1502 -0.5999 -0.6003 0.0006 0.0065 0.0035 332.2387 373.9608 -9.5321 0.0000 0.0000
6690.03 19.07.2018 20.30.01 27.92922 290.2250 -208.6753 -0.5928 -0.5929 0.0001 0.0011 0.0006 331.5901 372.7590 -8.9565 0.0000 0.0000
6700.03 19.07.2018 20.40.01 27.84219 290.0584 -208.5591 -0.5925 -0.5925 0.0000 0.0002 0.0001 330.9657 371.6332 -8.4857 0.0000 0.0000
6710.03 19.07.2018 20.50.01 27.75460 289.8935 -208.8477 -0.5933 -0.5933 0.0000 0.0000 0.0000 330.3617 370.5717 -8.0963 0.0000 0.0000
6720.03 19.07.2018 21.00.01 27.66671 289.7272 -210.2453 -0.5973 -0.5973 0.0000 0.0000 0.0000 329.7759 369.5619 -7.7841 0.0000 0.0000
6730.03 19.07.2018 21.10.01 27.57815 289.5174 -212.4920 -0.6037 -0.6037 0.0000 0.0000 0.0000 329.4443 368.5617 -7.8489 0.0000 0.0000
6740.03 19.07.2018 21.20.01 27.48861 289.3071 -215.4037 -0.6119 -0.6119 0.0000 0.0000 0.0000 329.1197 367.6012 -7.9661 0.0000 0.0000
6750.03 19.07.2018 21.30.01 27.39770 289.0977 -218.3010 -0.6202 -0.6202 0.0000 0.0000 0.0000 328.8018 366.6750 -8.1137 0.0000 0.0000
6760.03 19.07.2018 21.40.01 27.30560 288.8893 -221.3690 -0.6289 -0.6289 0.0000 0.0000 0.0000 328.4897 365.7774 -8.2969 0.0000 0.0000
6770.03 19.07.2018 21.50.01 27.21224 288.6812 -224.3197 -0.6373 -0.6373 0.0000 0.0000 0.0000 328.1837 364.9064 -8.5024 0.0000 0.0000
6780.03 19.07.2018 22.00.01 27.11761 288.4722 -227.1119 -0.6452 -0.6452 0.0000 0.0000 0.0000 327.8823 364.0554 -8.7433 0.0000 0.0000
6790.03 19.07.2018 22.10.01 27.02184 288.2801 -229.8634 -0.6530 -0.6530 0.0000 0.0000 0.0000 326.5019 363.1159 -8.7422 0.0000 0.0000
6800.03 19.07.2018 22.20.01 26.92486 288.0896 -233.2744 -0.6627 -0.6627 0.0000 0.0000 0.0000 325.0867 362.1499 -8.6722 0.0000 0.0000
6810.03 19.07.2018 22.30.01 26.82638 287.8931 -237.2227 -0.6739 -0.6739 0.0000 0.0000 0.0000 323.6644 361.1591 -8.6273 0.0000 0.0000
6820.03 19.07.2018 22.40.01 26.72616 287.7005 -241.0769 -0.6849 -0.6849 0.0000 0.0000 0.0000 322.2466 360.1703 -8.5299 0.0000 0.0000
6830.03 19.07.2018 22.50.01 26.62432 287.5065 -244.8038 -0.6955 -0.6955 0.0000 0.0000 0.0000 320.8302 359.1735 -8.4251 0.0000 0.0000
6840.03 19.07.2018 23.00.01 26.52099 287.3137 -248.4379 -0.7058 -0.7058 0.0000 0.0000 0.0000 319.4128 358.1727 -8.3020 0.0000 0.0000
6850.03 19.07.2018 23.10.01 26.41616 287.0933 -251.8392 -0.7155 -0.7155 0.0000 0.0000 0.0000 318.5244 357.1958 -8.4020 0.0000 0.0000
6860.03 19.07.2018 23.20.01 26.31011 286.8898 -254.3388 -0.7226 -0.7226 0.0000 0.0000 0.0000 317.6855 356.2657 -8.4465 0.0000 0.0000
6870.03 19.07.2018 23.30.01 26.20306 286.6749 -256.0309 -0.7274 -0.7274 0.0000 0.0000 0.0000 316.8468 355.3325 -8.5592 0.0000 0.0000
6880.03 19.07.2018 23.40.01 26.09533 286.4533 -258.0488 -0.7331 -0.7331 0.0000 0.0000 0.0000 316.0016 354.3835 -8.8067 0.0000 0.0000
6890.03 19.07.2018 23.50.01 25.98666 286.2319 -261.2056 -0.7421 -0.7421 0.0000 0.0000 0.0000 315.1345 353.4182 -9.1015 0.0000 0.0000
6900.03 20.07.2018 00.00.01 25.87643 286.0040 -264.8126 -0.7523 -0.7523 0.0000 0.0000 0.0000 314.2505 352.4304 -9.4594 0.0000 0.0000
6910.03 20.07.2018 00.10.01 25.76470 285.8475 -268.3380 -0.7623 -0.7623 0.0000 0.0000 0.0000 313.2462 351.5308 -9.2977 0.0000 0.0000
6920.03 20.07.2018 00.20.01 25.65176 285.6922 -270.3676 -0.7681 -0.7681 0.0000 0.0000 0.0000 312.2504 350.6446 -9.1382 0.0000 0.0000
6930.03 20.07.2018 00.30.01 25.53823 285.5368 -271.7352 -0.7720 -0.7720 0.0000 0.0000 0.0000 311.2584 349.7685 -8.9870 0.0000 0.0000
6940.03 20.07.2018 00.40.01 25.42401 285.3819 -272.4276 -0.7739 -0.7739 0.0000 0.0000 0.0000 310.2753 348.9035 -8.8400 0.0000 0.0000
6950.03 20.07.2018 00.50.01 25.30959 285.2275 -273.2349 -0.7762 -0.7762 0.0000 0.0000 0.0000 309.2966 348.0476 -8.6973 0.0000 0.0000
6960.03 20.07.2018 01.00.01 25.19500 285.0731 -274.3773 -0.7795 -0.7795 0.0000 0.0000 0.0000 308.3244 347.1995 -8.5592 0.0000 0.0000
6970.03 20.07.2018 01.10.01 25.07964 284.9283 -274.5308 -0.7799 -0.7799 0.0000 0.0000 0.0000 307.7594 346.4305 -8.4254 0.0000 0.0000
6980.03 20.07.2018 01.20.01 24.96429 284.7845 -274.6386 -0.7802 -0.7802 0.0000 0.0000 0.0000 307.2380 345.6923 -8.3269 0.0000 0.0000
6990.03 20.07.2018 01.30.01 24.84893 284.6431 -274.3515 -0.7794 -0.7794 0.0000 0.0000 0.0000 306.7101 344.9756 -8.2177 0.0000 0.0000
7000.03 20.07.2018 01.40.01 24.73385 284.4942 -274.3420 -0.7794 -0.7794 0.0000 0.0000 0.0000 306.1756 344.2609 -8.1666 0.0000 0.0000
7010.03 20.07.2018 01.50.01 24.61883 284.3473 -274.3825 -0.7795 -0.7795 0.0000 0.0000 0.0000 305.6409 343.5637 -8.0996 0.0000 0.0000
7020.03 20.07.2018 02.00.01 24.50378 284.2018 -274.3824 -0.7795 -0.7795 0.0000 0.0004 0.0002 305.1066 342.8762 -8.0511 0.0000 0.0000
7030.03 20.07.2018 02.10.01 24.38860 284.0714 -271.7196 -0.7719 -0.7795 0.0101 0.2350 0.1227 304.9745 342.2599 -8.1211 0.0000 0.0000
7040.03 20.07.2018 02.20.01 24.27429 283.9478 -269.7991 -0.7665 -0.7836 0.0228 0.4998 0.2613 304.8707 341.6876 -8.1966 0.0000 0.0000
7050.03 20.07.2018 02.30.01 24.16076 283.8142 -268.7737 -0.7636 -0.7906 0.0360 0.7693 0.4023 304.7782 341.1286 -8.3366 0.0000 0.0000
7060.03 20.07.2018 02.40.01 24.04751 283.6780 -268.0318 -0.7615 -0.7984 0.0493 1.0396 0.5438 304.6897 340.5830 -8.5181 0.0000 0.0000
7070.03 20.07.2018 02.50.01 23.93447 283.5439 -267.5157 -0.7600 -0.8069 0.0626 1.3102 0.6854 304.6019 340.0564 -8.6998 0.0000 0.0000
7080.03 20.07.2018 03.00.01 23.82159 283.4090 -267.0253 -0.7586 -0.8157 0.0761 1.5857 0.8296 304.5092 339.5394 -8.9093 0.0000 0.0000
7090.03 20.07.2018 03.10.01 23.70934 283.4621 -232.4434 -0.6604 -0.8242 0.2185 4.8607 2.5397 304.2110 339.4342 -8.4153 0.0000 0.0000
7100.03 20.07.2018 03.20.01 23.60769 283.5210 -204.8575 -0.5820 -0.8783 0.3951 8.5235 4.4565 304.0264 339.4888 -8.0819 0.0000 0.0000
7110.03 20.07.2018 03.30.01 23.51486 283.5789 -187.4430 -0.5325 -0.9655 0.5774 12.2451 6.4041 303.8909 339.6231 -7.8842 0.0000 0.0000
7120.03 20.07.2018 03.40.01 23.42788 283.6406 -175.8034 -0.4994 -1.0700 0.7607 15.9785 8.3579 303.7843 339.8341 -7.7321 0.0000 0.0000
7130.03 20.07.2018 03.50.01 23.34506 283.6995 -167.1842 -0.4750 -1.1832 0.9443 19.7138 10.3129 303.6973 340.1004 -7.6512 0.0000 0.0000
7140.03 20.07.2018 04.00.01 23.26547 283.7624 -160.1740 -0.4550 -1.3009 1.1279 23.4491 12.2677 303.6251 340.4153 -7.6434 0.0000 0.0000
7150.03 20.07.2018 04.10.01 23.18862 284.1028 -156.9760 -0.4460 -1.4203 1.2991 26.8962 14.0721 304.0679 341.0866 -6.5746 0.0000 0.0000
7160.03 20.07.2018 04.20.01 23.11376 284.4351 -151.6384 -0.4308 -1.5310 1.4670 30.3060 15.8567 304.6027 341.8530 -5.6102 0.0000 0.0000
7170.03 20.07.2018 04.30.01 23.04162 284.7678 -144.3529 -0.4101 -1.6358 1.6343 33.7102 17.6383 305.1634 342.6985 -4.7130 0.0000 0.0000
7180.03 20.07.2018 04.40.01 22.97271 285.1014 -136.3081 -0.3872 -1.7384 1.8016 37.1132 19.4193 305.7428 343.6135 -3.8769 0.0000 0.0000
7190.03 20.07.2018 04.50.01 22.90731 285.4388 -128.0796 -0.3639 -1.8405 1.9688 40.5161 21.2002 306.3467 344.5952 -3.0881 0.0000 0.0000
