# simtime date time IndoorTemp Av_Tair_at_facade Energyflux.toIndoor.sum  Energyflux.toIndoor.average Energyflux.Conduction.average Energyflux.SW.transmission.average Shortwave.availabe Shortwave.absorbed Longwave.available Longwave.emittedFacade Sensible.outside Vapour.fromGreening Vapour.fromSubstrate
10.02 15.07.2018 05.10.00 19.90682 288.6870 125.7854 0.4492 -0.4772 1.2353 279.0569 146.7780 323.9988 379.3426 -24.2650 0.0000 0.0000
20.02 15.07.2018 05.20.00 19.94317 289.3829 184.2829 0.6582 -0.9008 2.0787 481.6839 252.5245 327.3314 396.4160 -39.5003 0.0000 0.0000
30.03 15.07.2018 05.30.01 20.00808 290.2291 250.7769 0.8956 -1.3840 3.0395 631.7404 326.6466 332.2561 411.2148 -52.3108 0.0000 0.0000
40.03 15.07.2018 05.40.01 20.10812 291.1002 283.9188 1.0140 -1.9308 3.9264 590.3305 304.7599 337.4019 423.6684 -61.5599 0.0000 0.0000
50.03 15.07.2018 05.50.01 20.22366 291.7682 144.9313 0.5176 -2.4612 3.9717 538.8488 277.4872 339.5014 429.6853 -66.1314 0.0000 0.0000
60.03 15.07.2018 06.00.01 20.28747 292.2565 73.0866 0.2610 -2.6737 3.9129 471.6207 240.8421 341.1318 430.5760 -67.6038 0.0000 0.0000
70.03 15.07.2018 06.10.01 20.32458 292.4803 51.9313 0.1855 -2.7256 3.8815 437.2019 221.8113 342.3201 431.2003 -69.6733 0.0000 0.0000
80.03 15.07.2018 06.20.01 20.35458 292.7226 69.5304 0.2483 -2.7282 3.9687 421.1170 213.6915 343.5312 433.4331 -73.1398 0.0000 0.0000
90.03 15.07.2018 06.30.01 20.39254 292.9791 80.7279 0.2883 -2.7567 4.0600 406.0724 206.1895 345.0092 435.0141 -75.8045 0.0000 0.0000
100.03 15.07.2018 06.40.01 20.43633 293.2785 102.8530 0.3673 -2.7966 4.2186 397.0350 201.5956 346.7115 436.2023 -77.0247 0.0000 0.0000
110.03 15.07.2018 06.50.01 20.49694 293.6264 427.7773 1.5278 -2.8970 5.8997 399.7159 202.8834 348.6697 438.4535 -79.3329 0.0000 0.0000
120.03 15.07.2018 07.00.01 20.69143 293.9390 671.2394 2.3973 -3.6213 8.0248 405.4910 205.6898 350.6408 440.8149 -81.8881 0.0000 0.0000
130.03 15.07.2018 07.10.01 20.98721 294.2560 779.4315 2.7837 -4.7778 10.0820 413.8807 209.7605 352.6632 443.5443 -80.3709 0.0000 0.0000
140.03 15.07.2018 07.20.01 21.33102 294.5650 826.5954 2.9521 -6.0908 12.0573 422.0108 213.7367 354.7337 446.3617 -80.1012 0.0000 0.0000
150.03 15.07.2018 07.30.01 21.69818 294.8722 840.5895 3.0021 -7.4403 13.9233 429.5142 217.4181 356.9080 449.1555 -80.5259 0.0000 0.0000
160.03 15.07.2018 07.40.01 22.07516 295.1945 845.7189 3.0204 -8.7657 15.7148 438.3647 221.7755 358.9697 452.0019 -80.9901 0.0000 0.0000
170.03 15.07.2018 07.50.01 22.45803 295.5275 844.0016 3.0143 -10.0547 17.4253 446.8204 225.9566 361.1042 454.9092 -81.8329 0.0000 0.0000
180.03 15.07.2018 08.00.01 22.84298 295.8525 809.6680 2.8917 -11.2945 18.9149 453.6868 229.3505 363.2357 457.6501 -82.8410 0.0000 0.0000
190.03 15.07.2018 08.10.01 23.21743 296.1382 802.5362 2.8662 -12.4307 20.3959 460.2525 232.6084 365.4891 460.7316 -81.8784 0.0000 0.0000
200.03 15.07.2018 08.20.01 23.59118 296.1296 780.2935 2.7868 -13.5198 21.7421 465.6931 235.2931 367.5100 462.8679 -86.3077 0.0000 0.0000
210.03 15.07.2018 08.30.01 23.95855 296.3302 764.3451 2.7298 -14.5325 23.0164 470.9475 237.9197 369.5662 465.0115 -90.2451 0.0000 0.0000
220.03 15.07.2018 08.40.01 24.32159 296.5140 749.4919 2.6768 -15.4878 24.2194 476.5710 240.6841 371.5690 468.1685 -86.7594 0.0000 0.0000
230.03 15.07.2018 08.50.01 24.68002 296.6793 728.8611 2.6031 -16.3930 25.3282 481.7121 243.2301 373.6059 471.6015 -84.0037 0.0000 0.0000
240.03 15.07.2018 09.00.01 25.03127 296.8919 693.4546 2.4766 -17.2341 26.2809 486.1667 245.4821 375.8100 475.2402 -82.0133 0.0000 0.0000
250.03 15.07.2018 09.10.01 25.36935 297.4078 634.8497 2.2673 -17.9747 26.9894 487.4339 246.1312 377.6734 478.6757 -72.8529 0.0000 0.0000
260.03 15.07.2018 09.20.01 25.68649 297.7971 611.7159 2.1847 -18.5719 27.6754 489.3065 247.1610 379.4102 480.2590 -81.7452 0.0000 0.0000
270.03 15.07.2018 09.30.01 25.99536 298.2131 585.5970 2.0914 -19.1068 28.2642 490.6358 247.9373 380.5663 480.3488 -95.3940 0.0000 0.0000
280.03 15.07.2018 09.40.01 26.29489 298.6138 580.4964 2.0732 -19.5801 28.8711 493.3792 249.4099 382.5242 484.0688 -89.4784 0.0000 0.0000
290.03 15.07.2018 09.50.01 26.59289 298.7975 566.3710 2.0228 -20.0326 29.4072 495.8482 250.7711 384.7060 487.3715 -88.2247 0.0000 0.0000
300.03 15.07.2018 10.00.01 26.88497 298.2814 520.2149 1.8579 -20.4473 29.7403 496.8937 251.4313 386.1434 487.3069 -96.2694 0.0000 0.0000
310.03 15.07.2018 10.10.01 27.15963 298.5945 543.6925 1.9418 -20.7724 30.2856 498.7931 252.3032 387.2181 489.0088 -93.8086 0.0000 0.0000
320.03 15.07.2018 10.20.01 27.44464 298.8341 555.4205 1.9836 -21.1320 30.8208 501.0790 253.4142 388.5088 490.8590 -92.4270 0.0000 0.0000
330.03 15.07.2018 10.30.01 27.73477 298.9723 529.0750 1.8896 -21.4968 31.1818 501.3637 253.4564 389.5646 492.3376 -91.5954 0.0000 0.0000
340.03 15.07.2018 10.40.01 28.01583 299.0407 537.7086 1.9204 -21.8006 31.6280 503.4939 254.4789 390.5466 494.1360 -90.2986 0.0000 0.0000
350.03 15.07.2018 10.50.01 28.29998 299.1196 523.8315 1.8708 -22.0972 31.9574 504.4393 254.8788 391.4804 495.4862 -89.9671 0.0000 0.0000
360.03 15.07.2018 11.00.01 28.57891 299.2625 485.1599 1.7327 -22.3577 32.1205 504.3364 254.7752 392.2815 496.3783 -90.2984 0.0000 0.0000
370.03 15.07.2018 11.10.01 28.84274 299.3868 439.5015 1.5696 -22.5340 32.1382 502.2054 253.7226 393.2651 498.3635 -87.2413 0.0000 0.0000
380.03 15.07.2018 11.20.01 29.08856 299.5760 396.6910 1.4168 -22.6142 32.0412 498.9657 252.0912 394.1487 499.7379 -85.5736 0.0000 0.0000
390.03 15.07.2018 11.30.01 29.31738 299.7714 357.9905 1.2785 -22.6064 31.8466 494.8592 250.0137 394.8467 500.1644 -86.0768 0.0000 0.0000
400.03 15.07.2018 11.40.01 29.53088 299.9493 348.5512 1.2448 -22.5246 31.6925 491.9116 248.5280 395.3923 499.8945 -87.7652 0.0000 0.0000
410.03 15.07.2018 11.50.01 29.74011 300.0733 325.2027 1.1614 -22.4273 31.4517 488.2281 246.6662 395.8162 499.2162 -90.8463 0.0000 0.0000
420.03 15.07.2018 12.00.01 29.93908 300.1285 273.7888 0.9778 -22.2891 31.0225 483.1478 244.1084 396.1679 497.9984 -94.4369 0.0000 0.0000
430.03 15.07.2018 12.10.01 30.11654 300.2595 234.3275 0.8369 -22.0581 30.5267 477.4479 241.3342 396.9207 499.9248 -86.9155 0.0000 0.0000
440.03 15.07.2018 12.20.01 30.27709 300.1020 188.5394 0.6734 -21.7591 29.9100 470.6915 238.0174 397.1646 501.5241 -81.4803 0.0000 0.0000
450.03 15.07.2018 12.30.01 30.41772 300.2897 151.0522 0.5395 -21.3878 29.2363 463.7578 234.6366 396.9947 501.2990 -81.4952 0.0000 0.0000
460.03 15.07.2018 12.40.01 30.54199 301.1033 131.8799 0.4710 -20.9583 28.5724 457.3979 231.5264 396.8715 500.4805 -80.4016 0.0000 0.0000
470.03 15.07.2018 12.50.01 30.65878 301.2448 157.6153 0.5629 -20.4936 28.0753 453.8958 230.0053 397.1857 499.0064 -86.2400 0.0000 0.0000
480.03 15.07.2018 13.00.01 30.78356 301.3539 97.5461 0.3484 -20.0969 27.2604 446.8565 226.6009 397.1944 496.4418 -93.5618 0.0000 0.0000
490.03 15.07.2018 13.10.01 30.88214 301.4311 45.0698 0.1610 -19.6035 26.3527 437.0296 221.7634 397.0240 495.1409 -92.9026 0.0000 0.0000
500.03 15.07.2018 13.20.01 30.95757 301.4818 -8.9215 -0.0319 -19.0285 25.3289 425.7737 216.1564 396.7273 493.5550 -91.6929 0.0000 0.0000
510.03 15.07.2018 13.30.01 31.00906 301.5073 -53.2920 -0.1903 -18.3718 24.2420 413.8370 210.1888 396.2947 491.7578 -90.2226 0.0000 0.0000
520.03 15.07.2018 13.40.01 31.04040 301.5296 -78.6792 -0.2810 -17.6557 23.1662 402.3879 204.4583 395.7848 489.9215 -88.4477 0.0000 0.0000
530.03 15.07.2018 13.50.01 31.05898 301.5432 -95.0266 -0.3394 -16.9179 22.1047 391.3561 198.9674 395.2904 488.1314 -86.5454 0.0000 0.0000
540.03 15.07.2018 14.00.01 31.06823 301.5489 -141.7929 -0.5064 -16.1740 20.8901 378.9547 192.7711 394.7135 486.1503 -84.2451 0.0000 0.0000
550.03 15.07.2018 14.10.01 31.05517 301.5252 -270.3832 -0.9657 -15.3608 19.1935 358.0731 182.4917 394.9046 484.3640 -79.1668 0.0000 0.0000
560.03 15.07.2018 14.20.01 30.98812 301.4680 -356.0050 -1.2714 -14.3261 17.4062 335.3498 171.1772 394.7087 482.0181 -73.7931 0.0000 0.0000
570.03 15.07.2018 14.30.01 30.88369 301.4644 -379.6369 -1.3558 -13.1633 15.7433 313.8371 160.4950 394.5721 479.7640 -68.3955 0.0000 0.0000
580.03 15.07.2018 14.40.01 30.76650 301.4960 -374.7058 -1.3382 -11.9955 14.2097 293.2977 150.3481 394.6824 477.8601 -62.2040 0.0000 0.0000
590.03 15.07.2018 14.50.01 30.64782 301.4705 -383.8766 -1.3710 -10.8729 12.6692 271.8458 139.6586 394.6093 475.6286 -56.2993 0.0000 0.0000
600.03 15.07.2018 15.00.01 30.52255 301.4128 -389.6466 -1.3916 -9.7677 11.1682 250.5220 129.0158 394.3652 473.2298 -50.6562 0.0000 0.0000
610.03 15.07.2018 15.10.01 30.39239 301.3370 -311.9677 -1.1142 -8.7056 10.1219 241.3659 124.7585 393.4924 470.7872 -50.6756 0.0000 0.0000
620.03 15.07.2018 15.20.01 30.29272 301.1711 -249.6382 -0.8916 -7.8183 9.2356 230.4318 119.3126 392.7304 467.6682 -52.6782 0.0000 0.0000
630.03 15.07.2018 15.30.01 30.21539 301.1142 -220.8343 -0.7887 -7.0787 8.3867 219.6383 113.9229 391.9115 464.6239 -52.9122 0.0000 0.0000
640.03 15.07.2018 15.40.01 30.14758 300.9682 -198.2604 -0.7081 -6.4176 7.6127 209.1386 108.6994 391.1408 461.6673 -52.8015 0.0000 0.0000
650.03 15.07.2018 15.50.01 30.08685 300.8039 -190.2146 -0.6793 -5.8209 6.8554 198.3677 103.3006 390.2470 458.6027 -52.3258 0.0000 0.0000
660.03 15.07.2018 16.00.01 30.02767 300.6146 -186.8931 -0.6675 -5.2590 6.1220 187.6817 97.9345 389.2407 455.4948 -51.5195 0.0000 0.0000
670.03 15.07.2018 16.10.01 29.96774 300.4777 -205.6130 -0.7343 -4.7243 5.3200 176.0487 91.9294 387.0642 452.3522 -47.3306 0.0000 0.0000
680.03 15.07.2018 16.20.01 29.89858 300.3296 -213.5982 -0.7629 -4.1741 4.5483 164.7647 86.1111 384.8691 449.2990 -43.8120 0.0000 0.0000
690.03 15.07.2018 16.30.01 29.82433 300.1739 -208.4986 -0.7446 -3.6313 3.8489 154.2549 80.7031 382.6897 446.3385 -40.9639 0.0000 0.0000
700.03 15.07.2018 16.40.01 29.75091 300.0497 -130.8758 -0.4674 -3.1198 3.5365 143.9762 75.1570 380.4740 443.4383 -37.8547 0.0000 0.0000
710.03 15.07.2018 16.50.01 29.70635 299.8675 -97.0266 -0.3465 -2.7792 3.2435 136.9093 71.5227 378.2662 440.8699 -35.9998 0.0000 0.0000
720.03 15.07.2018 17.00.01 29.67364 299.6526 -97.9921 -0.3500 -2.5209 2.8946 129.1704 67.5273 375.9227 438.1356 -34.4382 0.0000 0.0000
730.03 15.07.2018 17.10.01 29.63955 299.4146 -72.9510 -0.2605 -2.2764 2.6878 123.2121 64.4594 374.1436 435.6548 -33.0077 0.0000 0.0000
740.03 15.07.2018 17.20.01 29.61404 299.1818 -63.4901 -0.2268 -2.0946 2.4905 117.0862 61.2834 372.4499 433.2149 -31.5823 0.0000 0.0000
750.03 15.07.2018 17.30.01 29.59109 298.9406 -68.4411 -0.2444 -1.9434 2.2653 110.9441 58.1190 370.7013 430.7900 -30.1619 0.0000 0.0000
760.03 15.07.2018 17.40.01 29.56512 298.7067 -68.0484 -0.2430 -1.7946 2.0688 104.3113 54.7072 368.9904 428.4203 -28.6715 0.0000 0.0000
770.03 15.07.2018 17.50.01 29.53808 298.4723 -74.7285 -0.2669 -1.6595 1.8569 95.7386 50.1427 367.2905 425.7902 -26.8218 0.0000 0.0000
780.03 15.07.2018 18.00.01 29.50726 298.2335 -84.1259 -0.3004 -1.5245 1.6321 88.3869 46.3216 365.5266 423.3084 -25.1121 0.0000 0.0000
790.03 15.07.2018 18.10.01 29.47143 297.7156 -80.2263 -0.2865 -1.3875 1.4680 78.0757 40.9128 363.7664 420.3341 -24.5305 0.0000 0.0000
800.03 15.07.2018 18.20.01 29.43502 297.1902 -92.9918 -0.3321 -1.2799 1.2637 67.8655 35.5956 361.8505 417.2297 -23.7172 0.0000 0.0000
810.03 15.07.2018 18.30.01 29.39166 296.6622 -105.8260 -0.3779 -1.1681 1.0536 59.5650 31.4296 359.8416 414.3148 -23.0437 0.0000 0.0000
820.03 15.07.2018 18.40.01 29.34133 296.1397 -113.3987 -0.4050 -1.0517 0.8622 44.7419 23.6571 357.8560 410.8252 -21.6641 0.0000 0.0000
830.03 15.07.2018 18.50.01 29.28619 295.6048 -125.6893 -0.4489 -0.9398 0.6545 30.3622 16.1635 355.7994 407.1939 -20.1512 0.0000 0.0000
840.03 15.07.2018 19.00.01 29.22445 295.0682 -135.7252 -0.4847 -0.8225 0.4504 14.0962 7.5340 353.7308 403.1852 -18.1752 0.0000 0.0000
850.03 15.07.2018 19.10.01 29.15722 294.4261 -134.3978 -0.4800 -0.7047 0.2996 10.9190 5.8180 351.7531 399.7241 -17.2688 0.0000 0.0000
860.03 15.07.2018 19.20.01 29.08892 293.7937 -121.4476 -0.4337 -0.6071 0.2312 9.4206 5.0455 350.0202 396.7722 -17.0540 0.0000 0.0000
870.03 15.07.2018 19.30.01 29.02435 293.1664 -116.2723 -0.4153 -0.5497 0.1792 7.8359 4.2086 348.3952 393.9669 -17.0264 0.0000 0.0000
880.03 15.07.2018 19.40.01 28.96072 292.5499 -116.8637 -0.4174 -0.5145 0.1294 5.4157 2.9131 346.8250 391.2580 -16.8521 0.0000 0.0000
890.03 15.07.2018 19.50.01 28.89587 291.9310 -120.7397 -0.4312 -0.4888 0.0768 2.8739 1.5470 345.2784 388.6179 -16.7798 0.0000 0.0000
900.03 15.07.2018 20.00.01 28.82855 291.3110 -125.3799 -0.4478 -0.4658 0.0241 0.3440 0.1878 343.7504 386.0530 -16.7929 0.0000 0.0000
910.03 15.07.2018 20.10.01 28.75857 290.8661 -123.1625 -0.4399 -0.4431 0.0043 0.0620 0.0338 342.2139 383.8833 -16.3558 0.0000 0.0000
920.03 15.07.2018 20.20.01 28.68868 290.4224 -120.8311 -0.4315 -0.4321 0.0008 0.0112 0.0061 340.7530 381.8751 -16.1148 0.0000 0.0000
930.03 15.07.2018 20.30.01 28.61910 289.9730 -121.3936 -0.4335 -0.4337 0.0001 0.0020 0.0011 339.3221 379.9622 -16.0206 0.0000 0.0000
940.03 15.07.2018 20.40.01 28.54849 289.5293 -123.6482 -0.4416 -0.4416 0.0000 0.0004 0.0002 337.9030 378.1391 -15.9138 0.0000 0.0000
950.03 15.07.2018 20.50.01 28.47625 289.0727 -127.1643 -0.4542 -0.4542 0.0000 0.0001 0.0000 336.4855 376.3717 -15.9487 0.0000 0.0000
960.03 15.07.2018 21.00.01 28.40188 288.6405 -131.1224 -0.4683 -0.4683 0.0000 0.0000 0.0000 335.0856 374.6857 -15.9716 0.0000 0.0000
970.03 15.07.2018 21.10.01 28.32525 288.4541 -134.6654 -0.4809 -0.4809 0.0000 0.0000 0.0000 333.9008 373.5095 -14.1714 0.0000 0.0000
980.03 15.07.2018 21.20.01 28.24706 288.1612 -137.1693 -0.4899 -0.4899 0.0000 0.0000 0.0000 332.5246 372.2906 -13.4190 0.0000 0.0000
990.03 15.07.2018 21.30.01 28.16656 288.1476 -141.8101 -0.5065 -0.5065 0.0000 0.0000 0.0000 331.5217 370.9587 -13.4253 0.0000 0.0000
1000.03 15.07.2018 21.40.01 28.08431 288.1757 -143.9282 -0.5140 -0.5140 0.0000 0.0000 0.0000 330.5827 370.1719 -11.2117 0.0000 0.0000
1010.03 15.07.2018 21.50.01 28.00027 287.1981 -149.0907 -0.5325 -0.5325 0.0000 0.0000 0.0000 329.0652 367.9480 -15.0738 0.0000 0.0000
1020.03 15.07.2018 22.00.01 27.91195 286.7796 -157.0977 -0.5611 -0.5611 0.0000 0.0000 0.0000 327.9408 366.1713 -17.1816 0.0000 0.0000
1030.03 15.07.2018 22.10.01 27.81973 286.6279 -162.9172 -0.5818 -0.5818 0.0000 0.0000 0.0000 327.1678 364.9098 -16.6652 0.0000 0.0000
1040.03 15.07.2018 22.20.01 27.72451 286.4888 -167.4350 -0.5980 -0.5980 0.0000 0.0000 0.0000 326.4585 363.7374 -16.2291 0.0000 0.0000
1050.03 15.07.2018 22.30.01 27.62689 286.3442 -171.2565 -0.6116 -0.6116 0.0000 0.0000 0.0000 325.7630 362.6237 -15.9263 0.0000 0.0000
1060.03 15.07.2018 22.40.01 27.52715 286.2028 -174.7957 -0.6243 -0.6243 0.0000 0.0000 0.0000 325.0883 361.5668 -15.6640 0.0000 0.0000
1070.03 15.07.2018 22.50.01 27.42547 286.0619 -178.1350 -0.6362 -0.6362 0.0000 0.0000 0.0000 324.4355 360.5566 -15.4506 0.0000 0.0000
1080.03 15.07.2018 23.00.01 27.32192 285.9242 -181.2282 -0.6472 -0.6472 0.0000 0.0000 0.0000 323.8210 359.5933 -15.2731 0.0000 0.0000
1090.03 15.07.2018 23.10.01 27.21664 285.8861 -184.3164 -0.6583 -0.6583 0.0000 0.0000 0.0000 323.4071 358.9271 -14.3081 0.0000 0.0000
1100.03 15.07.2018 23.20.01 27.10940 285.6752 -188.1583 -0.6720 -0.6720 0.0000 0.0000 0.0000 322.9050 358.0988 -14.5708 0.0000 0.0000
1110.03 15.07.2018 23.30.01 26.99987 285.3993 -191.9489 -0.6855 -0.6855 0.0000 0.0000 0.0000 322.3421 356.9734 -15.5490 0.0000 0.0000
1120.03 15.07.2018 23.40.01 26.88876 285.5004 -192.7740 -0.6885 -0.6885 0.0000 0.0000 0.0000 321.9552 356.8061 -12.3558 0.0000 0.0000
1130.03 15.07.2018 23.50.01 26.77917 285.7237 -187.2020 -0.6686 -0.6686 0.0000 0.0000 0.0000 321.4900 356.4716 -10.5611 0.0000 0.0000
1140.03 16.07.2018 00.00.01 26.67254 285.4586 -184.8394 -0.6601 -0.6601 0.0000 0.0000 0.0000 320.8265 355.1838 -13.2633 0.0000 0.0000
1150.03 16.07.2018 00.10.01 26.56521 285.4756 -188.0127 -0.6715 -0.6715 0.0000 0.0000 0.0000 320.3805 354.5988 -12.4579 0.0000 0.0000
1160.03 16.07.2018 00.20.01 26.45629 285.5178 -190.0765 -0.6788 -0.6788 0.0000 0.0000 0.0000 320.0401 354.1061 -11.6278 0.0000 0.0000
1170.03 16.07.2018 00.30.01 26.34643 285.5504 -190.7575 -0.6813 -0.6813 0.0000 0.0000 0.0000 319.7359 353.6442 -10.9142 0.0000 0.0000
1180.03 16.07.2018 00.40.01 26.23657 285.5782 -191.5072 -0.6840 -0.6840 0.0000 0.0000 0.0000 319.4574 353.2197 -10.2402 0.0000 0.0000
1190.03 16.07.2018 00.50.01 26.12631 285.5954 -191.5996 -0.6843 -0.6843 0.0000 0.0000 0.0000 319.1635 352.8060 -9.6554 0.0000 0.0000
1200.03 16.07.2018 01.00.01 26.01595 285.6115 -191.5860 -0.6842 -0.6842 0.0000 0.0000 0.0000 318.8965 352.4169 -9.1178 0.0000 0.0000
1210.03 16.07.2018 01.10.01 25.90573 285.4397 -191.5778 -0.6842 -0.6842 0.0000 0.0000 0.0000 318.5196 351.8448 -9.2830 0.0000 0.0000
1220.03 16.07.2018 01.20.01 25.79580 285.2498 -191.2310 -0.6830 -0.6830 0.0000 0.0000 0.0000 318.1394 351.2426 -9.5854 0.0000 0.0000
1230.03 16.07.2018 01.30.01 25.68594 285.0648 -190.3362 -0.6798 -0.6798 0.0000 0.0000 0.0000 317.7445 350.6297 -9.8697 0.0000 0.0000
1240.03 16.07.2018 01.40.01 25.57665 284.9170 -189.8015 -0.6779 -0.6779 0.0000 0.0000 0.0000 317.3704 350.1175 -9.7056 0.0000 0.0000
1250.03 16.07.2018 01.50.01 25.46780 284.8327 -188.2313 -0.6723 -0.6723 0.0000 0.0000 0.0000 317.0073 349.6703 -9.3350 0.0000 0.0000
1260.03 16.07.2018 02.00.01 25.36004 284.6418 -186.4799 -0.6660 -0.6660 0.0000 0.0005 0.0003 316.6489 349.0698 -9.6567 0.0000 0.0000
1270.03 16.07.2018 02.10.01 25.25292 284.7647 -184.3631 -0.6584 -0.6668 0.0111 0.3230 0.1709 316.4038 348.8429 -8.6433 0.0000 0.0000
1280.03 16.07.2018 02.20.01 25.14611 284.7340 -183.8369 -0.6566 -0.6760 0.0259 0.6974 0.3698 315.9107 348.5323 -7.9881 0.0000 0.0000
1290.03 16.07.2018 02.30.01 25.03893 284.3135 -185.2456 -0.6616 -0.6925 0.0412 1.0805 0.5736 315.5855 347.6489 -10.0716 0.0000 0.0000
1300.03 16.07.2018 02.40.01 24.93035 284.2703 -188.1957 -0.6721 -0.7146 0.0566 1.4653 0.7782 315.3731 347.3251 -9.8231 0.0000 0.0000
1310.03 16.07.2018 02.50.01 24.82012 284.0933 -191.1939 -0.6828 -0.7369 0.0721 1.8503 0.9829 314.9140 346.5911 -10.7833 0.0000 0.0000
1320.03 16.07.2018 03.00.01 24.70822 283.8680 -193.3753 -0.6906 -0.7564 0.0877 2.2383 1.1893 314.4516 345.7744 -11.9060 0.0000 0.0000
1330.03 16.07.2018 03.10.01 24.59579 284.0264 -180.6125 -0.6450 -0.7677 0.1636 4.3762 2.3213 314.3690 345.6903 -10.7982 0.0000 0.0000
1340.03 16.07.2018 03.20.01 24.48925 284.2018 -168.4741 -0.6017 -0.7960 0.2591 6.7968 3.6078 314.4397 345.7892 -9.8526 0.0000 0.0000
1350.03 16.07.2018 03.30.01 24.38836 284.3803 -159.5680 -0.5699 -0.8383 0.3579 9.2644 4.9199 314.5757 345.9912 -9.0308 0.0000 0.0000
1360.03 16.07.2018 03.40.01 24.29186 284.5598 -152.8253 -0.5458 -0.8888 0.4574 11.7409 6.2369 314.7457 346.2689 -8.3221 0.0000 0.0000
1370.03 16.07.2018 03.50.01 24.19882 284.7399 -147.2179 -0.5258 -0.9435 0.5569 14.2190 7.5548 314.9444 346.6132 -7.6934 0.0000 0.0000
1380.03 16.07.2018 04.00.01 24.10879 284.9235 -142.4593 -0.5088 -1.0011 0.6565 16.6969 8.8726 315.1703 347.0160 -7.1273 0.0000 0.0000
1390.03 16.07.2018 04.10.01 24.02154 285.7281 -138.7087 -0.4954 -1.0564 0.7481 18.9438 10.0682 316.6925 348.3372 -4.1733 0.0000 0.0000
1400.03 16.07.2018 04.20.01 23.93752 286.4719 -131.9972 -0.4714 -1.0992 0.8371 21.1534 11.2434 318.3366 349.7707 -0.9550 0.0000 0.0000
1410.03 16.07.2018 04.30.01 23.85800 287.1892 -123.6171 -0.4415 -1.1357 0.9257 23.3567 12.4152 319.9894 351.2888 2.2944 0.0000 0.0000
1420.03 16.07.2018 04.40.01 23.78356 287.9746 -114.2923 -0.4082 -1.1688 1.0141 25.5589 13.5863 321.7260 352.9164 3.4469 0.0000 0.0000
1430.03 16.07.2018 04.50.01 23.71453 288.7936 -105.0012 -0.3750 -1.2020 1.1026 67.5424 35.7837 323.4962 356.6590 2.9473 0.0000 0.0000
1440.03 16.07.2018 05.00.01 23.65090 289.6257 -70.9489 -0.2534 -1.2382 1.3131 76.6161 40.5452 325.7535 360.1958 4.7636 0.0000 0.0000
1450.03 16.07.2018 05.10.01 23.60211 290.2388 -68.9342 -0.2462 -1.3241 1.4373 272.3027 143.2551 327.6053 372.2429 -5.5423 0.0000 0.0000
1460.03 16.07.2018 05.20.01 23.55712 291.1582 72.1681 0.2577 -1.3943 2.2028 466.5502 244.5979 331.9822 390.5909 -21.5860 0.0000 0.0000
1470.03 16.07.2018 05.30.01 23.57083 292.1692 178.8711 0.6388 -1.7092 3.1308 610.9554 315.9426 337.4482 406.2134 -36.1900 0.0000 0.0000
1480.03 16.07.2018 05.40.01 23.63094 293.1289 228.5762 0.8163 -2.1850 4.0018 571.1332 294.9074 342.9821 420.2601 -49.2151 0.0000 0.0000
1490.03 16.07.2018 05.50.01 23.71407 293.7355 95.1544 0.3398 -2.7047 4.0594 521.5952 268.6779 345.4465 426.9098 -58.5596 0.0000 0.0000
1500.03 16.07.2018 06.00.01 23.74819 294.3062 25.3993 0.0907 -2.9249 4.0208 457.2744 233.6480 347.4234 428.4995 -64.2450 0.0000 0.0000
1510.03 16.07.2018 06.10.01 23.75671 294.6589 1.1341 0.0041 -2.9895 3.9914 425.5213 216.0485 348.9046 430.0981 -64.6834 0.0000 0.0000
1520.03 16.07.2018 06.20.01 23.75668 295.0173 15.9450 0.0569 -2.9965 4.0712 411.0595 208.7413 350.3845 433.4456 -66.1397 0.0000 0.0000
1530.03 16.07.2018 06.30.01 23.76354 295.3815 28.4141 0.1015 -3.0223 4.1651 397.7110 202.0887 352.1207 436.2795 -67.0137 0.0000 0.0000
1540.03 16.07.2018 06.40.01 23.77676 295.7679 53.2090 0.1900 -3.0572 4.3296 389.7776 198.0571 354.0692 438.7196 -66.8571 0.0000 0.0000
1550.03 16.07.2018 06.50.01 23.80459 296.1632 399.2671 1.4260 -3.1225 6.0646 393.8425 200.0394 356.1954 442.2259 -68.0985 0.0000 0.0000
1560.03 16.07.2018 07.00.01 23.97210 296.5592 629.6727 2.2488 -3.8388 8.1169 399.9970 203.0328 358.3251 445.7821 -69.3855 0.0000 0.0000
1570.03 16.07.2018 07.10.01 24.23522 296.8973 739.9823 2.6428 -4.9562 10.1320 408.9608 207.3919 360.5397 449.2108 -70.5801 0.0000 0.0000
1580.03 16.07.2018 07.20.01 24.54724 297.2373 789.7803 2.8206 -6.2316 12.0697 417.6024 211.6155 362.7914 452.7326 -71.5199 0.0000 0.0000
1590.03 16.07.2018 07.30.01 24.88421 297.5731 804.3301 2.8726 -7.5469 13.8927 425.4230 215.4324 365.1142 456.2128 -72.2014 0.0000 0.0000
1600.03 16.07.2018 07.40.01 25.23202 297.9095 818.8334 2.9244 -8.8367 15.6815 434.8061 220.0571 367.4017 459.8676 -72.2635 0.0000 0.0000
1610.03 16.07.2018 07.50.01 25.58987 298.2489 820.7888 2.9314 -10.1050 17.3819 443.6069 224.3987 369.7681 463.6390 -72.1756 0.0000 0.0000
1620.03 16.07.2018 08.00.01 25.95236 298.5742 781.9818 2.7928 -11.3313 18.8321 450.3406 227.6887 372.0539 467.2082 -72.0360 0.0000 0.0000
1630.03 16.07.2018 08.10.01 26.30349 298.8630 794.6313 2.8380 -12.4403 20.3710 458.3419 231.6625 374.1396 470.8153 -74.0012 0.0000 0.0000
1640.03 16.07.2018 08.20.01 26.66256 299.1551 778.5131 2.7804 -13.5394 21.7597 464.8245 234.8385 376.0530 474.1102 -75.8777 0.0000 0.0000
1650.03 16.07.2018 08.30.01 27.01827 299.4380 771.6671 2.7560 -14.5737 23.1062 471.4431 238.1272 378.0824 477.3672 -77.8211 0.0000 0.0000
1660.03 16.07.2018 08.40.01 27.37417 299.7262 768.8025 2.7457 -15.5635 24.4124 478.6916 241.7147 380.0763 480.9159 -77.3225 0.0000 0.0000
1670.03 16.07.2018 08.50.01 27.73141 299.9582 750.7008 2.6811 -16.5177 25.5984 485.0682 244.8696 381.9860 484.3974 -77.1678 0.0000 0.0000
1680.03 16.07.2018 09.00.01 28.08340 299.3047 690.3800 2.4656 -17.4118 26.5032 488.8275 246.6665 383.5369 486.3071 -81.3355 0.0000 0.0000
1690.03 16.07.2018 09.10.01 28.41253 299.4943 680.3189 2.4297 -18.1762 27.4745 494.1613 249.4034 385.1450 488.7017 -83.7934 0.0000 0.0000
1700.03 16.07.2018 09.20.01 28.73962 299.6693 664.6307 2.3737 -18.8974 28.3614 499.0487 251.9354 386.8365 490.6840 -87.0508 0.0000 0.0000
1710.03 16.07.2018 09.30.01 29.06265 299.7755 645.4953 2.3053 -19.5629 29.1577 503.3951 254.2109 388.5596 492.3938 -90.0084 0.0000 0.0000
1720.03 16.07.2018 09.40.01 29.38021 299.8631 644.3085 2.3011 -20.1678 29.9585 508.8165 257.0143 390.1346 493.6647 -94.1714 0.0000 0.0000
1730.03 16.07.2018 09.50.01 29.69900 299.9140 635.2758 2.2688 -20.7510 30.6931 513.9677 259.7054 391.7064 494.6243 -99.2419 0.0000 0.0000
1740.03 16.07.2018 10.00.01 30.01525 299.9623 586.0652 2.0931 -21.2999 31.1906 517.2262 261.4409 393.1317 495.0410 -104.8356 0.0000 0.0000
1750.03 16.07.2018 10.10.01 30.31228 300.1900 452.6759 1.6167 -21.7367 31.1379 512.6732 259.4232 395.0071 498.0689 -96.9392 0.0000 0.0000
1760.03 16.07.2018 10.20.01 30.55770 300.3536 365.6813 1.3060 -21.8982 30.9389 506.9136 256.7917 396.9432 501.0243 -90.3289 0.0000 0.0000
1770.03 16.07.2018 10.30.01 30.76861 300.3574 272.0238 0.9715 -21.8869 30.4778 498.2177 252.5974 398.0207 503.1728 -85.0915 0.0000 0.0000
1780.03 16.07.2018 10.40.01 30.94210 300.4853 259.4550 0.9266 -21.6983 30.1666 492.6334 250.0088 399.1570 505.8372 -77.8730 0.0000 0.0000
1790.03 16.07.2018 10.50.01 31.11080 300.8550 229.2535 0.8188 -21.4778 29.7288 485.9050 246.8289 400.2237 507.8286 -73.6689 0.0000 0.0000
1800.03 16.07.2018 11.00.01 31.26653 301.7406 180.7945 0.6457 -21.1952 29.1212 478.0754 243.1152 401.2230 508.9679 -72.1656 0.0000 0.0000
1810.03 16.07.2018 11.10.01 31.40539 301.3666 380.4702 1.3588 -20.8348 29.5915 481.8866 244.8574 402.3169 510.8999 -69.8824 0.0000 0.0000
1820.03 16.07.2018 11.20.01 31.62182 301.2173 467.2496 1.6687 -20.8857 30.0726 486.2537 246.9242 403.0540 507.8912 -89.8000 0.0000 0.0000
1830.03 16.07.2018 11.30.01 31.87213 301.1129 494.9259 1.7676 -21.1139 30.5086 490.3967 248.8904 402.9829 503.3598 -112.7590 0.0000 0.0000
1840.03 16.07.2018 11.40.01 32.13311 301.3064 512.8474 1.8316 -21.3988 30.9738 495.4445 251.3411 403.7987 502.9361 -115.6595 0.0000 0.0000
1850.03 16.07.2018 11.50.01 32.40209 301.4236 504.3458 1.8012 -21.7046 31.3411 499.5537 253.3028 404.4098 502.6820 -118.5533 0.0000 0.0000
1860.03 16.07.2018 12.00.01 32.66891 301.4369 466.2133 1.6650 -21.9728 31.5171 502.2364 254.5539 404.5210 502.3174 -122.0929 0.0000 0.0000
1870.03 16.07.2018 12.10.01 32.91979 301.5017 261.2584 0.9331 -22.1449 30.7706 493.2601 250.2600 404.7949 502.1882 -118.6352 0.0000 0.0000
1880.03 16.07.2018 12.20.01 33.08853 301.5548 122.5040 0.4375 -21.9153 29.8037 481.6967 244.5810 404.6449 501.4752 -115.1663 0.0000 0.0000
1890.03 16.07.2018 12.30.01 33.20019 301.6033 41.4130 0.1479 -21.4329 28.7744 469.7656 238.7283 404.2902 500.5708 -111.9437 0.0000 0.0000
1900.03 16.07.2018 12.40.01 33.27706 301.6560 1.4316 0.0051 -20.8181 27.7643 458.4134 233.1436 403.8764 499.7181 -108.4624 0.0000 0.0000
1910.03 16.07.2018 12.50.01 33.33590 301.7165 10.0695 0.0360 -20.1554 26.9218 449.7700 229.0579 403.8497 499.2210 -105.7070 0.0000 0.0000
1920.03 16.07.2018 13.00.01 33.39514 301.7703 -50.2805 -0.1796 -19.5318 25.8030 437.9500 223.2746 403.6350 498.1926 -102.6426 0.0000 0.0000
1930.03 16.07.2018 13.10.01 33.42687 301.7521 -203.5969 -0.7271 -18.8092 24.1094 419.7746 214.6148 403.7630 497.2887 -96.6059 0.0000 0.0000
1940.03 16.07.2018 13.20.01 33.39446 301.7035 -302.2328 -1.0794 -17.8159 22.3154 399.7612 204.9279 403.5935 495.7587 -91.2100 0.0000 0.0000
1950.03 16.07.2018 13.30.01 33.31927 301.6588 -346.5372 -1.2376 -16.6710 20.5778 380.1225 195.4239 403.2845 493.9574 -86.7176 0.0000 0.0000
1960.03 16.07.2018 13.40.01 33.22256 301.6133 -370.6316 -1.3237 -15.4828 18.8789 360.4626 185.8861 402.8537 491.8868 -82.6509 0.0000 0.0000
1970.03 16.07.2018 13.50.01 33.11254 301.5617 -376.5854 -1.3449 -14.2898 17.2598 341.2995 176.5862 402.1719 489.5681 -79.0528 0.0000 0.0000
1980.03 16.07.2018 14.00.01 32.99667 301.5012 -378.2714 -1.3510 -13.1258 15.6997 322.5607 167.4956 401.5085 487.0768 -75.8036 0.0000 0.0000
1990.03 16.07.2018 14.10.01 32.87789 301.4323 -270.6921 -0.9668 -12.0003 14.7114 308.9398 160.5870 400.5340 484.0507 -75.7996 0.0000 0.0000
2000.03 16.07.2018 14.20.01 32.79916 301.3569 -218.1692 -0.7792 -11.1172 13.7840 296.0086 154.0468 399.4101 480.9884 -75.2410 0.0000 0.0000
2010.03 16.07.2018 14.30.01 32.73940 301.2811 -186.5392 -0.6662 -10.3604 12.9256 283.8265 147.9035 398.3086 477.9785 -74.0417 0.0000 0.0000
2020.03 16.07.2018 14.40.01 32.69076 301.2007 -164.8994 -0.5889 -9.6857 12.1290 272.1729 142.0499 397.3085 475.1517 -72.2396 0.0000 0.0000
2030.03 16.07.2018 14.50.01 32.64916 301.1210 -161.3316 -0.5762 -9.0698 11.3248 260.0713 135.9331 396.2402 472.2435 -70.1842 0.0000 0.0000
2040.03 16.07.2018 15.00.01 32.60757 301.0411 -161.9909 -0.5785 -8.4774 10.5319 247.9840 129.8156 395.1280 469.3175 -68.0671 0.0000 0.0000
2050.03 16.07.2018 15.10.01 32.56472 301.0047 -107.4341 -0.3837 -7.9098 10.0348 243.3672 127.3781 393.6509 467.0350 -64.4151 0.0000 0.0000
2060.03 16.07.2018 15.20.01 32.54324 300.9757 -84.9728 -0.3035 -7.4602 9.5423 237.5596 124.2224 392.3728 465.0066 -60.3669 0.0000 0.0000
2070.03 16.07.2018 15.30.01 32.52941 300.9498 -93.4275 -0.3337 -7.0674 8.9784 231.2877 120.8420 391.1484 463.0698 -57.2823 0.0000 0.0000
2080.03 16.07.2018 15.40.01 32.51107 300.9232 -103.5335 -0.3698 -6.6700 8.4003 226.1359 118.0546 390.0345 461.3821 -53.9743 0.0000 0.0000
2090.03 16.07.2018 15.50.01 32.48733 300.8985 -132.3759 -0.4728 -6.2660 7.7243 220.2503 114.9007 388.9430 459.7512 -50.8589 0.0000 0.0000
2100.03 16.07.2018 16.00.01 32.45056 300.8764 -177.6133 -0.6343 -5.8203 6.9146 213.4231 111.2841 387.8307 458.0994 -47.7866 0.0000 0.0000
2110.03 16.07.2018 16.10.01 32.39425 300.7316 -207.8864 -0.7425 -5.3045 6.0828 200.0023 104.4370 386.6939 456.1612 -46.2309 0.0000 0.0000
2120.03 16.07.2018 16.20.01 32.32382 300.5854 -235.4617 -0.8409 -4.7526 5.2155 185.6918 97.0828 385.3815 453.7736 -44.3419 0.0000 0.0000
2130.03 16.07.2018 16.30.01 32.24038 300.4342 -238.1880 -0.8507 -4.1719 4.4283 172.1448 90.1269 384.0031 451.2988 -42.3930 0.0000 0.0000
2140.03 16.07.2018 16.40.01 32.15426 300.2773 -151.6232 -0.5415 -3.6113 4.0931 158.6534 82.9303 382.4936 448.7176 -40.1132 0.0000 0.0000
2150.03 16.07.2018 16.50.01 32.10027 300.1143 -115.7959 -0.4136 -3.2443 3.7743 148.4076 77.6678 380.9936 446.3653 -38.4625 0.0000 0.0000
2160.03 16.07.2018 17.00.01 32.05877 299.9478 -114.9653 -0.4106 -2.9639 3.4044 137.4168 71.9969 379.3437 443.8418 -36.4814 0.0000 0.0000
2170.03 16.07.2018 17.10.01 32.01644 299.7165 -94.3155 -0.3368 -2.7008 3.1520 129.1033 67.6943 377.8715 441.3959 -34.7479 0.0000 0.0000
2180.03 16.07.2018 17.20.01 31.98080 299.4877 -84.0702 -0.3003 -2.4939 2.9248 120.8356 63.3998 376.4629 438.9843 -33.0897 0.0000 0.0000
2190.03 16.07.2018 17.30.01 31.94790 299.2582 -88.0121 -0.3143 -2.3217 2.6765 112.5390 59.1043 374.9977 436.5575 -31.4018 0.0000 0.0000
2200.03 16.07.2018 17.40.01 31.91229 299.0296 -88.2746 -0.3153 -2.1559 2.4542 103.0646 54.2007 373.5587 434.1073 -29.6477 0.0000 0.0000
2210.03 16.07.2018 17.50.01 31.87515 298.8005 -95.3202 -0.3404 -2.0033 2.2171 91.9827 48.3436 372.1086 431.4140 -27.4996 0.0000 0.0000
2220.03 16.07.2018 18.00.01 31.83398 298.5697 -104.5432 -0.3734 -1.8514 1.9707 81.8153 43.0426 370.6040 428.7686 -25.4935 0.0000 0.0000
2230.03 16.07.2018 18.10.01 31.78771 298.1794 -110.8904 -0.3960 -1.6964 1.7338 71.7259 37.7264 368.8867 425.9055 -23.5901 0.0000 0.0000
2240.03 16.07.2018 18.20.01 31.73742 297.7885 -121.1169 -0.4326 -1.5464 1.4851 61.9372 32.5997 367.0967 422.9703 -22.2860 0.0000 0.0000
2250.03 16.07.2018 18.30.01 31.68154 297.4023 -130.5305 -0.4662 -1.3933 1.2361 53.0240 27.9991 365.2711 420.0977 -21.1227 0.0000 0.0000
2260.03 16.07.2018 18.40.01 31.62045 297.0223 -137.0415 -0.4894 -1.2382 0.9983 40.4586 21.4286 363.4813 416.9928 -19.3094 0.0000 0.0000
2270.03 16.07.2018 18.50.01 31.55523 296.6459 -146.4349 -0.5230 -1.0869 0.7518 27.7122 14.7563 361.7037 413.7552 -17.1678 0.0000 0.0000
2280.03 16.07.2018 19.00.01 31.48477 296.2560 -155.0401 -0.5537 -0.9339 0.5070 13.6404 7.2864 359.9070 410.2565 -14.8973 0.0000 0.0000
2290.03 16.07.2018 19.10.01 31.40945 295.5265 -145.2348 -0.5187 -0.7829 0.3523 10.5082 5.5984 358.2263 406.8189 -15.0615 0.0000 0.0000
2300.03 16.07.2018 19.20.01 31.33587 294.8101 -131.8905 -0.4710 -0.6771 0.2747 8.5614 4.5620 356.7370 403.7606 -15.7227 0.0000 0.0000
2310.03 16.07.2018 19.30.01 31.26525 294.0861 -129.7415 -0.4634 -0.6219 0.2113 7.0335 3.7660 355.2727 400.8245 -16.8488 0.0000 0.0000
2320.03 16.07.2018 19.40.01 31.19338 293.3587 -134.4713 -0.4803 -0.5929 0.1501 4.8489 2.5995 353.8157 397.9208 -18.1166 0.0000 0.0000
2330.03 16.07.2018 19.50.01 31.11791 292.6393 -142.5480 -0.5091 -0.5747 0.0875 2.5980 1.3944 352.3700 395.0652 -19.4304 0.0000 0.0000
2340.03 16.07.2018 20.00.01 31.03747 291.9288 -151.2988 -0.5404 -0.5590 0.0248 0.3550 0.1939 350.9701 392.3021 -20.5316 0.0000 0.0000
2350.03 16.07.2018 20.10.01 30.95223 291.7625 -150.3627 -0.5370 -0.5403 0.0044 0.0628 0.0343 351.8837 390.5355 -20.2901 0.0000 0.0000
2360.03 16.07.2018 20.20.01 30.86678 291.5910 -147.7365 -0.5276 -0.5282 0.0008 0.0115 0.0063 353.0083 389.0571 -20.3469 0.0000 0.0000
2370.03 16.07.2018 20.30.01 30.78225 291.4191 -146.8179 -0.5243 -0.5245 0.0001 0.0021 0.0011 354.0887 387.7364 -20.5263 0.0000 0.0000
2380.03 16.07.2018 20.40.01 30.69790 291.2628 -147.1092 -0.5254 -0.5254 0.0000 0.0004 0.0002 355.1941 386.6382 -20.5437 0.0000 0.0000
2390.03 16.07.2018 20.50.01 30.61279 291.1128 -147.5061 -0.5268 -0.5268 0.0000 0.0001 0.0000 356.3270 385.6649 -20.7566 0.0000 0.0000
2400.03 16.07.2018 21.00.01 30.52740 290.9467 -148.9603 -0.5320 -0.5320 0.0000 0.0000 0.0000 357.4720 384.7703 -21.1709 0.0000 0.0000
2410.03 16.07.2018 21.10.01 30.44134 291.3499 -148.8534 -0.5316 -0.5316 0.0000 0.0000 0.0000 357.3277 384.5472 -17.9276 0.0000 0.0000
2420.03 16.07.2018 21.20.01 30.35647 291.7550 -145.4717 -0.5195 -0.5195 0.0000 0.0000 0.0000 357.2625 384.4763 -14.8439 0.0000 0.0000
2430.03 16.07.2018 21.30.01 30.27398 292.1598 -141.1506 -0.5041 -0.5041 0.0000 0.0000 0.0000 357.2876 384.5585 -11.8968 0.0000 0.0000
2440.03 16.07.2018 21.40.01 30.19399 292.5779 -136.8259 -0.4887 -0.4887 0.0000 0.0000 0.0000 357.4207 384.8146 -8.9191 0.0000 0.0000
2450.03 16.07.2018 21.50.01 30.11645 293.0002 -132.5876 -0.4735 -0.4735 0.0000 0.0000 0.0000 357.6379 385.1987 -6.0441 0.0000 0.0000
2460.03 16.07.2018 22.00.01 30.04122 293.4245 -128.8398 -0.4601 -0.4601 0.0000 0.0000 0.0000 357.9271 385.7048 -3.2402 0.0000 0.0000
2470.03 16.07.2018 22.10.01 29.96792 293.1232 -126.2052 -0.4507 -0.4507 0.0000 0.0000 0.0000 358.3300 385.6145 -4.2965 0.0000 0.0000
2480.03 16.07.2018 22.20.01 29.89581 292.8221 -124.6112 -0.4450 -0.4450 0.0000 0.0000 0.0000 358.6666 385.4328 -4.6995 0.0000 0.0000
2490.03 16.07.2018 22.30.01 29.82424 292.4771 -125.3761 -0.4478 -0.4478 0.0000 0.0000 0.0000 358.4941 384.5459 -7.5257 0.0000 0.0000
2500.03 16.07.2018 22.40.01 29.75039 292.1874 -131.2674 -0.4688 -0.4688 0.0000 0.0000 0.0000 358.5501 384.1794 -7.7430 0.0000 0.0000
2510.03 16.07.2018 22.50.01 29.67349 291.9383 -135.2367 -0.4830 -0.4830 0.0000 0.0000 0.0000 358.7368 383.8047 -8.2304 0.0000 0.0000
2520.03 16.07.2018 23.00.01 29.59487 291.5171 -137.8065 -0.4922 -0.4922 0.0000 0.0000 0.0000 358.5897 382.8278 -11.0133 0.0000 0.0000
2530.03 16.07.2018 23.10.01 29.51476 291.4247 -140.4408 -0.5016 -0.5016 0.0000 0.0000 0.0000 358.4093 382.2785 -11.1077 0.0000 0.0000
2540.03 16.07.2018 23.20.01 29.43310 291.3550 -142.9385 -0.5105 -0.5105 0.0000 0.0000 0.0000 358.2975 381.7725 -11.2168 0.0000 0.0000
2550.03 16.07.2018 23.30.01 29.35009 291.2865 -145.1534 -0.5184 -0.5184 0.0000 0.0000 0.0000 358.2003 381.2817 -11.3648 0.0000 0.0000
2560.03 16.07.2018 23.40.01 29.26595 291.2150 -147.0859 -0.5253 -0.5253 0.0000 0.0000 0.0000 358.1115 380.8113 -11.4971 0.0000 0.0000
2570.03 16.07.2018 23.50.01 29.18072 291.1324 -148.7924 -0.5314 -0.5314 0.0000 0.0000 0.0000 358.0222 380.3368 -11.7067 0.0000 0.0000
2580.03 17.07.2018 00.00.01 29.09454 291.0436 -150.4437 -0.5373 -0.5373 0.0000 0.0000 0.0000 357.9314 379.8594 -11.9645 0.0000 0.0000
2590.03 17.07.2018 00.10.01 29.00741 291.1284 -152.0171 -0.5429 -0.5429 0.0000 0.0000 0.0000 357.5987 379.5535 -11.3697 0.0000 0.0000
2600.03 17.07.2018 00.20.01 28.91946 291.2102 -153.4741 -0.5481 -0.5481 0.0000 0.0000 0.0000 357.2637 379.2694 -10.8174 0.0000 0.0000
2610.03 17.07.2018 00.30.01 28.83065 291.2918 -154.5266 -0.5519 -0.5519 0.0000 0.0000 0.0000 356.9280 379.0124 -10.2556 0.0000 0.0000
2620.03 17.07.2018 00.40.01 28.74175 291.4050 -154.9273 -0.5533 -0.5533 0.0000 0.0000 0.0000 356.6645 378.9270 -9.1545 0.0000 0.0000
2630.03 17.07.2018 00.50.01 28.65295 291.4200 -153.9883 -0.5500 -0.5500 0.0000 0.0000 0.0000 356.4008 378.6989 -8.7174 0.0000 0.0000
2640.03 17.07.2018 01.00.01 28.56469 291.4377 -152.8940 -0.5461 -0.5461 0.0000 0.0000 0.0000 356.1313 378.4660 -8.2412 0.0000 0.0000
2650.03 17.07.2018 01.10.01 28.47732 291.4146 -149.6590 -0.5345 -0.5345 0.0000 0.0000 0.0000 355.6224 378.6015 -6.1425 0.0000 0.0000
2660.03 17.07.2018 01.20.01 28.39340 291.1866 -141.7630 -0.5063 -0.5063 0.0000 0.0000 0.0000 355.0084 378.0233 -7.3503 0.0000 0.0000
2670.03 17.07.2018 01.30.01 28.31201 290.9942 -143.1382 -0.5112 -0.5112 0.0000 0.0000 0.0000 353.8509 376.8912 -10.1201 0.0000 0.0000
2680.03 17.07.2018 01.40.01 28.22714 290.9591 -150.6231 -0.5379 -0.5379 0.0000 0.0000 0.0000 353.1080 376.7723 -8.0482 0.0000 0.0000
2690.03 17.07.2018 01.50.01 28.14019 290.9116 -150.3519 -0.5370 -0.5370 0.0000 0.0000 0.0000 352.4087 376.3582 -7.6252 0.0000 0.0000
2700.03 17.07.2018 02.00.01 28.05499 290.7886 -145.1729 -0.5185 -0.5185 0.0000 0.0006 0.0003 351.4226 375.8025 -7.4859 0.0000 0.0000
2710.03 17.07.2018 02.10.01 27.97296 290.5329 -138.2039 -0.4936 -0.5032 0.0128 0.3727 0.1971 348.6546 374.8034 -8.1722 0.0000 0.0000
2720.03 17.07.2018 02.20.01 27.89196 290.2221 -140.6522 -0.5023 -0.5247 0.0298 0.8047 0.4268 345.6953 373.5441 -9.2428 0.0000 0.0000
2730.03 17.07.2018 02.30.01 27.80764 289.8946 -148.6226 -0.5308 -0.5664 0.0475 1.2468 0.6618 342.5960 372.1064 -10.5115 0.0000 0.0000
2740.03 17.07.2018 02.40.01 27.71826 289.5949 -157.1609 -0.5613 -0.6103 0.0654 1.6908 0.8979 339.5559 370.8191 -10.5327 0.0000 0.0000
2750.03 17.07.2018 02.50.01 27.62487 289.3121 -162.4659 -0.5802 -0.6426 0.0832 2.1350 1.1342 336.5541 369.5499 -10.3587 0.0000 0.0000
2760.03 17.07.2018 03.00.01 27.52920 288.9654 -165.2035 -0.5900 -0.6659 0.1012 2.5833 1.3726 333.5332 368.1295 -10.5073 0.0000 0.0000
2770.03 17.07.2018 03.10.01 27.43264 288.9168 -148.7522 -0.5313 -0.6812 0.2000 5.3758 2.8510 333.1979 367.5593 -9.4151 0.0000 0.0000
2780.03 17.07.2018 03.20.01 27.34374 288.8869 -132.1313 -0.4719 -0.7157 0.3251 8.5469 4.5364 333.1251 367.2526 -8.8016 0.0000 0.0000
2790.03 17.07.2018 03.30.01 27.26275 288.8612 -119.8182 -0.4279 -0.7689 0.4546 11.7812 6.2562 333.1318 367.0716 -8.4663 0.0000 0.0000
2800.03 17.07.2018 03.40.01 27.18780 288.8409 -110.7572 -0.3956 -0.8343 0.5849 15.0273 7.9825 333.1866 367.0359 -8.1470 0.0000 0.0000
2810.03 17.07.2018 03.50.01 27.11746 288.8396 -103.6782 -0.3703 -0.9069 0.7154 18.2756 9.7100 333.2966 367.1115 -7.9299 0.0000 0.0000
2820.03 17.07.2018 04.00.01 27.05078 288.8527 -97.8559 -0.3495 -0.9840 0.8460 21.5258 11.4385 333.4326 367.2812 -7.7719 0.0000 0.0000
2830.03 17.07.2018 04.10.01 26.98721 289.2071 -86.0135 -0.3072 -1.0650 1.0105 25.7584 13.6867 333.5886 367.8840 -6.5025 0.0000 0.0000
2840.03 17.07.2018 04.20.01 26.92889 289.5702 -76.7995 -0.2743 -1.1637 1.1859 30.1497 16.0216 333.8346 368.6447 -5.3790 0.0000 0.0000
2850.03 17.07.2018 04.30.01 26.87481 289.9428 -70.2836 -0.2510 -1.2735 1.3633 34.5674 18.3709 334.1390 369.5359 -4.3172 0.0000 0.0000
2860.03 17.07.2018 04.40.01 26.82406 290.3170 -65.0057 -0.2322 -1.3879 1.5409 38.9901 20.7230 334.4926 370.5386 -3.3327 0.0000 0.0000
2870.03 17.07.2018 04.50.01 26.77621 290.6935 -59.9753 -0.2142 -1.5032 1.7187 61.2771 32.5151 334.8908 372.5797 -3.5991 0.0000 0.0000
2880.03 17.07.2018 05.00.01 26.73138 291.0842 -43.3736 -0.1549 -1.6180 1.9508 69.5410 36.8773 335.5361 374.4919 -3.8596 0.0000 0.0000
2890.03 17.07.2018 05.10.01 26.69406 291.4595 -51.9914 -0.1857 -1.7527 2.0894 208.9868 110.0891 336.6367 382.8464 -12.5147 0.0000 0.0000
2900.03 17.07.2018 05.20.01 26.65554 291.9040 40.4631 0.1445 -1.8561 2.6675 347.2116 182.2230 339.5182 395.0847 -27.9467 0.0000 0.0000
2910.03 17.07.2018 05.30.01 26.65551 292.3757 112.4837 0.4017 -2.1187 3.3606 451.1192 233.6986 343.1200 404.9620 -42.6053 0.0000 0.0000
2920.03 17.07.2018 05.40.01 26.68682 292.8202 145.5001 0.5196 -2.4907 4.0137 438.7893 226.9821 346.7528 413.7774 -54.9350 0.0000 0.0000
2930.03 17.07.2018 05.50.01 26.73342 293.2699 62.9737 0.2249 -2.8921 4.1561 419.8758 216.7147 348.6000 418.9262 -60.5336 0.0000 0.0000
2940.03 17.07.2018 06.00.01 26.75002 293.7880 22.8230 0.0815 -3.1044 4.2479 389.0070 199.3115 350.2497 421.2134 -62.0389 0.0000 0.0000
2950.03 17.07.2018 06.10.01 26.75244 294.0166 17.4067 0.0622 -3.2218 4.3786 369.5685 188.3571 351.8142 423.1546 -65.1293 0.0000 0.0000
2960.03 17.07.2018 06.20.01 26.75378 294.2500 26.0378 0.0930 -3.3176 4.5474 362.9640 185.0759 353.2165 426.1461 -68.8334 0.0000 0.0000
2970.03 17.07.2018 06.30.01 26.75961 294.4658 32.3200 0.1154 -3.4189 4.7125 356.9946 182.1766 354.7625 428.6780 -71.8094 0.0000 0.0000
2980.03 17.07.2018 06.40.01 26.76925 294.7039 52.8835 0.1889 -3.5188 4.9435 354.2679 180.8349 356.4678 430.8458 -74.2410 0.0000 0.0000
2990.03 17.07.2018 06.50.01 26.79122 294.9468 353.6479 1.2630 -3.6441 6.5428 361.8341 184.6365 358.2694 433.7194 -78.2993 0.0000 0.0000
3000.03 17.07.2018 07.00.01 26.93426 295.1801 537.5110 1.9197 -4.3356 8.3403 370.7345 189.0865 360.0803 436.5109 -82.3060 0.0000 0.0000
3010.03 17.07.2018 07.10.01 27.15380 295.3826 623.6225 2.2272 -5.3450 10.0963 381.1930 194.2386 361.4924 438.6587 -88.4223 0.0000 0.0000
3020.03 17.07.2018 07.20.01 27.41186 295.5877 665.6570 2.3773 -6.4754 11.8036 391.3774 199.2628 362.8262 440.6280 -93.8461 0.0000 0.0000
3030.03 17.07.2018 07.30.01 27.69085 295.7788 682.1565 2.4363 -7.6413 13.4368 400.9568 203.9793 364.1450 442.3051 -99.4388 0.0000 0.0000
3040.03 17.07.2018 07.40.01 27.98037 295.9766 692.1994 2.4721 -8.7960 15.0242 410.9024 208.8886 365.3141 443.8129 -104.7273 0.0000 0.0000
3050.03 17.07.2018 07.50.01 28.27755 296.1804 704.4321 2.5158 -9.9307 16.5953 421.0511 213.9315 366.5827 445.3235 -109.3932 0.0000 0.0000
3060.03 17.07.2018 08.00.01 28.58257 296.3797 673.4683 2.4052 -11.0525 17.9437 429.2032 217.9442 367.7175 446.4799 -114.0454 0.0000 0.0000
3070.03 17.07.2018 08.10.01 28.87878 296.5109 702.5916 2.5093 -12.0808 19.4534 439.5381 223.0217 368.9528 447.7552 -118.0294 0.0000 0.0000
3080.03 17.07.2018 08.20.01 29.18878 296.6374 702.2639 2.5081 -13.1391 20.8630 448.6438 227.4373 369.9772 448.6720 -123.1055 0.0000 0.0000
3090.03 17.07.2018 08.30.01 29.50112 296.7645 710.5936 2.5378 -14.1702 22.2773 458.1374 232.0816 371.1195 449.6529 -128.3145 0.0000 0.0000
3100.03 17.07.2018 08.40.01 29.81909 296.8978 714.0961 2.5503 -15.1917 23.6560 467.5204 236.6737 372.1642 450.7594 -131.4929 0.0000 0.0000
3110.03 17.07.2018 08.50.01 30.14053 297.0226 702.8368 2.5101 -16.1952 24.9404 476.0875 240.8474 373.0718 451.5175 -136.3946 0.0000 0.0000
3120.03 17.07.2018 09.00.01 30.45913 297.1440 650.2230 2.3222 -17.1535 25.9676 482.0958 243.6821 373.7891 452.0034 -140.7407 0.0000 0.0000
3130.03 17.07.2018 09.10.01 30.75686 297.1488 430.4430 1.5373 -17.9911 26.0379 475.7096 240.9925 375.0878 452.4501 -143.5566 0.0000 0.0000
3140.03 17.07.2018 09.20.01 30.96777 297.1465 268.0440 0.9573 -18.3914 25.7982 466.5406 236.8673 376.2435 452.3913 -144.1178 0.0000 0.0000
3150.03 17.07.2018 09.30.01 31.11331 297.1413 145.3483 0.5191 -18.4819 25.3346 455.7565 231.9419 377.3378 451.9462 -144.0703 0.0000 0.0000
3160.03 17.07.2018 09.40.01 31.20898 297.1403 106.3827 0.3799 -18.3471 24.9694 448.5674 228.7804 378.3948 451.9925 -140.4991 0.0000 0.0000
3170.03 17.07.2018 09.50.01 31.28744 297.1770 55.6680 0.1988 -18.1513 24.4668 440.6173 225.2658 379.5831 453.5042 -128.3735 0.0000 0.0000
3180.03 17.07.2018 10.00.01 31.34448 297.2109 -15.9204 -0.0569 -17.8660 23.7455 431.1836 221.0257 380.7181 454.7015 -121.5441 0.0000 0.0000
3190.03 17.07.2018 10.10.01 31.37301 297.2935 51.3031 0.1832 -17.4526 23.5144 423.8273 217.3486 381.0513 455.0348 -119.3937 0.0000 0.0000
3200.03 17.07.2018 10.20.01 31.42669 297.3663 66.7012 0.2382 -17.1838 23.2294 416.2514 213.5802 381.4135 455.2672 -117.1450 0.0000 0.0000
3210.03 17.07.2018 10.30.01 31.48556 297.4311 38.0883 0.1360 -16.9510 22.7827 406.8532 208.8409 381.5399 455.1635 -114.4180 0.0000 0.0000
3220.03 17.07.2018 10.40.01 31.53295 297.5017 43.5303 0.1555 -16.6677 22.4309 399.3981 205.1062 381.6890 455.0719 -112.4174 0.0000 0.0000
3230.03 17.07.2018 10.50.01 31.58224 297.5680 30.7953 0.1100 -16.3920 22.0026 391.2534 201.0154 381.8066 454.9172 -109.7207 0.0000 0.0000
3240.03 17.07.2018 11.00.01 31.62505 297.6327 1.0554 0.0038 -16.0985 21.4697 382.4416 196.6017 381.8988 454.6647 -106.8879 0.0000 0.0000
3250.03 17.07.2018 11.10.01 31.65774 297.7505 203.0301 0.7251 -15.7627 21.9838 389.5267 200.0793 382.1414 455.5540 -104.6363 0.0000 0.0000
3260.03 17.07.2018 11.20.01 31.77117 297.8697 316.5767 1.1306 -15.8208 22.6019 398.3371 204.5118 382.7468 457.2460 -103.0861 0.0000 0.0000
3270.03 17.07.2018 11.30.01 31.93145 297.9881 370.4635 1.3231 -16.0841 23.2095 407.2469 209.0115 383.4869 459.1705 -102.5672 0.0000 0.0000
3280.03 17.07.2018 11.40.01 32.11517 298.1098 402.7494 1.4384 -16.4321 23.8273 416.5977 213.7530 384.3125 461.1880 -103.2870 0.0000 0.0000
3290.03 17.07.2018 11.50.01 32.31344 298.2238 411.0394 1.4680 -16.8227 24.3876 425.4238 218.2233 385.1252 463.1409 -104.7413 0.0000 0.0000
3300.03 17.07.2018 12.00.01 32.51644 298.3362 392.5638 1.4020 -17.2110 24.8173 433.2564 222.1977 385.9494 464.9108 -106.7893 0.0000 0.0000
3310.03 17.07.2018 12.10.01 32.71038 298.3212 98.9376 0.3533 -17.5372 23.8541 422.0917 216.9578 387.0152 465.7694 -106.9192 0.0000 0.0000
3320.03 17.07.2018 12.20.01 32.78668 298.2925 -85.5911 -0.3057 -17.2877 22.6427 407.6105 209.9168 387.5525 465.7079 -105.6293 0.0000 0.0000
3330.03 17.07.2018 12.30.01 32.78710 298.2588 -184.0748 -0.6574 -16.7002 21.3904 392.7142 202.6580 387.8753 465.2725 -103.7916 0.0000 0.0000
3340.03 17.07.2018 12.40.01 32.74548 298.2253 -230.3247 -0.8226 -15.9527 20.1735 378.3166 195.6281 388.1095 464.5947 -101.6166 0.0000 0.0000
3350.03 17.07.2018 12.50.01 32.68237 298.1896 -256.6260 -0.9165 -15.1469 18.9738 364.0714 188.6768 388.2963 463.7655 -99.0985 0.0000 0.0000
3360.03 17.07.2018 13.00.01 32.60629 298.1578 -263.0286 -0.9394 -14.3206 17.8417 350.9654 182.3572 388.6258 462.9621 -96.6414 0.0000 0.0000
3370.03 17.07.2018 13.10.01 32.52670 298.0916 -122.3159 -0.4368 -13.5162 17.4391 344.2547 178.7624 387.8652 461.6057 -95.9470 0.0000 0.0000
3380.03 17.07.2018 13.20.01 32.50109 298.0097 -51.7082 -0.1847 -13.0114 17.1023 338.7587 175.8471 387.1082 460.3514 -95.4906 0.0000 0.0000
3390.03 17.07.2018 13.30.01 32.50244 297.9211 -29.2609 -0.1045 -12.6555 16.7347 333.0452 172.8240 386.3671 459.0189 -95.0298 0.0000 0.0000
3400.03 17.07.2018 13.40.01 32.51220 297.8300 -23.3207 -0.0833 -12.3495 16.3550 327.4692 169.8636 385.6052 457.6190 -94.5479 0.0000 0.0000
3410.03 17.07.2018 13.50.01 32.52386 297.7352 -27.6042 -0.0986 -12.0587 15.9468 321.7494 166.8383 384.8259 456.1491 -94.1790 0.0000 0.0000
3420.03 17.07.2018 14.00.01 32.53326 297.6350 -45.7506 -0.1634 -11.7633 15.4666 315.6039 163.6115 384.0473 454.5879 -93.8235 0.0000 0.0000
3430.03 17.07.2018 14.10.01 32.53536 297.5078 -0.4697 -0.0017 -11.4434 15.2557 312.7109 161.8393 381.7561 452.8836 -93.0326 0.0000 0.0000
3440.03 17.07.2018 14.20.01 32.55416 297.3722 1.4340 0.0051 -11.2250 14.9735 309.4733 159.9145 379.2821 451.0942 -92.5267 0.0000 0.0000
3450.03 17.07.2018 14.30.01 32.57263 297.2380 -11.2432 -0.0402 -11.0214 14.6416 306.2213 158.0182 376.8665 449.2005 -92.3424 0.0000 0.0000
3460.03 17.07.2018 14.40.01 32.58505 297.1043 -13.5337 -0.0483 -10.8045 14.3416 304.5982 156.9863 374.5612 447.3704 -92.2498 0.0000 0.0000
3470.03 17.07.2018 14.50.01 32.59512 296.9723 -49.4504 -0.1766 -10.5940 13.8898 301.6003 155.2438 372.1991 445.3791 -91.9030 0.0000 0.0000
3480.03 17.07.2018 15.00.01 32.58926 296.8390 -108.5506 -0.3877 -10.3244 13.2490 297.2404 152.8284 369.7602 443.2247 -91.2498 0.0000 0.0000
3490.03 17.07.2018 15.10.01 32.55764 296.6471 -224.3545 -0.8013 -9.9612 12.2132 289.0526 149.1997 368.3304 442.0974 -89.2913 0.0000 0.0000
3500.03 17.07.2018 15.20.01 32.47936 296.4606 -295.1389 -1.0541 -9.3871 11.1107 275.0937 142.1586 366.8399 440.0407 -86.0823 0.0000 0.0000
3510.03 17.07.2018 15.30.01 32.37066 296.2751 -338.5490 -1.2091 -8.7003 9.9883 260.6151 134.8217 365.1944 437.8067 -82.5008 0.0000 0.0000
3520.03 17.07.2018 15.40.01 32.24218 296.0860 -351.7238 -1.2562 -7.9579 8.9356 246.7076 127.7973 363.6060 435.5505 -79.0664 0.0000 0.0000
3530.03 17.07.2018 15.50.01 32.10558 295.8951 -371.7426 -1.3277 -7.2185 7.8544 232.0582 120.3493 361.9216 433.0996 -75.3786 0.0000 0.0000
3540.03 17.07.2018 16.00.01 31.95858 295.7054 -387.1298 -1.3826 -6.4688 6.7816 217.5769 112.9959 360.2187 430.5688 -71.7420 0.0000 0.0000
3550.03 17.07.2018 16.10.01 31.80306 295.4549 -382.6645 -1.3667 -5.7174 5.8010 204.2884 106.2296 358.2767 427.8514 -68.8480 0.0000 0.0000
3560.03 17.07.2018 16.20.01 31.64678 295.2008 -373.0796 -1.3324 -5.0042 4.8957 191.7448 99.8530 356.3724 425.0775 -66.2577 0.0000 0.0000
3570.03 17.07.2018 16.30.01 31.49197 294.9454 -356.1287 -1.2719 -4.3363 4.0859 180.2294 94.0214 354.5323 422.3670 -63.7931 0.0000 0.0000
3580.03 17.07.2018 16.40.01 31.34271 294.6874 -239.5551 -0.8556 -3.7250 3.8259 168.8083 87.8953 352.6033 419.4276 -61.5404 0.0000 0.0000
3590.03 17.07.2018 16.50.01 31.23779 294.4273 -181.1588 -0.6470 -3.3616 3.6195 161.8949 84.4324 350.7125 417.1141 -59.7672 0.0000 0.0000
3600.03 17.07.2018 17.00.01 31.15484 294.1676 -171.5922 -0.6128 -3.1236 3.3477 154.0748 80.4751 348.6956 414.6881 -57.7675 0.0000 0.0000
3610.03 17.07.2018 17.10.01 31.07501 293.8921 -159.6724 -0.5703 -2.9128 3.1234 144.8013 75.7223 347.0987 412.2465 -55.5668 0.0000 0.0000
3620.03 17.07.2018 17.20.01 30.99914 293.6181 -161.9982 -0.5786 -2.7338 2.8737 134.7270 70.5085 345.4814 409.6819 -53.1542 0.0000 0.0000
3630.03 17.07.2018 17.30.01 30.92153 293.3399 -173.1450 -0.6184 -2.5587 2.5871 124.4663 65.2113 343.7705 407.0664 -50.6414 0.0000 0.0000
3640.03 17.07.2018 17.40.01 30.83862 293.0619 -174.1935 -0.6221 -2.3719 2.3330 110.9666 58.1143 342.0750 404.2195 -47.5818 0.0000 0.0000
3650.03 17.07.2018 17.50.01 30.75417 292.7819 -182.6390 -0.6523 -2.1947 2.0565 98.3580 51.5687 340.3544 401.4108 -44.5363 0.0000 0.0000
3660.03 17.07.2018 18.00.01 30.66528 292.5010 -191.5331 -0.6840 -2.0135 1.7725 85.4628 44.8570 338.5753 398.5207 -41.3417 0.0000 0.0000
3670.03 17.07.2018 18.10.01 30.57180 292.1783 -187.2851 -0.6689 -1.8273 1.5445 75.0472 39.3712 337.3055 395.9093 -37.1503 0.0000 0.0000
3680.03 17.07.2018 18.20.01 30.47906 291.8586 -185.8781 -0.6639 -1.6585 1.3261 64.6763 33.9048 336.1105 393.4280 -33.3142 0.0000 0.0000
3690.03 17.07.2018 18.30.01 30.38613 291.5418 -187.2916 -0.6689 -1.5013 1.1098 57.4927 30.3501 334.9274 391.4095 -30.3058 0.0000 0.0000
3700.03 17.07.2018 18.40.01 30.29186 291.2298 -186.6042 -0.6664 -1.3502 0.9116 43.9447 23.2428 333.7971 388.9269 -26.8300 0.0000 0.0000
3710.03 17.07.2018 18.50.01 30.19702 290.9118 -191.9868 -0.6857 -1.2103 0.6995 30.8692 16.4298 332.6339 386.3848 -23.5748 0.0000 0.0000
3720.03 17.07.2018 19.00.01 30.09902 290.5909 -196.5530 -0.7020 -1.0701 0.4908 16.1312 8.6156 331.4791 383.5390 -20.2652 0.0000 0.0000
3730.03 17.07.2018 19.10.01 29.99822 290.1981 -190.0519 -0.6788 -0.9348 0.3414 12.7933 6.8147 330.1138 380.9264 -19.2013 0.0000 0.0000
3740.03 17.07.2018 19.20.01 29.89849 289.8064 -176.4003 -0.6300 -0.8307 0.2676 10.7186 5.7131 328.8824 378.6562 -18.6400 0.0000 0.0000
3750.03 17.07.2018 19.30.01 29.80264 289.4149 -171.7725 -0.6135 -0.7698 0.2084 9.3212 5.0067 327.7031 376.5640 -18.3306 0.0000 0.0000
3760.03 17.07.2018 19.40.01 29.70733 289.0242 -173.1374 -0.6183 -0.7316 0.1510 6.4462 3.4678 326.5381 374.4285 -17.9330 0.0000 0.0000
3770.03 17.07.2018 19.50.01 29.61031 288.6320 -178.1491 -0.6362 -0.7035 0.0897 3.4189 1.8404 325.3644 372.3025 -17.5852 0.0000 0.0000
3780.03 17.07.2018 20.00.01 29.51013 288.2398 -183.7538 -0.6563 -0.6775 0.0283 0.4048 0.2210 324.1940 370.2158 -17.2668 0.0000 0.0000
3790.03 17.07.2018 20.10.01 29.40682 287.8431 -181.1511 -0.6470 -0.6508 0.0051 0.0731 0.0399 323.1887 368.4447 -16.8244 0.0000 0.0000
3800.03 17.07.2018 20.20.01 29.30398 287.4574 -177.8687 -0.6352 -0.6359 0.0009 0.0132 0.0072 322.2701 366.8111 -16.6760 0.0000 0.0000
3810.03 17.07.2018 20.30.01 29.20193 287.0746 -177.4610 -0.6338 -0.6339 0.0002 0.0024 0.0013 321.4041 365.2771 -16.5852 0.0000 0.0000
3820.03 17.07.2018 20.40.01 29.09939 286.6932 -178.5608 -0.6377 -0.6377 0.0000 0.0004 0.0002 320.5661 363.8210 -16.5476 0.0000 0.0000
3830.03 17.07.2018 20.50.01 28.99590 286.3224 -180.6423 -0.6452 -0.6452 0.0000 0.0001 0.0000 319.7400 362.4221 -16.5934 0.0000 0.0000
3840.03 17.07.2018 21.00.01 28.89111 285.9516 -183.1472 -0.6541 -0.6541 0.0000 0.0000 0.0000 318.9122 361.0774 -16.6501 0.0000 0.0000
3850.03 17.07.2018 21.10.01 28.78472 285.8201 -186.4209 -0.6658 -0.6658 0.0000 0.0000 0.0000 318.4739 360.1559 -15.6978 0.0000 0.0000
3860.03 17.07.2018 21.20.01 28.67605 285.6824 -190.9464 -0.6820 -0.6820 0.0000 0.0000 0.0000 318.0611 359.2865 -15.0066 0.0000 0.0000
3870.03 17.07.2018 21.30.01 28.56484 285.5213 -195.0344 -0.6966 -0.6966 0.0000 0.0000 0.0000 317.6198 358.4487 -14.5296 0.0000 0.0000
3880.03 17.07.2018 21.40.01 28.45168 285.3605 -196.8980 -0.7032 -0.7032 0.0000 0.0000 0.0000 317.3700 357.7198 -13.6637 0.0000 0.0000
3890.03 17.07.2018 21.50.01 28.33816 285.1557 -196.4622 -0.7017 -0.7017 0.0000 0.0000 0.0000 317.0493 356.8877 -13.4361 0.0000 0.0000
3900.03 17.07.2018 22.00.01 28.22497 284.9956 -196.3993 -0.7014 -0.7014 0.0000 0.0000 0.0000 316.7312 356.0361 -13.4553 0.0000 0.0000
3910.03 17.07.2018 22.10.01 28.11144 284.9181 -197.4561 -0.7052 -0.7052 0.0000 0.0000 0.0000 316.3710 355.3292 -13.0281 0.0000 0.0000
3920.03 17.07.2018 22.20.01 27.99722 284.8637 -198.7782 -0.7099 -0.7099 0.0000 0.0000 0.0000 316.0217 354.6636 -12.6102 0.0000 0.0000
3930.03 17.07.2018 22.30.01 27.88226 284.8098 -200.0623 -0.7145 -0.7145 0.0000 0.0000 0.0000 315.6752 354.0142 -12.2616 0.0000 0.0000
3940.03 17.07.2018 22.40.01 27.76660 284.7546 -201.4737 -0.7195 -0.7195 0.0000 0.0000 0.0000 315.3296 353.3647 -12.0056 0.0000 0.0000
3950.03 17.07.2018 22.50.01 27.65011 284.6966 -202.9672 -0.7249 -0.7249 0.0000 0.0000 0.0000 314.9763 352.7302 -11.7772 0.0000 0.0000
3960.03 17.07.2018 23.00.01 27.53280 284.6197 -204.4541 -0.7302 -0.7302 0.0000 0.0000 0.0000 314.6267 352.0971 -11.6231 0.0000 0.0000
3970.03 17.07.2018 23.10.01 27.41458 284.5383 -206.1110 -0.7361 -0.7361 0.0000 0.0000 0.0000 314.2249 351.4220 -11.6898 0.0000 0.0000
3980.03 17.07.2018 23.20.01 27.29513 284.3667 -208.6921 -0.7453 -0.7453 0.0000 0.0000 0.0000 313.7702 350.6339 -12.1791 0.0000 0.0000
3990.03 17.07.2018 23.30.01 27.17397 284.1867 -212.0238 -0.7572 -0.7572 0.0000 0.0000 0.0000 313.2763 349.8255 -12.7240 0.0000 0.0000
4000.03 17.07.2018 23.40.01 27.05093 284.0865 -214.6718 -0.7667 -0.7667 0.0000 0.0000 0.0000 312.8367 349.1796 -12.6361 0.0000 0.0000
4010.03 17.07.2018 23.50.01 26.92672 283.9899 -216.4022 -0.7729 -0.7729 0.0000 0.0000 0.0000 312.4314 348.5200 -12.6963 0.0000 0.0000
4020.03 18.07.2018 00.00.01 26.80154 283.9688 -217.9362 -0.7783 -0.7783 0.0000 0.0000 0.0000 312.0206 347.9205 -12.5283 0.0000 0.0000
4030.03 18.07.2018 00.10.01 26.67602 283.9117 -218.3298 -0.7797 -0.7797 0.0000 0.0000 0.0000 311.7206 347.5626 -11.4558 0.0000 0.0000
4040.03 18.07.2018 00.20.01 26.55111 283.8581 -215.1888 -0.7685 -0.7685 0.0000 0.0000 0.0000 311.3836 347.2048 -10.4637 0.0000 0.0000
4050.03 18.07.2018 00.30.01 26.42843 283.8853 -210.8154 -0.7529 -0.7529 0.0000 0.0000 0.0000 311.0252 346.8738 -9.5114 0.0000 0.0000
4060.03 18.07.2018 00.40.01 26.30825 283.8118 -207.0139 -0.7393 -0.7393 0.0000 0.0000 0.0000 310.6880 346.3827 -9.5924 0.0000 0.0000
4070.03 18.07.2018 00.50.01 26.18923 283.5332 -207.4762 -0.7410 -0.7410 0.0000 0.0000 0.0000 310.4161 345.5881 -10.9957 0.0000 0.0000
4080.03 18.07.2018 01.00.01 26.06875 283.3906 -211.2348 -0.7544 -0.7544 0.0000 0.0000 0.0000 310.1594 344.8596 -11.9025 0.0000 0.0000
4090.03 18.07.2018 01.10.01 25.94583 283.2328 -215.1629 -0.7684 -0.7684 0.0000 0.0000 0.0000 309.8405 344.2257 -12.1041 0.0000 0.0000
4100.03 18.07.2018 01.20.01 25.82137 283.0767 -216.9472 -0.7748 -0.7748 0.0000 0.0000 0.0000 309.4785 343.5834 -12.2810 0.0000 0.0000
4110.03 18.07.2018 01.30.01 25.69622 282.9519 -217.0339 -0.7751 -0.7751 0.0000 0.0000 0.0000 309.0976 342.9720 -12.3439 0.0000 0.0000
4120.03 18.07.2018 01.40.01 25.57153 282.8873 -216.6475 -0.7737 -0.7737 0.0000 0.0000 0.0000 308.7316 342.4890 -11.9173 0.0000 0.0000
4130.03 18.07.2018 01.50.01 25.44732 282.8216 -214.8228 -0.7672 -0.7672 0.0000 0.0000 0.0000 308.3343 342.0145 -11.5246 0.0000 0.0000
4140.03 18.07.2018 02.00.01 25.32424 282.7476 -212.7068 -0.7597 -0.7597 0.0000 0.0004 0.0002 307.8975 341.5370 -11.1749 0.0000 0.0000
4150.03 18.07.2018 02.10.01 25.20245 282.8591 -208.3965 -0.7443 -0.7509 0.0088 0.2567 0.1358 307.6571 341.3092 -9.9987 0.0000 0.0000
4160.03 18.07.2018 02.20.01 25.08303 282.9278 -204.1436 -0.7291 -0.7445 0.0206 0.5544 0.2940 307.4653 341.0738 -9.2454 0.0000 0.0000
4170.03 18.07.2018 02.30.01 24.96588 282.9750 -201.2404 -0.7187 -0.7433 0.0327 0.8589 0.4559 307.3236 340.8612 -8.6377 0.0000 0.0000
4180.03 18.07.2018 02.40.01 24.84982 282.9935 -198.5284 -0.7090 -0.7428 0.0450 1.1647 0.6186 307.2321 340.6636 -8.1726 0.0000 0.0000
4190.03 18.07.2018 02.50.01 24.73516 283.0137 -196.9723 -0.7035 -0.7465 0.0573 1.4708 0.7813 307.1539 340.4772 -7.7777 0.0000 0.0000
4200.03 18.07.2018 03.00.01 24.62112 283.0601 -195.9226 -0.6997 -0.7520 0.0697 1.7806 0.9461 307.0683 340.3092 -7.3722 0.0000 0.0000
4210.03 18.07.2018 03.10.01 24.50787 283.3736 -178.9269 -0.6390 -0.7583 0.1590 4.3191 2.2898 307.3447 340.6293 -6.0447 0.0000 0.0000
4220.03 18.07.2018 03.20.01 24.40188 283.7032 -164.1887 -0.5864 -0.7913 0.2732 7.2176 3.8302 307.7731 341.1289 -4.9297 0.0000 0.0000
4230.03 18.07.2018 03.30.01 24.30251 284.0447 -154.2662 -0.5510 -0.8447 0.3917 10.1760 5.4034 308.2765 341.7398 -3.9239 0.0000 0.0000
4240.03 18.07.2018 03.40.01 24.20788 284.3933 -146.9583 -0.5249 -0.9081 0.5109 13.1458 6.9827 308.8312 342.4444 -2.9935 0.0000 0.0000
4250.03 18.07.2018 03.50.01 24.11709 284.7440 -141.0656 -0.5038 -0.9766 0.6303 16.1176 8.5631 309.4230 343.2279 -2.1304 0.0000 0.0000
4260.03 18.07.2018 04.00.01 24.02947 285.0979 -135.5312 -0.4840 -1.0464 0.7498 19.0901 10.1440 310.0462 344.0834 -1.3135 0.0000 0.0000
4270.03 18.07.2018 04.10.01 23.94509 285.4273 -128.4159 -0.4586 -1.1165 0.8772 22.2938 11.8471 311.1355 345.0752 -0.7191 0.0000 0.0000
4280.03 18.07.2018 04.20.01 23.86456 285.7536 -121.1713 -0.4328 -1.1881 1.0072 25.5349 13.5706 312.2766 346.1365 -0.2612 0.0000 0.0000
4290.03 18.07.2018 04.30.01 23.78802 286.0876 -114.4117 -0.4086 -1.2618 1.1376 28.7821 15.2975 313.4343 347.2562 0.1369 0.0000 0.0000
4300.03 18.07.2018 04.40.01 23.71530 286.4274 -108.0811 -0.3860 -1.3371 1.2681 32.0305 17.0251 314.6165 348.4279 0.4732 0.0000 0.0000
4310.03 18.07.2018 04.50.01 23.64611 286.7599 -101.9803 -0.3642 -1.4132 1.3986 68.0287 36.0544 315.8392 351.3646 -0.8754 0.0000 0.0000
4320.03 18.07.2018 05.00.01 23.58059 287.1129 -75.1297 -0.2683 -1.4897 1.6284 77.2240 40.8914 317.4611 353.9500 -1.8832 0.0000 0.0000
4330.03 18.07.2018 05.10.01 23.52679 287.5962 -77.0745 -0.2753 -1.6053 1.7734 257.8102 135.6620 319.0517 364.9035 -9.9648 0.0000 0.0000
4340.03 18.07.2018 05.20.01 23.47473 288.2240 46.4771 0.1660 -1.7022 2.4909 436.7719 229.0081 322.8943 381.3655 -24.0459 0.0000 0.0000
4350.03 18.07.2018 05.30.01 23.47369 288.8543 143.1601 0.5113 -2.0169 3.3709 570.4709 295.1010 327.7091 395.0375 -38.0183 0.0000 0.0000
4360.03 18.07.2018 05.40.01 23.51428 289.3727 179.6291 0.6415 -2.4822 4.1649 534.3357 276.0300 332.5439 407.1705 -50.1504 0.0000 0.0000
4370.03 18.07.2018 05.50.01 23.57202 289.8958 64.4717 0.2303 -2.9734 4.2716 489.9261 252.5319 334.8755 413.2435 -58.2982 0.0000 0.0000
4380.03 18.07.2018 06.00.01 23.58755 290.3691 0.8267 0.0030 -3.2044 4.2765 432.1747 221.1030 336.7140 414.9120 -63.4028 0.0000 0.0000
4390.03 18.07.2018 06.10.01 23.58007 290.7090 -12.2911 -0.0439 -3.2898 4.3278 402.8794 204.9743 337.9473 416.3840 -67.0287 0.0000 0.0000
4400.03 18.07.2018 06.20.01 23.56890 291.0499 1.1068 0.0040 -3.3341 4.4508 388.6794 197.8490 339.1222 419.0092 -71.5720 0.0000 0.0000
4410.03 18.07.2018 06.30.01 23.56460 291.3855 26.0272 0.0930 -3.3888 4.6423 376.2611 191.7378 340.6640 421.0655 -75.3383 0.0000 0.0000
4420.03 18.07.2018 06.40.01 23.57195 291.7450 50.6752 0.1810 -3.4733 4.8723 369.8970 188.5672 342.3631 422.5979 -77.9819 0.0000 0.0000
4430.03 18.07.2018 06.50.01 23.59420 292.1174 398.8928 1.4246 -3.5843 6.6786 375.5665 191.4273 344.2084 425.0187 -82.1338 0.0000 0.0000
4440.03 18.07.2018 07.00.01 23.75662 292.4802 568.9532 2.0320 -4.3483 8.5070 381.0174 194.1371 346.0006 427.1656 -85.7778 0.0000 0.0000
4450.03 18.07.2018 07.10.01 23.99093 292.7045 663.6349 2.3701 -5.3960 10.3549 385.6482 196.5881 347.8286 429.1646 -89.8852 0.0000 0.0000
4460.03 18.07.2018 07.20.01 24.26705 292.9324 667.6573 2.3845 -6.5784 11.9505 388.2691 198.0227 349.5794 430.6898 -93.3863 0.0000 0.0000
4470.03 18.07.2018 07.30.01 24.54891 293.1657 632.0527 2.2573 -7.7187 13.3014 389.1288 198.5844 351.2782 431.8604 -96.1579 0.0000 0.0000
4480.03 18.07.2018 07.40.01 24.82067 293.4017 620.2433 2.2152 -8.7465 14.6155 394.1223 201.2299 352.8552 433.0049 -98.4257 0.0000 0.0000
4490.03 18.07.2018 07.50.01 25.09103 293.6460 605.7174 2.1633 -9.7156 15.8385 398.9978 203.8721 354.6681 434.2918 -100.5254 0.0000 0.0000
4500.03 18.07.2018 08.00.01 25.35800 293.8924 538.9882 1.9250 -10.6227 16.7301 400.9148 204.9914 356.2427 435.2652 -101.8213 0.0000 0.0000
4510.03 18.07.2018 08.10.01 25.60009 294.0164 399.2238 1.4258 -11.3715 17.0630 390.6994 200.2136 357.8882 435.7877 -101.9654 0.0000 0.0000
4520.03 18.07.2018 08.20.01 25.78784 294.1379 258.4368 0.9230 -11.8304 17.0045 376.9771 193.6284 359.1544 435.5391 -100.6652 0.0000 0.0000
4530.03 18.07.2018 08.30.01 25.91982 294.2604 139.9039 0.4997 -12.0081 16.6771 361.4227 186.1464 360.3131 434.9084 -98.5422 0.0000 0.0000
4540.03 18.07.2018 08.40.01 26.00472 294.3743 94.3872 0.3371 -11.9571 16.3922 350.3796 180.8728 361.2405 434.1399 -96.2202 0.0000 0.0000
4550.03 18.07.2018 08.50.01 26.07055 294.4851 40.4932 0.1446 -11.8251 15.9596 338.7831 175.3786 362.1886 433.3641 -93.8613 0.0000 0.0000
4560.03 18.07.2018 09.00.01 26.11370 294.5944 -42.1843 -0.1507 -11.5945 15.2584 324.9549 168.7462 363.0080 432.3130 -90.9531 0.0000 0.0000
4570.03 18.07.2018 09.10.01 26.12502 294.7045 88.4720 0.3160 -11.2113 15.3697 324.7432 168.7029 364.0102 432.0168 -87.2290 0.0000 0.0000
4580.03 18.07.2018 09.20.01 26.18716 294.8160 151.2997 0.5404 -11.0918 15.5095 325.3213 169.1106 365.2933 432.2782 -84.7757 0.0000 0.0000
4590.03 18.07.2018 09.30.01 26.27444 294.9347 177.6724 0.6345 -11.0896 15.6321 326.0284 169.6082 366.7126 432.8312 -82.8937 0.0000 0.0000
4600.03 18.07.2018 09.40.01 26.37316 295.0549 193.6000 0.6914 -11.1293 15.7609 327.3123 170.3794 368.1504 433.5892 -81.3549 0.0000 0.0000
4610.03 18.07.2018 09.50.01 26.47921 295.1781 199.5257 0.7126 -11.1891 15.8690 328.6012 171.1694 369.6524 434.5564 -80.1187 0.0000 0.0000
4620.03 18.07.2018 10.00.01 26.58846 295.3036 189.3887 0.6764 -11.2493 15.9010 329.3100 171.6678 371.1547 435.6203 -78.9638 0.0000 0.0000
4630.03 18.07.2018 10.10.01 26.69583 295.4485 315.4590 1.1266 -11.2798 16.5419 339.8164 177.0318 373.2022 437.2048 -79.7657 0.0000 0.0000
4640.03 18.07.2018 10.20.01 26.85418 295.6224 396.0778 1.4146 -11.5461 17.2809 351.7640 183.1851 375.5353 439.3591 -81.5494 0.0000 0.0000
4650.03 18.07.2018 10.30.01 27.04623 295.8728 431.9303 1.5426 -11.9498 17.9898 363.3162 189.1240 377.8693 441.7459 -83.4907 0.0000 0.0000
4660.03 18.07.2018 10.40.01 27.25472 296.1362 457.3024 1.6332 -12.3996 18.7104 375.1071 195.2067 380.3910 444.5679 -84.6089 0.0000 0.0000
4670.03 18.07.2018 10.50.01 27.47619 296.2881 469.0222 1.6751 -12.8777 19.4037 386.5931 201.1270 382.8107 447.6240 -85.5453 0.0000 0.0000
4680.03 18.07.2018 11.00.01 27.70550 296.4438 469.6594 1.6774 -13.3512 20.0381 397.6463 206.8345 385.1362 450.4919 -88.1607 0.0000 0.0000
4690.03 18.07.2018 11.10.01 27.93334 296.5407 144.9062 0.5175 -13.7911 19.0782 381.7000 198.9926 385.8265 452.4764 -83.4112 0.0000 0.0000
4700.03 18.07.2018 11.20.01 28.03158 296.6095 -69.2800 -0.2474 -13.5891 17.7890 361.2868 188.7223 385.6582 453.2007 -77.8436 0.0000 0.0000
4710.03 18.07.2018 11.30.01 28.04229 296.6476 -188.9025 -0.6747 -12.9901 16.4206 339.9711 177.9712 385.0939 453.2452 -72.6436 0.0000 0.0000
4720.03 18.07.2018 11.40.01 28.00234 296.6375 -240.1062 -0.8575 -12.1900 15.1100 319.6690 167.7193 384.3683 452.7804 -68.0187 0.0000 0.0000
4730.03 18.07.2018 11.50.01 27.93875 296.5354 -276.1978 -0.9864 -11.3227 13.7818 299.1994 157.3800 383.5020 451.7917 -63.8772 0.0000 0.0000
4740.03 18.07.2018 12.00.01 27.85793 296.4857 -303.3765 -1.0835 -10.4163 12.4438 278.6966 147.0260 382.5669 450.4907 -59.5651 0.0000 0.0000
4750.03 18.07.2018 12.10.01 27.76727 296.5491 18.7885 0.0671 -9.5008 12.7572 279.5677 147.0068 381.5301 450.3102 -57.2917 0.0000 0.0000
4760.03 18.07.2018 12.20.01 27.80383 296.6040 198.7885 0.7100 -9.2320 13.2560 283.3477 148.5913 380.9868 450.2006 -58.5486 0.0000 0.0000
4770.03 18.07.2018 12.30.01 27.91314 296.6730 284.2967 1.0153 -9.3043 13.7596 287.4730 150.3786 380.5900 450.0373 -60.4133 0.0000 0.0000
4780.03 18.07.2018 12.40.01 28.05831 296.8698 323.4713 1.1553 -9.5222 14.2366 291.5219 152.1355 380.3797 450.7401 -57.9660 0.0000 0.0000
4790.03 18.07.2018 12.50.01 28.22131 297.1005 339.4695 1.2124 -9.7929 14.6738 295.3515 153.7909 380.1635 451.7119 -55.5595 0.0000 0.0000
4800.03 18.07.2018 13.00.01 28.39251 297.2084 346.8614 1.2388 -10.0755 15.0857 299.5083 155.6631 380.0132 452.7820 -54.1028 0.0000 0.0000
4810.03 18.07.2018 13.10.01 28.56533 297.2065 117.6835 0.4203 -10.3489 14.3589 288.8723 150.4053 381.7799 452.7580 -52.7314 0.0000 0.0000
4820.03 18.07.2018 13.20.01 28.64688 297.3186 -13.3900 -0.0478 -10.1730 13.5002 276.1948 144.0233 383.0432 451.3067 -55.3746 0.0000 0.0000
4830.03 18.07.2018 13.30.01 28.67407 297.5102 -82.3341 -0.2941 -9.7641 12.6267 263.1445 137.4294 383.9071 449.1316 -59.3467 0.0000 0.0000
4840.03 18.07.2018 13.40.01 28.67135 297.5007 -118.6537 -0.4238 -9.2445 11.7610 250.0021 130.7772 384.9869 448.0802 -56.5034 0.0000 0.0000
4850.03 18.07.2018 13.50.01 28.65258 297.4039 -133.6676 -0.4774 -8.6694 10.9227 237.0212 124.2013 385.8919 446.5632 -56.1196 0.0000 0.0000
4860.03 18.07.2018 14.00.01 28.62652 297.3658 -140.9283 -0.5033 -8.0806 10.1031 224.1621 117.6849 386.6325 444.8661 -55.9193 0.0000 0.0000
4870.03 18.07.2018 14.10.01 28.59551 297.2844 -189.5881 -0.6771 -7.4956 9.0913 204.1648 107.3580 385.2047 443.0432 -47.8547 0.0000 0.0000
4880.03 18.07.2018 14.20.01 28.54250 297.1981 -231.0520 -0.8252 -6.8438 8.0248 183.0697 96.4151 383.2996 440.6496 -41.6893 0.0000 0.0000
4890.03 18.07.2018 14.30.01 28.46993 297.1151 -250.6196 -0.8951 -6.1446 6.9994 162.2318 85.5956 381.1953 437.8016 -37.8792 0.0000 0.0000
4900.03 18.07.2018 14.40.01 28.38650 297.0258 -263.0189 -0.9394 -5.4406 6.0017 141.2560 74.7084 379.0947 434.7189 -34.1389 0.0000 0.0000
4910.03 18.07.2018 14.50.01 28.29550 296.9292 -270.0856 -0.9646 -4.7434 5.0384 120.3452 63.8343 376.9188 431.3009 -30.9190 0.0000 0.0000
4920.03 18.07.2018 15.00.01 28.19915 296.7819 -269.4203 -0.9622 -4.0607 4.1313 99.8061 53.1393 374.6564 427.5731 -27.9138 0.0000 0.0000
4930.03 18.07.2018 15.10.01 28.10186 296.5732 -159.0825 -0.5682 -3.4166 3.7979 93.6052 49.7981 371.4963 424.2580 -25.6051 0.0000 0.0000
4940.03 18.07.2018 15.20.01 28.04754 296.2912 -79.7476 -0.2848 -3.0087 3.6319 89.8272 47.7826 368.5776 421.2599 -25.2512 0.0000 0.0000
4950.03 18.07.2018 15.30.01 28.02307 296.0103 -43.1582 -0.1541 -2.7736 3.4926 86.4287 45.9740 365.7539 418.3452 -25.4620 0.0000 0.0000
4960.03 18.07.2018 15.40.01 28.01205 295.7511 -28.6264 -0.1022 -2.6212 3.3586 83.1048 44.2060 363.0554 415.6264 -24.9640 0.0000 0.0000
4970.03 18.07.2018 15.50.01 28.00607 295.5137 -24.1709 -0.0863 -2.5054 3.2255 79.7939 42.4452 360.3772 412.9967 -24.2078 0.0000 0.0000
4980.03 18.07.2018 16.00.01 28.00100 295.2899 -24.6649 -0.0881 -2.4077 3.0929 76.5030 40.6946 357.7051 410.4679 -23.1310 0.0000 0.0000
4990.03 18.07.2018 16.10.01 27.99514 295.5134 5.9103 0.0211 -2.3189 3.1199 83.5468 44.2134 357.4045 409.4997 -19.3004 0.0000 0.0000
5000.03 18.07.2018 16.20.01 28.00103 295.7503 24.5844 0.0878 -2.2930 3.1743 91.8485 48.4654 357.6620 409.3831 -16.8570 0.0000 0.0000
5010.03 18.07.2018 16.30.01 28.01418 295.9967 15.9022 0.0568 -2.3018 3.1447 99.7998 52.5697 358.1895 409.6555 -15.2159 0.0000 0.0000
5020.03 18.07.2018 16.40.01 28.02438 296.2514 26.7373 0.0955 -2.2913 3.1824 109.1602 57.2924 358.8385 410.2608 -13.9907 0.0000 0.0000
5030.03 18.07.2018 16.50.01 28.03900 296.5137 41.4267 0.1480 -2.3003 3.2643 120.5397 63.1928 359.6592 411.4757 -13.6655 0.0000 0.0000
5040.03 18.07.2018 17.00.01 28.05959 296.7774 40.6117 0.1450 -2.3366 3.3088 131.9253 69.1272 360.5183 412.9822 -13.7589 0.0000 0.0000
5050.03 18.07.2018 17.10.01 28.07980 296.4610 33.1966 0.1186 -2.3732 3.3224 126.6084 66.4864 360.4386 412.9644 -17.7262 0.0000 0.0000
5060.03 18.07.2018 17.20.01 28.09567 296.1203 -17.4572 -0.0623 -2.4078 3.1273 117.9479 61.9985 359.6119 411.7044 -20.9737 0.0000 0.0000
5070.03 18.07.2018 17.30.01 28.08984 295.7723 -55.7475 -0.1991 -2.3604 2.8817 108.7504 57.2278 358.3498 409.9235 -23.4640 0.0000 0.0000
5080.03 18.07.2018 17.40.01 28.06698 295.4229 -75.7331 -0.2705 -2.2588 2.6512 96.9975 51.0564 356.9720 407.6845 -24.8753 0.0000 0.0000
5090.03 18.07.2018 17.50.01 28.03423 295.0727 -95.2303 -0.3401 -2.1392 2.3988 85.6327 45.1346 355.4746 405.2326 -25.3919 0.0000 0.0000
5100.03 18.07.2018 18.00.01 27.99191 294.7231 -108.2992 -0.3868 -2.0009 2.1522 74.1865 39.1593 353.9319 402.6170 -25.1036 0.0000 0.0000
5110.03 18.07.2018 18.10.01 27.94256 294.3667 -127.0669 -0.4538 -1.8549 1.8681 64.3914 33.9824 351.9423 400.0547 -22.7144 0.0000 0.0000
5120.03 18.07.2018 18.20.01 27.88436 294.0110 -139.5458 -0.4984 -1.6885 1.5869 54.5916 28.8006 349.9439 397.4685 -20.5888 0.0000 0.0000
5130.03 18.07.2018 18.30.01 27.81973 293.6562 -149.3303 -0.5333 -1.5137 1.3071 46.3434 24.5490 347.9092 395.0179 -18.9244 0.0000 0.0000
5140.03 18.07.2018 18.40.01 27.74975 293.3028 -156.1273 -0.5576 -1.3354 1.0371 34.6585 18.3882 345.8778 392.2755 -16.8610 0.0000 0.0000
5150.03 18.07.2018 18.50.01 27.67568 292.9468 -165.4958 -0.5911 -1.1599 0.7584 23.0433 12.2760 343.7774 389.4267 -14.7323 0.0000 0.0000
5160.03 18.07.2018 19.00.01 27.59640 292.5912 -173.6950 -0.6203 -0.9812 0.4811 10.5860 5.6565 341.6455 386.3954 -12.3584 0.0000 0.0000
5170.03 18.07.2018 19.10.01 27.51278 292.3460 -154.9915 -0.5535 -0.8021 0.3314 7.8255 4.1698 341.3998 384.2437 -10.4020 0.0000 0.0000
5180.03 18.07.2018 19.20.01 27.43563 292.1089 -133.7495 -0.4777 -0.6702 0.2568 6.1416 3.2711 341.4725 382.5245 -9.2948 0.0000 0.0000
5190.03 18.07.2018 19.30.01 27.36620 291.8751 -123.2188 -0.4401 -0.5867 0.1955 4.6476 2.4759 341.6587 380.9904 -8.5732 0.0000 0.0000
5200.03 18.07.2018 19.40.01 27.30044 291.6435 -119.3732 -0.4263 -0.5288 0.1366 3.1884 1.6998 341.9065 379.5907 -8.0877 0.0000 0.0000
5210.03 18.07.2018 19.50.01 27.23577 291.4131 -119.0682 -0.4252 -0.4839 0.0782 1.7354 0.9270 342.1933 378.2986 -7.7772 0.0000 0.0000
5220.03 18.07.2018 20.00.01 27.17074 291.1880 -120.4782 -0.4303 -0.4452 0.0199 0.2856 0.1560 342.5272 377.0927 -7.6356 0.0000 0.0000
5230.03 18.07.2018 20.10.01 27.10458 291.1106 -114.3929 -0.4085 -0.4111 0.0035 0.0493 0.0269 344.2058 376.3752 -7.3132 0.0000 0.0000
5240.03 18.07.2018 20.20.01 27.04031 291.0317 -110.4248 -0.3944 -0.3949 0.0006 0.0091 0.0050 346.0227 375.8549 -7.2980 0.0000 0.0000
5250.03 18.07.2018 20.30.01 26.97726 290.9510 -109.0312 -0.3894 -0.3895 0.0001 0.0016 0.0009 347.8781 375.4555 -7.4747 0.0000 0.0000
5260.03 18.07.2018 20.40.01 26.91436 290.8700 -108.9408 -0.3891 -0.3891 0.0000 0.0003 0.0002 349.7611 375.1641 -7.7573 0.0000 0.0000
5270.03 18.07.2018 20.50.01 26.85122 290.7883 -109.4733 -0.3910 -0.3910 0.0000 0.0001 0.0000 351.6712 374.9608 -8.1496 0.0000 0.0000
5280.03 18.07.2018 21.00.01 26.78787 290.7063 -110.6471 -0.3952 -0.3952 0.0000 0.0000 0.0000 353.5948 374.8330 -8.6259 0.0000 0.0000
5290.03 18.07.2018 21.10.01 26.72378 290.6269 -111.3385 -0.3976 -0.3976 0.0000 0.0000 0.0000 353.3821 374.5281 -8.6705 0.0000 0.0000
5300.03 18.07.2018 21.20.01 26.65930 290.5444 -112.4923 -0.4018 -0.4018 0.0000 0.0000 0.0000 353.0739 374.1697 -8.6526 0.0000 0.0000
5310.03 18.07.2018 21.30.01 26.59399 290.4617 -114.0980 -0.4075 -0.4075 0.0000 0.0000 0.0000 352.7554 373.8013 -8.6226 0.0000 0.0000
5320.03 18.07.2018 21.40.01 26.52773 290.3788 -115.7727 -0.4135 -0.4135 0.0000 0.0000 0.0000 352.4378 373.4273 -8.5897 0.0000 0.0000
5330.03 18.07.2018 21.50.01 26.46050 290.2964 -117.3704 -0.4192 -0.4192 0.0000 0.0000 0.0000 352.1195 373.0501 -8.5499 0.0000 0.0000
5340.03 18.07.2018 22.00.01 26.39242 290.2144 -118.8477 -0.4245 -0.4245 0.0000 0.0000 0.0000 351.7990 372.6703 -8.5077 0.0000 0.0000
5350.03 18.07.2018 22.10.01 26.32354 290.1478 -120.1643 -0.4292 -0.4292 0.0000 0.0000 0.0000 350.9370 372.2422 -8.3049 0.0000 0.0000
5360.03 18.07.2018 22.20.01 26.25396 290.0805 -121.4270 -0.4337 -0.4337 0.0000 0.0000 0.0000 350.0491 371.7823 -8.0867 0.0000 0.0000
5370.03 18.07.2018 22.30.01 26.18356 290.0132 -122.5996 -0.4379 -0.4379 0.0000 0.0000 0.0000 349.1541 371.3077 -7.8488 0.0000 0.0000
5380.03 18.07.2018 22.40.01 26.11251 289.9459 -123.6500 -0.4416 -0.4416 0.0000 0.0000 0.0000 348.2572 370.8190 -7.6028 0.0000 0.0000
5390.03 18.07.2018 22.50.01 26.04104 289.8785 -124.8430 -0.4459 -0.4459 0.0000 0.0000 0.0000 347.3605 370.3215 -7.3401 0.0000 0.0000
5400.03 18.07.2018 23.00.01 25.96874 289.8105 -125.5275 -0.4483 -0.4483 0.0000 0.0000 0.0000 346.4621 369.8140 -7.0733 0.0000 0.0000
5410.03 18.07.2018 23.10.01 25.89611 289.6346 -126.6929 -0.4525 -0.4525 0.0000 0.0000 0.0000 345.3925 369.1395 -7.3332 0.0000 0.0000
5420.03 18.07.2018 23.20.01 25.82263 289.4586 -128.3229 -0.4583 -0.4583 0.0000 0.0000 0.0000 344.2920 368.4371 -7.5142 0.0000 0.0000
5430.03 18.07.2018 23.30.01 25.74810 289.2820 -130.2402 -0.4651 -0.4651 0.0000 0.0000 0.0000 343.1790 367.7109 -7.6617 0.0000 0.0000
5440.03 18.07.2018 23.40.01 25.67248 289.1041 -132.1917 -0.4721 -0.4721 0.0000 0.0000 0.0000 342.0536 366.9575 -7.8195 0.0000 0.0000
5450.03 18.07.2018 23.50.01 25.59579 288.9269 -134.0605 -0.4788 -0.4788 0.0000 0.0000 0.0000 340.9258 366.1967 -7.9164 0.0000 0.0000
5460.03 19.07.2018 00.00.01 25.51806 288.7500 -135.7737 -0.4849 -0.4849 0.0000 0.0000 0.0000 339.7947 365.4237 -7.9905 0.0000 0.0000
5470.03 19.07.2018 00.10.01 25.43939 288.5465 -137.2907 -0.4903 -0.4903 0.0000 0.0000 0.0000 338.8989 364.6392 -8.2173 0.0000 0.0000
5480.03 19.07.2018 00.20.01 25.35980 288.3474 -138.4836 -0.4946 -0.4946 0.0000 0.0000 0.0000 338.0334 363.8683 -8.4153 0.0000 0.0000
5490.03 19.07.2018 00.30.01 25.27960 288.1462 -139.5905 -0.4985 -0.4985 0.0000 0.0000 0.0000 337.1670 363.0924 -8.6135 0.0000 0.0000
5500.03 19.07.2018 00.40.01 25.19885 287.9445 -140.7925 -0.5028 -0.5028 0.0000 0.0000 0.0000 336.2883 362.3096 -8.8062 0.0000 0.0000
5510.03 19.07.2018 00.50.01 25.11736 287.7432 -141.8742 -0.5067 -0.5067 0.0000 0.0000 0.0000 335.4029 361.5252 -8.9818 0.0000 0.0000
5520.03 19.07.2018 01.00.01 25.03521 287.5434 -142.9432 -0.5105 -0.5105 0.0000 0.0000 0.0000 334.5167 360.7410 -9.1402 0.0000 0.0000
5530.03 19.07.2018 01.10.01 24.95266 287.4434 -143.8741 -0.5138 -0.5138 0.0000 0.0000 0.0000 334.3435 360.1688 -8.9000 0.0000 0.0000
5540.03 19.07.2018 01.20.01 24.87011 287.3470 -143.6669 -0.5131 -0.5131 0.0000 0.0000 0.0000 334.2259 359.6546 -8.7012 0.0000 0.0000
5550.03 19.07.2018 01.30.01 24.78771 287.2565 -142.3641 -0.5084 -0.5084 0.0000 0.0000 0.0000 334.1301 359.1838 -8.5050 0.0000 0.0000
5560.03 19.07.2018 01.40.01 24.70620 287.1715 -141.0103 -0.5036 -0.5036 0.0000 0.0000 0.0000 334.0532 358.7497 -8.3207 0.0000 0.0000
5570.03 19.07.2018 01.50.01 24.62545 287.0907 -140.0371 -0.5001 -0.5001 0.0000 0.0000 0.0000 333.9489 358.3389 -8.1415 0.0000 0.0000
5580.03 19.07.2018 02.00.01 24.54504 287.0106 -139.0982 -0.4968 -0.4968 0.0000 0.0003 0.0002 333.8160 357.9421 -7.9729 0.0000 0.0000
5590.03 19.07.2018 02.10.01 24.46539 286.9402 -137.6921 -0.4918 -0.4967 0.0066 0.1905 0.1008 333.2072 357.4862 -7.9730 0.0000 0.0000
5600.03 19.07.2018 02.20.01 24.38577 286.8466 -136.8674 -0.4888 -0.5002 0.0152 0.4113 0.2181 332.5283 356.9568 -8.1603 0.0000 0.0000
5610.03 19.07.2018 02.30.01 24.30615 286.7463 -137.6638 -0.4917 -0.5099 0.0243 0.6373 0.3383 331.7608 356.3849 -8.3721 0.0000 0.0000
5620.03 19.07.2018 02.40.01 24.22573 286.6481 -139.5939 -0.4985 -0.5236 0.0334 0.8642 0.4589 331.0079 355.8038 -8.5804 0.0000 0.0000
5630.03 19.07.2018 02.50.01 24.14391 286.5493 -142.3625 -0.5084 -0.5403 0.0425 1.0912 0.5797 330.2588 355.2080 -8.8050 0.0000 0.0000
5640.03 19.07.2018 03.00.01 24.06051 286.4436 -145.2097 -0.5186 -0.5575 0.0518 1.3236 0.7033 329.4716 354.5866 -9.0457 0.0000 0.0000
5650.03 19.07.2018 03.10.01 23.97598 286.4620 -123.8145 -0.4422 -0.5698 0.1701 4.7174 2.4991 329.0689 354.4743 -8.5404 0.0000 0.0000
5660.03 19.07.2018 03.20.01 23.90057 286.4871 -104.3343 -0.3726 -0.6155 0.3238 8.6219 4.5742 328.8281 354.5592 -8.2914 0.0000 0.0000
5670.03 19.07.2018 03.30.01 23.83376 286.5110 -91.6659 -0.3274 -0.6900 0.4836 12.6114 6.6956 328.6556 354.7391 -8.2037 0.0000 0.0000
5680.03 19.07.2018 03.40.01 23.77291 286.5428 -83.1169 -0.2968 -0.7801 0.6444 16.6170 8.8258 328.5145 355.0024 -8.1882 0.0000 0.0000
5690.03 19.07.2018 03.50.01 23.71624 286.5715 -76.8103 -0.2743 -0.8784 0.8054 20.6255 10.9576 328.3939 355.3217 -8.2798 0.0000 0.0000
5700.03 19.07.2018 04.00.01 23.66274 286.6079 -71.6095 -0.2557 -0.9808 0.9667 24.6398 13.0924 328.2916 355.7004 -8.4188 0.0000 0.0000
5710.03 19.07.2018 04.10.01 23.61227 286.9634 -43.5991 -0.1557 -1.0847 1.2386 31.8651 16.9258 328.8052 356.7877 -7.5048 0.0000 0.0000
5720.03 19.07.2018 04.20.01 23.57406 287.3267 -19.8825 -0.0710 -1.2310 1.5466 39.6092 21.0428 329.5334 358.1589 -6.9182 0.0000 0.0000
5730.03 19.07.2018 04.30.01 23.54659 287.6954 -3.8474 -0.0137 -1.4092 1.8606 47.4396 25.2068 330.3650 359.7034 -6.5317 0.0000 0.0000
5740.03 19.07.2018 04.40.01 23.52688 288.0667 7.8602 0.0281 -1.6038 2.1758 55.2863 29.3798 331.2654 361.3891 -6.3019 0.0000 0.0000
5750.03 19.07.2018 04.50.01 23.51321 288.4401 17.3740 0.0621 -1.8064 2.4912 73.0915 38.8132 332.2215 363.6924 -6.8367 0.0000 0.0000
5760.03 19.07.2018 05.00.01 23.50469 288.8195 32.2405 0.1151 -2.0124 2.8367 83.1724 44.1554 333.3384 366.0191 -7.3283 0.0000 0.0000
5770.03 19.07.2018 05.10.01 23.50347 289.1977 39.3724 0.1406 -2.2328 3.1645 128.5127 67.9897 334.4391 370.0285 -9.7555 0.0000 0.0000
5780.03 19.07.2018 05.20.01 23.50674 289.6005 71.5542 0.2556 -2.4511 3.6089 173.4939 91.5169 336.0162 375.2064 -13.3018 0.0000 0.0000
5790.03 19.07.2018 05.30.01 23.52435 290.0205 98.4197 0.3515 -2.7150 4.0887 208.6831 109.1489 337.8225 379.8807 -16.0488 0.0000 0.0000
5800.03 19.07.2018 05.40.01 23.55441 290.4344 112.1887 0.4007 -3.0109 4.5488 201.1799 105.3189 339.6458 384.1043 -18.0402 0.0000 0.0000
5810.03 19.07.2018 05.50.01 23.59161 290.8424 88.4031 0.3157 -3.3125 4.8377 191.8659 100.5364 340.9168 387.0260 -18.4039 0.0000 0.0000
5820.03 19.07.2018 06.00.01 23.62124 291.2369 76.2721 0.2724 -3.5485 5.0946 180.5979 94.6015 342.0753 389.1575 -18.1861 0.0000 0.0000
5830.03 19.07.2018 06.10.01 23.64718 291.6385 41.5890 0.1485 -3.7449 5.1912 194.7676 101.5360 343.4979 391.8013 -15.9512 0.0000 0.0000
5840.03 19.07.2018 06.20.01 23.66097 292.0784 48.8302 0.1744 -3.8568 5.3749 212.3161 110.4305 345.2200 395.4415 -17.1689 0.0000 0.0000
5850.03 19.07.2018 06.30.01 23.67907 292.3592 65.0932 0.2325 -3.9681 5.6008 230.3556 119.5887 346.9679 398.6266 -23.6141 0.0000 0.0000
5860.03 19.07.2018 06.40.01 23.70507 292.9158 83.2120 0.2972 -4.0961 5.8577 241.8334 125.4784 349.0461 403.0210 -20.4147 0.0000 0.0000
5870.03 19.07.2018 06.50.01 23.74120 293.4472 238.5876 0.8521 -4.2410 6.7907 257.8809 133.6002 350.9888 407.8731 -19.6659 0.0000 0.0000
5880.03 19.07.2018 07.00.01 23.84112 293.5543 337.9714 1.2070 -4.6667 7.8317 274.4489 141.9537 352.8878 411.9276 -27.2249 0.0000 0.0000
5890.03 19.07.2018 07.10.01 23.98315 293.9517 404.9322 1.4462 -5.2565 8.9370 283.9554 146.8915 354.7733 417.0174 -26.6109 0.0000 0.0000
5900.03 19.07.2018 07.20.01 24.15472 293.9271 417.5584 1.4913 -5.9432 9.9126 291.9718 151.0334 356.3302 419.6771 -39.1794 0.0000 0.0000
5910.03 19.07.2018 07.30.01 24.33410 293.9715 422.8747 1.5103 -6.6240 10.8457 299.8239 155.1088 357.5405 421.5281 -50.6541 0.0000 0.0000
5920.03 19.07.2018 07.40.01 24.51830 294.2925 427.0457 1.5252 -7.2853 11.7473 308.3233 159.5081 359.5162 426.2570 -38.5292 0.0000 0.0000
5930.03 19.07.2018 07.50.01 24.70678 294.3302 430.3912 1.5371 -7.9238 12.6146 316.6359 163.8207 360.9722 428.0148 -54.3814 0.0000 0.0000
5940.03 19.07.2018 08.00.01 24.89916 294.4221 417.7124 1.4918 -8.5409 13.3770 324.1689 167.7439 361.7131 428.8280 -66.9415 0.0000 0.0000
5950.03 19.07.2018 08.10.01 25.08956 294.6594 518.5079 1.8518 -9.1112 14.6174 342.3634 176.8856 362.6739 431.2915 -67.5349 0.0000 0.0000
5960.03 19.07.2018 08.20.01 25.32220 294.9062 597.9872 2.1357 -9.8539 15.9860 361.8707 186.7176 364.0022 434.4493 -69.3574 0.0000 0.0000
5970.03 19.07.2018 08.30.01 25.58956 295.1574 663.2460 2.3687 -10.7191 17.4504 382.3074 197.0344 365.5687 438.0462 -71.8443 0.0000 0.0000
5980.03 19.07.2018 08.40.01 25.88607 295.4104 689.0244 2.4608 -11.6742 18.8466 400.7798 206.3715 367.1873 441.7973 -74.5588 0.0000 0.0000
5990.03 19.07.2018 08.50.01 26.19631 295.6548 705.0356 2.5180 -12.6401 20.2108 418.6198 215.3535 368.6957 445.5941 -77.4966 0.0000 0.0000
6000.03 19.07.2018 09.00.01 26.51635 295.8995 719.1277 2.5683 -13.6003 21.5582 436.5627 224.4115 370.2420 449.5235 -80.6901 0.0000 0.0000
6010.03 19.07.2018 09.10.01 26.84414 296.1460 617.3817 2.2049 -14.5529 22.3437 444.0493 228.3765 372.2526 453.4872 -81.2843 0.0000 0.0000
6020.03 19.07.2018 09.20.01 27.13442 296.3897 543.4346 1.9408 -15.2734 22.9523 449.4372 231.2166 374.0844 457.1489 -80.3962 0.0000 0.0000
6030.03 19.07.2018 09.30.01 27.39755 296.6273 508.1708 1.8149 -15.8269 23.5224 454.7455 234.0384 375.8472 460.7019 -81.2328 0.0000 0.0000
6040.03 19.07.2018 09.40.01 27.64825 296.8551 489.8911 1.7496 -16.2954 24.0600 460.1642 236.8822 377.5294 464.2966 -80.3469 0.0000 0.0000
6050.03 19.07.2018 09.50.01 27.89288 297.0890 481.3472 1.7191 -16.7133 24.5765 465.6945 239.8090 379.2340 467.9451 -79.3993 0.0000 0.0000
6060.03 19.07.2018 10.00.01 28.13513 297.3195 451.2142 1.6115 -17.1006 24.9495 470.0954 242.1677 380.8689 471.3574 -79.9001 0.0000 0.0000
6070.03 19.07.2018 10.10.01 28.36501 297.5240 272.1701 0.9720 -17.4171 24.5189 462.0498 238.4131 383.4085 473.4531 -79.4566 0.0000 0.0000
6080.03 19.07.2018 10.20.01 28.52426 297.7294 149.1234 0.5326 -17.3780 23.8808 451.7089 233.4391 385.5737 474.1141 -88.1119 0.0000 0.0000
6090.03 19.07.2018 10.30.01 28.63387 297.9556 58.9919 0.2107 -17.1063 23.0893 439.8058 227.6443 387.0082 473.6161 -97.4021 0.0000 0.0000
6100.03 19.07.2018 10.40.01 28.70657 298.1335 36.0454 0.1287 -16.6698 22.3980 430.0270 222.9211 389.2648 476.7647 -85.4244 0.0000 0.0000
6110.03 19.07.2018 10.50.01 28.77047 298.4248 13.8818 0.0496 -16.1755 21.6335 419.6614 217.9008 391.5708 479.0881 -78.3680 0.0000 0.0000
6120.03 19.07.2018 11.00.01 28.82391 298.6305 -19.8358 -0.0708 -15.6454 20.7661 408.5499 212.5122 393.1086 479.4439 -78.8947 0.0000 0.0000
6130.03 19.07.2018 11.10.01 28.86117 298.6849 -204.3280 -0.7297 -15.0541 19.0991 379.1127 197.6190 395.0647 478.9336 -69.9737 0.0000 0.0000
6140.03 19.07.2018 11.20.01 28.82229 298.5811 -350.0347 -1.2501 -14.1249 17.1664 346.1659 180.8233 395.7942 474.4388 -72.5143 0.0000 0.0000
6150.03 19.07.2018 11.30.01 28.72091 298.4969 -443.4527 -1.5838 -12.9571 15.1645 312.4749 163.6341 395.7278 468.7628 -77.3246 0.0000 0.0000
6160.03 19.07.2018 11.40.01 28.57769 298.4143 -485.1615 -1.7327 -11.6572 13.2327 279.9773 147.0307 396.1925 465.4926 -69.0693 0.0000 0.0000
6170.03 19.07.2018 11.50.01 28.41436 298.1769 -514.9060 -1.8389 -10.3094 11.2939 247.4518 130.4159 396.6317 461.2051 -66.0721 0.0000 0.0000
6180.03 19.07.2018 12.00.01 28.23623 298.0106 -537.8474 -1.9209 -8.9351 9.3523 214.9248 113.7998 396.7230 456.3222 -64.0157 0.0000 0.0000
6190.03 19.07.2018 12.10.01 28.04922 297.9653 -238.1676 -0.8506 -7.5700 8.9591 208.2275 110.1542 395.0579 453.0597 -59.7749 0.0000 0.0000
6200.03 19.07.2018 12.20.01 27.97897 297.9413 -57.4912 -0.2053 -6.8267 8.8285 205.3686 108.6105 394.0597 450.8991 -56.7777 0.0000 0.0000
6210.03 19.07.2018 12.30.01 27.98000 297.9250 30.1130 0.1075 -6.4455 8.7374 203.1102 107.3963 393.3612 449.1649 -54.3379 0.0000 0.0000
6220.03 19.07.2018 12.40.01 28.01617 297.9126 71.7905 0.2564 -6.2334 8.6531 200.9836 106.2531 392.7790 447.7104 -52.2054 0.0000 0.0000
6230.03 19.07.2018 12.50.01 28.06945 297.9010 91.3018 0.3261 -6.0990 8.5667 198.8633 105.1152 392.2459 446.4485 -50.4348 0.0000 0.0000
6240.03 19.07.2018 13.00.01 28.13076 297.8902 99.2171 0.3543 -5.9997 8.4720 196.7165 103.9655 391.7402 445.3296 -48.8887 0.0000 0.0000
6250.03 19.07.2018 13.10.01 28.19821 297.9641 380.2272 1.3580 -5.9300 9.7172 217.6417 114.3789 389.2346 445.2508 -50.1986 0.0000 0.0000
6260.03 19.07.2018 13.20.01 28.37808 298.0526 544.8563 1.9459 -6.4107 11.1422 241.7804 126.5823 387.2723 446.1486 -53.2732 0.0000 0.0000
6270.03 19.07.2018 13.30.01 28.62524 298.1433 615.8945 2.1996 -7.1927 12.5231 265.9549 138.8394 385.5906 447.4065 -57.2487 0.0000 0.0000
6280.03 19.07.2018 13.40.01 28.90322 298.2394 647.5762 2.3128 -8.0864 13.8656 290.4549 151.2680 383.9962 448.9297 -61.3890 0.0000 0.0000
6290.03 19.07.2018 13.50.01 29.19601 298.3466 649.3224 2.3190 -9.0141 15.1108 314.4130 163.4449 382.4413 450.5991 -66.7585 0.0000 0.0000
6300.03 19.07.2018 14.00.01 29.49142 298.4504 620.6902 2.2168 -9.9197 16.1819 337.1279 175.0108 380.8983 452.3013 -72.6524 0.0000 0.0000
6310.03 19.07.2018 14.10.01 29.77319 298.3469 227.9946 0.8143 -10.7323 15.3954 324.3348 168.7756 381.4274 452.9253 -73.6141 0.0000 0.0000
6320.03 19.07.2018 14.20.01 29.89822 298.2236 -32.6006 -0.1164 -10.7671 14.2008 305.2610 159.0840 380.9895 451.8431 -72.6332 0.0000 0.0000
6330.03 19.07.2018 14.30.01 29.91717 298.0957 -157.6560 -0.5631 -10.3184 13.0071 285.8119 149.1681 380.1611 450.1453 -70.9640 0.0000 0.0000
6340.03 19.07.2018 14.40.01 29.88256 297.9624 -217.0002 -0.7750 -9.6648 11.8531 266.3152 139.2320 379.2459 448.1731 -68.2286 0.0000 0.0000
6350.03 19.07.2018 14.50.01 29.82076 297.8371 -237.5888 -0.8485 -8.9368 10.7844 247.5340 129.6609 378.1501 445.9015 -65.3989 0.0000 0.0000
6360.03 19.07.2018 15.00.01 29.74722 297.7041 -256.5200 -0.9161 -8.2074 9.7217 228.4318 119.8921 376.8973 443.2437 -62.4382 0.0000 0.0000
6370.03 19.07.2018 15.10.01 29.66308 297.5249 -227.2255 -0.8115 -7.4905 8.9053 215.0881 113.1207 375.6878 440.7699 -59.3617 0.0000 0.0000
6380.03 19.07.2018 15.20.01 29.58938 297.3488 -200.8977 -0.7175 -6.8574 8.1865 201.3473 106.0368 374.5472 438.2316 -56.4335 0.0000 0.0000
6390.03 19.07.2018 15.30.01 29.52358 297.1718 -184.6104 -0.6593 -6.3030 7.5249 188.0257 99.1613 373.4037 435.6812 -53.7771 0.0000 0.0000
6400.03 19.07.2018 15.40.01 29.46215 296.9921 -177.7247 -0.6347 -5.8036 6.8919 174.2342 92.0388 372.2462 433.0792 -51.1417 0.0000 0.0000
6410.03 19.07.2018 15.50.01 29.40170 296.8135 -166.8553 -0.5959 -5.3384 6.3233 160.8740 85.1264 371.0781 430.4651 -48.5186 0.0000 0.0000
6420.03 19.07.2018 16.00.01 29.34387 296.6341 -156.5867 -0.5592 -4.9136 5.8058 147.7840 78.3360 369.8833 427.8283 -45.8756 0.0000 0.0000
6430.03 19.07.2018 16.10.01 29.28881 296.5319 -110.3966 -0.3943 -4.5257 5.5086 145.9329 77.2380 368.1194 425.5606 -44.1349 0.0000 0.0000
6440.03 19.07.2018 16.20.01 29.25082 296.4361 -74.9221 -0.2676 -4.2434 5.3010 145.8345 77.1229 366.6150 423.7131 -43.6806 0.0000 0.0000
6450.03 19.07.2018 16.30.01 29.22589 296.3432 -67.7545 -0.2420 -4.0419 5.0665 145.7896 77.0596 365.2805 422.0545 -43.3293 0.0000 0.0000
6460.03 19.07.2018 16.40.01 29.20309 296.2519 -49.9918 -0.1785 -3.8630 4.9127 146.3905 77.2306 363.9714 420.5703 -42.2452 0.0000 0.0000
6470.03 19.07.2018 16.50.01 29.18664 296.1600 -34.7910 -0.1243 -3.7278 4.8048 148.7686 78.4330 362.7260 419.3348 -42.4069 0.0000 0.0000
6480.03 19.07.2018 17.00.01 29.17544 296.0687 -35.9486 -0.1284 -3.6305 4.6695 151.0550 79.6023 361.4734 418.1983 -42.6803 0.0000 0.0000
6490.03 19.07.2018 17.10.01 29.16265 295.8382 -73.6817 -0.2631 -3.5400 4.3691 139.7321 73.7113 360.2092 416.4770 -41.0063 0.0000 0.0000
6500.03 19.07.2018 17.20.01 29.13342 295.5986 -127.3995 -0.4550 -3.3889 3.9119 125.9181 66.4453 358.6220 414.2490 -37.9670 0.0000 0.0000
6510.03 19.07.2018 17.30.01 29.08123 295.3569 -165.6005 -0.5914 -3.1502 3.4116 111.6371 58.9326 356.8182 411.8138 -34.9161 0.0000 0.0000
6520.03 19.07.2018 17.40.01 29.01208 295.1157 -186.5192 -0.6661 -2.8573 2.9216 95.6332 50.4695 354.9537 409.2276 -31.0820 0.0000 0.0000
6530.03 19.07.2018 17.50.01 28.93273 294.8748 -205.3538 -0.7334 -2.5443 2.4145 79.9262 42.1975 353.0190 406.4763 -27.6212 0.0000 0.0000
6540.03 19.07.2018 18.00.01 28.84402 294.6328 -218.4075 -0.7800 -2.2148 1.9130 64.2038 33.9115 351.0534 403.5675 -24.2411 0.0000 0.0000
6550.03 19.07.2018 18.10.01 28.74859 294.2973 -190.6879 -0.6810 -1.8815 1.6006 54.8793 28.9652 349.4794 400.7859 -22.1623 0.0000 0.0000
6560.03 19.07.2018 18.20.01 28.66210 293.9631 -171.3641 -0.6120 -1.6245 1.3500 46.4056 24.4817 348.0481 398.1766 -20.3920 0.0000 0.0000
6570.03 19.07.2018 18.30.01 28.58163 293.6294 -165.3999 -0.5907 -1.4239 1.1110 39.3911 20.8652 346.6552 395.7660 -18.9245 0.0000 0.0000
6580.03 19.07.2018 18.40.01 28.50207 293.2966 -165.0566 -0.5895 -1.2509 0.8819 29.4752 15.6375 345.2956 393.1601 -17.2128 0.0000 0.0000
6590.03 19.07.2018 18.50.01 28.42123 292.9614 -170.4837 -0.6089 -1.0933 0.6459 19.6223 10.4531 343.9207 390.5106 -15.4544 0.0000 0.0000
6600.03 19.07.2018 19.00.01 28.33691 292.6257 -176.8207 -0.6315 -0.9398 0.4111 9.0549 4.8382 342.5448 387.7357 -13.5840 0.0000 0.0000
6610.03 19.07.2018 19.10.01 28.24893 292.2584 -161.3831 -0.5764 -0.7892 0.2838 6.7043 3.5724 341.0391 385.2998 -12.7932 0.0000 0.0000
6620.03 19.07.2018 19.20.01 28.16570 291.8942 -145.4155 -0.5193 -0.6844 0.2200 5.2636 2.8035 339.6815 383.1382 -12.3909 0.0000 0.0000
6630.03 19.07.2018 19.30.01 28.08761 291.5312 -139.6198 -0.4986 -0.6243 0.1675 3.9836 2.1222 338.3871 381.0922 -12.1359 0.0000 0.0000
6640.03 19.07.2018 19.40.01 28.01071 291.1686 -139.7643 -0.4992 -0.5870 0.1171 2.7329 1.4570 337.1185 379.1285 -11.9745 0.0000 0.0000
6650.03 19.07.2018 19.50.01 27.93276 290.8063 -142.8126 -0.5100 -0.5603 0.0670 1.4875 0.7946 335.8617 377.2277 -11.8985 0.0000 0.0000
6660.03 19.07.2018 20.00.01 27.85266 290.4448 -147.2185 -0.5258 -0.5386 0.0171 0.2448 0.1337 334.6140 375.3783 -11.8905 0.0000 0.0000
6670.03 19.07.2018 20.10.01 27.76998 290.2696 -144.0519 -0.5145 -0.5167 0.0030 0.0423 0.0231 333.7956 373.9799 -10.9474 0.0000 0.0000
6680.03 19.07.2018 20.20.01 27.68823 290.0980 -141.0167 -0.5036 -0.5040 0.0005 0.0078 0.0043 333.0731 372.7227 -10.2081 0.0000 0.0000
6690.03 19.07.2018 20.30.01 27.60754 289.9287 -140.2728 -0.5010 -0.5010 0.0001 0.0014 0.0008 332.3912 371.5554 -9.6009 0.0000 0.0000
6700.03 19.07.2018 20.40.01 27.52676 289.7607 -140.7501 -0.5027 -0.5027 0.0000 0.0003 0.0001 331.7365 370.4600 -9.1033 0.0000 0.0000
6710.03 19.07.2018 20.50.01 27.44528 289.5938 -142.0133 -0.5072 -0.5072 0.0000 0.0000 0.0000 331.1051 369.4249 -8.6964 0.0000 0.0000
6720.03 19.07.2018 21.00.01 27.36297 289.4274 -143.9482 -0.5141 -0.5141 0.0000 0.0000 0.0000 330.4939 368.4405 -8.3666 0.0000 0.0000
6730.03 19.07.2018 21.10.01 27.27935 289.2144 -146.2236 -0.5222 -0.5222 0.0000 0.0000 0.0000 330.1146 367.4474 -8.4612 0.0000 0.0000
6740.03 19.07.2018 21.20.01 27.19433 289.0014 -149.0767 -0.5324 -0.5324 0.0000 0.0000 0.0000 329.7462 366.4895 -8.6097 0.0000 0.0000
6750.03 19.07.2018 21.30.01 27.10763 288.7886 -152.0123 -0.5429 -0.5429 0.0000 0.0000 0.0000 329.3859 365.5625 -8.7898 0.0000 0.0000
6760.03 19.07.2018 21.40.01 27.01925 288.5761 -154.8882 -0.5532 -0.5532 0.0000 0.0000 0.0000 329.0323 364.6598 -9.0106 0.0000 0.0000
6770.03 19.07.2018 21.50.01 26.92916 288.3638 -157.5414 -0.5626 -0.5626 0.0000 0.0000 0.0000 328.6859 363.7812 -9.2524 0.0000 0.0000
6780.03 19.07.2018 22.00.01 26.83764 288.1515 -160.1831 -0.5721 -0.5721 0.0000 0.0000 0.0000 328.3448 362.9208 -9.5255 0.0000 0.0000
6790.03 19.07.2018 22.10.01 26.74465 287.9553 -162.7103 -0.5811 -0.5811 0.0000 0.0000 0.0000 327.0180 361.9828 -9.5538 0.0000 0.0000
6800.03 19.07.2018 22.20.01 26.65008 287.7584 -165.3604 -0.5906 -0.5906 0.0000 0.0000 0.0000 325.6516 361.0191 -9.5234 0.0000 0.0000
6810.03 19.07.2018 22.30.01 26.55395 287.5607 -168.2917 -0.6010 -0.6010 0.0000 0.0000 0.0000 324.2771 360.0362 -9.4956 0.0000 0.0000
6820.03 19.07.2018 22.40.01 26.45617 287.3641 -171.1910 -0.6114 -0.6114 0.0000 0.0000 0.0000 322.9079 359.0551 -9.4300 0.0000 0.0000
6830.03 19.07.2018 22.50.01 26.35677 287.1676 -173.8896 -0.6210 -0.6210 0.0000 0.0000 0.0000 321.5394 358.0688 -9.3501 0.0000 0.0000
6840.03 19.07.2018 23.00.01 26.25582 286.9714 -176.2847 -0.6296 -0.6296 0.0000 0.0000 0.0000 320.1695 357.0789 -9.2561 0.0000 0.0000
6850.03 19.07.2018 23.10.01 26.15362 286.7456 -178.7789 -0.6385 -0.6385 0.0000 0.0000 0.0000 319.2838 356.1033 -9.3882 0.0000 0.0000
6860.03 19.07.2018 23.20.01 26.05004 286.5254 -180.6463 -0.6452 -0.6452 0.0000 0.0000 0.0000 318.4486 355.1609 -9.5134 0.0000 0.0000
6870.03 19.07.2018 23.30.01 25.94549 286.3028 -182.2975 -0.6511 -0.6511 0.0000 0.0000 0.0000 317.6122 354.2188 -9.6837 0.0000 0.0000
6880.03 19.07.2018 23.40.01 25.83993 286.0842 -184.1288 -0.6576 -0.6576 0.0000 0.0000 0.0000 316.7739 353.2628 -9.9774 0.0000 0.0000
6890.03 19.07.2018 23.50.01 25.73318 285.8614 -186.5998 -0.6664 -0.6664 0.0000 0.0000 0.0000 315.9171 352.2995 -10.2787 0.0000 0.0000
6900.03 20.07.2018 00.00.01 25.62490 285.6349 -189.1217 -0.6754 -0.6754 0.0000 0.0000 0.0000 315.0430 351.3317 -10.5746 0.0000 0.0000
6910.03 20.07.2018 00.10.01 25.51528 285.4821 -191.4612 -0.6838 -0.6838 0.0000 0.0000 0.0000 314.0611 350.4559 -10.3579 0.0000 0.0000
6920.03 20.07.2018 00.20.01 25.40450 285.3290 -192.4606 -0.6874 -0.6874 0.0000 0.0000 0.0000 313.0846 349.5928 -10.1577 0.0000 0.0000
6930.03 20.07.2018 00.30.01 25.29336 285.1759 -193.1908 -0.6900 -0.6900 0.0000 0.0000 0.0000 312.1122 348.7419 -9.9622 0.0000 0.0000
6940.03 20.07.2018 00.40.01 25.18167 285.0230 -193.4378 -0.6908 -0.6908 0.0000 0.0000 0.0000 311.1489 347.9021 -9.7817 0.0000 0.0000
6950.03 20.07.2018 00.50.01 25.06997 284.8704 -194.0908 -0.6932 -0.6932 0.0000 0.0000 0.0000 310.1897 347.0719 -9.6090 0.0000 0.0000
6960.03 20.07.2018 01.00.01 24.95803 284.7176 -194.8025 -0.6957 -0.6957 0.0000 0.0000 0.0000 309.2377 346.2507 -9.4386 0.0000 0.0000
6970.03 20.07.2018 01.10.01 24.84545 284.5680 -194.9894 -0.6964 -0.6964 0.0000 0.0000 0.0000 308.6615 345.4960 -9.3274 0.0000 0.0000
6980.03 20.07.2018 01.20.01 24.73287 284.4196 -195.3328 -0.6976 -0.6976 0.0000 0.0000 0.0000 308.1315 344.7678 -9.2609 0.0000 0.0000
6990.03 20.07.2018 01.30.01 24.62026 284.2712 -195.7350 -0.6991 -0.6991 0.0000 0.0000 0.0000 307.5945 344.0563 -9.2008 0.0000 0.0000
7000.03 20.07.2018 01.40.01 24.50762 284.1232 -196.1167 -0.7004 -0.7004 0.0000 0.0000 0.0000 307.0523 343.3515 -9.1650 0.0000 0.0000
7010.03 20.07.2018 01.50.01 24.39474 283.9757 -196.3603 -0.7013 -0.7013 0.0000 0.0000 0.0000 306.5108 342.6614 -9.1248 0.0000 0.0000
7020.03 20.07.2018 02.00.01 24.28152 283.8276 -196.3618 -0.7013 -0.7013 0.0000 0.0004 0.0002 305.9697 341.9761 -9.1054 0.0000 0.0000
7030.03 20.07.2018 02.10.01 24.16812 283.6976 -194.8183 -0.6958 -0.7013 0.0074 0.2153 0.1139 305.8000 341.3637 -9.1315 0.0000 0.0000
7040.03 20.07.2018 02.20.01 24.05554 283.5669 -194.0677 -0.6931 -0.7060 0.0172 0.4650 0.2466 305.6605 340.7871 -9.2037 0.0000 0.0000
7050.03 20.07.2018 02.30.01 23.94317 283.4355 -193.5540 -0.6913 -0.7119 0.0275 0.7204 0.3824 305.5330 340.2323 -9.3093 0.0000 0.0000
7060.03 20.07.2018 02.40.01 23.83099 283.3047 -193.2976 -0.6903 -0.7187 0.0378 0.9769 0.5188 305.4100 339.6950 -9.4387 0.0000 0.0000
7070.03 20.07.2018 02.50.01 23.71890 283.1729 -193.1380 -0.6898 -0.7258 0.0481 1.2336 0.6553 305.2885 339.1726 -9.5946 0.0000 0.0000
7080.03 20.07.2018 03.00.01 23.60687 283.0414 -193.0377 -0.6894 -0.7333 0.0585 1.4949 0.7943 305.1627 338.6611 -9.7690 0.0000 0.0000
7090.03 20.07.2018 03.10.01 23.49517 283.0963 -172.7236 -0.6169 -0.7397 0.1638 4.5049 2.3872 304.8635 338.5637 -9.2190 0.0000 0.0000
7100.03 20.07.2018 03.20.01 23.39199 283.1548 -155.8762 -0.5567 -0.7816 0.2998 7.9590 4.2229 304.6822 338.6259 -8.8694 0.0000 0.0000
7110.03 20.07.2018 03.30.01 23.29608 283.2157 -145.3901 -0.5193 -0.8500 0.4411 11.4869 6.0989 304.5560 338.7673 -8.6501 0.0000 0.0000
7120.03 20.07.2018 03.40.01 23.20495 283.2788 -138.5434 -0.4948 -0.9323 0.5833 15.0289 7.9825 304.4624 338.9808 -8.5033 0.0000 0.0000
7130.03 20.07.2018 03.50.01 23.11721 283.3425 -133.4800 -0.4767 -1.0210 0.7257 18.5734 9.8675 304.3912 339.2490 -8.4235 0.0000 0.0000
7140.03 20.07.2018 04.00.01 23.03207 283.4077 -129.3690 -0.4620 -1.1131 0.8681 22.1178 11.7525 304.3371 339.5602 -8.4053 0.0000 0.0000
7150.03 20.07.2018 04.10.01 22.94921 283.7561 -127.2349 -0.4544 -1.2055 1.0014 25.3982 13.4978 304.7797 340.2733 -7.1399 0.0000 0.0000
7160.03 20.07.2018 04.20.01 22.86822 284.1024 -123.5026 -0.4411 -1.2899 1.1318 28.6359 15.2198 305.3079 341.0853 -5.9712 0.0000 0.0000
7170.03 20.07.2018 04.30.01 22.78985 284.4481 -118.4294 -0.4230 -1.3692 1.2616 31.8665 16.9380 305.8653 341.9751 -4.8974 0.0000 0.0000
7180.03 20.07.2018 04.40.01 22.71456 284.7950 -112.9615 -0.4034 -1.4470 1.3914 35.0958 18.6553 306.4448 342.9337 -3.9050 0.0000 0.0000
7190.03 20.07.2018 04.50.01 22.64245 285.1421 -107.3249 -0.3833 -1.5242 1.5211 38.3249 20.3726 307.0515 343.9540 -2.9851 0.0000 0.0000
