# simtime date time IndoorTemp Av_Tair_at_facade Energyflux.toIndoor.sum  Energyflux.toIndoor.average Energyflux.Conduction.average Energyflux.SW.transmission.average Shortwave.availabe Shortwave.absorbed Longwave.available Longwave.emittedFacade Sensible.outside Vapour.fromGreening Vapour.fromSubstrate
10.02 15.07.2018 05.10.00 19.95461 289.1151 1861.5872 2.9833 -0.7458 4.9721 221.6593 111.5533 323.6100 372.5494 -16.7721 0.0000 0.0000
20.02 15.07.2018 05.20.00 20.27160 289.7282 2975.0249 4.7677 -2.5535 9.7615 410.6154 207.6647 326.8890 388.3117 -28.6678 0.0000 0.0000
30.03 15.07.2018 05.30.01 20.79101 290.4843 2713.6487 4.3488 -5.1591 12.6773 605.5817 308.8021 331.7093 410.7796 -46.0867 0.0000 0.0000
40.03 15.07.2018 05.40.01 21.28375 291.1688 2547.4521 4.0825 -7.4166 15.3321 581.4103 295.5423 336.7688 423.7256 -57.4022 0.0000 0.0000
50.03 15.07.2018 05.50.01 21.74819 291.5878 1490.9390 2.3893 -9.3707 15.6801 554.0230 282.1271 338.8784 431.3870 -67.4762 0.0000 0.0000
60.03 15.07.2018 06.00.01 22.03930 292.0764 1469.3843 2.3548 -10.3694 16.9656 538.3540 275.0329 340.5203 438.4424 -77.3789 0.0000 0.0000
70.03 15.07.2018 06.10.01 22.30889 292.3692 -698.3685 -1.1192 -11.2297 13.4807 503.9658 258.4662 341.7290 440.2871 -80.1786 0.0000 0.0000
80.03 15.07.2018 06.20.01 22.20272 292.6552 -1540.2935 -2.4684 -10.2475 10.3721 471.8706 242.9917 343.0014 441.2226 -82.1845 0.0000 0.0000
90.03 15.07.2018 06.30.01 21.94531 292.9524 -1840.5476 -2.9496 -8.6156 7.5547 440.9168 227.9782 344.5092 441.2329 -83.0616 0.0000 0.0000
100.03 15.07.2018 06.40.01 21.63073 293.2949 -1860.9297 -2.9823 -6.8057 5.0979 418.6070 217.2984 346.2282 441.0621 -82.9836 0.0000 0.0000
110.03 15.07.2018 06.50.01 21.31463 293.6856 -1081.9810 -1.7339 -5.0751 4.4549 412.0885 214.7244 348.1956 442.2734 -84.5292 0.0000 0.0000
120.03 15.07.2018 07.00.01 21.13384 294.0278 -382.5893 -0.6131 -4.0649 4.6023 411.0392 214.8312 350.1493 443.7329 -86.6528 0.0000 0.0000
130.03 15.07.2018 07.10.01 21.07424 294.4064 -81.7365 -0.1310 -3.6535 4.6967 412.8277 216.3615 352.1411 446.3323 -81.8556 0.0000 0.0000
140.03 15.07.2018 07.20.01 21.06909 294.7834 87.6068 0.1404 -3.4802 4.8274 414.6716 217.8968 354.1815 449.0682 -78.7415 0.0000 0.0000
150.03 15.07.2018 07.30.01 21.09576 295.1559 190.0696 0.3046 -3.4259 4.9740 416.1915 219.2240 356.3136 451.7917 -76.6290 0.0000 0.0000
160.03 15.07.2018 07.40.01 21.14248 295.5329 244.8253 0.3923 -3.4316 5.0985 460.2720 245.9358 358.3422 460.8346 -80.8584 0.0000 0.0000
170.03 15.07.2018 07.50.01 21.20114 295.9630 294.8270 0.4725 -3.4593 5.2423 471.0328 252.6404 360.4462 465.6712 -80.6560 0.0000 0.0000
180.03 15.07.2018 08.00.01 21.27056 296.3677 327.8295 0.5254 -3.5049 5.3737 482.3023 259.6590 362.5448 470.3768 -81.3104 0.0000 0.0000
190.03 15.07.2018 08.10.01 21.34783 296.8097 363.6870 0.5828 -3.5568 5.5196 484.2272 261.0945 364.7619 475.2726 -74.8067 0.0000 0.0000
200.03 15.07.2018 08.20.01 21.43295 297.2050 382.8303 0.6135 -3.6183 5.6425 487.1559 263.1500 366.7588 478.2765 -79.1161 0.0000 0.0000
210.03 15.07.2018 08.30.01 21.52355 297.3997 421.9608 0.6762 -3.6721 5.7977 488.1281 264.0062 368.7907 479.9705 -86.7612 0.0000 0.0000
220.03 15.07.2018 08.40.01 21.62286 297.4806 428.0920 0.6860 -3.7360 5.8960 489.7269 265.1585 370.7643 482.0692 -88.5317 0.0000 0.0000
230.03 15.07.2018 08.50.01 21.72466 297.5882 441.1669 0.7070 -3.7882 5.9936 490.7658 265.9755 372.7830 484.0917 -90.0316 0.0000 0.0000
240.03 15.07.2018 09.00.01 21.83044 297.8666 474.4410 0.7603 -3.8338 6.1256 491.2564 266.4378 374.9824 486.0523 -91.3996 0.0000 0.0000
250.03 15.07.2018 09.10.01 21.94396 298.1399 510.3251 0.8178 -3.8831 6.2680 488.7162 265.1877 376.8311 489.1857 -77.8975 0.0000 0.0000
260.03 15.07.2018 09.20.01 22.06674 299.1687 579.3432 0.9284 -3.9346 6.4840 500.0402 272.2014 378.5262 493.4666 -79.5557 0.0000 0.0000
270.03 15.07.2018 09.30.01 22.20446 298.8238 640.6406 1.0267 -4.0082 6.7132 498.0972 271.2438 379.6751 491.0884 -98.0616 0.0000 0.0000
280.03 15.07.2018 09.40.01 22.35552 298.8582 678.2144 1.0869 -4.1104 6.9297 497.7325 271.1190 381.5935 491.9721 -99.4841 0.0000 0.0000
290.03 15.07.2018 09.50.01 22.51376 298.8770 708.8226 1.1359 -4.2392 7.1668 497.1645 270.8563 383.7807 492.4137 -103.8224 0.0000 0.0000
300.03 15.07.2018 10.00.01 22.67806 298.8126 724.8777 1.1617 -4.3834 7.3934 495.3080 269.8285 385.2255 491.7061 -109.0534 0.0000 0.0000
310.03 15.07.2018 10.10.01 22.84579 299.0380 619.7217 0.9931 -4.5123 7.3405 497.0768 271.0573 386.2693 492.8304 -108.2025 0.0000 0.0000
320.03 15.07.2018 10.20.01 22.99722 299.2892 605.2397 0.9699 -4.5321 7.3361 496.4096 270.7872 387.5544 493.5917 -108.3071 0.0000 0.0000
330.03 15.07.2018 10.30.01 23.14703 299.4946 566.6255 0.9081 -4.5225 7.2408 493.7931 269.4171 388.5980 493.8288 -108.9463 0.0000 0.0000
340.03 15.07.2018 10.40.01 23.29159 299.6922 586.2450 0.9395 -4.4686 7.2108 492.9678 269.0163 389.5730 494.1532 -109.5154 0.0000 0.0000
350.03 15.07.2018 10.50.01 23.44094 299.8996 587.6458 0.9417 -4.4121 7.1385 490.9714 267.9447 390.5111 494.2654 -110.1032 0.0000 0.0000
360.03 15.07.2018 11.00.01 23.59161 300.1185 598.5226 0.9592 -4.3448 7.0720 487.9595 266.2596 391.2902 494.1766 -110.5085 0.0000 0.0000
370.03 15.07.2018 11.10.01 23.74517 300.2208 638.0155 1.0225 -4.2799 7.0698 483.0585 263.5349 392.2602 494.3871 -109.5050 0.0000 0.0000
380.03 15.07.2018 11.20.01 23.90563 300.3349 640.8024 1.0269 -4.2462 7.0309 477.1320 260.2228 393.1483 494.3975 -108.3345 0.0000 0.0000
390.03 15.07.2018 11.30.01 24.06686 300.4710 633.0274 1.0145 -4.2107 6.9669 470.4229 256.4606 393.8326 494.2049 -107.0131 0.0000 0.0000
400.03 15.07.2018 11.40.01 24.22723 300.5929 639.6807 1.0251 -4.1632 6.9178 464.8499 253.3034 394.3773 494.1134 -105.0169 0.0000 0.0000
410.03 15.07.2018 11.50.01 24.38922 300.6837 638.1100 1.0226 -4.1154 6.8506 458.6095 249.7594 394.7931 493.6662 -103.9249 0.0000 0.0000
420.03 15.07.2018 12.00.01 24.55123 300.7568 632.7400 1.0140 -4.0628 6.7691 451.0960 245.4625 395.1325 492.9099 -102.7595 0.0000 0.0000
430.03 15.07.2018 12.10.01 24.71255 300.9179 680.1263 1.0899 -4.0087 6.7982 443.2694 240.9894 395.8762 492.8649 -100.0365 0.0000 0.0000
440.03 15.07.2018 12.20.01 24.88125 300.9800 675.2071 1.0821 -3.9988 6.7745 437.2105 237.6169 396.1573 491.7703 -101.3801 0.0000 0.0000
450.03 15.07.2018 12.30.01 25.04937 301.1511 674.1100 1.0803 -3.9821 6.7498 433.4998 235.6535 395.9743 490.7563 -102.7593 0.0000 0.0000
460.03 15.07.2018 12.40.01 25.21807 301.5243 673.4608 1.0793 -3.9570 6.7150 430.2121 233.8915 395.8390 490.9230 -97.8728 0.0000 0.0000
470.03 15.07.2018 12.50.01 25.38787 301.6281 762.0999 1.2213 -3.9232 6.8593 429.6413 233.6250 396.1591 491.4332 -95.5819 0.0000 0.0000
480.03 15.07.2018 13.00.01 25.57272 301.7472 738.4550 1.1834 -3.9649 6.8644 425.5792 231.3673 396.1741 491.3788 -94.1307 0.0000 0.0000
490.03 15.07.2018 13.10.01 25.75283 301.8043 686.5521 1.1002 -3.9916 6.7892 418.6797 227.6195 395.9936 491.2307 -92.5203 0.0000 0.0000
500.03 15.07.2018 13.20.01 25.92309 301.8488 623.0912 0.9985 -3.9864 6.6466 410.2990 223.0340 395.6960 490.7210 -90.4930 0.0000 0.0000
510.03 15.07.2018 13.30.01 26.08096 301.8904 572.8922 0.9181 -3.9398 6.4772 401.1599 218.0144 395.2628 489.9605 -88.2789 0.0000 0.0000
520.03 15.07.2018 13.40.01 26.22878 301.9254 537.5023 0.8614 -3.8647 6.3014 392.3924 213.1805 394.7572 489.0846 -86.0108 0.0000 0.0000
530.03 15.07.2018 13.50.01 26.36929 301.9603 528.0248 0.8462 -3.7745 6.1609 383.9319 208.5041 394.2637 488.1758 -83.7611 0.0000 0.0000
540.03 15.07.2018 14.00.01 26.50686 301.9965 500.0766 0.8014 -3.6898 5.9883 374.0428 202.9955 393.6890 486.9953 -81.1774 0.0000 0.0000
550.03 15.07.2018 14.10.01 26.63882 302.0851 568.1891 0.9106 -3.5973 6.0105 345.1341 186.5065 393.8942 484.4425 -72.5260 0.0000 0.0000
560.03 15.07.2018 14.20.01 26.78124 302.1373 533.5448 0.8550 -3.5725 5.9034 324.7222 175.2152 393.7222 482.7715 -65.4529 0.0000 0.0000
570.03 15.07.2018 14.30.01 26.91693 302.2098 532.9506 0.8541 -3.5281 5.8429 306.2940 165.0789 393.6057 481.2828 -58.9695 0.0000 0.0000
580.03 15.07.2018 14.40.01 27.05181 302.2746 559.6497 0.8969 -3.4944 5.8550 286.6030 154.1737 393.7340 479.4515 -53.3196 0.0000 0.0000
590.03 15.07.2018 14.50.01 27.19055 302.3192 528.0252 0.8462 -3.4928 5.7854 266.8818 143.3117 393.6828 477.3810 -47.9770 0.0000 0.0000
600.03 15.07.2018 15.00.01 27.32284 302.3209 501.6992 0.8040 -3.4744 5.7045 247.6876 132.7740 393.4624 475.1065 -43.1379 0.0000 0.0000
610.03 15.07.2018 15.10.01 27.44879 302.2560 445.5979 0.7141 -3.4487 5.5505 235.7456 126.1286 392.6146 472.5157 -41.7830 0.0000 0.0000
620.03 15.07.2018 15.20.01 27.56417 302.1492 458.7233 0.7351 -3.3894 5.4994 225.8353 120.6229 391.8770 469.8050 -42.9864 0.0000 0.0000
630.03 15.07.2018 15.30.01 27.68038 301.9629 452.7371 0.7255 -3.3572 5.4437 213.3661 113.5852 391.0948 466.5092 -43.1863 0.0000 0.0000
640.03 15.07.2018 15.40.01 27.79437 301.7262 457.2901 0.7328 -3.3352 5.4240 204.8498 108.9339 390.3495 463.7496 -43.9988 0.0000 0.0000
650.03 15.07.2018 15.50.01 27.90774 301.4236 434.5716 0.6964 -3.3322 5.3715 188.8025 99.7884 389.4825 459.5130 -44.1372 0.0000 0.0000
660.03 15.07.2018 16.00.01 28.01562 301.1703 412.8665 0.6616 -3.3247 5.3152 178.5870 94.1450 388.5004 456.0277 -44.4314 0.0000 0.0000
670.03 15.07.2018 16.10.01 28.11791 300.9933 248.9806 0.3990 -3.3179 4.9559 168.6727 88.7966 386.3223 452.7510 -40.7699 0.0000 0.0000
680.03 15.07.2018 16.20.01 28.18994 300.8181 165.2270 0.2648 -3.1938 4.6114 157.3274 82.5792 384.1325 449.2858 -37.6498 0.0000 0.0000
690.03 15.07.2018 16.30.01 28.24517 300.6449 136.2423 0.2183 -3.0264 4.3263 148.3487 77.7370 381.9597 446.1987 -35.1897 0.0000 0.0000
700.03 15.07.2018 16.40.01 28.29370 300.4731 296.2780 0.4748 -2.8649 4.4529 142.5428 74.5015 379.7512 443.5263 -33.1626 0.0000 0.0000
710.03 15.07.2018 16.50.01 28.36718 300.2762 354.5239 0.5681 -2.8667 4.5798 135.4265 70.4786 377.5470 440.6803 -31.3254 0.0000 0.0000
720.03 15.07.2018 17.00.01 28.44903 300.0772 352.5019 0.5649 -2.9366 4.6687 128.9923 66.8936 375.2130 437.9196 -29.8833 0.0000 0.0000
730.03 15.07.2018 17.10.01 28.52923 299.8307 382.6115 0.6132 -3.0218 4.8466 123.3052 63.6608 373.4457 435.3658 -28.4414 0.0000 0.0000
740.03 15.07.2018 17.20.01 28.61309 299.5879 375.6839 0.6021 -3.1492 5.0016 118.9687 61.2550 371.7607 433.0612 -27.4205 0.0000 0.0000
750.03 15.07.2018 17.30.01 28.69433 299.3460 336.7230 0.5396 -3.2853 5.0999 111.3822 56.9425 370.0239 430.3138 -25.9949 0.0000 0.0000
760.03 15.07.2018 17.40.01 28.76751 299.1081 285.9876 0.4583 -3.4035 5.1490 105.8443 53.9578 368.3245 427.9590 -24.9688 0.0000 0.0000
770.03 15.07.2018 17.50.01 28.83041 298.8716 224.9947 0.3606 -3.4950 5.1408 94.3931 48.0133 366.6351 425.4334 -23.7500 0.0000 0.0000
780.03 15.07.2018 18.00.01 28.88119 298.6340 166.6534 0.2671 -3.5521 5.0923 88.4226 44.8112 364.8870 422.7948 -22.3800 0.0000 0.0000
790.03 15.07.2018 18.10.01 28.91967 298.1059 25.2605 0.0405 -3.5820 4.8299 79.9550 40.4532 363.1403 419.8272 -22.2633 0.0000 0.0000
800.03 15.07.2018 18.20.01 28.93099 297.5740 -117.9177 -0.1890 -3.5222 4.4443 69.9596 35.2722 361.2393 416.5821 -21.6585 0.0000 0.0000
810.03 15.07.2018 18.30.01 28.91454 297.0383 -250.1599 -0.4009 -3.3736 3.9636 59.3951 29.8229 359.2511 413.2011 -20.8427 0.0000 0.0000
820.03 15.07.2018 18.40.01 28.87151 296.5061 -522.2952 -0.8370 -3.1464 3.0791 42.5597 21.2255 357.2857 409.3973 -19.2089 0.0000 0.0000
830.03 15.07.2018 18.50.01 28.77755 295.9683 -897.2844 -1.4380 -2.7231 1.7136 27.3532 13.8871 355.2550 405.6188 -17.5772 0.0000 0.0000
840.03 15.07.2018 19.00.01 28.61624 295.4316 -894.0551 -1.4328 -2.0229 0.7869 13.1741 6.8238 353.2147 401.8240 -15.8472 0.0000 0.0000
850.03 15.07.2018 19.10.01 28.45260 294.7931 -579.2545 -0.9283 -1.3732 0.5932 9.5503 4.8942 351.2701 398.4118 -15.2393 0.0000 0.0000
860.03 15.07.2018 19.20.01 28.33978 294.1656 -407.4738 -0.6530 -1.0295 0.5020 7.8294 3.9905 349.5484 395.4405 -15.1518 0.0000 0.0000
870.03 15.07.2018 19.30.01 28.25454 293.5421 -335.5751 -0.5378 -0.8544 0.4222 6.3200 3.2045 347.9288 392.6627 -15.2073 0.0000 0.0000
880.03 15.07.2018 19.40.01 28.18011 292.9261 -367.2858 -0.5886 -0.7556 0.2227 4.1933 2.1684 346.3636 390.0112 -15.1503 0.0000 0.0000
890.03 15.07.2018 19.50.01 28.09933 292.3087 -343.0266 -0.5497 -0.6426 0.1238 2.2256 1.1562 344.8211 387.4688 -15.1622 0.0000 0.0000
900.03 15.07.2018 20.00.01 28.02151 291.6976 -341.3489 -0.5470 -0.5632 0.0215 0.3275 0.1796 343.2977 385.0267 -15.1779 0.0000 0.0000
910.03 15.07.2018 20.10.01 27.94323 291.2728 -307.7598 -0.4932 -0.4961 0.0039 0.0590 0.0323 341.7648 382.9389 -14.6446 0.0000 0.0000
920.03 15.07.2018 20.20.01 27.87002 290.8672 -290.7798 -0.4660 -0.4665 0.0007 0.0107 0.0059 340.3062 381.0295 -14.2147 0.0000 0.0000
930.03 15.07.2018 20.30.01 27.79913 290.4743 -286.3364 -0.4589 -0.4590 0.0001 0.0019 0.0011 338.8774 379.2221 -13.9042 0.0000 0.0000
940.03 15.07.2018 20.40.01 27.72827 290.0851 -288.3847 -0.4622 -0.4622 0.0000 0.0003 0.0002 337.4597 377.4807 -13.6874 0.0000 0.0000
950.03 15.07.2018 20.50.01 27.65637 289.6619 -294.8823 -0.4726 -0.4726 0.0000 0.0001 0.0000 336.0439 375.7544 -13.7151 0.0000 0.0000
960.03 15.07.2018 21.00.01 27.58254 289.2416 -303.0534 -0.4857 -0.4857 0.0000 0.0000 0.0000 334.6437 374.0759 -13.7892 0.0000 0.0000
970.03 15.07.2018 21.10.01 27.50665 289.1344 -311.4207 -0.4991 -0.4991 0.0000 0.0000 0.0000 333.4582 372.8405 -12.1036 0.0000 0.0000
980.03 15.07.2018 21.20.01 27.42910 288.5421 -316.4045 -0.5071 -0.5071 0.0000 0.0000 0.0000 332.0908 371.0364 -13.8369 0.0000 0.0000
990.03 15.07.2018 21.30.01 27.34960 288.4337 -327.0639 -0.5241 -0.5241 0.0000 0.0000 0.0000 331.0849 369.5108 -14.8168 0.0000 0.0000
1000.03 15.07.2018 21.40.01 27.26782 288.4338 -334.2958 -0.5357 -0.5357 0.0000 0.0000 0.0000 330.1492 368.6672 -12.1993 0.0000 0.0000
1010.03 15.07.2018 21.50.01 27.18435 287.8735 -343.8187 -0.5510 -0.5510 0.0000 0.0000 0.0000 328.6371 367.1778 -12.9170 0.0000 0.0000
1020.03 15.07.2018 22.00.01 27.09738 287.5870 -360.5834 -0.5779 -0.5779 0.0000 0.0000 0.0000 327.5147 365.6819 -14.2577 0.0000 0.0000
1030.03 15.07.2018 22.10.01 27.00643 287.4046 -375.7070 -0.6021 -0.6021 0.0000 0.0000 0.0000 326.7484 364.5369 -13.8323 0.0000 0.0000
1040.03 15.07.2018 22.20.01 26.91219 287.2767 -386.8307 -0.6199 -0.6199 0.0000 0.0000 0.0000 326.0475 363.5229 -13.2950 0.0000 0.0000
1050.03 15.07.2018 22.30.01 26.81555 287.1147 -395.9681 -0.6346 -0.6346 0.0000 0.0000 0.0000 325.3588 362.4896 -13.0892 0.0000 0.0000
1060.03 15.07.2018 22.40.01 26.71676 286.9507 -404.3214 -0.6480 -0.6480 0.0000 0.0000 0.0000 324.6903 361.4841 -12.9637 0.0000 0.0000
1070.03 15.07.2018 22.50.01 26.61593 286.7862 -412.1527 -0.6605 -0.6605 0.0000 0.0000 0.0000 324.0433 360.5051 -12.8971 0.0000 0.0000
1080.03 15.07.2018 23.00.01 26.51324 286.6058 -419.5486 -0.6724 -0.6724 0.0000 0.0000 0.0000 323.4325 359.5372 -12.9323 0.0000 0.0000
1090.03 15.07.2018 23.10.01 26.40884 286.4833 -425.8190 -0.6824 -0.6824 0.0000 0.0000 0.0000 323.0229 358.6331 -12.7615 0.0000 0.0000
1100.03 15.07.2018 23.20.01 26.30294 286.3525 -432.5879 -0.6933 -0.6933 0.0000 0.0000 0.0000 322.5243 357.5700 -13.6137 0.0000 0.0000
1110.03 15.07.2018 23.30.01 26.19537 286.0552 -438.8770 -0.7033 -0.7033 0.0000 0.0000 0.0000 321.9789 356.2615 -15.2967 0.0000 0.0000
1120.03 15.07.2018 23.40.01 26.08651 286.1247 -439.9375 -0.7050 -0.7050 0.0000 0.0000 0.0000 321.5941 356.0152 -12.5205 0.0000 0.0000
1130.03 15.07.2018 23.50.01 25.97885 286.2683 -431.8817 -0.6921 -0.6921 0.0000 0.0000 0.0000 321.1353 355.6473 -10.8712 0.0000 0.0000
1140.03 16.07.2018 00.00.01 25.87264 286.0929 -429.0450 -0.6876 -0.6876 0.0000 0.0000 0.0000 320.4892 354.7362 -11.8782 0.0000 0.0000
1150.03 16.07.2018 00.10.01 25.76574 286.0488 -437.1192 -0.7005 -0.7005 0.0000 0.0000 0.0000 320.0514 354.1122 -11.4407 0.0000 0.0000
1160.03 16.07.2018 00.20.01 25.65707 286.0410 -443.0543 -0.7100 -0.7100 0.0000 0.0000 0.0000 319.7214 353.5699 -10.9441 0.0000 0.0000
1170.03 16.07.2018 00.30.01 25.54720 286.0234 -446.2841 -0.7152 -0.7152 0.0000 0.0000 0.0000 319.4267 353.0448 -10.5497 0.0000 0.0000
1180.03 16.07.2018 00.40.01 25.43661 286.0053 -448.1293 -0.7182 -0.7182 0.0000 0.0000 0.0000 319.1565 352.5484 -10.1663 0.0000 0.0000
1190.03 16.07.2018 00.50.01 25.32583 285.9060 -450.1187 -0.7213 -0.7213 0.0000 0.0000 0.0000 318.8698 351.9680 -10.1234 0.0000 0.0000
1200.03 16.07.2018 01.00.01 25.21450 285.9023 -450.7472 -0.7224 -0.7224 0.0000 0.0000 0.0000 318.6080 351.5089 -9.7161 0.0000 0.0000
1210.03 16.07.2018 01.10.01 25.10305 285.8171 -450.7335 -0.7223 -0.7223 0.0000 0.0000 0.0000 318.2347 351.0632 -9.2479 0.0000 0.0000
1220.03 16.07.2018 01.20.01 24.99218 285.7209 -449.9948 -0.7211 -0.7211 0.0000 0.0000 0.0000 317.8546 350.5993 -8.8569 0.0000 0.0000
1230.03 16.07.2018 01.30.01 24.88140 285.5988 -447.2750 -0.7168 -0.7168 0.0000 0.0000 0.0000 317.4607 350.1095 -8.6469 0.0000 0.0000
1240.03 16.07.2018 01.40.01 24.77145 285.5022 -445.6006 -0.7141 -0.7141 0.0000 0.0000 0.0000 317.0858 349.6846 -8.2405 0.0000 0.0000
1250.03 16.07.2018 01.50.01 24.66195 285.4699 -441.9597 -0.7083 -0.7083 0.0000 0.0000 0.0000 316.7229 349.3216 -7.6476 0.0000 0.0000
1260.03 16.07.2018 02.00.01 24.55346 285.3948 -438.1032 -0.7021 -0.7021 0.0000 0.0005 0.0003 316.3652 348.8997 -7.4440 0.0000 0.0000
1270.03 16.07.2018 02.10.01 24.44561 285.4066 -428.2563 -0.6863 -0.6979 0.0154 0.3299 0.1735 316.1186 348.5440 -7.2557 0.0000 0.0000
1280.03 16.07.2018 02.20.01 24.33947 285.0873 -421.5129 -0.6755 -0.7010 0.0340 0.7091 0.3740 315.6285 347.8357 -8.3348 0.0000 0.0000
1290.03 16.07.2018 02.30.01 24.23437 284.9444 -420.2166 -0.6734 -0.7133 0.0532 1.0964 0.5791 315.3117 347.1314 -9.3705 0.0000 0.0000
1300.03 16.07.2018 02.40.01 24.12927 285.0738 -421.3068 -0.6752 -0.7295 0.0724 1.4853 0.7850 315.0963 347.0303 -8.1129 0.0000 0.0000
1310.03 16.07.2018 02.50.01 24.02355 284.7927 -427.2635 -0.6847 -0.7535 0.0917 1.8745 0.9911 314.6411 346.3999 -8.9790 0.0000 0.0000
1320.03 16.07.2018 03.00.01 23.91543 284.4770 -438.7847 -0.7032 -0.7865 0.1111 2.2667 1.1987 314.1797 345.5713 -10.3933 0.0000 0.0000
1330.03 16.07.2018 03.10.01 23.80508 284.6093 -406.0184 -0.6507 -0.8113 0.2142 4.4465 2.3462 314.1027 345.4899 -9.4457 0.0000 0.0000
1340.03 16.07.2018 03.20.01 23.70107 284.7701 -376.8714 -0.6040 -0.8548 0.3345 6.8966 3.6425 314.1812 345.5953 -8.5994 0.0000 0.0000
1350.03 16.07.2018 03.30.01 23.60305 284.9380 -355.0423 -0.5690 -0.9123 0.4578 9.3914 4.9632 314.3238 345.8021 -7.8498 0.0000 0.0000
1360.03 16.07.2018 03.40.01 23.50976 285.1091 -337.8526 -0.5414 -0.9777 0.5816 11.8947 6.2886 314.5000 346.0851 -7.1895 0.0000 0.0000
1370.03 16.07.2018 03.50.01 23.42037 285.2845 -323.4230 -0.5183 -1.0475 0.7056 14.3994 7.6148 314.7041 346.4357 -6.5896 0.0000 0.0000
1380.03 16.07.2018 04.00.01 23.33431 285.4645 -310.5070 -0.4976 -1.1198 0.8296 16.9040 8.9409 314.9344 346.8459 -6.0384 0.0000 0.0000
1390.03 16.07.2018 04.10.01 23.25149 286.2458 -300.5099 -0.4816 -1.1884 0.9425 19.1726 10.1430 316.4777 348.0552 -3.5479 0.0000 0.0000
1400.03 16.07.2018 04.20.01 23.17254 287.0869 -281.4363 -0.4510 -1.2408 1.0531 21.4055 11.3254 318.1491 349.4849 -0.5366 0.0000 0.0000
1410.03 16.07.2018 04.30.01 23.09893 287.8094 -258.5839 -0.4144 -1.2869 1.1633 23.6325 12.5045 319.8335 351.0393 2.7583 0.0000 0.0000
1420.03 16.07.2018 04.40.01 23.03106 288.6066 -235.0090 -0.3766 -1.3317 1.2735 25.8583 13.6830 321.5902 352.6790 3.9504 0.0000 0.0000
1430.03 16.07.2018 04.50.01 22.96978 289.3958 -13.5682 -0.0217 -1.3780 1.8084 29.7551 15.4640 323.3804 354.3974 5.6936 0.0000 0.0000
1440.03 16.07.2018 05.00.01 22.94729 290.0853 -137.1041 -0.2197 -1.5943 1.8328 61.6425 31.6349 325.6418 357.0739 7.9669 0.0000 0.0000
1450.03 16.07.2018 05.10.01 22.91183 290.6838 1310.0078 2.0994 -1.6796 5.0386 216.1262 108.7963 327.5056 364.7561 1.8056 0.0000 0.0000
1460.03 16.07.2018 05.20.01 23.13052 291.4961 2637.3496 4.2265 -2.9650 9.5887 396.4053 200.3909 331.7841 381.7303 -11.0684 0.0000 0.0000
1470.03 16.07.2018 05.30.01 23.58230 292.3903 2498.2312 4.0036 -5.2856 12.3856 586.1794 299.0317 337.1247 404.8122 -30.8326 0.0000 0.0000
1480.03 16.07.2018 05.40.01 24.02126 293.1111 2391.1790 3.8320 -7.3603 14.9232 560.3677 284.7753 342.5533 418.3326 -47.1007 0.0000 0.0000
1490.03 16.07.2018 05.50.01 24.44650 293.7588 1363.8723 2.1857 -9.2451 15.2411 536.2034 273.2147 345.0173 426.7756 -61.6399 0.0000 0.0000
1500.03 16.07.2018 06.00.01 24.70266 294.3906 1335.5621 2.1403 -10.1919 16.4429 520.6771 266.1672 346.9994 433.9117 -75.8718 0.0000 0.0000
1510.03 16.07.2018 06.10.01 24.94723 294.7675 -771.9597 -1.2371 -11.0930 13.1412 488.9950 250.9361 348.4814 436.9008 -76.2581 0.0000 0.0000
1520.03 16.07.2018 06.20.01 24.83016 295.1345 -1599.8009 -2.5638 -10.1994 10.1808 459.3524 236.6714 350.0000 439.2593 -75.6322 0.0000 0.0000
1530.03 16.07.2018 06.30.01 24.56558 295.5088 -1897.8538 -3.0414 -8.6604 7.4919 430.8734 222.8963 351.7480 440.8129 -74.2600 0.0000 0.0000
1540.03 16.07.2018 06.40.01 24.24429 295.9118 -1922.5729 -3.0810 -6.9327 5.1355 410.1843 213.0272 353.6954 442.1945 -72.0162 0.0000 0.0000
1550.03 16.07.2018 06.50.01 23.91708 296.3432 -1102.2252 -1.7664 -5.2388 4.6299 405.6249 211.4394 355.8134 444.9802 -71.8180 0.0000 0.0000
1560.03 16.07.2018 07.00.01 23.72897 296.7498 -438.4082 -0.7026 -4.2780 4.7673 405.2055 211.8458 357.9100 447.9136 -72.0807 0.0000 0.0000
1570.03 16.07.2018 07.10.01 23.65508 297.1099 -150.4480 -0.2411 -3.8805 4.8525 407.7458 213.7550 360.0912 450.8037 -72.1458 0.0000 0.0000
1580.03 16.07.2018 07.20.01 23.63281 297.4672 10.7041 0.0172 -3.7062 4.9645 410.2362 215.6132 362.3100 453.8333 -71.7182 0.0000 0.0000
1590.03 16.07.2018 07.30.01 23.64077 297.8231 102.3719 0.1641 -3.6411 5.0735 412.1754 217.1418 364.5925 456.8342 -71.0189 0.0000 0.0000
1600.03 16.07.2018 07.40.01 23.66723 298.1840 168.7437 0.2704 -3.6253 5.1942 456.1726 243.7573 366.8453 466.2438 -75.5692 0.0000 0.0000
1610.03 16.07.2018 07.50.01 23.70748 298.5951 219.6839 0.3521 -3.6368 5.3185 467.2990 250.6472 369.1776 471.5609 -75.2956 0.0000 0.0000
1620.03 16.07.2018 08.00.01 23.75900 298.9723 240.6327 0.3856 -3.6649 5.4007 478.5300 257.6310 371.4277 476.6827 -75.8012 0.0000 0.0000
1630.03 16.07.2018 08.10.01 23.81652 299.1908 294.0281 0.4712 -3.6850 5.5416 482.0439 259.9319 373.4804 479.4613 -81.2233 0.0000 0.0000
1640.03 16.07.2018 08.20.01 23.88503 299.3849 310.8824 0.4982 -3.7284 5.6354 486.1795 262.6416 375.3657 481.9424 -86.2852 0.0000 0.0000
1650.03 16.07.2018 08.30.01 23.95852 299.5781 353.3374 0.5662 -3.7641 5.7738 488.6409 264.3123 377.3641 483.9510 -90.6830 0.0000 0.0000
1660.03 16.07.2018 08.40.01 24.04119 299.7963 375.6430 0.6020 -3.8132 5.8869 491.8814 266.3715 379.3289 486.3006 -91.9125 0.0000 0.0000
1670.03 16.07.2018 08.50.01 24.12972 300.0123 386.1709 0.6189 -3.8582 5.9694 494.0875 267.8331 381.2161 488.4788 -93.1246 0.0000 0.0000
1680.03 16.07.2018 09.00.01 24.22192 299.9183 370.6017 0.5939 -3.8909 5.9798 493.9194 267.9250 382.7512 489.6829 -96.4139 0.0000 0.0000
1690.03 16.07.2018 09.10.01 24.31307 300.0630 467.5314 0.7492 -3.8974 6.1955 495.3654 268.8732 384.3428 490.9118 -100.1252 0.0000 0.0000
1700.03 16.07.2018 09.20.01 24.42272 300.1840 534.5312 0.8566 -3.9628 6.4259 510.0240 277.7370 386.0195 493.8742 -105.6325 0.0000 0.0000
1710.03 16.07.2018 09.30.01 24.54632 300.2976 586.6913 0.9402 -4.0572 6.6632 511.0529 278.4172 387.7232 495.1387 -107.9370 0.0000 0.0000
1720.03 16.07.2018 09.40.01 24.68148 300.3925 623.5035 0.9992 -4.1666 6.8877 513.2669 279.7167 389.2787 496.2924 -110.1303 0.0000 0.0000
1730.03 16.07.2018 09.50.01 24.82559 300.4890 667.2091 1.0692 -4.2780 7.1296 515.2445 280.8610 390.8225 497.3557 -112.3663 0.0000 0.0000
1740.03 16.07.2018 10.00.01 24.97964 300.5920 689.2102 1.1045 -4.3990 7.3380 515.4417 280.9635 392.2195 498.0871 -114.3043 0.0000 0.0000
1750.03 16.07.2018 10.10.01 25.13998 300.7890 776.3441 1.2441 -4.5154 7.6794 510.8958 278.5868 394.0635 500.3082 -109.6253 0.0000 0.0000
1760.03 16.07.2018 10.20.01 25.31686 301.0311 818.0917 1.3110 -4.6865 7.9967 502.4145 273.8670 396.0152 501.4885 -106.8164 0.0000 0.0000
1770.03 16.07.2018 10.30.01 25.50262 301.1770 789.7725 1.2657 -4.8710 8.1823 491.3135 267.6764 397.1193 501.3519 -105.7719 0.0000 0.0000
1780.03 16.07.2018 10.40.01 25.68554 301.3889 820.0585 1.3142 -5.0096 8.4318 483.4705 263.2597 398.2269 502.0809 -100.8963 0.0000 0.0000
1790.03 16.07.2018 10.50.01 25.87649 301.7029 837.0475 1.3414 -5.1466 8.6507 474.7011 258.3100 399.2735 502.7844 -96.2721 0.0000 0.0000
1800.03 16.07.2018 11.00.01 26.07302 302.0885 864.5594 1.3855 -5.2672 8.8702 465.0743 252.8442 400.2656 503.4834 -91.1426 0.0000 0.0000
1810.03 16.07.2018 11.10.01 26.27523 302.1229 702.4526 1.1257 -5.3953 8.6948 466.1603 253.4563 401.3222 506.1397 -84.8015 0.0000 0.0000
1820.03 16.07.2018 11.20.01 26.44921 301.9776 644.9339 1.0335 -5.3962 8.5730 467.6797 254.2868 402.0979 506.7776 -88.0996 0.0000 0.0000
1830.03 16.07.2018 11.30.01 26.61266 301.9538 623.6086 0.9994 -5.3450 8.4591 468.8898 254.9256 402.0056 505.9073 -95.5078 0.0000 0.0000
1840.03 16.07.2018 11.40.01 26.77282 302.2299 631.0793 1.0113 -5.2737 8.3801 470.8676 255.9660 402.7560 509.2640 -87.7704 0.0000 0.0000
1850.03 16.07.2018 11.50.01 26.93408 302.2262 620.2318 0.9940 -5.2087 8.2702 471.8465 256.4308 403.3814 510.7264 -92.6908 0.0000 0.0000
1860.03 16.07.2018 12.00.01 27.09341 302.1837 608.1603 0.9746 -5.1342 8.1451 471.3960 256.0502 403.4700 509.3225 -103.9805 0.0000 0.0000
1870.03 16.07.2018 12.10.01 27.25125 302.2602 727.7026 1.1662 -5.0530 8.2923 460.8381 250.0801 403.7249 508.3427 -103.0126 0.0000 0.0000
1880.03 16.07.2018 12.20.01 27.42925 302.3128 715.5757 1.1468 -5.0737 8.2940 450.5061 244.3568 403.5753 506.9556 -102.2576 0.0000 0.0000
1890.03 16.07.2018 12.30.01 27.60528 302.3591 701.4675 1.1241 -5.0851 8.2790 442.1434 239.8275 403.2189 505.6010 -101.8544 0.0000 0.0000
1900.03 16.07.2018 12.40.01 27.77853 302.3898 687.6146 1.1019 -5.0854 8.2498 434.1254 235.4572 402.8002 504.1344 -101.3278 0.0000 0.0000
1910.03 16.07.2018 12.50.01 27.94940 302.4050 755.5895 1.2109 -5.0790 8.3865 428.5931 232.4535 402.7688 502.9686 -101.3355 0.0000 0.0000
1920.03 16.07.2018 13.00.01 28.13174 302.4046 726.5873 1.1644 -5.1312 8.3941 419.8321 227.6093 402.5505 501.2010 -100.8158 0.0000 0.0000
1930.03 16.07.2018 13.10.01 28.30978 302.3018 884.5006 1.4175 -5.1648 8.7764 405.4776 219.5836 402.6810 499.3335 -97.3800 0.0000 0.0000
1940.03 16.07.2018 13.20.01 28.51458 302.2123 904.6682 1.4498 -5.3342 9.0453 388.9486 210.3386 402.5213 496.9315 -93.6703 0.0000 0.0000
1950.03 16.07.2018 13.30.01 28.72302 302.1673 916.2673 1.4684 -5.5204 9.3184 372.3978 201.0785 402.2296 494.4156 -89.9771 0.0000 0.0000
1960.03 16.07.2018 13.40.01 28.93344 302.1265 915.4356 1.4670 -5.7170 9.5787 355.4339 191.5874 401.8244 491.6889 -86.2829 0.0000 0.0000
1970.03 16.07.2018 13.50.01 29.14355 302.0933 915.7099 1.4675 -5.9146 9.8428 338.5608 182.1480 401.1778 488.7836 -82.6297 0.0000 0.0000
1980.03 16.07.2018 14.00.01 29.35336 302.0402 918.4389 1.4719 -6.1159 10.1170 321.7092 172.7131 400.5482 485.7694 -78.9790 0.0000 0.0000
1990.03 16.07.2018 14.10.01 29.56225 301.9572 683.7155 1.0957 -6.3202 9.8878 304.3288 162.9233 399.5770 481.8075 -77.1974 0.0000 0.0000
2000.03 16.07.2018 14.20.01 29.72967 301.8690 580.8847 0.9309 -6.3349 9.6877 292.4339 156.4039 398.4478 478.6378 -75.5760 0.0000 0.0000
2010.03 16.07.2018 14.30.01 29.87777 301.7892 537.7481 0.8618 -6.2809 9.5235 281.6511 150.5237 397.3577 475.7107 -73.5728 0.0000 0.0000
2020.03 16.07.2018 14.40.01 30.01675 301.7154 521.7782 0.8362 -6.2108 9.3960 270.3415 144.3169 396.3773 472.8264 -71.1285 0.0000 0.0000
2030.03 16.07.2018 14.50.01 30.15115 301.6456 485.0855 0.7774 -6.1458 9.2309 259.0087 138.1242 395.3339 470.0220 -68.4250 0.0000 0.0000
2040.03 16.07.2018 15.00.01 30.27752 301.5768 452.8406 0.7257 -6.0692 9.0598 247.0779 131.5767 394.2479 467.1799 -65.5183 0.0000 0.0000
2050.03 16.07.2018 15.10.01 30.39541 301.5389 232.2205 0.3721 -5.9880 8.4802 241.3049 128.5067 392.7792 464.9981 -61.4729 0.0000 0.0000
2060.03 16.07.2018 15.20.01 30.47393 301.5055 143.9054 0.2306 -5.7402 7.9610 235.4890 125.3652 391.5080 463.0464 -57.7969 0.0000 0.0000
2070.03 16.07.2018 15.30.01 30.53472 301.4762 85.1686 0.1365 -5.4439 7.4405 227.3126 120.8081 390.2924 460.8236 -54.7400 0.0000 0.0000
2080.03 16.07.2018 15.40.01 30.58297 301.4467 50.7380 0.0813 -5.1252 6.9420 222.8920 118.4076 389.1847 459.2170 -51.9390 0.0000 0.0000
2090.03 16.07.2018 15.50.01 30.62289 301.4215 12.6228 0.0202 -4.8047 6.4332 210.8428 111.4375 388.0993 456.5291 -48.4692 0.0000 0.0000
2100.03 16.07.2018 16.00.01 30.65386 301.3977 -24.9157 -0.0399 -4.4781 5.9176 202.7432 106.8436 386.9944 454.4520 -45.5800 0.0000 0.0000
2110.03 16.07.2018 16.10.01 30.67654 301.2578 48.4846 0.0777 -4.1471 5.6331 191.5488 100.8581 385.8698 452.5832 -43.8168 0.0000 0.0000
2120.03 16.07.2018 16.20.01 30.70919 301.1175 35.5544 0.0570 -3.9067 5.2849 177.4275 93.1645 384.5676 450.0545 -41.4316 0.0000 0.0000
2130.03 16.07.2018 16.30.01 30.73748 300.9649 28.0764 0.0450 -3.6806 4.9674 165.8288 86.9623 383.2013 447.7278 -39.2908 0.0000 0.0000
2140.03 16.07.2018 16.40.01 30.76309 300.8042 218.2238 0.3497 -3.4727 5.0966 157.2041 82.2673 381.7069 445.6499 -37.8261 0.0000 0.0000
2150.03 16.07.2018 16.50.01 30.81939 300.6400 271.6302 0.4353 -3.4499 5.1802 146.9976 76.6565 380.2166 443.2452 -36.0065 0.0000 0.0000
2160.03 16.07.2018 17.00.01 30.88333 300.4711 249.5410 0.3999 -3.4885 5.1846 137.3259 71.4263 378.5802 440.8368 -34.1055 0.0000 0.0000
2170.03 16.07.2018 17.10.01 30.94225 300.2399 256.1423 0.4105 -3.5244 5.2466 129.2751 66.9922 377.1230 438.3896 -32.4225 0.0000 0.0000
2180.03 16.07.2018 17.20.01 31.00070 300.0101 233.8298 0.3747 -3.5830 5.2770 122.5856 63.3981 375.7281 436.1836 -30.9716 0.0000 0.0000
2190.03 16.07.2018 17.30.01 31.05374 299.7809 178.6057 0.2862 -3.6395 5.2343 113.0114 58.1287 374.2801 433.5566 -29.1038 0.0000 0.0000
2200.03 16.07.2018 17.40.01 31.09554 299.5511 94.9634 0.1522 -3.6662 5.0912 104.4173 53.6293 372.8588 431.2216 -27.4355 0.0000 0.0000
2210.03 16.07.2018 17.50.01 31.12115 299.3210 2.9730 0.0048 -3.6409 4.8609 91.0747 46.7583 371.4272 428.6970 -25.4481 0.0000 0.0000
2220.03 16.07.2018 18.00.01 31.12890 299.0887 -86.6376 -0.1388 -3.5581 4.5590 81.9583 42.0127 369.9456 426.0588 -23.2725 0.0000 0.0000
2230.03 16.07.2018 18.10.01 31.11917 298.7065 -156.8943 -0.2514 -3.4230 4.2288 73.1457 37.4305 368.2490 423.3289 -21.3638 0.0000 0.0000
2240.03 16.07.2018 18.20.01 31.09484 298.3396 -240.1919 -0.3849 -3.2543 3.8258 63.6307 32.4819 366.4832 420.5327 -19.3823 0.0000 0.0000
2250.03 16.07.2018 18.30.01 31.05374 297.9854 -325.6299 -0.5218 -3.0410 3.3589 53.4804 27.2012 364.6841 417.6491 -17.3568 0.0000 0.0000
2260.03 16.07.2018 18.40.01 30.99502 297.6362 -517.5437 -0.8294 -2.7814 2.6027 39.0227 19.7744 362.9210 414.4642 -14.9729 0.0000 0.0000
2270.03 16.07.2018 18.50.01 30.90014 297.2035 -777.3147 -1.2457 -2.3869 1.5216 25.7414 13.2420 361.1627 411.2409 -12.9328 0.0000 0.0000
2280.03 16.07.2018 19.00.01 30.75814 296.8390 -781.4017 -1.2522 -1.8052 0.7373 13.0895 6.8623 359.3930 408.0309 -10.8252 0.0000 0.0000
2290.03 16.07.2018 19.10.01 30.61315 296.0744 -526.4383 -0.8437 -1.2598 0.5549 9.7740 5.0893 357.7506 404.8748 -11.3514 0.0000 0.0000
2300.03 16.07.2018 19.20.01 30.50854 295.3270 -393.5367 -0.6307 -0.9736 0.4573 7.8948 4.0968 356.2711 402.0588 -12.2573 0.0000 0.0000
2310.03 16.07.2018 19.30.01 30.42404 294.5861 -346.2489 -0.5549 -0.8328 0.3705 6.2020 3.2074 354.8171 399.2530 -13.5513 0.0000 0.0000
2320.03 16.07.2018 19.40.01 30.34524 293.8566 -371.2129 -0.5949 -0.7579 0.2173 4.1734 2.1837 353.3719 396.4992 -14.7456 0.0000 0.0000
2330.03 16.07.2018 19.50.01 30.26034 293.1401 -369.5907 -0.5923 -0.6828 0.1206 2.2356 1.1743 351.9388 393.7781 -16.1312 0.0000 0.0000
2340.03 16.07.2018 20.00.01 30.17388 292.5433 -382.7580 -0.6134 -0.6299 0.0221 0.3384 0.1857 350.5510 391.2339 -17.1656 0.0000 0.0000
2350.03 16.07.2018 20.10.01 30.08367 292.6996 -362.0352 -0.5802 -0.5831 0.0039 0.0597 0.0327 351.5280 389.9543 -16.0573 0.0000 0.0000
2360.03 16.07.2018 20.20.01 29.99630 292.3865 -349.5682 -0.5602 -0.5607 0.0007 0.0109 0.0060 352.7243 388.3975 -17.0282 0.0000 0.0000
2370.03 16.07.2018 20.30.01 29.91082 292.1137 -344.4125 -0.5519 -0.5520 0.0001 0.0020 0.0011 353.8593 387.0133 -17.8999 0.0000 0.0000
2380.03 16.07.2018 20.40.01 29.82583 291.9162 -343.2401 -0.5501 -0.5501 0.0000 0.0004 0.0002 355.0158 385.8110 -18.6289 0.0000 0.0000
2390.03 16.07.2018 20.50.01 29.74072 291.7407 -344.0181 -0.5513 -0.5513 0.0000 0.0001 0.0000 356.1998 384.7586 -19.3289 0.0000 0.0000
2400.03 16.07.2018 21.00.01 29.65548 291.5655 -347.1263 -0.5563 -0.5563 0.0000 0.0000 0.0000 357.3959 383.8137 -20.0629 0.0000 0.0000
2410.03 16.07.2018 21.10.01 29.56957 291.8949 -346.1993 -0.5548 -0.5548 0.0000 0.0000 0.0000 357.2657 383.7046 -16.6797 0.0000 0.0000
2420.03 16.07.2018 21.20.01 29.48501 292.2559 -338.2829 -0.5421 -0.5421 0.0000 0.0000 0.0000 357.2196 383.7541 -13.5794 0.0000 0.0000
2430.03 16.07.2018 21.30.01 29.40280 292.6487 -327.7112 -0.5252 -0.5252 0.0000 0.0000 0.0000 357.2620 383.9302 -10.6884 0.0000 0.0000
2440.03 16.07.2018 21.40.01 29.32327 293.0574 -316.6738 -0.5075 -0.5075 0.0000 0.0000 0.0000 357.4108 384.2377 -7.8294 0.0000 0.0000
2450.03 16.07.2018 21.50.01 29.24648 293.4813 -305.5332 -0.4896 -0.4896 0.0000 0.0000 0.0000 357.6419 384.6520 -5.0053 0.0000 0.0000
2460.03 16.07.2018 22.00.01 29.17239 293.9154 -295.0166 -0.4728 -0.4728 0.0000 0.0000 0.0000 357.9435 385.2039 -2.0780 0.0000 0.0000
2470.03 16.07.2018 22.10.01 29.10058 293.6067 -289.0844 -0.4633 -0.4633 0.0000 0.0000 0.0000 358.3498 384.9841 -3.7504 0.0000 0.0000
2480.03 16.07.2018 22.20.01 29.02917 293.3869 -288.7810 -0.4628 -0.4628 0.0000 0.0000 0.0000 358.6698 384.6579 -4.5079 0.0000 0.0000
2490.03 16.07.2018 22.30.01 28.95776 293.0127 -289.9765 -0.4647 -0.4647 0.0000 0.0000 0.0000 358.5186 383.6123 -7.4325 0.0000 0.0000
2500.03 16.07.2018 22.40.01 28.88522 292.7974 -298.4318 -0.4783 -0.4783 0.0000 0.0000 0.0000 358.5766 383.4059 -7.2455 0.0000 0.0000
2510.03 16.07.2018 22.50.01 28.81066 292.5307 -305.2824 -0.4892 -0.4892 0.0000 0.0000 0.0000 358.7645 383.2209 -7.1198 0.0000 0.0000
2520.03 16.07.2018 23.00.01 28.73446 292.0495 -312.0465 -0.5001 -0.5001 0.0000 0.0000 0.0000 358.6281 382.3622 -9.5342 0.0000 0.0000
2530.03 16.07.2018 23.10.01 28.65640 291.9356 -320.3717 -0.5134 -0.5134 0.0000 0.0000 0.0000 358.4520 381.9050 -9.4995 0.0000 0.0000
2540.03 16.07.2018 23.20.01 28.57641 291.8729 -326.8897 -0.5239 -0.5239 0.0000 0.0000 0.0000 358.3514 381.4908 -9.4433 0.0000 0.0000
2550.03 16.07.2018 23.30.01 28.49508 291.8012 -332.3405 -0.5326 -0.5326 0.0000 0.0000 0.0000 358.2649 381.0573 -9.5474 0.0000 0.0000
2560.03 16.07.2018 23.40.01 28.41244 291.7202 -336.8670 -0.5399 -0.5399 0.0000 0.0000 0.0000 358.1870 380.6085 -9.7407 0.0000 0.0000
2570.03 16.07.2018 23.50.01 28.32867 291.6291 -341.6404 -0.5475 -0.5475 0.0000 0.0000 0.0000 358.1082 380.1400 -10.0308 0.0000 0.0000
2580.03 17.07.2018 00.00.01 28.24374 291.5337 -346.4906 -0.5553 -0.5553 0.0000 0.0000 0.0000 358.0286 379.6628 -10.3633 0.0000 0.0000
2590.03 17.07.2018 00.10.01 28.15765 291.6067 -350.8810 -0.5623 -0.5623 0.0000 0.0000 0.0000 357.7006 379.2779 -10.0672 0.0000 0.0000
2600.03 17.07.2018 00.20.01 28.07043 291.6752 -355.2769 -0.5694 -0.5694 0.0000 0.0000 0.0000 357.3734 378.9179 -9.7840 0.0000 0.0000
2610.03 17.07.2018 00.30.01 27.98220 291.7522 -359.0302 -0.5754 -0.5754 0.0000 0.0000 0.0000 357.0458 378.5963 -9.4286 0.0000 0.0000
2620.03 17.07.2018 00.40.01 27.89330 291.8632 -361.7239 -0.5797 -0.5797 0.0000 0.0000 0.0000 356.7884 378.3865 -8.6851 0.0000 0.0000
2630.03 17.07.2018 00.50.01 27.80428 291.9133 -361.0886 -0.5787 -0.5787 0.0000 0.0000 0.0000 356.5318 378.1008 -8.3150 0.0000 0.0000
2640.03 17.07.2018 01.00.01 27.71563 291.9820 -357.4517 -0.5728 -0.5728 0.0000 0.0000 0.0000 356.2675 377.8709 -7.7899 0.0000 0.0000
2650.03 17.07.2018 01.10.01 27.62823 291.8974 -349.1541 -0.5595 -0.5595 0.0000 0.0000 0.0000 355.7348 377.8507 -6.2926 0.0000 0.0000
2660.03 17.07.2018 01.20.01 27.54437 291.7375 -330.0748 -0.5290 -0.5290 0.0000 0.0000 0.0000 355.1030 377.3920 -6.8447 0.0000 0.0000
2670.03 17.07.2018 01.30.01 27.46346 291.5803 -331.0334 -0.5305 -0.5305 0.0000 0.0000 0.0000 353.9470 376.4021 -8.8573 0.0000 0.0000
2680.03 17.07.2018 01.40.01 27.37982 291.5497 -344.7900 -0.5525 -0.5525 0.0000 0.0000 0.0000 353.1867 376.3759 -6.8005 0.0000 0.0000
2690.03 17.07.2018 01.50.01 27.29467 291.4243 -344.5547 -0.5522 -0.5522 0.0000 0.0000 0.0000 352.4716 375.9949 -6.3754 0.0000 0.0000
2700.03 17.07.2018 02.00.01 27.21066 291.3044 -335.9409 -0.5384 -0.5384 0.0000 0.0006 0.0003 351.4739 375.4431 -6.3215 0.0000 0.0000
2710.03 17.07.2018 02.10.01 27.12875 291.0052 -322.5573 -0.5169 -0.5303 0.0178 0.3807 0.2002 348.6556 374.4572 -7.0633 0.0000 0.0000
2720.03 17.07.2018 02.20.01 27.04751 290.7019 -328.0450 -0.5257 -0.5552 0.0393 0.8182 0.4316 345.6487 373.1024 -8.3686 0.0000 0.0000
2730.03 17.07.2018 02.30.01 26.96304 290.3855 -346.2837 -0.5549 -0.6010 0.0614 1.2651 0.6682 342.5094 371.6267 -9.4962 0.0000 0.0000
2740.03 17.07.2018 02.40.01 26.87353 290.0688 -366.9355 -0.5880 -0.6507 0.0836 1.7139 0.9058 339.4242 370.2495 -9.6018 0.0000 0.0000
2750.03 17.07.2018 02.50.01 26.77957 289.7877 -381.7939 -0.6118 -0.6912 0.1058 2.1629 1.1435 336.3766 368.8525 -9.6477 0.0000 0.0000
2760.03 17.07.2018 03.00.01 26.68252 289.5076 -392.0175 -0.6282 -0.7244 0.1282 2.6160 1.3834 333.3157 367.3675 -9.8776 0.0000 0.0000
2770.03 17.07.2018 03.10.01 26.58373 289.4853 -344.2065 -0.5516 -0.7486 0.2627 5.4638 2.8824 332.9874 366.8119 -8.9517 0.0000 0.0000
2780.03 17.07.2018 03.20.01 26.49432 289.4627 -302.0192 -0.4840 -0.7992 0.4203 8.6738 4.5807 332.9197 366.5013 -8.4921 0.0000 0.0000
2790.03 17.07.2018 03.30.01 26.41369 289.4344 -270.3047 -0.4332 -0.8696 0.5819 11.9437 6.3117 332.9305 366.3038 -8.3177 0.0000 0.0000
2800.03 17.07.2018 03.40.01 26.33978 289.4058 -246.1014 -0.3944 -0.9526 0.7443 15.2249 8.0490 332.9866 366.2272 -8.2045 0.0000 0.0000
2810.03 17.07.2018 03.50.01 26.27120 289.3892 -226.7452 -0.3634 -1.0434 0.9068 18.5082 9.7874 333.0990 366.2519 -8.1932 0.0000 0.0000
2820.03 17.07.2018 04.00.01 26.20696 289.3801 -210.6649 -0.3376 -1.1396 1.0693 21.7934 11.5269 333.2359 366.3564 -8.2576 0.0000 0.0000
2830.03 17.07.2018 04.10.01 26.14648 289.7541 -174.7673 -0.2801 -1.2393 1.2789 26.0821 13.7939 333.3920 367.0485 -6.6735 0.0000 0.0000
2840.03 17.07.2018 04.20.01 26.09313 290.1368 -147.0032 -0.2356 -1.3592 1.4981 30.5227 16.1445 333.6424 367.9016 -5.3025 0.0000 0.0000
2850.03 17.07.2018 04.30.01 26.04553 290.5140 -126.1219 -0.2021 -1.4914 1.7191 34.9882 18.5088 333.9489 368.8647 -4.1005 0.0000 0.0000
2860.03 17.07.2018 04.40.01 26.00262 290.8955 -108.7650 -0.1743 -1.6295 1.9403 39.4586 20.8757 334.3029 369.9351 -3.0199 0.0000 0.0000
2870.03 17.07.2018 04.50.01 25.96417 291.2746 -3.4185 -0.0055 -1.7695 2.3520 44.6801 23.5138 334.7000 371.1160 -2.0621 0.0000 0.0000
2880.03 17.07.2018 05.00.01 25.94448 291.6571 -99.6836 -0.1597 -1.9853 2.4341 62.8445 32.8619 335.3305 372.7260 -1.6698 0.0000 0.0000
2890.03 17.07.2018 05.10.01 25.91256 292.0307 577.5258 0.9255 -2.1022 4.0370 171.3141 87.4453 336.4315 377.7542 -6.1602 0.0000 0.0000
2900.03 17.07.2018 05.20.01 26.00326 292.4302 2002.6238 3.2093 -2.7761 7.9806 300.0228 152.3852 339.2312 388.9826 -16.9221 0.0000 0.0000
2910.03 17.07.2018 05.30.01 26.34011 292.8572 1810.6876 2.9017 -4.6084 10.0135 432.4525 221.0160 342.7387 403.9252 -31.6363 0.0000 0.0000
2920.03 17.07.2018 05.40.01 26.65219 293.3094 1805.7913 2.8939 -6.1875 12.1086 431.6144 219.9800 346.2931 414.4826 -40.7756 0.0000 0.0000
2930.03 17.07.2018 05.50.01 26.96700 293.7358 1185.2272 1.8994 -7.6927 12.7895 431.2602 220.3221 348.1231 422.4672 -47.7707 0.0000 0.0000
2940.03 17.07.2018 06.00.01 27.18145 294.1494 1299.8840 2.0831 -8.6189 14.2694 439.8354 225.4185 349.7599 430.6792 -54.7588 0.0000 0.0000
2950.03 17.07.2018 06.10.01 27.41046 294.4072 -434.3284 -0.6960 -9.6152 11.8922 420.0764 216.0838 351.3136 434.6309 -56.4753 0.0000 0.0000
2960.03 17.07.2018 06.20.01 27.34301 294.6620 -1151.9985 -1.8462 -9.1208 9.6996 401.7465 207.4695 352.7418 437.8042 -57.6954 0.0000 0.0000
2970.03 17.07.2018 06.30.01 27.14861 294.9084 -1435.8890 -2.3011 -8.0533 7.6696 383.9422 199.0453 354.2913 440.1389 -58.5872 0.0000 0.0000
2980.03 17.07.2018 06.40.01 26.90154 295.1619 -1491.1866 -2.3897 -6.7907 5.8680 370.9520 193.0328 355.9933 442.0945 -59.4056 0.0000 0.0000
2990.03 17.07.2018 06.50.01 26.64422 295.4150 -801.7214 -1.2848 -5.5218 5.6493 371.7439 194.0952 357.7854 445.0497 -62.2183 0.0000 0.0000
3000.03 17.07.2018 07.00.01 26.50390 295.6591 -288.5687 -0.4625 -4.8650 5.8701 375.2846 196.4715 359.5673 447.9632 -65.1798 0.0000 0.0000
3010.03 17.07.2018 07.10.01 26.45205 295.8808 -97.4564 -0.1562 -4.6393 5.9775 380.3847 199.6311 360.9459 450.1201 -70.3984 0.0000 0.0000
3020.03 17.07.2018 07.20.01 26.43496 296.1056 9.7545 0.0156 -4.5558 6.0953 385.3524 202.7028 362.2473 452.0909 -74.7818 0.0000 0.0000
3030.03 17.07.2018 07.30.01 26.43850 296.3279 70.3328 0.1127 -4.5407 6.2046 389.8496 205.4979 363.5293 453.7439 -79.2042 0.0000 0.0000
3040.03 17.07.2018 07.40.01 26.45458 296.5451 110.5528 0.1772 -4.5531 6.3070 429.5068 229.3393 364.6708 460.4576 -88.5108 0.0000 0.0000
3050.03 17.07.2018 07.50.01 26.47967 296.7947 161.0335 0.2581 -4.5766 6.4462 441.7868 236.7258 365.9107 463.4991 -93.3629 0.0000 0.0000
3060.03 17.07.2018 08.00.01 26.51531 297.0197 173.0574 0.2773 -4.6207 6.5308 454.0686 244.1543 367.0182 466.2367 -98.6492 0.0000 0.0000
3070.03 17.07.2018 08.10.01 26.55483 297.1733 171.0681 0.2741 -4.6538 6.5706 460.7940 248.1710 368.2292 468.1532 -101.8689 0.0000 0.0000
3080.03 17.07.2018 08.20.01 26.59554 297.3135 157.1428 0.2518 -4.6668 6.5582 468.1154 252.5849 369.2337 469.8351 -106.3022 0.0000 0.0000
3090.03 17.07.2018 08.30.01 26.63555 297.4574 179.5358 0.2877 -4.6508 6.5847 474.0968 256.1648 370.3511 471.2781 -110.4898 0.0000 0.0000
3100.03 17.07.2018 08.40.01 26.68093 297.6010 199.1164 0.3191 -4.6365 6.6074 479.9226 259.6429 371.3788 472.7866 -112.9045 0.0000 0.0000
3110.03 17.07.2018 08.50.01 26.73110 297.7378 200.3401 0.3211 -4.6204 6.5886 484.6915 262.5186 372.2737 473.8718 -116.5509 0.0000 0.0000
3120.03 17.07.2018 09.00.01 26.78289 297.8695 174.3504 0.2794 -4.5876 6.4894 487.0469 264.0087 372.9778 474.5973 -119.6019 0.0000 0.0000
3130.03 17.07.2018 09.10.01 26.83318 297.8704 554.7156 0.8890 -4.5180 7.2093 476.9877 258.5109 374.2860 474.8192 -119.7448 0.0000 0.0000
3140.03 17.07.2018 09.20.01 26.94995 297.8480 705.2144 1.1302 -4.7585 7.8516 476.1165 258.5848 375.4515 476.5880 -118.5384 0.0000 0.0000
3150.03 17.07.2018 09.30.01 27.09481 297.8413 783.2487 1.2552 -5.1024 8.4768 462.2578 250.8792 376.5595 476.2711 -116.2342 0.0000 0.0000
3160.03 17.07.2018 09.40.01 27.25540 297.8123 823.0814 1.3190 -5.4864 9.0739 452.5450 245.3967 377.6310 476.9556 -109.4554 0.0000 0.0000
3170.03 17.07.2018 09.50.01 27.42516 297.7639 865.0776 1.3863 -5.8791 9.6872 442.4305 239.6605 378.8331 477.4346 -103.5569 0.0000 0.0000
3180.03 17.07.2018 10.00.01 27.60427 297.7522 897.4258 1.4382 -6.2826 10.2943 431.2461 233.2867 379.9826 476.3804 -104.1651 0.0000 0.0000
3190.03 17.07.2018 10.10.01 27.78988 297.8159 630.6915 1.0107 -6.6884 10.2655 423.8753 229.3910 380.3145 475.9625 -102.6993 0.0000 0.0000
3200.03 17.07.2018 10.20.01 27.93163 297.8805 525.2043 0.8417 -6.8468 10.2513 414.6010 224.3417 380.6732 475.2045 -101.0901 0.0000 0.0000
3210.03 17.07.2018 10.30.01 28.05587 297.9418 443.6602 0.7110 -6.9057 10.1556 403.6947 218.3758 380.8043 474.1087 -99.0695 0.0000 0.0000
3220.03 17.07.2018 10.40.01 28.16662 298.0016 427.9090 0.6858 -6.8905 10.1017 394.8182 213.5159 380.9583 473.1132 -97.2942 0.0000 0.0000
3230.03 17.07.2018 10.50.01 28.27529 298.0619 416.3038 0.6672 -6.8551 10.0296 385.3833 208.3343 381.0823 471.9859 -95.2843 0.0000 0.0000
3240.03 17.07.2018 11.00.01 28.38189 298.1213 411.2271 0.6590 -6.8099 9.9586 375.4315 202.8404 381.1806 470.7494 -93.2026 0.0000 0.0000
3250.03 17.07.2018 11.10.01 28.48776 298.2295 436.6311 0.6997 -6.7602 9.9466 380.8263 205.7417 381.4300 471.0023 -91.8778 0.0000 0.0000
3260.03 17.07.2018 11.20.01 28.59844 298.3539 503.4132 0.8068 -6.7312 10.0506 387.7739 209.4843 382.0306 471.9135 -91.4361 0.0000 0.0000
3270.03 17.07.2018 11.30.01 28.72097 298.4748 546.1760 0.8753 -6.7552 10.1740 394.7181 213.2097 382.7626 473.0430 -91.6708 0.0000 0.0000
3280.03 17.07.2018 11.40.01 28.85146 298.6030 579.7293 0.9291 -6.8110 10.3201 401.9887 217.1003 383.5797 474.4898 -92.0540 0.0000 0.0000
3290.03 17.07.2018 11.50.01 28.98824 298.7328 591.2802 0.9476 -6.8903 10.4506 408.6606 220.6436 384.3838 475.9515 -92.9217 0.0000 0.0000
3300.03 17.07.2018 12.00.01 29.12740 298.8654 594.4658 0.9527 -6.9747 10.5698 414.3098 223.5834 385.1994 477.3126 -94.1273 0.0000 0.0000
3310.03 17.07.2018 12.10.01 29.26779 298.8448 694.3265 1.1127 -7.0626 10.9004 403.0523 217.2394 386.2607 477.1739 -94.3830 0.0000 0.0000
3320.03 17.07.2018 12.20.01 29.42495 298.8139 649.4924 1.0409 -7.2356 11.0353 390.3778 210.1951 386.8060 476.3266 -93.9539 0.0000 0.0000
3330.03 17.07.2018 12.30.01 29.57418 298.7788 615.0597 0.9857 -7.3712 11.1426 378.5902 203.7046 387.1406 475.3011 -93.2924 0.0000 0.0000
3340.03 17.07.2018 12.40.01 29.71710 298.7420 591.4726 0.9479 -7.4810 11.2385 366.9903 197.2960 387.3878 474.0493 -92.2758 0.0000 0.0000
3350.03 17.07.2018 12.50.01 29.85562 298.7045 581.4525 0.9318 -7.5750 11.3424 355.2916 190.8222 387.5897 472.6266 -91.0119 0.0000 0.0000
3360.03 17.07.2018 13.00.01 29.99218 298.6641 608.7073 0.9755 -7.6655 11.5213 344.4499 184.8051 387.9329 471.1852 -89.7616 0.0000 0.0000
3370.03 17.07.2018 13.10.01 30.13195 298.5740 354.2906 0.5678 -7.7781 11.1278 338.6198 181.7156 387.1748 469.2365 -91.0208 0.0000 0.0000
3380.03 17.07.2018 13.20.01 30.22686 298.4777 263.7658 0.4227 -7.6863 10.8120 334.0021 179.2955 386.4184 467.5289 -91.8424 0.0000 0.0000
3390.03 17.07.2018 13.30.01 30.30447 298.3802 210.0740 0.3367 -7.5361 10.4970 329.1946 176.7601 385.6779 465.8297 -92.1983 0.0000 0.0000
3400.03 17.07.2018 13.40.01 30.37109 298.2790 169.3144 0.2713 -7.3584 10.1730 324.5485 174.3025 384.9179 464.1629 -92.1983 0.0000 0.0000
3410.03 17.07.2018 13.50.01 30.42910 298.1811 141.0328 0.2260 -7.1636 9.8528 319.7938 171.7767 384.1408 462.5248 -91.9688 0.0000 0.0000
3420.03 17.07.2018 14.00.01 30.48068 298.0845 119.3190 0.1912 -6.9616 9.5371 314.6531 169.0155 383.3644 460.8634 -91.5393 0.0000 0.0000
3430.03 17.07.2018 14.10.01 30.52651 297.9719 -10.0842 -0.0162 -6.7564 8.9870 306.7313 164.4959 381.0521 458.5307 -88.7080 0.0000 0.0000
3440.03 17.07.2018 14.20.01 30.54797 297.8505 -81.6758 -0.1309 -6.4644 8.4447 303.6623 162.8828 378.5648 456.8390 -86.8802 0.0000 0.0000
3450.03 17.07.2018 14.30.01 30.55486 297.7312 -116.6568 -0.1870 -6.1376 7.9342 301.4163 161.7387 376.1330 455.2763 -85.4863 0.0000 0.0000
3460.03 17.07.2018 14.40.01 30.55364 297.6105 -124.7475 -0.1999 -5.8053 7.4739 299.3352 160.5762 373.8114 453.6628 -84.2338 0.0000 0.0000
3470.03 17.07.2018 14.50.01 30.54910 297.4908 -160.2425 -0.2568 -5.4877 6.9745 296.8034 159.1721 371.4334 452.0373 -82.9927 0.0000 0.0000
3480.03 17.07.2018 15.00.01 30.53655 297.3706 -195.5545 -0.3134 -5.1594 6.4613 291.7404 156.2615 368.9811 450.0401 -81.4565 0.0000 0.0000
3490.03 17.07.2018 15.10.01 30.51699 297.1754 -60.5149 -0.0970 -4.8253 6.3044 281.8267 150.8817 367.5528 448.2760 -79.9023 0.0000 0.0000
3500.03 17.07.2018 15.20.01 30.51956 296.9826 -41.0208 -0.0657 -4.6219 6.0748 268.8995 143.7485 366.0616 445.8448 -77.7649 0.0000 0.0000
3510.03 17.07.2018 15.30.01 30.52426 296.7820 -59.0594 -0.0946 -4.4486 5.8052 254.2344 135.6040 364.4212 442.9845 -75.2632 0.0000 0.0000
3520.03 17.07.2018 15.40.01 30.52468 296.5869 -56.8561 -0.0911 -4.2738 5.5769 240.4065 127.9510 362.8366 440.1445 -72.7429 0.0000 0.0000
3530.03 17.07.2018 15.50.01 30.52410 296.3937 -89.2215 -0.1430 -4.1153 5.2964 225.5261 119.7059 361.1591 437.0398 -69.8692 0.0000 0.0000
3540.03 17.07.2018 16.00.01 30.51675 296.1976 -106.3866 -0.1705 -3.9445 5.0320 203.7506 107.3117 359.4624 432.7473 -65.9618 0.0000 0.0000
3550.03 17.07.2018 16.10.01 30.50497 295.9384 -120.5622 -0.1932 -3.7765 4.7777 193.0705 101.5145 357.5270 429.7574 -63.9269 0.0000 0.0000
3560.03 17.07.2018 16.20.01 30.48895 295.6794 -125.4140 -0.2010 -3.6168 4.5544 180.8830 94.7889 355.6268 426.5285 -61.5610 0.0000 0.0000
3570.03 17.07.2018 16.30.01 30.47048 295.4177 -120.0208 -0.1923 -3.4739 4.3754 171.7791 89.8803 353.7895 423.7040 -59.6113 0.0000 0.0000
3580.03 17.07.2018 16.40.01 30.45229 295.1563 130.9739 0.2099 -3.3552 4.7534 166.5611 86.9398 351.8661 421.2454 -58.4928 0.0000 0.0000
3590.03 17.07.2018 16.50.01 30.47573 294.8960 236.1447 0.3784 -3.4668 5.1270 159.7025 83.0171 349.9748 418.5531 -57.1401 0.0000 0.0000
3600.03 17.07.2018 17.00.01 30.51635 294.6339 242.4538 0.3885 -3.6767 5.4204 153.6427 79.6343 347.9584 416.0069 -55.7490 0.0000 0.0000
3610.03 17.07.2018 17.10.01 30.55721 294.3566 191.6009 0.3071 -3.8998 5.6092 144.6834 74.6908 346.3642 413.2851 -53.9740 0.0000 0.0000
3620.03 17.07.2018 17.20.01 30.58837 294.0814 116.6882 0.1870 -4.0884 5.7005 136.6872 70.3991 344.7509 410.7260 -52.2089 0.0000 0.0000
3630.03 17.07.2018 17.30.01 30.60549 293.8057 23.0672 0.0370 -4.2247 5.6823 124.7614 63.8331 343.0475 407.6446 -49.7036 0.0000 0.0000
3640.03 17.07.2018 17.40.01 30.60500 293.5303 -97.7030 -0.1566 -4.2961 5.5193 107.8682 55.1491 341.3598 404.7935 -47.1190 0.0000 0.0000
3650.03 17.07.2018 17.50.01 30.58196 293.2535 -223.5868 -0.3583 -4.2821 5.2317 96.9150 49.4459 339.6478 401.7546 -44.1626 0.0000 0.0000
3660.03 17.07.2018 18.00.01 30.53524 292.9767 -340.7986 -0.5462 -4.1813 4.8469 85.3903 43.4737 337.8807 398.7675 -41.1289 0.0000 0.0000
3670.03 17.07.2018 18.10.01 30.46649 292.6412 -369.7596 -0.5926 -4.0036 4.5480 76.6444 38.9294 336.6267 396.1239 -37.4694 0.0000 0.0000
3680.03 17.07.2018 18.20.01 30.39062 292.3182 -428.0226 -0.6859 -3.8228 4.1825 67.3653 34.1150 335.4456 393.5852 -34.0294 0.0000 0.0000
3690.03 17.07.2018 18.30.01 30.30285 292.0012 -502.8166 -0.8058 -3.6122 3.7418 57.3213 28.8994 334.2787 391.0392 -30.7103 0.0000 0.0000
3700.03 17.07.2018 18.40.01 30.19976 291.6850 -712.4210 -1.1417 -3.3577 2.9546 42.1676 21.1518 333.1626 388.2650 -27.0242 0.0000 0.0000
3710.03 17.07.2018 18.50.01 30.05779 291.3678 -1031.6451 -1.6533 -2.9464 1.7241 28.1547 14.3499 332.0168 385.5187 -23.6441 0.0000 0.0000
3720.03 17.07.2018 19.00.01 29.85925 291.0516 -1010.1713 -1.6189 -2.2916 0.8969 14.9264 7.7136 330.8802 382.7552 -20.5092 0.0000 0.0000
3730.03 17.07.2018 19.10.01 29.66238 290.6543 -730.7303 -1.1710 -1.6916 0.6941 11.1359 5.6974 329.5399 380.1396 -19.4815 0.0000 0.0000
3740.03 17.07.2018 19.20.01 29.51061 290.2600 -574.4690 -0.9206 -1.3658 0.5935 9.2118 4.6886 328.3214 377.8570 -18.9710 0.0000 0.0000
3750.03 17.07.2018 19.30.01 29.38372 289.8667 -511.3897 -0.8195 -1.1961 0.5021 7.4716 3.7829 327.1521 375.6974 -18.6288 0.0000 0.0000
3760.03 17.07.2018 19.40.01 29.26599 289.4756 -561.0799 -0.8992 -1.0966 0.2632 4.9552 2.5601 325.9969 373.5936 -18.3003 0.0000 0.0000
3770.03 17.07.2018 19.50.01 29.13870 289.0842 -536.1297 -0.8592 -0.9690 0.1464 2.6282 1.3641 324.8337 371.5370 -18.0848 0.0000 0.0000
3780.03 17.07.2018 20.00.01 29.01431 288.6930 -535.8311 -0.8587 -0.8777 0.0253 0.3854 0.2113 323.6732 369.5263 -17.9059 0.0000 0.0000
3790.03 17.07.2018 20.10.01 28.88900 288.2932 -496.1117 -0.7951 -0.7985 0.0046 0.0696 0.0381 322.6772 367.7355 -17.6919 0.0000 0.0000
3800.03 17.07.2018 20.20.01 28.76992 287.9005 -474.2028 -0.7599 -0.7606 0.0008 0.0126 0.0069 321.7633 366.0758 -17.7288 0.0000 0.0000
3810.03 17.07.2018 20.30.01 28.65411 287.5141 -465.8104 -0.7465 -0.7466 0.0001 0.0023 0.0012 320.9009 364.5094 -17.8090 0.0000 0.0000
3820.03 17.07.2018 20.40.01 28.53958 287.1315 -465.3343 -0.7457 -0.7457 0.0000 0.0004 0.0002 320.0657 363.0078 -17.9545 0.0000 0.0000
3830.03 17.07.2018 20.50.01 28.42434 286.7549 -466.6036 -0.7478 -0.7478 0.0000 0.0001 0.0000 319.2421 361.5615 -18.1584 0.0000 0.0000
3840.03 17.07.2018 21.00.01 28.30868 286.3871 -470.2413 -0.7536 -0.7536 0.0000 0.0000 0.0000 318.4171 360.1731 -18.3083 0.0000 0.0000
3850.03 17.07.2018 21.10.01 28.19204 286.1993 -474.3473 -0.7602 -0.7602 0.0000 0.0000 0.0000 317.9860 359.0909 -17.8023 0.0000 0.0000
3860.03 17.07.2018 21.20.01 28.07440 286.0290 -478.1983 -0.7663 -0.7663 0.0000 0.0000 0.0000 317.5839 358.0732 -17.3639 0.0000 0.0000
3870.03 17.07.2018 21.30.01 27.95593 285.8655 -480.7739 -0.7705 -0.7705 0.0000 0.0000 0.0000 317.1536 357.0821 -17.0693 0.0000 0.0000
3880.03 17.07.2018 21.40.01 27.83721 285.8215 -479.9539 -0.7692 -0.7692 0.0000 0.0000 0.0000 316.9135 356.4907 -15.6269 0.0000 0.0000
3890.03 17.07.2018 21.50.01 27.71920 285.6500 -476.3039 -0.7633 -0.7633 0.0000 0.0000 0.0000 316.5985 355.5971 -15.5472 0.0000 0.0000
3900.03 17.07.2018 22.00.01 27.60220 285.5879 -472.2204 -0.7568 -0.7568 0.0000 0.0000 0.0000 316.2865 354.8369 -15.1244 0.0000 0.0000
3910.03 17.07.2018 22.10.01 27.48617 285.5385 -469.1384 -0.7518 -0.7518 0.0000 0.0000 0.0000 315.9353 354.1278 -14.7687 0.0000 0.0000
3920.03 17.07.2018 22.20.01 27.37023 285.4664 -469.5236 -0.7524 -0.7524 0.0000 0.0000 0.0000 315.5953 353.4204 -14.5327 0.0000 0.0000
3930.03 17.07.2018 22.30.01 27.25396 285.3813 -472.4450 -0.7571 -0.7571 0.0000 0.0000 0.0000 315.2572 352.7211 -14.3615 0.0000 0.0000
3940.03 17.07.2018 22.40.01 27.13687 285.2903 -475.4447 -0.7619 -0.7619 0.0000 0.0000 0.0000 314.9195 352.0404 -14.1789 0.0000 0.0000
3950.03 17.07.2018 22.50.01 27.01907 285.1929 -477.8749 -0.7658 -0.7658 0.0000 0.0000 0.0000 314.5737 351.3721 -14.0206 0.0000 0.0000
3960.03 17.07.2018 23.00.01 26.90090 285.0934 -480.4731 -0.7700 -0.7700 0.0000 0.0000 0.0000 314.2302 350.7203 -13.8704 0.0000 0.0000
3970.03 17.07.2018 23.10.01 26.78188 284.9759 -480.6272 -0.7702 -0.7702 0.0000 0.0000 0.0000 313.8315 350.1132 -13.5597 0.0000 0.0000
3980.03 17.07.2018 23.20.01 26.66351 284.8393 -480.0830 -0.7694 -0.7694 0.0000 0.0000 0.0000 313.3795 349.4879 -13.3490 0.0000 0.0000
3990.03 17.07.2018 23.30.01 26.54537 284.6972 -479.8147 -0.7689 -0.7689 0.0000 0.0000 0.0000 312.8902 348.8507 -13.2576 0.0000 0.0000
4000.03 17.07.2018 23.40.01 26.42672 284.5850 -481.0627 -0.7709 -0.7709 0.0000 0.0000 0.0000 312.4548 348.2525 -13.1256 0.0000 0.0000
4010.03 17.07.2018 23.50.01 26.30734 284.4566 -486.5974 -0.7798 -0.7798 0.0000 0.0000 0.0000 312.0541 347.6170 -13.2272 0.0000 0.0000
4020.03 18.07.2018 00.00.01 26.18624 284.3444 -494.4781 -0.7924 -0.7924 0.0000 0.0000 0.0000 311.6489 346.9898 -13.2948 0.0000 0.0000
4030.03 18.07.2018 00.10.01 26.06326 284.2809 -500.4426 -0.8020 -0.8020 0.0000 0.0000 0.0000 311.3515 346.4907 -12.7855 0.0000 0.0000
4040.03 18.07.2018 00.20.01 25.93969 284.2393 -500.4774 -0.8020 -0.8020 0.0000 0.0000 0.0000 311.0172 346.0262 -12.2445 0.0000 0.0000
4050.03 18.07.2018 00.30.01 25.81664 284.1857 -497.0862 -0.7966 -0.7966 0.0000 0.0000 0.0000 310.6624 345.5471 -11.8680 0.0000 0.0000
4060.03 18.07.2018 00.40.01 25.69448 284.1338 -494.6824 -0.7928 -0.7928 0.0000 0.0000 0.0000 310.3302 345.1001 -11.5173 0.0000 0.0000
4070.03 18.07.2018 00.50.01 25.57217 284.0626 -496.6986 -0.7960 -0.7960 0.0000 0.0000 0.0000 310.0617 344.6156 -11.5286 0.0000 0.0000
4080.03 18.07.2018 01.00.01 25.44863 283.9692 -504.9443 -0.8092 -0.8092 0.0000 0.0000 0.0000 309.8074 344.0846 -11.7384 0.0000 0.0000
4090.03 18.07.2018 01.10.01 25.32287 283.8205 -513.3490 -0.8227 -0.8227 0.0000 0.0000 0.0000 309.4941 343.4715 -12.0380 0.0000 0.0000
4100.03 18.07.2018 01.20.01 25.19564 283.6819 -516.1185 -0.8271 -0.8271 0.0000 0.0000 0.0000 309.1358 342.8624 -12.2495 0.0000 0.0000
4110.03 18.07.2018 01.30.01 25.06835 283.5589 -516.5229 -0.8278 -0.8278 0.0000 0.0000 0.0000 308.7580 342.2677 -12.3722 0.0000 0.0000
4120.03 18.07.2018 01.40.01 24.94109 283.4586 -513.9304 -0.8236 -0.8236 0.0000 0.0000 0.0000 308.3948 341.7286 -12.2553 0.0000 0.0000
4130.03 18.07.2018 01.50.01 24.81481 283.3469 -509.4783 -0.8165 -0.8165 0.0000 0.0000 0.0000 308.0017 341.1805 -12.2024 0.0000 0.0000
4140.03 18.07.2018 02.00.01 24.68972 283.2337 -504.8870 -0.8091 -0.8091 0.0000 0.0004 0.0002 307.5674 340.6237 -12.1544 0.0000 0.0000
4150.03 18.07.2018 02.10.01 24.56573 283.3232 -494.3954 -0.7923 -0.8015 0.0123 0.2623 0.1379 307.3337 340.3391 -11.2099 0.0000 0.0000
4160.03 18.07.2018 02.20.01 24.44399 283.3889 -485.9862 -0.7788 -0.7991 0.0271 0.5636 0.2973 307.1510 340.0682 -10.5414 0.0000 0.0000
4170.03 18.07.2018 02.30.01 24.32372 283.4432 -480.8043 -0.7705 -0.8022 0.0423 0.8715 0.4603 307.0175 339.8164 -10.0072 0.0000 0.0000
4180.03 18.07.2018 02.40.01 24.20437 283.4897 -478.3759 -0.7666 -0.8098 0.0576 1.1807 0.6240 306.9333 339.5759 -9.6056 0.0000 0.0000
4190.03 18.07.2018 02.50.01 24.08538 283.5505 -477.8766 -0.7658 -0.8205 0.0729 1.4900 0.7878 306.8624 339.3636 -9.1933 0.0000 0.0000
4200.03 18.07.2018 03.00.01 23.96649 283.6256 -477.4949 -0.7652 -0.8315 0.0884 1.8032 0.9536 306.7846 339.1857 -8.7236 0.0000 0.0000
4210.03 18.07.2018 03.10.01 23.84802 283.9564 -425.3948 -0.6817 -0.8395 0.2104 4.3930 2.3164 307.0720 339.5855 -7.0972 0.0000 0.0000
4220.03 18.07.2018 03.20.01 23.73928 284.2943 -384.9225 -0.6169 -0.8827 0.3544 7.3272 3.8687 307.5119 340.1718 -5.6962 0.0000 0.0000
4230.03 18.07.2018 03.30.01 23.63860 284.6378 -357.0324 -0.5722 -0.9489 0.5023 10.3183 5.4521 308.0256 340.8740 -4.4255 0.0000 0.0000
4240.03 18.07.2018 03.40.01 23.54379 284.9853 -335.6922 -0.5380 -1.0261 0.6508 13.3201 7.0415 308.5890 341.6699 -3.2595 0.0000 0.0000
4250.03 18.07.2018 03.50.01 23.45376 285.3344 -317.8990 -0.5095 -1.1090 0.7994 16.3239 8.6319 309.1891 342.5426 -2.1886 0.0000 0.0000
4260.03 18.07.2018 04.00.01 23.36785 285.6851 -301.7267 -0.4835 -1.1946 0.9481 19.3284 10.2227 309.8187 343.4823 -1.1965 0.0000 0.0000
4270.03 18.07.2018 04.10.01 23.28591 286.0137 -281.1496 -0.4506 -1.2815 1.1079 22.5691 11.9377 310.9223 344.5432 -0.4957 0.0000 0.0000
4280.03 18.07.2018 04.20.01 23.20873 286.3432 -261.6596 -0.4193 -1.3718 1.2699 25.8455 13.6724 312.0755 345.6754 0.0827 0.0000 0.0000
4290.03 18.07.2018 04.30.01 23.13610 286.6771 -243.5872 -0.3904 -1.4646 1.4323 29.1278 15.4102 313.2451 346.8614 0.5823 0.0000 0.0000
4300.03 18.07.2018 04.40.01 23.06777 287.0155 -226.6359 -0.3632 -1.5593 1.5948 32.4112 17.1487 314.4389 348.0950 0.9998 0.0000 0.0000
4310.03 18.07.2018 04.50.01 23.00424 287.3562 -47.3418 -0.0759 -1.6553 2.1059 37.0704 19.3838 315.6716 349.4186 1.3025 0.0000 0.0000
4320.03 18.07.2018 05.00.01 22.97158 287.7005 -236.5970 -0.3792 -1.8893 2.0135 64.7640 33.5728 317.2854 351.3829 0.7840 0.0000 0.0000
4330.03 18.07.2018 05.10.01 22.91049 288.1629 265.9956 0.4263 -1.9432 3.1593 199.2183 101.2912 318.8827 357.2366 -4.2167 0.0000 0.0000
4340.03 18.07.2018 05.20.01 22.94695 288.6389 2846.2134 4.5612 -2.4074 9.2915 373.7584 189.2720 322.6505 372.1392 -20.3157 0.0000 0.0000
4350.03 18.07.2018 05.30.01 23.42538 289.1522 2433.2488 3.8994 -5.0075 11.8760 543.0909 276.8285 327.3642 390.8445 -41.0311 0.0000 0.0000
4360.03 18.07.2018 05.40.01 23.84097 289.6943 1421.4497 2.2780 -7.1270 12.5399 522.8429 267.0505 332.0920 404.2394 -51.4255 0.0000 0.0000
4370.03 18.07.2018 05.50.01 24.09286 290.1876 1592.2451 2.5517 -8.2958 14.4633 503.4770 256.8806 334.4145 413.2753 -57.9871 0.0000 0.0000
4380.03 18.07.2018 06.00.01 24.37649 290.6532 1303.3225 2.0887 -9.5663 15.5399 490.2156 251.0102 336.2393 421.3468 -65.4894 0.0000 0.0000
4390.03 18.07.2018 06.10.01 24.60638 291.0402 -701.7390 -1.1246 -10.5490 12.5659 459.3065 236.0480 337.4669 424.4507 -67.2512 0.0000 0.0000
4400.03 18.07.2018 06.20.01 24.49331 291.4430 -1477.7906 -2.3683 -9.8117 9.9247 431.0913 222.4514 338.6658 426.8707 -68.0503 0.0000 0.0000
4410.03 18.07.2018 06.30.01 24.24297 291.8401 -1711.3074 -2.7425 -8.4599 7.6233 404.9561 209.8425 340.2254 428.5737 -68.0010 0.0000 0.0000
4420.03 18.07.2018 06.40.01 23.94827 292.2439 -1701.6237 -2.7270 -6.9615 5.6461 387.2237 201.4345 341.9209 430.0726 -66.9916 0.0000 0.0000
4430.03 18.07.2018 06.50.01 23.65478 292.6512 -850.9568 -1.3637 -5.5138 5.5335 385.7155 201.3541 343.7553 432.8732 -68.2710 0.0000 0.0000
4440.03 18.07.2018 07.00.01 23.50598 293.0326 -311.2765 -0.4988 -4.8137 5.7531 385.4526 201.7663 345.5132 435.4510 -69.6074 0.0000 0.0000
4450.03 18.07.2018 07.10.01 23.45138 293.2931 45.2526 0.0725 -4.5628 6.1804 384.6277 201.9100 347.3149 437.3015 -73.6183 0.0000 0.0000
4460.03 18.07.2018 07.20.01 23.46038 293.5482 216.6251 0.3472 -4.5904 6.5834 382.4923 201.2846 349.0376 438.6596 -76.9472 0.0000 0.0000
4470.03 18.07.2018 07.30.01 23.50167 293.7961 306.7163 0.4915 -4.7313 6.9638 379.1688 199.9626 350.7050 439.5915 -79.6498 0.0000 0.0000
4480.03 18.07.2018 07.40.01 23.56136 294.0388 371.5632 0.5955 -4.9161 7.3488 416.5177 222.6604 352.2608 445.7284 -87.8355 0.0000 0.0000
4490.03 18.07.2018 07.50.01 23.63513 294.3283 448.3938 0.7186 -5.1254 7.7919 416.5856 222.9436 354.0463 446.9425 -90.4797 0.0000 0.0000
4500.03 18.07.2018 08.00.01 23.72463 294.5699 464.9143 0.7451 -5.3695 8.1527 421.2364 226.0415 355.6006 448.4938 -93.6781 0.0000 0.0000
4510.03 18.07.2018 08.10.01 23.81991 294.6975 564.1516 0.9041 -5.5999 8.6720 406.4144 218.1999 357.2272 448.3011 -93.7560 0.0000 0.0000
4520.03 18.07.2018 08.20.01 23.93423 294.8073 577.7332 0.9259 -5.8899 9.0877 389.8644 209.4021 358.4864 447.3621 -92.8686 0.0000 0.0000
4530.03 18.07.2018 08.30.01 24.05306 294.9196 596.5287 0.9560 -6.1660 9.4960 370.9197 199.1725 359.6408 445.7968 -91.1328 0.0000 0.0000
4540.03 18.07.2018 08.40.01 24.17724 295.0232 596.6190 0.9561 -6.4347 9.8545 357.3808 191.8064 360.5723 444.2414 -89.3274 0.0000 0.0000
4550.03 18.07.2018 08.50.01 24.30343 295.1269 627.3566 1.0054 -6.6807 10.2481 343.6415 184.2932 361.5259 442.6548 -87.3069 0.0000 0.0000
4560.03 18.07.2018 09.00.01 24.43673 295.2284 633.4703 1.0152 -6.9322 10.5966 328.2386 175.8142 362.3533 440.7912 -84.7134 0.0000 0.0000
4570.03 18.07.2018 09.10.01 24.57238 295.3377 543.8208 0.8715 -7.1686 10.7202 326.9341 175.0922 363.3655 440.5585 -79.4947 0.0000 0.0000
4580.03 18.07.2018 09.20.01 24.69433 295.4617 545.5309 0.8742 -7.3110 10.9136 330.4151 177.1865 364.6507 441.4598 -76.4739 0.0000 0.0000
4590.03 18.07.2018 09.30.01 24.81786 295.5949 567.3828 0.9093 -7.4406 11.1332 330.1365 177.0049 366.0705 442.1831 -73.5932 0.0000 0.0000
4600.03 18.07.2018 09.40.01 24.94641 295.7293 579.5696 0.9288 -7.5749 11.3382 330.5401 177.1827 367.5084 443.1316 -71.2552 0.0000 0.0000
4610.03 18.07.2018 09.50.01 25.07824 295.8657 600.3097 0.9620 -7.7062 11.5577 331.0056 177.3869 369.0091 444.2800 -69.2680 0.0000 0.0000
4620.03 18.07.2018 10.00.01 25.21472 296.0055 613.7156 0.9835 -7.8426 11.7681 330.9763 177.3001 370.5104 445.5030 -67.4298 0.0000 0.0000
4630.03 18.07.2018 10.10.01 25.35461 296.1741 643.3167 1.0310 -7.9784 12.0125 341.5495 183.0531 372.5741 447.9544 -66.0745 0.0000 0.0000
4640.03 18.07.2018 10.20.01 25.50082 296.3611 706.6161 1.1324 -8.1270 12.3459 352.6698 189.0650 374.9101 450.7232 -66.6242 0.0000 0.0000
4650.03 18.07.2018 10.30.01 25.65905 296.5388 735.4711 1.1786 -8.3160 12.6595 363.3298 194.8155 377.2483 453.5330 -68.4531 0.0000 0.0000
4660.03 18.07.2018 10.40.01 25.82363 296.6908 769.9258 1.2339 -8.5156 12.9992 374.1451 200.6481 379.7737 456.8113 -70.0753 0.0000 0.0000
4670.03 18.07.2018 10.50.01 25.99621 296.7796 790.2835 1.2665 -8.7280 13.3260 384.5932 206.2702 382.2017 459.7629 -74.8471 0.0000 0.0000
4680.03 18.07.2018 11.00.01 26.17382 296.8878 808.3075 1.2954 -8.9425 13.6504 394.5604 211.6076 384.5270 461.9861 -80.9051 0.0000 0.0000
4690.03 18.07.2018 11.10.01 26.35500 296.9557 683.3853 1.0952 -9.1571 13.6696 378.2480 202.7022 385.1680 463.2258 -75.2702 0.0000 0.0000
4700.03 18.07.2018 11.20.01 26.51461 296.9985 511.0041 0.8189 -9.2578 13.4357 357.8914 191.5662 384.9788 463.0517 -69.3476 0.0000 0.0000
4710.03 18.07.2018 11.30.01 26.64404 297.0266 407.4855 0.6530 -9.2139 13.1559 336.9211 180.0983 384.4031 462.1780 -63.9740 0.0000 0.0000
4720.03 18.07.2018 11.40.01 26.75479 297.0459 352.8705 0.5655 -9.0893 12.8731 317.1379 169.2862 383.6717 460.9068 -59.6176 0.0000 0.0000
4730.03 18.07.2018 11.50.01 26.85531 297.0443 319.2599 0.5116 -8.9275 12.5855 297.4204 158.5170 382.8010 459.1482 -56.0538 0.0000 0.0000
4740.03 18.07.2018 12.00.01 26.94921 297.0413 298.8575 0.4789 -8.7455 12.2992 277.8994 147.8627 381.8654 456.9535 -53.1470 0.0000 0.0000
4750.03 18.07.2018 12.10.01 27.03829 297.1916 151.9409 0.2435 -8.5509 11.7258 277.3651 147.6969 380.8309 455.4462 -54.7742 0.0000 0.0000
4760.03 18.07.2018 12.20.01 27.10162 297.3198 160.2548 0.2568 -8.2408 11.3302 279.9147 149.2448 380.2802 454.2785 -58.3233 0.0000 0.0000
4770.03 18.07.2018 12.30.01 27.16555 297.3538 172.2068 0.2760 -7.9478 10.9650 283.3137 151.2780 379.8690 453.1439 -61.9865 0.0000 0.0000
4780.03 18.07.2018 12.40.01 27.23080 297.4696 174.3814 0.2795 -7.6728 10.6030 286.8220 153.3701 379.6362 452.8613 -62.1590 0.0000 0.0000
4790.03 18.07.2018 12.50.01 27.29589 297.5605 171.2839 0.2745 -7.4069 10.2419 290.3080 155.4484 379.3989 452.4688 -63.5473 0.0000 0.0000
4800.03 18.07.2018 13.00.01 27.35980 297.6283 186.7831 0.2993 -7.1482 9.9300 294.3062 157.7980 379.2259 452.0594 -65.8995 0.0000 0.0000
4810.03 18.07.2018 13.10.01 27.42608 297.8348 314.2717 0.5036 -6.9146 9.8911 284.9343 152.7194 381.0137 453.7819 -54.9073 0.0000 0.0000
4820.03 18.07.2018 13.20.01 27.51394 297.9588 315.2833 0.5053 -6.7907 9.7279 273.4558 146.4726 382.3224 453.9669 -49.5794 0.0000 0.0000
4830.03 18.07.2018 13.30.01 27.60159 298.0077 298.6030 0.4785 -6.6736 9.5362 261.4798 139.9497 383.2021 452.8025 -51.1980 0.0000 0.0000
4840.03 18.07.2018 13.40.01 27.68554 297.9911 280.7581 0.4499 -6.5508 9.3344 249.2732 133.2986 384.3233 452.2030 -50.6322 0.0000 0.0000
4850.03 18.07.2018 13.50.01 27.76599 297.9595 269.8881 0.4325 -6.4171 9.1328 237.0807 126.6559 385.2568 450.5749 -52.9385 0.0000 0.0000
4860.03 18.07.2018 14.00.01 27.84420 297.9650 264.2044 0.4234 -6.2773 8.9343 224.8629 119.9962 386.0395 448.4847 -54.4689 0.0000 0.0000
4870.03 18.07.2018 14.10.01 27.92010 297.8969 79.6847 0.1277 -6.1371 8.3531 203.4819 108.4160 384.5986 445.9680 -46.8248 0.0000 0.0000
4880.03 18.07.2018 14.20.01 27.96227 297.7266 -56.8091 -0.0910 -5.8595 7.6913 182.8541 97.3503 382.6967 442.6994 -42.0098 0.0000 0.0000
4890.03 18.07.2018 14.30.01 27.97827 297.5609 -138.3955 -0.2218 -5.4938 7.0294 162.5141 86.4579 380.5990 439.2111 -37.9297 0.0000 0.0000
4900.03 18.07.2018 14.40.01 27.97744 297.4170 -191.5390 -0.3070 -5.0883 6.3751 141.7346 75.3280 378.5079 435.6806 -33.5295 0.0000 0.0000
4910.03 18.07.2018 14.50.01 27.96502 297.3281 -240.5468 -0.3855 -4.6653 5.7065 121.0542 64.2684 376.3455 431.8972 -29.9125 0.0000 0.0000
4920.03 18.07.2018 15.00.01 27.94174 297.1863 -279.7734 -0.4484 -4.2272 5.0385 100.6549 53.3758 374.1044 427.8131 -26.9978 0.0000 0.0000
4930.03 18.07.2018 15.10.01 27.91000 296.9979 -166.6904 -0.2671 -3.7906 4.6980 94.5397 50.0785 370.9527 424.8046 -24.4500 0.0000 0.0000
4940.03 18.07.2018 15.20.01 27.89630 296.7272 -62.5199 -0.1002 -3.4770 4.5024 90.7508 48.0647 368.0301 421.7869 -24.8932 0.0000 0.0000
4950.03 18.07.2018 15.30.01 27.89834 296.4668 -18.0195 -0.0289 -3.2774 4.3314 87.3207 46.2469 365.1988 418.7210 -25.6668 0.0000 0.0000
4960.03 18.07.2018 15.40.01 27.90627 296.2433 -7.4233 -0.0119 -3.1356 4.1649 83.9621 44.4683 362.4870 415.9705 -25.3071 0.0000 0.0000
4970.03 18.07.2018 15.50.01 27.91458 296.0262 -12.1663 -0.0195 -3.0189 3.9992 80.6157 42.6964 359.7936 413.3150 -24.5824 0.0000 0.0000
4980.03 18.07.2018 16.00.01 27.92065 295.7952 -24.7978 -0.0397 -2.9151 3.8338 77.2876 40.9341 357.1073 410.7221 -23.6781 0.0000 0.0000
4990.03 18.07.2018 16.10.01 27.92321 296.0203 -8.4425 -0.0135 -2.8159 3.7365 83.4856 44.1092 356.8329 409.7309 -19.8400 0.0000 0.0000
5000.03 18.07.2018 16.20.01 27.92819 296.2406 48.4531 0.0776 -2.7356 3.7510 90.8261 47.8840 357.1045 409.4344 -17.5749 0.0000 0.0000
5010.03 18.07.2018 16.30.01 27.94286 296.4572 83.6850 0.1341 -2.7049 3.7853 98.3223 51.7364 357.6408 409.5698 -15.9820 0.0000 0.0000
5020.03 18.07.2018 16.40.01 27.96435 296.7006 195.3123 0.3130 -2.7045 4.0234 108.9252 57.1408 358.2972 410.3109 -14.8419 0.0000 0.0000
5030.03 18.07.2018 16.50.01 28.00530 296.9629 337.7013 0.5412 -2.7962 4.4499 119.9382 62.6485 359.1218 411.4392 -14.2475 0.0000 0.0000
5040.03 18.07.2018 17.00.01 28.07153 297.2277 473.5069 0.7588 -3.0045 5.0178 132.0735 68.7246 359.9837 412.9707 -14.1941 0.0000 0.0000
5050.03 18.07.2018 17.10.01 28.16100 296.9754 378.3451 0.6063 -3.3245 5.2411 126.8265 65.9071 359.8949 412.7835 -18.2504 0.0000 0.0000
5060.03 18.07.2018 17.20.01 28.23324 296.6373 215.4478 0.3453 -3.5708 5.2214 119.4628 62.0053 359.0688 411.4592 -21.9103 0.0000 0.0000
5070.03 18.07.2018 17.30.01 28.27578 296.2898 77.4603 0.1241 -3.6939 5.0907 109.1859 56.4411 357.8167 409.3642 -24.2832 0.0000 0.0000
5080.03 18.07.2018 17.40.01 28.29241 295.9452 -63.2914 -0.1014 -3.7216 4.8269 95.4144 49.3688 356.4523 407.1865 -25.6997 0.0000 0.0000
5090.03 18.07.2018 17.50.01 28.28253 295.5955 -195.5610 -0.3134 -3.6543 4.4545 85.0725 44.0146 354.9727 404.6978 -25.9360 0.0000 0.0000
5100.03 18.07.2018 18.00.01 28.24731 295.2432 -309.5621 -0.4961 -3.5005 4.0059 74.3975 38.5176 353.4508 402.0976 -25.5833 0.0000 0.0000
5110.03 18.07.2018 18.10.01 28.19009 294.8740 -347.2376 -0.5565 -3.2760 3.6260 65.4072 33.8142 351.4623 399.5406 -23.6070 0.0000 0.0000
5120.03 18.07.2018 18.20.01 28.12411 294.5102 -400.0109 -0.6410 -3.0456 3.2061 56.0941 28.9470 349.4656 396.8978 -21.7258 0.0000 0.0000
5130.03 18.07.2018 18.30.01 28.04687 294.1541 -459.1418 -0.7358 -2.7938 2.7439 46.5318 23.9628 347.4363 394.2088 -19.7027 0.0000 0.0000
5140.03 18.07.2018 18.40.01 27.95699 293.8001 -593.1144 -0.9505 -2.5135 2.0839 34.0480 17.5245 345.4128 391.3508 -17.1667 0.0000 0.0000
5150.03 18.07.2018 18.50.01 27.84182 293.4454 -759.6406 -1.2174 -2.1420 1.2328 22.0829 11.5062 343.3254 388.4700 -14.5438 0.0000 0.0000
5160.03 18.07.2018 19.00.01 27.69610 293.0913 -773.5486 -1.2397 -1.6540 0.5525 10.5912 5.6423 341.2084 385.5801 -11.9085 0.0000 0.0000
5170.03 18.07.2018 19.10.01 27.54653 292.8481 -549.8400 -0.8812 -1.1800 0.3984 7.8768 4.1810 341.0174 383.5970 -9.7129 0.0000 0.0000
5180.03 18.07.2018 19.20.01 27.43408 292.6161 -423.5482 -0.6788 -0.9122 0.3112 6.1886 3.2831 341.1312 382.0291 -8.4040 0.0000 0.0000
5190.03 18.07.2018 19.30.01 27.34292 292.3883 -361.9741 -0.5801 -0.7570 0.2359 4.6810 2.4841 341.3540 380.6432 -7.5240 0.0000 0.0000
5200.03 18.07.2018 19.40.01 27.26223 292.1627 -333.4563 -0.5344 -0.6565 0.1628 3.2065 1.7032 341.6361 379.3836 -6.9406 0.0000 0.0000
5210.03 18.07.2018 19.50.01 27.18624 291.9401 -320.9804 -0.5144 -0.5820 0.0901 1.7380 0.9257 341.9557 378.2232 -6.5594 0.0000 0.0000
5220.03 18.07.2018 20.00.01 27.11224 291.7042 -316.9166 -0.5079 -0.5211 0.0176 0.2726 0.1498 342.3217 377.1400 -6.3970 0.0000 0.0000
5230.03 18.07.2018 20.10.01 27.03857 291.6165 -291.5698 -0.4673 -0.4696 0.0031 0.0469 0.0257 344.0493 376.5609 -6.0848 0.0000 0.0000
5240.03 18.07.2018 20.20.01 26.96890 291.5358 -276.8651 -0.4437 -0.4441 0.0006 0.0087 0.0048 345.9174 376.1343 -6.1866 0.0000 0.0000
5250.03 18.07.2018 20.30.01 26.90157 291.4624 -270.5074 -0.4335 -0.4336 0.0001 0.0015 0.0008 347.8230 375.8127 -6.4806 0.0000 0.0000
5260.03 18.07.2018 20.40.01 26.83526 291.3783 -268.8651 -0.4309 -0.4309 0.0000 0.0003 0.0002 349.7568 375.5714 -6.9249 0.0000 0.0000
5270.03 18.07.2018 20.50.01 26.76907 291.2959 -269.0103 -0.4311 -0.4311 0.0000 0.0001 0.0000 351.7172 375.4117 -7.4639 0.0000 0.0000
5280.03 18.07.2018 21.00.01 26.70236 291.2134 -269.3284 -0.4316 -0.4316 0.0000 0.0000 0.0000 353.6902 375.3161 -8.0914 0.0000 0.0000
5290.03 18.07.2018 21.10.01 26.63555 291.1293 -270.5037 -0.4335 -0.4335 0.0000 0.0000 0.0000 353.4782 375.0233 -8.1991 0.0000 0.0000
5300.03 18.07.2018 21.20.01 26.56841 291.0438 -273.5346 -0.4384 -0.4384 0.0000 0.0000 0.0000 353.1719 374.6748 -8.2272 0.0000 0.0000
5310.03 18.07.2018 21.30.01 26.50036 290.9597 -277.6873 -0.4450 -0.4450 0.0000 0.0000 0.0000 352.8547 374.3107 -8.2383 0.0000 0.0000
5320.03 18.07.2018 21.40.01 26.43121 290.8753 -282.2332 -0.4523 -0.4523 0.0000 0.0000 0.0000 352.5388 373.9349 -8.2473 0.0000 0.0000
5330.03 18.07.2018 21.50.01 26.36096 290.7929 -286.4979 -0.4591 -0.4591 0.0000 0.0000 0.0000 352.2216 373.5538 -8.2430 0.0000 0.0000
5340.03 18.07.2018 22.00.01 26.28973 290.7110 -290.3420 -0.4653 -0.4653 0.0000 0.0000 0.0000 351.9030 373.1674 -8.2317 0.0000 0.0000
5350.03 18.07.2018 22.10.01 26.21755 290.6506 -293.3372 -0.4701 -0.4701 0.0000 0.0000 0.0000 351.0299 372.7340 -8.0161 0.0000 0.0000
5360.03 18.07.2018 22.20.01 26.14468 290.5886 -296.5258 -0.4752 -0.4752 0.0000 0.0000 0.0000 350.1322 372.2668 -7.7890 0.0000 0.0000
5370.03 18.07.2018 22.30.01 26.07101 290.5246 -299.7481 -0.4804 -0.4804 0.0000 0.0000 0.0000 349.2273 371.7815 -7.5479 0.0000 0.0000
5380.03 18.07.2018 22.40.01 25.99658 290.4586 -302.8785 -0.4854 -0.4854 0.0000 0.0000 0.0000 348.3204 371.2800 -7.3064 0.0000 0.0000
5390.03 18.07.2018 22.50.01 25.92150 290.3923 -305.7344 -0.4900 -0.4900 0.0000 0.0000 0.0000 347.4133 370.7687 -7.0494 0.0000 0.0000
5400.03 18.07.2018 23.00.01 25.84561 290.3249 -307.4796 -0.4928 -0.4928 0.0000 0.0000 0.0000 346.5047 370.2475 -6.7898 0.0000 0.0000
5410.03 18.07.2018 23.10.01 25.76934 290.1443 -310.3233 -0.4973 -0.4973 0.0000 0.0000 0.0000 345.4228 369.5567 -7.0814 0.0000 0.0000
5420.03 18.07.2018 23.20.01 25.69219 289.9597 -314.4113 -0.5039 -0.5039 0.0000 0.0000 0.0000 344.3084 368.8243 -7.3224 0.0000 0.0000
5430.03 18.07.2018 23.30.01 25.61395 289.7765 -319.1331 -0.5114 -0.5114 0.0000 0.0000 0.0000 343.1821 368.0702 -7.5136 0.0000 0.0000
5440.03 18.07.2018 23.40.01 25.53457 289.5919 -323.7090 -0.5188 -0.5188 0.0000 0.0000 0.0000 342.0436 367.2966 -7.6924 0.0000 0.0000
5450.03 18.07.2018 23.50.01 25.45416 289.4115 -327.9748 -0.5256 -0.5256 0.0000 0.0000 0.0000 340.9027 366.5131 -7.8059 0.0000 0.0000
5460.03 19.07.2018 00.00.01 25.37267 289.2331 -331.7286 -0.5316 -0.5316 0.0000 0.0000 0.0000 339.7592 365.7201 -7.8879 0.0000 0.0000
5470.03 19.07.2018 00.10.01 25.29031 289.0285 -335.2342 -0.5372 -0.5372 0.0000 0.0000 0.0000 338.8560 364.9366 -8.0838 0.0000 0.0000
5480.03 19.07.2018 00.20.01 25.20706 288.8357 -337.9345 -0.5416 -0.5416 0.0000 0.0000 0.0000 337.9830 364.1823 -8.2012 0.0000 0.0000
5490.03 19.07.2018 00.30.01 25.12319 288.6388 -340.2568 -0.5453 -0.5453 0.0000 0.0000 0.0000 337.1092 363.4156 -8.3432 0.0000 0.0000
5500.03 19.07.2018 00.40.01 25.03896 288.4408 -343.0865 -0.5498 -0.5498 0.0000 0.0000 0.0000 336.2233 362.6346 -8.5118 0.0000 0.0000
5510.03 19.07.2018 00.50.01 24.95382 288.2394 -345.1125 -0.5531 -0.5531 0.0000 0.0000 0.0000 335.3309 361.8455 -8.6840 0.0000 0.0000
5520.03 19.07.2018 01.00.01 24.86822 288.0366 -347.6090 -0.5571 -0.5571 0.0000 0.0000 0.0000 334.4371 361.0523 -8.8528 0.0000 0.0000
5530.03 19.07.2018 01.10.01 24.78216 287.9361 -349.2000 -0.5596 -0.5596 0.0000 0.0000 0.0000 334.2699 360.4893 -8.5427 0.0000 0.0000
5540.03 19.07.2018 01.20.01 24.69610 287.8616 -346.7356 -0.5557 -0.5557 0.0000 0.0000 0.0000 334.1600 360.0053 -8.2245 0.0000 0.0000
5550.03 19.07.2018 01.30.01 24.61102 287.8135 -342.8381 -0.5494 -0.5494 0.0000 0.0000 0.0000 334.0728 359.5819 -7.8731 0.0000 0.0000
5560.03 19.07.2018 01.40.01 24.52697 287.7816 -338.8221 -0.5430 -0.5430 0.0000 0.0000 0.0000 334.0053 359.2026 -7.5377 0.0000 0.0000
5570.03 19.07.2018 01.50.01 24.44384 287.7164 -335.3669 -0.5374 -0.5374 0.0000 0.0000 0.0000 333.9118 358.8151 -7.3616 0.0000 0.0000
5580.03 19.07.2018 02.00.01 24.36144 287.5775 -333.2622 -0.5341 -0.5341 0.0000 0.0003 0.0002 333.7781 358.3484 -7.4705 0.0000 0.0000
5590.03 19.07.2018 02.10.01 24.27941 287.5078 -327.8065 -0.5253 -0.5322 0.0091 0.1946 0.1023 333.1610 357.9688 -7.3243 0.0000 0.0000
5600.03 19.07.2018 02.20.01 24.19793 287.4289 -327.5689 -0.5250 -0.5400 0.0201 0.4182 0.2206 332.4852 357.4808 -7.5051 0.0000 0.0000
5610.03 19.07.2018 02.30.01 24.11587 287.2487 -331.5408 -0.5313 -0.5548 0.0314 0.6466 0.3415 331.7114 356.7772 -8.2003 0.0000 0.0000
5620.03 19.07.2018 02.40.01 24.03256 287.1105 -337.9445 -0.5416 -0.5736 0.0427 0.8760 0.4630 330.9507 356.0727 -8.7840 0.0000 0.0000
5630.03 19.07.2018 02.50.01 23.94744 286.9989 -345.6299 -0.5539 -0.5944 0.0541 1.1055 0.5845 330.1957 355.3892 -9.2243 0.0000 0.0000
5640.03 19.07.2018 03.00.01 23.86047 286.8792 -353.2146 -0.5660 -0.6153 0.0657 1.3404 0.7089 329.4041 354.6907 -9.6179 0.0000 0.0000
5650.03 19.07.2018 03.10.01 23.77209 286.9121 -286.4695 -0.4591 -0.6304 0.2285 4.8048 2.5312 329.0013 354.6173 -8.9825 0.0000 0.0000
5660.03 19.07.2018 03.20.01 23.69595 286.9512 -235.6647 -0.3777 -0.6945 0.4224 8.7577 4.6223 328.7583 354.7437 -8.5980 0.0000 0.0000
5670.03 19.07.2018 03.30.01 23.62948 286.9862 -202.9995 -0.3253 -0.7916 0.6217 12.7912 6.7577 328.5815 354.9688 -8.3762 0.0000 0.0000
5680.03 19.07.2018 03.40.01 23.56960 287.0187 -180.7639 -0.2897 -0.9062 0.8221 16.8402 8.9014 328.4357 355.2730 -8.2525 0.0000 0.0000
5690.03 19.07.2018 03.50.01 23.51440 287.0578 -163.9198 -0.2627 -1.0296 1.0226 20.8918 11.0466 328.3103 355.6414 -8.2171 0.0000 0.0000
5700.03 19.07.2018 04.00.01 23.46304 287.0984 -150.5132 -0.2412 -1.1587 1.2234 24.9494 13.1950 328.2033 356.0494 -8.3022 0.0000 0.0000
5710.03 19.07.2018 04.10.01 23.41503 287.4555 -65.4595 -0.1049 -1.2882 1.5777 32.2870 17.0679 328.7201 357.1718 -7.3740 0.0000 0.0000
5720.03 19.07.2018 04.20.01 23.38311 287.8194 -0.5171 -0.0008 -1.4736 1.9637 40.1209 21.2139 329.4522 358.5696 -6.7905 0.0000 0.0000
5730.03 19.07.2018 04.30.01 23.36398 288.1858 44.1719 0.0708 -1.6956 2.3552 48.0367 25.4048 330.2845 360.1355 -6.4235 0.0000 0.0000
5740.03 19.07.2018 04.40.01 23.35427 288.5559 77.2105 0.1237 -1.9370 2.7476 55.9680 29.6042 331.1831 361.8400 -6.2196 0.0000 0.0000
5750.03 19.07.2018 04.50.01 23.35208 288.9293 153.8966 0.2466 -2.1878 3.2460 64.3200 33.9560 332.1344 363.6774 -6.1692 0.0000 0.0000
5760.03 19.07.2018 05.00.01 23.36440 289.3098 115.4876 0.1851 -2.4859 3.5613 79.9644 42.0864 333.2391 365.8183 -6.4945 0.0000 0.0000
5770.03 19.07.2018 05.10.01 23.37237 289.7004 255.6900 0.4098 -2.7317 4.1886 115.6911 60.2501 334.3290 368.8645 -8.0691 0.0000 0.0000
5780.03 19.07.2018 05.20.01 23.40814 290.1196 834.2253 1.3369 -3.0784 5.8870 160.5672 83.0898 335.8739 373.9055 -11.8311 0.0000 0.0000
5790.03 19.07.2018 05.30.01 23.54424 290.5650 748.9706 1.2003 -3.8901 6.7871 203.7674 105.5320 337.6470 379.7008 -16.0600 0.0000 0.0000
5800.03 19.07.2018 05.40.01 23.66854 291.0143 491.6118 0.7878 -4.5882 7.1681 199.4961 103.5979 339.4396 384.0827 -18.1677 0.0000 0.0000
5810.03 19.07.2018 05.50.01 23.75170 291.3895 469.8850 0.7530 -5.0357 7.7183 195.5061 101.7121 340.7005 387.4375 -19.1421 0.0000 0.0000
5820.03 19.07.2018 06.00.01 23.83239 291.7976 352.9881 0.5657 -5.4444 8.0135 191.2095 99.8310 341.8412 390.4310 -19.4211 0.0000 0.0000
5830.03 19.07.2018 06.10.01 23.89391 292.2159 185.1721 0.2968 -5.7361 8.0438 208.1675 108.6434 343.2525 393.8620 -17.1288 0.0000 0.0000
5840.03 19.07.2018 06.20.01 23.92755 292.5541 47.5195 0.0762 -5.8709 7.9294 225.1577 117.5818 344.9794 397.6194 -19.1037 0.0000 0.0000
5850.03 19.07.2018 06.30.01 23.93807 292.8977 -96.2151 -0.1542 -5.8776 7.6313 241.4504 126.2409 346.7216 400.5215 -26.6387 0.0000 0.0000
5860.03 19.07.2018 06.40.01 23.92407 293.4348 -249.9921 -0.4006 -5.7542 7.1381 249.4276 130.6786 348.7877 404.9834 -22.1038 0.0000 0.0000
5870.03 19.07.2018 06.50.01 23.88519 293.9497 -24.2807 -0.0389 -5.4948 7.2746 263.2156 138.1284 350.7490 409.7594 -21.9759 0.0000 0.0000
5880.03 19.07.2018 07.00.01 23.88580 294.2380 122.5890 0.1965 -5.4214 7.4904 277.5460 145.8441 352.5975 414.0750 -27.2028 0.0000 0.0000
5890.03 19.07.2018 07.10.01 23.91308 294.4034 278.0830 0.4456 -5.4604 7.8747 284.4683 149.7702 354.4594 418.2740 -29.7757 0.0000 0.0000
5900.03 19.07.2018 07.20.01 23.96868 294.4931 332.5659 0.5330 -5.6139 8.1958 290.1114 152.9771 355.9762 420.1692 -41.9815 0.0000 0.0000
5910.03 19.07.2018 07.30.01 24.03524 294.5039 374.3527 0.5999 -5.7953 8.5270 295.7134 156.1517 357.1432 421.4622 -52.2105 0.0000 0.0000
5920.03 19.07.2018 07.40.01 24.11059 294.9617 400.4338 0.6417 -5.9939 8.8476 321.2277 171.2026 359.0630 430.4457 -36.5143 0.0000 0.0000
5930.03 19.07.2018 07.50.01 24.19225 295.0400 430.9188 0.6906 -6.1927 9.1776 327.2728 174.5641 360.5219 431.7815 -56.5488 0.0000 0.0000
5940.03 19.07.2018 08.00.01 24.28124 295.0214 453.2141 0.7263 -6.3943 9.4942 336.6735 179.9487 361.2249 432.2701 -73.5297 0.0000 0.0000
5950.03 19.07.2018 08.10.01 24.37560 295.2486 428.9768 0.6875 -6.5966 9.7120 353.9726 189.4114 362.1441 434.9787 -73.9049 0.0000 0.0000
5960.03 19.07.2018 08.20.01 24.46758 295.4872 455.5085 0.7300 -6.7594 9.9859 373.2614 200.0244 363.4402 438.4620 -75.7214 0.0000 0.0000
5970.03 19.07.2018 08.30.01 24.56585 295.7333 496.1960 0.7952 -6.9247 10.2931 392.4072 210.5257 364.9682 442.2525 -78.1017 0.0000 0.0000
5980.03 19.07.2018 08.40.01 24.67294 295.9812 524.9858 0.8413 -7.1027 10.5921 409.2345 219.7744 366.5468 446.1289 -80.7160 0.0000 0.0000
5990.03 19.07.2018 08.50.01 24.78689 296.2277 527.5762 0.8455 -7.2827 10.8376 425.1807 228.5351 368.0170 449.9835 -83.4243 0.0000 0.0000
6000.03 19.07.2018 09.00.01 24.90331 296.4732 554.5081 0.8886 -7.4426 11.1083 441.1193 237.2738 369.5245 453.9477 -86.4738 0.0000 0.0000
6010.03 19.07.2018 09.10.01 25.02645 296.7304 633.2616 1.0148 -7.6038 11.4915 446.3115 240.1603 371.4989 457.7771 -86.1793 0.0000 0.0000
6020.03 19.07.2018 09.20.01 25.16494 296.9894 637.6584 1.0219 -7.8088 11.7742 457.4466 246.6894 373.3045 462.4461 -85.9543 0.0000 0.0000
6030.03 19.07.2018 09.30.01 25.30639 297.2310 661.7818 1.0605 -7.9934 12.0720 460.8616 248.5759 375.0430 465.7750 -86.4391 0.0000 0.0000
6040.03 19.07.2018 09.40.01 25.45397 297.4698 669.6986 1.0732 -8.1756 12.3317 464.4709 250.5458 376.7058 469.1057 -85.6686 0.0000 0.0000
6050.03 19.07.2018 09.50.01 25.60494 297.7012 699.2523 1.1206 -8.3415 12.6161 468.2118 252.5765 378.3883 472.3665 -85.0088 0.0000 0.0000
6060.03 19.07.2018 10.00.01 25.76293 297.9059 718.8386 1.1520 -8.5103 12.8831 470.8998 253.9895 380.0001 475.2875 -85.4678 0.0000 0.0000
6070.03 19.07.2018 10.10.01 25.92639 298.0308 760.6266 1.2190 -8.6735 13.1899 462.8954 249.6297 382.5062 478.0160 -76.3519 0.0000 0.0000
6080.03 19.07.2018 10.20.01 26.09881 298.7494 747.1710 1.1974 -8.8502 13.3969 451.1930 243.1274 384.6368 479.4262 -74.7638 0.0000 0.0000
6090.03 19.07.2018 10.30.01 26.27065 298.7146 725.6005 1.1628 -8.9926 13.5406 438.2282 235.9171 386.1145 477.4377 -86.0882 0.0000 0.0000
6100.03 19.07.2018 10.40.01 26.44079 298.8279 737.0103 1.1811 -9.0963 13.7032 427.5827 229.9698 388.3348 479.0737 -82.3774 0.0000 0.0000
6110.03 19.07.2018 10.50.01 26.61517 298.9531 751.1259 1.2037 -9.1882 13.8559 416.5808 223.8159 390.6622 479.0557 -85.2899 0.0000 0.0000
6120.03 19.07.2018 11.00.01 26.79308 299.0522 762.0966 1.2213 -9.2811 14.0032 405.0846 217.3707 392.2490 477.5799 -90.8723 0.0000 0.0000
6130.03 19.07.2018 11.10.01 26.97234 299.1124 484.5094 0.7765 -9.3684 13.5264 375.4232 201.2853 394.2305 477.7252 -74.6521 0.0000 0.0000
6140.03 19.07.2018 11.20.01 27.10357 299.0869 267.0729 0.4280 -9.2132 12.8550 342.6977 183.5123 394.9792 475.1716 -67.5832 0.0000 0.0000
6150.03 19.07.2018 11.30.01 27.19586 299.0340 138.4843 0.2219 -8.8898 12.1489 309.5681 165.5242 394.9713 470.6159 -69.3940 0.0000 0.0000
6160.03 19.07.2018 11.40.01 27.26360 298.8612 60.7534 0.0974 -8.4812 11.4381 277.8503 148.3176 395.4771 467.5664 -64.5994 0.0000 0.0000
6170.03 19.07.2018 11.50.01 27.31613 298.7470 14.3762 0.0230 -8.0244 10.7299 246.3890 131.2628 395.9747 463.0299 -63.8600 0.0000 0.0000
6180.03 19.07.2018 12.00.01 27.35940 298.5926 -16.0277 -0.0257 -7.5422 10.0220 215.2095 114.3745 396.1437 457.6059 -62.9901 0.0000 0.0000
6190.03 19.07.2018 12.10.01 27.39642 298.5209 97.5845 0.1564 -7.0564 9.6170 208.5113 110.7308 394.5239 454.3024 -58.5724 0.0000 0.0000
6200.03 19.07.2018 12.20.01 27.45159 298.4793 242.0965 0.3880 -6.6942 9.4429 205.6277 109.1973 393.5436 452.0754 -55.5649 0.0000 0.0000
6210.03 19.07.2018 12.30.01 27.53030 298.4501 316.9604 0.5079 -6.4732 9.3082 203.4406 108.0502 392.8575 450.3053 -53.1155 0.0000 0.0000
6220.03 19.07.2018 12.40.01 27.62097 298.4264 347.7089 0.5572 -6.3280 9.1803 201.3847 106.9740 392.2853 448.8276 -51.0228 0.0000 0.0000
6230.03 19.07.2018 12.50.01 27.71606 298.4068 356.6091 0.5715 -6.2193 9.0544 199.3434 105.9049 391.7610 447.5389 -49.2635 0.0000 0.0000
6240.03 19.07.2018 13.00.01 27.81179 298.3892 354.4325 0.5680 -6.1290 8.9293 197.2844 104.8228 391.2628 446.3898 -47.8001 0.0000 0.0000
6250.03 19.07.2018 13.10.01 27.90661 298.4620 440.7086 0.7063 -6.0506 9.0091 217.4055 115.7579 388.7236 446.4351 -50.1162 0.0000 0.0000
6260.03 19.07.2018 13.20.01 28.01544 298.5787 571.1866 0.9154 -6.0637 9.3054 240.9165 128.5597 386.7056 447.4568 -53.8263 0.0000 0.0000
6270.03 19.07.2018 13.30.01 28.14611 298.6960 641.2037 1.0276 -6.1987 9.6350 264.7533 141.5303 384.9674 448.9567 -58.0502 0.0000 0.0000
6280.03 19.07.2018 13.40.01 28.28851 298.8023 671.5172 1.0762 -6.3968 9.9639 289.2068 154.8240 383.3163 450.7395 -62.3310 0.0000 0.0000
6290.03 19.07.2018 13.50.01 28.43603 298.8941 686.7977 1.1006 -6.6227 10.2979 313.4432 167.9838 381.7043 452.7957 -67.1435 0.0000 0.0000
6300.03 19.07.2018 14.00.01 28.58615 298.9874 688.2092 1.1029 -6.8625 10.6206 336.7716 180.6105 380.1039 455.0260 -72.0321 0.0000 0.0000
6310.03 19.07.2018 14.10.01 28.73577 298.8800 560.4892 0.8982 -7.1031 10.6684 319.8634 171.1852 380.5981 454.8243 -72.3750 0.0000 0.0000
6320.03 19.07.2018 14.20.01 28.86208 298.7408 319.3321 0.5118 -7.2345 10.3283 301.8742 161.4105 380.1548 453.5570 -71.5770 0.0000 0.0000
6330.03 19.07.2018 14.30.01 28.94570 298.6027 179.2428 0.2872 -7.1715 9.9449 283.8695 151.6613 379.3300 451.5733 -70.5515 0.0000 0.0000
6340.03 19.07.2018 14.40.01 29.00344 298.4656 107.6140 0.1725 -7.0075 9.5733 264.8185 141.3100 378.4231 449.0275 -68.7069 0.0000 0.0000
6350.03 19.07.2018 14.50.01 29.04705 298.3309 70.9894 0.1138 -6.8019 9.2208 246.8006 131.5641 377.3512 446.1755 -66.7807 0.0000 0.0000
6360.03 19.07.2018 15.00.01 29.08257 298.1952 26.9427 0.0432 -6.5831 8.8350 227.9456 121.3404 376.1074 443.0307 -63.9325 0.0000 0.0000
6370.03 19.07.2018 15.10.01 29.10879 298.0155 -8.0087 -0.0128 -6.3502 8.4498 214.2888 113.9913 374.9135 440.3763 -60.4267 0.0000 0.0000
6380.03 19.07.2018 15.20.01 29.12786 297.8399 -13.4690 -0.0216 -6.1046 8.1107 201.0102 106.8336 373.7927 437.7566 -57.0474 0.0000 0.0000
6390.03 19.07.2018 15.30.01 29.14443 297.6648 -23.7050 -0.0380 -5.8731 7.7801 187.8173 99.7206 372.6716 435.1326 -53.7274 0.0000 0.0000
6400.03 19.07.2018 15.40.01 29.15768 297.4890 -39.2486 -0.0629 -5.6497 7.4491 174.2554 92.4373 371.5369 432.5001 -50.4069 0.0000 0.0000
6410.03 19.07.2018 15.50.01 29.16680 297.3125 -55.1920 -0.0884 -5.4297 7.1217 161.0950 85.3922 370.3932 429.8925 -47.1448 0.0000 0.0000
6420.03 19.07.2018 16.00.01 29.17175 297.1359 -75.4317 -0.1209 -5.2131 6.7897 147.4880 78.0812 369.2236 427.1860 -43.8603 0.0000 0.0000
6430.03 19.07.2018 16.10.01 29.17166 297.0350 -85.5128 -0.1370 -4.9951 6.4774 145.4650 76.9117 367.4709 425.0841 -41.6556 0.0000 0.0000
6440.03 19.07.2018 16.20.01 29.16873 296.9378 -43.7799 -0.0702 -4.7860 6.2877 144.8132 76.4710 365.9705 423.3536 -40.6290 0.0000 0.0000
6450.03 19.07.2018 16.30.01 29.17156 296.8417 -22.4921 -0.0360 -4.6284 6.1231 144.7295 76.3514 364.6359 421.8518 -39.9420 0.0000 0.0000
6460.03 19.07.2018 16.40.01 29.17718 296.7500 51.7230 0.0829 -4.5030 6.1145 146.6670 77.2438 363.3265 420.6344 -39.2148 0.0000 0.0000
6470.03 19.07.2018 16.50.01 29.19464 296.6564 135.8780 0.2178 -4.4531 6.2279 148.8007 78.1615 362.0783 419.4853 -39.2481 0.0000 0.0000
6480.03 19.07.2018 17.00.01 29.22585 296.5644 202.8264 0.3250 -4.4847 6.4130 151.6578 79.4605 360.8221 418.5078 -39.5687 0.0000 0.0000
6490.03 19.07.2018 17.10.01 29.26714 296.3335 39.4318 0.0632 -4.5825 6.1943 140.2799 73.3993 359.5529 416.6207 -38.8338 0.0000 0.0000
6500.03 19.07.2018 17.20.01 29.27892 296.0940 -126.9484 -0.2034 -4.5538 5.8004 127.3284 66.5283 357.9672 414.2847 -36.7361 0.0000 0.0000
6510.03 19.07.2018 17.30.01 29.26025 295.8539 -254.4210 -0.4077 -4.4027 5.3266 112.1624 58.3903 356.1730 411.5517 -33.7736 0.0000 0.0000
6520.03 19.07.2018 17.40.01 29.21740 295.6174 -367.5493 -0.5890 -4.1663 4.7697 94.5187 49.1875 354.3205 408.9209 -29.7405 0.0000 0.0000
6530.03 19.07.2018 17.50.01 29.15286 295.3822 -468.7278 -0.7512 -3.8573 4.1415 79.4933 41.2925 352.4023 406.1100 -25.7370 0.0000 0.0000
6540.03 19.07.2018 18.00.01 29.06857 295.1461 -552.7661 -0.8858 -3.4876 3.4690 64.2979 33.3285 350.4556 403.2052 -22.0076 0.0000 0.0000
6550.03 19.07.2018 18.10.01 28.96792 294.8069 -474.4129 -0.7603 -3.0744 3.0855 55.7055 28.8063 348.9112 400.5602 -20.0165 0.0000 0.0000
6560.03 19.07.2018 18.20.01 28.87811 294.4702 -447.6088 -0.7173 -2.7574 2.7202 47.6649 24.6001 347.5022 398.0367 -18.4024 0.0000 0.0000
6570.03 19.07.2018 18.30.01 28.79080 294.1351 -462.8098 -0.7417 -2.4879 2.3283 39.4216 20.2924 346.1315 395.5081 -16.8085 0.0000 0.0000
6580.03 19.07.2018 18.40.01 28.69851 293.8005 -561.2743 -0.8995 -2.2265 1.7694 28.9494 14.9012 344.7934 392.8706 -15.0990 0.0000 0.0000
6590.03 19.07.2018 18.50.01 28.58715 293.4642 -696.7559 -1.1166 -1.9031 1.0487 18.8047 9.7985 343.4412 390.2169 -13.3793 0.0000 0.0000
6600.03 19.07.2018 19.00.01 28.45065 293.1273 -707.9057 -1.1345 -1.4888 0.4724 9.0603 4.8264 342.0895 387.5597 -11.7396 0.0000 0.0000
6610.03 19.07.2018 19.10.01 28.31072 292.7629 -521.8431 -0.8363 -1.0923 0.3413 6.7484 3.5820 340.6058 385.2688 -10.9623 0.0000 0.0000
6620.03 19.07.2018 19.20.01 28.20065 292.4019 -423.6710 -0.6790 -0.8790 0.2667 5.3039 2.8138 339.2581 383.2164 -10.6010 0.0000 0.0000
6630.03 19.07.2018 19.30.01 28.10598 292.0409 -383.7215 -0.6149 -0.7666 0.2022 4.0122 2.1292 337.9704 381.2589 -10.4233 0.0000 0.0000
6640.03 19.07.2018 19.40.01 28.01699 291.6787 -372.6679 -0.5972 -0.7019 0.1396 2.7484 1.4599 336.7077 379.3660 -10.3622 0.0000 0.0000
6650.03 19.07.2018 19.50.01 27.92880 291.3195 -375.2780 -0.6014 -0.6594 0.0773 1.4897 0.7934 335.4561 377.5256 -10.3809 0.0000 0.0000
6660.03 19.07.2018 20.00.01 27.83904 290.9589 -384.1126 -0.6156 -0.6269 0.0151 0.2336 0.1284 334.2138 375.7240 -10.4739 0.0000 0.0000
6670.03 19.07.2018 20.10.01 27.74691 290.7759 -370.9676 -0.5945 -0.5965 0.0027 0.0402 0.0220 333.4058 374.3572 -9.6123 0.0000 0.0000
6680.03 19.07.2018 20.20.01 27.65679 290.6017 -361.8455 -0.5799 -0.5802 0.0005 0.0075 0.0041 332.6938 373.1312 -8.9442 0.0000 0.0000
6690.03 19.07.2018 20.30.01 27.56808 290.4314 -358.0276 -0.5738 -0.5738 0.0001 0.0013 0.0007 332.0212 371.9953 -8.4002 0.0000 0.0000
6700.03 19.07.2018 20.40.01 27.47985 290.2633 -358.0028 -0.5737 -0.5737 0.0000 0.0002 0.0001 331.3753 370.9298 -7.9600 0.0000 0.0000
6710.03 19.07.2018 20.50.01 27.39108 290.0974 -359.2070 -0.5757 -0.5757 0.0000 0.0000 0.0000 330.7513 369.9250 -7.5957 0.0000 0.0000
6720.03 19.07.2018 21.00.01 27.30193 289.9326 -362.6234 -0.5811 -0.5811 0.0000 0.0000 0.0000 330.1468 368.9701 -7.2979 0.0000 0.0000
6730.03 19.07.2018 21.10.01 27.21185 289.7208 -367.1332 -0.5884 -0.5884 0.0000 0.0000 0.0000 329.7795 368.0203 -7.3981 0.0000 0.0000
6740.03 19.07.2018 21.20.01 27.12048 289.5093 -373.2680 -0.5982 -0.5982 0.0000 0.0000 0.0000 329.4220 367.1013 -7.5533 0.0000 0.0000
6750.03 19.07.2018 21.30.01 27.02755 289.2976 -379.7824 -0.6086 -0.6086 0.0000 0.0000 0.0000 329.0717 366.2102 -7.7358 0.0000 0.0000
6760.03 19.07.2018 21.40.01 26.93295 289.0864 -386.0402 -0.6187 -0.6187 0.0000 0.0000 0.0000 328.7288 365.3406 -7.9566 0.0000 0.0000
6770.03 19.07.2018 21.50.01 26.83685 288.8756 -392.3094 -0.6287 -0.6287 0.0000 0.0000 0.0000 328.3917 364.4931 -8.1915 0.0000 0.0000
6780.03 19.07.2018 22.00.01 26.73925 288.6650 -398.2536 -0.6382 -0.6382 0.0000 0.0000 0.0000 328.0605 363.6622 -8.4549 0.0000 0.0000
6790.03 19.07.2018 22.10.01 26.64019 288.4676 -403.5574 -0.6467 -0.6467 0.0000 0.0000 0.0000 326.7210 362.7154 -8.5358 0.0000 0.0000
6800.03 19.07.2018 22.20.01 26.53982 288.2690 -410.1747 -0.6573 -0.6573 0.0000 0.0000 0.0000 325.3424 361.7306 -8.5761 0.0000 0.0000
6810.03 19.07.2018 22.30.01 26.43774 288.0673 -417.0400 -0.6683 -0.6683 0.0000 0.0000 0.0000 323.9561 360.7317 -8.5940 0.0000 0.0000
6820.03 19.07.2018 22.40.01 26.33392 287.8700 -423.5686 -0.6788 -0.6788 0.0000 0.0000 0.0000 322.5745 359.7288 -8.5755 0.0000 0.0000
6830.03 19.07.2018 22.50.01 26.22854 287.6730 -429.8146 -0.6888 -0.6888 0.0000 0.0000 0.0000 321.1935 358.7224 -8.5318 0.0000 0.0000
6840.03 19.07.2018 23.00.01 26.12176 287.4759 -435.7896 -0.6984 -0.6984 0.0000 0.0000 0.0000 319.8117 357.7120 -8.4741 0.0000 0.0000
6850.03 19.07.2018 23.10.01 26.01345 287.2535 -440.9058 -0.7066 -0.7066 0.0000 0.0000 0.0000 318.9244 356.7583 -8.5248 0.0000 0.0000
6860.03 19.07.2018 23.20.01 25.90402 287.0612 -445.2735 -0.7136 -0.7136 0.0000 0.0000 0.0000 318.0884 355.8824 -8.4390 0.0000 0.0000
6870.03 19.07.2018 23.30.01 25.79360 286.8563 -448.7856 -0.7192 -0.7192 0.0000 0.0000 0.0000 317.2514 354.9878 -8.4825 0.0000 0.0000
6880.03 19.07.2018 23.40.01 25.68228 286.6314 -453.2710 -0.7264 -0.7264 0.0000 0.0000 0.0000 316.4109 354.0648 -8.7180 0.0000 0.0000
6890.03 19.07.2018 23.50.01 25.56957 286.4225 -459.4978 -0.7364 -0.7364 0.0000 0.0000 0.0000 315.5500 353.1315 -8.9677 0.0000 0.0000
6900.03 20.07.2018 00.00.01 25.45526 286.2242 -466.8112 -0.7481 -0.7481 0.0000 0.0000 0.0000 314.6725 352.1887 -9.2307 0.0000 0.0000
6910.03 20.07.2018 00.10.01 25.33923 286.0796 -473.1738 -0.7583 -0.7583 0.0000 0.0000 0.0000 313.6851 351.3281 -8.9767 0.0000 0.0000
6920.03 20.07.2018 00.20.01 25.22204 285.9348 -476.7677 -0.7641 -0.7641 0.0000 0.0000 0.0000 312.7045 350.4792 -8.7435 0.0000 0.0000
6930.03 20.07.2018 00.30.01 25.10397 285.7829 -478.2847 -0.7665 -0.7665 0.0000 0.0000 0.0000 311.7282 349.6340 -8.5432 0.0000 0.0000
6940.03 20.07.2018 00.40.01 24.98583 285.6289 -480.4577 -0.7700 -0.7700 0.0000 0.0000 0.0000 310.7606 348.7948 -8.3688 0.0000 0.0000
6950.03 20.07.2018 00.50.01 24.86682 285.4684 -480.6632 -0.7703 -0.7703 0.0000 0.0000 0.0000 309.7971 347.9561 -8.2274 0.0000 0.0000
6960.03 20.07.2018 01.00.01 24.74780 285.3030 -481.7879 -0.7721 -0.7721 0.0000 0.0000 0.0000 308.8404 347.1192 -8.1070 0.0000 0.0000
6970.03 20.07.2018 01.10.01 24.62878 285.1349 -483.6652 -0.7751 -0.7751 0.0000 0.0000 0.0000 308.2658 346.3322 -8.1008 0.0000 0.0000
6980.03 20.07.2018 01.20.01 24.50948 284.9579 -484.1407 -0.7759 -0.7759 0.0000 0.0000 0.0000 307.7369 345.5560 -8.1750 0.0000 0.0000
6990.03 20.07.2018 01.30.01 24.39025 284.8005 -484.0349 -0.7757 -0.7757 0.0000 0.0000 0.0000 307.2018 344.8069 -8.2088 0.0000 0.0000
7000.03 20.07.2018 01.40.01 24.27117 284.6419 -483.8219 -0.7754 -0.7754 0.0000 0.0000 0.0000 306.6613 344.0674 -8.2534 0.0000 0.0000
7010.03 20.07.2018 01.50.01 24.15215 284.4857 -483.4438 -0.7748 -0.7748 0.0000 0.0000 0.0000 306.1210 343.3393 -8.3007 0.0000 0.0000
7020.03 20.07.2018 02.00.01 24.03314 284.3310 -482.7449 -0.7736 -0.7736 0.0000 0.0004 0.0002 305.5813 342.6240 -8.3402 0.0000 0.0000
7030.03 20.07.2018 02.10.01 23.91415 284.1970 -477.5371 -0.7653 -0.7730 0.0103 0.2200 0.1156 305.4199 342.0294 -8.2987 0.0000 0.0000
7040.03 20.07.2018 02.20.01 23.79608 284.0729 -474.6072 -0.7606 -0.7776 0.0227 0.4727 0.2494 305.2893 341.4762 -8.3019 0.0000 0.0000
7050.03 20.07.2018 02.30.01 23.67831 283.9487 -472.4640 -0.7572 -0.7837 0.0355 0.7310 0.3861 305.1704 340.9439 -8.3498 0.0000 0.0000
7060.03 20.07.2018 02.40.01 23.56091 283.8236 -471.4109 -0.7555 -0.7917 0.0483 0.9902 0.5233 305.0562 340.4279 -8.4343 0.0000 0.0000
7070.03 20.07.2018 02.50.01 23.44378 283.6992 -471.1312 -0.7550 -0.8009 0.0611 1.2497 0.6607 304.9435 339.9234 -8.5547 0.0000 0.0000
7080.03 20.07.2018 03.00.01 23.32672 283.5770 -470.9603 -0.7547 -0.8104 0.0742 1.5139 0.8006 304.8260 339.4316 -8.6918 0.0000 0.0000
7090.03 20.07.2018 03.10.01 23.20999 283.6314 -408.2116 -0.6542 -0.8182 0.2187 4.5859 2.4167 304.5281 339.3334 -8.1929 0.0000 0.0000
7100.03 20.07.2018 03.20.01 23.10461 283.6878 -362.2239 -0.5805 -0.8732 0.3903 8.0826 4.2666 304.3494 339.3850 -7.9103 0.0000 0.0000
7110.03 20.07.2018 03.30.01 23.00790 283.7427 -333.3087 -0.5341 -0.9590 0.5665 11.6495 6.1549 304.2239 339.5195 -7.7413 0.0000 0.0000
7120.03 20.07.2018 03.40.01 22.91696 283.7977 -313.9495 -0.5031 -1.0609 0.7437 15.2298 8.0505 304.1306 339.7126 -7.6820 0.0000 0.0000
7130.03 20.07.2018 03.50.01 22.83010 283.8532 -299.3302 -0.4797 -1.1704 0.9210 18.8124 9.9474 304.0582 339.9579 -7.6919 0.0000 0.0000
7140.03 20.07.2018 04.00.01 22.74648 283.9100 -287.3731 -0.4605 -1.2842 1.0983 22.3950 11.8443 304.0021 340.2543 -7.7343 0.0000 0.0000
7150.03 20.07.2018 04.10.01 22.66570 284.2546 -282.0934 -0.4521 -1.3993 1.2630 25.7079 13.5994 304.4480 340.9653 -6.4500 0.0000 0.0000
7160.03 20.07.2018 04.20.01 22.58694 284.6174 -272.2333 -0.4363 -1.5051 1.4250 28.9799 15.3320 304.9839 341.7834 -5.2654 0.0000 0.0000
7170.03 20.07.2018 04.30.01 22.51110 284.9810 -259.1979 -0.4154 -1.6054 1.5867 32.2452 17.0609 305.5482 342.6762 -4.1952 0.0000 0.0000
7180.03 20.07.2018 04.40.01 22.43862 285.3412 -244.6362 -0.3920 -1.7032 1.7482 35.5092 18.7891 306.1337 343.6301 -3.2343 0.0000 0.0000
7190.03 20.07.2018 04.50.01 22.36981 285.6951 -229.8184 -0.3683 -1.8006 1.9098 38.7730 20.5172 306.7454 344.6389 -2.3667 0.0000 0.0000
