# simtime date time IndoorTemp Av_Tair_at_facade Energyflux.toIndoor.sum  Energyflux.toIndoor.average Energyflux.Conduction.average Energyflux.SW.transmission.average Shortwave.availabe Shortwave.absorbed Longwave.available Longwave.emittedFacade Sensible.outside Vapour.fromGreening Vapour.fromSubstrate
10.02 15.07.2018 05.10.00 19.90688 288.5679 127.6790 0.4433 -0.4822 1.2341 255.7526 143.4141 323.0201 388.2449 -33.5341 0.0000 0.0000
20.02 15.07.2018 05.20.00 19.94006 289.2364 170.6232 0.5924 -0.8942 1.9821 413.3612 232.9547 325.8488 410.9231 -50.6646 0.0000 0.0000
30.03 15.07.2018 05.30.01 19.99377 289.9467 230.8130 0.8014 -1.3263 2.8370 541.1523 306.3653 330.0754 436.1728 -67.2570 0.0000 0.0000
40.03 15.07.2018 05.40.01 20.07714 290.6415 265.5282 0.9220 -1.8001 3.6295 273.1727 148.7770 334.6120 404.8984 -40.2807 0.0000 0.0000
50.03 15.07.2018 05.50.01 20.17544 291.0027 144.3817 0.5013 -2.2584 3.6796 226.4212 124.0675 336.7753 403.9058 -36.3409 0.0000 0.0000
60.03 15.07.2018 06.00.01 20.23324 291.5068 80.0395 0.2779 -2.4490 3.6359 271.3998 144.8233 338.5039 403.6995 -33.8874 0.0000 0.0000
70.03 15.07.2018 06.10.01 20.27023 291.7901 62.9791 0.2187 -2.4942 3.6172 327.3082 170.1411 339.8486 404.4834 -35.6182 0.0000 0.0000
80.03 15.07.2018 06.20.01 20.30309 292.0784 83.4440 0.2897 -2.4898 3.7060 392.0336 201.4624 341.3124 408.9421 -42.4692 0.0000 0.0000
90.03 15.07.2018 06.30.01 20.34512 292.3721 98.8452 0.3432 -2.5043 3.7967 436.6181 221.4879 342.9401 411.8390 -49.8529 0.0000 0.0000
100.03 15.07.2018 06.40.01 20.39440 292.6703 123.9054 0.4302 -2.5298 3.9467 425.5617 215.7785 344.7521 417.3502 -57.8412 0.0000 0.0000
110.03 15.07.2018 06.50.01 20.46014 292.9782 451.8453 1.5689 -2.6115 5.5739 426.9659 216.4306 346.7907 422.7609 -65.3804 0.0000 0.0000
120.03 15.07.2018 07.00.01 20.64953 293.3253 707.3859 2.4562 -3.2690 7.6337 431.2070 218.4543 348.7565 427.8437 -72.0232 0.0000 0.0000
130.03 15.07.2018 07.10.01 20.93578 293.6621 829.1973 2.8792 -4.3441 9.6311 455.0536 231.8994 350.7324 435.6990 -75.6968 0.0000 0.0000
140.03 15.07.2018 07.20.01 21.27047 294.0064 884.6808 3.0718 -5.5873 11.5455 460.9517 234.6373 352.7456 440.6622 -77.3843 0.0000 0.0000
150.03 15.07.2018 07.30.01 21.62911 294.3542 902.6447 3.1342 -6.8796 13.3518 466.1646 237.0440 354.8168 445.1885 -79.0983 0.0000 0.0000
160.03 15.07.2018 07.40.01 21.99783 294.6939 909.5658 3.1582 -8.1579 15.0881 472.7347 240.1120 356.8113 449.3796 -80.5227 0.0000 0.0000
170.03 15.07.2018 07.50.01 22.37106 295.0342 852.1622 2.9589 -9.4018 16.4810 478.9770 243.2418 358.8663 453.4070 -82.0099 0.0000 0.0000
180.03 15.07.2018 08.00.01 22.72521 295.3724 782.8276 2.7182 -10.5016 17.6263 484.2540 245.9787 360.9029 457.2008 -83.2914 0.0000 0.0000
190.03 15.07.2018 08.10.01 23.05724 295.6654 805.0110 2.7952 -11.4522 18.9965 489.1907 248.3833 363.0449 461.3988 -79.7495 0.0000 0.0000
200.03 15.07.2018 08.20.01 23.40014 295.9158 863.6627 2.9988 -12.4216 20.5606 493.8309 250.4642 365.0064 464.9496 -81.8482 0.0000 0.0000
210.03 15.07.2018 08.30.01 23.76528 296.0855 823.1466 2.8581 -13.4625 21.7609 497.8555 252.4492 366.9989 467.7130 -87.5499 0.0000 0.0000
220.03 15.07.2018 08.40.01 24.11764 296.1808 797.5068 2.7691 -14.4028 22.8958 502.4787 254.6926 368.9367 471.0201 -87.4835 0.0000 0.0000
230.03 15.07.2018 08.50.01 24.46163 296.3918 770.8033 2.6764 -15.2788 23.9402 506.4316 256.6022 370.9142 474.3138 -88.1401 0.0000 0.0000
240.03 15.07.2018 09.00.01 24.79879 296.7464 834.3384 2.8970 -16.0913 25.3177 510.6246 258.4047 373.0621 477.6178 -89.2695 0.0000 0.0000
250.03 15.07.2018 09.10.01 25.15872 297.1770 730.6780 2.5371 -16.9761 26.0175 510.9057 258.5090 374.8543 481.8403 -72.6249 0.0000 0.0000
260.03 15.07.2018 09.20.01 25.48312 297.6601 683.4619 2.3731 -17.6444 26.6900 511.9550 259.0956 376.5449 484.2977 -79.5040 0.0000 0.0000
270.03 15.07.2018 09.30.01 25.79089 297.7048 643.5748 2.2346 -18.2153 27.2666 512.5156 259.4603 377.7197 483.6276 -99.8847 0.0000 0.0000
280.03 15.07.2018 09.40.01 26.08441 298.1830 629.6978 2.1865 -18.7100 27.8620 514.5746 260.5585 379.5970 486.3420 -97.4933 0.0000 0.0000
290.03 15.07.2018 09.50.01 26.37356 298.6281 612.2378 2.1258 -19.1643 28.3868 516.3746 261.5541 381.7426 489.2867 -96.7269 0.0000 0.0000
300.03 15.07.2018 10.00.01 26.65655 298.2199 564.6632 1.9606 -19.5758 28.7152 517.0519 262.0245 383.1870 490.5005 -100.4578 0.0000 0.0000
310.03 15.07.2018 10.10.01 26.92281 298.4073 583.1853 2.0249 -19.9027 29.2369 518.3722 262.5798 384.1786 492.1040 -98.1210 0.0000 0.0000
320.03 15.07.2018 10.20.01 27.19644 298.5235 591.4365 2.0536 -20.2548 29.7445 519.9627 263.3070 385.4082 493.5390 -97.5850 0.0000 0.0000
330.03 15.07.2018 10.30.01 27.47323 298.6560 564.1852 1.9590 -20.6089 30.0905 519.6261 263.0008 386.4162 494.3245 -97.9695 0.0000 0.0000
340.03 15.07.2018 10.40.01 27.74117 298.8307 570.4617 1.9808 -20.9049 30.5142 521.2680 263.7544 387.4066 494.9129 -99.7789 0.0000 0.0000
350.03 15.07.2018 10.50.01 28.01132 299.0509 557.0825 1.9343 -21.1865 30.8277 521.6791 263.8529 388.3434 495.3984 -100.6899 0.0000 0.0000
360.03 15.07.2018 11.00.01 28.27703 299.3319 518.9623 1.8020 -21.4324 30.9791 521.1508 263.5101 389.1320 495.7394 -101.6383 0.0000 0.0000
370.03 15.07.2018 11.10.01 28.52926 299.3622 472.8217 1.6417 -21.6009 30.9902 518.4597 262.1485 390.0885 497.0397 -99.7300 0.0000 0.0000
380.03 15.07.2018 11.20.01 28.76449 299.4230 427.3594 1.4839 -21.6858 30.8929 514.6432 260.1937 390.9594 498.2628 -97.4712 0.0000 0.0000
390.03 15.07.2018 11.30.01 28.98239 299.5107 386.0085 1.3403 -21.6868 30.7028 509.8773 257.7396 391.6428 499.2916 -95.2245 0.0000 0.0000
400.03 15.07.2018 11.40.01 29.18557 299.6608 373.1966 1.2958 -21.6175 30.5511 506.3829 255.9395 392.1891 500.5149 -91.3746 0.0000 0.0000
410.03 15.07.2018 11.50.01 29.38363 299.7076 347.9362 1.2081 -21.5294 30.3167 502.1855 253.7804 392.6664 499.9460 -93.5653 0.0000 0.0000
420.03 15.07.2018 12.00.01 29.57141 299.8234 294.2336 1.0216 -21.4035 29.9002 496.5906 250.9199 393.0657 499.0800 -95.3965 0.0000 0.0000
430.03 15.07.2018 12.10.01 29.73882 299.9959 252.7969 0.8778 -21.1873 29.4201 490.4055 247.8685 393.7727 501.2835 -88.0205 0.0000 0.0000
440.03 15.07.2018 12.20.01 29.89037 300.1516 206.9174 0.7185 -20.9017 28.8269 483.1696 244.2722 394.1238 499.2569 -93.2659 0.0000 0.0000
450.03 15.07.2018 12.30.01 30.02419 300.4629 170.0988 0.5906 -20.5430 28.1782 475.7291 240.5944 394.0089 497.2654 -96.9932 0.0000 0.0000
460.03 15.07.2018 12.40.01 30.14355 300.6256 150.1008 0.5212 -20.1333 27.5393 468.8504 237.1734 393.9188 495.6360 -96.4465 0.0000 0.0000
470.03 15.07.2018 12.50.01 30.25424 300.6399 165.9251 0.5761 -19.7102 27.0485 464.9774 235.4446 394.3295 494.2808 -98.8606 0.0000 0.0000
480.03 15.07.2018 13.00.01 30.36840 300.7046 104.4177 0.3626 -19.3318 26.2591 457.4155 231.7266 394.3755 492.3373 -101.4813 0.0000 0.0000
490.03 15.07.2018 13.10.01 30.45852 300.7555 49.3208 0.1713 -18.8599 25.3749 447.0083 226.5581 394.2021 491.3695 -99.3126 0.0000 0.0000
500.03 15.07.2018 13.20.01 30.52673 300.8020 -5.8705 -0.0204 -18.3080 24.3834 435.2030 220.6320 393.9119 490.1837 -96.6272 0.0000 0.0000
510.03 15.07.2018 13.30.01 30.57272 300.8427 -51.9005 -0.1802 -17.6799 23.3330 422.7762 214.3779 393.4917 488.7872 -93.9830 0.0000 0.0000
520.03 15.07.2018 13.40.01 30.59976 300.8756 -79.4329 -0.2758 -16.9963 22.2940 410.9206 208.4065 393.0061 487.2909 -91.4562 0.0000 0.0000
530.03 15.07.2018 13.50.01 30.61443 300.9081 -98.5908 -0.3423 -16.2919 21.2661 399.5195 202.6995 392.5368 485.7779 -89.1524 0.0000 0.0000
540.03 15.07.2018 14.00.01 30.61950 300.9361 -147.0625 -0.5106 -15.5795 20.0918 386.7609 196.2892 391.9773 483.9943 -86.7577 0.0000 0.0000
550.03 15.07.2018 14.10.01 30.60363 300.9677 -275.9786 -0.9583 -14.8037 18.4606 365.4946 185.8219 392.2382 482.5602 -80.6243 0.0000 0.0000
560.03 15.07.2018 14.20.01 30.53811 300.9687 -363.0350 -1.2605 -13.8249 16.7525 342.5454 174.4045 392.1523 480.5825 -74.5796 0.0000 0.0000
570.03 15.07.2018 14.30.01 30.43820 300.9898 -391.0203 -1.3577 -12.7288 15.1614 320.8453 163.6482 392.1199 478.5944 -69.1331 0.0000 0.0000
580.03 15.07.2018 14.40.01 30.32507 301.0303 -390.0699 -1.3544 -11.6220 13.6901 300.1111 153.4346 392.3289 476.8034 -63.6605 0.0000 0.0000
590.03 15.07.2018 14.50.01 30.20922 301.0555 -399.7308 -1.3880 -10.5517 12.2183 278.4316 142.6536 392.3411 474.6617 -58.3779 0.0000 0.0000
600.03 15.07.2018 15.00.01 30.08706 301.0676 -405.3705 -1.4075 -9.4971 10.7861 256.9750 131.9762 392.1986 472.3260 -53.4288 0.0000 0.0000
610.03 15.07.2018 15.10.01 29.96081 301.0318 -328.8635 -1.1419 -8.4849 9.7906 244.1289 125.5093 391.4249 469.3373 -53.5678 0.0000 0.0000
620.03 15.07.2018 15.20.01 29.86196 300.9374 -266.9487 -0.9269 -7.6333 8.9419 233.2103 120.0871 390.7553 466.2959 -55.2631 0.0000 0.0000
630.03 15.07.2018 15.30.01 29.78341 300.8368 -236.8348 -0.8223 -6.9196 8.1297 222.4462 114.7298 390.0345 463.2871 -55.3696 0.0000 0.0000
640.03 15.07.2018 15.40.01 29.71401 300.7269 -213.1569 -0.7401 -6.2807 7.3875 212.0264 109.5772 389.3530 460.4391 -55.1053 0.0000 0.0000
650.03 15.07.2018 15.50.01 29.65176 300.6115 -203.0996 -0.7052 -5.7031 6.6638 201.3286 104.2435 388.5379 457.5193 -54.2213 0.0000 0.0000
660.03 15.07.2018 16.00.01 29.59179 300.4495 -198.2539 -0.6884 -5.1614 5.9640 190.7892 98.9870 387.6166 454.5500 -53.0511 0.0000 0.0000
670.03 15.07.2018 16.10.01 29.53164 300.2932 -220.0591 -0.7641 -4.6489 5.1797 178.7511 92.7590 385.4101 451.5033 -47.4341 0.0000 0.0000
680.03 15.07.2018 16.20.01 29.46182 300.1272 -230.7573 -0.8012 -4.1193 4.4241 167.1387 86.7653 383.2121 448.5734 -42.9116 0.0000 0.0000
690.03 15.07.2018 16.30.01 29.38641 299.9519 -227.8899 -0.7913 -3.5944 3.7375 156.3361 81.2057 381.0382 445.7253 -39.5068 0.0000 0.0000
700.03 15.07.2018 16.40.01 29.31082 299.8014 -150.7053 -0.5233 -3.0956 3.4297 148.9770 77.4431 378.8204 443.3254 -36.8045 0.0000 0.0000
710.03 15.07.2018 16.50.01 29.26159 299.6078 -115.3008 -0.4004 -2.7546 3.1390 141.7584 73.7510 376.5960 440.8281 -35.1603 0.0000 0.0000
720.03 15.07.2018 17.00.01 29.22393 299.3917 -113.5252 -0.3942 -2.4924 2.7976 133.7389 69.6165 374.2370 438.1068 -33.9897 0.0000 0.0000
730.03 15.07.2018 17.10.01 29.18600 299.1689 -86.3014 -0.2997 -2.2466 2.5960 128.1199 66.7806 372.4716 435.7459 -32.6529 0.0000 0.0000
740.03 15.07.2018 17.20.01 29.15688 298.9500 -75.0771 -0.2607 -2.0626 2.4025 122.4815 63.9264 370.7780 433.4503 -31.2852 0.0000 0.0000
750.03 15.07.2018 17.30.01 29.13094 298.7284 -78.2238 -0.2716 -1.9097 2.1841 116.3354 60.7868 369.0353 431.1068 -29.8177 0.0000 0.0000
760.03 15.07.2018 17.40.01 29.10302 298.5109 -77.2691 -0.2683 -1.7620 1.9916 112.4940 59.0854 367.3370 429.2163 -28.7192 0.0000 0.0000
770.03 15.07.2018 17.50.01 29.07452 298.2943 -83.1530 -0.2887 -1.6275 1.7850 104.8162 55.0926 365.6378 426.8151 -27.0286 0.0000 0.0000
780.03 15.07.2018 18.00.01 29.04287 298.0731 -91.7305 -0.3185 -1.4939 1.5672 98.4376 51.8888 363.8948 424.5747 -25.5102 0.0000 0.0000
790.03 15.07.2018 18.10.01 29.00707 297.5547 -87.6243 -0.3043 -1.3596 1.4071 88.4051 46.7052 362.1646 421.7561 -25.0766 0.0000 0.0000
800.03 15.07.2018 18.20.01 28.97103 297.0315 -99.3756 -0.3451 -1.2534 1.2111 77.4470 40.9940 360.2949 418.6546 -24.2482 0.0000 0.0000
810.03 15.07.2018 18.30.01 28.92907 296.5063 -111.4073 -0.3868 -1.1446 1.0104 66.0887 35.0476 358.3562 415.3789 -23.2896 0.0000 0.0000
820.03 15.07.2018 18.40.01 28.88125 295.9799 -118.8767 -0.4128 -1.0326 0.8265 49.6070 26.3658 356.4409 411.7324 -21.7909 0.0000 0.0000
830.03 15.07.2018 18.50.01 28.82925 295.4486 -130.5549 -0.4533 -0.9245 0.6282 32.3504 17.2305 354.4741 407.7543 -19.9632 0.0000 0.0000
840.03 15.07.2018 19.00.01 28.77166 294.9153 -140.3138 -0.4872 -0.8122 0.4333 15.0627 8.0725 352.5019 403.6280 -17.9131 0.0000 0.0000
850.03 15.07.2018 19.10.01 28.70922 294.2849 -137.7089 -0.4782 -0.6985 0.2938 12.1398 6.5080 350.6368 400.1176 -17.0126 0.0000 0.0000
860.03 15.07.2018 19.20.01 28.64654 293.6668 -125.2343 -0.4348 -0.6054 0.2275 10.2815 5.5249 348.9649 397.0610 -16.6915 0.0000 0.0000
870.03 15.07.2018 19.30.01 28.58727 293.0476 -119.8258 -0.4161 -0.5479 0.1757 8.4977 4.5751 347.3861 394.1695 -16.6146 0.0000 0.0000
880.03 15.07.2018 19.40.01 28.52905 292.4255 -120.0782 -0.4169 -0.5114 0.1260 5.8459 3.1516 345.8572 391.3708 -16.3826 0.0000 0.0000
890.03 15.07.2018 19.50.01 28.46987 291.7930 -123.6903 -0.4295 -0.4848 0.0737 3.1008 1.6742 344.3519 388.6445 -16.2832 0.0000 0.0000
900.03 15.07.2018 20.00.01 28.40853 291.1712 -128.2855 -0.4454 -0.4615 0.0214 0.2977 0.1619 342.8642 386.0043 -16.2249 0.0000 0.0000
910.03 15.07.2018 20.10.01 28.34484 290.7336 -125.7747 -0.4367 -0.4396 0.0039 0.0535 0.0291 341.3528 383.7788 -15.7699 0.0000 0.0000
920.03 15.07.2018 20.20.01 28.28137 290.3054 -123.8940 -0.4302 -0.4307 0.0007 0.0097 0.0053 339.9073 381.7266 -15.4788 0.0000 0.0000
930.03 15.07.2018 20.30.01 28.21792 289.8825 -124.6443 -0.4328 -0.4329 0.0001 0.0017 0.0010 338.4872 379.7797 -15.3156 0.0000 0.0000
940.03 15.07.2018 20.40.01 28.15347 289.4652 -127.1575 -0.4415 -0.4415 0.0000 0.0003 0.0002 337.0763 377.9160 -15.1533 0.0000 0.0000
950.03 15.07.2018 20.50.01 28.08737 289.0496 -130.9811 -0.4548 -0.4548 0.0000 0.0001 0.0000 335.6655 376.1083 -15.1464 0.0000 0.0000
960.03 15.07.2018 21.00.01 28.01910 288.6536 -135.5924 -0.4708 -0.4708 0.0000 0.0000 0.0000 334.2695 374.3606 -15.2239 0.0000 0.0000
970.03 15.07.2018 21.10.01 27.94833 288.4381 -141.1137 -0.4900 -0.4900 0.0000 0.0000 0.0000 333.0829 372.9903 -13.9387 0.0000 0.0000
980.03 15.07.2018 21.20.01 27.87451 288.3051 -147.2311 -0.5112 -0.5112 0.0000 0.0000 0.0000 331.7104 371.7069 -13.1091 0.0000 0.0000
990.03 15.07.2018 21.30.01 27.79748 288.2456 -153.0954 -0.5316 -0.5316 0.0000 0.0000 0.0000 330.7153 370.3281 -13.2366 0.0000 0.0000
1000.03 15.07.2018 21.40.01 27.71807 288.3245 -156.9043 -0.5448 -0.5448 0.0000 0.0000 0.0000 329.7666 369.4358 -11.0584 0.0000 0.0000
1010.03 15.07.2018 21.50.01 27.63674 287.1709 -161.2539 -0.5599 -0.5599 0.0000 0.0000 0.0000 328.2628 367.2897 -14.5750 0.0000 0.0000
1020.03 15.07.2018 22.00.01 27.55255 286.7849 -167.6319 -0.5821 -0.5821 0.0000 0.0000 0.0000 327.1631 365.4722 -17.0228 0.0000 0.0000
1030.03 15.07.2018 22.10.01 27.46508 286.6580 -173.7292 -0.6032 -0.6032 0.0000 0.0000 0.0000 326.4157 364.2517 -16.1434 0.0000 0.0000
1040.03 15.07.2018 22.20.01 27.37515 286.5523 -176.8537 -0.6141 -0.6141 0.0000 0.0000 0.0000 325.7248 363.1593 -15.2591 0.0000 0.0000
1050.03 15.07.2018 22.30.01 27.28405 286.4323 -178.5706 -0.6200 -0.6200 0.0000 0.0000 0.0000 325.0487 362.1127 -14.6546 0.0000 0.0000
1060.03 15.07.2018 22.40.01 27.19222 286.3247 -180.0394 -0.6251 -0.6251 0.0000 0.0000 0.0000 324.3916 361.1320 -14.1062 0.0000 0.0000
1070.03 15.07.2018 22.50.01 27.09966 286.2157 -181.6752 -0.6308 -0.6308 0.0000 0.0000 0.0000 323.7554 360.1986 -13.6506 0.0000 0.0000
1080.03 15.07.2018 23.00.01 27.00622 286.1045 -183.4707 -0.6371 -0.6371 0.0000 0.0000 0.0000 323.1570 359.3082 -13.2762 0.0000 0.0000
1090.03 15.07.2018 23.10.01 26.91174 286.1376 -185.5437 -0.6442 -0.6442 0.0000 0.0000 0.0000 322.7621 358.7560 -11.6597 0.0000 0.0000
1100.03 15.07.2018 23.20.01 26.81600 286.1256 -188.6122 -0.6549 -0.6549 0.0000 0.0000 0.0000 322.2777 358.2081 -10.5807 0.0000 0.0000
1110.03 15.07.2018 23.30.01 26.71893 286.1317 -190.5458 -0.6616 -0.6616 0.0000 0.0000 0.0000 321.7504 357.4568 -10.5888 0.0000 0.0000
1120.03 15.07.2018 23.40.01 26.62097 286.0927 -192.2945 -0.6677 -0.6677 0.0000 0.0000 0.0000 321.3672 357.0130 -9.6625 0.0000 0.0000
1130.03 15.07.2018 23.50.01 26.52145 285.7046 -197.4430 -0.6856 -0.6856 0.0000 0.0000 0.0000 320.9286 355.7392 -12.2787 0.0000 0.0000
1140.03 16.07.2018 00.00.01 26.41790 285.2360 -207.3338 -0.7199 -0.7199 0.0000 0.0000 0.0000 320.3116 354.0909 -15.6270 0.0000 0.0000
1150.03 16.07.2018 00.10.01 26.30926 285.2232 -216.1939 -0.7507 -0.7507 0.0000 0.0000 0.0000 319.8887 353.3657 -14.7746 0.0000 0.0000
1160.03 16.07.2018 00.20.01 26.19750 285.2260 -219.4792 -0.7621 -0.7621 0.0000 0.0000 0.0000 319.5703 352.7483 -13.9610 0.0000 0.0000
1170.03 16.07.2018 00.30.01 26.08492 285.2283 -219.7766 -0.7631 -0.7631 0.0000 0.0000 0.0000 319.2862 352.1861 -13.2414 0.0000 0.0000
1180.03 16.07.2018 00.40.01 25.97259 285.2319 -218.9246 -0.7602 -0.7602 0.0000 0.0000 0.0000 319.0257 351.6805 -12.5466 0.0000 0.0000
1190.03 16.07.2018 00.50.01 25.86089 285.2298 -217.5700 -0.7555 -0.7555 0.0000 0.0000 0.0000 318.7504 351.2032 -11.9264 0.0000 0.0000
1200.03 16.07.2018 01.00.01 25.74999 285.2251 -216.1976 -0.7507 -0.7507 0.0000 0.0000 0.0000 318.4979 350.7570 -11.3636 0.0000 0.0000
1210.03 16.07.2018 01.10.01 25.63976 285.1245 -214.7279 -0.7456 -0.7456 0.0000 0.0000 0.0000 318.1284 350.2413 -11.1324 0.0000 0.0000
1220.03 16.07.2018 01.20.01 25.53036 285.0101 -212.9737 -0.7395 -0.7395 0.0000 0.0000 0.0000 317.7551 349.7128 -11.0017 0.0000 0.0000
1230.03 16.07.2018 01.30.01 25.42187 284.8514 -211.2557 -0.7335 -0.7335 0.0000 0.0000 0.0000 317.3690 349.1340 -11.1095 0.0000 0.0000
1240.03 16.07.2018 01.40.01 25.31396 284.7303 -210.0068 -0.7292 -0.7292 0.0000 0.0000 0.0000 316.9993 348.6547 -10.7991 0.0000 0.0000
1250.03 16.07.2018 01.50.01 25.20693 284.6247 -208.1745 -0.7228 -0.7228 0.0000 0.0000 0.0000 316.6389 348.2074 -10.4400 0.0000 0.0000
1260.03 16.07.2018 02.00.01 25.10104 284.5108 -205.7100 -0.7143 -0.7143 0.0000 0.0006 0.0003 316.2854 347.7572 -10.1532 0.0000 0.0000
1270.03 16.07.2018 02.10.01 24.99642 284.5749 -200.6826 -0.6968 -0.7056 0.0118 0.3505 0.1856 316.0378 347.6129 -8.9681 0.0000 0.0000
1280.03 16.07.2018 02.20.01 24.89391 284.4999 -197.9619 -0.6874 -0.7074 0.0267 0.7475 0.3967 315.5443 347.3415 -8.2643 0.0000 0.0000
1290.03 16.07.2018 02.30.01 24.79205 284.3822 -196.1607 -0.6811 -0.7128 0.0422 1.1518 0.6117 315.2355 346.8583 -8.5913 0.0000 0.0000
1300.03 16.07.2018 02.40.01 24.69097 284.6095 -194.4827 -0.6753 -0.7187 0.0578 1.5575 0.8275 315.0116 346.8632 -7.2798 0.0000 0.0000
1310.03 16.07.2018 02.50.01 24.59088 284.1442 -192.6154 -0.6688 -0.7239 0.0734 1.9635 1.0434 314.5630 346.1403 -8.6345 0.0000 0.0000
1320.03 16.07.2018 03.00.01 24.49136 283.9189 -192.8001 -0.6694 -0.7363 0.0892 2.3727 1.2610 314.1138 345.4021 -9.8824 0.0000 0.0000
1330.03 16.07.2018 03.10.01 24.39166 284.0759 -179.3468 -0.6227 -0.7492 0.1686 4.6807 2.4842 314.0480 345.3731 -8.8811 0.0000 0.0000
1340.03 16.07.2018 03.20.01 24.29724 284.2492 -167.6021 -0.5820 -0.7811 0.2655 7.2450 3.8475 314.1275 345.5193 -8.0201 0.0000 0.0000
1350.03 16.07.2018 03.30.01 24.20764 284.4340 -159.2486 -0.5529 -0.8270 0.3654 9.8486 5.2322 314.2674 345.7706 -7.2498 0.0000 0.0000
1360.03 16.07.2018 03.40.01 24.12173 284.6246 -153.0211 -0.5313 -0.8807 0.4658 12.4600 6.6211 314.4383 346.1008 -6.5630 0.0000 0.0000
1370.03 16.07.2018 03.50.01 24.03869 284.8197 -147.9419 -0.5137 -0.9385 0.5664 15.0728 8.0107 314.6354 346.4981 -5.9517 0.0000 0.0000
1380.03 16.07.2018 04.00.01 23.95803 285.0209 -143.5563 -0.4985 -0.9986 0.6669 17.6854 9.4002 314.8579 346.9535 -5.3997 0.0000 0.0000
1390.03 16.07.2018 04.10.01 23.87960 285.9055 -140.4981 -0.4878 -1.0571 0.7590 20.0472 10.6569 316.4344 348.3052 -2.6167 0.0000 0.0000
1400.03 16.07.2018 04.20.01 23.80352 286.7158 -135.3504 -0.4700 -1.1066 0.8488 22.3752 11.8952 318.1319 349.7621 0.4837 0.0000 0.0000
1410.03 16.07.2018 04.30.01 23.73062 287.4237 -128.2093 -0.4452 -1.1489 0.9383 24.6980 13.1306 319.8367 351.3199 3.8192 0.0000 0.0000
1420.03 16.07.2018 04.40.01 23.66149 288.0939 -120.7759 -0.4194 -1.1901 1.0276 27.0198 14.3654 321.6141 352.8087 4.0630 0.0000 0.0000
1430.03 16.07.2018 04.50.01 23.59609 288.8261 -113.7355 -0.3949 -1.2326 1.1169 68.9803 37.8290 323.4218 358.0797 2.2520 0.0000 0.0000
1440.03 16.07.2018 05.00.01 23.53466 289.6391 -82.7160 -0.2872 -1.2721 1.3132 75.7254 41.5923 325.5963 361.4529 4.2455 0.0000 0.0000
1450.03 16.07.2018 05.10.01 23.48599 290.2477 -78.7983 -0.2736 -1.3470 1.4312 250.1445 140.0993 327.4250 381.0421 -12.6660 0.0000 0.0000
1460.03 16.07.2018 05.20.01 23.44158 291.0861 51.1500 0.1776 -1.4067 2.1124 401.2805 225.9527 331.1963 405.1517 -30.6587 0.0000 0.0000
1470.03 16.07.2018 05.30.01 23.44692 291.9165 155.1953 0.5389 -1.6665 2.9404 524.1080 296.4869 335.9313 431.3327 -48.2808 0.0000 0.0000
1480.03 16.07.2018 05.40.01 23.49380 292.6772 208.7971 0.7250 -2.0658 3.7210 267.6933 145.6834 340.8386 403.3384 -25.8973 0.0000 0.0000
1490.03 16.07.2018 05.50.01 23.56310 293.1897 94.7165 0.3289 -2.5093 3.7842 223.1434 122.1327 343.3484 403.2217 -24.8984 0.0000 0.0000
1500.03 16.07.2018 06.00.01 23.59484 293.8137 33.3656 0.1159 -2.7046 3.7606 266.3654 142.0955 345.4050 403.6317 -24.1837 0.0000 0.0000
1510.03 16.07.2018 06.10.01 23.60690 294.1657 13.4982 0.0469 -2.7604 3.7430 320.5827 166.7146 346.9719 405.6153 -26.5083 0.0000 0.0000
1520.03 16.07.2018 06.20.01 23.61352 294.5250 30.8411 0.1071 -2.7613 3.8245 383.4739 197.1752 348.6267 411.0323 -33.7835 0.0000 0.0000
1530.03 16.07.2018 06.30.01 23.62795 294.8944 46.8699 0.1627 -2.7749 3.9169 427.4909 217.0109 350.4461 415.0150 -41.0298 0.0000 0.0000
1540.03 16.07.2018 06.40.01 23.65008 295.2633 73.7503 0.2561 -2.7977 4.0717 417.6730 211.9364 352.4372 421.5606 -49.0206 0.0000 0.0000
1550.03 16.07.2018 06.50.01 23.68643 295.6406 421.9504 1.4651 -2.8481 5.7510 420.5523 213.3300 354.5860 427.8295 -55.7179 0.0000 0.0000
1560.03 16.07.2018 07.00.01 23.85146 296.0365 664.6090 2.3077 -3.4975 7.7402 425.2567 215.5804 356.6512 433.6845 -61.2796 0.0000 0.0000
1570.03 16.07.2018 07.10.01 24.10821 296.3799 787.5134 2.7344 -4.5363 9.6943 449.3079 229.0848 358.8082 441.6951 -68.1287 0.0000 0.0000
1580.03 16.07.2018 07.20.01 24.41378 296.7309 845.3391 2.9352 -5.7426 11.5704 455.8515 232.1426 360.9923 446.9106 -71.7866 0.0000 0.0000
1590.03 16.07.2018 07.30.01 24.74462 297.0820 864.1420 3.0005 -7.0008 13.3351 461.4510 234.7171 363.2106 451.6927 -74.5213 0.0000 0.0000
1600.03 16.07.2018 07.40.01 25.08627 297.4237 879.9952 3.0555 -8.2438 15.0658 468.7511 238.1678 365.4192 456.3346 -76.1890 0.0000 0.0000
1610.03 16.07.2018 07.50.01 25.43682 297.7669 825.3259 2.8657 -9.4713 16.4494 475.3873 241.4816 367.6900 460.8754 -77.3231 0.0000 0.0000
1620.03 16.07.2018 08.00.01 25.77047 298.1061 751.3742 2.6089 -10.5603 17.5589 480.5680 244.1284 369.8636 465.1093 -78.1141 0.0000 0.0000
1630.03 16.07.2018 08.10.01 26.08062 298.3487 792.3087 2.7511 -11.4843 18.9804 487.0840 247.3306 371.8536 468.8181 -82.5910 0.0000 0.0000
1640.03 16.07.2018 08.20.01 26.40753 298.5917 788.9908 2.7396 -12.4567 20.2617 492.4706 249.9610 373.6854 472.0779 -86.6577 0.0000 0.0000
1650.03 16.07.2018 08.30.01 26.73605 298.8402 861.5303 2.9914 -13.3952 21.8488 498.3443 252.6521 375.6190 475.1638 -90.2737 0.0000 0.0000
1660.03 16.07.2018 08.40.01 27.09252 299.1054 827.2820 2.8725 -14.4357 23.0776 504.6621 255.7602 377.5288 478.5168 -90.8885 0.0000 0.0000
1670.03 16.07.2018 08.50.01 27.43899 299.3522 795.1793 2.7610 -15.3835 24.1927 509.8708 258.2886 379.3548 481.7435 -91.4354 0.0000 0.0000
1680.03 16.07.2018 09.00.01 27.77648 299.2971 836.3434 2.9040 -16.2477 25.5356 513.3825 259.6273 380.8302 484.2684 -93.0424 0.0000 0.0000
1690.03 16.07.2018 09.10.01 28.12975 299.3854 776.1130 2.6948 -17.1674 26.4829 517.9739 261.9628 382.3973 486.9667 -95.0259 0.0000 0.0000
1700.03 16.07.2018 09.20.01 28.46298 299.4596 735.5104 2.5539 -17.9562 27.3467 522.0976 264.0797 384.0335 489.6038 -96.4051 0.0000 0.0000
1710.03 16.07.2018 09.30.01 28.78295 299.5242 702.3337 2.4387 -18.6525 28.1216 525.6248 265.9054 385.6729 492.3516 -95.6961 0.0000 0.0000
1720.03 16.07.2018 09.40.01 29.09237 299.6614 693.2414 2.4071 -19.2696 28.9023 530.5796 268.4592 387.1937 495.1444 -95.4542 0.0000 0.0000
1730.03 16.07.2018 09.50.01 29.39999 299.7521 679.9699 2.3610 -19.8519 29.6172 535.2368 270.8841 388.7250 496.8729 -98.4362 0.0000 0.0000
1740.03 16.07.2018 10.00.01 29.70382 299.8897 629.5443 2.1859 -20.3923 30.1043 538.0799 272.3933 390.1223 498.1235 -101.6384 0.0000 0.0000
1750.03 16.07.2018 10.10.01 29.98983 300.0584 495.3947 1.7201 -20.8262 30.0617 532.7049 269.9394 391.8992 501.7321 -94.0070 0.0000 0.0000
1760.03 16.07.2018 10.20.01 30.22823 300.1689 404.2042 1.4035 -21.0056 29.8787 526.0362 266.8149 393.8098 503.0345 -93.4130 0.0000 0.0000
1770.03 16.07.2018 10.30.01 30.43337 300.3661 308.8223 1.0723 -21.0170 29.4524 516.6145 262.2239 394.9446 502.8243 -95.3792 0.0000 0.0000
1780.03 16.07.2018 10.40.01 30.60427 300.7319 293.0993 1.0177 -20.8574 29.1667 510.5484 259.3782 396.1021 503.6618 -92.0652 0.0000 0.0000
1790.03 16.07.2018 10.50.01 30.77026 301.0620 262.8821 0.9128 -20.6575 28.7604 503.3050 255.9167 397.1858 504.2314 -90.0443 0.0000 0.0000
1800.03 16.07.2018 11.00.01 30.92355 301.1467 209.2972 0.7267 -20.4149 28.1888 495.0902 251.9957 398.2218 504.1149 -90.6933 0.0000 0.0000
1810.03 16.07.2018 11.10.01 31.05831 301.4204 398.3807 1.3833 -20.0956 28.6385 498.7016 253.6152 399.2103 509.3217 -75.7292 0.0000 0.0000
1820.03 16.07.2018 11.20.01 31.26199 301.2381 490.6346 1.7036 -20.1168 29.0939 502.7686 255.5025 399.9580 511.1383 -79.4976 0.0000 0.0000
1830.03 16.07.2018 11.30.01 31.49948 301.7125 527.3169 1.8310 -20.2976 29.5048 506.4819 257.2112 399.9355 508.8889 -94.8567 0.0000 0.0000
1840.03 16.07.2018 11.40.01 31.75179 302.2978 554.5837 1.9256 -20.5303 29.9412 511.1484 259.4327 400.6570 510.3703 -92.3220 0.0000 0.0000
1850.03 16.07.2018 11.50.01 32.01489 301.7583 551.7017 1.9156 -20.7982 30.2851 514.8738 261.1595 401.2894 509.5491 -104.3932 0.0000 0.0000
1860.03 16.07.2018 12.00.01 32.27703 301.7846 512.4191 1.7792 -21.0540 30.4443 517.1649 262.1664 401.3800 507.8128 -117.6709 0.0000 0.0000
1870.03 16.07.2018 12.10.01 32.52361 301.8626 306.0818 1.0628 -21.2256 29.7179 507.5125 257.5018 401.6216 506.7938 -117.4765 0.0000 0.0000
1880.03 16.07.2018 12.20.01 32.69448 301.9270 162.6325 0.5647 -21.0274 28.7895 495.3531 251.4864 401.4760 505.2047 -116.2069 0.0000 0.0000
1890.03 16.07.2018 12.30.01 32.81140 301.9717 75.3008 0.2615 -20.5900 27.8019 482.8631 245.3175 401.1351 503.4231 -114.6696 0.0000 0.0000
1900.03 16.07.2018 12.40.01 32.89416 302.0048 29.2817 0.1017 -20.0236 26.8338 470.9702 239.4209 400.7151 501.7399 -112.4438 0.0000 0.0000
1910.03 16.07.2018 12.50.01 32.95800 302.0777 30.3641 0.1054 -19.4061 26.0154 461.9216 235.1182 400.7127 500.5634 -110.5699 0.0000 0.0000
1920.03 16.07.2018 13.00.01 33.01943 302.0902 -32.2435 -0.1120 -18.8156 24.9382 449.5788 229.0338 400.4767 498.8121 -108.6878 0.0000 0.0000
1930.03 16.07.2018 13.10.01 33.05474 302.0417 -184.8569 -0.6419 -18.1358 23.3253 431.1741 220.2692 400.6403 497.3720 -103.6031 0.0000 0.0000
1940.03 16.07.2018 13.20.01 33.03155 301.9734 -286.7676 -0.9957 -17.2136 21.6239 410.9547 210.4826 400.5090 495.4559 -98.6831 0.0000 0.0000
1950.03 16.07.2018 13.30.01 32.96798 301.9008 -335.9337 -1.1664 -16.1495 19.9774 391.2474 200.9625 400.2640 493.4053 -94.3507 0.0000 0.0000
1960.03 16.07.2018 13.40.01 32.88293 301.8306 -363.6002 -1.2625 -15.0396 18.3695 371.5691 191.4396 399.9043 491.2176 -90.0722 0.0000 0.0000
1970.03 16.07.2018 13.50.01 32.78460 301.7582 -372.2829 -1.2926 -13.9219 16.8390 352.4525 182.1955 399.3000 488.8952 -85.9902 0.0000 0.0000
1980.03 16.07.2018 14.00.01 32.67990 301.6906 -375.4336 -1.3036 -12.8273 15.3649 333.8182 173.1973 398.7273 486.5094 -82.0502 0.0000 0.0000
1990.03 16.07.2018 14.10.01 32.57226 301.6088 -275.1543 -0.9554 -11.7679 14.4167 319.9148 166.1377 397.8188 483.5043 -81.3937 0.0000 0.0000
2000.03 16.07.2018 14.20.01 32.49871 301.5230 -223.2960 -0.7753 -10.9196 13.5257 306.7969 159.5071 396.7775 480.5187 -80.1567 0.0000 0.0000
2010.03 16.07.2018 14.30.01 32.44219 301.4359 -191.2355 -0.6640 -10.1879 12.6986 294.3911 153.2547 395.7545 477.6011 -78.3497 0.0000 0.0000
2020.03 16.07.2018 14.40.01 32.39590 301.3577 -169.2066 -0.5875 -9.5338 11.9283 282.5090 147.2947 394.8381 474.9230 -75.8424 0.0000 0.0000
2030.03 16.07.2018 14.50.01 32.35623 301.2887 -164.3392 -0.5706 -8.9359 11.1536 270.1616 141.0586 393.8478 472.1611 -73.1440 0.0000 0.0000
2040.03 16.07.2018 15.00.01 32.31707 301.2272 -164.1107 -0.5698 -8.3627 10.3905 257.8723 134.8479 392.8195 469.3562 -70.5209 0.0000 0.0000
2050.03 16.07.2018 15.10.01 32.27706 301.1880 -114.5867 -0.3979 -7.8147 9.8891 250.6553 130.8472 391.3664 466.8050 -65.8348 0.0000 0.0000
2060.03 16.07.2018 15.20.01 32.25482 301.1551 -94.2530 -0.3273 -7.3678 9.3874 244.0806 127.2320 390.1203 464.6766 -61.3599 0.0000 0.0000
2070.03 16.07.2018 15.30.01 32.23858 301.1231 -103.2498 -0.3585 -6.9706 8.8162 237.0228 123.3791 388.9292 462.6208 -57.9697 0.0000 0.0000
2080.03 16.07.2018 15.40.01 32.21807 301.1014 -114.6805 -0.3982 -6.5703 8.2295 231.0980 120.1198 387.8513 460.8278 -54.3272 0.0000 0.0000
2090.03 16.07.2018 15.50.01 32.19210 301.0778 -144.5240 -0.5018 -6.1631 7.5483 224.4074 116.4720 386.7878 459.0727 -50.9405 0.0000 0.0000
2100.03 16.07.2018 16.00.01 32.15386 301.0534 -191.2841 -0.6642 -5.7176 6.7379 216.8180 112.3841 385.7130 457.2868 -47.6655 0.0000 0.0000
2110.03 16.07.2018 16.10.01 32.09719 300.9165 -220.4146 -0.7653 -5.2070 5.9223 203.0928 105.3955 384.6279 455.3710 -46.1058 0.0000 0.0000
2120.03 16.07.2018 16.20.01 32.02807 300.7962 -247.0249 -0.8577 -4.6657 5.0773 188.4726 97.8919 383.3524 453.0167 -44.0995 0.0000 0.0000
2130.03 16.07.2018 16.30.01 31.94753 300.6526 -250.1951 -0.8687 -4.1003 4.3087 174.7123 90.8475 382.0327 450.5601 -42.1244 0.0000 0.0000
2140.03 16.07.2018 16.40.01 31.86450 300.4996 -163.1634 -0.5665 -3.5539 3.9832 164.3079 85.5555 380.5773 448.3991 -40.6194 0.0000 0.0000
2150.03 16.07.2018 16.50.01 31.81109 300.3405 -124.7416 -0.4331 -3.1870 3.6719 153.8336 80.2098 379.1060 446.1211 -38.8691 0.0000 0.0000
2160.03 16.07.2018 17.00.01 31.77010 300.1585 -120.9627 -0.4200 -2.9058 3.3144 142.4830 74.3730 377.4846 443.6045 -36.8235 0.0000 0.0000
2170.03 16.07.2018 17.10.01 31.72939 299.9294 -99.0380 -0.3439 -2.6472 3.0710 134.3955 70.2452 376.0565 441.2464 -35.0082 0.0000 0.0000
2180.03 16.07.2018 17.20.01 31.69534 299.6988 -88.0530 -0.3057 -2.4434 2.8502 126.4482 66.1839 374.6829 438.9373 -33.2845 0.0000 0.0000
2190.03 16.07.2018 17.30.01 31.66418 299.4608 -91.0063 -0.3160 -2.2737 2.6103 118.0071 61.8412 373.2564 436.5475 -31.4740 0.0000 0.0000
2200.03 16.07.2018 17.40.01 31.63079 299.2287 -91.1675 -0.3166 -2.1120 2.3940 110.5422 58.1957 371.8632 434.4217 -30.0357 0.0000 0.0000
2210.03 16.07.2018 17.50.01 31.59622 298.9916 -98.1596 -0.3408 -1.9640 2.1642 99.7426 52.5593 370.4533 431.8495 -27.8907 0.0000 0.0000
2220.03 16.07.2018 18.00.01 31.55795 298.7510 -107.2303 -0.3723 -1.8172 1.9265 89.7546 47.4166 369.0055 429.3200 -25.8465 0.0000 0.0000
2230.03 16.07.2018 18.10.01 31.51516 298.3565 -114.9455 -0.3991 -1.6693 1.6936 79.7441 42.1963 367.3366 426.4832 -23.8535 0.0000 0.0000
2240.03 16.07.2018 18.20.01 31.46804 297.9605 -126.5004 -0.4392 -1.5269 1.4502 69.2936 36.7202 365.6028 423.4892 -22.1779 0.0000 0.0000
2250.03 16.07.2018 18.30.01 31.41506 297.5610 -137.7985 -0.4785 -1.3836 1.2068 58.6056 31.1025 363.8476 420.3772 -20.7242 0.0000 0.0000
2260.03 16.07.2018 18.40.01 31.35638 297.1730 -146.7394 -0.5095 -1.2396 0.9735 44.2336 23.5180 362.1280 417.0665 -18.7786 0.0000 0.0000
2270.03 16.07.2018 18.50.01 31.29278 296.7508 -157.7060 -0.5476 -1.0970 0.7326 29.3442 15.6292 360.4253 413.6561 -16.3025 0.0000 0.0000
2280.03 16.07.2018 19.00.01 31.22390 296.3591 -167.4563 -0.5814 -0.9513 0.4931 14.0858 7.5166 358.7113 410.0035 -14.1212 0.0000 0.0000
2290.03 16.07.2018 19.10.01 31.15020 295.6085 -157.0966 -0.5455 -0.8069 0.3486 11.3824 6.0854 357.1565 406.7245 -14.1530 0.0000 0.0000
2300.03 16.07.2018 19.20.01 31.07876 294.8714 -142.6588 -0.4953 -0.6998 0.2726 9.3995 5.0329 355.7377 403.7919 -14.7203 0.0000 0.0000
2310.03 16.07.2018 19.30.01 31.01135 294.1477 -137.2614 -0.4766 -0.6334 0.2091 7.5204 4.0328 354.3363 400.9227 -15.6244 0.0000 0.0000
2320.03 16.07.2018 19.40.01 30.94482 293.4547 -137.8663 -0.4787 -0.5894 0.1476 5.1614 2.7708 352.9420 398.1149 -16.3797 0.0000 0.0000
2330.03 16.07.2018 19.50.01 30.87701 292.7624 -142.3148 -0.4941 -0.5578 0.0848 2.7517 1.4795 351.5612 395.3584 -17.1754 0.0000 0.0000
2340.03 16.07.2018 20.00.01 30.80648 292.1419 -148.2704 -0.5148 -0.5314 0.0221 0.3108 0.1693 350.2230 392.7367 -17.6352 0.0000 0.0000
2350.03 16.07.2018 20.10.01 30.73306 292.1020 -143.8250 -0.4994 -0.5023 0.0039 0.0538 0.0292 351.3516 391.1368 -16.8639 0.0000 0.0000
2360.03 16.07.2018 20.20.01 30.66113 291.9536 -138.8100 -0.4820 -0.4825 0.0007 0.0100 0.0054 352.6810 389.6917 -17.0916 0.0000 0.0000
2370.03 16.07.2018 20.30.01 30.59054 291.7551 -138.1674 -0.4797 -0.4798 0.0001 0.0018 0.0010 353.9499 388.3268 -17.7513 0.0000 0.0000
2380.03 16.07.2018 20.40.01 30.51913 291.5882 -141.0811 -0.4899 -0.4899 0.0000 0.0003 0.0002 355.2371 387.1780 -18.1720 0.0000 0.0000
2390.03 16.07.2018 20.50.01 30.44570 291.4276 -146.0120 -0.5070 -0.5070 0.0000 0.0001 0.0000 356.5469 386.1620 -18.7371 0.0000 0.0000
2400.03 16.07.2018 21.00.01 30.36959 291.2648 -151.4828 -0.5260 -0.5260 0.0000 0.0000 0.0000 357.8685 385.2448 -19.4595 0.0000 0.0000
2410.03 16.07.2018 21.10.01 30.29077 291.6083 -155.6500 -0.5405 -0.5405 0.0000 0.0000 0.0000 357.7423 384.8683 -16.9178 0.0000 0.0000
2420.03 16.07.2018 21.20.01 30.21053 291.9646 -156.5527 -0.5436 -0.5436 0.0000 0.0000 0.0000 357.7026 384.6679 -14.3907 0.0000 0.0000
2430.03 16.07.2018 21.30.01 30.13064 292.3354 -156.2294 -0.5425 -0.5425 0.0000 0.0000 0.0000 357.7472 384.6520 -11.7914 0.0000 0.0000
2440.03 16.07.2018 21.40.01 30.05114 292.7188 -154.3399 -0.5359 -0.5359 0.0000 0.0000 0.0000 357.8942 384.8321 -9.0202 0.0000 0.0000
2450.03 16.07.2018 21.50.01 29.97286 293.1141 -151.5627 -0.5263 -0.5263 0.0000 0.0000 0.0000 358.1203 385.1725 -6.2018 0.0000 0.0000
2460.03 16.07.2018 22.00.01 29.89614 293.5184 -148.3664 -0.5152 -0.5152 0.0000 0.0000 0.0000 358.4136 385.6638 -3.3388 0.0000 0.0000
2470.03 16.07.2018 22.10.01 29.82098 293.2605 -145.5864 -0.5055 -0.5055 0.0000 0.0000 0.0000 358.8521 385.6211 -4.2949 0.0000 0.0000
2480.03 16.07.2018 22.20.01 29.74703 292.9781 -143.6236 -0.4987 -0.4987 0.0000 0.0000 0.0000 359.2082 385.5421 -4.2374 0.0000 0.0000
2490.03 16.07.2018 22.30.01 29.67410 292.5954 -142.1272 -0.4935 -0.4935 0.0000 0.0000 0.0000 359.1016 384.7638 -6.7062 0.0000 0.0000
2500.03 16.07.2018 22.40.01 29.60055 292.2752 -145.5734 -0.5055 -0.5055 0.0000 0.0000 0.0000 359.1920 384.3463 -7.4146 0.0000 0.0000
2510.03 16.07.2018 22.50.01 29.52508 291.9601 -149.0281 -0.5175 -0.5175 0.0000 0.0000 0.0000 359.4166 383.8518 -8.4489 0.0000 0.0000
2520.03 16.07.2018 23.00.01 29.44781 291.5793 -152.6562 -0.5301 -0.5301 0.0000 0.0000 0.0000 359.3223 382.8918 -11.1258 0.0000 0.0000
2530.03 16.07.2018 23.10.01 29.36883 291.4663 -155.6122 -0.5403 -0.5403 0.0000 0.0000 0.0000 359.1726 382.3106 -11.3072 0.0000 0.0000
2540.03 16.07.2018 23.20.01 29.28839 291.3717 -158.6521 -0.5509 -0.5509 0.0000 0.0000 0.0000 359.0974 381.7644 -11.5408 0.0000 0.0000
2550.03 16.07.2018 23.30.01 29.20641 291.2713 -161.4429 -0.5606 -0.5606 0.0000 0.0000 0.0000 359.0364 381.2223 -11.8467 0.0000 0.0000
2560.03 16.07.2018 23.40.01 29.12307 291.1695 -163.9956 -0.5694 -0.5694 0.0000 0.0000 0.0000 358.9835 380.6979 -12.1334 0.0000 0.0000
2570.03 16.07.2018 23.50.01 29.03848 291.0640 -166.2216 -0.5772 -0.5772 0.0000 0.0000 0.0000 358.9304 380.1753 -12.4749 0.0000 0.0000
2580.03 17.07.2018 00.00.01 28.95278 290.9577 -168.2411 -0.5842 -0.5842 0.0000 0.0000 0.0000 358.8756 379.6549 -12.8557 0.0000 0.0000
2590.03 17.07.2018 00.10.01 28.86614 291.0190 -169.9071 -0.5900 -0.5900 0.0000 0.0000 0.0000 358.5466 379.2851 -12.4614 0.0000 0.0000
2600.03 17.07.2018 00.20.01 28.77868 291.0809 -171.1863 -0.5944 -0.5944 0.0000 0.0000 0.0000 358.2180 378.9357 -12.0942 0.0000 0.0000
2610.03 17.07.2018 00.30.01 28.69079 291.1438 -172.1861 -0.5979 -0.5979 0.0000 0.0000 0.0000 357.8871 378.6150 -11.6648 0.0000 0.0000
2620.03 17.07.2018 00.40.01 28.60284 291.2242 -172.4177 -0.5987 -0.5987 0.0000 0.0000 0.0000 357.6232 378.4480 -10.7572 0.0000 0.0000
2630.03 17.07.2018 00.50.01 28.51495 291.2657 -171.0776 -0.5940 -0.5940 0.0000 0.0000 0.0000 357.3626 378.2335 -10.1341 0.0000 0.0000
2640.03 17.07.2018 01.00.01 28.42785 291.3109 -169.2935 -0.5878 -0.5878 0.0000 0.0000 0.0000 357.0939 377.9975 -9.6001 0.0000 0.0000
2650.03 17.07.2018 01.10.01 28.34194 291.2621 -165.5911 -0.5750 -0.5750 0.0000 0.0000 0.0000 356.5220 378.1962 -7.2827 0.0000 0.0000
2660.03 17.07.2018 01.20.01 28.25939 291.2258 -156.4574 -0.5433 -0.5433 0.0000 0.0000 0.0000 355.8643 378.0941 -6.3443 0.0000 0.0000
2670.03 17.07.2018 01.30.01 28.18102 291.1569 -151.6100 -0.5264 -0.5264 0.0000 0.0000 0.0000 354.6840 377.1577 -8.4278 0.0000 0.0000
2680.03 17.07.2018 01.40.01 28.10244 291.1594 -155.0882 -0.5385 -0.5385 0.0000 0.0000 0.0000 353.8866 377.0140 -6.8794 0.0000 0.0000
2690.03 17.07.2018 01.50.01 28.02282 290.9906 -154.6703 -0.5370 -0.5370 0.0000 0.0000 0.0000 353.1473 376.5714 -6.9184 0.0000 0.0000
2700.03 17.07.2018 02.00.01 27.94430 290.8359 -152.1655 -0.5284 -0.5284 0.0000 0.0007 0.0004 352.1217 375.8997 -7.4480 0.0000 0.0000
2710.03 17.07.2018 02.10.01 27.86709 290.5965 -147.8847 -0.5135 -0.5237 0.0136 0.4044 0.2142 349.1667 374.8855 -8.0258 0.0000 0.0000
2720.03 17.07.2018 02.20.01 27.79009 290.3454 -149.9395 -0.5206 -0.5437 0.0308 0.8625 0.4577 346.0421 373.5985 -9.0332 0.0000 0.0000
2730.03 17.07.2018 02.30.01 27.71057 290.0542 -156.9906 -0.5451 -0.5816 0.0487 1.3290 0.7058 342.7851 372.1594 -10.0225 0.0000 0.0000
2740.03 17.07.2018 02.40.01 27.62692 289.7793 -165.3007 -0.5740 -0.6240 0.0667 1.7972 0.9548 339.5811 370.8770 -9.8271 0.0000 0.0000
2750.03 17.07.2018 02.50.01 27.53951 289.5158 -171.4549 -0.5953 -0.6589 0.0847 2.2656 1.2039 336.4154 369.5932 -9.5729 0.0000 0.0000
2760.03 17.07.2018 03.00.01 27.44949 289.2171 -175.7606 -0.6103 -0.6875 0.1029 2.7383 1.4553 333.2375 368.2120 -9.6068 0.0000 0.0000
2770.03 17.07.2018 03.10.01 27.35769 289.1422 -159.8773 -0.5551 -0.7099 0.2064 5.7549 3.0539 332.9454 367.6219 -8.7287 0.0000 0.0000
2780.03 17.07.2018 03.20.01 27.27245 289.0924 -144.2854 -0.5010 -0.7510 0.3334 9.1146 4.8401 332.8928 367.3098 -8.2204 0.0000 0.0000
2790.03 17.07.2018 03.30.01 27.19384 289.0570 -132.5641 -0.4603 -0.8085 0.4643 12.5272 6.6550 332.9124 367.1454 -7.9107 0.0000 0.0000
2800.03 17.07.2018 03.40.01 27.12036 289.0158 -123.7343 -0.4296 -0.8766 0.5959 15.9502 8.4755 332.9745 367.1176 -7.6750 0.0000 0.0000
2810.03 17.07.2018 03.50.01 27.05087 288.9859 -116.6520 -0.4050 -0.9508 0.7277 19.3750 10.2970 333.0898 367.2061 -7.5391 0.0000 0.0000
2820.03 17.07.2018 04.00.01 26.98470 288.9461 -110.8742 -0.3850 -1.0296 0.8596 22.8019 12.1197 333.2287 367.3650 -7.5400 0.0000 0.0000
2830.03 17.07.2018 04.10.01 26.92138 289.3044 -97.9610 -0.3401 -1.1105 1.0272 27.2948 14.5068 333.3654 367.9543 -6.2510 0.0000 0.0000
2840.03 17.07.2018 04.20.01 26.86340 289.6654 -87.2778 -0.3030 -1.2065 1.2046 31.9315 16.9726 333.5886 368.7092 -5.1445 0.0000 0.0000
2850.03 17.07.2018 04.30.01 26.81005 290.0350 -79.1660 -0.2749 -1.3127 1.3837 36.5903 19.4503 333.8641 369.6149 -4.0729 0.0000 0.0000
2860.03 17.07.2018 04.40.01 26.76052 290.4088 -72.1974 -0.2507 -1.4230 1.5631 41.2534 21.9305 334.1838 370.6423 -3.0877 0.0000 0.0000
2870.03 17.07.2018 04.50.01 26.71444 290.7834 -65.6053 -0.2278 -1.5347 1.7426 63.7063 34.3852 334.5441 373.3936 -3.9459 0.0000 0.0000
2880.03 17.07.2018 05.00.01 26.67181 291.1698 -48.7943 -0.1694 -1.6467 1.9697 70.1373 37.9360 335.0943 375.2985 -3.9445 0.0000 0.0000
2890.03 17.07.2018 05.10.01 26.63616 291.5411 -56.9783 -0.1978 -1.7753 2.1033 196.0511 108.9257 336.1696 388.9018 -16.5826 0.0000 0.0000
2900.03 17.07.2018 05.20.01 26.59945 292.0134 26.6472 0.0925 -1.8745 2.6227 304.4065 170.4116 338.6104 405.0899 -31.4426 0.0000 0.0000
2910.03 17.07.2018 05.30.01 26.59481 292.5264 95.4902 0.3316 -2.1029 3.2459 392.7910 221.0899 341.6935 422.2070 -45.7125 0.0000 0.0000
2920.03 17.07.2018 05.40.01 26.61758 293.0579 130.4482 0.4529 -2.4240 3.8359 200.9580 107.7122 344.8799 400.3617 -27.6194 0.0000 0.0000
2930.03 17.07.2018 05.50.01 26.65515 293.4908 60.5040 0.2101 -2.7715 3.9755 197.9155 107.8130 346.6765 404.6510 -28.1704 0.0000 0.0000
2940.03 17.07.2018 06.00.01 26.67004 294.0222 25.7202 0.0893 -2.9628 4.0694 240.0519 127.9708 348.2904 406.2325 -26.8302 0.0000 0.0000
2950.03 17.07.2018 06.10.01 26.67437 294.2823 23.5580 0.0818 -3.0690 4.2010 282.4177 146.8040 349.8550 407.8718 -28.3525 0.0000 0.0000
2960.03 17.07.2018 06.20.01 26.67935 294.5183 34.9957 0.1215 -3.1548 4.3684 342.6119 176.7496 351.3679 413.3860 -36.0505 0.0000 0.0000
2970.03 17.07.2018 06.30.01 26.68981 294.7507 44.3018 0.1538 -3.2446 4.5312 383.1333 195.3329 352.9560 416.9684 -43.5041 0.0000 0.0000
2980.03 17.07.2018 06.40.01 26.70526 294.9857 66.6065 0.2313 -3.3331 4.7525 379.1150 193.2683 354.6796 422.6363 -51.6973 0.0000 0.0000
2990.03 17.07.2018 06.50.01 26.73275 295.2200 369.7597 1.2839 -3.4436 6.3033 385.9268 196.6987 356.4838 427.9886 -59.3669 0.0000 0.0000
3000.03 17.07.2018 07.00.01 26.87222 295.4557 564.6998 1.9608 -4.0745 8.0471 393.8436 200.6428 358.2295 432.8930 -66.2692 0.0000 0.0000
3010.03 17.07.2018 07.10.01 27.08566 295.6781 661.0969 2.2955 -5.0145 9.7466 417.0808 213.5234 359.5586 439.2038 -76.0109 0.0000 0.0000
3020.03 17.07.2018 07.20.01 27.33779 295.8939 710.5303 2.4671 -6.0812 11.3978 425.7744 217.7139 360.8099 442.7978 -83.4187 0.0000 0.0000
3030.03 17.07.2018 07.30.01 27.61154 296.0938 731.6190 2.5403 -7.1927 12.9773 433.5141 221.3854 362.0213 445.7242 -90.5820 0.0000 0.0000
3040.03 17.07.2018 07.40.01 27.89633 296.2887 744.1569 2.5839 -8.3011 14.5133 442.0896 225.5243 363.1203 448.2476 -97.3045 0.0000 0.0000
3050.03 17.07.2018 07.50.01 28.18841 296.4946 707.6730 2.4572 -9.3949 15.8029 450.4336 229.7092 364.3030 450.5358 -103.0851 0.0000 0.0000
3060.03 17.07.2018 08.00.01 28.46963 296.6853 646.9850 2.2465 -10.3894 16.8478 457.5143 233.3204 365.3450 452.3518 -108.8303 0.0000 0.0000
3070.03 17.07.2018 08.10.01 28.73177 296.8252 698.7070 2.4261 -11.2484 18.2326 466.7730 237.8469 366.5048 454.1186 -113.5358 0.0000 0.0000
3080.03 17.07.2018 08.20.01 29.01422 296.9562 709.6033 2.4639 -12.1790 19.5238 475.1348 241.9058 367.4687 455.4277 -119.3220 0.0000 0.0000
3090.03 17.07.2018 08.30.01 29.30325 297.0863 790.9791 2.7465 -13.1062 21.1369 484.1566 246.1175 368.5308 456.6819 -125.0569 0.0000 0.0000
3100.03 17.07.2018 08.40.01 29.62307 297.2241 767.3655 2.6645 -14.1544 22.4252 492.8398 250.3571 369.5278 458.0027 -128.5983 0.0000 0.0000
3110.03 17.07.2018 08.50.01 29.93652 297.3529 744.7292 2.5859 -15.1328 23.6249 500.5195 254.0617 370.3945 458.8879 -133.7921 0.0000 0.0000
3120.03 17.07.2018 09.00.01 30.24413 297.4601 789.7859 2.7423 -16.0480 25.0538 506.3464 256.4840 371.0615 459.4055 -138.5202 0.0000 0.0000
3130.03 17.07.2018 09.10.01 30.56729 297.4617 529.4141 1.8382 -17.0259 25.1521 498.6022 253.0739 372.4147 459.7692 -142.1287 0.0000 0.0000
3140.03 17.07.2018 09.20.01 30.79696 297.4540 343.8395 1.1939 -17.5228 24.9556 488.1852 248.2831 373.6285 459.4357 -143.8907 0.0000 0.0000
3150.03 17.07.2018 09.30.01 30.95858 297.4470 206.3329 0.7164 -17.6908 24.5429 476.2293 242.7318 374.7901 458.6049 -145.0834 0.0000 0.0000
3160.03 17.07.2018 09.40.01 31.06942 297.4731 157.3801 0.5465 -17.6250 24.2286 468.5127 239.3015 375.9243 458.1397 -142.9524 0.0000 0.0000
3170.03 17.07.2018 09.50.01 31.16085 297.4400 100.4858 0.3489 -17.4854 23.7791 459.8834 235.4251 377.1821 457.7411 -140.3369 0.0000 0.0000
3180.03 17.07.2018 10.00.01 31.23040 297.4454 23.6208 0.0820 -17.2561 23.1175 449.9531 230.9278 378.3850 457.3351 -138.1410 0.0000 0.0000
3190.03 17.07.2018 10.10.01 31.27166 297.5204 77.0158 0.2674 -16.9034 22.8944 441.8911 226.8741 378.7273 456.7821 -134.9862 0.0000 0.0000
3200.03 17.07.2018 10.20.01 31.33093 297.5863 87.2573 0.3030 -16.6603 22.6177 433.5602 222.6992 379.0953 456.2581 -132.0387 0.0000 0.0000
3210.03 17.07.2018 10.30.01 31.39297 297.6454 57.7128 0.2004 -16.4428 22.1909 423.4990 217.6004 379.2500 455.5203 -128.7787 0.0000 0.0000
3220.03 17.07.2018 10.40.01 31.44393 297.7091 60.7496 0.2109 -16.1788 21.8529 415.5327 213.5931 379.4392 454.9209 -125.9886 0.0000 0.0000
3230.03 17.07.2018 10.50.01 31.49560 297.7700 46.6269 0.1619 -15.9196 21.4420 406.8543 209.2135 379.5938 454.2629 -122.9404 0.0000 0.0000
3240.03 17.07.2018 11.00.01 31.54077 297.8280 15.2493 0.0529 -15.6440 20.9293 397.5896 204.5573 379.7242 453.5804 -119.8835 0.0000 0.0000
3250.03 17.07.2018 11.10.01 31.57595 297.9447 215.5832 0.7486 -15.3287 21.4363 404.9873 208.1922 380.0058 453.9930 -118.1456 0.0000 0.0000
3260.03 17.07.2018 11.20.01 31.68411 298.0716 331.6989 1.1517 -15.3738 22.0341 413.9247 212.6800 380.6069 455.0559 -117.6775 0.0000 0.0000
3270.03 17.07.2018 11.30.01 31.83578 298.1992 389.0740 1.3510 -15.6140 22.6199 422.8369 217.1613 381.3278 456.3484 -118.0396 0.0000 0.0000
3280.03 17.07.2018 11.40.01 32.00991 298.3323 423.6273 1.4709 -15.9394 23.2137 432.2018 221.8916 382.1342 457.7974 -119.3728 0.0000 0.0000
3290.03 17.07.2018 11.50.01 32.19805 298.4658 433.7994 1.5062 -16.3085 23.7530 441.0404 226.3474 382.9308 459.3050 -120.9992 0.0000 0.0000
3300.03 17.07.2018 12.00.01 32.39105 298.5966 416.4814 1.4461 -16.6786 24.1662 448.8716 230.2958 383.7317 460.7924 -122.7474 0.0000 0.0000
3310.03 17.07.2018 12.10.01 32.57592 298.5894 124.4612 0.4322 -16.9939 23.2347 437.0868 224.7298 384.8002 461.3841 -122.7441 0.0000 0.0000
3320.03 17.07.2018 12.20.01 32.65386 298.5620 -65.5498 -0.2276 -16.7867 22.0787 422.1482 217.4428 385.3763 461.1443 -121.0482 0.0000 0.0000
3330.03 17.07.2018 12.30.01 32.66055 298.5267 -172.2514 -0.5981 -16.2623 20.8856 406.8918 209.9940 385.7568 460.6020 -118.6797 0.0000 0.0000
3340.03 17.07.2018 12.40.01 32.62570 298.4892 -225.4116 -0.7827 -15.5784 19.7276 392.1802 202.7977 386.0467 459.8695 -115.8894 0.0000 0.0000
3350.03 17.07.2018 12.50.01 32.56881 298.4503 -256.9873 -0.8923 -14.8316 18.5857 377.6872 195.7205 386.2964 459.0501 -112.6713 0.0000 0.0000
3360.03 17.07.2018 13.00.01 32.49804 298.4277 -268.0334 -0.9307 -14.0582 17.5034 364.4114 189.3277 386.6942 458.3109 -109.5395 0.0000 0.0000
3370.03 17.07.2018 13.10.01 32.42227 298.3492 -134.8935 -0.4684 -13.2984 17.1067 357.2337 185.4589 385.9301 456.8571 -107.9495 0.0000 0.0000
3380.03 17.07.2018 13.20.01 32.39303 298.2567 -65.0670 -0.2259 -12.8018 16.7679 351.3450 182.3203 385.1913 455.6102 -106.5155 0.0000 0.0000
3390.03 17.07.2018 13.30.01 32.38809 298.1576 -41.4997 -0.1441 -12.4432 16.3988 345.1827 179.0397 384.4589 454.3302 -105.0190 0.0000 0.0000
3400.03 17.07.2018 13.40.01 32.39105 298.0570 -34.6829 -0.1204 -12.1345 16.0187 339.1874 175.8360 383.7092 453.0581 -103.4677 0.0000 0.0000
3410.03 17.07.2018 13.50.01 32.39599 297.9522 -39.3043 -0.1365 -11.8445 15.6107 333.0548 172.5709 382.9448 451.7426 -102.2002 0.0000 0.0000
3420.03 17.07.2018 14.00.01 32.39858 297.8447 -58.5191 -0.2032 -11.5524 15.1322 326.5127 169.1127 382.1830 450.3469 -101.1580 0.0000 0.0000
3430.03 17.07.2018 14.10.01 32.39401 297.7294 -17.3827 -0.0604 -11.2373 14.9026 323.0765 167.0079 379.8046 448.5986 -100.2789 0.0000 0.0000
3440.03 17.07.2018 14.20.01 32.40313 297.6055 -16.4829 -0.0572 -11.0097 14.6033 319.3473 164.7804 377.2781 446.7751 -99.8258 0.0000 0.0000
3450.03 17.07.2018 14.30.01 32.41140 297.4796 -30.7355 -0.1067 -10.7964 14.2529 315.5654 162.5590 374.7993 444.9104 -99.6076 0.0000 0.0000
3460.03 17.07.2018 14.40.01 32.41348 297.3641 -35.5134 -0.1233 -10.5704 13.9294 313.4550 161.2233 372.4308 443.1570 -99.5106 0.0000 0.0000
3470.03 17.07.2018 14.50.01 32.41241 297.2400 -72.4750 -0.2516 -10.3476 13.4613 309.9158 159.1390 369.9967 441.2302 -99.2361 0.0000 0.0000
3480.03 17.07.2018 15.00.01 32.39639 297.1081 -133.4885 -0.4635 -10.0716 12.8109 305.0736 156.4124 367.4957 439.1448 -98.6654 0.0000 0.0000
3490.03 17.07.2018 15.10.01 32.35616 296.9134 -247.4127 -0.8591 -9.7082 11.7989 291.9152 149.8301 366.0797 437.3625 -96.3882 0.0000 0.0000
3500.03 17.07.2018 15.20.01 32.27371 296.7219 -320.0051 -1.1111 -9.1570 10.7278 277.5475 142.5667 364.5845 435.2309 -93.2100 0.0000 0.0000
3510.03 17.07.2018 15.30.01 32.16265 296.5290 -366.0576 -1.2710 -8.5019 9.6411 262.7866 135.0804 362.9610 432.9407 -89.5988 0.0000 0.0000
3520.03 17.07.2018 15.40.01 32.03253 296.3403 -382.8662 -1.3294 -7.7936 8.6189 248.6454 127.9419 361.3966 430.6685 -85.9392 0.0000 0.0000
3530.03 17.07.2018 15.50.01 31.89385 296.1416 -404.7743 -1.4055 -7.0853 7.5732 233.7744 120.3833 359.7337 428.2229 -81.9181 0.0000 0.0000
3540.03 17.07.2018 16.00.01 31.74481 295.9443 -422.0164 -1.4653 -6.3661 6.5344 219.1578 112.9722 358.0589 425.7466 -77.8332 0.0000 0.0000
3550.03 17.07.2018 16.10.01 31.58737 295.6794 -418.6089 -1.4535 -5.6452 5.5889 205.7778 106.1681 356.1359 423.0865 -74.4690 0.0000 0.0000
3560.03 17.07.2018 16.20.01 31.42874 295.4170 -410.3133 -1.4247 -4.9603 4.7141 193.1433 99.7577 354.2438 420.4663 -71.1306 0.0000 0.0000
3570.03 17.07.2018 16.30.01 31.27096 295.1598 -394.8347 -1.3710 -4.3173 3.9285 181.5871 93.9271 352.4214 417.9475 -67.9050 0.0000 0.0000
3580.03 17.07.2018 16.40.01 31.11773 294.8932 -278.0695 -0.9655 -3.7268 3.6817 174.3637 90.3591 350.5046 415.7895 -65.8260 0.0000 0.0000
3590.03 17.07.2018 16.50.01 31.00503 294.6272 -216.6454 -0.7522 -3.3659 3.4848 167.4508 86.9386 348.6046 413.6556 -63.7685 0.0000 0.0000
3600.03 17.07.2018 17.00.01 30.91357 294.3522 -203.5151 -0.7066 -3.1282 3.2288 159.4687 82.9215 346.5729 411.3731 -61.4940 0.0000 0.0000
3610.03 17.07.2018 17.10.01 30.82604 294.0714 -191.9159 -0.6664 -2.9237 3.0098 150.4467 78.3751 344.9805 409.1916 -58.8900 0.0000 0.0000
3620.03 17.07.2018 17.20.01 30.74203 293.7902 -193.8362 -0.6730 -2.7490 2.7679 140.8003 73.4717 343.3688 406.9212 -56.1481 0.0000 0.0000
3630.03 17.07.2018 17.30.01 30.65643 293.5033 -204.3499 -0.7095 -2.5793 2.4930 130.3838 68.1320 341.6752 404.5279 -53.2727 0.0000 0.0000
3640.03 17.07.2018 17.40.01 30.56628 293.2203 -206.0474 -0.7154 -2.4012 2.2477 120.2543 63.1259 340.0052 402.3785 -50.5261 0.0000 0.0000
3650.03 17.07.2018 17.50.01 30.47460 292.9340 -214.4875 -0.7447 -2.2313 1.9820 107.2133 56.3882 338.3061 399.8055 -47.1613 0.0000 0.0000
3660.03 17.07.2018 18.00.01 30.37890 292.6471 -223.1650 -0.7749 -2.0575 1.7101 94.4769 49.8383 336.5632 397.2264 -43.7203 0.0000 0.0000
3670.03 17.07.2018 18.10.01 30.27923 292.3273 -219.2350 -0.7612 -1.8795 1.4910 84.3915 44.5991 335.3554 394.9064 -39.2840 0.0000 0.0000
3680.03 17.07.2018 18.20.01 30.18020 292.0113 -217.9854 -0.7569 -1.7172 1.2804 74.0824 39.2189 334.2174 392.6704 -35.2150 0.0000 0.0000
3690.03 17.07.2018 18.30.01 30.08102 291.6982 -219.0392 -0.7606 -1.5646 1.0720 63.5166 33.6841 333.1026 390.4323 -31.4479 0.0000 0.0000
3700.03 17.07.2018 18.40.01 29.98089 291.3865 -218.1677 -0.7575 -1.4175 0.8799 48.5266 25.7884 332.0369 387.9809 -27.5279 0.0000 0.0000
3710.03 17.07.2018 18.50.01 29.88040 291.0706 -222.4835 -0.7725 -1.2792 0.6756 32.8714 17.5034 330.9520 385.3094 -23.6292 0.0000 0.0000
3720.03 17.07.2018 19.00.01 29.77773 290.7519 -226.1965 -0.7854 -1.1412 0.4744 16.7850 8.9559 329.8799 382.4701 -19.8685 0.0000 0.0000
3730.03 17.07.2018 19.10.01 29.67309 290.3631 -217.6383 -0.7557 -1.0071 0.3352 14.2720 7.6507 328.6070 379.9391 -19.0602 0.0000 0.0000
3740.03 17.07.2018 19.20.01 29.57040 289.9782 -203.4014 -0.7063 -0.9037 0.2633 12.1819 6.5466 327.4300 377.6622 -18.5759 0.0000 0.0000
3750.03 17.07.2018 19.30.01 29.47170 289.5931 -197.6647 -0.6863 -0.8395 0.2043 10.1184 5.4484 326.2943 375.4760 -18.2224 0.0000 0.0000
3760.03 17.07.2018 19.40.01 29.37408 289.2081 -197.9592 -0.6874 -0.7975 0.1468 6.9644 3.7552 325.1704 373.2944 -17.8354 0.0000 0.0000
3770.03 17.07.2018 19.50.01 29.27545 288.8213 -201.9751 -0.7013 -0.7659 0.0861 3.6931 1.9943 324.0400 371.1260 -17.4964 0.0000 0.0000
3780.03 17.07.2018 20.00.01 29.17443 288.4347 -206.9734 -0.7187 -0.7375 0.0252 0.3499 0.1902 322.9115 368.9865 -17.1616 0.0000 0.0000
3790.03 17.07.2018 20.10.01 29.07089 288.0431 -203.3577 -0.7061 -0.7095 0.0045 0.0631 0.0343 321.9530 367.2168 -16.6682 0.0000 0.0000
3800.03 17.07.2018 20.20.01 28.96816 287.6575 -199.8217 -0.6938 -0.6944 0.0008 0.0114 0.0062 321.0689 365.5924 -16.4397 0.0000 0.0000
3810.03 17.07.2018 20.30.01 28.86639 287.2809 -199.1286 -0.6914 -0.6915 0.0001 0.0021 0.0011 320.2320 364.0911 -16.2014 0.0000 0.0000
3820.03 17.07.2018 20.40.01 28.76425 286.9154 -199.6600 -0.6933 -0.6933 0.0000 0.0004 0.0002 319.4216 362.6795 -16.0012 0.0000 0.0000
3830.03 17.07.2018 20.50.01 28.66158 286.5263 -201.3940 -0.6993 -0.6993 0.0000 0.0001 0.0000 318.6203 361.2898 -16.0313 0.0000 0.0000
3840.03 17.07.2018 21.00.01 28.55786 286.1491 -203.5775 -0.7069 -0.7069 0.0000 0.0000 0.0000 317.8160 359.9757 -15.9905 0.0000 0.0000
3850.03 17.07.2018 21.10.01 28.45297 286.0109 -206.2654 -0.7162 -0.7162 0.0000 0.0000 0.0000 317.4154 358.9621 -15.3567 0.0000 0.0000
3860.03 17.07.2018 21.20.01 28.34658 285.8690 -209.1334 -0.7262 -0.7262 0.0000 0.0000 0.0000 317.0402 358.0283 -14.8361 0.0000 0.0000
3870.03 17.07.2018 21.30.01 28.23870 285.6710 -212.4657 -0.7377 -0.7377 0.0000 0.0000 0.0000 316.6364 357.0844 -14.6498 0.0000 0.0000
3880.03 17.07.2018 21.40.01 28.12917 285.6300 -214.1579 -0.7436 -0.7436 0.0000 0.0000 0.0000 316.4104 356.5050 -13.2588 0.0000 0.0000
3890.03 17.07.2018 21.50.01 28.01931 285.3885 -214.0695 -0.7433 -0.7433 0.0000 0.0000 0.0000 316.1192 355.7131 -12.9766 0.0000 0.0000
3900.03 17.07.2018 22.00.01 27.90945 285.2345 -214.0049 -0.7431 -0.7431 0.0000 0.0000 0.0000 315.8276 355.0300 -12.3964 0.0000 0.0000
3910.03 17.07.2018 22.10.01 27.79965 285.1568 -213.7935 -0.7423 -0.7423 0.0000 0.0000 0.0000 315.4916 354.3301 -12.0666 0.0000 0.0000
3920.03 17.07.2018 22.20.01 27.68978 285.0790 -214.4548 -0.7446 -0.7446 0.0000 0.0000 0.0000 315.1660 353.6412 -11.8198 0.0000 0.0000
3930.03 17.07.2018 22.30.01 27.57964 285.0005 -215.7193 -0.7490 -0.7490 0.0000 0.0000 0.0000 314.8422 352.9738 -11.5983 0.0000 0.0000
3940.03 17.07.2018 22.40.01 27.46887 284.9199 -216.9501 -0.7533 -0.7533 0.0000 0.0000 0.0000 314.5178 352.3426 -11.3227 0.0000 0.0000
3950.03 17.07.2018 22.50.01 27.35739 284.8268 -217.6920 -0.7559 -0.7559 0.0000 0.0000 0.0000 314.1850 351.7131 -11.1241 0.0000 0.0000
3960.03 17.07.2018 23.00.01 27.24569 284.7229 -218.6556 -0.7592 -0.7592 0.0000 0.0000 0.0000 313.8557 351.0902 -10.9832 0.0000 0.0000
3970.03 17.07.2018 23.10.01 27.13354 284.5908 -219.1303 -0.7609 -0.7609 0.0000 0.0000 0.0000 313.4666 350.4897 -10.7732 0.0000 0.0000
3980.03 17.07.2018 23.20.01 27.02130 284.4413 -219.1250 -0.7609 -0.7608 0.0000 0.0000 0.0000 313.0292 349.8495 -10.7065 0.0000 0.0000
3990.03 17.07.2018 23.30.01 26.90896 284.3652 -219.1143 -0.7608 -0.7608 0.0000 0.0000 0.0000 312.5503 349.2170 -10.5984 0.0000 0.0000
4000.03 17.07.2018 23.40.01 26.79638 284.1729 -219.9224 -0.7636 -0.7636 0.0000 0.0000 0.0000 312.1249 348.5142 -11.0019 0.0000 0.0000
4010.03 17.07.2018 23.50.01 26.68322 284.0056 -222.2621 -0.7717 -0.7717 0.0000 0.0000 0.0000 311.7371 347.8002 -11.4726 0.0000 0.0000
4020.03 18.07.2018 00.00.01 26.56872 283.8876 -224.8685 -0.7808 -0.7808 0.0000 0.0000 0.0000 311.3425 347.1103 -11.8268 0.0000 0.0000
4030.03 18.07.2018 00.10.01 26.45294 283.9129 -226.4688 -0.7864 -0.7863 0.0000 0.0000 0.0000 311.0510 346.7422 -10.7022 0.0000 0.0000
4040.03 18.07.2018 00.20.01 26.33727 283.9412 -225.6435 -0.7835 -0.7835 0.0000 0.0000 0.0000 310.7189 346.4057 -9.6052 0.0000 0.0000
4050.03 18.07.2018 00.30.01 26.22238 283.9631 -223.4153 -0.7757 -0.7757 0.0000 0.0000 0.0000 310.3674 346.0735 -8.7724 0.0000 0.0000
4060.03 18.07.2018 00.40.01 26.10858 283.8009 -222.2240 -0.7716 -0.7716 0.0000 0.0000 0.0000 310.0391 345.5616 -9.0768 0.0000 0.0000
4070.03 18.07.2018 00.50.01 25.99444 283.6854 -223.7569 -0.7769 -0.7769 0.0000 0.0000 0.0000 309.7843 344.9220 -9.6493 0.0000 0.0000
4080.03 18.07.2018 01.00.01 25.87933 283.6271 -226.0025 -0.7847 -0.7847 0.0000 0.0000 0.0000 309.5413 344.3322 -10.0495 0.0000 0.0000
4090.03 18.07.2018 01.10.01 25.76302 283.5254 -228.1014 -0.7920 -0.7920 0.0000 0.0000 0.0000 309.2368 343.8276 -10.0088 0.0000 0.0000
4100.03 18.07.2018 01.20.01 25.64584 283.3950 -228.7607 -0.7943 -0.7943 0.0000 0.0000 0.0000 308.8883 343.2680 -10.1167 0.0000 0.0000
4110.03 18.07.2018 01.30.01 25.52865 283.2596 -228.9682 -0.7950 -0.7950 0.0000 0.0000 0.0000 308.5200 342.7022 -10.2282 0.0000 0.0000
4120.03 18.07.2018 01.40.01 25.41146 283.1402 -228.4156 -0.7931 -0.7931 0.0000 0.0000 0.0000 308.1637 342.2116 -10.0565 0.0000 0.0000
4130.03 18.07.2018 01.50.01 25.29492 282.8525 -227.4727 -0.7898 -0.7898 0.0000 0.0000 0.0000 307.7800 341.5732 -10.6281 0.0000 0.0000
4140.03 18.07.2018 02.00.01 25.17861 282.6448 -227.7866 -0.7909 -0.7909 0.0000 0.0005 0.0002 307.3543 340.9720 -10.7760 0.0000 0.0000
4150.03 18.07.2018 02.10.01 25.06237 282.7891 -224.0738 -0.7780 -0.7850 0.0093 0.2786 0.1475 307.1269 340.7652 -9.3489 0.0000 0.0000
4160.03 18.07.2018 02.20.01 24.94839 282.9441 -218.6691 -0.7593 -0.7752 0.0212 0.5942 0.3153 306.9499 340.6027 -8.2104 0.0000 0.0000
4170.03 18.07.2018 02.30.01 24.83688 283.0165 -214.4364 -0.7446 -0.7697 0.0336 0.9155 0.4862 306.8246 340.4079 -7.5440 0.0000 0.0000
4180.03 18.07.2018 02.40.01 24.72704 283.0665 -212.0107 -0.7361 -0.7706 0.0460 1.2380 0.6577 306.7510 340.1942 -7.1831 0.0000 0.0000
4190.03 18.07.2018 02.50.01 24.61797 283.1216 -211.2413 -0.7335 -0.7773 0.0584 1.5607 0.8294 306.6889 339.9939 -6.8516 0.0000 0.0000
4200.03 18.07.2018 03.00.01 24.50921 283.1989 -211.1100 -0.7330 -0.7862 0.0709 1.8875 1.0032 306.6175 339.8263 -6.4666 0.0000 0.0000
4210.03 18.07.2018 03.10.01 24.40063 283.5080 -192.9545 -0.6700 -0.7934 0.1646 4.6327 2.4577 306.9154 340.1585 -5.1302 0.0000 0.0000
4220.03 18.07.2018 03.20.01 24.29913 283.8267 -177.5397 -0.6165 -0.8269 0.2806 7.7042 4.0906 307.3557 340.6828 -3.9852 0.0000 0.0000
4230.03 18.07.2018 03.30.01 24.20391 284.1527 -166.7782 -0.5791 -0.8793 0.4003 10.8258 5.7507 307.8648 341.3264 -2.9518 0.0000 0.0000
4240.03 18.07.2018 03.40.01 24.11343 284.4821 -158.7496 -0.5512 -0.9418 0.5208 13.9574 7.4163 308.4215 342.0644 -2.0205 0.0000 0.0000
4250.03 18.07.2018 03.50.01 24.02667 284.8138 -152.0754 -0.5280 -1.0090 0.6413 17.0907 9.0828 309.0123 342.8814 -1.1763 0.0000 0.0000
4260.03 18.07.2018 04.00.01 23.94308 285.1479 -145.9245 -0.5067 -1.0781 0.7619 20.2248 10.7496 309.6318 343.7674 -0.4048 0.0000 0.0000
4270.03 18.07.2018 04.10.01 23.86260 285.4799 -138.1521 -0.4797 -1.1479 0.8909 23.6097 12.5494 310.7508 344.8073 0.1963 0.0000 0.0000
4280.03 18.07.2018 04.20.01 23.78604 285.8117 -130.3601 -0.4526 -1.2193 1.0223 27.0284 14.3676 311.9162 345.9231 0.6652 0.0000 0.0000
4290.03 18.07.2018 04.30.01 23.71331 286.1399 -122.9025 -0.4267 -1.2922 1.1540 30.4523 16.1886 313.0953 347.0839 1.0023 0.0000 0.0000
4300.03 18.07.2018 04.40.01 23.64425 286.4631 -115.9000 -0.4024 -1.3667 1.2858 33.8773 18.0102 314.2977 348.2851 1.2161 0.0000 0.0000
4310.03 18.07.2018 04.50.01 23.57867 286.7913 -109.2747 -0.3794 -1.4426 1.4176 69.9339 38.1267 315.5389 352.5338 -1.3406 0.0000 0.0000
4320.03 18.07.2018 05.00.01 23.51666 287.1471 -83.9859 -0.2916 -1.5188 1.6363 75.5789 41.3337 317.0851 355.0383 -2.2896 0.0000 0.0000
4330.03 18.07.2018 05.10.01 23.46465 287.6069 -84.7398 -0.2942 -1.6261 1.7758 238.4458 133.1622 318.6613 373.1493 -15.9717 0.0000 0.0000
4340.03 18.07.2018 05.20.01 23.41476 288.1401 28.0550 0.0974 -1.7160 2.4179 377.9411 212.3570 321.9869 395.0097 -32.5551 0.0000 0.0000
4350.03 18.07.2018 05.30.01 23.40768 288.7832 121.2921 0.4212 -1.9836 3.2064 490.5818 276.9629 326.1623 418.1621 -49.4747 0.0000 0.0000
4360.03 18.07.2018 05.40.01 23.43755 289.5095 162.0548 0.5627 -2.3783 3.9213 229.7856 123.2432 330.4172 387.5523 -27.7274 0.0000 0.0000
4370.03 18.07.2018 05.50.01 23.48504 290.0666 64.9400 0.2255 -2.7977 4.0309 218.2650 119.1697 332.7381 392.0850 -29.0978 0.0000 0.0000
4380.03 18.07.2018 06.00.01 23.50082 290.5812 9.8250 0.0341 -3.0024 4.0487 258.5835 137.8598 334.5913 392.4753 -28.5427 0.0000 0.0000
4390.03 18.07.2018 06.10.01 23.49923 290.9361 1.8621 0.0065 -3.0796 4.1147 302.8903 157.2297 335.8918 393.7874 -28.9187 0.0000 0.0000
4400.03 18.07.2018 06.20.01 23.49676 291.2744 18.8096 0.0653 -3.1190 4.2458 365.0727 188.0621 337.2101 399.4772 -36.0577 0.0000 0.0000
4410.03 18.07.2018 06.30.01 23.50240 291.6346 46.5351 0.1616 -3.1664 4.4373 403.9309 205.6364 338.8288 403.0860 -43.1350 0.0000 0.0000
4420.03 18.07.2018 06.40.01 23.52017 292.0063 73.9437 0.2567 -3.2397 4.6619 395.9620 201.5850 340.5523 409.0417 -50.8340 0.0000 0.0000
4430.03 18.07.2018 06.50.01 23.55267 292.3834 424.7926 1.4750 -3.3377 6.4169 400.5815 203.9318 342.4016 414.7679 -58.2500 0.0000 0.0000
4440.03 18.07.2018 07.00.01 23.71453 292.7545 607.7245 2.1102 -4.0367 8.1958 404.7132 205.9647 344.1136 419.7749 -64.7442 0.0000 0.0000
4450.03 18.07.2018 07.10.01 23.94668 293.0022 715.5992 2.4847 -5.0174 10.0028 421.6154 215.9109 345.9027 426.6168 -72.8814 0.0000 0.0000
4460.03 18.07.2018 07.20.01 24.22164 293.2510 728.9935 2.5312 -6.1434 11.5662 421.6890 215.9427 347.5992 430.2796 -78.4257 0.0000 0.0000
4470.03 18.07.2018 07.30.01 24.50500 293.4942 697.7769 2.4228 -7.2472 12.8933 419.8286 214.9916 349.2265 433.1338 -82.9143 0.0000 0.0000
4480.03 18.07.2018 07.40.01 24.78039 293.7414 686.4245 2.3834 -8.2552 14.1848 422.9306 216.5809 350.7755 435.6813 -86.7626 0.0000 0.0000
4490.03 18.07.2018 07.50.01 25.05392 293.9948 629.0201 2.1841 -9.2098 15.1919 425.9326 218.3231 352.5168 438.0993 -90.3293 0.0000 0.0000
4500.03 18.07.2018 08.00.01 25.30856 294.2286 539.7341 1.8741 -10.0321 15.8749 426.5481 218.8805 354.0414 439.9803 -93.2076 0.0000 0.0000
4510.03 18.07.2018 08.10.01 25.53219 294.3523 428.9110 1.4893 -10.6733 16.2168 414.0061 212.8525 355.6486 441.1221 -94.5044 0.0000 0.0000
4520.03 18.07.2018 08.20.01 25.71594 294.4648 301.2905 1.0461 -11.1028 16.1986 398.3438 205.2259 356.9254 441.2878 -94.3631 0.0000 0.0000
4530.03 18.07.2018 08.30.01 25.85372 294.5723 223.4409 0.7758 -11.2997 16.1007 381.2009 196.7705 358.1066 440.9003 -93.2399 0.0000 0.0000
4540.03 18.07.2018 08.40.01 25.96288 294.6644 155.7216 0.5407 -11.3596 15.8670 369.0474 190.9017 359.0849 440.3177 -91.6584 0.0000 0.0000
4550.03 18.07.2018 08.50.01 26.04675 294.7529 90.8166 0.3153 -11.3032 15.4914 356.3179 184.7940 360.0858 439.6623 -89.6957 0.0000 0.0000
4560.03 18.07.2018 09.00.01 26.10598 294.8304 3.0767 0.0107 -11.1369 14.8634 341.4525 177.5934 360.9550 438.6737 -86.9895 0.0000 0.0000
4570.03 18.07.2018 09.10.01 26.13436 294.9320 153.6163 0.5334 -10.8223 15.1409 341.3899 177.5314 362.0256 438.6614 -82.2344 0.0000 0.0000
4580.03 18.07.2018 09.20.01 26.21627 295.0540 196.1152 0.6810 -10.7846 15.2874 341.7828 177.8394 363.3368 439.2189 -78.8248 0.0000 0.0000
4590.03 18.07.2018 09.30.01 26.31411 295.1870 214.5325 0.7449 -10.8164 15.4150 342.3115 178.2427 364.7741 440.0905 -76.0313 0.0000 0.0000
4600.03 18.07.2018 09.40.01 26.41946 295.3249 227.9090 0.7914 -10.8710 15.5498 343.5123 178.9698 366.2262 441.2186 -73.5799 0.0000 0.0000
4610.03 18.07.2018 09.50.01 26.53051 295.4718 232.8344 0.8085 -10.9390 15.6633 344.6971 179.7034 367.7405 442.5639 -71.4939 0.0000 0.0000
4620.03 18.07.2018 10.00.01 26.64413 295.6188 222.5228 0.7726 -11.0050 15.7035 345.3532 180.1740 369.2525 443.9885 -69.6684 0.0000 0.0000
4630.03 18.07.2018 10.10.01 26.75594 295.7672 348.4254 1.2098 -11.0430 16.3371 356.3801 185.8143 371.3799 445.7229 -70.5453 0.0000 0.0000
4640.03 18.07.2018 10.20.01 26.91439 295.9537 431.0906 1.4968 -11.2967 17.0581 368.6816 192.1516 373.7464 447.9268 -73.1241 0.0000 0.0000
4650.03 18.07.2018 10.30.01 27.10427 296.2424 470.7090 1.6344 -11.6791 17.7513 380.5720 198.2630 376.1052 450.2510 -76.4426 0.0000 0.0000
4660.03 18.07.2018 10.40.01 27.31042 296.5645 498.7399 1.7317 -12.1086 18.4538 392.6994 204.5201 378.6458 453.0298 -79.2604 0.0000 0.0000
4670.03 18.07.2018 10.50.01 27.52941 296.3578 512.9075 1.7809 -12.5672 19.1309 404.5016 210.6012 381.0971 454.8323 -88.2207 0.0000 0.0000
4680.03 18.07.2018 11.00.01 27.75604 296.5026 514.4396 1.7862 -13.0268 19.7507 415.9018 216.4869 383.4483 456.6943 -94.7557 0.0000 0.0000
4690.03 18.07.2018 11.10.01 27.98165 296.5963 185.5916 0.6444 -13.4560 18.8006 398.7152 207.9864 383.9646 457.8269 -90.6310 0.0000 0.0000
4700.03 18.07.2018 11.20.01 28.08740 296.6667 -35.7247 -0.1240 -13.2886 17.5527 377.3772 197.2240 383.7275 457.8195 -85.1262 0.0000 0.0000
4710.03 18.07.2018 11.30.01 28.11044 296.7025 -164.5182 -0.5712 -12.7455 16.2324 355.2663 186.0541 383.1471 457.2643 -79.6870 0.0000 0.0000
4720.03 18.07.2018 11.40.01 28.08380 296.6873 -224.3399 -0.7790 -12.0053 14.9684 334.2850 175.4477 382.4251 456.3372 -74.7370 0.0000 0.0000
4730.03 18.07.2018 11.50.01 28.03243 296.6714 -266.9054 -0.9268 -11.1925 13.6877 313.1670 164.7719 381.5694 455.0709 -69.8117 0.0000 0.0000
4740.03 18.07.2018 12.00.01 27.96273 296.6488 -298.8076 -1.0375 -10.3355 12.3973 292.0499 154.1015 380.6511 453.4896 -64.9080 0.0000 0.0000
4750.03 18.07.2018 12.10.01 27.88214 296.7368 16.1269 0.0560 -9.4650 12.6947 292.9252 154.0667 379.6303 452.8427 -61.7005 0.0000 0.0000
4760.03 18.07.2018 12.20.01 27.91519 296.8751 198.6582 0.6898 -9.1779 13.1569 296.5478 155.5536 379.0718 452.7621 -61.4810 0.0000 0.0000
4770.03 18.07.2018 12.30.01 28.01534 296.9315 289.9106 1.0066 -9.2090 13.6208 300.3905 157.1701 378.6322 452.7301 -62.5575 0.0000 0.0000
4780.03 18.07.2018 12.40.01 28.15008 296.9317 332.6323 1.1550 -9.3889 14.0585 304.1098 158.7273 378.3466 453.3958 -60.1384 0.0000 0.0000
4790.03 18.07.2018 12.50.01 28.30169 296.9420 349.3051 1.2129 -9.6302 14.4574 307.5898 160.1703 378.0610 453.9876 -58.7817 0.0000 0.0000
4800.03 18.07.2018 13.00.01 28.46050 297.0476 355.4079 1.2341 -9.8869 14.8279 311.3947 161.8312 377.8491 454.8728 -57.5930 0.0000 0.0000
4810.03 18.07.2018 13.10.01 28.62045 297.1431 130.1855 0.4520 -10.1334 14.1139 300.1924 156.2775 379.7020 455.1557 -53.8249 0.0000 0.0000
4820.03 18.07.2018 13.20.01 28.69863 297.4382 -1.3861 -0.0048 -9.9666 13.2823 287.0702 149.6621 381.1107 453.8602 -55.5997 0.0000 0.0000
4830.03 18.07.2018 13.30.01 28.72817 297.9587 -70.3854 -0.2444 -9.5737 12.4391 273.6532 142.8794 382.1191 452.1895 -58.5922 0.0000 0.0000
4840.03 18.07.2018 13.40.01 28.73077 297.5592 -107.8254 -0.3744 -9.0776 11.6043 260.1791 136.0593 383.3365 450.9648 -58.1582 0.0000 0.0000
4850.03 18.07.2018 13.50.01 28.71801 297.4562 -126.2890 -0.4385 -8.5357 10.7962 246.8921 129.3312 384.3806 449.1912 -59.7907 0.0000 0.0000
4860.03 18.07.2018 14.00.01 28.69677 297.3997 -137.7729 -0.4784 -7.9828 10.0059 233.7491 122.6769 385.2740 447.1726 -60.6749 0.0000 0.0000
4870.03 18.07.2018 14.10.01 28.66921 297.4196 -193.7937 -0.6729 -7.4272 9.0057 212.8130 111.8610 383.7974 444.9681 -52.4668 0.0000 0.0000
4880.03 18.07.2018 14.20.01 28.61932 297.3767 -237.1802 -0.8235 -6.7932 7.9595 190.9210 100.5080 381.9136 442.2731 -45.8145 0.0000 0.0000
4890.03 18.07.2018 14.30.01 28.55123 297.3084 -259.0103 -0.8993 -6.1144 6.9534 169.3203 89.2998 379.8487 439.2679 -40.6935 0.0000 0.0000
4900.03 18.07.2018 14.40.01 28.47234 297.2171 -273.8752 -0.9510 -5.4311 5.9736 147.5728 78.0229 377.7871 436.2016 -35.6963 0.0000 0.0000
4910.03 18.07.2018 14.50.01 28.38534 297.1238 -282.8839 -0.9822 -4.7535 5.0283 125.8936 66.7608 375.6544 432.8303 -31.4550 0.0000 0.0000
4920.03 18.07.2018 15.00.01 28.29260 296.9975 -284.2664 -0.9870 -4.0904 4.1378 104.6017 55.6883 373.4493 429.1527 -28.1006 0.0000 0.0000
4930.03 18.07.2018 15.10.01 28.19814 296.7275 -171.2087 -0.5945 -3.4627 3.8244 98.4566 52.3777 370.2925 425.7220 -26.3992 0.0000 0.0000
4940.03 18.07.2018 15.20.01 28.14395 296.4229 -90.0415 -0.3126 -3.0583 3.6609 94.5794 50.3122 367.3486 422.5769 -26.7074 0.0000 0.0000
4950.03 18.07.2018 15.30.01 28.11773 296.1386 -51.2624 -0.1780 -2.8188 3.5210 91.0118 48.4136 364.4787 419.4873 -27.3104 0.0000 0.0000
4960.03 18.07.2018 15.40.01 28.10436 295.8757 -35.2867 -0.1225 -2.6619 3.3858 87.5105 46.5513 361.7169 416.6704 -26.8438 0.0000 0.0000
4970.03 18.07.2018 15.50.01 28.09591 295.6153 -30.6347 -0.1064 -2.5449 3.2514 84.0202 44.6949 358.9717 413.9026 -26.2302 0.0000 0.0000
4980.03 18.07.2018 16.00.01 28.08819 295.3793 -31.6118 -0.1098 -2.4479 3.1175 80.5499 42.8486 356.2320 411.2288 -25.2441 0.0000 0.0000
4990.03 18.07.2018 16.10.01 28.07955 295.6161 -0.4545 -0.0016 -2.3588 3.1430 87.5021 46.2491 356.0218 410.0891 -21.0950 0.0000 0.0000
5000.03 18.07.2018 16.20.01 28.08203 295.8605 17.9826 0.0624 -2.3266 3.1854 95.6345 50.3435 356.3359 409.8212 -18.3786 0.0000 0.0000
5010.03 18.07.2018 16.30.01 28.09112 296.1182 9.8961 0.0344 -2.3238 3.1443 103.3595 54.2557 356.8973 409.9702 -16.3227 0.0000 0.0000
5020.03 18.07.2018 16.40.01 28.09783 296.3766 20.8769 0.0725 -2.3046 3.1694 114.0869 59.7263 357.5729 410.6747 -14.8974 0.0000 0.0000
5030.03 18.07.2018 16.50.01 28.10894 296.6465 35.0742 0.1218 -2.3049 3.2355 125.8353 65.7781 358.4037 411.9024 -14.2166 0.0000 0.0000
5040.03 18.07.2018 17.00.01 28.12496 296.9129 35.3428 0.1227 -2.3280 3.2676 137.5568 71.8418 359.2544 413.4207 -14.0548 0.0000 0.0000
5050.03 18.07.2018 17.10.01 28.14099 296.6252 26.7650 0.0929 -2.3536 3.2621 132.0882 69.1756 359.1230 413.4931 -18.2920 0.0000 0.0000
5060.03 18.07.2018 17.20.01 28.15276 296.2819 -21.3200 -0.0740 -2.3758 3.0691 123.4808 64.7697 358.2795 412.2631 -22.0643 0.0000 0.0000
5070.03 18.07.2018 17.30.01 28.14559 295.9227 -59.3479 -0.2061 -2.3295 2.8313 114.0352 59.8964 357.0399 410.4379 -25.0477 0.0000 0.0000
5080.03 18.07.2018 17.40.01 28.12289 295.5618 -81.1021 -0.2816 -2.2371 2.6073 102.3396 53.8202 355.6986 408.2258 -26.8830 0.0000 0.0000
5090.03 18.07.2018 17.50.01 28.09042 295.2007 -102.1185 -0.3546 -2.1273 2.3637 92.1243 48.6472 354.2473 405.9168 -28.0041 0.0000 0.0000
5100.03 18.07.2018 18.00.01 28.04864 294.8396 -117.0297 -0.4064 -2.0004 2.1254 80.3003 42.5047 352.7574 403.2450 -28.0814 0.0000 0.0000
5110.03 18.07.2018 18.10.01 27.99975 294.4846 -138.6758 -0.4815 -1.8648 1.8444 70.3915 37.3019 350.7655 400.6862 -25.6142 0.0000 0.0000
5120.03 18.07.2018 18.20.01 27.94171 294.1255 -153.2012 -0.5319 -1.7063 1.5658 60.3195 31.9992 348.7722 398.0872 -23.3331 0.0000 0.0000
5130.03 18.07.2018 18.30.01 27.87704 293.7658 -164.2395 -0.5703 -1.5369 1.2888 50.1048 26.6104 346.7561 395.4161 -21.1145 0.0000 0.0000
5140.03 18.07.2018 18.40.01 27.80709 293.4043 -171.8031 -0.5965 -1.3619 1.0205 37.3525 19.8675 344.7462 392.5853 -18.5345 0.0000 0.0000
5150.03 18.07.2018 18.50.01 27.73327 293.0436 -181.1458 -0.6290 -1.1874 0.7446 24.2125 12.8981 342.6782 389.5996 -15.7346 0.0000 0.0000
5160.03 18.07.2018 19.00.01 27.65499 292.6842 -189.2328 -0.6571 -1.0096 0.4700 10.8215 5.7761 340.5831 386.4996 -12.8014 0.0000 0.0000
5170.03 18.07.2018 19.10.01 27.57296 292.4489 -167.8354 -0.5828 -0.8301 0.3298 8.1478 4.3397 340.5261 384.3931 -10.3830 0.0000 0.0000
5180.03 18.07.2018 19.20.01 27.49798 292.2277 -145.5616 -0.5054 -0.6978 0.2564 6.4179 3.4174 340.7410 382.7165 -8.9335 0.0000 0.0000
5190.03 18.07.2018 19.30.01 27.43060 292.0135 -134.1495 -0.4658 -0.6120 0.1949 4.8507 2.5834 341.0557 381.2120 -8.0216 0.0000 0.0000
5200.03 18.07.2018 19.40.01 27.36675 291.7944 -130.1595 -0.4519 -0.5536 0.1355 3.3137 1.7659 341.4258 379.8232 -7.4904 0.0000 0.0000
5210.03 18.07.2018 19.50.01 27.30377 291.5674 -130.5552 -0.4533 -0.5107 0.0766 1.7820 0.9512 341.8316 378.5212 -7.2621 0.0000 0.0000
5220.03 18.07.2018 20.00.01 27.23989 291.3201 -133.2260 -0.4626 -0.4759 0.0177 0.2535 0.1383 342.2853 377.3168 -7.1522 0.0000 0.0000
5230.03 18.07.2018 20.10.01 27.17471 291.2456 -126.0714 -0.4377 -0.4400 0.0031 0.0419 0.0227 344.1652 376.7280 -6.4078 0.0000 0.0000
5240.03 18.07.2018 20.20.01 27.11218 291.1613 -119.6513 -0.4155 -0.4159 0.0006 0.0080 0.0043 346.1747 376.2929 -6.2456 0.0000 0.0000
5250.03 18.07.2018 20.30.01 27.05206 291.0691 -115.8477 -0.4022 -0.4023 0.0001 0.0014 0.0008 348.2174 375.9522 -6.4105 0.0000 0.0000
5260.03 18.07.2018 20.40.01 26.99328 290.9856 -114.1333 -0.3963 -0.3963 0.0000 0.0003 0.0001 350.2859 375.7143 -6.7438 0.0000 0.0000
5270.03 18.07.2018 20.50.01 26.93481 290.9082 -113.5900 -0.3944 -0.3944 0.0000 0.0000 0.0000 352.3795 375.5621 -7.2179 0.0000 0.0000
5280.03 18.07.2018 21.00.01 26.87621 290.8319 -113.9458 -0.3956 -0.3956 0.0000 0.0000 0.0000 354.4838 375.4774 -7.8147 0.0000 0.0000
5290.03 18.07.2018 21.10.01 26.81762 290.7556 -115.2202 -0.4001 -0.4001 0.0000 0.0000 0.0000 354.2639 375.2072 -7.9018 0.0000 0.0000
5300.03 18.07.2018 21.20.01 26.75814 290.6767 -116.8243 -0.4056 -0.4056 0.0000 0.0000 0.0000 353.9599 374.8804 -7.9038 0.0000 0.0000
5310.03 18.07.2018 21.30.01 26.69778 290.5975 -119.0725 -0.4134 -0.4134 0.0000 0.0000 0.0000 353.6464 374.5410 -7.8842 0.0000 0.0000
5320.03 18.07.2018 21.40.01 26.63616 290.5167 -121.4005 -0.4215 -0.4215 0.0000 0.0000 0.0000 353.3341 374.1910 -7.8613 0.0000 0.0000
5330.03 18.07.2018 21.50.01 26.57339 290.4368 -123.6396 -0.4293 -0.4293 0.0000 0.0000 0.0000 353.0212 373.8361 -7.8235 0.0000 0.0000
5340.03 18.07.2018 22.00.01 26.50955 290.3587 -125.6774 -0.4364 -0.4364 0.0000 0.0000 0.0000 352.7059 373.4785 -7.7717 0.0000 0.0000
5350.03 18.07.2018 22.10.01 26.44470 290.2971 -127.4144 -0.4424 -0.4424 0.0000 0.0000 0.0000 351.8009 373.0614 -7.5517 0.0000 0.0000
5360.03 18.07.2018 22.20.01 26.37899 290.2326 -129.0765 -0.4482 -0.4482 0.0000 0.0000 0.0000 350.8735 372.6076 -7.3235 0.0000 0.0000
5370.03 18.07.2018 22.30.01 26.31240 290.1692 -130.7093 -0.4539 -0.4539 0.0000 0.0000 0.0000 349.9395 372.1389 -7.0656 0.0000 0.0000
5380.03 18.07.2018 22.40.01 26.24499 290.1038 -132.2380 -0.4592 -0.4592 0.0000 0.0000 0.0000 349.0040 371.6516 -6.8102 0.0000 0.0000
5390.03 18.07.2018 22.50.01 26.17684 290.0415 -133.5998 -0.4639 -0.4639 0.0000 0.0000 0.0000 348.0686 371.1568 -6.5280 0.0000 0.0000
5400.03 18.07.2018 23.00.01 26.10818 289.9740 -135.0802 -0.4690 -0.4690 0.0000 0.0000 0.0000 347.1317 370.6455 -6.2634 0.0000 0.0000
5410.03 18.07.2018 23.10.01 26.03860 289.8009 -136.1262 -0.4727 -0.4727 0.0000 0.0000 0.0000 346.0184 369.9790 -6.4847 0.0000 0.0000
5420.03 18.07.2018 23.20.01 25.96841 289.6254 -137.8936 -0.4788 -0.4788 0.0000 0.0000 0.0000 344.8742 369.2817 -6.6332 0.0000 0.0000
5430.03 18.07.2018 23.30.01 25.89727 289.4441 -139.9504 -0.4859 -0.4859 0.0000 0.0000 0.0000 343.7184 368.5542 -6.7674 0.0000 0.0000
5440.03 18.07.2018 23.40.01 25.82510 289.2530 -142.2336 -0.4939 -0.4939 0.0000 0.0000 0.0000 342.5512 367.7893 -6.9481 0.0000 0.0000
5450.03 18.07.2018 23.50.01 25.75170 289.0652 -144.2644 -0.5009 -0.5009 0.0000 0.0000 0.0000 341.3821 367.0179 -7.0528 0.0000 0.0000
5460.03 19.07.2018 00.00.01 25.67724 288.8852 -146.2718 -0.5079 -0.5079 0.0000 0.0000 0.0000 340.2099 366.2390 -7.1081 0.0000 0.0000
5470.03 19.07.2018 00.10.01 25.60180 288.6929 -148.1238 -0.5143 -0.5143 0.0000 0.0000 0.0000 339.2948 365.4670 -7.2617 0.0000 0.0000
5480.03 19.07.2018 00.20.01 25.52557 288.5333 -149.4187 -0.5188 -0.5188 0.0000 0.0000 0.0000 338.4080 364.7375 -7.2786 0.0000 0.0000
5490.03 19.07.2018 00.30.01 25.44866 288.3600 -149.9131 -0.5205 -0.5205 0.0000 0.0000 0.0000 337.5209 363.9968 -7.3492 0.0000 0.0000
5500.03 19.07.2018 00.40.01 25.37176 288.1725 -150.9063 -0.5240 -0.5240 0.0000 0.0000 0.0000 336.6215 363.2361 -7.4759 0.0000 0.0000
5510.03 19.07.2018 00.50.01 25.29409 287.9709 -151.7619 -0.5270 -0.5270 0.0000 0.0000 0.0000 335.7159 362.4582 -7.6468 0.0000 0.0000
5520.03 19.07.2018 01.00.01 25.21600 287.7722 -153.1737 -0.5319 -0.5319 0.0000 0.0000 0.0000 334.8097 361.6798 -7.7989 0.0000 0.0000
5530.03 19.07.2018 01.10.01 25.13726 287.7049 -154.4572 -0.5363 -0.5363 0.0000 0.0000 0.0000 334.6685 361.1352 -7.5112 0.0000 0.0000
5540.03 19.07.2018 01.20.01 25.05776 287.6343 -154.7262 -0.5372 -0.5372 0.0000 0.0000 0.0000 334.5791 360.6221 -7.3748 0.0000 0.0000
5550.03 19.07.2018 01.30.01 24.97814 287.5449 -154.8413 -0.5376 -0.5376 0.0000 0.0000 0.0000 334.5104 360.1096 -7.4096 0.0000 0.0000
5560.03 19.07.2018 01.40.01 24.89852 287.4569 -155.2529 -0.5391 -0.5391 0.0000 0.0000 0.0000 334.4598 359.6304 -7.4291 0.0000 0.0000
5570.03 19.07.2018 01.50.01 24.81887 287.2097 -156.0804 -0.5419 -0.5419 0.0000 0.0000 0.0000 334.3880 359.0505 -8.0445 0.0000 0.0000
5580.03 19.07.2018 02.00.01 24.73849 287.1033 -157.8310 -0.5480 -0.5480 0.0000 0.0003 0.0002 334.2753 358.5581 -8.1448 0.0000 0.0000
5590.03 19.07.2018 02.10.01 24.65740 287.1732 -156.6711 -0.5440 -0.5492 0.0069 0.2067 0.1095 333.6325 358.2563 -7.2360 0.0000 0.0000
5600.03 19.07.2018 02.20.01 24.57763 287.0568 -153.2017 -0.5320 -0.5438 0.0158 0.4409 0.2339 332.9359 357.7590 -7.2771 0.0000 0.0000
5610.03 19.07.2018 02.30.01 24.49954 286.9548 -150.8012 -0.5236 -0.5423 0.0249 0.6793 0.3607 332.1449 357.2175 -7.3324 0.0000 0.0000
5620.03 19.07.2018 02.40.01 24.42248 286.8685 -149.1554 -0.5179 -0.5435 0.0341 0.9186 0.4880 331.3689 356.6551 -7.4088 0.0000 0.0000
5630.03 19.07.2018 02.50.01 24.34567 286.7535 -148.5724 -0.5159 -0.5484 0.0433 1.1580 0.6153 330.6003 356.0194 -7.7964 0.0000 0.0000
5640.03 19.07.2018 03.00.01 24.26861 286.6336 -150.5660 -0.5228 -0.5623 0.0527 1.4032 0.7457 329.7927 355.3467 -8.2406 0.0000 0.0000
5650.03 19.07.2018 03.10.01 24.19042 286.6494 -128.1532 -0.4450 -0.5779 0.1772 5.0789 2.6928 329.3860 355.2340 -7.8704 0.0000 0.0000
5660.03 19.07.2018 03.20.01 24.12060 286.6744 -109.5151 -0.3803 -0.6303 0.3333 9.2175 4.8931 329.1279 355.3204 -7.7140 0.0000 0.0000
5670.03 19.07.2018 03.30.01 24.05810 286.7054 -97.5604 -0.3388 -0.7098 0.4948 13.4272 7.1319 328.9312 355.5137 -7.6615 0.0000 0.0000
5680.03 19.07.2018 03.40.01 24.00054 286.7420 -89.5307 -0.3109 -0.8038 0.6572 17.6512 9.3784 328.7626 355.7936 -7.6675 0.0000 0.0000
5690.03 19.07.2018 03.50.01 23.94653 286.7797 -83.5286 -0.2900 -0.9049 0.8198 21.8775 11.6262 328.6124 356.1399 -7.7490 0.0000 0.0000
5700.03 19.07.2018 04.00.01 23.89526 286.8254 -78.6426 -0.2731 -1.0101 0.9827 26.1101 13.8773 328.4798 356.5507 -7.8675 0.0000 0.0000
5710.03 19.07.2018 04.10.01 23.84658 287.1692 -48.8551 -0.1696 -1.1164 1.2624 33.8271 17.9737 328.9889 357.6566 -7.1017 0.0000 0.0000
5720.03 19.07.2018 04.20.01 23.80956 287.5221 -24.3087 -0.0844 -1.2651 1.5743 42.0142 22.3272 329.6976 359.0486 -6.6357 0.0000 0.0000
5730.03 19.07.2018 04.30.01 23.78259 287.8865 -7.5168 -0.0261 -1.4447 1.8915 50.2735 26.7198 330.4996 360.6225 -6.3330 0.0000 0.0000
5740.03 19.07.2018 04.40.01 23.76287 288.2493 4.9834 0.0173 -1.6400 2.2098 58.5473 31.1202 331.3645 362.3378 -6.1995 0.0000 0.0000
5750.03 19.07.2018 04.50.01 23.74890 288.6156 15.2321 0.0529 -1.8433 2.5282 76.7414 41.0820 332.2799 365.0291 -7.2698 0.0000 0.0000
5760.03 19.07.2018 05.00.01 23.73986 288.9962 30.0907 0.1045 -2.0503 2.8730 86.0674 46.1166 333.3228 367.3693 -7.7744 0.0000 0.0000
5770.03 19.07.2018 05.10.01 23.73745 289.3811 38.2092 0.1327 -2.2689 3.2021 127.9996 69.5039 334.3619 372.7008 -11.7519 0.0000 0.0000
5780.03 19.07.2018 05.20.01 23.73947 289.7962 68.6911 0.2385 -2.4867 3.6336 164.8828 90.1756 335.7702 378.6867 -16.1953 0.0000 0.0000
5790.03 19.07.2018 05.30.01 23.75402 290.2231 95.4189 0.3313 -2.7413 4.0968 196.0141 107.7177 337.3880 384.7812 -20.5641 0.0000 0.0000
5800.03 19.07.2018 05.40.01 23.77993 290.6610 110.8872 0.3850 -3.0224 4.5433 144.5851 77.0864 339.0431 381.3230 -13.9352 0.0000 0.0000
5810.03 19.07.2018 05.50.01 23.81310 290.9790 92.4707 0.3211 -3.3080 4.8388 147.2028 78.8433 340.2755 383.8209 -14.7440 0.0000 0.0000
5820.03 19.07.2018 06.00.01 23.84124 291.3570 83.0741 0.2885 -3.5407 5.1055 158.1913 84.1733 341.3901 385.7467 -14.4854 0.0000 0.0000
5830.03 19.07.2018 06.10.01 23.86718 291.6964 47.1141 0.1636 -3.7390 5.2035 179.2705 94.4862 342.7880 388.3846 -13.4332 0.0000 0.0000
5840.03 19.07.2018 06.20.01 23.88180 292.3837 51.9522 0.1804 -3.8537 5.3788 206.7049 107.8674 344.4631 391.9671 -12.5400 0.0000 0.0000
5850.03 19.07.2018 06.30.01 23.89993 292.8642 68.2667 0.2370 -3.9570 5.5921 222.4295 115.8479 346.1753 395.8659 -16.7561 0.0000 0.0000
5860.03 19.07.2018 06.40.01 23.92550 293.3767 87.3568 0.3033 -4.0715 5.8331 257.5706 133.5353 348.1765 400.7442 -15.8056 0.0000 0.0000
5870.03 19.07.2018 06.50.01 23.96096 293.4667 244.9599 0.8506 -4.1994 6.7333 274.0969 141.8941 350.0815 405.9978 -19.7432 0.0000 0.0000
5880.03 19.07.2018 07.00.01 24.05511 293.6072 348.7653 1.2110 -4.5938 7.7398 291.0448 150.4263 351.8779 410.4893 -26.9326 0.0000 0.0000
5890.03 19.07.2018 07.10.01 24.18932 294.0177 422.3665 1.4666 -5.1448 8.8151 306.7990 159.1426 353.6592 417.1311 -28.2905 0.0000 0.0000
5900.03 19.07.2018 07.20.01 24.35272 294.3420 441.4186 1.5327 -5.7946 9.7697 314.1088 162.8837 355.1278 420.9198 -38.0146 0.0000 0.0000
5910.03 19.07.2018 07.30.01 24.52587 294.1353 450.9357 1.5657 -6.4458 10.6821 321.2078 166.5301 356.2587 423.4138 -49.5591 0.0000 0.0000
5920.03 19.07.2018 07.40.01 24.70434 294.6299 455.5234 1.5817 -7.0920 11.5650 329.0993 170.5779 358.0686 429.3337 -31.1424 0.0000 0.0000
5930.03 19.07.2018 07.50.01 24.88665 294.5026 436.7482 1.5165 -7.7150 12.3087 336.8215 174.6284 359.4713 431.0063 -53.4243 0.0000 0.0000
5940.03 19.07.2018 08.00.01 25.06436 294.4790 410.8762 1.4267 -8.2785 12.9402 344.0796 178.4842 360.1607 431.2917 -70.4734 0.0000 0.0000
5950.03 19.07.2018 08.10.01 25.23531 294.7156 517.9872 1.7986 -8.7754 14.0986 362.8386 187.9482 361.0069 433.8264 -71.4175 0.0000 0.0000
5960.03 19.07.2018 08.20.01 25.44711 294.9722 601.4338 2.0883 -9.4412 15.3726 382.8874 198.0976 362.2103 437.0800 -73.5363 0.0000 0.0000
5970.03 19.07.2018 08.30.01 25.69229 295.2355 707.3069 2.4559 -10.2242 16.9068 404.0646 208.7273 363.6227 440.7549 -76.3029 0.0000 0.0000
5980.03 19.07.2018 08.40.01 25.97851 295.4949 723.0531 2.5106 -11.1595 18.2268 422.7842 218.2051 365.0838 444.5107 -79.4254 0.0000 0.0000
5990.03 19.07.2018 08.50.01 26.27380 295.7506 736.4225 2.5570 -12.0818 19.5185 440.8222 227.2957 366.4365 448.3155 -82.6012 0.0000 0.0000
6000.03 19.07.2018 09.00.01 26.57717 296.0112 749.5669 2.6027 -12.9909 20.7914 458.9992 236.4856 367.8318 452.2245 -86.1586 0.0000 0.0000
6010.03 19.07.2018 09.10.01 26.88784 296.2864 717.3867 2.4909 -13.8876 21.8381 466.4436 240.2348 369.7020 456.2122 -86.5541 0.0000 0.0000
6020.03 19.07.2018 09.20.01 27.18893 296.5479 614.4896 2.1336 -14.6922 22.4344 471.4694 242.8739 371.4127 459.8875 -85.4890 0.0000 0.0000
6030.03 19.07.2018 09.30.01 27.45510 296.7966 564.5115 1.9601 -15.2841 22.9923 476.5190 245.5569 373.0763 463.4689 -86.1890 0.0000 0.0000
6040.03 19.07.2018 09.40.01 27.70471 297.0438 539.6736 1.8739 -15.7675 23.5218 481.7958 248.3223 374.6652 467.1103 -85.1488 0.0000 0.0000
6050.03 19.07.2018 09.50.01 27.94659 297.2914 527.1815 1.8305 -16.1912 24.0289 487.1404 251.1455 376.2836 470.7891 -84.0936 0.0000 0.0000
6060.03 19.07.2018 10.00.01 28.18487 297.5244 495.4660 1.7204 -16.5781 24.3979 491.4529 253.4549 377.8356 474.2153 -84.5399 0.0000 0.0000
6070.03 19.07.2018 10.10.01 28.41128 297.7816 315.4787 1.0954 -16.8942 23.9861 482.6116 249.2803 380.4094 476.3690 -81.7707 0.0000 0.0000
6080.03 19.07.2018 10.20.01 28.57305 298.0705 189.0208 0.6563 -16.8796 23.3812 471.5210 243.9028 382.5999 477.6382 -85.6305 0.0000 0.0000
6090.03 19.07.2018 10.30.01 28.68838 298.4560 95.8889 0.3329 -16.6418 22.6329 459.0430 237.8025 384.1970 477.4717 -94.3645 0.0000 0.0000
6100.03 19.07.2018 10.40.01 28.76916 298.7253 68.1119 0.2365 -16.2490 21.9807 448.8655 232.8707 386.4343 480.3599 -86.6134 0.0000 0.0000
6110.03 19.07.2018 10.50.01 28.83981 298.9684 41.6116 0.1445 -15.7989 21.2579 438.1008 227.6395 388.7839 482.4243 -83.4719 0.0000 0.0000
6120.03 19.07.2018 11.00.01 28.89880 298.7213 3.2699 0.0114 -15.3151 20.4353 426.6587 222.0787 390.4481 482.1554 -88.3306 0.0000 0.0000
6130.03 19.07.2018 11.10.01 28.94055 298.7042 -195.3369 -0.6783 -14.7755 18.7963 395.5137 206.2795 392.4987 480.7846 -77.7461 0.0000 0.0000
6140.03 19.07.2018 11.20.01 28.90768 298.9781 -348.0650 -1.2086 -13.8958 16.9163 361.1324 188.7239 393.4513 476.7919 -75.9267 0.0000 0.0000
6150.03 19.07.2018 11.30.01 28.81606 299.0590 -446.7295 -1.5511 -12.7804 14.9723 326.1180 170.8379 393.6862 471.2524 -79.8155 0.0000 0.0000
6160.03 19.07.2018 11.40.01 28.68456 298.6201 -493.4799 -1.7135 -11.5362 13.0970 292.4258 153.6090 394.3670 467.9111 -72.1077 0.0000 0.0000
6170.03 19.07.2018 11.50.01 28.53277 298.3438 -528.5443 -1.8352 -10.2461 11.2145 258.7449 136.3920 395.0529 463.7042 -69.4227 0.0000 0.0000
6180.03 19.07.2018 12.00.01 28.36495 298.0819 -557.0692 -1.9343 -8.9312 9.3293 225.1003 119.1962 395.4148 458.7262 -67.7644 0.0000 0.0000
6190.03 19.07.2018 12.10.01 28.18664 298.0280 -257.0439 -0.8925 -7.6183 8.9677 218.6440 115.6791 393.9001 455.3347 -63.6075 0.0000 0.0000
6200.03 19.07.2018 12.20.01 28.11544 298.0020 -71.1646 -0.2471 -6.8779 8.8410 215.7665 114.1280 392.9777 453.0477 -60.6184 0.0000 0.0000
6210.03 19.07.2018 12.30.01 28.11135 297.9829 23.6185 0.0820 -6.4796 8.7489 213.3748 112.8409 392.3167 451.1751 -58.1860 0.0000 0.0000
6220.03 19.07.2018 12.40.01 28.14202 297.9665 71.2150 0.2473 -6.2497 8.6627 211.0992 111.6157 391.7609 449.5826 -56.0941 0.0000 0.0000
6230.03 19.07.2018 12.50.01 28.19033 297.9548 94.8832 0.3295 -6.1013 8.5743 208.8286 110.3951 391.2497 448.2019 -54.3093 0.0000 0.0000
6240.03 19.07.2018 13.00.01 28.24755 297.9433 105.2098 0.3653 -5.9931 8.4778 206.5320 109.1626 390.7619 446.9681 -52.7820 0.0000 0.0000
6250.03 19.07.2018 13.10.01 28.31124 298.0423 390.6035 1.3563 -5.9152 9.6953 228.3125 119.9981 388.1304 446.5219 -55.3072 0.0000 0.0000
6260.03 19.07.2018 13.20.01 28.47952 298.1578 562.5996 1.9535 -6.3479 11.0685 253.0465 132.4848 385.9795 447.0538 -59.2351 0.0000 0.0000
6270.03 19.07.2018 13.30.01 28.71215 298.2816 641.9138 2.2289 -7.0678 12.3956 277.6735 144.9405 384.0759 447.9711 -63.7513 0.0000 0.0000
6280.03 19.07.2018 13.40.01 28.97613 298.4344 680.1961 2.3618 -7.9022 13.6853 302.6147 157.5554 382.2563 449.2207 -67.7752 0.0000 0.0000
6290.03 19.07.2018 13.50.01 29.25604 298.5610 686.3835 2.3833 -8.7768 14.8801 326.9813 169.8972 380.4730 450.6575 -72.7253 0.0000 0.0000
6300.03 19.07.2018 14.00.01 29.53985 298.6896 659.9709 2.2916 -9.6383 15.9065 350.0852 181.6123 378.6984 452.1699 -78.1030 0.0000 0.0000
6310.03 19.07.2018 14.10.01 29.81188 298.6022 262.8312 0.9126 -10.4187 15.1084 336.2373 174.8303 379.1059 452.7114 -78.9513 0.0000 0.0000
6320.03 19.07.2018 14.20.01 29.93871 298.4716 -5.6932 -0.0198 -10.4804 13.9476 316.4859 164.7858 378.6403 451.6622 -77.7482 0.0000 0.0000
6330.03 19.07.2018 14.30.01 29.96542 298.3129 -142.7529 -0.4957 -10.0896 12.7919 296.5332 154.6186 377.8338 449.9650 -76.5404 0.0000 0.0000
6340.03 19.07.2018 14.40.01 29.93871 298.1650 -212.8187 -0.7390 -9.4944 11.6739 276.5465 144.4445 376.9505 448.0608 -73.9005 0.0000 0.0000
6350.03 19.07.2018 14.50.01 29.88314 298.0184 -241.2334 -0.8376 -8.8156 10.6372 257.2993 134.6527 375.9110 445.8916 -70.8148 0.0000 0.0000
6360.03 19.07.2018 15.00.01 29.81393 297.8597 -264.0248 -0.9168 -8.1236 9.6091 237.7248 124.6575 374.7191 443.3769 -67.2527 0.0000 0.0000
6370.03 19.07.2018 15.10.01 29.73373 297.6766 -237.0567 -0.8231 -7.4385 8.8205 222.7340 116.9344 373.5932 440.8829 -63.2923 0.0000 0.0000
6380.03 19.07.2018 15.20.01 29.66238 297.4962 -211.6435 -0.7349 -6.8270 8.1228 208.7510 109.7468 372.5342 438.4517 -59.8443 0.0000 0.0000
6390.03 19.07.2018 15.30.01 29.59811 297.3171 -194.8829 -0.6767 -6.2866 7.4799 195.2025 102.7783 371.4733 436.0129 -56.6385 0.0000 0.0000
6400.03 19.07.2018 15.40.01 29.53811 297.1422 -186.9747 -0.6492 -5.7978 6.8648 181.1910 95.5728 370.3961 433.5364 -53.4200 0.0000 0.0000
6410.03 19.07.2018 15.50.01 29.47946 296.9732 -175.1169 -0.6080 -5.3421 6.3120 167.6415 88.5976 369.3117 431.0563 -50.2088 0.0000 0.0000
6420.03 19.07.2018 16.00.01 29.42370 296.8015 -163.6806 -0.5683 -4.9253 5.8093 154.3699 81.7496 368.1980 428.5498 -47.0146 0.0000 0.0000
6430.03 19.07.2018 16.10.01 29.37109 296.6893 -116.4521 -0.4043 -4.5456 5.5217 152.3389 80.5161 366.4582 426.2384 -44.9419 0.0000 0.0000
6440.03 19.07.2018 16.20.01 29.33444 296.5866 -81.6754 -0.2836 -4.2667 5.3108 151.9921 80.2337 364.9684 424.3602 -44.2051 0.0000 0.0000
6450.03 19.07.2018 16.30.01 29.30929 296.4913 -74.4676 -0.2586 -4.0621 5.0714 151.6415 79.9698 363.6289 422.6637 -43.5813 0.0000 0.0000
6460.03 19.07.2018 16.40.01 29.28616 296.3963 -56.6949 -0.1969 -3.8802 4.9112 153.2829 80.7402 362.3134 421.2661 -42.6562 0.0000 0.0000
6470.03 19.07.2018 16.50.01 29.26867 296.3007 -41.3462 -0.1436 -3.7393 4.7943 155.6901 81.9370 361.0519 420.0437 -42.6949 0.0000 0.0000
6480.03 19.07.2018 17.00.01 29.25607 296.2019 -41.8857 -0.1454 -3.6349 4.6526 157.9699 83.0778 359.7735 418.9104 -42.8966 0.0000 0.0000
6490.03 19.07.2018 17.10.01 29.24221 295.9775 -83.1116 -0.2886 -3.5383 4.3329 146.0662 76.9137 358.4837 417.1926 -41.2821 0.0000 0.0000
6500.03 19.07.2018 17.20.01 29.21227 295.7438 -136.8040 -0.4750 -3.3794 3.8725 131.8547 69.4729 356.8926 414.9982 -38.2416 0.0000 0.0000
6510.03 19.07.2018 17.30.01 29.16155 295.5006 -175.5569 -0.6096 -3.1400 3.3739 116.9775 61.6628 355.1155 412.5682 -35.0181 0.0000 0.0000
6520.03 19.07.2018 17.40.01 29.09521 295.2720 -197.7123 -0.6865 -2.8500 2.8847 100.6386 53.0683 353.2886 410.0827 -30.7209 0.0000 0.0000
6530.03 19.07.2018 17.50.01 29.01910 295.0369 -217.4816 -0.7551 -2.5403 2.3802 85.5006 45.2060 351.3977 407.4996 -27.0565 0.0000 0.0000
6540.03 19.07.2018 18.00.01 28.93408 294.7973 -231.9977 -0.8055 -2.2162 1.8809 69.2361 36.6633 349.4819 404.6053 -23.3525 0.0000 0.0000
6550.03 19.07.2018 18.10.01 28.84234 294.4611 -202.8165 -0.7042 -1.8883 1.5788 59.9247 31.7552 348.0038 401.9123 -21.1582 0.0000 0.0000
6560.03 19.07.2018 18.20.01 28.75955 294.1275 -182.7811 -0.6347 -1.6336 1.3319 51.2512 27.1869 346.6453 399.3556 -19.3324 0.0000 0.0000
6570.03 19.07.2018 18.30.01 28.68255 293.7969 -175.5254 -0.6095 -1.4310 1.0954 42.5797 22.6122 345.3247 396.8107 -17.5414 0.0000 0.0000
6580.03 19.07.2018 18.40.01 28.60699 293.4645 -174.2813 -0.6051 -1.2561 0.8679 31.7623 16.8931 344.0347 394.1483 -15.6950 0.0000 0.0000
6590.03 19.07.2018 18.50.01 28.53079 293.1317 -179.0396 -0.6217 -1.0974 0.6343 20.6174 10.9824 342.7347 391.3817 -13.7327 0.0000 0.0000
6600.03 19.07.2018 19.00.01 28.45168 292.7982 -185.0309 -0.6425 -0.9438 0.4017 9.2590 4.9419 341.4363 388.5356 -11.7632 0.0000 0.0000
6610.03 19.07.2018 19.10.01 28.36947 292.4346 -167.4289 -0.5814 -0.7932 0.2825 6.9810 3.7182 340.0003 386.1148 -10.8560 0.0000 0.0000
6620.03 19.07.2018 19.20.01 28.29257 292.0750 -150.6457 -0.5231 -0.6879 0.2198 5.5006 2.9290 338.6818 383.9643 -10.3472 0.0000 0.0000
6630.03 19.07.2018 19.30.01 28.22079 291.7136 -143.7930 -0.4993 -0.6246 0.1671 4.1577 2.2143 337.4169 381.9229 -10.0191 0.0000 0.0000
6640.03 19.07.2018 19.40.01 28.15063 291.3569 -143.1672 -0.4971 -0.5842 0.1162 2.8403 1.5136 336.1743 379.9646 -9.7949 0.0000 0.0000
6650.03 19.07.2018 19.50.01 28.07980 290.9973 -145.7145 -0.5060 -0.5552 0.0656 1.5274 0.8153 334.9414 378.0618 -9.6923 0.0000 0.0000
6660.03 19.07.2018 20.00.01 28.00720 290.6362 -150.1121 -0.5212 -0.5326 0.0152 0.2173 0.1185 333.7161 376.2013 -9.6944 0.0000 0.0000
6670.03 19.07.2018 20.10.01 27.93215 290.4663 -146.9748 -0.5103 -0.5123 0.0026 0.0359 0.0195 332.9377 374.8010 -8.7663 0.0000 0.0000
6680.03 19.07.2018 20.20.01 27.85769 290.2958 -145.2929 -0.5045 -0.5049 0.0005 0.0068 0.0037 332.2485 373.5364 -8.0688 0.0000 0.0000
6690.03 19.07.2018 20.30.01 27.78338 290.1283 -145.9143 -0.5066 -0.5067 0.0001 0.0012 0.0007 331.5952 372.3623 -7.5076 0.0000 0.0000
6700.03 19.07.2018 20.40.01 27.70825 289.9640 -147.7512 -0.5130 -0.5130 0.0000 0.0002 0.0001 330.9666 371.2609 -7.0579 0.0000 0.0000
6710.03 19.07.2018 20.50.01 27.63189 289.7960 -150.3573 -0.5221 -0.5221 0.0000 0.0000 0.0000 330.3590 370.2141 -6.7206 0.0000 0.0000
6720.03 19.07.2018 21.00.01 27.55410 289.6292 -153.4597 -0.5328 -0.5328 0.0000 0.0000 0.0000 329.7701 369.2170 -6.4615 0.0000 0.0000
6730.03 19.07.2018 21.10.01 27.47469 289.4180 -156.8095 -0.5445 -0.5445 0.0000 0.0000 0.0000 329.4345 368.2293 -6.5564 0.0000 0.0000
6740.03 19.07.2018 21.20.01 27.39358 289.2069 -160.1984 -0.5562 -0.5562 0.0000 0.0000 0.0000 329.1070 367.2792 -6.7044 0.0000 0.0000
6750.03 19.07.2018 21.30.01 27.31069 288.9959 -163.4060 -0.5674 -0.5674 0.0000 0.0000 0.0000 328.7866 366.3607 -6.8903 0.0000 0.0000
6760.03 19.07.2018 21.40.01 27.22613 288.7885 -166.4872 -0.5781 -0.5781 0.0000 0.0000 0.0000 328.4719 365.4722 -7.0986 0.0000 0.0000
6770.03 19.07.2018 21.50.01 27.14010 288.5787 -169.5521 -0.5887 -0.5887 0.0000 0.0000 0.0000 328.1639 364.6058 -7.3453 0.0000 0.0000
6780.03 19.07.2018 22.00.01 27.05258 288.3667 -172.5449 -0.5991 -0.5991 0.0000 0.0000 0.0000 327.8604 363.7561 -7.6277 0.0000 0.0000
6790.03 19.07.2018 22.10.01 26.96346 288.1738 -175.1727 -0.6082 -0.6082 0.0000 0.0000 0.0000 326.4844 362.8160 -7.6561 0.0000 0.0000
6800.03 19.07.2018 22.20.01 26.87301 287.9811 -178.2834 -0.6190 -0.6190 0.0000 0.0000 0.0000 325.0741 361.8466 -7.6329 0.0000 0.0000
6810.03 19.07.2018 22.30.01 26.78091 287.7827 -181.6302 -0.6307 -0.6307 0.0000 0.0000 0.0000 323.6564 360.8533 -7.6143 0.0000 0.0000
6820.03 19.07.2018 22.40.01 26.68707 287.5864 -184.9198 -0.6421 -0.6421 0.0000 0.0000 0.0000 322.2438 359.8580 -7.5678 0.0000 0.0000
6830.03 19.07.2018 22.50.01 26.59152 287.3870 -188.0403 -0.6529 -0.6529 0.0000 0.0000 0.0000 320.8321 358.8519 -7.5218 0.0000 0.0000
6840.03 19.07.2018 23.00.01 26.49444 287.1887 -191.0706 -0.6634 -0.6634 0.0000 0.0000 0.0000 319.4196 357.8406 -7.4607 0.0000 0.0000
6850.03 19.07.2018 23.10.01 26.39590 286.9672 -194.0942 -0.6739 -0.6739 0.0000 0.0000 0.0000 318.5333 356.8597 -7.5833 0.0000 0.0000
6860.03 19.07.2018 23.20.01 26.29589 286.7603 -196.2060 -0.6813 -0.6813 0.0000 0.0000 0.0000 317.6943 355.9259 -7.6447 0.0000 0.0000
6870.03 19.07.2018 23.30.01 26.19500 286.5378 -197.8036 -0.6868 -0.6868 0.0000 0.0000 0.0000 316.8549 354.9852 -7.7842 0.0000 0.0000
6880.03 19.07.2018 23.40.01 26.09338 286.3105 -199.2906 -0.6920 -0.6920 0.0000 0.0000 0.0000 316.0122 354.0373 -7.9554 0.0000 0.0000
6890.03 19.07.2018 23.50.01 25.99087 286.0899 -200.2763 -0.6954 -0.6954 0.0000 0.0000 0.0000 315.1492 353.0767 -8.1908 0.0000 0.0000
6900.03 20.07.2018 00.00.01 25.88787 285.8563 -201.9297 -0.7011 -0.7011 0.0000 0.0000 0.0000 314.2691 352.0897 -8.5340 0.0000 0.0000
6910.03 20.07.2018 00.10.01 25.78393 285.7042 -203.8129 -0.7077 -0.7077 0.0000 0.0000 0.0000 313.2678 351.2073 -8.3479 0.0000 0.0000
6920.03 20.07.2018 00.20.01 25.67913 285.5554 -205.2095 -0.7125 -0.7125 0.0000 0.0000 0.0000 312.2735 350.3404 -8.1574 0.0000 0.0000
6930.03 20.07.2018 00.30.01 25.57385 285.4046 -206.6395 -0.7175 -0.7175 0.0000 0.0000 0.0000 311.2829 349.4816 -7.9853 0.0000 0.0000
6940.03 20.07.2018 00.40.01 25.46765 285.2535 -207.4820 -0.7204 -0.7204 0.0000 0.0000 0.0000 310.3012 348.6332 -7.8230 0.0000 0.0000
6950.03 20.07.2018 00.50.01 25.36108 285.1014 -208.5617 -0.7242 -0.7242 0.0000 0.0000 0.0000 309.3237 347.7920 -7.6732 0.0000 0.0000
6960.03 20.07.2018 01.00.01 25.25396 284.9487 -209.7122 -0.7282 -0.7282 0.0000 0.0000 0.0000 308.3532 346.9578 -7.5310 0.0000 0.0000
6970.03 20.07.2018 01.10.01 25.14617 284.8018 -210.6090 -0.7313 -0.7313 0.0000 0.0000 0.0000 307.7880 346.2006 -7.4290 0.0000 0.0000
6980.03 20.07.2018 01.20.01 25.03814 284.6590 -211.6465 -0.7349 -0.7349 0.0000 0.0000 0.0000 307.2670 345.4744 -7.3524 0.0000 0.0000
6990.03 20.07.2018 01.30.01 24.92941 284.5137 -211.9979 -0.7361 -0.7361 0.0000 0.0000 0.0000 306.7382 344.7632 -7.2976 0.0000 0.0000
7000.03 20.07.2018 01.40.01 24.82049 284.3656 -212.5445 -0.7380 -0.7380 0.0000 0.0000 0.0000 306.2034 344.0562 -7.2754 0.0000 0.0000
7010.03 20.07.2018 01.50.01 24.71154 284.2153 -213.5535 -0.7415 -0.7415 0.0000 0.0000 0.0000 305.6688 343.3598 -7.2685 0.0000 0.0000
7020.03 20.07.2018 02.00.01 24.60183 284.0660 -213.9846 -0.7430 -0.7430 0.0000 0.0004 0.0002 305.1343 342.6696 -7.2722 0.0000 0.0000
7030.03 20.07.2018 02.10.01 24.49197 283.9320 -213.0638 -0.7398 -0.7457 0.0078 0.2337 0.1237 305.0005 342.0532 -7.3172 0.0000 0.0000
7040.03 20.07.2018 02.20.01 24.38244 283.8105 -211.8987 -0.7358 -0.7491 0.0178 0.4984 0.2645 304.8941 341.4888 -7.3598 0.0000 0.0000
7050.03 20.07.2018 02.30.01 24.27352 283.6808 -211.1607 -0.7332 -0.7543 0.0281 0.7679 0.4078 304.7988 340.9406 -7.4709 0.0000 0.0000
7060.03 20.07.2018 02.40.01 24.16485 283.5481 -210.4771 -0.7308 -0.7597 0.0385 1.0384 0.5517 304.7074 340.4055 -7.6269 0.0000 0.0000
7070.03 20.07.2018 02.50.01 24.05648 283.4163 -210.0715 -0.7294 -0.7661 0.0490 1.3090 0.6956 304.6168 339.8892 -7.8004 0.0000 0.0000
7080.03 20.07.2018 03.00.01 23.94833 283.2819 -209.7919 -0.7284 -0.7731 0.0595 1.5847 0.8422 304.5216 339.3799 -8.0115 0.0000 0.0000
7090.03 20.07.2018 03.10.01 23.84057 283.3363 -187.8867 -0.6524 -0.7800 0.1702 4.8430 2.5684 304.2219 339.2946 -7.5231 0.0000 0.0000
7100.03 20.07.2018 03.20.01 23.74093 283.3915 -170.3619 -0.5915 -0.8228 0.3083 8.5039 4.5146 304.0327 339.3652 -7.2409 0.0000 0.0000
7110.03 20.07.2018 03.30.01 23.64813 283.4468 -159.6497 -0.5543 -0.8927 0.4511 12.2266 6.4944 303.8930 339.5138 -7.0848 0.0000 0.0000
7120.03 20.07.2018 03.40.01 23.55966 283.5047 -152.6812 -0.5301 -0.9762 0.5947 15.9616 8.4809 303.7827 339.7359 -7.0026 0.0000 0.0000
7130.03 20.07.2018 03.50.01 23.47418 283.5619 -147.5956 -0.5125 -1.0664 0.7385 19.6987 10.4685 303.6928 340.0123 -6.9940 0.0000 0.0000
7140.03 20.07.2018 04.00.01 23.39102 283.6166 -143.5741 -0.4985 -1.1603 0.8823 23.4357 12.4560 303.6180 340.3279 -7.0594 0.0000 0.0000
7150.03 20.07.2018 04.10.01 23.30981 283.9529 -141.7569 -0.4922 -1.2546 1.0165 26.8862 14.2919 304.0563 341.0146 -5.9198 0.0000 0.0000
7160.03 20.07.2018 04.20.01 23.23013 284.2945 -138.1505 -0.4797 -1.3407 1.1481 30.2979 16.1065 304.5797 341.8138 -4.8642 0.0000 0.0000
7170.03 20.07.2018 04.30.01 23.15267 284.6290 -133.2405 -0.4626 -1.4220 1.2792 33.7038 17.9180 305.1292 342.6857 -3.9316 0.0000 0.0000
7180.03 20.07.2018 04.40.01 23.07787 284.9651 -128.0030 -0.4445 -1.5021 1.4102 37.1084 19.7288 305.6981 343.6273 -3.0792 0.0000 0.0000
7190.03 20.07.2018 04.50.01 23.00582 285.3015 -122.5140 -0.4254 -1.5813 1.5412 40.5129 21.5395 306.2920 344.6320 -2.2995 0.0000 0.0000
