# simtime date time IndoorTemp Av_Tair_at_facade Energyflux.toIndoor.sum  Energyflux.toIndoor.average Energyflux.Conduction.average Energyflux.SW.transmission.average Shortwave.availabe Shortwave.absorbed Longwave.available Longwave.emittedFacade Sensible.outside Vapour.fromGreening Vapour.fromSubstrate
10.02 15.07.2018 05.10.00 19.85000 288.6191 0.0000 0.0000 0.0000 0.0000 466.1144 233.0572 325.1808 381.1251 -34.7534 0.0000 0.0000
20.02 15.07.2018 05.20.00 19.85000 289.2268 0.0000 0.0000 0.0000 0.0000 827.9014 413.9507 328.6843 400.8595 -57.9898 0.0000 0.0000
30.03 15.07.2018 05.30.01 19.85000 289.8710 0.0000 0.0000 0.0000 0.0000 1189.6906 594.8453 333.5692 429.9774 -89.9082 0.0000 0.0000
40.03 15.07.2018 05.40.01 19.85000 290.5309 0.0000 0.0000 0.0000 0.0000 1114.7316 557.3658 339.6422 456.1763 -110.5468 0.0000 0.0000
50.03 15.07.2018 05.50.01 19.85000 291.1088 0.6341 0.0016 0.0016 0.0000 1045.8952 522.9476 342.8949 473.7377 -120.2768 0.0000 0.0000
60.03 15.07.2018 06.00.01 19.85034 291.6612 1.0804 0.0026 0.0026 0.0000 953.7178 476.8589 345.0045 486.7207 -125.8289 0.0000 0.0000
70.03 15.07.2018 06.10.01 19.85125 291.9747 1.5317 0.0038 0.0038 0.0000 908.8984 454.4492 346.5659 496.3962 -131.0255 0.0000 0.0000
80.03 15.07.2018 06.20.01 19.85229 292.2865 3.2223 0.0079 0.0079 0.0000 865.4226 432.7113 348.2791 503.9614 -135.2609 0.0000 0.0000
90.03 15.07.2018 06.30.01 19.85412 292.5907 4.8503 0.0119 0.0119 0.0000 821.2181 410.6091 349.7955 509.0431 -138.8556 0.0000 0.0000
100.03 15.07.2018 06.40.01 19.85671 292.8970 6.7219 0.0165 0.0165 0.0000 791.7315 395.8658 351.3082 512.4879 -141.0746 0.0000 0.0000
110.03 15.07.2018 06.50.01 19.86019 293.2017 9.2377 0.0226 0.0226 0.0000 774.0226 387.0113 352.8146 514.7146 -144.8423 0.0000 0.0000
120.03 15.07.2018 07.00.01 19.86495 293.5064 12.0610 0.0296 0.0296 0.0000 759.9162 379.9581 354.2719 515.8109 -149.8468 0.0000 0.0000
130.03 15.07.2018 07.10.01 19.87097 293.8378 15.1203 0.0371 0.0371 0.0000 752.9715 376.4857 355.8928 517.4019 -145.7677 0.0000 0.0000
140.03 15.07.2018 07.20.01 19.87835 294.1709 18.4031 0.0451 0.0451 0.0000 745.3669 372.6835 357.6351 518.8932 -143.0563 0.0000 0.0000
150.03 15.07.2018 07.30.01 19.88717 294.4921 21.7502 0.0533 0.0533 0.0000 736.7025 368.3512 359.4224 520.0775 -141.5740 0.0000 0.0000
160.03 15.07.2018 07.40.01 19.89752 294.8101 25.0827 0.0615 0.0615 0.0000 731.5137 365.7569 361.2318 521.0706 -140.8355 0.0000 0.0000
170.03 15.07.2018 07.50.01 19.90933 295.1404 28.5596 0.0700 0.0700 0.0000 725.1429 362.5715 363.0998 521.8647 -140.9458 0.0000 0.0000
180.03 15.07.2018 08.00.01 19.92269 295.4588 32.3005 0.0792 0.0792 0.0000 717.2103 358.6052 364.9660 522.2996 -141.9853 0.0000 0.0000
190.03 15.07.2018 08.10.01 19.93777 295.7529 35.8902 0.0880 0.0880 0.0000 708.0626 354.0313 366.9081 521.9129 -147.2817 0.0000 0.0000
200.03 15.07.2018 08.20.01 19.95440 296.0239 39.4832 0.0968 0.0968 0.0000 697.8135 348.9068 368.6427 520.1658 -157.8350 0.0000 0.0000
210.03 15.07.2018 08.30.01 19.97262 296.3018 43.3097 0.1062 0.1062 0.0000 687.1716 343.5858 370.1858 517.3164 -169.7911 0.0000 0.0000
220.03 15.07.2018 08.40.01 19.99246 296.6303 47.0781 0.1154 0.1154 0.0000 678.2540 339.1270 371.6867 516.3366 -160.6782 0.0000 0.0000
230.03 15.07.2018 08.50.01 20.01397 297.0226 50.5752 0.1240 0.1240 0.0000 669.0062 334.5031 373.1802 515.8673 -152.8545 0.0000 0.0000
240.03 15.07.2018 09.00.01 20.03707 297.4898 54.0887 0.1326 0.1326 0.0000 658.7786 329.3893 374.5718 515.6256 -146.7854 0.0000 0.0000
250.03 15.07.2018 09.10.01 20.06164 297.3460 57.6637 0.1413 0.1413 0.0000 645.4327 322.7163 376.3815 517.0394 -129.7607 0.0000 0.0000
260.03 15.07.2018 09.20.01 20.08779 297.3764 60.9780 0.1495 0.1495 0.0000 632.0207 316.0103 378.4515 518.1054 -122.5043 0.0000 0.0000
270.03 15.07.2018 09.30.01 20.11538 297.4450 64.3142 0.1576 0.1576 0.0000 618.0132 309.0066 379.9075 517.8110 -126.9934 0.0000 0.0000
280.03 15.07.2018 09.40.01 20.14437 297.8097 67.5773 0.1656 0.1656 0.0000 607.2533 303.6266 381.5071 519.4928 -110.7606 0.0000 0.0000
290.03 15.07.2018 09.50.01 20.17486 298.2935 70.5449 0.1729 0.1729 0.0000 598.5136 299.2568 383.3272 517.9401 -128.7741 0.0000 0.0000
300.03 15.07.2018 10.00.01 20.20663 298.3139 73.7083 0.1807 0.1807 0.0000 587.0672 293.5336 384.1423 513.8811 -153.9756 0.0000 0.0000
310.03 15.07.2018 10.10.01 20.23974 298.5246 76.5994 0.1877 0.1877 0.0000 579.4592 289.7296 385.2593 512.5042 -143.8542 0.0000 0.0000
320.03 15.07.2018 10.20.01 20.27413 298.7359 79.4200 0.1947 0.1947 0.0000 569.5528 284.7764 386.3388 511.5013 -136.9980 0.0000 0.0000
330.03 15.07.2018 10.30.01 20.30969 298.9254 82.2768 0.2017 0.2017 0.0000 557.3597 278.6799 387.0690 510.5145 -132.0216 0.0000 0.0000
340.03 15.07.2018 10.40.01 20.34649 299.1268 84.8491 0.2080 0.2080 0.0000 550.0377 275.0189 388.3735 509.9013 -126.3490 0.0000 0.0000
350.03 15.07.2018 10.50.01 20.38467 299.3038 86.7714 0.2127 0.2127 0.0000 538.9274 269.4637 389.3648 509.3083 -122.7777 0.0000 0.0000
360.03 15.07.2018 11.00.01 20.42333 299.4925 89.7789 0.2200 0.2200 0.0000 527.0997 263.5499 390.3466 508.4807 -120.7508 0.0000 0.0000
370.03 15.07.2018 11.10.01 20.46368 299.6077 91.3020 0.2238 0.2238 0.0000 514.8246 257.4123 391.6506 507.0887 -122.6381 0.0000 0.0000
380.03 15.07.2018 11.20.01 20.50442 299.7193 94.0381 0.2305 0.2305 0.0000 499.2445 249.6223 392.6276 505.4344 -123.1568 0.0000 0.0000
390.03 15.07.2018 11.30.01 20.54659 299.8176 95.5580 0.2342 0.2342 0.0000 483.7063 241.8531 393.5322 503.5231 -122.7725 0.0000 0.0000
400.03 15.07.2018 11.40.01 20.58907 299.9019 98.1208 0.2405 0.2405 0.0000 470.3780 235.1890 394.6298 501.5558 -121.5242 0.0000 0.0000
410.03 15.07.2018 11.50.01 20.63308 299.9912 99.0337 0.2427 0.2427 0.0000 455.6966 227.8483 395.5477 499.4964 -120.1757 0.0000 0.0000
420.03 15.07.2018 12.00.01 20.67709 300.0811 101.3828 0.2485 0.2485 0.0000 438.6326 219.3163 396.2031 497.2082 -118.6952 0.0000 0.0000
430.03 15.07.2018 12.10.01 20.72241 300.1901 102.3423 0.2508 0.2508 0.0000 424.8063 212.4031 397.4875 496.5416 -103.2655 0.0000 0.0000
440.03 15.07.2018 12.20.01 20.76824 300.2658 103.4281 0.2535 0.2535 0.0000 414.0736 207.0368 398.2794 495.9327 -95.0632 0.0000 0.0000
450.03 15.07.2018 12.30.01 20.81411 300.3304 105.7646 0.2592 0.2592 0.0000 408.2660 204.1330 398.7504 494.9433 -93.7934 0.0000 0.0000
460.03 15.07.2018 12.40.01 20.86120 300.3766 106.4407 0.2609 0.2609 0.0000 402.8459 201.4229 399.3415 493.8782 -93.6914 0.0000 0.0000
470.03 15.07.2018 12.50.01 20.90887 300.3743 106.9195 0.2621 0.2621 0.0000 394.0057 197.0028 399.4206 491.9671 -98.9025 0.0000 0.0000
480.03 15.07.2018 13.00.01 20.95657 300.4187 108.0938 0.2649 0.2649 0.0000 387.7918 193.8959 399.8095 489.4608 -105.2163 0.0000 0.0000
490.03 15.07.2018 13.10.01 21.00427 300.4323 110.2091 0.2701 0.2701 0.0000 379.3657 189.6829 400.0289 487.4647 -103.6644 0.0000 0.0000
500.03 15.07.2018 13.20.01 21.05309 300.4562 110.5997 0.2711 0.2711 0.0000 369.1432 184.5716 399.9982 485.4803 -101.5841 0.0000 0.0000
510.03 15.07.2018 13.30.01 21.10232 300.4888 110.6040 0.2711 0.2711 0.0000 356.0034 178.0017 399.4238 483.4066 -98.9526 0.0000 0.0000
520.03 15.07.2018 13.40.01 21.15182 300.5182 110.6702 0.2713 0.2713 0.0000 345.6570 172.8285 399.0117 481.3254 -95.9565 0.0000 0.0000
530.03 15.07.2018 13.50.01 21.20135 300.5490 111.0394 0.2722 0.2722 0.0000 335.6508 167.8254 398.6662 479.3359 -92.8715 0.0000 0.0000
540.03 15.07.2018 14.00.01 21.25088 300.5859 111.6265 0.2736 0.2736 0.0000 322.4975 161.2488 397.9545 477.3124 -89.5289 0.0000 0.0000
550.03 15.07.2018 14.10.01 21.30041 300.6289 112.5469 0.2759 0.2759 0.0000 306.8569 153.4284 398.3615 475.5384 -82.9589 0.0000 0.0000
560.03 15.07.2018 14.20.01 21.34994 300.6776 113.3086 0.2777 0.2777 0.0000 288.9307 144.4653 398.3266 473.7557 -76.5916 0.0000 0.0000
570.03 15.07.2018 14.30.01 21.39947 300.7291 114.2307 0.2800 0.2800 0.0000 271.8477 135.9239 398.1575 471.9184 -70.4624 0.0000 0.0000
580.03 15.07.2018 14.40.01 21.44909 300.7845 114.7172 0.2812 0.2812 0.0000 252.2676 126.1338 397.8551 470.0894 -63.6407 0.0000 0.0000
590.03 15.07.2018 14.50.01 21.49886 300.8410 114.7482 0.2812 0.2812 0.0000 235.4517 117.7258 397.9026 468.2192 -57.3744 0.0000 0.0000
600.03 15.07.2018 15.00.01 21.54864 300.8972 114.7166 0.2812 0.2812 0.0000 218.5832 109.2916 397.6187 466.3356 -51.6788 0.0000 0.0000
610.03 15.07.2018 15.10.01 21.59860 300.8154 113.7041 0.2787 0.2787 0.0000 209.0465 104.5233 396.5586 463.8700 -53.4131 0.0000 0.0000
620.03 15.07.2018 15.20.01 21.64803 300.7274 113.4327 0.2780 0.2780 0.0000 200.3229 100.1614 395.8134 461.2392 -54.3687 0.0000 0.0000
630.03 15.07.2018 15.30.01 21.69747 300.6449 112.7828 0.2764 0.2764 0.0000 192.1007 96.0504 395.0648 458.5473 -54.8223 0.0000 0.0000
640.03 15.07.2018 15.40.01 21.74691 300.5741 111.6301 0.2736 0.2736 0.0000 182.2032 91.1016 393.9449 455.8666 -53.8409 0.0000 0.0000
650.03 15.07.2018 15.50.01 21.79559 300.5051 111.5788 0.2735 0.2735 0.0000 173.6945 86.8473 392.9726 453.1742 -52.3893 0.0000 0.0000
660.03 15.07.2018 16.00.01 21.84414 300.4317 111.1191 0.2724 0.2724 0.0000 165.7226 82.8613 391.9087 450.5514 -50.6459 0.0000 0.0000
670.03 15.07.2018 16.10.01 21.89266 300.2450 109.8848 0.2693 0.2693 0.0000 154.6095 77.3047 389.7005 447.9606 -47.7765 0.0000 0.0000
680.03 15.07.2018 16.20.01 21.94052 300.0589 109.3799 0.2681 0.2681 0.0000 144.1086 72.0543 387.5909 445.2134 -45.2709 0.0000 0.0000
690.03 15.07.2018 16.30.01 21.98812 299.8746 108.5065 0.2659 0.2659 0.0000 134.0016 67.0008 385.4778 442.4056 -42.9837 0.0000 0.0000
700.03 15.07.2018 16.40.01 22.03542 299.6934 107.3875 0.2632 0.2632 0.0000 123.8804 61.9402 383.2417 439.5980 -40.1562 0.0000 0.0000
710.03 15.07.2018 16.50.01 22.08215 299.5137 106.5051 0.2610 0.2610 0.0000 115.9319 57.9659 381.0152 436.7891 -37.6026 0.0000 0.0000
720.03 15.07.2018 17.00.01 22.12850 299.3345 105.2128 0.2579 0.2579 0.0000 107.9001 53.9500 378.7579 433.9982 -35.3178 0.0000 0.0000
730.03 15.07.2018 17.10.01 22.17428 299.1273 104.1530 0.2553 0.2553 0.0000 101.5248 50.7624 376.9877 431.2286 -33.4137 0.0000 0.0000
740.03 15.07.2018 17.20.01 22.21957 298.9217 102.8856 0.2522 0.2522 0.0000 95.6081 47.8041 375.2484 428.5701 -31.3996 0.0000 0.0000
750.03 15.07.2018 17.30.01 22.26443 298.7167 101.1829 0.2480 0.2480 0.0000 89.5619 44.7809 373.5042 425.9883 -29.3238 0.0000 0.0000
760.03 15.07.2018 17.40.01 22.30837 298.5119 100.1188 0.2454 0.2454 0.0000 83.1159 41.5579 371.8052 423.4623 -27.1797 0.0000 0.0000
770.03 15.07.2018 17.50.01 22.35183 298.3073 98.5963 0.2417 0.2417 0.0000 67.6543 33.8272 370.1062 420.7870 -24.6795 0.0000 0.0000
780.03 15.07.2018 18.00.01 22.39468 298.1008 96.8365 0.2373 0.2373 0.0000 61.5059 30.7530 368.4042 418.0526 -22.0077 0.0000 0.0000
790.03 15.07.2018 18.10.01 22.43679 297.5728 95.1716 0.2333 0.2333 0.0000 54.4887 27.2444 366.6367 415.2632 -21.9466 0.0000 0.0000
800.03 15.07.2018 18.20.01 22.47805 297.0443 93.6834 0.2296 0.2296 0.0000 47.0303 23.5152 364.6866 412.3813 -21.6618 0.0000 0.0000
810.03 15.07.2018 18.30.01 22.51864 296.5150 92.0410 0.2256 0.2256 0.0000 39.1864 19.5932 362.7415 409.4187 -21.2352 0.0000 0.0000
820.03 15.07.2018 18.40.01 22.55853 295.9858 90.1736 0.2210 0.2210 0.0000 27.4109 13.7055 360.7644 406.3152 -20.4536 0.0000 0.0000
830.03 15.07.2018 18.50.01 22.59759 295.4558 88.2204 0.2162 0.2162 0.0000 19.1430 9.5715 358.7016 403.1055 -19.4939 0.0000 0.0000
840.03 15.07.2018 19.00.01 22.63583 294.9255 86.2396 0.2114 0.2114 0.0000 11.2014 5.6007 356.6355 399.9122 -18.4877 0.0000 0.0000
850.03 15.07.2018 19.10.01 22.67318 294.2901 84.2393 0.2065 0.2065 0.0000 8.0792 4.0396 354.6710 396.7604 -18.0559 0.0000 0.0000
860.03 15.07.2018 19.20.01 22.70965 293.6514 82.2003 0.2015 0.2015 0.0000 6.4394 3.2197 353.0296 393.7738 -17.8911 0.0000 0.0000
870.03 15.07.2018 19.30.01 22.74520 293.0202 80.0582 0.1962 0.1962 0.0000 5.0278 2.5139 351.4236 390.9211 -17.8570 0.0000 0.0000
880.03 15.07.2018 19.40.01 22.77981 292.3881 77.9499 0.1911 0.1911 0.0000 3.2681 1.6340 349.8323 388.1754 -17.7354 0.0000 0.0000
890.03 15.07.2018 19.50.01 22.81344 291.7630 75.7266 0.1856 0.1856 0.0000 1.6886 0.8443 348.2728 385.5149 -17.6685 0.0000 0.0000
900.03 15.07.2018 20.00.01 22.84609 291.1421 73.4963 0.1801 0.1801 0.0000 0.3065 0.1532 346.7016 382.9412 -17.6331 0.0000 0.0000
910.03 15.07.2018 20.10.01 22.87774 290.7117 71.1314 0.1743 0.1743 0.0000 0.0552 0.0276 345.1092 380.5564 -16.6923 0.0000 0.0000
920.03 15.07.2018 20.20.01 22.90832 290.2890 68.7669 0.1685 0.1685 0.0000 0.0099 0.0050 343.5874 378.3193 -15.9435 0.0000 0.0000
930.03 15.07.2018 20.30.01 22.93789 289.8777 66.3237 0.1626 0.1626 0.0000 0.0018 0.0009 342.0975 376.2058 -15.3039 0.0000 0.0000
940.03 15.07.2018 20.40.01 22.96642 289.4621 63.6615 0.1560 0.1560 0.0000 0.0003 0.0002 340.6307 374.2041 -14.6993 0.0000 0.0000
950.03 15.07.2018 20.50.01 22.99377 289.0610 61.2606 0.1501 0.1501 0.0000 0.0001 0.0000 339.1476 372.3028 -14.1102 0.0000 0.0000
960.03 15.07.2018 21.00.01 23.01998 288.6923 58.7665 0.1440 0.1440 0.0000 0.0000 0.0000 337.6788 370.5078 -13.3375 0.0000 0.0000
970.03 15.07.2018 21.10.01 23.04510 288.3692 56.1865 0.1377 0.1377 0.0000 0.0000 0.0000 336.4435 368.9425 -11.2026 0.0000 0.0000
980.03 15.07.2018 21.20.01 23.06915 288.0693 53.4827 0.1311 0.1311 0.0000 0.0000 0.0000 335.1398 367.3543 -11.4888 0.0000 0.0000
990.03 15.07.2018 21.30.01 23.09197 287.5940 50.8836 0.1247 0.1247 0.0000 0.0000 0.0000 334.1525 365.4824 -15.1360 0.0000 0.0000
1000.03 15.07.2018 21.40.01 23.11364 287.5483 48.3375 0.1185 0.1185 0.0000 0.0000 0.0000 333.1961 364.1694 -10.8502 0.0000 0.0000
1010.03 15.07.2018 21.50.01 23.13418 287.5198 45.6450 0.1119 0.1119 0.0000 0.0000 0.0000 331.6096 362.8805 -9.8216 0.0000 0.0000
1020.03 15.07.2018 22.00.01 23.15362 287.3265 42.8348 0.1050 0.1050 0.0000 0.0000 0.0000 330.5937 361.3046 -11.6225 0.0000 0.0000
1030.03 15.07.2018 22.10.01 23.17178 287.2995 40.3355 0.0989 0.0989 0.0000 0.0000 0.0000 329.8300 360.0676 -10.1204 0.0000 0.0000
1040.03 15.07.2018 22.20.01 23.18881 287.3701 37.7234 0.0925 0.0925 0.0000 0.0000 0.0000 329.1062 359.0071 -8.3280 0.0000 0.0000
1050.03 15.07.2018 22.30.01 23.20471 287.1875 35.0514 0.0859 0.0859 0.0000 0.0000 0.0000 328.3810 357.9199 -7.9664 0.0000 0.0000
1060.03 15.07.2018 22.40.01 23.21954 287.0273 32.2892 0.0791 0.0791 0.0000 0.0000 0.0000 327.6750 356.8878 -7.5711 0.0000 0.0000
1070.03 15.07.2018 22.50.01 23.23306 286.8728 29.8476 0.0732 0.0732 0.0000 0.0000 0.0000 326.9852 355.8981 -7.2503 0.0000 0.0000
1080.03 15.07.2018 23.00.01 23.24551 286.7197 27.3188 0.0670 0.0670 0.0000 0.0000 0.0000 326.3099 354.9451 -6.9978 0.0000 0.0000
1090.03 15.07.2018 23.10.01 23.25686 286.6415 24.6815 0.0605 0.0605 0.0000 0.0000 0.0000 325.9386 354.1304 -5.9462 0.0000 0.0000
1100.03 15.07.2018 23.20.01 23.26711 285.8026 22.0647 0.0541 0.0541 0.0000 0.0000 0.0000 325.4501 352.9172 -10.5359 0.0000 0.0000
1110.03 15.07.2018 23.30.01 23.27621 285.4762 19.6249 0.0481 0.0481 0.0000 0.0000 0.0000 324.8742 351.6291 -13.1604 0.0000 0.0000
1120.03 15.07.2018 23.40.01 23.28420 285.5185 17.1918 0.0421 0.0421 0.0000 0.0000 0.0000 324.5606 350.8906 -8.6332 0.0000 0.0000
1130.03 15.07.2018 23.50.01 23.29113 285.2760 14.8041 0.0363 0.0363 0.0000 0.0000 0.0000 324.0500 349.9956 -9.7933 0.0000 0.0000
1140.03 16.07.2018 00.00.01 23.29702 285.0767 12.3546 0.0303 0.0303 0.0000 0.0000 0.0000 323.5175 348.8534 -12.5887 0.0000 0.0000
1150.03 16.07.2018 00.10.01 23.30184 285.0640 9.9763 0.0245 0.0245 0.0000 0.0000 0.0000 323.1077 347.9817 -11.0716 0.0000 0.0000
1160.03 16.07.2018 00.20.01 23.30569 285.0644 7.5586 0.0185 0.0185 0.0000 0.0000 0.0000 322.7976 347.2224 -9.7870 0.0000 0.0000
1170.03 16.07.2018 00.30.01 23.30850 285.0676 5.1707 0.0127 0.0127 0.0000 0.0000 0.0000 322.5217 346.5470 -8.6876 0.0000 0.0000
1180.03 16.07.2018 00.40.01 23.31027 285.0715 2.9598 0.0073 0.0073 0.0000 0.0000 0.0000 322.2613 345.9450 -7.6978 0.0000 0.0000
1190.03 16.07.2018 00.50.01 23.31100 285.0769 0.8073 0.0020 0.0020 0.0000 0.0000 0.0000 321.9548 345.4017 -6.8273 0.0000 0.0000
1200.03 16.07.2018 01.00.01 23.31082 285.0829 -1.3776 -0.0034 -0.0034 0.0000 0.0000 0.0000 321.6703 344.9072 -6.0536 0.0000 0.0000
1210.03 16.07.2018 01.10.01 23.30966 284.9818 -3.5296 -0.0087 -0.0087 0.0000 0.0000 0.0000 321.2915 344.3941 -6.0298 0.0000 0.0000
1220.03 16.07.2018 01.20.01 23.30758 284.8891 -5.6353 -0.0138 -0.0138 0.0000 0.0000 0.0000 320.9245 343.8876 -5.9627 0.0000 0.0000
1230.03 16.07.2018 01.30.01 23.30459 284.8044 -7.7575 -0.0190 -0.0190 0.0000 0.0000 0.0000 320.5251 343.3915 -5.8632 0.0000 0.0000
1240.03 16.07.2018 01.40.01 23.30068 284.7490 -9.7304 -0.0238 -0.0238 0.0000 0.0000 0.0000 320.1290 342.9340 -5.3979 0.0000 0.0000
1250.03 16.07.2018 01.50.01 23.29592 284.6987 -11.7459 -0.0288 -0.0288 0.0000 0.0000 0.0000 319.7426 342.4949 -5.0357 0.0000 0.0000
1260.03 16.07.2018 02.00.01 23.29031 284.6966 -13.7097 -0.0336 -0.0336 0.0000 0.0006 0.0003 319.3418 342.0878 -4.4878 0.0000 0.0000
1270.03 16.07.2018 02.10.01 23.28387 284.5992 -15.7612 -0.0386 -0.0386 0.0000 0.3383 0.1692 319.0350 341.7437 -3.6106 0.0000 0.0000
1280.03 16.07.2018 02.20.01 23.27654 284.4061 -17.6160 -0.0432 -0.0432 0.0000 0.7282 0.3641 318.5878 341.3317 -4.4345 0.0000 0.0000
1290.03 16.07.2018 02.30.01 23.26833 284.2101 -19.2629 -0.0472 -0.0472 0.0000 1.1251 0.5626 318.2296 340.7884 -6.1188 0.0000 0.0000
1300.03 16.07.2018 02.40.01 23.25939 284.3371 -20.8916 -0.0512 -0.0512 0.0000 1.5235 0.7618 318.0076 340.5106 -3.7974 0.0000 0.0000
1310.03 16.07.2018 02.50.01 23.24975 284.5478 -22.6093 -0.0554 -0.0554 0.0000 1.9222 0.9611 317.5000 340.3169 -2.4371 0.0000 0.0000
1320.03 16.07.2018 03.00.01 23.23937 284.7492 -24.3674 -0.0597 -0.0597 0.0000 2.3239 1.1620 317.0987 340.0984 -1.6389 0.0000 0.0000
1330.03 16.07.2018 03.10.01 23.22833 284.8192 -26.1501 -0.0641 -0.0641 0.0000 4.5587 2.2794 316.9596 339.9445 -1.0463 0.0000 0.0000
1340.03 16.07.2018 03.20.01 23.21642 284.9529 -27.6359 -0.0677 -0.0677 0.0000 7.0769 3.5384 316.9769 339.9380 -0.2652 0.0000 0.0000
1350.03 16.07.2018 03.30.01 23.20382 285.0927 -29.0189 -0.0711 -0.0711 0.0000 9.6331 4.8165 317.0626 340.0314 0.4240 0.0000 0.0000
1360.03 16.07.2018 03.40.01 23.19067 285.2378 -30.5377 -0.0748 -0.0748 0.0000 12.1974 6.0987 317.1901 340.2116 1.0340 0.0000 0.0000
1370.03 16.07.2018 03.50.01 23.17693 285.3854 -32.2356 -0.0790 -0.0790 0.0000 14.7631 7.3815 317.3504 340.4689 1.5673 0.0000 0.0000
1380.03 16.07.2018 04.00.01 23.16235 285.5407 -33.3672 -0.0818 -0.0818 0.0000 17.3286 8.6643 317.5383 340.7978 2.0586 0.0000 0.0000
1390.03 16.07.2018 04.10.01 23.14730 286.3351 -34.7131 -0.0851 -0.0851 0.0000 19.6521 9.8260 319.1766 341.4238 4.5536 0.0000 0.0000
1400.03 16.07.2018 04.20.01 23.13174 286.7143 -36.2277 -0.0888 -0.0888 0.0000 21.9381 10.9690 320.8951 342.2794 6.7525 0.0000 0.0000
1410.03 16.07.2018 04.30.01 23.11538 287.4522 -37.1280 -0.0910 -0.0910 0.0000 24.2191 12.1095 322.5521 343.5604 11.8150 0.0000 0.0000
1420.03 16.07.2018 04.40.01 23.09881 288.2464 -38.6722 -0.0948 -0.0948 0.0000 26.4990 13.2495 324.3149 344.7131 11.2314 0.0000 0.0000
1430.03 16.07.2018 04.50.01 23.08145 289.0314 -39.5314 -0.0969 -0.0969 0.0000 93.9581 46.9791 326.0885 347.3012 12.6280 0.0000 0.0000
1440.03 16.07.2018 05.00.01 23.06381 289.8992 -40.7946 -0.1000 -0.1000 0.0000 107.5124 53.7562 328.2377 351.6038 16.3827 0.0000 0.0000
1450.03 16.07.2018 05.10.01 23.04550 290.5428 -41.5052 -0.1017 -0.1017 0.0000 451.6007 225.8003 330.0636 361.5673 6.8740 0.0000 0.0000
1460.03 16.07.2018 05.20.01 23.02712 291.2922 -42.7698 -0.1048 -0.1048 0.0000 799.0436 399.5218 333.8741 383.2836 -17.2247 0.0000 0.0000
1470.03 16.07.2018 05.30.01 23.00793 292.0554 -42.9829 -0.1054 -0.1054 0.0000 1146.7106 573.3553 339.1398 413.2904 -51.3185 0.0000 0.0000
1480.03 16.07.2018 05.40.01 22.98873 292.8141 -43.5351 -0.1067 -0.1067 0.0000 1074.0473 537.0236 345.3959 442.4083 -76.3196 0.0000 0.0000
1490.03 16.07.2018 05.50.01 22.96951 293.4871 -44.1203 -0.1081 -0.1081 0.0000 1007.2013 503.6006 348.8166 461.4485 -92.7115 0.0000 0.0000
1500.03 16.07.2018 06.00.01 22.95025 294.1440 -44.3815 -0.1088 -0.1088 0.0000 918.0508 459.0254 351.1384 475.2516 -108.4044 0.0000 0.0000
1510.03 16.07.2018 06.10.01 22.93102 294.5185 -43.6657 -0.1070 -0.1070 0.0000 877.4367 438.7184 352.9175 485.6544 -116.5768 0.0000 0.0000
1520.03 16.07.2018 06.20.01 22.91219 294.8948 -42.5218 -0.1042 -0.1042 0.0000 838.1170 419.0585 354.8685 494.3095 -122.3715 0.0000 0.0000
1530.03 16.07.2018 06.30.01 22.89388 295.2626 -40.7737 -0.0999 -0.0999 0.0000 798.0730 399.0365 356.6480 500.7351 -126.0618 0.0000 0.0000
1540.03 16.07.2018 06.40.01 22.87649 295.6269 -38.5776 -0.0946 -0.0946 0.0000 771.1331 385.5665 358.4001 505.5785 -127.7661 0.0000 0.0000
1550.03 16.07.2018 06.50.01 22.86016 295.9904 -36.1084 -0.0885 -0.0885 0.0000 756.3782 378.1891 360.1841 509.5651 -128.7280 0.0000 0.0000
1560.03 16.07.2018 07.00.01 22.84503 296.3526 -33.1145 -0.0812 -0.0812 0.0000 744.1183 372.0591 361.9042 512.8646 -129.2752 0.0000 0.0000
1570.03 16.07.2018 07.10.01 22.83123 296.6673 -29.8621 -0.0732 -0.0732 0.0000 739.1648 369.5824 363.7622 515.6961 -129.8438 0.0000 0.0000
1580.03 16.07.2018 07.20.01 22.81893 296.9843 -26.3330 -0.0645 -0.0645 0.0000 733.5024 366.7512 365.6708 518.2930 -130.0866 0.0000 0.0000
1590.03 16.07.2018 07.30.01 22.80828 297.3019 -22.5710 -0.0553 -0.0553 0.0000 726.7650 363.3825 367.5786 520.5613 -129.8667 0.0000 0.0000
1600.03 16.07.2018 07.40.01 22.79931 297.6138 -18.5945 -0.0456 -0.0456 0.0000 722.8543 361.4272 369.5079 522.7452 -128.6157 0.0000 0.0000
1610.03 16.07.2018 07.50.01 22.79214 297.9369 -14.4638 -0.0355 -0.0355 0.0000 717.7221 358.8611 371.4853 524.8786 -127.1395 0.0000 0.0000
1620.03 16.07.2018 08.00.01 22.78677 298.2566 -10.1711 -0.0249 -0.0249 0.0000 710.6249 355.3125 373.4461 526.8195 -125.7087 0.0000 0.0000
1630.03 16.07.2018 08.10.01 22.78329 298.4442 -5.8215 -0.0143 -0.0143 0.0000 704.1872 352.0936 375.0608 528.4331 -125.6311 0.0000 0.0000
1640.03 16.07.2018 08.20.01 22.78173 298.6347 -1.4171 -0.0035 -0.0035 0.0000 696.3546 348.1773 376.5364 529.3484 -128.6324 0.0000 0.0000
1650.03 16.07.2018 08.30.01 22.78210 298.8298 3.0614 0.0075 0.0075 0.0000 688.1957 344.0978 377.9951 529.2986 -135.0600 0.0000 0.0000
1660.03 16.07.2018 08.40.01 22.78445 299.0544 7.5082 0.0184 0.0184 0.0000 681.3591 340.6795 379.3980 528.9338 -138.8240 0.0000 0.0000
1670.03 16.07.2018 08.50.01 22.78875 299.2979 11.9319 0.0292 0.0292 0.0000 673.9409 336.9704 380.8067 528.2384 -142.5818 0.0000 0.0000
1680.03 16.07.2018 09.00.01 22.79501 299.5186 16.3162 0.0400 0.0400 0.0000 665.2073 332.6036 382.1933 527.2170 -146.0736 0.0000 0.0000
1690.03 16.07.2018 09.10.01 22.80316 299.6617 20.7398 0.0508 0.0508 0.0000 655.4808 327.7404 383.5351 525.8170 -149.9251 0.0000 0.0000
1700.03 16.07.2018 09.20.01 22.81326 299.8110 25.0121 0.0613 0.0613 0.0000 645.6828 322.8414 384.8718 524.2543 -152.4177 0.0000 0.0000
1710.03 16.07.2018 09.30.01 22.82522 299.9267 29.2130 0.0716 0.0716 0.0000 635.2523 317.6262 386.0280 522.4747 -154.9292 0.0000 0.0000
1720.03 16.07.2018 09.40.01 22.83901 300.0244 33.3335 0.0817 0.0817 0.0000 627.4533 313.7266 387.3240 520.7553 -155.9120 0.0000 0.0000
1730.03 16.07.2018 09.50.01 22.85458 300.1231 37.3975 0.0917 0.0917 0.0000 621.6062 310.8031 388.9595 519.1342 -156.9814 0.0000 0.0000
1740.03 16.07.2018 10.00.01 22.87188 300.2221 41.3360 0.1013 0.1013 0.0000 612.7785 306.3892 390.4718 517.4979 -158.1571 0.0000 0.0000
1750.03 16.07.2018 10.10.01 22.89086 300.4124 45.1436 0.1106 0.1106 0.0000 595.1343 297.5672 392.4889 518.1005 -137.8091 0.0000 0.0000
1760.03 16.07.2018 10.20.01 22.91149 300.5438 48.7465 0.1195 0.1195 0.0000 574.7836 287.3918 394.2607 518.7373 -123.9081 0.0000 0.0000
1770.03 16.07.2018 10.30.01 22.93371 300.6424 52.1155 0.1277 0.1277 0.0000 551.7218 275.8609 395.3998 519.0485 -114.6133 0.0000 0.0000
1780.03 16.07.2018 10.40.01 22.95736 300.7935 55.5829 0.1362 0.1362 0.0000 536.0514 268.0257 397.1829 519.3678 -106.1137 0.0000 0.0000
1790.03 16.07.2018 10.50.01 22.98275 300.9154 58.4411 0.1432 0.1432 0.0000 517.5824 258.7912 398.7477 519.3966 -101.7396 0.0000 0.0000
1800.03 16.07.2018 11.00.01 23.00942 300.9657 61.3914 0.1505 0.1505 0.0000 499.2382 249.6191 400.2653 518.6597 -101.7833 0.0000 0.0000
1810.03 16.07.2018 11.10.01 23.03719 301.3126 64.8327 0.1589 0.1589 0.0000 494.1817 247.0908 401.6179 518.3414 -99.2037 0.0000 0.0000
1820.03 16.07.2018 11.20.01 23.06655 301.4050 67.4571 0.1653 0.1653 0.0000 488.1217 244.0608 402.7120 516.0975 -114.1257 0.0000 0.0000
1830.03 16.07.2018 11.30.01 23.09710 301.4630 69.9256 0.1714 0.1714 0.0000 481.7470 240.8735 403.3697 512.8145 -128.1919 0.0000 0.0000
1840.03 16.07.2018 11.40.01 23.12853 301.9981 73.1250 0.1792 0.1792 0.0000 476.6139 238.3070 405.1858 513.8827 -101.0881 0.0000 0.0000
1850.03 16.07.2018 11.50.01 23.16155 302.2895 75.0670 0.1840 0.1840 0.0000 469.5597 234.7798 406.6821 514.2934 -94.9544 0.0000 0.0000
1860.03 16.07.2018 12.00.01 23.19540 302.4685 77.4809 0.1899 0.1899 0.0000 459.6237 229.8118 406.4808 513.7094 -97.1924 0.0000 0.0000
1870.03 16.07.2018 12.10.01 23.23025 302.5293 79.6936 0.1953 0.1953 0.0000 444.2447 222.1224 406.9736 513.0196 -94.7316 0.0000 0.0000
1880.03 16.07.2018 12.20.01 23.26614 302.5595 81.8211 0.2005 0.2005 0.0000 429.7820 214.8910 406.8918 511.9642 -92.6458 0.0000 0.0000
1890.03 16.07.2018 12.30.01 23.30282 302.5783 83.9646 0.2058 0.2058 0.0000 419.9399 209.9700 406.5120 510.7512 -90.6991 0.0000 0.0000
1900.03 16.07.2018 12.40.01 23.34051 302.6147 85.7092 0.2101 0.2101 0.0000 410.4762 205.2381 405.9543 509.5214 -88.4088 0.0000 0.0000
1910.03 16.07.2018 12.50.01 23.37902 302.6189 87.0215 0.2133 0.2133 0.0000 398.0358 199.0179 404.9032 507.9655 -87.0930 0.0000 0.0000
1920.03 16.07.2018 13.00.01 23.41763 302.6500 89.7793 0.2200 0.2200 0.0000 388.1081 194.0540 404.0962 506.1698 -85.9393 0.0000 0.0000
1930.03 16.07.2018 13.10.01 23.45794 302.6220 90.2111 0.2211 0.2211 0.0000 375.7298 187.8649 403.9877 504.5064 -82.3831 0.0000 0.0000
1940.03 16.07.2018 13.20.01 23.49828 302.5675 92.1048 0.2257 0.2257 0.0000 358.1271 179.0636 403.1972 502.4043 -80.2966 0.0000 0.0000
1950.03 16.07.2018 13.30.01 23.53921 302.5414 93.9518 0.2303 0.2303 0.0000 344.2153 172.1076 402.6757 499.9941 -78.3962 0.0000 0.0000
1960.03 16.07.2018 13.40.01 23.58138 302.5121 94.4476 0.2315 0.2315 0.0000 329.9182 164.9591 402.0934 497.4559 -76.4969 0.0000 0.0000
1970.03 16.07.2018 13.50.01 23.62356 302.4886 95.7407 0.2347 0.2347 0.0000 316.0525 158.0262 401.4610 494.7713 -74.5116 0.0000 0.0000
1980.03 16.07.2018 14.00.01 23.66573 302.4795 98.0260 0.2403 0.2403 0.0000 301.5273 150.7637 400.6862 491.9928 -72.1939 0.0000 0.0000
1990.03 16.07.2018 14.10.01 23.70925 302.3685 98.1025 0.2404 0.2404 0.0000 289.7550 144.8775 399.4961 488.6911 -73.7242 0.0000 0.0000
2000.03 16.07.2018 14.20.01 23.75317 302.2447 98.1385 0.2405 0.2405 0.0000 278.9354 139.4677 398.2771 485.3309 -74.0103 0.0000 0.0000
2010.03 16.07.2018 14.30.01 23.79717 302.1203 98.6052 0.2417 0.2417 0.0000 268.5885 134.2943 397.0998 481.9709 -73.4258 0.0000 0.0000
2020.03 16.07.2018 14.40.01 23.84118 302.0020 99.3503 0.2435 0.2435 0.0000 257.1278 128.5639 395.8105 478.5378 -72.7347 0.0000 0.0000
2030.03 16.07.2018 14.50.01 23.88519 301.8955 100.5718 0.2465 0.2465 0.0000 246.9502 123.4751 394.6460 475.1345 -71.3168 0.0000 0.0000
2040.03 16.07.2018 15.00.01 23.92919 301.7975 101.8953 0.2497 0.2497 0.0000 236.7019 118.3509 393.4973 471.8172 -69.4144 0.0000 0.0000
2050.03 16.07.2018 15.10.01 23.97402 301.7333 101.3231 0.2483 0.2483 0.0000 228.8645 114.4323 391.9420 469.1051 -64.3460 0.0000 0.0000
2060.03 16.07.2018 15.20.01 24.01864 301.6734 101.1942 0.2480 0.2480 0.0000 221.1698 110.5849 390.7454 466.6025 -59.1500 0.0000 0.0000
2070.03 16.07.2018 15.30.01 24.06313 301.6180 101.2170 0.2481 0.2481 0.0000 213.2806 106.6403 389.6506 464.2288 -55.3369 0.0000 0.0000
2080.03 16.07.2018 15.40.01 24.10754 301.5454 101.1701 0.2480 0.2480 0.0000 204.7651 102.3826 388.4731 462.0007 -51.4083 0.0000 0.0000
2090.03 16.07.2018 15.50.01 24.15176 301.4863 101.1958 0.2480 0.2480 0.0000 196.6521 98.3260 387.4018 459.8478 -47.7700 0.0000 0.0000
2100.03 16.07.2018 16.00.01 24.19576 301.4335 101.1956 0.2480 0.2480 0.0000 188.1323 94.0662 386.3770 457.7584 -44.3823 0.0000 0.0000
2110.03 16.07.2018 16.10.01 24.23971 301.2647 100.7875 0.2470 0.2470 0.0000 175.6330 87.8165 385.2771 455.4941 -42.4529 0.0000 0.0000
2120.03 16.07.2018 16.20.01 24.28365 301.0943 99.7225 0.2444 0.2444 0.0000 163.0266 81.5133 384.0344 453.0067 -40.4960 0.0000 0.0000
2130.03 16.07.2018 16.30.01 24.32708 300.9232 99.0270 0.2427 0.2427 0.0000 150.7762 75.3881 382.7322 450.4046 -38.3287 0.0000 0.0000
2140.03 16.07.2018 16.40.01 24.37014 300.7461 98.3111 0.2410 0.2410 0.0000 138.4092 69.2046 381.3583 447.6664 -36.4029 0.0000 0.0000
2150.03 16.07.2018 16.50.01 24.41302 300.5668 96.9833 0.2377 0.2377 0.0000 128.2771 64.1385 379.9193 444.8896 -34.2131 0.0000 0.0000
2160.03 16.07.2018 17.00.01 24.45513 300.3890 96.4148 0.2363 0.2363 0.0000 118.0907 59.0454 378.4647 442.1249 -31.8943 0.0000 0.0000
2170.03 16.07.2018 17.10.01 24.49722 300.1537 94.9066 0.2326 0.2326 0.0000 110.0117 55.0059 377.1321 439.3783 -29.7691 0.0000 0.0000
2180.03 16.07.2018 17.20.01 24.53845 299.9205 94.1574 0.2308 0.2308 0.0000 102.5417 51.2708 375.8396 436.7062 -27.7608 0.0000 0.0000
2190.03 16.07.2018 17.30.01 24.57940 299.6865 92.7601 0.2274 0.2274 0.0000 94.9903 47.4951 374.5360 434.0808 -25.7943 0.0000 0.0000
2200.03 16.07.2018 17.40.01 24.61968 299.4540 91.5223 0.2243 0.2243 0.0000 86.6454 43.3227 373.2511 431.4676 -23.8482 0.0000 0.0000
2210.03 16.07.2018 17.50.01 24.65939 299.2205 90.1712 0.2210 0.2210 0.0000 71.4027 35.7013 371.9374 428.6944 -21.7535 0.0000 0.0000
2220.03 16.07.2018 18.00.01 24.69854 298.9846 88.5231 0.2170 0.2170 0.0000 63.6661 31.8330 370.6211 425.8419 -19.5597 0.0000 0.0000
2230.03 16.07.2018 18.10.01 24.73699 298.6083 87.0452 0.2133 0.2133 0.0000 55.8529 27.9265 369.0862 423.0694 -18.1092 0.0000 0.0000
2240.03 16.07.2018 18.20.01 24.77471 298.2480 85.6497 0.2099 0.2099 0.0000 47.9127 23.9563 367.4954 420.2303 -17.1355 0.0000 0.0000
2250.03 16.07.2018 18.30.01 24.81179 297.9796 83.9567 0.2058 0.2058 0.0000 39.7691 19.8846 365.9605 417.4141 -15.5328 0.0000 0.0000
2260.03 16.07.2018 18.40.01 24.84820 297.6121 82.1737 0.2014 0.2014 0.0000 28.8704 14.4352 364.4006 414.5097 -14.1193 0.0000 0.0000
2270.03 16.07.2018 18.50.01 24.88384 297.0080 80.2184 0.1966 0.1966 0.0000 20.4214 10.2107 362.7623 411.3732 -14.2287 0.0000 0.0000
2280.03 16.07.2018 19.00.01 24.91863 296.6021 78.4371 0.1922 0.1922 0.0000 12.0007 6.0004 361.1201 408.3336 -12.8570 0.0000 0.0000
2290.03 16.07.2018 19.10.01 24.95257 295.8703 76.6403 0.1878 0.1878 0.0000 9.0553 4.5276 359.6027 405.2862 -12.8739 0.0000 0.0000
2300.03 16.07.2018 19.20.01 24.98568 295.1729 74.7857 0.1833 0.1833 0.0000 7.1978 3.5989 358.1983 402.3887 -13.2042 0.0000 0.0000
2310.03 16.07.2018 19.30.01 25.01794 294.4640 72.7648 0.1783 0.1783 0.0000 5.5378 2.7689 356.8327 399.5685 -13.7506 0.0000 0.0000
2320.03 16.07.2018 19.40.01 25.04931 293.7601 70.7227 0.1733 0.1733 0.0000 3.6941 1.8471 355.4979 396.8461 -14.0422 0.0000 0.0000
2330.03 16.07.2018 19.50.01 25.07977 293.0571 68.5401 0.1680 0.1680 0.0000 1.9538 0.9769 354.2006 394.2002 -14.3439 0.0000 0.0000
2340.03 16.07.2018 20.00.01 25.10928 292.3985 66.3461 0.1626 0.1626 0.0000 0.3260 0.1630 352.9028 391.6321 -14.6483 0.0000 0.0000
2350.03 16.07.2018 20.10.01 25.13784 292.2791 63.9989 0.1569 0.1569 0.0000 0.0545 0.0272 353.9356 389.3900 -13.6601 0.0000 0.0000
2360.03 16.07.2018 20.20.01 25.16543 292.0653 61.6152 0.1510 0.1510 0.0000 0.0102 0.0051 355.1124 387.4281 -13.6915 0.0000 0.0000
2370.03 16.07.2018 20.30.01 25.19192 291.8382 59.3439 0.1455 0.1455 0.0000 0.0018 0.0009 356.3206 385.6532 -14.0291 0.0000 0.0000
2380.03 16.07.2018 20.40.01 25.21737 291.6673 57.0712 0.1399 0.1399 0.0000 0.0003 0.0002 357.5853 384.0681 -14.3614 0.0000 0.0000
2390.03 16.07.2018 20.50.01 25.24178 291.5061 54.6727 0.1340 0.1340 0.0000 0.0001 0.0000 358.8631 382.6511 -14.7219 0.0000 0.0000
2400.03 16.07.2018 21.00.01 25.26516 291.3466 52.2618 0.1281 0.1281 0.0000 0.0000 0.0000 360.1315 381.3842 -15.1075 0.0000 0.0000
2410.03 16.07.2018 21.10.01 25.28747 291.6884 49.7424 0.1219 0.1219 0.0000 0.0000 0.0000 360.0631 380.6154 -10.9225 0.0000 0.0000
2420.03 16.07.2018 21.20.01 25.30871 292.0638 47.1758 0.1156 0.1156 0.0000 0.0000 0.0000 360.1065 380.0664 -7.2534 0.0000 0.0000
2430.03 16.07.2018 21.30.01 25.32885 292.4697 44.7003 0.1096 0.1096 0.0000 0.0000 0.0000 360.1885 379.7304 -3.8900 0.0000 0.0000
2440.03 16.07.2018 21.40.01 25.34783 292.8789 42.3212 0.1037 0.1037 0.0000 0.0000 0.0000 360.3330 379.5802 -0.7703 0.0000 0.0000
2450.03 16.07.2018 21.50.01 25.36578 293.3031 39.8469 0.0977 0.0977 0.0000 0.0000 0.0000 360.5208 379.5994 2.1909 0.0000 0.0000
2460.03 16.07.2018 22.00.01 25.38265 293.7287 37.3375 0.0915 0.0915 0.0000 0.0000 0.0000 360.7608 379.7679 5.0020 0.0000 0.0000
2470.03 16.07.2018 22.10.01 25.39846 293.4175 34.8669 0.0855 0.0855 0.0000 0.0000 0.0000 361.1403 379.5464 2.0666 0.0000 0.0000
2480.03 16.07.2018 22.20.01 25.41323 293.0521 32.4427 0.0795 0.0795 0.0000 0.0000 0.0000 361.4627 379.3111 0.4761 0.0000 0.0000
2490.03 16.07.2018 22.30.01 25.42690 292.6661 30.1343 0.0739 0.0739 0.0000 0.0000 0.0000 361.2087 378.8798 -2.1633 0.0000 0.0000
2500.03 16.07.2018 22.40.01 25.43960 292.3328 27.8428 0.0682 0.0682 0.0000 0.0000 0.0000 361.3053 378.4512 -3.0235 0.0000 0.0000
2510.03 16.07.2018 22.50.01 25.45126 292.0678 25.6736 0.0629 0.0629 0.0000 0.0000 0.0000 361.6046 378.0281 -4.0178 0.0000 0.0000
2520.03 16.07.2018 23.00.01 25.46197 291.9054 23.5363 0.0577 0.0577 0.0000 0.0000 0.0000 361.4356 377.4791 -5.9306 0.0000 0.0000
2530.03 16.07.2018 23.10.01 25.47170 291.7729 21.4112 0.0525 0.0525 0.0000 0.0000 0.0000 361.1776 376.9807 -6.0836 0.0000 0.0000
2540.03 16.07.2018 23.20.01 25.48055 291.6256 19.3321 0.0474 0.0474 0.0000 0.0000 0.0000 361.0571 376.4772 -6.4087 0.0000 0.0000
2550.03 16.07.2018 23.30.01 25.48849 291.4845 17.2427 0.0423 0.0423 0.0000 0.0000 0.0000 360.9808 375.9801 -6.7414 0.0000 0.0000
2560.03 16.07.2018 23.40.01 25.49554 291.3468 15.3085 0.0375 0.0375 0.0000 0.0000 0.0000 360.9415 375.4942 -7.0252 0.0000 0.0000
2570.03 16.07.2018 23.50.01 25.50173 291.2166 13.3161 0.0326 0.0326 0.0000 0.0000 0.0000 360.9246 375.0180 -7.3159 0.0000 0.0000
2580.03 17.07.2018 00.00.01 25.50714 291.0947 11.3572 0.0278 0.0278 0.0000 0.0000 0.0000 360.9138 374.5516 -7.5993 0.0000 0.0000
2590.03 17.07.2018 00.10.01 25.51171 291.1362 9.3816 0.0230 0.0230 0.0000 0.0000 0.0000 360.6829 374.1902 -6.7227 0.0000 0.0000
2600.03 17.07.2018 00.20.01 25.51537 291.1918 7.8224 0.0192 0.0192 0.0000 0.0000 0.0000 360.4775 373.8790 -5.8733 0.0000 0.0000
2610.03 17.07.2018 00.30.01 25.51827 291.2565 6.1657 0.0151 0.0151 0.0000 0.0000 0.0000 360.2667 373.6167 -5.0344 0.0000 0.0000
2620.03 17.07.2018 00.40.01 25.52047 291.3274 4.4933 0.0110 0.0110 0.0000 0.0000 0.0000 360.0160 373.4220 -3.9219 0.0000 0.0000
2630.03 17.07.2018 00.50.01 25.52200 291.4023 2.7841 0.0068 0.0068 0.0000 0.0000 0.0000 359.7816 373.2613 -3.0213 0.0000 0.0000
2640.03 17.07.2018 01.00.01 25.52285 291.4794 0.9446 0.0023 0.0023 0.0000 0.0000 0.0000 359.5464 373.1326 -2.2049 0.0000 0.0000
2650.03 17.07.2018 01.10.01 25.52285 291.4311 -0.4779 -0.0012 -0.0012 0.0000 0.0000 0.0000 358.8746 372.9898 -1.6653 0.0000 0.0000
2660.03 17.07.2018 01.20.01 25.52218 291.3903 -1.8467 -0.0045 -0.0045 0.0000 0.0000 0.0000 358.1486 372.7201 -2.5083 0.0000 0.0000
2670.03 17.07.2018 01.30.01 25.52093 291.2896 -3.3930 -0.0083 -0.0083 0.0000 0.0000 0.0000 357.0219 372.3138 -3.5195 0.0000 0.0000
2680.03 17.07.2018 01.40.01 25.51910 291.2709 -4.9784 -0.0122 -0.0122 0.0000 0.0000 0.0000 356.2875 372.0617 -1.9280 0.0000 0.0000
2690.03 17.07.2018 01.50.01 25.51647 291.3951 -6.1170 -0.0150 -0.0150 0.0000 0.0000 0.0000 355.4928 371.8220 -0.7854 0.0000 0.0000
2700.03 17.07.2018 02.00.01 25.51336 291.2159 -7.5462 -0.0185 -0.0185 0.0000 0.0006 0.0003 354.2160 371.4184 -2.3009 0.0000 0.0000
2710.03 17.07.2018 02.10.01 25.50970 291.0052 -8.9300 -0.0219 -0.0219 0.0000 0.3904 0.1952 351.1500 370.8742 -2.3863 0.0000 0.0000
2720.03 17.07.2018 02.20.01 25.50533 290.6283 -9.9645 -0.0244 -0.0244 0.0000 0.8403 0.4201 348.1188 370.0461 -3.6803 0.0000 0.0000
2730.03 17.07.2018 02.30.01 25.50067 290.2423 -11.5553 -0.0283 -0.0283 0.0000 1.2983 0.6491 345.0337 369.0727 -4.7178 0.0000 0.0000
2740.03 17.07.2018 02.40.01 25.49517 289.9346 -12.4262 -0.0305 -0.0305 0.0000 1.7580 0.8790 342.0780 368.0231 -5.0505 0.0000 0.0000
2750.03 17.07.2018 02.50.01 25.48937 289.6407 -13.7119 -0.0336 -0.0336 0.0000 2.2180 1.1090 339.1580 366.8340 -6.0045 0.0000 0.0000
2760.03 17.07.2018 03.00.01 25.48297 289.2538 -14.8251 -0.0363 -0.0363 0.0000 2.6822 1.3411 336.1377 365.4728 -7.5646 0.0000 0.0000
2770.03 17.07.2018 03.10.01 25.47607 289.1935 -15.8572 -0.0389 -0.0389 0.0000 5.6019 2.8010 335.8682 364.3831 -6.3042 0.0000 0.0000
2780.03 17.07.2018 03.20.01 25.46874 289.1503 -17.0256 -0.0417 -0.0417 0.0000 8.9014 4.4507 335.7876 363.5873 -5.4696 0.0000 0.0000
2790.03 17.07.2018 03.30.01 25.46087 289.1150 -18.0451 -0.0442 -0.0442 0.0000 12.2518 6.1259 335.7543 362.9694 -4.8929 0.0000 0.0000
2800.03 17.07.2018 03.40.01 25.45263 289.0903 -19.3228 -0.0474 -0.0474 0.0000 15.6133 7.8066 335.7649 362.5198 -4.2954 0.0000 0.0000
2810.03 17.07.2018 03.50.01 25.44375 289.0687 -20.2092 -0.0495 -0.0495 0.0000 18.9765 9.4882 335.8138 362.2065 -3.9332 0.0000 0.0000
2820.03 17.07.2018 04.00.01 25.43459 289.0498 -21.4799 -0.0526 -0.0526 0.0000 22.3417 11.1708 335.8932 362.0105 -3.7479 0.0000 0.0000
2830.03 17.07.2018 04.10.01 25.42474 289.4301 -22.2715 -0.0546 -0.0546 0.0000 26.7359 13.3680 336.0322 362.1511 -1.3315 0.0000 0.0000
2840.03 17.07.2018 04.20.01 25.41467 289.8138 -23.6292 -0.0579 -0.0579 0.0000 31.2893 15.6446 336.2883 362.5519 0.9748 0.0000 0.0000
2850.03 17.07.2018 04.30.01 25.40386 290.2011 -24.3600 -0.0597 -0.0597 0.0000 35.8640 17.9320 336.6067 363.1753 3.1462 0.0000 0.0000
2860.03 17.07.2018 04.40.01 25.39288 290.5917 -25.6107 -0.0628 -0.0628 0.0000 40.4432 20.2216 336.9775 363.9937 5.1372 0.0000 0.0000
2870.03 17.07.2018 04.50.01 25.38122 290.9813 -26.3645 -0.0646 -0.0646 0.0000 74.3388 37.1694 337.3851 365.5347 6.0293 0.0000 0.0000
2880.03 17.07.2018 05.00.01 25.36932 291.3832 -27.5197 -0.0675 -0.0675 0.0000 85.8958 42.9479 337.9802 367.7352 6.0058 0.0000 0.0000
2890.03 17.07.2018 05.10.01 25.35687 291.7647 -28.2848 -0.0693 -0.0693 0.0000 328.9697 164.4849 339.0949 374.3398 -1.0534 0.0000 0.0000
2900.03 17.07.2018 05.20.01 25.34405 292.2390 -29.0993 -0.0713 -0.0713 0.0000 575.2835 287.6417 341.6609 389.1371 -18.9037 0.0000 0.0000
2910.03 17.07.2018 05.30.01 25.33111 292.7225 -30.3069 -0.0743 -0.0743 0.0000 821.8070 410.9035 345.1794 409.4813 -42.6252 0.0000 0.0000
2920.03 17.07.2018 05.40.01 25.31741 293.1915 -30.4197 -0.0746 -0.0746 0.0000 800.8542 400.4271 349.4029 429.3275 -62.9117 0.0000 0.0000
2930.03 17.07.2018 05.50.01 25.30370 293.6152 -30.8514 -0.0756 -0.0756 0.0000 785.3118 392.6559 351.8792 443.6746 -75.0533 0.0000 0.0000
2940.03 17.07.2018 06.00.01 25.29000 294.0424 -31.2882 -0.0767 -0.0767 0.0000 753.7312 376.8656 353.7276 455.8324 -83.6969 0.0000 0.0000
2950.03 17.07.2018 06.10.01 25.27624 294.3142 -31.4490 -0.0771 -0.0771 0.0000 730.6706 365.3353 355.5297 465.6302 -91.7938 0.0000 0.0000
2960.03 17.07.2018 06.20.01 25.26251 294.5788 -30.8534 -0.0756 -0.0756 0.0000 707.7437 353.8719 357.3051 473.6734 -98.5416 0.0000 0.0000
2970.03 17.07.2018 06.30.01 25.24920 294.8315 -30.2001 -0.0740 -0.0740 0.0000 683.8891 341.9445 358.9012 480.0036 -103.9388 0.0000 0.0000
2980.03 17.07.2018 06.40.01 25.23638 295.0752 -29.1969 -0.0716 -0.0716 0.0000 667.6736 333.8368 360.4923 484.9669 -108.5042 0.0000 0.0000
2990.03 17.07.2018 06.50.01 25.22405 295.3124 -27.5223 -0.0675 -0.0675 0.0000 661.9872 330.9936 362.0497 489.1012 -112.8456 0.0000 0.0000
3000.03 17.07.2018 07.00.01 25.21252 295.5469 -25.5227 -0.0626 -0.0626 0.0000 657.6606 328.8303 363.5537 492.5846 -116.9555 0.0000 0.0000
3010.03 17.07.2018 07.10.01 25.20187 295.7679 -23.2677 -0.0570 -0.0570 0.0000 658.9707 329.4854 364.7325 495.1016 -124.7823 0.0000 0.0000
3020.03 17.07.2018 07.20.01 25.19229 295.9819 -20.8518 -0.0511 -0.0511 0.0000 659.5776 329.7888 365.8880 497.0977 -131.5120 0.0000 0.0000
3030.03 17.07.2018 07.30.01 25.18377 296.1868 -18.1593 -0.0445 -0.0445 0.0000 659.2972 329.6486 366.9773 498.4700 -138.5554 0.0000 0.0000
3040.03 17.07.2018 07.40.01 25.17645 296.3797 -15.3307 -0.0376 -0.0376 0.0000 659.7704 329.8852 368.0590 499.3522 -145.2506 0.0000 0.0000
3050.03 17.07.2018 07.50.01 25.17043 296.5860 -12.3542 -0.0303 -0.0303 0.0000 659.3732 329.6866 369.1132 499.8667 -150.7089 0.0000 0.0000
3060.03 17.07.2018 08.00.01 25.16570 296.7850 -9.2478 -0.0227 -0.0227 0.0000 657.2288 328.6144 370.1168 499.9290 -156.5790 0.0000 0.0000
3070.03 17.07.2018 08.10.01 25.16241 296.9151 -6.1982 -0.0152 -0.0152 0.0000 658.3071 329.1535 371.1004 499.8839 -160.5975 0.0000 0.0000
3080.03 17.07.2018 08.20.01 25.16039 297.0398 -2.9038 -0.0071 -0.0071 0.0000 658.0812 329.0406 371.9563 499.5453 -166.2295 0.0000 0.0000
3090.03 17.07.2018 08.30.01 25.15988 297.1649 0.2901 0.0007 0.0007 0.0000 657.4782 328.7391 372.8497 499.0681 -171.4139 0.0000 0.0000
3100.03 17.07.2018 08.40.01 25.16076 297.2929 3.5253 0.0086 0.0086 0.0000 656.3191 328.1595 373.6846 498.4937 -173.4300 0.0000 0.0000
3110.03 17.07.2018 08.50.01 25.16308 297.4159 6.7089 0.0164 0.0164 0.0000 654.3076 327.1538 374.4738 497.6479 -177.7691 0.0000 0.0000
3120.03 17.07.2018 09.00.01 25.16677 297.5361 9.9157 0.0243 0.0243 0.0000 650.8103 325.4052 375.2928 496.7106 -181.7563 0.0000 0.0000
3130.03 17.07.2018 09.10.01 25.17184 297.5352 13.1391 0.0322 0.0322 0.0000 620.9012 310.4506 376.6250 494.9676 -182.4887 0.0000 0.0000
3140.03 17.07.2018 09.20.01 25.17834 297.5240 16.1373 0.0396 0.0396 0.0000 590.3614 295.1807 377.7989 492.6628 -178.0065 0.0000 0.0000
3150.03 17.07.2018 09.30.01 25.18615 297.5218 19.1734 0.0470 0.0470 0.0000 559.9150 279.9575 378.9363 490.2206 -171.1873 0.0000 0.0000
3160.03 17.07.2018 09.40.01 25.19521 297.5262 22.1566 0.0543 0.0543 0.0000 536.5767 268.2883 379.7978 488.1006 -160.6606 0.0000 0.0000
3170.03 17.07.2018 09.50.01 25.20562 297.5444 24.9204 0.0611 0.0611 0.0000 515.6288 257.8144 380.9531 486.4146 -150.3862 0.0000 0.0000
3180.03 17.07.2018 10.00.01 25.21722 297.5481 27.6655 0.0678 0.0678 0.0000 493.0855 246.5428 382.1977 484.6352 -143.1385 0.0000 0.0000
3190.03 17.07.2018 10.10.01 25.22991 297.6123 30.3541 0.0744 0.0744 0.0000 477.7771 238.8886 382.8237 482.6434 -139.6412 0.0000 0.0000
3200.03 17.07.2018 10.20.01 25.24383 297.6774 32.7747 0.0803 0.0803 0.0000 461.2756 230.6378 383.2913 480.6514 -136.1016 0.0000 0.0000
3210.03 17.07.2018 10.30.01 25.25878 297.7354 35.0622 0.0859 0.0859 0.0000 442.9110 221.4555 383.4463 478.5211 -132.3369 0.0000 0.0000
3220.03 17.07.2018 10.40.01 25.27474 297.7956 37.2942 0.0914 0.0914 0.0000 429.1723 214.5861 383.8991 476.3734 -128.9140 0.0000 0.0000
3230.03 17.07.2018 10.50.01 25.29156 297.8562 39.7048 0.0973 0.0973 0.0000 413.7334 206.8667 384.1727 474.1848 -125.0375 0.0000 0.0000
3240.03 17.07.2018 11.00.01 25.30990 297.9159 40.6558 0.0996 0.0996 0.0000 398.3796 199.1898 384.4338 472.0352 -121.1499 0.0000 0.0000
3250.03 17.07.2018 11.10.01 25.32824 298.0269 43.1875 0.1059 0.1059 0.0000 400.2108 200.1054 384.9858 470.4219 -117.2283 0.0000 0.0000
3260.03 17.07.2018 11.20.01 25.34808 298.1496 44.1411 0.1082 0.1082 0.0000 402.7276 201.3638 385.8423 469.4680 -114.5593 0.0000 0.0000
3270.03 17.07.2018 11.30.01 25.36825 298.2691 45.8141 0.1123 0.1123 0.0000 405.0804 202.5402 386.8238 468.8257 -113.1182 0.0000 0.0000
3280.03 17.07.2018 11.40.01 25.38873 298.3875 48.0406 0.1177 0.1177 0.0000 408.3337 204.1669 388.0221 468.3492 -113.5388 0.0000 0.0000
3290.03 17.07.2018 11.50.01 25.41070 298.5033 48.3140 0.1184 0.1184 0.0000 409.5579 204.7790 389.0456 467.9608 -114.5993 0.0000 0.0000
3300.03 17.07.2018 12.00.01 25.43270 298.6152 49.5886 0.1215 0.1215 0.0000 409.0607 204.5303 389.8815 467.5255 -116.1594 0.0000 0.0000
3310.03 17.07.2018 12.10.01 25.45471 298.5904 51.7200 0.1268 0.1268 0.0000 395.9208 197.9604 391.3481 466.9059 -115.7070 0.0000 0.0000
3320.03 17.07.2018 12.20.01 25.47796 298.5553 52.1724 0.1279 0.1279 0.0000 381.4519 190.7260 392.0287 465.9546 -114.2084 0.0000 0.0000
3330.03 17.07.2018 12.30.01 25.50170 298.5168 52.2338 0.1280 0.1280 0.0000 369.7473 184.8737 392.4338 464.8758 -111.9923 0.0000 0.0000
3340.03 17.07.2018 12.40.01 25.52554 298.4789 52.8875 0.1296 0.1296 0.0000 358.3927 179.1963 392.6776 463.7682 -109.3476 0.0000 0.0000
3350.03 17.07.2018 12.50.01 25.54937 298.4365 54.1016 0.1326 0.1326 0.0000 345.3696 172.6848 392.5206 462.5776 -106.0939 0.0000 0.0000
3360.03 17.07.2018 13.00.01 25.57321 298.3957 56.2027 0.1378 0.1378 0.0000 334.4710 167.2355 392.6073 461.3387 -102.7762 0.0000 0.0000
3370.03 17.07.2018 13.10.01 25.59811 298.3124 56.3647 0.1381 0.1381 0.0000 326.7258 163.3629 391.8328 460.0762 -100.2828 0.0000 0.0000
3380.03 17.07.2018 13.20.01 25.62335 298.2309 56.3909 0.1382 0.1382 0.0000 319.3113 159.6557 390.9382 458.8308 -97.6075 0.0000 0.0000
3390.03 17.07.2018 13.30.01 25.64883 298.1500 56.3696 0.1382 0.1382 0.0000 313.1881 156.5941 390.1702 457.6424 -94.8086 0.0000 0.0000
3400.03 17.07.2018 13.40.01 25.67434 298.0693 56.3882 0.1382 0.1382 0.0000 306.9684 153.4842 389.3966 456.5505 -91.7117 0.0000 0.0000
3410.03 17.07.2018 13.50.01 25.69998 297.9906 56.5204 0.1385 0.1385 0.0000 300.6147 150.3074 388.6145 455.5097 -88.6175 0.0000 0.0000
3420.03 17.07.2018 14.00.01 25.72564 297.9168 57.0743 0.1399 0.1399 0.0000 292.9655 146.4828 387.7020 454.4698 -85.5016 0.0000 0.0000
3430.03 17.07.2018 14.10.01 25.75131 297.7947 57.3688 0.1406 0.1406 0.0000 287.7573 143.8786 385.4620 453.0897 -85.4006 0.0000 0.0000
3440.03 17.07.2018 14.20.01 25.77697 297.6692 57.5755 0.1411 0.1411 0.0000 282.4756 141.2378 383.1412 451.4150 -86.1354 0.0000 0.0000
3450.03 17.07.2018 14.30.01 25.80264 297.5352 58.1031 0.1424 0.1424 0.0000 277.0205 138.5103 380.7628 449.4933 -87.0353 0.0000 0.0000
3460.03 17.07.2018 14.40.01 25.82830 297.3963 58.6561 0.1438 0.1438 0.0000 270.3537 135.1769 378.2158 447.3240 -87.8196 0.0000 0.0000
3470.03 17.07.2018 14.50.01 25.85397 297.2606 58.9513 0.1445 0.1445 0.0000 264.8340 132.4170 375.8755 445.0071 -88.0996 0.0000 0.0000
3480.03 17.07.2018 15.00.01 25.87963 297.1244 58.8649 0.1443 0.1443 0.0000 257.9643 128.9822 373.5263 442.5899 -87.8801 0.0000 0.0000
3490.03 17.07.2018 15.10.01 25.90527 296.9399 58.6948 0.1439 0.1439 0.0000 248.4057 124.2029 371.8827 440.5323 -83.6666 0.0000 0.0000
3500.03 17.07.2018 15.20.01 25.93090 296.7545 58.2181 0.1427 0.1427 0.0000 236.0770 118.0385 370.2640 438.3562 -79.7069 0.0000 0.0000
3510.03 17.07.2018 15.30.01 25.95654 296.5665 57.4517 0.1408 0.1408 0.0000 223.8074 111.9037 368.6384 436.1194 -75.5102 0.0000 0.0000
3520.03 17.07.2018 15.40.01 25.98162 296.3753 57.3940 0.1407 0.1407 0.0000 209.2995 104.6498 366.7075 433.7877 -71.3664 0.0000 0.0000
3530.03 17.07.2018 15.50.01 26.00649 296.1875 57.3422 0.1405 0.1405 0.0000 196.4555 98.2278 364.8314 431.3843 -66.9356 0.0000 0.0000
3540.03 17.07.2018 16.00.01 26.03124 296.0000 57.0669 0.1399 0.1399 0.0000 184.2581 92.1290 363.0584 428.9731 -62.7589 0.0000 0.0000
3550.03 17.07.2018 16.10.01 26.05596 295.7551 56.0825 0.1375 0.1375 0.0000 172.4654 86.2327 360.9714 426.5286 -58.7902 0.0000 0.0000
3560.03 17.07.2018 16.20.01 26.08032 295.5097 55.2484 0.1354 0.1354 0.0000 161.9639 80.9820 358.9757 424.0704 -54.9620 0.0000 0.0000
3570.03 17.07.2018 16.30.01 26.10412 295.2656 54.8415 0.1344 0.1344 0.0000 151.9981 75.9990 357.0309 421.6282 -51.3425 0.0000 0.0000
3580.03 17.07.2018 16.40.01 26.12792 295.0176 53.5785 0.1313 0.1313 0.0000 141.9107 70.9553 355.0700 419.1566 -48.1521 0.0000 0.0000
3590.03 17.07.2018 16.50.01 26.15103 294.7666 52.9822 0.1299 0.1299 0.0000 134.8700 67.4350 353.0692 416.6888 -45.2792 0.0000 0.0000
3600.03 17.07.2018 17.00.01 26.17391 294.5166 51.8470 0.1271 0.1271 0.0000 127.7600 63.8800 351.0724 414.2839 -42.6518 0.0000 0.0000
3610.03 17.07.2018 17.10.01 26.19628 294.2512 50.9061 0.1248 0.1248 0.0000 118.8274 59.4137 349.3816 411.8926 -39.8488 0.0000 0.0000
3620.03 17.07.2018 17.20.01 26.21826 293.9855 49.7439 0.1219 0.1219 0.0000 109.9319 54.9660 347.6800 409.4687 -37.2369 0.0000 0.0000
3630.03 17.07.2018 17.30.01 26.23965 293.7154 48.6758 0.1193 0.1193 0.0000 100.8173 50.4087 345.9398 407.0111 -34.8027 0.0000 0.0000
3640.03 17.07.2018 17.40.01 26.26071 293.4464 47.0102 0.1152 0.1152 0.0000 80.8018 40.4009 344.2228 404.2867 -32.0808 0.0000 0.0000
3650.03 17.07.2018 17.50.01 26.28088 293.1735 46.0949 0.1130 0.1130 0.0000 71.3720 35.6860 342.4678 401.3701 -29.3586 0.0000 0.0000
3660.03 17.07.2018 18.00.01 26.30068 292.8986 44.6522 0.1094 0.1094 0.0000 61.9730 30.9865 340.7100 398.5760 -27.0015 0.0000 0.0000
3670.03 17.07.2018 18.10.01 26.31991 292.5588 42.9845 0.1054 0.1054 0.0000 54.3994 27.1997 339.4175 395.8897 -24.2044 0.0000 0.0000
3680.03 17.07.2018 18.20.01 26.33831 292.2250 41.7405 0.1023 0.1023 0.0000 46.5216 23.2608 338.1908 393.2734 -21.9385 0.0000 0.0000
3690.03 17.07.2018 18.30.01 26.35616 291.8961 40.1670 0.0984 0.0984 0.0000 39.3655 19.6828 337.0264 390.6789 -20.1193 0.0000 0.0000
3700.03 17.07.2018 18.40.01 26.37338 291.5759 38.3583 0.0940 0.0940 0.0000 28.2247 14.1124 335.8990 388.0610 -18.1586 0.0000 0.0000
3710.03 17.07.2018 18.50.01 26.38986 291.2556 36.5748 0.0896 0.0896 0.0000 20.2524 10.1262 334.7307 385.3978 -16.3012 0.0000 0.0000
3720.03 17.07.2018 19.00.01 26.40542 290.9373 34.9889 0.0858 0.0858 0.0000 12.3190 6.1595 333.5505 382.7771 -14.6966 0.0000 0.0000
3730.03 17.07.2018 19.10.01 26.42028 290.5564 33.3193 0.0817 0.0817 0.0000 9.3498 4.6749 332.2187 380.2157 -13.6576 0.0000 0.0000
3740.03 17.07.2018 19.20.01 26.43438 290.1794 31.4467 0.0771 0.0771 0.0000 7.5198 3.7599 330.9980 377.8150 -12.9255 0.0000 0.0000
3750.03 17.07.2018 19.30.01 26.44766 289.7992 29.4749 0.0722 0.0722 0.0000 5.8926 2.9463 329.8194 375.5315 -12.3762 0.0000 0.0000
3760.03 17.07.2018 19.40.01 26.46008 289.4188 27.5251 0.0675 0.0675 0.0000 3.8233 1.9117 328.6636 373.3322 -11.9115 0.0000 0.0000
3770.03 17.07.2018 19.50.01 26.47164 289.0365 25.4534 0.0624 0.0624 0.0000 1.9715 0.9857 327.5097 371.1951 -11.5778 0.0000 0.0000
3780.03 17.07.2018 20.00.01 26.48229 288.6545 23.4835 0.0576 0.0576 0.0000 0.3600 0.1800 326.3620 369.1263 -11.3075 0.0000 0.0000
3790.03 17.07.2018 20.10.01 26.49203 288.2456 21.3696 0.0524 0.0524 0.0000 0.0653 0.0326 325.3404 367.1296 -11.3525 0.0000 0.0000
3800.03 17.07.2018 20.20.01 26.50085 287.8360 19.2512 0.0472 0.0472 0.0000 0.0117 0.0058 324.3794 365.2294 -11.5062 0.0000 0.0000
3810.03 17.07.2018 20.30.01 26.50872 287.4383 17.0502 0.0418 0.0418 0.0000 0.0021 0.0011 323.4614 363.4121 -11.6796 0.0000 0.0000
3820.03 17.07.2018 20.40.01 26.51565 287.0520 14.8919 0.0365 0.0365 0.0000 0.0004 0.0002 322.5785 361.6712 -11.8530 0.0000 0.0000
3830.03 17.07.2018 20.50.01 26.52160 286.6802 12.6407 0.0310 0.0310 0.0000 0.0001 0.0000 321.7147 359.9971 -12.0622 0.0000 0.0000
3840.03 17.07.2018 21.00.01 26.52657 286.3316 10.4426 0.0256 0.0256 0.0000 0.0000 0.0000 320.8878 358.3934 -12.1311 0.0000 0.0000
3850.03 17.07.2018 21.10.01 26.53054 286.2599 8.1625 0.0200 0.0200 0.0000 0.0000 0.0000 320.4598 356.9586 -11.2797 0.0000 0.0000
3860.03 17.07.2018 21.20.01 26.53353 286.5523 5.8071 0.0142 0.0142 0.0000 0.0000 0.0000 320.1183 355.7479 -9.2340 0.0000 0.0000
3870.03 17.07.2018 21.30.01 26.53555 287.1358 3.4213 0.0084 0.0084 0.0000 0.0000 0.0000 319.9075 354.8684 -5.6536 0.0000 0.0000
3880.03 17.07.2018 21.40.01 26.53652 285.4466 1.0518 0.0026 0.0026 0.0000 0.0000 0.0000 319.6184 353.1715 -12.7596 0.0000 0.0000
3890.03 17.07.2018 21.50.01 26.53646 285.2559 -1.2101 -0.0030 -0.0030 0.0000 0.0000 0.0000 319.3191 351.9349 -12.6927 0.0000 0.0000
3900.03 17.07.2018 22.00.01 26.53536 285.0741 -3.4411 -0.0084 -0.0084 0.0000 0.0000 0.0000 319.0332 350.7625 -12.6907 0.0000 0.0000
3910.03 17.07.2018 22.10.01 26.53329 284.9607 -5.6849 -0.0139 -0.0139 0.0000 0.0000 0.0000 318.6728 349.6941 -12.1660 0.0000 0.0000
3920.03 17.07.2018 22.20.01 26.53021 284.8527 -7.9592 -0.0195 -0.0195 0.0000 0.0000 0.0000 318.3098 348.6983 -11.6896 0.0000 0.0000
3930.03 17.07.2018 22.30.01 26.52615 284.7457 -10.2074 -0.0250 -0.0250 0.0000 0.0000 0.0000 317.9516 347.7659 -11.2674 0.0000 0.0000
3940.03 17.07.2018 22.40.01 26.52108 284.6491 -12.4856 -0.0306 -0.0306 0.0000 0.0000 0.0000 317.6039 346.8925 -10.8662 0.0000 0.0000
3950.03 17.07.2018 22.50.01 26.51501 284.5543 -14.6870 -0.0360 -0.0360 0.0000 0.0000 0.0000 317.2636 346.0714 -10.5047 0.0000 0.0000
3960.03 17.07.2018 23.00.01 26.50799 284.4605 -16.8785 -0.0414 -0.0414 0.0000 0.0000 0.0000 316.9247 345.2961 -10.1804 0.0000 0.0000
3970.03 17.07.2018 23.10.01 26.49999 284.3649 -19.0757 -0.0468 -0.0468 0.0000 0.0000 0.0000 316.5473 344.5718 -9.7604 0.0000 0.0000
3980.03 17.07.2018 23.20.01 26.49105 284.0739 -21.2519 -0.0521 -0.0521 0.0000 0.0000 0.0000 316.0628 343.7968 -10.2725 0.0000 0.0000
3990.03 17.07.2018 23.30.01 26.48116 283.9227 -23.4366 -0.0574 -0.0574 0.0000 0.0000 0.0000 315.5897 343.0698 -10.1928 0.0000 0.0000
4000.03 17.07.2018 23.40.01 26.47036 283.7704 -25.5872 -0.0627 -0.0627 0.0000 0.0000 0.0000 315.1551 342.3761 -9.9806 0.0000 0.0000
4010.03 17.07.2018 23.50.01 26.45861 283.6230 -27.6864 -0.0679 -0.0679 0.0000 0.0000 0.0000 314.7214 341.7079 -9.7951 0.0000 0.0000
4020.03 18.07.2018 00.00.01 26.44595 283.4723 -29.6898 -0.0728 -0.0728 0.0000 0.0000 0.0000 314.2828 341.0474 -9.7980 0.0000 0.0000
4030.03 18.07.2018 00.10.01 26.43240 283.4573 -31.6986 -0.0777 -0.0777 0.0000 0.0000 0.0000 313.9894 340.4818 -8.9233 0.0000 0.0000
4040.03 18.07.2018 00.20.01 26.41799 283.4423 -33.6418 -0.0825 -0.0825 0.0000 0.0000 0.0000 313.6457 339.9447 -8.4124 0.0000 0.0000
4050.03 18.07.2018 00.30.01 26.40270 283.4275 -35.5477 -0.0871 -0.0871 0.0000 0.0000 0.0000 313.3385 339.4260 -8.1185 0.0000 0.0000
4060.03 18.07.2018 00.40.01 26.38659 283.4130 -37.3689 -0.0916 -0.0916 0.0000 0.0000 0.0000 313.0448 338.9502 -7.6400 0.0000 0.0000
4070.03 18.07.2018 00.50.01 26.36968 283.3933 -39.2472 -0.0962 -0.0962 0.0000 0.0000 0.0000 312.7253 338.4876 -7.3495 0.0000 0.0000
4080.03 18.07.2018 01.00.01 26.35195 283.3714 -41.1126 -0.1008 -0.1008 0.0000 0.0000 0.0000 312.4255 338.0386 -7.1188 0.0000 0.0000
4090.03 18.07.2018 01.10.01 26.33349 283.2538 -43.0055 -0.1054 -0.1054 0.0000 0.0000 0.0000 312.0768 337.5636 -7.3831 0.0000 0.0000
4100.03 18.07.2018 01.20.01 26.31426 283.1338 -44.9196 -0.1101 -0.1101 0.0000 0.0000 0.0000 311.7149 337.0751 -7.6608 0.0000 0.0000
4110.03 18.07.2018 01.30.01 26.29412 283.0144 -46.3788 -0.1137 -0.1137 0.0000 0.0000 0.0000 311.3097 336.5762 -7.9211 0.0000 0.0000
4120.03 18.07.2018 01.40.01 26.27328 282.8995 -47.8564 -0.1173 -0.1173 0.0000 0.0000 0.0000 310.9267 336.0857 -7.9701 0.0000 0.0000
4130.03 18.07.2018 01.50.01 26.25179 282.7895 -49.5449 -0.1214 -0.1214 0.0000 0.0000 0.0000 310.5631 335.5987 -8.0270 0.0000 0.0000
4140.03 18.07.2018 02.00.01 26.22967 282.6838 -51.2719 -0.1257 -0.1257 0.0000 0.0004 0.0002 310.1701 335.1124 -8.0914 0.0000 0.0000
4150.03 18.07.2018 02.10.01 26.20678 282.7646 -52.8329 -0.1295 -0.1295 0.0000 0.2689 0.1345 309.9602 334.7275 -7.1057 0.0000 0.0000
4160.03 18.07.2018 02.20.01 26.18313 282.8496 -54.0295 -0.1324 -0.1324 0.0000 0.5789 0.2894 309.7851 334.4123 -6.2021 0.0000 0.0000
4170.03 18.07.2018 02.30.01 26.15899 282.9343 -55.6220 -0.1363 -0.1363 0.0000 0.8944 0.4472 309.6324 334.1506 -5.3746 0.0000 0.0000
4180.03 18.07.2018 02.40.01 26.13427 283.0206 -57.3422 -0.1405 -0.1405 0.0000 1.2111 0.6055 309.5029 333.9412 -4.5596 0.0000 0.0000
4190.03 18.07.2018 02.50.01 26.10867 283.1070 -58.2995 -0.1429 -0.1429 0.0000 1.5280 0.7640 309.3895 333.7740 -3.8213 0.0000 0.0000
4200.03 18.07.2018 03.00.01 26.08267 283.1954 -59.7323 -0.1464 -0.1464 0.0000 1.8488 0.9244 309.2850 333.6455 -3.1226 0.0000 0.0000
4210.03 18.07.2018 03.10.01 26.05612 283.5469 -61.2543 -0.1501 -0.1501 0.0000 4.5041 2.2521 309.5665 333.7414 -0.9508 0.0000 0.0000
4220.03 18.07.2018 03.20.01 26.02880 283.8970 -62.2191 -0.1525 -0.1525 0.0000 7.5205 3.7603 309.9932 334.0401 0.9210 0.0000 0.0000
4230.03 18.07.2018 03.30.01 26.00118 284.2478 -63.6934 -0.1561 -0.1561 0.0000 10.5853 5.2927 310.4809 334.4964 2.5864 0.0000 0.0000
4240.03 18.07.2018 03.40.01 25.97283 284.5997 -64.6652 -0.1585 -0.1585 0.0000 13.6606 6.8303 311.0161 335.0892 4.0788 0.0000 0.0000
4250.03 18.07.2018 03.50.01 25.94406 284.9526 -65.8559 -0.1614 -0.1614 0.0000 16.7375 8.3688 311.6026 335.8034 5.4218 0.0000 0.0000
4260.03 18.07.2018 04.00.01 25.91476 285.3062 -66.8992 -0.1640 -0.1640 0.0000 19.8152 9.9076 312.2256 336.6263 6.6319 0.0000 0.0000
4270.03 18.07.2018 04.10.01 25.88506 285.6474 -67.9634 -0.1666 -0.1666 0.0000 23.1350 11.5675 313.3445 337.5442 7.4235 0.0000 0.0000
4280.03 18.07.2018 04.20.01 25.85485 285.9893 -68.9924 -0.1691 -0.1691 0.0000 26.4922 13.2461 314.5200 338.5709 8.0325 0.0000 0.0000
4290.03 18.07.2018 04.30.01 25.82430 286.3314 -69.9525 -0.1715 -0.1715 0.0000 29.8545 14.9273 315.7273 339.6841 8.4957 0.0000 0.0000
4300.03 18.07.2018 04.40.01 25.79318 286.6740 -70.5247 -0.1729 -0.1729 0.0000 33.2179 16.6089 316.9582 340.8716 8.8236 0.0000 0.0000
4310.03 18.07.2018 04.50.01 25.76205 287.0171 -71.8159 -0.1760 -0.1760 0.0000 90.4219 45.2110 318.2069 343.1058 7.6679 0.0000 0.0000
4320.03 18.07.2018 05.00.01 25.73019 287.3901 -72.0598 -0.1766 -0.1766 0.0000 104.6822 52.3411 319.7433 346.3292 5.4478 0.0000 0.0000
4330.03 18.07.2018 05.10.01 25.69818 287.8571 -72.6407 -0.1780 -0.1780 0.0000 420.8469 210.4235 321.3537 354.9589 -3.5720 0.0000 0.0000
4340.03 18.07.2018 05.20.01 25.66613 288.4960 -73.7851 -0.1808 -0.1808 0.0000 741.2532 370.6266 324.7598 374.1647 -26.7205 0.0000 0.0000
4350.03 18.07.2018 05.30.01 25.63357 289.1453 -74.1039 -0.1816 -0.1816 0.0000 1061.7074 530.8537 329.3935 400.6635 -59.3739 0.0000 0.0000
4360.03 18.07.2018 05.40.01 25.60079 289.7566 -74.0700 -0.1815 -0.1815 0.0000 995.1226 497.5613 335.0092 426.1762 -83.5885 0.0000 0.0000
4370.03 18.07.2018 05.50.01 25.56811 290.3113 -74.0649 -0.1815 -0.1815 0.0000 934.6284 467.3142 338.3263 443.0491 -95.8743 0.0000 0.0000
4380.03 18.07.2018 06.00.01 25.53564 290.8423 -74.0615 -0.1815 -0.1815 0.0000 853.4444 426.7222 340.6381 456.0590 -103.2857 0.0000 0.0000
4390.03 18.07.2018 06.10.01 25.50353 291.2285 -73.8071 -0.1809 -0.1809 0.0000 812.2858 406.1429 342.2790 465.5866 -111.1048 0.0000 0.0000
4400.03 18.07.2018 06.20.01 25.47149 291.6276 -72.1446 -0.1768 -0.1768 0.0000 771.7975 385.8988 343.8811 473.2842 -116.5838 0.0000 0.0000
4410.03 18.07.2018 06.30.01 25.44030 292.0243 -70.5739 -0.1730 -0.1730 0.0000 732.1423 366.0712 345.5366 478.9367 -119.5410 0.0000 0.0000
4420.03 18.07.2018 06.40.01 25.40988 292.3839 -68.2137 -0.1672 -0.1672 0.0000 706.9914 353.4957 347.1104 483.1403 -121.3546 0.0000 0.0000
4430.03 18.07.2018 06.50.01 25.38049 292.7310 -65.6310 -0.1609 -0.1609 0.0000 694.2772 347.1386 348.7170 486.4721 -123.8271 0.0000 0.0000
4440.03 18.07.2018 07.00.01 25.35238 293.0779 -62.8527 -0.1541 -0.1541 0.0000 681.9859 340.9930 350.2691 489.0314 -126.5703 0.0000 0.0000
4450.03 18.07.2018 07.10.01 25.32549 293.3292 -59.4885 -0.1458 -0.1458 0.0000 663.6909 331.8454 351.7937 490.5598 -129.7377 0.0000 0.0000
4460.03 18.07.2018 07.20.01 25.30020 293.5708 -56.2130 -0.1378 -0.1378 0.0000 644.1052 322.0526 353.2422 491.0153 -132.7588 0.0000 0.0000
4470.03 18.07.2018 07.30.01 25.27636 293.8017 -52.5848 -0.1289 -0.1289 0.0000 623.2030 311.6015 354.6027 490.5906 -135.3830 0.0000 0.0000
4480.03 18.07.2018 07.40.01 25.25414 294.0129 -48.6637 -0.1193 -0.1193 0.0000 611.1743 305.5871 355.8370 489.6861 -137.4443 0.0000 0.0000
4490.03 18.07.2018 07.50.01 25.23364 294.2429 -44.6767 -0.1095 -0.1095 0.0000 598.6206 299.3103 357.1740 488.5714 -139.2370 0.0000 0.0000
4500.03 18.07.2018 08.00.01 25.21490 294.4734 -40.6507 -0.0996 -0.0996 0.0000 584.3395 292.1698 358.4890 487.1449 -140.4899 0.0000 0.0000
4510.03 18.07.2018 08.10.01 25.19796 294.5735 -36.6434 -0.0898 -0.0898 0.0000 547.7470 273.8735 359.8365 484.9335 -140.1985 0.0000 0.0000
4520.03 18.07.2018 08.20.01 25.18279 294.6675 -32.6025 -0.0799 -0.0799 0.0000 509.1912 254.5956 360.9020 481.6704 -137.9340 0.0000 0.0000
4530.03 18.07.2018 08.30.01 25.16940 294.7607 -28.5658 -0.0700 -0.0700 0.0000 470.1929 235.0964 361.8591 477.7948 -134.2957 0.0000 0.0000
4540.03 18.07.2018 08.40.01 25.15777 294.8499 -24.5804 -0.0602 -0.0602 0.0000 441.4979 220.7490 362.7127 473.7131 -129.8570 0.0000 0.0000
4550.03 18.07.2018 08.50.01 25.14791 294.9438 -20.7632 -0.0509 -0.0509 0.0000 413.2519 206.6259 363.6002 469.6695 -125.1542 0.0000 0.0000
4560.03 18.07.2018 09.00.01 25.13970 295.0345 -16.9576 -0.0416 -0.0416 0.0000 384.9289 192.4645 364.4602 465.5596 -120.0720 0.0000 0.0000
4570.03 18.07.2018 09.10.01 25.13311 295.1134 -13.2399 -0.0325 -0.0325 0.0000 378.9175 189.4588 365.5409 462.2642 -112.3632 0.0000 0.0000
4580.03 18.07.2018 09.20.01 25.12811 295.2253 -9.6754 -0.0237 -0.0237 0.0000 373.7795 186.8898 366.7310 459.9812 -105.4891 0.0000 0.0000
4590.03 18.07.2018 09.30.01 25.12466 295.3488 -6.4427 -0.0158 -0.0158 0.0000 369.2813 184.6407 367.9730 458.2638 -99.5462 0.0000 0.0000
4600.03 18.07.2018 09.40.01 25.12252 295.4758 -3.0431 -0.0075 -0.0075 0.0000 366.1679 183.0839 369.4379 457.0426 -94.4426 0.0000 0.0000
4610.03 18.07.2018 09.50.01 25.12191 295.6064 -0.1874 -0.0005 -0.0005 0.0000 363.6415 181.8207 370.9714 456.2517 -90.1747 0.0000 0.0000
4620.03 18.07.2018 10.00.01 25.12249 295.7404 2.7326 0.0067 0.0067 0.0000 360.3855 180.1928 372.4120 455.7767 -86.5786 0.0000 0.0000
4630.03 18.07.2018 10.10.01 25.12426 295.9119 5.4430 0.0133 0.0133 0.0000 369.4910 184.7455 374.5030 455.6854 -85.3498 0.0000 0.0000
4640.03 18.07.2018 10.20.01 25.12728 296.0980 7.8010 0.0191 0.0191 0.0000 379.1868 189.5934 376.7372 456.2401 -85.0434 0.0000 0.0000
4650.03 18.07.2018 10.30.01 25.13131 296.2806 10.1376 0.0248 0.0248 0.0000 387.8556 193.9278 378.8798 457.1535 -85.4890 0.0000 0.0000
4660.03 18.07.2018 10.40.01 25.13635 296.4635 12.4074 0.0304 0.0304 0.0000 397.4308 198.7154 381.2410 458.5239 -84.9259 0.0000 0.0000
4670.03 18.07.2018 10.50.01 25.14224 296.5655 14.7450 0.0361 0.0361 0.0000 405.7841 202.8921 383.8441 460.5466 -83.0970 0.0000 0.0000
4680.03 18.07.2018 11.00.01 25.14956 296.7575 15.9642 0.0391 0.0391 0.0000 413.2920 206.6460 386.2664 462.6725 -83.2734 0.0000 0.0000
4690.03 18.07.2018 11.10.01 25.15688 296.7770 18.7817 0.0460 0.0460 0.0000 393.8151 196.9075 387.0137 464.5779 -79.5766 0.0000 0.0000
4700.03 18.07.2018 11.20.01 25.16601 296.7990 19.3658 0.0475 0.0475 0.0000 369.6254 184.8127 387.0089 465.3788 -76.4505 0.0000 0.0000
4710.03 18.07.2018 11.30.01 25.17520 296.8600 21.8706 0.0536 0.0536 0.0000 345.8477 172.9238 386.6652 465.3652 -73.9457 0.0000 0.0000
4720.03 18.07.2018 11.40.01 25.18554 296.9228 23.3485 0.0572 0.0572 0.0000 324.3138 162.1569 386.1310 464.7790 -71.2489 0.0000 0.0000
4730.03 18.07.2018 11.50.01 25.19656 296.9642 24.6180 0.0603 0.0603 0.0000 303.1499 151.5749 385.2379 463.6737 -68.8124 0.0000 0.0000
4740.03 18.07.2018 12.00.01 25.20782 296.8958 27.1389 0.0665 0.0665 0.0000 282.8055 141.4027 384.3077 462.0490 -66.7231 0.0000 0.0000
4750.03 18.07.2018 12.10.01 25.22054 297.0465 27.6615 0.0678 0.0678 0.0000 279.4633 139.7316 383.1620 460.1108 -67.7697 0.0000 0.0000
4760.03 18.07.2018 12.20.01 25.23339 297.0570 29.3230 0.0719 0.0719 0.0000 280.3735 140.1867 382.5529 458.3327 -70.1181 0.0000 0.0000
4770.03 18.07.2018 12.30.01 25.24679 297.0209 31.3226 0.0768 0.0768 0.0000 282.1130 141.0565 382.0327 456.6687 -72.2502 0.0000 0.0000
4780.03 18.07.2018 12.40.01 25.26141 297.1115 31.8264 0.0780 0.0780 0.0000 283.7999 141.9000 381.6800 455.9798 -66.4087 0.0000 0.0000
4790.03 18.07.2018 12.50.01 25.27609 297.1918 33.2236 0.0814 0.0814 0.0000 284.3391 142.1696 381.2887 455.5849 -62.2781 0.0000 0.0000
4800.03 18.07.2018 13.00.01 25.29098 297.2665 35.4948 0.0870 0.0870 0.0000 285.4146 142.7073 381.0196 455.3638 -59.5306 0.0000 0.0000
4810.03 18.07.2018 13.10.01 25.30728 297.4169 35.5144 0.0870 0.0870 0.0000 277.2691 138.6346 383.1363 455.1267 -58.1049 0.0000 0.0000
4820.03 18.07.2018 13.20.01 25.32379 297.5156 36.3041 0.0890 0.0890 0.0000 264.9810 132.4905 384.6501 454.2949 -59.8155 0.0000 0.0000
4830.03 18.07.2018 13.30.01 25.34030 297.6941 37.7785 0.0926 0.0926 0.0000 253.7857 126.8928 385.9070 453.0224 -61.9653 0.0000 0.0000
4840.03 18.07.2018 13.40.01 25.35711 297.7881 39.6704 0.0972 0.0972 0.0000 242.3893 121.1947 386.9773 452.4300 -55.4417 0.0000 0.0000
4850.03 18.07.2018 13.50.01 25.37499 298.2958 39.6973 0.0973 0.0973 0.0000 231.1370 115.5685 387.8530 451.7236 -50.9682 0.0000 0.0000
4860.03 18.07.2018 14.00.01 25.39330 298.5418 39.7981 0.0975 0.0975 0.0000 219.5759 109.7879 388.2434 450.5990 -51.1197 0.0000 0.0000
4870.03 18.07.2018 14.10.01 25.41165 298.3041 40.1938 0.0985 0.0985 0.0000 201.0160 100.5080 386.7288 449.4582 -45.9962 0.0000 0.0000
4880.03 18.07.2018 14.20.01 25.42999 298.1066 41.1071 0.1008 0.1008 0.0000 181.2611 90.6305 385.0641 447.7179 -42.3886 0.0000 0.0000
4890.03 18.07.2018 14.30.01 25.44833 297.8610 42.5374 0.1043 0.1043 0.0000 161.7018 80.8509 383.2938 445.4854 -39.9543 0.0000 0.0000
4900.03 18.07.2018 14.40.01 25.46688 297.6152 43.7936 0.1073 0.1073 0.0000 141.6880 70.8440 381.3580 442.8771 -37.2489 0.0000 0.0000
4910.03 18.07.2018 14.50.01 25.48635 297.2827 43.8418 0.1075 0.1075 0.0000 122.1953 61.0976 379.2522 439.7212 -36.3077 0.0000 0.0000
4920.03 18.07.2018 15.00.01 25.50585 297.1525 43.8221 0.1074 0.1074 0.0000 103.0213 51.5106 376.9265 436.2143 -34.9354 0.0000 0.0000
4930.03 18.07.2018 15.10.01 25.52508 297.0150 44.6087 0.1093 0.1093 0.0000 96.7488 48.3744 373.8258 433.1738 -30.5265 0.0000 0.0000
4940.03 18.07.2018 15.20.01 25.54458 296.7261 44.8912 0.1100 0.1100 0.0000 92.9345 46.4672 370.9673 430.0038 -29.9613 0.0000 0.0000
4950.03 18.07.2018 15.30.01 25.56426 296.5368 44.8923 0.1100 0.1100 0.0000 89.4266 44.7133 368.0990 426.8256 -30.1192 0.0000 0.0000
4960.03 18.07.2018 15.40.01 25.58395 296.3610 44.8303 0.1099 0.1099 0.0000 85.9879 42.9940 365.2001 423.7128 -29.5810 0.0000 0.0000
4970.03 18.07.2018 15.50.01 25.60351 296.1760 44.8750 0.1100 0.1100 0.0000 82.5602 41.2801 362.2685 420.5630 -29.7240 0.0000 0.0000
4980.03 18.07.2018 16.00.01 25.62301 296.0030 44.8339 0.1099 0.1099 0.0000 79.1487 39.5743 359.3256 417.4003 -29.8409 0.0000 0.0000
4990.03 18.07.2018 16.10.01 25.64236 296.1262 44.8339 0.1099 0.1099 0.0000 83.8223 41.9112 359.0240 415.2003 -23.4846 0.0000 0.0000
5000.03 18.07.2018 16.20.01 25.66161 296.2938 44.5378 0.1092 0.1092 0.0000 89.6152 44.8076 359.3351 413.7122 -19.2970 0.0000 0.0000
5010.03 18.07.2018 16.30.01 25.68084 296.4919 43.5949 0.1069 0.1069 0.0000 95.0580 47.5290 359.8918 412.7126 -16.2516 0.0000 0.0000
5020.03 18.07.2018 16.40.01 25.69976 296.7166 42.7406 0.1048 0.1048 0.0000 101.3012 50.6506 360.5936 412.1574 -13.6786 0.0000 0.0000
5030.03 18.07.2018 16.50.01 25.71807 296.9506 42.5247 0.1042 0.1042 0.0000 108.7193 54.3597 361.4277 412.0125 -11.7841 0.0000 0.0000
5040.03 18.07.2018 17.00.01 25.73638 297.2003 41.4230 0.1015 0.1015 0.0000 116.1008 58.0504 362.3499 412.2258 -10.5061 0.0000 0.0000
5050.03 18.07.2018 17.10.01 25.75421 296.8772 40.5739 0.0994 0.0994 0.0000 110.8641 55.4321 362.1182 411.9955 -13.6387 0.0000 0.0000
5060.03 18.07.2018 17.20.01 25.77160 296.5253 39.6291 0.0971 0.0971 0.0000 103.2197 51.6099 361.1157 411.1239 -16.6383 0.0000 0.0000
5070.03 18.07.2018 17.30.01 25.78869 296.1698 38.5327 0.0944 0.0944 0.0000 95.1004 47.5502 359.7829 409.8243 -19.0570 0.0000 0.0000
5080.03 18.07.2018 17.40.01 25.80517 295.8246 37.7182 0.0924 0.0924 0.0000 80.0843 40.0421 358.3078 408.0431 -20.7279 0.0000 0.0000
5090.03 18.07.2018 17.50.01 25.82147 295.4753 36.4693 0.0894 0.0894 0.0000 71.5900 35.7950 356.7199 405.8911 -21.7717 0.0000 0.0000
5100.03 18.07.2018 18.00.01 25.83706 295.1251 35.6608 0.0874 0.0874 0.0000 63.1418 31.5709 355.0854 403.6253 -22.3925 0.0000 0.0000
5110.03 18.07.2018 18.10.01 25.85241 294.7759 34.3547 0.0842 0.0842 0.0000 54.8117 27.4059 352.9635 401.3305 -21.1890 0.0000 0.0000
5120.03 18.07.2018 18.20.01 25.86706 294.4342 33.6542 0.0825 0.0825 0.0000 46.2886 23.1443 350.8873 398.8897 -20.2634 0.0000 0.0000
5130.03 18.07.2018 18.30.01 25.88143 294.0962 32.1846 0.0789 0.0789 0.0000 38.1425 19.0712 348.8325 396.3487 -19.2819 0.0000 0.0000
5140.03 18.07.2018 18.40.01 25.89517 293.7622 31.1406 0.0763 0.0763 0.0000 28.0061 14.0031 346.7903 393.7105 -17.9649 0.0000 0.0000
5150.03 18.07.2018 18.50.01 25.90844 293.4263 29.9456 0.0734 0.0734 0.0000 19.3862 9.6931 344.7266 390.9856 -16.4835 0.0000 0.0000
5160.03 18.07.2018 19.00.01 25.92126 293.0824 28.5583 0.0700 0.0700 0.0000 10.7882 5.3941 342.6420 388.2219 -14.9787 0.0000 0.0000
5170.03 18.07.2018 19.10.01 25.93334 292.8430 27.4301 0.0672 0.0672 0.0000 8.0525 4.0262 342.5749 385.7326 -12.4351 0.0000 0.0000
5180.03 18.07.2018 19.20.01 25.94497 292.6237 25.9838 0.0637 0.0637 0.0000 6.3294 3.1647 342.7861 383.6010 -10.5378 0.0000 0.0000
5190.03 18.07.2018 19.30.01 25.95596 292.4214 24.5751 0.0602 0.0602 0.0000 4.7867 2.3933 343.0998 381.7063 -8.9814 0.0000 0.0000
5200.03 18.07.2018 19.40.01 25.96627 292.3367 23.2981 0.0571 0.0571 0.0000 3.2766 1.6383 343.5099 380.0861 -6.8114 0.0000 0.0000
5210.03 18.07.2018 19.50.01 25.97604 292.1421 21.6612 0.0531 0.0531 0.0000 1.7723 0.8862 343.9422 378.5904 -5.8666 0.0000 0.0000
5220.03 18.07.2018 20.00.01 25.98519 291.5763 19.8538 0.0487 0.0487 0.0000 0.2713 0.1356 344.3554 376.9706 -8.1866 0.0000 0.0000
5230.03 18.07.2018 20.10.01 25.99343 291.6520 18.5779 0.0455 0.0455 0.0000 0.0414 0.0207 346.1420 375.8685 -5.3177 0.0000 0.0000
5240.03 18.07.2018 20.20.01 26.00106 291.5215 16.9513 0.0415 0.0415 0.0000 0.0082 0.0041 348.0442 374.9331 -4.7672 0.0000 0.0000
5250.03 18.07.2018 20.30.01 26.00805 291.4050 15.2025 0.0373 0.0373 0.0000 0.0014 0.0007 350.0013 374.1870 -4.4301 0.0000 0.0000
5260.03 18.07.2018 20.40.01 26.01431 291.3012 13.3660 0.0328 0.0328 0.0000 0.0003 0.0001 351.9987 373.6072 -4.2410 0.0000 0.0000
5270.03 18.07.2018 20.50.01 26.01980 291.2075 11.6054 0.0284 0.0284 0.0000 0.0000 0.0000 354.0293 373.1738 -4.1869 0.0000 0.0000
5280.03 18.07.2018 21.00.01 26.02441 291.1222 10.0163 0.0245 0.0245 0.0000 0.0000 0.0000 356.0774 372.8708 -4.2356 0.0000 0.0000
5290.03 18.07.2018 21.10.01 26.02831 291.0489 8.4080 0.0206 0.0206 0.0000 0.0000 0.0000 355.8761 372.5950 -4.2792 0.0000 0.0000
5300.03 18.07.2018 21.20.01 26.03152 290.9685 6.7078 0.0164 0.0164 0.0000 0.0000 0.0000 355.5989 372.2625 -4.2840 0.0000 0.0000
5310.03 18.07.2018 21.30.01 26.03399 290.8854 4.9208 0.0121 0.0121 0.0000 0.0000 0.0000 355.3129 371.9235 -4.3038 0.0000 0.0000
5320.03 18.07.2018 21.40.01 26.03576 290.8003 3.0856 0.0076 0.0076 0.0000 0.0000 0.0000 355.0245 371.5795 -4.3356 0.0000 0.0000
5330.03 18.07.2018 21.50.01 26.03668 290.7138 1.3789 0.0034 0.0034 0.0000 0.0000 0.0000 354.7360 371.2312 -4.3762 0.0000 0.0000
5340.03 18.07.2018 22.00.01 26.03683 290.6274 -0.0540 -0.0001 -0.0001 0.0000 0.0000 0.0000 354.4494 370.8796 -4.4168 0.0000 0.0000
5350.03 18.07.2018 22.10.01 26.03631 290.5611 -1.5287 -0.0037 -0.0037 0.0000 0.0000 0.0000 353.5841 370.5091 -4.3549 0.0000 0.0000
5360.03 18.07.2018 22.20.01 26.03515 290.4984 -3.3454 -0.0082 -0.0082 0.0000 0.0000 0.0000 352.6946 370.1028 -4.2374 0.0000 0.0000
5370.03 18.07.2018 22.30.01 26.03332 290.4337 -5.0301 -0.0123 -0.0123 0.0000 0.0000 0.0000 351.7982 369.6745 -4.1047 0.0000 0.0000
5380.03 18.07.2018 22.40.01 26.03063 290.3702 -6.2981 -0.0154 -0.0154 0.0000 0.0000 0.0000 350.8970 369.2281 -3.9486 0.0000 0.0000
5390.03 18.07.2018 22.50.01 26.02740 290.3060 -7.8142 -0.0192 -0.0192 0.0000 0.0000 0.0000 349.9919 368.7658 -3.7792 0.0000 0.0000
5400.03 18.07.2018 23.00.01 26.02361 290.2373 -9.4779 -0.0232 -0.0232 0.0000 0.0000 0.0000 349.0846 368.2877 -3.6161 0.0000 0.0000
5410.03 18.07.2018 23.10.01 26.01904 290.0532 -10.7872 -0.0264 -0.0264 0.0000 0.0000 0.0000 348.0085 367.7407 -4.0062 0.0000 0.0000
5420.03 18.07.2018 23.20.01 26.01385 289.8586 -12.1199 -0.0297 -0.0297 0.0000 0.0000 0.0000 346.9113 367.1434 -4.3313 0.0000 0.0000
5430.03 18.07.2018 23.30.01 26.00820 289.6686 -13.6860 -0.0335 -0.0335 0.0000 0.0000 0.0000 345.8040 366.5094 -4.5738 0.0000 0.0000
5440.03 18.07.2018 23.40.01 26.00179 289.4758 -14.8998 -0.0365 -0.0365 0.0000 0.0000 0.0000 344.6911 365.8409 -4.8450 0.0000 0.0000
5450.03 18.07.2018 23.50.01 25.99481 289.2901 -16.0795 -0.0394 -0.0394 0.0000 0.0000 0.0000 343.5812 365.1520 -4.9746 0.0000 0.0000
5460.03 19.07.2018 00.00.01 25.98748 289.1033 -17.7192 -0.0434 -0.0434 0.0000 0.0000 0.0000 342.4671 364.4412 -5.0751 0.0000 0.0000
5470.03 19.07.2018 00.10.01 25.97927 288.8913 -18.6422 -0.0457 -0.0457 0.0000 0.0000 0.0000 341.6004 363.7102 -5.3198 0.0000 0.0000
5480.03 19.07.2018 00.20.01 25.97073 288.6947 -20.0037 -0.0490 -0.0490 0.0000 0.0000 0.0000 340.7489 362.9803 -5.4764 0.0000 0.0000
5490.03 19.07.2018 00.30.01 25.96157 288.4999 -21.1774 -0.0519 -0.0519 0.0000 0.0000 0.0000 339.8922 362.2489 -5.5892 0.0000 0.0000
5500.03 19.07.2018 00.40.01 25.95187 288.3071 -22.2454 -0.0545 -0.0545 0.0000 0.0000 0.0000 339.0311 361.5180 -5.6534 0.0000 0.0000
5510.03 19.07.2018 00.50.01 25.94180 288.1105 -23.6997 -0.0581 -0.0581 0.0000 0.0000 0.0000 338.1677 360.7848 -5.7217 0.0000 0.0000
5520.03 19.07.2018 01.00.01 25.93096 287.9228 -24.5393 -0.0601 -0.0601 0.0000 0.0000 0.0000 337.3023 360.0539 -5.7467 0.0000 0.0000
5530.03 19.07.2018 01.10.01 25.91998 287.8116 -26.1146 -0.0640 -0.0640 0.0000 0.0000 0.0000 337.1759 359.3638 -5.6720 0.0000 0.0000
5540.03 19.07.2018 01.20.01 25.90811 287.6875 -26.8212 -0.0657 -0.0657 0.0000 0.0000 0.0000 337.0829 358.7220 -5.7317 0.0000 0.0000
5550.03 19.07.2018 01.30.01 25.89605 287.5836 -28.2593 -0.0693 -0.0693 0.0000 0.0000 0.0000 336.9907 358.1204 -5.7271 0.0000 0.0000
5560.03 19.07.2018 01.40.01 25.88323 287.4963 -28.9752 -0.0710 -0.0710 0.0000 0.0000 0.0000 336.9044 357.5693 -5.5445 0.0000 0.0000
5570.03 19.07.2018 01.50.01 25.87020 287.3335 -30.3667 -0.0744 -0.0744 0.0000 0.0000 0.0000 336.8357 357.0237 -5.7254 0.0000 0.0000
5580.03 19.07.2018 02.00.01 25.85650 287.2717 -31.1624 -0.0764 -0.0764 0.0000 0.0003 0.0002 336.8273 356.5469 -5.5244 0.0000 0.0000
5590.03 19.07.2018 02.10.01 25.84246 287.3897 -32.4206 -0.0795 -0.0795 0.0000 0.1995 0.0998 336.1658 356.1424 -4.5794 0.0000 0.0000
5600.03 19.07.2018 02.20.01 25.82781 287.2363 -33.1485 -0.0812 -0.0812 0.0000 0.4295 0.2147 335.4134 355.6465 -4.9828 0.0000 0.0000
5610.03 19.07.2018 02.30.01 25.81295 287.1397 -34.5246 -0.0846 -0.0846 0.0000 0.6636 0.3318 334.6799 355.1391 -5.2587 0.0000 0.0000
5620.03 19.07.2018 02.40.01 25.79742 287.0208 -35.2662 -0.0864 -0.0864 0.0000 0.8985 0.4493 333.9177 354.6153 -5.4939 0.0000 0.0000
5630.03 19.07.2018 02.50.01 25.78164 286.8915 -36.5592 -0.0896 -0.0896 0.0000 1.1337 0.5668 333.0929 354.0645 -5.8317 0.0000 0.0000
5640.03 19.07.2018 03.00.01 25.76516 286.7582 -37.1399 -0.0910 -0.0910 0.0000 1.3743 0.6872 332.2207 353.4831 -6.2069 0.0000 0.0000
5650.03 19.07.2018 03.10.01 25.74865 286.7819 -38.6460 -0.0947 -0.0947 0.0000 4.9266 2.4633 331.7695 353.0715 -5.3576 0.0000 0.0000
5660.03 19.07.2018 03.20.01 25.73129 286.8175 -39.1118 -0.0959 -0.0959 0.0000 8.9910 4.4955 331.4842 352.8438 -4.7975 0.0000 0.0000
5670.03 19.07.2018 03.30.01 25.71389 286.8540 -40.5449 -0.0994 -0.0994 0.0000 13.1241 6.5621 331.2654 352.7454 -4.4416 0.0000 0.0000
5680.03 19.07.2018 03.40.01 25.69570 286.8922 -40.9309 -0.1003 -0.1003 0.0000 17.2721 8.6360 331.0865 352.7592 -4.2042 0.0000 0.0000
5690.03 19.07.2018 03.50.01 25.67739 286.9393 -42.1133 -0.1032 -0.1032 0.0000 21.4224 10.7112 330.9289 352.8712 -4.0811 0.0000 0.0000
5700.03 19.07.2018 04.00.01 25.65859 286.9882 -42.8632 -0.1051 -0.1051 0.0000 25.5788 12.7894 330.7920 353.0634 -4.1172 0.0000 0.0000
5710.03 19.07.2018 04.10.01 25.63940 287.3441 -43.6954 -0.1071 -0.1071 0.0000 33.0987 16.5494 331.2992 353.5559 -2.7297 0.0000 0.0000
5720.03 19.07.2018 04.20.01 25.61999 287.7101 -44.8790 -0.1100 -0.1100 0.0000 41.1388 20.5694 331.9976 354.3575 -1.6465 0.0000 0.0000
5730.03 19.07.2018 04.30.01 25.59985 288.0820 -45.1531 -0.1107 -0.1107 0.0000 49.2487 24.6244 332.7928 355.3997 -0.8023 0.0000 0.0000
5740.03 19.07.2018 04.40.01 25.57971 288.4583 -46.1763 -0.1132 -0.1132 0.0000 57.3737 28.6868 333.6531 356.6522 -0.1666 0.0000 0.0000
5750.03 19.07.2018 04.50.01 25.55914 288.8384 -46.9758 -0.1151 -0.1151 0.0000 81.8852 40.9426 334.5610 358.4020 -0.1075 0.0000 0.0000
5760.03 19.07.2018 05.00.01 25.53811 289.2560 -47.4274 -0.1162 -0.1162 0.0000 94.0504 47.0252 335.6060 360.6379 -0.4117 0.0000 0.0000
5770.03 19.07.2018 05.10.01 25.51705 289.6731 -48.3336 -0.1185 -0.1185 0.0000 168.4018 84.2009 336.6749 364.1306 -2.2048 0.0000 0.0000
5780.03 19.07.2018 05.20.01 25.49563 290.2904 -49.0509 -0.1202 -0.1202 0.0000 243.7038 121.8519 338.1641 370.0135 -5.6534 0.0000 0.0000
5790.03 19.07.2018 05.30.01 25.47369 290.8995 -49.1448 -0.1205 -0.1205 0.0000 318.9276 159.4638 339.9306 377.4377 -10.7494 0.0000 0.0000
5800.03 19.07.2018 05.40.01 25.45172 291.5078 -49.5240 -0.1214 -0.1214 0.0000 301.5713 150.7856 341.8748 384.3967 -14.7294 0.0000 0.0000
5810.03 19.07.2018 05.50.01 25.42974 291.2851 -49.9955 -0.1225 -0.1225 0.0000 278.0195 139.0097 343.3066 388.8388 -20.4074 0.0000 0.0000
5820.03 19.07.2018 06.00.01 25.40777 291.5982 -50.5089 -0.1238 -0.1238 0.0000 253.7562 126.8781 344.5053 392.2047 -21.8915 0.0000 0.0000
5830.03 19.07.2018 06.10.01 25.38580 291.9932 -50.9335 -0.1248 -0.1248 0.0000 287.4135 143.7068 345.9925 396.3706 -18.7931 0.0000 0.0000
5840.03 19.07.2018 06.20.01 25.36382 292.4472 -51.1189 -0.1253 -0.1253 0.0000 321.6094 160.8047 347.7555 401.6868 -22.7116 0.0000 0.0000
5850.03 19.07.2018 06.30.01 25.34182 292.5685 -50.9335 -0.1248 -0.1248 0.0000 355.6731 177.8366 349.4592 406.4857 -36.1326 0.0000 0.0000
5860.03 19.07.2018 06.40.01 25.31985 293.1397 -50.0808 -0.1227 -0.1227 0.0000 373.4352 186.7176 351.5462 412.7257 -30.1021 0.0000 0.0000
5870.03 19.07.2018 06.50.01 25.29815 293.4998 -49.0211 -0.1201 -0.1201 0.0000 395.7140 197.8570 353.4421 418.9626 -30.6552 0.0000 0.0000
5880.03 19.07.2018 07.00.01 25.27706 293.7968 -48.4213 -0.1187 -0.1187 0.0000 418.1530 209.0765 355.2994 424.8495 -39.0364 0.0000 0.0000
5890.03 19.07.2018 07.10.01 25.25607 294.0126 -46.9202 -0.1150 -0.1150 0.0000 421.1093 210.5546 356.9896 430.5934 -43.1512 0.0000 0.0000
5900.03 19.07.2018 07.20.01 25.23593 294.0795 -46.1964 -0.1132 -0.1132 0.0000 422.9492 211.4746 358.1785 433.5295 -63.8954 0.0000 0.0000
5910.03 19.07.2018 07.30.01 25.21606 294.1824 -44.6521 -0.1094 -0.1094 0.0000 424.0993 212.0497 358.9676 435.3043 -80.5740 0.0000 0.0000
5920.03 19.07.2018 07.40.01 25.19683 294.7564 -42.8211 -0.1050 -0.1050 0.0000 426.9020 213.4510 361.0070 441.4899 -44.9845 0.0000 0.0000
5930.03 19.07.2018 07.50.01 25.17849 295.8508 -41.2976 -0.1012 -0.1012 0.0000 429.4015 214.7007 362.1944 444.6289 -62.0038 0.0000 0.0000
5940.03 19.07.2018 08.00.01 25.16088 295.9557 -39.4578 -0.0967 -0.0967 0.0000 430.9891 215.4945 362.2565 444.8265 -90.7035 0.0000 0.0000
5950.03 19.07.2018 08.10.01 25.14410 296.1213 -37.4595 -0.0918 -0.0918 0.0000 451.8024 225.9012 362.6787 446.6085 -90.5541 0.0000 0.0000
5960.03 19.07.2018 08.20.01 25.12823 296.3653 -35.3534 -0.0867 -0.0867 0.0000 473.1311 236.5656 363.5465 449.2725 -91.6078 0.0000 0.0000
5970.03 19.07.2018 08.30.01 25.11328 296.6259 -33.1399 -0.0812 -0.0812 0.0000 494.4248 247.2124 364.5868 452.3885 -93.2279 0.0000 0.0000
5980.03 19.07.2018 08.40.01 25.09930 296.8930 -30.7047 -0.0753 -0.0753 0.0000 511.8716 255.9358 365.7129 455.8040 -95.1476 0.0000 0.0000
5990.03 19.07.2018 08.50.01 25.08633 297.1567 -28.2522 -0.0692 -0.0692 0.0000 528.5126 264.2563 366.8522 459.3783 -97.3611 0.0000 0.0000
6000.03 19.07.2018 09.00.01 25.07449 297.4088 -25.8741 -0.0634 -0.0634 0.0000 544.0575 272.0287 367.9834 463.0821 -99.8949 0.0000 0.0000
6010.03 19.07.2018 09.10.01 25.06375 297.6846 -23.4812 -0.0576 -0.0576 0.0000 542.4723 271.2361 369.5490 466.8518 -98.7406 0.0000 0.0000
6020.03 19.07.2018 09.20.01 25.05407 297.9285 -20.9141 -0.0513 -0.0513 0.0000 539.0293 269.5147 371.0022 470.2765 -96.2931 0.0000 0.0000
6030.03 19.07.2018 09.30.01 25.04553 298.1503 -18.2574 -0.0447 -0.0447 0.0000 536.3210 268.1605 372.5355 473.4554 -95.9407 0.0000 0.0000
6040.03 19.07.2018 09.40.01 25.03808 298.3904 -15.5131 -0.0380 -0.0380 0.0000 534.2090 267.1045 374.0680 476.6559 -93.5315 0.0000 0.0000
6050.03 19.07.2018 09.50.01 25.03195 298.6354 -12.9282 -0.0317 -0.0317 0.0000 533.1875 266.5938 375.7985 479.7766 -91.1575 0.0000 0.0000
6060.03 19.07.2018 10.00.01 25.02694 298.8689 -10.1424 -0.0249 -0.0249 0.0000 530.4149 265.2075 377.4479 482.7408 -90.6007 0.0000 0.0000
6070.03 19.07.2018 10.10.01 25.02307 298.6182 -7.1940 -0.0176 -0.0176 0.0000 513.5018 256.7509 381.0245 486.9532 -77.8126 0.0000 0.0000
6080.03 19.07.2018 10.20.01 25.02059 298.5802 -4.4922 -0.0110 -0.0110 0.0000 493.9733 246.9867 384.2400 486.9023 -99.9974 0.0000 0.0000
6090.03 19.07.2018 10.30.01 25.01931 298.3284 -1.6531 -0.0041 -0.0041 0.0000 473.1814 236.5907 385.9319 484.8344 -119.2917 0.0000 0.0000
6100.03 19.07.2018 10.40.01 25.01922 298.3704 1.3050 0.0032 0.0032 0.0000 457.5084 228.7542 388.0362 485.5124 -101.2112 0.0000 0.0000
6110.03 19.07.2018 10.50.01 25.02075 298.4680 3.4898 0.0086 0.0086 0.0000 441.0927 220.5463 389.9802 485.9534 -93.5950 0.0000 0.0000
6120.03 19.07.2018 11.00.01 25.02316 298.5726 6.5787 0.0161 0.0161 0.0000 424.6827 212.3413 391.5080 485.7054 -92.3054 0.0000 0.0000
6130.03 19.07.2018 11.10.01 25.02682 298.6036 9.8213 0.0241 0.0241 0.0000 390.9870 195.4935 394.0058 484.6450 -90.9954 0.0000 0.0000
6140.03 19.07.2018 11.20.01 25.03204 298.6432 12.1837 0.0299 0.0299 0.0000 353.9769 176.9885 395.7622 482.2795 -91.1842 0.0000 0.0000
6150.03 19.07.2018 11.30.01 25.03820 298.6845 15.1943 0.0372 0.0372 0.0000 317.8170 158.9085 396.5541 478.8333 -92.1112 0.0000 0.0000
6160.03 19.07.2018 11.40.01 25.04553 298.6769 18.1476 0.0445 0.0445 0.0000 284.2899 142.1450 397.3309 476.8830 -73.1794 0.0000 0.0000
6170.03 19.07.2018 11.50.01 25.05444 298.9229 20.4025 0.0500 0.0500 0.0000 251.5154 125.7577 397.6348 473.9891 -66.4994 0.0000 0.0000
6180.03 19.07.2018 12.00.01 25.06411 299.5201 23.2162 0.0569 0.0569 0.0000 219.8704 109.9352 397.4619 469.8235 -68.4787 0.0000 0.0000
6190.03 19.07.2018 12.10.01 25.07513 299.3297 25.3895 0.0622 0.0622 0.0000 211.9269 105.9634 395.7479 466.0223 -64.7857 0.0000 0.0000
6200.03 19.07.2018 12.20.01 25.08712 299.2212 27.6473 0.0678 0.0678 0.0000 208.8716 104.4358 394.7436 462.8591 -61.6330 0.0000 0.0000
6210.03 19.07.2018 12.30.01 25.09997 299.1424 29.9633 0.0734 0.0734 0.0000 206.4508 103.2254 393.9930 460.1285 -58.8660 0.0000 0.0000
6220.03 19.07.2018 12.40.01 25.11398 299.0797 31.5845 0.0774 0.0774 0.0000 204.1559 102.0780 393.3567 457.7218 -56.4190 0.0000 0.0000
6230.03 19.07.2018 12.50.01 25.12866 299.0207 33.5625 0.0823 0.0823 0.0000 201.6749 100.8374 392.7615 455.5732 -54.2758 0.0000 0.0000
6240.03 19.07.2018 13.00.01 25.14401 298.9699 35.4950 0.0870 0.0870 0.0000 199.3570 99.6785 392.2110 453.6391 -52.4130 0.0000 0.0000
6250.03 19.07.2018 13.10.01 25.16052 298.8449 36.3688 0.0891 0.0891 0.0000 216.0095 108.0047 389.5815 452.2218 -51.7610 0.0000 0.0000
6260.03 19.07.2018 13.20.01 25.17703 298.8083 38.6209 0.0947 0.0947 0.0000 236.3345 118.1672 387.4615 451.4806 -52.7766 0.0000 0.0000
6270.03 19.07.2018 13.30.01 25.19451 298.8109 39.7058 0.0973 0.0973 0.0000 256.8381 128.4190 385.6014 451.2720 -54.4945 0.0000 0.0000
6280.03 19.07.2018 13.40.01 25.21285 298.7600 40.1051 0.0983 0.0983 0.0000 277.4655 138.7327 383.8879 451.5326 -56.3988 0.0000 0.0000
6290.03 19.07.2018 13.50.01 25.23120 298.8219 41.3905 0.1014 0.1014 0.0000 297.6058 148.8029 382.3363 452.2213 -58.3415 0.0000 0.0000
6300.03 19.07.2018 14.00.01 25.24954 298.9001 43.3986 0.1064 0.1064 0.0000 315.6314 157.8157 380.7007 453.1739 -60.7696 0.0000 0.0000
6310.03 19.07.2018 14.10.01 25.26898 298.8330 43.8521 0.1075 0.1075 0.0000 306.0416 153.0208 381.0904 454.0560 -59.6038 0.0000 0.0000
6320.03 19.07.2018 14.20.01 25.28890 298.7308 43.8396 0.1075 0.1075 0.0000 289.2982 144.6491 380.4107 454.0647 -58.9830 0.0000 0.0000
6330.03 19.07.2018 14.30.01 25.30898 298.6205 43.8861 0.1076 0.1076 0.0000 272.2559 136.1279 379.3486 453.2464 -59.6804 0.0000 0.0000
6340.03 19.07.2018 14.40.01 25.32916 298.5087 44.4540 0.1090 0.1090 0.0000 254.2866 127.1433 378.0618 451.6278 -61.5760 0.0000 0.0000
6350.03 19.07.2018 14.50.01 25.34933 298.4093 45.4826 0.1115 0.1115 0.0000 237.4435 118.7217 376.7390 449.4327 -62.8205 0.0000 0.0000
6360.03 19.07.2018 15.00.01 25.36950 298.3336 46.8884 0.1149 0.1149 0.0000 220.6950 110.3475 375.3353 446.8657 -62.7575 0.0000 0.0000
6370.03 19.07.2018 15.10.01 25.39025 298.1468 46.9425 0.1151 0.1151 0.0000 207.8919 103.9459 374.1089 444.5634 -59.1567 0.0000 0.0000
6380.03 19.07.2018 15.20.01 25.41122 297.9576 46.9862 0.1152 0.1152 0.0000 195.6639 97.8320 373.0462 442.1363 -56.3434 0.0000 0.0000
6390.03 19.07.2018 15.30.01 25.43224 297.7702 47.0136 0.1152 0.1152 0.0000 183.9990 91.9995 372.0317 439.6467 -53.8934 0.0000 0.0000
6400.03 19.07.2018 15.40.01 25.45327 297.5788 47.1860 0.1157 0.1157 0.0000 171.4792 85.7396 370.9545 437.0785 -51.5795 0.0000 0.0000
6410.03 19.07.2018 15.50.01 25.47430 297.3895 47.5195 0.1165 0.1165 0.0000 159.6641 79.8321 369.8897 434.4387 -49.2456 0.0000 0.0000
6420.03 19.07.2018 16.00.01 25.49532 297.2023 47.8785 0.1173 0.1173 0.0000 148.2502 74.1251 368.8392 431.7713 -46.8917 0.0000 0.0000
6430.03 19.07.2018 16.10.01 25.51638 297.0851 48.1536 0.1180 0.1180 0.0000 145.2997 72.6498 367.1512 429.2216 -44.9197 0.0000 0.0000
6440.03 19.07.2018 16.20.01 25.53747 296.9675 48.1335 0.1180 0.1180 0.0000 143.9290 71.9645 365.6771 426.8802 -43.8158 0.0000 0.0000
6450.03 19.07.2018 16.30.01 25.55853 296.8549 47.8059 0.1172 0.1172 0.0000 142.5307 71.2653 364.3093 424.7415 -42.6879 0.0000 0.0000
6460.03 19.07.2018 16.40.01 25.57955 296.7466 47.3405 0.1160 0.1160 0.0000 141.4898 70.7449 362.9785 422.7641 -40.9619 0.0000 0.0000
6470.03 19.07.2018 16.50.01 25.60040 296.6389 46.9510 0.1151 0.1151 0.0000 141.5284 70.7642 361.6820 420.9094 -40.1248 0.0000 0.0000
6480.03 19.07.2018 17.00.01 25.62081 296.5336 46.9151 0.1150 0.1150 0.0000 141.5346 70.7673 360.4188 419.1999 -39.4765 0.0000 0.0000
6490.03 19.07.2018 17.10.01 25.64099 296.2900 46.7472 0.1146 0.1146 0.0000 129.9414 64.9707 359.1325 417.3545 -38.1324 0.0000 0.0000
6500.03 19.07.2018 17.20.01 25.66113 296.0396 45.9319 0.1126 0.1126 0.0000 116.3471 58.1735 357.5938 415.2139 -36.0076 0.0000 0.0000
6510.03 19.07.2018 17.30.01 25.68112 295.7904 44.8104 0.1098 0.1098 0.0000 102.3704 51.1852 355.9509 412.8475 -33.7267 0.0000 0.0000
6520.03 19.07.2018 17.40.01 25.70037 295.5539 44.6350 0.1094 0.1094 0.0000 83.2183 41.6092 354.3131 410.3185 -29.9447 0.0000 0.0000
6530.03 19.07.2018 17.50.01 25.71960 295.3255 43.4456 0.1065 0.1065 0.0000 68.9827 34.4913 352.6377 407.5771 -26.5253 0.0000 0.0000
6540.03 19.07.2018 18.00.01 25.73831 295.1259 42.7057 0.1047 0.1047 0.0000 54.7906 27.3953 350.9695 404.8254 -23.0335 0.0000 0.0000
6550.03 19.07.2018 18.10.01 25.75662 294.7659 41.7259 0.1023 0.1023 0.0000 46.7162 23.3581 349.6145 402.0069 -20.9995 0.0000 0.0000
6560.03 19.07.2018 18.20.01 25.77456 294.4082 40.5720 0.0994 0.0994 0.0000 39.3594 19.6797 348.3377 399.2943 -19.3212 0.0000 0.0000
6570.03 19.07.2018 18.30.01 25.79196 294.0570 39.3931 0.0966 0.0966 0.0000 32.4281 16.2140 347.0991 396.6350 -17.6774 0.0000 0.0000
6580.03 19.07.2018 18.40.01 25.80883 293.7095 38.4159 0.0942 0.0942 0.0000 23.8287 11.9144 345.8750 393.9853 -16.0833 0.0000 0.0000
6590.03 19.07.2018 18.50.01 25.82531 293.3646 36.9032 0.0904 0.0904 0.0000 16.5197 8.2599 344.6267 391.3401 -14.4550 0.0000 0.0000
6600.03 19.07.2018 19.00.01 25.84106 293.0189 35.6982 0.0875 0.0875 0.0000 9.2299 4.6150 343.3768 388.7292 -12.9468 0.0000 0.0000
6610.03 19.07.2018 19.10.01 25.85632 292.6496 34.2101 0.0838 0.0838 0.0000 6.8994 3.4497 341.9750 386.2016 -11.8853 0.0000 0.0000
6620.03 19.07.2018 19.20.01 25.87097 292.2831 32.6323 0.0800 0.0800 0.0000 5.4247 2.7123 340.6893 383.8496 -11.0505 0.0000 0.0000
6630.03 19.07.2018 19.30.01 25.88479 291.9169 31.2352 0.0766 0.0766 0.0000 4.1028 2.0514 339.4431 381.6216 -10.3832 0.0000 0.0000
6640.03 19.07.2018 19.40.01 25.89803 291.5529 29.6588 0.0727 0.0727 0.0000 2.8085 1.4043 338.2189 379.4944 -9.8258 0.0000 0.0000
6650.03 19.07.2018 19.50.01 25.91064 291.1880 27.8597 0.0683 0.0683 0.0000 1.5192 0.7596 337.0116 377.4498 -9.3954 0.0000 0.0000
6660.03 19.07.2018 20.00.01 25.92251 290.8252 26.0030 0.0637 0.0637 0.0000 0.2325 0.1163 335.8118 375.4766 -9.0490 0.0000 0.0000
6670.03 19.07.2018 20.10.01 25.93350 290.6456 24.3710 0.0597 0.0597 0.0000 0.0355 0.0178 335.0418 373.7004 -7.7589 0.0000 0.0000
6680.03 19.07.2018 20.20.01 25.94366 290.4695 22.6844 0.0556 0.0556 0.0000 0.0070 0.0035 334.3585 372.0802 -6.8337 0.0000 0.0000
6690.03 19.07.2018 20.30.01 25.95309 290.2968 20.8911 0.0512 0.0512 0.0000 0.0012 0.0006 333.7112 370.5819 -6.0832 0.0000 0.0000
6700.03 19.07.2018 20.40.01 25.96172 290.1284 18.9664 0.0465 0.0465 0.0000 0.0002 0.0001 333.0962 369.1943 -5.4029 0.0000 0.0000
6710.03 19.07.2018 20.50.01 25.96951 289.9645 17.0105 0.0417 0.0417 0.0000 0.0000 0.0000 332.5065 367.9050 -4.7974 0.0000 0.0000
6720.03 19.07.2018 21.00.01 25.97643 289.8034 15.0903 0.0370 0.0370 0.0000 0.0000 0.0000 331.9338 366.7012 -4.2726 0.0000 0.0000
6730.03 19.07.2018 21.10.01 25.98251 289.5972 13.0762 0.0320 0.0320 0.0000 0.0000 0.0000 331.5996 365.5528 -4.1453 0.0000 0.0000
6740.03 19.07.2018 21.20.01 25.98773 289.3934 11.0532 0.0271 0.0271 0.0000 0.0000 0.0000 331.2670 364.4694 -4.0886 0.0000 0.0000
6750.03 19.07.2018 21.30.01 25.99203 289.1907 9.0204 0.0221 0.0221 0.0000 0.0000 0.0000 330.9381 363.4379 -4.0937 0.0000 0.0000
6760.03 19.07.2018 21.40.01 25.99548 288.9883 6.9924 0.0171 0.0171 0.0000 0.0000 0.0000 330.6121 362.4513 -4.1543 0.0000 0.0000
6770.03 19.07.2018 21.50.01 25.99804 288.7860 4.9338 0.0121 0.0121 0.0000 0.0000 0.0000 330.2914 361.5036 -4.2647 0.0000 0.0000
6780.03 19.07.2018 22.00.01 25.99975 288.5844 2.8854 0.0071 0.0071 0.0000 0.0000 0.0000 329.9744 360.5899 -4.4149 0.0000 0.0000
6790.03 19.07.2018 22.10.01 26.00054 288.3741 0.8603 0.0021 0.0021 0.0000 0.0000 0.0000 328.6264 359.6704 -4.5387 0.0000 0.0000
6800.03 19.07.2018 22.20.01 26.00048 288.1439 -1.1523 -0.0028 -0.0028 0.0000 0.0000 0.0000 327.2560 358.6995 -4.6774 0.0000 0.0000
6810.03 19.07.2018 22.30.01 25.99954 287.9185 -3.1848 -0.0078 -0.0078 0.0000 0.0000 0.0000 325.8779 357.7107 -4.8007 0.0000 0.0000
6820.03 19.07.2018 22.40.01 25.99771 287.7010 -5.1189 -0.0125 -0.0125 0.0000 0.0000 0.0000 324.5129 356.7173 -4.8055 0.0000 0.0000
6830.03 19.07.2018 22.50.01 25.99499 287.4968 -7.0082 -0.0172 -0.0172 0.0000 0.0000 0.0000 323.1507 355.7208 -4.7254 0.0000 0.0000
6840.03 19.07.2018 23.00.01 25.99142 287.2925 -8.8112 -0.0216 -0.0216 0.0000 0.0000 0.0000 321.7925 354.7200 -4.6350 0.0000 0.0000
6850.03 19.07.2018 23.10.01 25.98702 287.0757 -10.6894 -0.0262 -0.0262 0.0000 0.0000 0.0000 320.9460 353.7300 -4.6362 0.0000 0.0000
6860.03 19.07.2018 23.20.01 25.98181 286.8964 -12.5215 -0.0307 -0.0307 0.0000 0.0000 0.0000 320.1164 352.7886 -4.4555 0.0000 0.0000
6870.03 19.07.2018 23.30.01 25.97579 286.7196 -14.3894 -0.0353 -0.0353 0.0000 0.0000 0.0000 319.2718 351.8707 -4.3096 0.0000 0.0000
6880.03 19.07.2018 23.40.01 25.96896 286.5351 -16.2766 -0.0399 -0.0399 0.0000 0.0000 0.0000 318.4130 350.9668 -4.2489 0.0000 0.0000
6890.03 19.07.2018 23.50.01 25.96133 286.3104 -18.0976 -0.0444 -0.0444 0.0000 0.0000 0.0000 317.5440 350.0531 -4.4696 0.0000 0.0000
6900.03 20.07.2018 00.00.01 25.95291 286.0655 -20.0023 -0.0490 -0.0490 0.0000 0.0000 0.0000 316.6753 349.1284 -4.7889 0.0000 0.0000
6910.03 20.07.2018 00.10.01 25.94375 285.9110 -21.9398 -0.0538 -0.0538 0.0000 0.0000 0.0000 315.6987 348.2366 -4.6305 0.0000 0.0000
6920.03 20.07.2018 00.20.01 25.93368 285.7573 -23.6438 -0.0580 -0.0580 0.0000 0.0000 0.0000 314.7196 347.3564 -4.4772 0.0000 0.0000
6930.03 20.07.2018 00.30.01 25.92285 285.6036 -25.2448 -0.0619 -0.0619 0.0000 0.0000 0.0000 313.7400 346.4869 -4.3408 0.0000 0.0000
6940.03 20.07.2018 00.40.01 25.91128 285.4436 -26.9245 -0.0660 -0.0660 0.0000 0.0000 0.0000 312.7635 345.6249 -4.2368 0.0000 0.0000
6950.03 20.07.2018 00.50.01 25.89898 285.2859 -28.6613 -0.0702 -0.0702 0.0000 0.0000 0.0000 311.7865 344.7713 -4.1318 0.0000 0.0000
6960.03 20.07.2018 01.00.01 25.88601 285.1291 -30.4176 -0.0746 -0.0746 0.0000 0.0000 0.0000 310.8160 343.9251 -4.0351 0.0000 0.0000
6970.03 20.07.2018 01.10.01 25.87228 284.9798 -32.1569 -0.0788 -0.0788 0.0000 0.0000 0.0000 310.2258 343.1090 -3.8465 0.0000 0.0000
6980.03 20.07.2018 01.20.01 25.85769 284.8288 -33.5766 -0.0823 -0.0823 0.0000 0.0000 0.0000 309.6728 342.3280 -3.7262 0.0000 0.0000
6990.03 20.07.2018 01.30.01 25.84249 284.6787 -35.1608 -0.0862 -0.0862 0.0000 0.0000 0.0000 309.1344 341.5713 -3.6295 0.0000 0.0000
7000.03 20.07.2018 01.40.01 25.82662 284.5253 -36.8500 -0.0903 -0.0903 0.0000 0.0000 0.0000 308.6073 340.8344 -3.5890 0.0000 0.0000
7010.03 20.07.2018 01.50.01 25.81014 284.3675 -38.6712 -0.0948 -0.0948 0.0000 0.0000 0.0000 308.0946 340.1140 -3.5855 0.0000 0.0000
7020.03 20.07.2018 02.00.01 25.79275 284.2076 -39.9648 -0.0980 -0.0980 0.0000 0.0004 0.0002 307.5882 339.4075 -3.6204 0.0000 0.0000
7030.03 20.07.2018 02.10.01 25.77474 284.0771 -41.3112 -0.1013 -0.1013 0.0000 0.2256 0.1128 307.4517 338.7400 -3.5791 0.0000 0.0000
7040.03 20.07.2018 02.20.01 25.75619 283.9692 -42.9970 -0.1054 -0.1054 0.0000 0.4855 0.2428 307.3253 338.1310 -3.4820 0.0000 0.0000
7050.03 20.07.2018 02.30.01 25.73696 283.8605 -44.6027 -0.1093 -0.1093 0.0000 0.7501 0.3751 307.2018 337.5590 -3.4383 0.0000 0.0000
7060.03 20.07.2018 02.40.01 25.71694 283.7486 -45.7616 -0.1122 -0.1122 0.0000 1.0157 0.5079 307.0756 337.0165 -3.4560 0.0000 0.0000
7070.03 20.07.2018 02.50.01 25.69644 283.6293 -47.2967 -0.1159 -0.1159 0.0000 1.2815 0.6408 306.9565 336.4975 -3.5435 0.0000 0.0000
7080.03 20.07.2018 03.00.01 25.67538 283.5045 -49.0114 -0.1201 -0.1201 0.0000 1.5522 0.7761 306.8334 335.9974 -3.6940 0.0000 0.0000
7090.03 20.07.2018 03.10.01 25.65344 283.5563 -50.0509 -0.1227 -0.1227 0.0000 4.7020 2.3510 306.5256 335.6453 -2.9093 0.0000 0.0000
7100.03 20.07.2018 03.20.01 25.63107 283.6016 -51.3917 -0.1260 -0.1260 0.0000 8.2972 4.1486 306.3326 335.4387 -2.3580 0.0000 0.0000
7110.03 20.07.2018 03.30.01 25.60818 283.6449 -53.0133 -0.1299 -0.1299 0.0000 11.9521 5.9761 306.1980 335.3462 -1.9836 0.0000 0.0000
7120.03 20.07.2018 03.40.01 25.58447 283.6921 -53.9543 -0.1322 -0.1322 0.0000 15.6199 7.8100 306.1037 335.3518 -1.7145 0.0000 0.0000
7130.03 20.07.2018 03.50.01 25.56045 283.7492 -55.4415 -0.1359 -0.1359 0.0000 19.2898 9.6449 306.0378 335.4464 -1.5073 0.0000 0.0000
7140.03 20.07.2018 04.00.01 25.53573 283.7842 -56.6869 -0.1389 -0.1389 0.0000 22.9597 11.4798 305.9923 335.6098 -1.5121 0.0000 0.0000
7150.03 20.07.2018 04.10.01 25.51043 284.1190 -57.6652 -0.1413 -0.1413 0.0000 26.3529 13.1764 306.4364 335.9779 -0.0529 0.0000 0.0000
7160.03 20.07.2018 04.20.01 25.48480 284.4768 -59.0930 -0.1448 -0.1448 0.0000 29.7033 14.8517 306.9595 336.5031 1.2948 0.0000 0.0000
7170.03 20.07.2018 04.30.01 25.45843 284.8215 -59.9335 -0.1469 -0.1469 0.0000 33.0480 16.5240 307.5215 337.1470 2.4187 0.0000 0.0000
7180.03 20.07.2018 04.40.01 25.43188 285.1534 -61.4856 -0.1507 -0.1507 0.0000 36.3914 18.1957 308.1228 337.8943 3.3526 0.0000 0.0000
7190.03 20.07.2018 04.50.01 25.40447 285.4850 -62.1247 -0.1523 -0.1523 0.0000 39.7346 19.8673 308.7515 338.7367 4.1846 0.0000 0.0000
