# simtime date time IndoorTemp Av_Tair_at_facade Energyflux.toIndoor.sum  Energyflux.toIndoor.average Energyflux.Conduction.average Energyflux.SW.transmission.average Shortwave.availabe Shortwave.absorbed Longwave.available Longwave.emittedFacade Sensible.outside Vapour.fromGreening Vapour.fromSubstrate
10.02 15.07.2018 05.10.00 19.90609 288.6223 165.3349 0.4493 -0.5043 1.2714 394.2541 218.6957 322.8884 398.0695 -46.2101 0.0000 0.0000
20.02 15.07.2018 05.20.00 19.93963 289.3743 265.1952 0.7206 -0.9018 2.1633 709.9993 394.4836 328.8185 438.6189 -84.1260 0.0000 0.0000
30.03 15.07.2018 05.30.01 20.00765 290.1931 388.2672 1.0551 -1.3654 3.2272 1030.6039 573.0624 336.5725 488.9071 -129.6900 0.0000 0.0000
40.03 15.07.2018 05.40.01 20.11843 291.0646 508.6475 1.3822 -1.9314 4.4181 982.3507 546.3317 345.9309 502.5470 -143.1746 0.0000 0.0000
50.03 15.07.2018 05.50.01 20.26492 291.5868 317.8891 0.8638 -2.5645 4.5711 912.8094 507.6116 349.1986 506.3293 -147.4547 0.0000 0.0000
60.03 15.07.2018 06.00.01 20.36233 292.1237 183.1466 0.4977 -2.8731 4.4943 855.8134 476.5886 350.7305 507.9417 -153.6218 0.0000 0.0000
70.03 15.07.2018 06.10.01 20.42553 292.5304 130.1098 0.3536 -2.9540 4.4101 817.5881 455.0780 351.7333 508.9062 -156.6507 0.0000 0.0000
80.03 15.07.2018 06.20.01 20.47738 292.9455 147.0236 0.3995 -2.9248 4.4325 779.9347 433.8305 353.0554 508.5640 -158.3800 0.0000 0.0000
90.03 15.07.2018 06.30.01 20.53719 293.2979 163.2372 0.4436 -2.8736 4.4229 741.6603 412.2334 354.1281 506.7328 -158.8793 0.0000 0.0000
100.03 15.07.2018 06.40.01 20.60528 293.6483 202.2200 0.5495 -2.7986 4.4642 717.0222 398.2286 355.3245 505.6791 -158.6240 0.0000 0.0000
110.03 15.07.2018 06.50.01 20.68789 293.9919 237.2227 0.6446 -2.7298 4.4992 697.5201 387.3101 356.4663 504.7506 -158.7542 0.0000 0.0000
120.03 15.07.2018 07.00.01 20.78387 294.3303 273.0921 0.7421 -2.6633 4.5406 679.9041 377.5181 357.5999 503.6605 -158.4792 0.0000 0.0000
130.03 15.07.2018 07.10.01 20.89315 294.6126 301.9373 0.8205 -2.6041 4.5661 668.8246 371.3552 359.0054 503.9828 -154.6914 0.0000 0.0000
140.03 15.07.2018 07.20.01 21.01345 294.9036 342.3205 0.9302 -2.5495 4.6396 658.0348 365.3302 360.6113 504.3747 -151.0955 0.0000 0.0000
150.03 15.07.2018 07.30.01 21.14761 295.1941 370.1667 1.0059 -2.5173 4.6976 646.2681 358.7306 362.2242 504.5887 -147.3870 0.0000 0.0000
160.03 15.07.2018 07.40.01 21.29202 295.4994 406.3721 1.1043 -2.4947 4.7986 638.5772 354.3817 363.9255 505.3586 -143.5344 0.0000 0.0000
170.03 15.07.2018 07.50.01 21.44842 295.7939 422.1758 1.1472 -2.4950 4.8562 629.4011 349.1744 365.6968 505.9792 -139.7420 0.0000 0.0000
180.03 15.07.2018 08.00.01 21.61123 296.0579 440.4672 1.1969 -2.4957 4.9235 619.4554 343.4982 367.4231 506.4117 -136.2159 0.0000 0.0000
190.03 15.07.2018 08.10.01 21.78027 296.2121 454.2567 1.2344 -2.5049 4.9858 608.6290 337.3292 369.3171 507.9969 -127.4488 0.0000 0.0000
200.03 15.07.2018 08.20.01 21.95416 296.4032 460.9006 1.2524 -2.5184 5.0278 596.9775 330.6803 370.8543 507.9243 -125.7078 0.0000 0.0000
210.03 15.07.2018 08.30.01 22.13110 296.4931 480.2908 1.3051 -2.5298 5.1133 585.7956 324.2803 372.2014 507.0435 -126.5070 0.0000 0.0000
220.03 15.07.2018 08.40.01 22.31420 296.7341 479.0501 1.3018 -2.5524 5.1389 575.6981 318.4576 373.4442 508.0571 -120.8182 0.0000 0.0000
230.03 15.07.2018 08.50.01 22.49825 297.0175 490.0356 1.3316 -2.5620 5.1916 565.7063 312.6779 374.6919 508.6854 -117.7848 0.0000 0.0000
240.03 15.07.2018 09.00.01 22.68615 297.3045 511.1238 1.3889 -2.5778 5.2889 555.8465 306.9439 375.7927 508.9499 -115.3403 0.0000 0.0000
250.03 15.07.2018 09.10.01 22.88058 297.6135 534.3470 1.4520 -2.6190 5.4280 543.1995 299.6107 377.5225 509.2287 -106.0093 0.0000 0.0000
260.03 15.07.2018 09.20.01 23.08163 297.9133 551.9420 1.4998 -2.6901 5.5866 530.6786 292.3385 379.5929 506.3570 -111.8783 0.0000 0.0000
270.03 15.07.2018 09.30.01 23.28863 298.2122 575.0234 1.5626 -2.7703 5.7772 518.8207 285.4398 380.9818 502.4511 -120.6686 0.0000 0.0000
280.03 15.07.2018 09.40.01 23.50372 298.8538 601.2704 1.6339 -2.8651 5.9986 509.8015 280.1019 382.3743 504.3896 -105.8507 0.0000 0.0000
290.03 15.07.2018 09.50.01 23.72778 299.5470 646.5892 1.7570 -2.9803 6.3164 502.0723 275.4654 383.7010 505.1696 -100.9329 0.0000 0.0000
300.03 15.07.2018 10.00.01 23.96496 299.3969 650.4894 1.7676 -3.1505 6.5576 492.7305 269.9190 383.5521 502.1790 -108.9331 0.0000 0.0000
310.03 15.07.2018 10.10.01 24.20202 299.6997 602.5453 1.6374 -3.3290 6.6219 484.6683 265.1579 384.2761 501.4362 -105.0888 0.0000 0.0000
320.03 15.07.2018 10.20.01 24.42532 299.9510 557.7927 1.5157 -3.4424 6.6109 475.1543 259.5826 385.0712 500.2514 -102.7529 0.0000 0.0000
330.03 15.07.2018 10.30.01 24.63543 300.1250 505.2952 1.3731 -3.4976 6.4943 463.5044 252.8053 385.4245 498.4780 -100.8177 0.0000 0.0000
340.03 15.07.2018 10.40.01 24.83105 300.2891 525.1165 1.4269 -3.4946 6.5620 455.4369 247.9845 386.2517 497.1788 -99.3110 0.0000 0.0000
350.03 15.07.2018 10.50.01 25.03115 300.4287 498.5128 1.3547 -3.5174 6.4961 445.0652 241.8821 386.8989 495.3140 -98.5222 0.0000 0.0000
360.03 15.07.2018 11.00.01 25.22363 300.5644 485.5231 1.3194 -3.5142 6.4447 434.3183 235.5437 387.5287 493.0691 -98.5659 0.0000 0.0000
370.03 15.07.2018 11.10.01 25.41186 300.6803 507.3707 1.3787 -3.5050 6.5117 422.9951 228.9046 388.3816 491.9222 -94.8070 0.0000 0.0000
380.03 15.07.2018 11.20.01 25.60436 300.7648 479.5070 1.3030 -3.5390 6.4560 409.7746 221.2197 389.1054 490.2812 -91.6352 0.0000 0.0000
390.03 15.07.2018 11.30.01 25.78774 300.8266 459.3943 1.2484 -3.5468 6.3935 396.2615 213.3641 389.6697 488.3655 -88.9273 0.0000 0.0000
400.03 15.07.2018 11.40.01 25.96536 300.9112 457.5437 1.2433 -3.5444 6.3837 384.4679 206.4378 390.4020 486.6233 -86.1698 0.0000 0.0000
410.03 15.07.2018 11.50.01 26.14120 300.9793 437.6288 1.1892 -3.5500 6.3189 371.6992 198.9679 390.9503 484.5050 -83.8892 0.0000 0.0000
420.03 15.07.2018 12.00.01 26.31008 301.0373 403.9689 1.0977 -3.5391 6.1825 357.5335 190.7140 391.3405 482.0415 -81.7309 0.0000 0.0000
430.03 15.07.2018 12.10.01 26.46896 301.2382 443.8123 1.2060 -3.5019 6.2772 345.9286 183.9106 392.2944 481.1671 -76.5874 0.0000 0.0000
440.03 15.07.2018 12.20.01 26.63894 301.3556 659.8697 1.7931 -3.5405 7.1115 343.9568 182.3291 392.9126 480.0061 -78.2500 0.0000 0.0000
450.03 15.07.2018 12.30.01 26.87020 301.3283 970.9602 2.6385 -3.8807 8.6923 351.8717 186.1162 393.3098 479.1205 -84.7549 0.0000 0.0000
460.03 15.07.2018 12.40.01 27.18838 301.2727 1120.3276 3.0444 -4.6367 10.2414 360.4329 190.2590 393.9707 479.0137 -87.8657 0.0000 0.0000
470.03 15.07.2018 12.50.01 27.54855 301.1646 1147.6464 3.1186 -5.5823 11.6012 366.3327 192.9476 394.2220 478.5904 -91.0658 0.0000 0.0000
480.03 15.07.2018 13.00.01 27.91747 301.1060 1186.0314 3.2229 -6.5546 13.0367 373.5080 196.3445 394.6629 478.6292 -94.0644 0.0000 0.0000
490.03 15.07.2018 13.10.01 28.29781 301.1209 1179.9736 3.2065 -7.5663 14.3637 378.2660 198.5187 395.0933 479.5281 -92.7614 0.0000 0.0000
500.03 15.07.2018 13.20.01 28.67724 301.1382 1140.0327 3.0979 -8.5540 15.5359 381.0099 199.6012 395.2649 480.1923 -91.7745 0.0000 0.0000
510.03 15.07.2018 13.30.01 29.04611 301.1006 1070.3092 2.9084 -9.4769 16.5138 381.2366 199.3199 395.0018 480.3977 -90.8600 0.0000 0.0000
520.03 15.07.2018 13.40.01 29.39590 301.0929 1049.5321 2.8520 -10.3020 17.5387 382.8541 199.7971 394.7398 480.8206 -89.9187 0.0000 0.0000
530.03 15.07.2018 13.50.01 29.73980 301.0945 1028.5547 2.7950 -11.0977 18.5236 384.3869 200.2537 394.5800 481.3512 -88.8959 0.0000 0.0000
540.03 15.07.2018 14.00.01 30.07754 301.0624 968.4528 2.6317 -11.8630 19.3262 383.6867 199.5089 394.2905 481.5926 -87.6061 0.0000 0.0000
550.03 15.07.2018 14.10.01 30.39755 301.0467 793.7375 2.1569 -12.5432 19.6001 374.6141 194.6847 394.9925 482.4817 -81.8518 0.0000 0.0000
560.03 15.07.2018 14.20.01 30.66815 301.0384 618.9153 1.6818 -12.9875 19.5592 362.1758 188.0785 395.2526 482.7984 -75.7056 0.0000 0.0000
570.03 15.07.2018 14.30.01 30.88885 301.0344 480.4869 1.3057 -13.2054 19.3481 348.6461 180.9458 395.3156 482.8674 -69.5782 0.0000 0.0000
580.03 15.07.2018 14.40.01 31.06896 301.0467 313.7681 0.8526 -13.2508 18.8046 331.5196 171.9482 395.2205 482.2916 -63.2235 0.0000 0.0000
590.03 15.07.2018 14.50.01 31.20077 301.1158 196.9844 0.5353 -13.0920 18.1697 309.6813 160.1924 395.2179 480.7869 -56.5865 0.0000 0.0000
600.03 15.07.2018 15.00.01 31.29766 301.2045 74.8839 0.2035 -12.7981 17.3355 284.6439 146.6667 394.9931 478.2536 -50.7120 0.0000 0.0000
610.03 15.07.2018 15.10.01 31.35885 301.1846 156.0712 0.4241 -12.3811 17.0736 275.2603 141.6134 394.0185 475.8846 -51.8828 0.0000 0.0000
620.03 15.07.2018 15.20.01 31.44109 301.0845 207.8444 0.5648 -12.1004 16.8869 256.8034 131.0595 393.2944 472.1427 -51.4519 0.0000 0.0000
630.03 15.07.2018 15.30.01 31.53558 300.9043 207.2064 0.5631 -11.9138 16.6358 249.5778 127.2929 392.4724 469.4782 -53.0865 0.0000 0.0000
640.03 15.07.2018 15.40.01 31.62774 300.7534 139.7905 0.3799 -11.7488 16.1715 240.0977 122.3744 391.3583 466.4166 -54.0112 0.0000 0.0000
650.03 15.07.2018 15.50.01 31.69949 300.6298 88.4528 0.2404 -11.5149 15.6737 230.9449 117.6776 390.3470 463.3987 -54.9369 0.0000 0.0000
660.03 15.07.2018 16.00.01 31.74853 300.5275 -953.9532 -2.5923 -11.2351 11.5238 211.7183 109.6917 389.1642 459.6596 -54.5074 0.0000 0.0000
670.03 15.07.2018 16.10.01 31.51403 300.3601 -418.2922 -1.1367 -9.5821 11.2606 202.7115 104.8060 387.0418 457.0183 -51.5690 0.0000 0.0000
680.03 15.07.2018 16.20.01 31.42104 300.1924 -175.2780 -0.4763 -8.7276 11.0017 193.9970 100.0925 384.9989 454.5279 -48.5427 0.0000 0.0000
690.03 15.07.2018 16.30.01 31.39248 300.0205 -69.7800 -0.1896 -8.2351 10.7273 185.3512 95.4319 382.9413 452.0525 -45.6570 0.0000 0.0000
700.03 15.07.2018 16.40.01 31.39135 299.8375 -35.9359 -0.0977 -7.9042 10.4087 167.3537 85.2068 380.7448 448.2618 -40.8909 0.0000 0.0000
710.03 15.07.2018 16.50.01 31.39849 299.6464 -32.5160 -0.0884 -7.6354 10.0627 159.0035 80.7909 378.5353 445.6667 -38.2727 0.0000 0.0000
720.03 15.07.2018 17.00.01 31.40518 299.3917 -44.2486 -0.1202 -7.3885 9.6910 150.6212 76.3750 376.3492 442.6305 -37.4374 0.0000 0.0000
730.03 15.07.2018 17.10.01 31.40704 299.1812 -54.5841 -0.1483 -7.1461 9.3303 143.5944 72.7335 374.6170 439.9936 -35.7639 0.0000 0.0000
740.03 15.07.2018 17.20.01 31.39865 298.9719 -990.5735 -2.6918 -6.9083 5.6221 127.4544 66.1495 372.9128 436.7154 -33.3143 0.0000 0.0000
750.03 15.07.2018 17.30.01 31.13564 298.7603 -529.3318 -1.4384 -5.4350 5.3288 120.4820 62.4899 371.1754 434.0855 -31.4513 0.0000 0.0000
760.03 15.07.2018 17.40.01 30.99407 298.5514 -333.2911 -0.9057 -4.6534 4.9969 112.7002 58.4322 369.4971 431.4811 -29.6163 0.0000 0.0000
770.03 15.07.2018 17.50.01 30.90402 298.3436 -250.9650 -0.6820 -4.1702 4.6510 104.1358 53.9157 367.8117 428.8164 -27.6027 0.0000 0.0000
780.03 15.07.2018 18.00.01 30.83502 298.1351 -221.3530 -0.6015 -3.8198 4.2911 95.9758 49.6527 366.1025 426.1961 -25.7395 0.0000 0.0000
790.03 15.07.2018 18.10.01 30.77245 297.6105 -249.2700 -0.6774 -3.5279 3.8007 78.3248 39.9935 364.2949 422.0061 -24.1675 0.0000 0.0000
800.03 15.07.2018 18.20.01 30.70052 297.0826 -281.6144 -0.7653 -3.2197 3.2726 67.5490 34.4879 362.2175 418.6351 -23.1835 0.0000 0.0000
810.03 15.07.2018 18.30.01 30.61782 296.5561 -303.8317 -0.8256 -2.8918 2.7549 57.0048 29.1139 360.1858 415.2533 -22.2452 0.0000 0.0000
820.03 15.07.2018 18.40.01 30.52667 296.0307 -375.0533 -1.0192 -2.5586 2.0525 42.7603 21.9340 358.1333 411.6697 -21.0292 0.0000 0.0000
830.03 15.07.2018 18.50.01 30.41381 295.5013 -425.2113 -1.1555 -2.1549 1.3326 28.1006 14.5183 355.9278 407.8602 -19.5610 0.0000 0.0000
840.03 15.07.2018 19.00.01 30.28475 294.9701 -458.2445 -1.2452 -1.7123 0.6227 13.5135 7.1373 353.7038 403.9609 -17.9507 0.0000 0.0000
850.03 15.07.2018 19.10.01 30.14514 294.3318 -335.2330 -0.9110 -1.2563 0.4605 10.3154 5.4053 351.5509 400.4467 -17.2405 0.0000 0.0000
860.03 15.07.2018 19.20.01 30.03726 293.6990 -243.9922 -0.6630 -0.9980 0.4466 8.6227 4.4646 349.8035 397.4200 -17.2387 0.0000 0.0000
870.03 15.07.2018 19.30.01 29.95269 293.0709 -224.9737 -0.6113 -0.8841 0.3636 6.9422 3.5834 348.1300 394.5558 -17.4609 0.0000 0.0000
880.03 15.07.2018 19.40.01 29.87206 292.4418 -230.2426 -0.6257 -0.8114 0.2477 4.7607 2.4646 346.4851 391.8131 -17.6333 0.0000 0.0000
890.03 15.07.2018 19.50.01 29.78884 291.8162 -237.7786 -0.6461 -0.7453 0.1323 2.7330 1.4376 344.8750 389.1870 -17.8743 0.0000 0.0000
900.03 15.07.2018 20.00.01 29.70245 291.1979 -246.2597 -0.6692 -0.6840 0.0197 0.3550 0.1981 343.2483 386.5878 -18.0884 0.0000 0.0000
910.03 15.07.2018 20.10.01 29.61266 290.7662 -229.1322 -0.6226 -0.6253 0.0036 0.0638 0.0356 341.6255 384.3923 -17.7385 0.0000 0.0000
920.03 15.07.2018 20.20.01 29.52664 290.3386 -221.5094 -0.6019 -0.6024 0.0006 0.0115 0.0064 340.0881 382.3570 -17.5400 0.0000 0.0000
930.03 15.07.2018 20.30.01 29.44167 289.9108 -221.0094 -0.6006 -0.6007 0.0001 0.0021 0.0012 338.5867 380.4165 -17.4548 0.0000 0.0000
940.03 15.07.2018 20.40.01 29.35613 289.4828 -224.8469 -0.6110 -0.6110 0.0000 0.0004 0.0002 337.1161 378.5901 -17.2701 0.0000 0.0000
950.03 15.07.2018 20.50.01 29.26879 289.0709 -230.3078 -0.6258 -0.6258 0.0000 0.0001 0.0000 335.6451 376.8386 -17.1273 0.0000 0.0000
960.03 15.07.2018 21.00.01 29.17913 288.6652 -236.6598 -0.6431 -0.6431 0.0000 0.0000 0.0000 334.1983 375.1665 -16.9918 0.0000 0.0000
970.03 15.07.2018 21.10.01 29.08703 288.4283 -242.5579 -0.6591 -0.6591 0.0000 0.0000 0.0000 332.9707 373.8745 -15.5168 0.0000 0.0000
980.03 15.07.2018 21.20.01 28.99301 288.4697 -247.1990 -0.6717 -0.6717 0.0000 0.0000 0.0000 331.7567 372.7111 -14.1963 0.0000 0.0000
990.03 15.07.2018 21.30.01 28.89730 288.3100 -251.7836 -0.6842 -0.6842 0.0000 0.0000 0.0000 330.7125 371.1620 -15.2708 0.0000 0.0000
1000.03 15.07.2018 21.40.01 28.79934 288.3604 -256.8578 -0.6980 -0.6980 0.0000 0.0000 0.0000 329.7885 370.5671 -12.2973 0.0000 0.0000
1010.03 15.07.2018 21.50.01 28.69985 287.1274 -262.9568 -0.7146 -0.7146 0.0000 0.0000 0.0000 328.2517 368.0382 -17.3638 0.0000 0.0000
1020.03 15.07.2018 22.00.01 28.59551 286.6133 -282.3010 -0.7671 -0.7671 0.0000 0.0000 0.0000 327.1609 365.5930 -21.7395 0.0000 0.0000
1030.03 15.07.2018 22.10.01 28.48297 286.4838 -302.3898 -0.8217 -0.8217 0.0000 0.0000 0.0000 326.3989 364.3173 -20.8714 0.0000 0.0000
1040.03 15.07.2018 22.20.01 28.36474 286.3646 -312.2340 -0.8485 -0.8485 0.0000 0.0000 0.0000 325.6785 363.1713 -20.0662 0.0000 0.0000
1050.03 15.07.2018 22.30.01 28.24395 286.2437 -316.2623 -0.8594 -0.8594 0.0000 0.0000 0.0000 324.9581 362.0899 -19.3836 0.0000 0.0000
1060.03 15.07.2018 22.40.01 28.12219 286.1151 -318.1132 -0.8644 -0.8644 0.0000 0.0000 0.0000 324.2561 361.0666 -18.7840 0.0000 0.0000
1070.03 15.07.2018 22.50.01 27.99963 285.9881 -318.4543 -0.8654 -0.8654 0.0000 0.0000 0.0000 323.5699 360.0917 -18.2618 0.0000 0.0000
1080.03 15.07.2018 23.00.01 27.87695 285.8562 -318.9571 -0.8667 -0.8667 0.0000 0.0000 0.0000 322.8977 359.1531 -17.8192 0.0000 0.0000
1090.03 15.07.2018 23.10.01 27.75448 285.8129 -317.3263 -0.8623 -0.8623 0.0000 0.0000 0.0000 322.5151 358.9135 -14.8808 0.0000 0.0000
1100.03 15.07.2018 23.20.01 27.63436 286.1472 -307.4505 -0.8355 -0.8355 0.0000 0.0000 0.0000 322.0297 358.7726 -12.0273 0.0000 0.0000
1110.03 15.07.2018 23.30.01 27.51821 286.1469 -299.8599 -0.8148 -0.8148 0.0000 0.0000 0.0000 321.4416 357.6919 -13.5530 0.0000 0.0000
1120.03 15.07.2018 23.40.01 27.40286 286.3166 -301.2360 -0.8186 -0.8186 0.0000 0.0000 0.0000 321.1452 357.6351 -10.8003 0.0000 0.0000
1130.03 15.07.2018 23.50.01 27.28774 285.6631 -299.0710 -0.8127 -0.8127 0.0000 0.0000 0.0000 320.6336 356.3096 -13.5569 0.0000 0.0000
1140.03 16.07.2018 00.00.01 27.17202 285.2082 -305.7717 -0.8309 -0.8309 0.0000 0.0000 0.0000 320.0693 354.6619 -17.0172 0.0000 0.0000
1150.03 16.07.2018 00.10.01 27.05233 285.2124 -316.6989 -0.8606 -0.8606 0.0000 0.0000 0.0000 319.6814 354.0714 -15.8662 0.0000 0.0000
1160.03 16.07.2018 00.20.01 26.92980 285.2241 -320.8978 -0.8720 -0.8720 0.0000 0.0000 0.0000 319.3821 353.5680 -14.8211 0.0000 0.0000
1170.03 16.07.2018 00.30.01 26.80645 285.2410 -320.6857 -0.8714 -0.8714 0.0000 0.0000 0.0000 319.1145 353.1167 -13.8728 0.0000 0.0000
1180.03 16.07.2018 00.40.01 26.68374 285.2610 -319.2140 -0.8674 -0.8674 0.0000 0.0000 0.0000 318.8637 352.7115 -12.9801 0.0000 0.0000
1190.03 16.07.2018 00.50.01 26.56170 285.2762 -316.8831 -0.8611 -0.8611 0.0000 0.0000 0.0000 318.5647 352.3162 -12.1781 0.0000 0.0000
1200.03 16.07.2018 01.00.01 26.44055 285.2943 -314.7188 -0.8552 -0.8552 0.0000 0.0000 0.0000 318.2952 351.9467 -11.4417 0.0000 0.0000
1210.03 16.07.2018 01.10.01 26.31991 285.1517 -313.6686 -0.8524 -0.8524 0.0000 0.0000 0.0000 317.9097 351.3503 -11.7834 0.0000 0.0000
1220.03 16.07.2018 01.20.01 26.19891 285.0108 -316.7173 -0.8606 -0.8606 0.0000 0.0000 0.0000 317.5266 350.7115 -12.1851 0.0000 0.0000
1230.03 16.07.2018 01.30.01 26.07635 284.8723 -321.6884 -0.8742 -0.8742 0.0000 0.0000 0.0000 317.1319 350.0446 -12.6016 0.0000 0.0000
1240.03 16.07.2018 01.40.01 25.95187 284.7614 -326.3235 -0.8867 -0.8867 0.0000 0.0000 0.0000 316.7369 349.5048 -12.4358 0.0000 0.0000
1250.03 16.07.2018 01.50.01 25.82598 284.6556 -328.6713 -0.8931 -0.8931 0.0000 0.0000 0.0000 316.3478 348.9817 -12.2534 0.0000 0.0000
1260.03 16.07.2018 02.00.01 25.69964 284.5472 -329.8346 -0.8963 -0.8963 0.0000 0.0005 0.0003 315.9492 348.4585 -12.0983 0.0000 0.0000
1270.03 16.07.2018 02.10.01 25.57339 284.5493 -323.9284 -0.8802 -0.8893 0.0121 0.3249 0.1730 315.6289 348.4634 -9.9012 0.0000 0.0000
1280.03 16.07.2018 02.20.01 25.45046 284.6867 -312.2633 -0.8485 -0.8689 0.0272 0.7005 0.3743 315.2077 348.1500 -9.3555 0.0000 0.0000
1290.03 16.07.2018 02.30.01 25.33062 284.8618 -307.8573 -0.8366 -0.8686 0.0427 1.0851 0.5806 314.8747 347.6738 -9.7079 0.0000 0.0000
1300.03 16.07.2018 02.40.01 25.21136 285.0091 -306.9419 -0.8341 -0.8779 0.0584 1.4714 0.7879 314.6515 347.9402 -7.0576 0.0000 0.0000
1310.03 16.07.2018 02.50.01 25.09390 284.1913 -302.3996 -0.8217 -0.8773 0.0740 1.8579 0.9953 314.1434 346.7198 -10.9107 0.0000 0.0000
1320.03 16.07.2018 03.00.01 24.97552 283.9367 -311.6108 -0.8468 -0.9141 0.0898 2.2475 1.2043 313.7436 345.4704 -13.9176 0.0000 0.0000
1330.03 16.07.2018 03.10.01 24.85266 284.1084 -304.5754 -0.8277 -0.9561 0.1712 4.3971 2.3508 313.6445 345.3689 -12.7356 0.0000 0.0000
1340.03 16.07.2018 03.20.01 24.73245 284.2887 -292.8219 -0.7957 -0.9973 0.2687 6.8254 3.6523 313.7027 345.4610 -11.7191 0.0000 0.0000
1350.03 16.07.2018 03.30.01 24.61651 284.4728 -281.2708 -0.7643 -1.0410 0.3689 9.3028 4.9813 313.8303 345.6651 -10.8113 0.0000 0.0000
1360.03 16.07.2018 03.40.01 24.50479 284.6590 -270.7556 -0.7357 -1.0880 0.4696 11.7891 6.3153 313.9984 345.9541 -10.0004 0.0000 0.0000
1370.03 16.07.2018 03.50.01 24.39691 284.8448 -261.1676 -0.7097 -1.1375 0.5704 14.2771 7.6502 314.1983 346.3134 -9.2704 0.0000 0.0000
1380.03 16.07.2018 04.00.01 24.29260 285.0357 -252.4400 -0.6860 -1.1894 0.6712 16.7649 8.9850 314.4253 346.7365 -8.5959 0.0000 0.0000
1390.03 16.07.2018 04.10.01 24.19183 285.8437 -243.0992 -0.6606 -1.2331 0.7633 19.0203 10.1960 316.0493 348.4026 -4.2461 0.0000 0.0000
1400.03 16.07.2018 04.20.01 24.09658 286.7720 -224.8731 -0.6111 -1.2511 0.8533 21.2389 11.3866 317.7625 350.0498 -0.9096 0.0000 0.0000
1410.03 16.07.2018 04.30.01 24.00872 287.5645 -207.0017 -0.5625 -1.2697 0.9430 23.4510 12.5735 319.5278 351.5969 1.6733 0.0000 0.0000
1420.03 16.07.2018 04.40.01 23.92672 288.3721 -193.7625 -0.5265 -1.3009 1.0325 25.6620 13.7598 321.3130 353.3698 3.5426 0.0000 0.0000
1430.03 16.07.2018 04.50.01 23.84960 289.0338 -181.4314 -0.4930 -1.3346 1.1221 82.3777 45.2157 323.0543 359.6144 0.6260 0.0000 0.0000
1440.03 16.07.2018 05.00.01 23.77715 289.8148 -134.7318 -0.3661 -1.3717 1.3408 96.1502 52.8680 325.6939 363.9974 0.7301 0.0000 0.0000
1450.03 16.07.2018 05.10.01 23.71887 290.4668 -129.5373 -0.3520 -1.4535 1.4687 382.8793 212.3043 327.6836 392.3487 -26.3625 0.0000 0.0000
1460.03 16.07.2018 05.20.01 23.66461 291.3515 69.5577 0.1890 -1.5258 2.2864 686.0260 381.0708 333.7381 432.5320 -65.4773 0.0000 0.0000
1470.03 16.07.2018 05.30.01 23.66778 292.2529 239.3926 0.6505 -1.8375 3.3174 994.2198 552.7308 341.7837 480.6535 -113.6691 0.0000 0.0000
1480.03 16.07.2018 05.40.01 23.72204 293.2378 380.6382 1.0343 -2.3261 4.4806 947.3879 526.7762 351.0346 493.8137 -135.3721 0.0000 0.0000
1490.03 16.07.2018 05.50.01 23.81945 294.0282 202.8861 0.5513 -2.9297 4.6414 879.9827 489.2341 354.2458 496.7689 -148.0231 0.0000 0.0000
1500.03 16.07.2018 06.00.01 23.87332 294.6649 79.5806 0.2163 -3.2225 4.5850 824.4398 458.9701 356.0038 497.6295 -159.5583 0.0000 0.0000
1510.03 16.07.2018 06.10.01 23.89712 295.0612 28.7195 0.0780 -3.2992 4.5030 789.8219 439.4798 357.3703 500.0813 -159.5003 0.0000 0.0000
1520.03 16.07.2018 06.20.01 23.90997 295.4403 46.9657 0.1276 -3.2689 4.5287 755.8375 420.2888 359.0748 501.6396 -158.0958 0.0000 0.0000
1530.03 16.07.2018 06.30.01 23.93102 295.8001 63.3588 0.1722 -3.2214 4.5248 721.2346 400.7480 360.5468 501.9316 -155.4996 0.0000 0.0000
1540.03 16.07.2018 06.40.01 23.96038 296.1598 102.9815 0.2798 -3.1492 4.5721 698.8434 388.0053 362.0680 502.6920 -152.9605 0.0000 0.0000
1550.03 16.07.2018 06.50.01 24.00451 296.5198 138.4808 0.3763 -3.0827 4.6120 681.7644 378.4554 363.6008 503.6725 -150.9273 0.0000 0.0000
1560.03 16.07.2018 07.00.01 24.06231 296.8792 174.2559 0.4735 -3.0158 4.6525 666.0179 369.7043 365.1048 504.4150 -148.6716 0.0000 0.0000
1570.03 16.07.2018 07.10.01 24.13363 297.1898 203.1264 0.5520 -2.9514 4.6712 656.7625 364.5665 366.7440 505.4660 -147.1393 0.0000 0.0000
1580.03 16.07.2018 07.20.01 24.21639 297.5021 244.9939 0.6657 -2.8837 4.7326 647.7352 359.5335 368.5203 506.5293 -145.3317 0.0000 0.0000
1590.03 16.07.2018 07.30.01 24.31387 297.8150 275.3221 0.7482 -2.8338 4.7759 637.7014 353.9099 370.2532 507.4220 -142.8273 0.0000 0.0000
1600.03 16.07.2018 07.40.01 24.42272 298.1419 316.1756 0.8592 -2.7893 4.8646 631.1210 350.1908 372.0730 508.9363 -139.2969 0.0000 0.0000
1610.03 16.07.2018 07.50.01 24.54534 298.4697 335.7119 0.9123 -2.7683 4.9074 623.0214 345.5949 373.9435 510.4125 -135.2006 0.0000 0.0000
1620.03 16.07.2018 08.00.01 24.67568 298.7998 352.7287 0.9585 -2.7448 4.9377 613.7695 340.3169 375.8080 511.7275 -130.9382 0.0000 0.0000
1630.03 16.07.2018 08.10.01 24.81289 299.0693 379.3852 1.0309 -2.7186 4.9993 605.1899 335.4097 377.2225 512.5400 -128.6971 0.0000 0.0000
1640.03 16.07.2018 08.20.01 24.95928 299.3460 392.3670 1.0662 -2.7047 5.0279 595.5608 329.8978 378.4791 513.0992 -126.1236 0.0000 0.0000
1650.03 16.07.2018 08.30.01 25.11111 299.6339 418.8759 1.1382 -2.6882 5.1020 586.3891 324.6258 379.7559 513.6444 -123.4948 0.0000 0.0000
1660.03 16.07.2018 08.40.01 25.27145 299.9161 425.8065 1.1571 -2.6913 5.1311 577.9987 319.7620 380.9293 514.7667 -118.1663 0.0000 0.0000
1670.03 16.07.2018 08.50.01 25.43472 300.2019 436.9149 1.1873 -2.6909 5.1710 569.3719 314.7483 382.1226 515.8864 -113.2791 0.0000 0.0000
1680.03 16.07.2018 09.00.01 25.60214 300.5047 456.0214 1.2392 -2.6954 5.2461 560.6969 309.6790 383.3368 516.8732 -109.0270 0.0000 0.0000
1690.03 16.07.2018 09.10.01 25.77569 300.7511 486.3978 1.3217 -2.7151 5.3825 550.8773 303.9125 384.4102 516.9261 -107.4243 0.0000 0.0000
1700.03 16.07.2018 09.20.01 25.95840 300.9378 512.0726 1.3915 -2.7675 5.5454 541.2289 298.2288 385.4329 516.6067 -106.5459 0.0000 0.0000
1710.03 16.07.2018 09.30.01 26.14898 301.0436 538.0794 1.4622 -2.8460 5.7442 532.2131 292.8974 386.1938 515.2754 -109.3819 0.0000 0.0000
1720.03 16.07.2018 09.40.01 26.34747 301.0918 563.5414 1.5314 -2.9515 5.9771 525.5526 288.8557 387.3003 514.1780 -110.9717 0.0000 0.0000
1730.03 16.07.2018 09.50.01 26.55383 301.1109 606.0006 1.6467 -3.0829 6.3061 520.0571 285.4407 388.6119 513.0316 -113.2534 0.0000 0.0000
1740.03 16.07.2018 10.00.01 26.77255 301.1279 609.0270 1.6550 -3.2632 6.5575 512.7917 281.0229 389.9022 511.4620 -115.5572 0.0000 0.0000
1750.03 16.07.2018 10.10.01 26.99294 301.4475 646.0645 1.7556 -3.4398 6.9272 498.0923 272.4971 391.6223 511.3395 -108.2867 0.0000 0.0000
1760.03 16.07.2018 10.20.01 27.22381 301.6565 629.2648 1.7100 -3.6613 7.1617 481.4905 262.9316 393.1203 510.1817 -103.7871 0.0000 0.0000
1770.03 16.07.2018 10.30.01 27.45007 301.7364 579.1627 1.5738 -3.8558 7.2395 462.5837 252.1012 393.9174 507.4481 -102.4033 0.0000 0.0000
1780.03 16.07.2018 10.40.01 27.66314 301.8046 606.2758 1.6475 -3.9799 7.5032 449.2438 244.3437 395.2614 505.6748 -99.5331 0.0000 0.0000
1790.03 16.07.2018 10.50.01 27.88433 301.8046 589.1784 1.6010 -4.1354 7.6486 434.5138 235.8413 396.5302 503.4861 -97.5936 0.0000 0.0000
1800.03 16.07.2018 11.00.01 28.10085 301.7836 582.8527 1.5838 -4.2707 7.8061 420.1237 227.5327 397.7600 501.1807 -96.3263 0.0000 0.0000
1810.03 16.07.2018 11.10.01 28.31448 302.1721 506.2698 1.3757 -4.4035 7.7057 414.2455 223.9215 398.7574 503.8813 -79.1565 0.0000 0.0000
1820.03 16.07.2018 11.20.01 28.50594 302.1693 465.2127 1.2642 -4.4433 7.6099 408.0594 220.1219 399.5275 502.7834 -80.9224 0.0000 0.0000
1830.03 16.07.2018 11.30.01 28.68551 301.9497 443.5927 1.2054 -4.4379 7.5245 401.4706 216.0729 399.8187 499.5375 -91.1717 0.0000 0.0000
1840.03 16.07.2018 11.40.01 28.85754 302.2497 443.4085 1.2049 -4.4196 7.4994 395.7831 212.4878 401.6683 500.8749 -80.4847 0.0000 0.0000
1850.03 16.07.2018 11.50.01 29.02795 301.8240 421.8701 1.1464 -4.4171 7.4180 388.6470 208.0762 403.0354 498.0155 -87.3810 0.0000 0.0000
1860.03 16.07.2018 12.00.01 29.19082 301.5083 382.2527 1.0387 -4.4105 7.2656 379.6298 202.5905 401.8729 493.4318 -94.9446 0.0000 0.0000
1870.03 16.07.2018 12.10.01 29.34173 301.5267 452.7054 1.2302 -4.3707 7.4679 366.9903 195.3049 401.9636 490.9184 -94.9110 0.0000 0.0000
1880.03 16.07.2018 12.20.01 29.51220 301.5662 644.7022 1.7519 -4.4459 8.2637 362.1327 192.2406 401.7860 489.1652 -95.6058 0.0000 0.0000
1890.03 16.07.2018 12.30.01 29.73669 301.6019 915.2419 2.4871 -4.7933 9.7072 366.1088 193.9878 401.4349 488.3432 -97.9965 0.0000 0.0000
1900.03 16.07.2018 12.40.01 30.03655 301.6438 1027.9423 2.7933 -5.5017 11.0600 370.2149 195.8261 401.0520 487.6295 -99.8154 0.0000 0.0000
1910.03 16.07.2018 12.50.01 30.36843 301.6836 1029.4109 2.7973 -6.3467 12.1920 371.6336 196.2187 400.3151 486.5059 -101.3799 0.0000 0.0000
1920.03 16.07.2018 13.00.01 30.70184 301.7340 1038.1953 2.8212 -7.1815 13.3369 373.8076 197.0553 399.6983 485.5051 -103.0570 0.0000 0.0000
1930.03 16.07.2018 13.10.01 31.03814 301.7078 1004.2148 2.7288 -8.0199 14.3317 371.9421 196.0042 399.8431 485.1751 -102.0102 0.0000 0.0000
1940.03 16.07.2018 13.20.01 31.36437 301.6668 858.7768 2.3336 -8.8038 14.8499 364.6954 192.0839 399.4746 484.1234 -99.7212 0.0000 0.0000
1950.03 16.07.2018 13.30.01 31.64984 301.6321 755.0308 2.0517 -9.3926 15.2591 357.6086 188.3419 399.1289 483.1160 -97.4080 0.0000 0.0000
1960.03 16.07.2018 13.40.01 31.90515 301.5971 628.8710 1.7089 -9.8485 15.4098 348.5498 183.6184 398.7708 481.9633 -94.4778 0.0000 0.0000
1970.03 16.07.2018 13.50.01 32.12377 301.5646 496.5287 1.3493 -10.1457 15.3266 337.8474 178.0854 398.3428 480.5095 -91.4740 0.0000 0.0000
1980.03 16.07.2018 14.00.01 32.30364 301.5244 350.1498 0.9515 -10.2804 14.9758 325.0331 171.4865 397.8444 478.7139 -88.1921 0.0000 0.0000
1990.03 16.07.2018 14.10.01 32.44155 301.4519 350.5351 0.9525 -10.2441 14.9289 317.1268 167.2211 396.8601 476.3200 -87.9142 0.0000 0.0000
2000.03 16.07.2018 14.20.01 32.57705 301.3824 326.6227 0.8876 -10.2347 14.8297 309.0630 162.9007 395.7880 473.9636 -87.1949 0.0000 0.0000
2010.03 16.07.2018 14.30.01 32.70422 301.3127 288.1438 0.7830 -10.2179 14.6678 300.7476 158.4766 394.7521 471.6768 -85.9155 0.0000 0.0000
2020.03 16.07.2018 14.40.01 32.81854 301.2455 222.1142 0.6036 -10.1679 14.3619 290.8837 153.2488 393.6393 469.3248 -83.7502 0.0000 0.0000
2030.03 16.07.2018 14.50.01 32.91274 301.1805 171.2912 0.4655 -10.0495 14.0199 278.7872 146.7087 392.5740 466.8356 -80.6342 0.0000 0.0000
2040.03 16.07.2018 15.00.01 32.99081 301.1118 113.7597 0.3091 -9.8830 13.5895 265.1163 139.2898 391.5165 464.2527 -76.8581 0.0000 0.0000
2050.03 16.07.2018 15.10.01 33.05245 301.0836 307.7241 0.8362 -9.6658 14.0026 262.9802 137.6675 390.0582 462.6230 -73.7301 0.0000 0.0000
2060.03 16.07.2018 15.20.01 33.16680 301.0586 434.1429 1.1797 -9.7266 14.5418 255.0695 132.4853 388.9287 460.7451 -68.8793 0.0000 0.0000
2070.03 16.07.2018 15.30.01 33.31576 301.0324 508.6717 1.3823 -9.9639 15.1282 253.8151 131.2611 387.8895 459.5180 -66.8895 0.0000 0.0000
2080.03 16.07.2018 15.40.01 33.48559 301.0080 575.9120 1.5650 -10.3020 15.8226 253.2603 130.2985 386.7777 458.4698 -64.6517 0.0000 0.0000
2090.03 16.07.2018 15.50.01 33.67425 300.9853 630.1286 1.7123 -10.7287 16.5880 253.2640 129.6175 385.7423 457.5742 -62.9045 0.0000 0.0000
2100.03 16.07.2018 16.00.01 33.87087 300.9663 -487.0618 -1.3235 -11.2251 13.2021 241.6440 125.0951 384.7012 456.0818 -59.8073 0.0000 0.0000
2110.03 16.07.2018 16.10.01 33.76376 300.8141 -235.4918 -0.6399 -10.2221 12.7762 230.0171 118.9377 383.6196 454.4132 -58.2073 0.0000 0.0000
2120.03 16.07.2018 16.20.01 33.72048 300.6606 -149.1042 -0.4052 -9.6239 12.2916 217.8068 112.4744 382.3445 452.4225 -56.0810 0.0000 0.0000
2130.03 16.07.2018 16.30.01 33.69781 300.5068 -129.3228 -0.3514 -9.1823 11.7745 205.4828 105.9675 380.9948 450.2511 -53.8454 0.0000 0.0000
2140.03 16.07.2018 16.40.01 33.67782 300.3481 -162.8028 -0.4424 -8.7982 11.1411 182.7505 93.3609 379.5825 446.8593 -49.0184 0.0000 0.0000
2150.03 16.07.2018 16.50.01 33.64626 300.1846 -201.9034 -0.5487 -8.3969 10.4643 170.2002 86.8961 378.0765 444.3436 -46.6968 0.0000 0.0000
2160.03 16.07.2018 17.00.01 33.60165 300.0247 -240.8214 -0.6544 -7.9708 9.7551 157.5971 80.4239 376.6028 441.7685 -44.2246 0.0000 0.0000
2170.03 16.07.2018 17.10.01 33.54427 299.8039 -230.2538 -0.6257 -7.5202 9.1927 147.7911 75.3901 375.2360 439.2798 -42.1870 0.0000 0.0000
2180.03 16.07.2018 17.20.01 33.48226 299.5813 -1047.9827 -2.8478 -7.1129 5.6868 130.1213 67.8588 373.9108 436.3977 -39.0779 0.0000 0.0000
2190.03 16.07.2018 17.30.01 33.19726 299.3571 -614.5609 -1.6700 -5.6352 5.2869 120.8143 63.0020 372.5620 433.8962 -36.9832 0.0000 0.0000
2200.03 16.07.2018 17.40.01 33.02627 299.1334 -440.2758 -1.1964 -4.8102 4.8184 110.0120 57.4009 371.2423 431.3543 -34.6629 0.0000 0.0000
2210.03 16.07.2018 17.50.01 32.90072 298.9105 -369.6576 -1.0045 -4.2536 4.3322 98.5017 51.3883 369.8827 428.6822 -32.0899 0.0000 0.0000
2220.03 16.07.2018 18.00.01 32.79287 298.6846 -345.4434 -0.9387 -3.8148 3.8349 87.3137 45.5775 368.5171 426.0336 -29.4997 0.0000 0.0000
2230.03 16.07.2018 18.10.01 32.69024 298.3058 -332.4571 -0.9034 -3.4291 3.3676 72.0260 37.2379 366.9023 422.7371 -25.7893 0.0000 0.0000
2240.03 16.07.2018 18.20.01 32.58944 297.9323 -337.5305 -0.9172 -3.0830 2.8877 61.8118 31.9520 365.2042 419.8521 -23.5635 0.0000 0.0000
2250.03 16.07.2018 18.30.01 32.48559 297.5934 -344.6522 -0.9366 -2.7504 2.4184 51.8183 26.7908 363.5816 417.0413 -21.3095 0.0000 0.0000
2260.03 16.07.2018 18.40.01 32.37802 297.1993 -391.8444 -1.0648 -2.4273 1.8167 39.1718 20.3344 361.9329 414.0909 -18.9757 0.0000 0.0000
2270.03 16.07.2018 18.50.01 32.25594 296.8034 -425.4431 -1.1561 -2.0589 1.2038 26.2558 13.7248 360.1677 411.0007 -16.5769 0.0000 0.0000
2280.03 16.07.2018 19.00.01 32.12301 296.4110 -448.0174 -1.2174 -1.6656 0.5976 13.3828 7.1349 358.3892 407.8356 -14.2884 0.0000 0.0000
2290.03 16.07.2018 19.10.01 31.98278 295.6477 -343.8071 -0.9343 -1.2657 0.4419 10.2059 5.4093 356.6778 404.6935 -14.4587 0.0000 0.0000
2300.03 16.07.2018 19.20.01 31.86926 294.8809 -271.9608 -0.7390 -1.0355 0.3953 8.3255 4.3795 355.1665 401.9056 -15.0928 0.0000 0.0000
2310.03 16.07.2018 19.30.01 31.77392 294.1446 -252.5424 -0.6863 -0.9220 0.3143 6.5456 3.4359 353.7110 399.1924 -15.9628 0.0000 0.0000
2320.03 16.07.2018 19.40.01 31.68276 293.4100 -252.7623 -0.6869 -0.8484 0.2155 4.4902 2.3621 352.2909 396.5490 -16.7474 0.0000 0.0000
2330.03 16.07.2018 19.50.01 31.59063 292.6714 -256.8665 -0.6980 -0.7858 0.1171 2.5237 1.3412 350.8977 393.9692 -17.5941 0.0000 0.0000
2340.03 16.07.2018 20.00.01 31.49658 291.9486 -262.4236 -0.7131 -0.7283 0.0203 0.3616 0.2016 349.5147 391.4222 -18.3988 0.0000 0.0000
2350.03 16.07.2018 20.10.01 31.40029 291.7946 -246.6797 -0.6703 -0.6730 0.0036 0.0647 0.0361 350.4287 389.9109 -18.1766 0.0000 0.0000
2360.03 16.07.2018 20.20.01 31.30782 291.6122 -237.4514 -0.6452 -0.6457 0.0007 0.0117 0.0065 351.5297 388.5420 -18.5192 0.0000 0.0000
2370.03 16.07.2018 20.30.01 31.21761 291.4404 -233.7491 -0.6352 -0.6353 0.0001 0.0021 0.0012 352.6760 387.3202 -18.9573 0.0000 0.0000
2380.03 16.07.2018 20.40.01 31.12805 291.3138 -232.5009 -0.6318 -0.6318 0.0000 0.0004 0.0002 353.8848 386.3840 -18.7842 0.0000 0.0000
2390.03 16.07.2018 20.50.01 31.03918 291.1955 -231.4887 -0.6290 -0.6290 0.0000 0.0001 0.0000 355.1231 385.6102 -18.6337 0.0000 0.0000
2400.03 16.07.2018 21.00.01 30.95065 291.0740 -229.9735 -0.6249 -0.6249 0.0000 0.0000 0.0000 356.3739 384.9607 -18.5525 0.0000 0.0000
2410.03 16.07.2018 21.10.01 30.86276 291.4474 -229.8452 -0.6246 -0.6246 0.0000 0.0000 0.0000 356.3740 384.7392 -16.4014 0.0000 0.0000
2420.03 16.07.2018 21.20.01 30.77407 291.8504 -231.9746 -0.6304 -0.6304 0.0000 0.0000 0.0000 356.4739 384.6607 -14.0970 0.0000 0.0000
2430.03 16.07.2018 21.30.01 30.68441 292.2736 -235.0866 -0.6388 -0.6388 0.0000 0.0000 0.0000 356.6274 384.7407 -11.6391 0.0000 0.0000
2440.03 16.07.2018 21.40.01 30.59362 292.7087 -237.5904 -0.6456 -0.6456 0.0000 0.0000 0.0000 356.8395 384.9761 -9.0796 0.0000 0.0000
2450.03 16.07.2018 21.50.01 30.50207 293.1531 -239.1327 -0.6498 -0.6498 0.0000 0.0000 0.0000 357.1003 385.3616 -6.3796 0.0000 0.0000
2460.03 16.07.2018 22.00.01 30.41052 293.5928 -239.4030 -0.6506 -0.6506 0.0000 0.0000 0.0000 357.4161 385.9001 -3.5355 0.0000 0.0000
2470.03 16.07.2018 22.10.01 30.31896 293.2703 -238.1422 -0.6471 -0.6471 0.0000 0.0000 0.0000 357.6182 385.5956 -5.2927 0.0000 0.0000
2480.03 16.07.2018 22.20.01 30.22811 293.3393 -233.9908 -0.6358 -0.6358 0.0000 0.0000 0.0000 357.9066 385.7559 -4.1840 0.0000 0.0000
2490.03 16.07.2018 22.30.01 30.13961 292.8380 -229.6580 -0.6241 -0.6241 0.0000 0.0000 0.0000 357.7154 384.3115 -8.8258 0.0000 0.0000
2500.03 16.07.2018 22.40.01 30.05038 292.5406 -234.8612 -0.6382 -0.6382 0.0000 0.0000 0.0000 357.7305 384.2036 -7.8785 0.0000 0.0000
2510.03 16.07.2018 22.50.01 29.96057 292.0956 -233.9543 -0.6357 -0.6357 0.0000 0.0000 0.0000 357.8703 383.6372 -9.2810 0.0000 0.0000
2520.03 16.07.2018 23.00.01 29.86953 291.6454 -243.0348 -0.6604 -0.6604 0.0000 0.0000 0.0000 357.7229 382.1596 -13.8303 0.0000 0.0000
2530.03 16.07.2018 23.10.01 29.77303 291.5494 -258.5350 -0.7025 -0.7025 0.0000 0.0000 0.0000 357.5069 381.5994 -13.5675 0.0000 0.0000
2540.03 16.07.2018 23.20.01 29.67224 291.4553 -264.8574 -0.7197 -0.7197 0.0000 0.0000 0.0000 357.3936 381.1170 -13.3178 0.0000 0.0000
2550.03 16.07.2018 23.30.01 29.57055 291.3565 -265.8233 -0.7223 -0.7223 0.0000 0.0000 0.0000 357.3155 380.6640 -13.1324 0.0000 0.0000
2560.03 16.07.2018 23.40.01 29.46893 291.2637 -263.4562 -0.7159 -0.7159 0.0000 0.0000 0.0000 357.2700 380.2602 -12.8861 0.0000 0.0000
2570.03 16.07.2018 23.50.01 29.36855 291.1653 -259.9056 -0.7063 -0.7063 0.0000 0.0000 0.0000 357.2417 379.8599 -12.7480 0.0000 0.0000
2580.03 17.07.2018 00.00.01 29.26956 291.0686 -255.7699 -0.6950 -0.6950 0.0000 0.0000 0.0000 357.2184 379.4640 -12.6751 0.0000 0.0000
2590.03 17.07.2018 00.10.01 29.17227 291.1426 -250.8983 -0.6818 -0.6818 0.0000 0.0000 0.0000 356.9982 379.2831 -11.5808 0.0000 0.0000
2600.03 17.07.2018 00.20.01 29.07717 291.2163 -244.2490 -0.6637 -0.6637 0.0000 0.0000 0.0000 356.7972 379.1094 -10.6828 0.0000 0.0000
2610.03 17.07.2018 00.30.01 28.98467 291.2873 -238.2808 -0.6475 -0.6475 0.0000 0.0000 0.0000 356.5876 378.9087 -10.0781 0.0000 0.0000
2620.03 17.07.2018 00.40.01 28.89395 291.3473 -234.8280 -0.6381 -0.6381 0.0000 0.0000 0.0000 356.3078 378.6550 -9.7097 0.0000 0.0000
2630.03 17.07.2018 00.50.01 28.80392 291.4248 -234.8842 -0.6383 -0.6383 0.0000 0.0000 0.0000 356.0752 378.4351 -9.2547 0.0000 0.0000
2640.03 17.07.2018 01.00.01 28.71337 291.5029 -235.6650 -0.6404 -0.6404 0.0000 0.0000 0.0000 355.8862 378.1810 -9.0749 0.0000 0.0000
2650.03 17.07.2018 01.10.01 28.62240 291.5304 -237.7614 -0.6461 -0.6461 0.0000 0.0000 0.0000 355.2414 378.2110 -7.6156 0.0000 0.0000
2660.03 17.07.2018 01.20.01 28.53085 291.5433 -238.3398 -0.6477 -0.6477 0.0000 0.0000 0.0000 354.5196 378.0164 -7.1129 0.0000 0.0000
2670.03 17.07.2018 01.30.01 28.43899 291.3403 -240.4068 -0.6533 -0.6533 0.0000 0.0000 0.0000 353.4537 377.2408 -8.3305 0.0000 0.0000
2680.03 17.07.2018 01.40.01 28.34649 291.3006 -241.1903 -0.6554 -0.6554 0.0000 0.0000 0.0000 352.6589 377.2714 -6.0178 0.0000 0.0000
2690.03 17.07.2018 01.50.01 28.25469 291.0531 -239.1154 -0.6498 -0.6498 0.0000 0.0000 0.0000 351.8819 376.2515 -8.4948 0.0000 0.0000
2700.03 17.07.2018 02.00.01 28.16122 290.9427 -249.1910 -0.6771 -0.6772 0.0000 0.0006 0.0003 350.7387 375.1725 -10.3841 0.0000 0.0000
2710.03 17.07.2018 02.10.01 28.06301 290.6283 -257.6185 -0.7001 -0.7105 0.0140 0.3749 0.1997 347.7854 374.1839 -10.1941 0.0000 0.0000
2720.03 17.07.2018 02.20.01 27.96249 290.3105 -259.9821 -0.7065 -0.7300 0.0314 0.8082 0.4319 344.7978 372.9534 -10.5128 0.0000 0.0000
2730.03 17.07.2018 02.30.01 27.86151 289.9888 -260.4028 -0.7076 -0.7446 0.0493 1.2521 0.6700 341.7470 371.5769 -11.0731 0.0000 0.0000
2740.03 17.07.2018 02.40.01 27.76031 289.6930 -261.1188 -0.7096 -0.7601 0.0674 1.6978 0.9091 338.8036 370.3742 -10.5430 0.0000 0.0000
2750.03 17.07.2018 02.50.01 27.65917 289.4231 -259.0999 -0.7041 -0.7681 0.0854 2.1438 1.1485 335.8814 369.1604 -9.9213 0.0000 0.0000
2760.03 17.07.2018 03.00.01 27.55941 289.1634 -255.2596 -0.6936 -0.7714 0.1036 2.5939 1.3899 332.9028 367.9737 -9.0202 0.0000 0.0000
2770.03 17.07.2018 03.10.01 27.46163 289.1577 -226.0132 -0.6142 -0.7715 0.2098 5.4018 2.8873 332.6121 367.5786 -7.8442 0.0000 0.0000
2780.03 17.07.2018 03.20.01 27.37261 289.1928 -201.2645 -0.5469 -0.8001 0.3375 8.5830 4.5924 332.5597 367.4595 -7.0201 0.0000 0.0000
2790.03 17.07.2018 03.30.01 27.29138 289.2373 -183.9324 -0.4998 -0.8515 0.4689 11.8301 6.3343 332.5642 367.3752 -6.8693 0.0000 0.0000
2800.03 17.07.2018 03.40.01 27.21523 289.2368 -174.2421 -0.4735 -0.9241 0.6009 15.0893 8.0829 332.6038 367.3267 -7.0586 0.0000 0.0000
2810.03 17.07.2018 03.50.01 27.14172 289.2368 -169.5113 -0.4606 -1.0104 0.7330 18.3505 9.8326 332.6760 367.3475 -7.3366 0.0000 0.0000
2820.03 17.07.2018 04.00.01 27.06957 289.2533 -167.0579 -0.4540 -1.1028 0.8652 21.6137 11.5835 332.7779 367.4480 -7.6152 0.0000 0.0000
2830.03 17.07.2018 04.10.01 26.99841 289.6170 -153.8782 -0.4181 -1.1938 1.0342 25.8651 13.8607 332.9816 368.1653 -6.0938 0.0000 0.0000
2840.03 17.07.2018 04.20.01 26.93182 289.9770 -140.3016 -0.3813 -1.2905 1.2123 30.2728 16.2249 333.2992 369.0366 -4.8045 0.0000 0.0000
2850.03 17.07.2018 04.30.01 26.86999 290.3350 -128.4951 -0.3492 -1.3931 1.3919 34.7081 18.6045 333.6783 370.0257 -3.6523 0.0000 0.0000
2860.03 17.07.2018 04.40.01 26.81237 290.6941 -118.0677 -0.3208 -1.4997 1.5718 39.1485 20.9869 334.1073 371.1325 -2.5515 0.0000 0.0000
2870.03 17.07.2018 04.50.01 26.75854 291.0466 -108.5978 -0.2951 -1.6089 1.7517 68.1102 36.9878 334.5719 374.4203 -3.8030 0.0000 0.0000
2880.03 17.07.2018 05.00.01 26.70828 291.4192 -84.1712 -0.2287 -1.7208 1.9894 78.7959 42.8584 335.4024 376.9007 -4.3524 0.0000 0.0000
2890.03 17.07.2018 05.10.01 26.66546 291.7837 -95.6001 -0.2598 -1.8544 2.1262 282.2822 155.9861 336.6103 397.4021 -21.2733 0.0000 0.0000
2900.03 17.07.2018 05.20.01 26.62127 292.2381 35.3735 0.0961 -1.9607 2.7424 497.2494 275.6406 340.7977 426.0266 -46.9053 0.0000 0.0000
2910.03 17.07.2018 05.30.01 26.61492 292.7412 149.8678 0.4072 -2.2236 3.5078 715.8124 397.3566 346.2760 460.0439 -78.7656 0.0000 0.0000
2920.03 17.07.2018 05.40.01 26.64315 293.2621 246.3152 0.6693 -2.6052 4.3660 708.6776 393.4422 352.6766 472.4118 -95.2144 0.0000 0.0000
2930.03 17.07.2018 05.50.01 26.70052 293.6693 138.1188 0.3753 -3.0688 4.5921 688.5205 382.1912 355.3104 478.8626 -105.1788 0.0000 0.0000
2940.03 17.07.2018 06.00.01 26.73171 294.0449 63.9059 0.1737 -3.3410 4.6862 678.2751 376.9862 357.1048 484.8958 -113.9305 0.0000 0.0000
2950.03 17.07.2018 06.10.01 26.74536 294.3193 46.3843 0.1260 -3.4750 4.8015 659.7898 366.4956 358.9200 489.0670 -116.8280 0.0000 0.0000
2960.03 17.07.2018 06.20.01 26.75695 294.5595 55.8096 0.1517 -3.5492 4.9344 640.4306 355.4671 360.6349 491.9119 -118.6356 0.0000 0.0000
2970.03 17.07.2018 06.30.01 26.77416 294.7906 65.2760 0.1774 -3.5958 5.0309 620.2599 343.9788 362.0988 493.5391 -119.4420 0.0000 0.0000
2980.03 17.07.2018 06.40.01 26.79748 295.0153 96.8368 0.2631 -3.6129 5.1681 607.3668 336.5382 363.6458 495.2180 -120.1504 0.0000 0.0000
2990.03 17.07.2018 06.50.01 26.83291 295.2400 124.8918 0.3394 -3.6282 5.2901 598.9690 331.8060 365.0791 496.9515 -121.2390 0.0000 0.0000
3000.03 17.07.2018 07.00.01 26.87966 295.4647 155.4530 0.4224 -3.6369 5.4125 591.3173 327.5208 366.4942 498.3311 -122.1193 0.0000 0.0000
3010.03 17.07.2018 07.10.01 26.93820 295.6796 166.3068 0.4519 -3.6441 5.4614 588.4269 325.9235 367.5906 499.4880 -125.3507 0.0000 0.0000
3020.03 17.07.2018 07.20.01 27.00305 295.8880 193.5272 0.5259 -3.6258 5.5356 585.5553 324.3183 368.7390 500.3614 -128.0373 0.0000 0.0000
3030.03 17.07.2018 07.30.01 27.07827 296.0892 215.9029 0.5867 -3.6078 5.5926 581.7939 322.1923 369.7627 500.8010 -130.5021 0.0000 0.0000
3040.03 17.07.2018 07.40.01 27.16250 296.2917 248.8700 0.6763 -3.5866 5.6838 579.4998 320.8677 370.8517 501.3083 -132.4094 0.0000 0.0000
3050.03 17.07.2018 07.50.01 27.25817 296.4920 267.7214 0.7275 -3.5791 5.7421 575.9840 318.8351 371.8385 501.5172 -133.6036 0.0000 0.0000
3060.03 17.07.2018 08.00.01 27.36132 296.6895 284.7323 0.7737 -3.5694 5.7909 571.4861 316.2199 372.7756 501.4179 -134.6588 0.0000 0.0000
3070.03 17.07.2018 08.10.01 27.47106 296.8168 283.5132 0.7704 -3.5593 5.7730 569.2424 314.9038 373.6478 501.1662 -136.6934 0.0000 0.0000
3080.03 17.07.2018 08.20.01 27.58203 296.9416 282.6143 0.7680 -3.5280 5.7279 566.0472 313.0375 374.3983 500.4311 -139.6779 0.0000 0.0000
3090.03 17.07.2018 08.30.01 27.69412 297.0664 298.5843 0.8114 -3.4798 5.7216 563.1159 311.3001 375.2590 499.7353 -142.3000 0.0000 0.0000
3100.03 17.07.2018 08.40.01 27.81161 297.1940 304.2077 0.8267 -3.4401 5.6890 559.3590 309.0758 375.9733 499.0540 -142.8151 0.0000 0.0000
3110.03 17.07.2018 08.50.01 27.93160 297.3164 310.0028 0.8424 -3.3968 5.6523 555.0292 306.5107 376.6317 497.9854 -144.6748 0.0000 0.0000
3120.03 17.07.2018 09.00.01 28.05398 297.4399 324.5042 0.8818 -3.3523 5.6455 550.4213 303.7580 377.4038 496.9194 -146.2197 0.0000 0.0000
3130.03 17.07.2018 09.10.01 28.18191 297.4327 482.0672 1.3100 -3.3212 6.1748 526.2056 289.8409 378.5057 494.0762 -143.4086 0.0000 0.0000
3140.03 17.07.2018 09.20.01 28.35366 297.4060 550.0649 1.4947 -3.4976 6.6565 501.5552 275.6990 379.3034 490.9809 -138.3946 0.0000 0.0000
3150.03 17.07.2018 09.30.01 28.54525 297.3899 594.7249 1.6161 -3.7561 7.1629 478.0890 262.2484 380.1750 487.7471 -134.2746 0.0000 0.0000
3160.03 17.07.2018 09.40.01 28.74993 297.3670 618.6319 1.6811 -4.0652 7.6617 460.7463 252.2043 380.6482 484.0879 -132.9952 0.0000 0.0000
3170.03 17.07.2018 09.50.01 28.96191 297.3489 652.5087 1.7731 -4.4011 8.2323 444.9644 243.0425 381.3754 480.6978 -136.4861 0.0000 0.0000
3180.03 17.07.2018 10.00.01 29.18340 297.3353 652.2502 1.7724 -4.7782 8.7341 428.6183 233.5938 382.4413 477.6121 -135.0057 0.0000 0.0000
3190.03 17.07.2018 10.10.01 29.40450 297.3964 524.6665 1.4257 -5.1490 8.7663 415.1412 225.9641 382.8236 475.0891 -130.5726 0.0000 0.0000
3200.03 17.07.2018 10.20.01 29.59072 297.4563 446.7817 1.2141 -5.3435 8.7435 400.9824 217.9669 383.0714 472.5806 -126.3582 0.0000 0.0000
3210.03 17.07.2018 10.30.01 29.75469 297.5111 377.1600 1.0249 -5.4386 8.6180 385.3188 209.1441 382.9732 469.8798 -121.9516 0.0000 0.0000
3220.03 17.07.2018 10.40.01 29.89868 297.5719 370.2817 1.0062 -5.4520 8.6109 373.1101 202.2280 383.1077 467.5930 -118.0959 0.0000 0.0000
3230.03 17.07.2018 10.50.01 30.03988 297.6248 342.9353 0.9319 -5.4674 8.5324 360.0659 194.8644 383.1544 465.2470 -114.2584 0.0000 0.0000
3240.03 17.07.2018 11.00.01 30.17181 297.6857 325.9453 0.8857 -5.4607 8.4619 347.2424 187.6261 383.1978 463.0138 -110.5882 0.0000 0.0000
3250.03 17.07.2018 11.10.01 30.29824 297.8015 331.8292 0.9017 -5.4503 8.4694 347.8673 187.6635 383.5239 462.2156 -107.9395 0.0000 0.0000
3260.03 17.07.2018 11.20.01 30.42513 297.9208 352.4809 0.9578 -5.4617 8.5593 349.5381 188.2662 384.2099 461.7666 -107.1721 0.0000 0.0000
3270.03 17.07.2018 11.30.01 30.55703 298.0423 363.3663 0.9874 -5.5140 8.6686 351.0707 188.7714 384.9942 461.1542 -107.7005 0.0000 0.0000
3280.03 17.07.2018 11.40.01 30.69125 298.1650 380.5925 1.0342 -5.5922 8.8352 353.2588 189.6137 385.9483 460.5694 -108.8874 0.0000 0.0000
3290.03 17.07.2018 11.50.01 30.82943 298.2903 367.6135 0.9989 -5.7024 8.9351 353.9125 189.5858 386.7593 460.0000 -109.1109 0.0000 0.0000
3300.03 17.07.2018 12.00.01 30.96322 298.4136 348.4866 0.9470 -5.8042 9.0015 353.4047 188.8878 387.4284 459.4422 -108.7264 0.0000 0.0000
3310.03 17.07.2018 12.10.01 31.09118 298.3946 404.4859 1.0991 -5.8958 9.3267 343.5349 183.3436 388.6423 458.8265 -108.0652 0.0000 0.0000
3320.03 17.07.2018 12.20.01 31.23391 298.3687 491.7784 1.3364 -6.0806 9.8893 337.0582 179.6561 389.3100 458.2921 -107.2823 0.0000 0.0000
3330.03 17.07.2018 12.30.01 31.40057 298.3360 610.2566 1.6583 -6.3979 10.7416 335.0814 178.4500 389.7225 458.1638 -107.1308 0.0000 0.0000
3340.03 17.07.2018 12.40.01 31.59942 298.3010 625.3678 1.6994 -6.8802 11.4395 332.5034 176.9624 390.0570 457.9202 -106.7469 0.0000 0.0000
3350.03 17.07.2018 12.50.01 31.80193 298.2610 569.4740 1.5475 -7.3816 11.9055 327.5905 174.2488 390.0421 457.3499 -105.7032 0.0000 0.0000
3360.03 17.07.2018 13.00.01 31.98864 298.2232 521.1923 1.4163 -7.8101 12.3018 322.7879 171.6533 390.2022 456.8176 -104.7067 0.0000 0.0000
3370.03 17.07.2018 13.10.01 32.16125 298.1354 475.3493 1.2917 -8.1798 12.6287 321.2436 170.5936 389.5636 455.5420 -106.0306 0.0000 0.0000
3380.03 17.07.2018 13.20.01 32.32009 298.0394 452.4901 1.2296 -8.5008 12.9739 319.7034 169.5228 388.7304 454.0546 -107.9747 0.0000 0.0000
3390.03 17.07.2018 13.30.01 32.47158 297.9409 456.3683 1.2401 -8.8055 13.3942 319.1881 169.0100 387.9831 452.5569 -110.3281 0.0000 0.0000
3400.03 17.07.2018 13.40.01 32.62319 297.8433 459.1321 1.2476 -9.1282 13.8344 319.0206 168.6661 387.2487 451.0153 -112.5537 0.0000 0.0000
3410.03 17.07.2018 13.50.01 32.77480 297.7474 460.3981 1.2511 -9.4647 14.2877 318.8830 168.3302 386.5118 449.4509 -114.5951 0.0000 0.0000
3420.03 17.07.2018 14.00.01 32.92605 297.6514 449.4801 1.2214 -9.8107 14.7094 318.1517 167.6615 385.7235 447.8251 -116.1770 0.0000 0.0000
3430.03 17.07.2018 14.10.01 33.07443 297.5278 536.7410 1.4585 -10.1516 15.4801 322.1489 169.3194 383.6448 446.1698 -118.3447 0.0000 0.0000
3440.03 17.07.2018 14.20.01 33.24676 297.4056 603.5374 1.6400 -10.6169 16.3426 326.7500 171.2704 381.4497 444.7450 -119.9312 0.0000 0.0000
3450.03 17.07.2018 14.30.01 33.43780 297.2825 660.8746 1.7959 -11.1740 17.2931 331.9722 173.5273 379.2253 443.5077 -121.3352 0.0000 0.0000
3460.03 17.07.2018 14.40.01 33.64507 297.1606 715.9575 1.9455 -11.8070 18.3368 338.0110 176.1283 376.8926 442.3447 -122.7057 0.0000 0.0000
3470.03 17.07.2018 14.50.01 33.86837 297.0406 784.0248 2.1305 -12.5118 19.5231 340.4518 176.4629 374.6727 440.9661 -122.9226 0.0000 0.0000
3480.03 17.07.2018 15.00.01 34.11111 296.9153 827.1006 2.2476 -13.3027 20.7337 338.6211 174.2173 372.4666 439.2239 -121.8516 0.0000 0.0000
3490.03 17.07.2018 15.10.01 34.36437 296.7260 533.1763 1.4488 -14.1292 20.7708 330.7917 169.9231 370.9903 437.6995 -120.6193 0.0000 0.0000
3500.03 17.07.2018 15.20.01 34.53475 296.5384 361.9591 0.9836 -14.5669 20.7339 308.2028 156.8290 369.4517 434.7530 -114.1366 0.0000 0.0000
3510.03 17.07.2018 15.30.01 34.65634 296.3472 246.7934 0.6706 -14.7888 20.6125 299.1314 151.9094 367.8382 432.8097 -111.8518 0.0000 0.0000
3520.03 17.07.2018 15.40.01 34.74389 296.1578 123.9195 0.3367 -14.8773 20.2854 287.6979 145.7470 365.9366 430.5740 -108.8314 0.0000 0.0000
3530.03 17.07.2018 15.50.01 34.79543 295.9671 45.0318 0.1224 -14.8255 19.9305 276.4479 139.7157 363.9089 428.2819 -105.6605 0.0000 0.0000
3540.03 17.07.2018 16.00.01 34.81371 295.7779 -1431.7053 -3.8905 -14.6951 14.4061 251.4855 129.3570 362.0534 425.4785 -99.9471 0.0000 0.0000
3550.03 17.07.2018 16.10.01 34.43011 295.5213 -763.1732 -2.0738 -12.6129 14.0521 241.2156 123.8619 359.9244 422.9546 -97.2966 0.0000 0.0000
3560.03 17.07.2018 16.20.01 34.22216 295.2655 -461.1392 -1.2531 -11.5376 13.7127 231.6540 118.7807 357.8850 420.5239 -94.5981 0.0000 0.0000
3570.03 17.07.2018 16.30.01 34.09374 295.0111 -332.4498 -0.9034 -10.9192 13.3544 222.2581 113.8132 355.9068 418.1466 -91.7180 0.0000 0.0000
3580.03 17.07.2018 16.40.01 33.99850 294.7553 -310.6335 -0.8441 -10.5024 12.8777 199.8338 101.1728 353.9225 414.8691 -84.1079 0.0000 0.0000
3590.03 17.07.2018 16.50.01 33.90762 294.4961 -320.9014 -0.8720 -10.1359 12.3518 190.4241 96.3782 351.8565 412.5169 -80.8810 0.0000 0.0000
3600.03 17.07.2018 17.00.01 33.81228 294.2399 -344.0482 -0.9349 -9.7753 11.7872 180.9683 91.5853 349.8567 410.2124 -77.6175 0.0000 0.0000
3610.03 17.07.2018 17.10.01 33.70867 293.9697 -396.2801 -1.0768 -9.4036 11.1024 169.5056 85.7764 348.1317 407.8612 -73.9783 0.0000 0.0000
3620.03 17.07.2018 17.20.01 33.58199 293.6977 -1511.4861 -4.1073 -8.9832 6.5012 146.9767 76.2825 346.3919 405.0687 -68.2136 0.0000 0.0000
3630.03 17.07.2018 17.30.01 33.15203 293.4242 -953.9695 -2.5923 -7.0902 5.9972 135.3318 70.2281 344.5855 402.6133 -64.2154 0.0000 0.0000
3640.03 17.07.2018 17.40.01 32.86910 293.1511 -730.2313 -1.9843 -6.0294 5.3934 120.9437 62.7467 342.8189 400.0451 -59.7119 0.0000 0.0000
3650.03 17.07.2018 17.50.01 32.64501 292.8778 -638.3295 -1.7346 -5.3069 4.7631 106.7276 55.3886 340.9965 397.4621 -55.0552 0.0000 0.0000
3660.03 17.07.2018 18.00.01 32.44454 292.6038 -603.4440 -1.6398 -4.7314 4.1221 92.4263 47.9870 339.1646 394.8491 -50.3338 0.0000 0.0000
3670.03 17.07.2018 18.10.01 32.25253 292.2788 -553.6193 -1.5044 -4.2209 3.6220 75.4268 38.6721 337.7685 391.9675 -43.8299 0.0000 0.0000
3680.03 17.07.2018 18.20.01 32.07311 291.9580 -533.2557 -1.4491 -3.7935 3.1259 65.1965 33.4156 336.4227 389.6907 -39.7953 0.0000 0.0000
3690.03 17.07.2018 18.30.01 31.89834 291.6411 -523.1646 -1.4216 -3.4061 2.6459 55.2955 28.3450 335.1659 387.5060 -36.0930 0.0000 0.0000
3700.03 17.07.2018 18.40.01 31.72512 291.3267 -566.4373 -1.5392 -3.0437 2.0060 42.1967 21.7159 333.9451 385.2615 -32.2363 0.0000 0.0000
3710.03 17.07.2018 18.50.01 31.53906 291.0082 -596.8023 -1.6217 -2.6349 1.3509 28.7396 14.8833 332.6358 382.8811 -28.3472 0.0000 0.0000
3720.03 17.07.2018 19.00.01 31.34344 290.6896 -615.2084 -1.6718 -2.1997 0.7039 15.3419 8.0791 331.3066 380.4349 -24.6253 0.0000 0.0000
3730.03 17.07.2018 19.10.01 31.14214 290.2936 -498.2928 -1.3541 -1.7584 0.5392 12.0698 6.3156 329.8129 378.0505 -23.3603 0.0000 0.0000
3740.03 17.07.2018 19.20.01 30.97149 289.9018 -404.9792 -1.1005 -1.4991 0.5315 10.1769 5.2610 328.5269 375.9488 -22.8147 0.0000 0.0000
3750.03 17.07.2018 19.30.01 30.82531 289.5098 -388.3607 -1.0553 -1.3816 0.4350 8.2449 4.2502 327.2969 373.9288 -22.4407 0.0000 0.0000
3760.03 17.07.2018 19.40.01 30.68286 289.1191 -395.1960 -1.0739 -1.2961 0.2963 5.6565 2.9247 326.0960 371.9543 -22.0733 0.0000 0.0000
3770.03 17.07.2018 19.50.01 30.53777 288.7266 -401.8094 -1.0919 -1.2104 0.1580 3.2525 1.7095 324.8934 370.0055 -21.8867 0.0000 0.0000
3780.03 17.07.2018 20.00.01 30.39013 288.3342 -407.7992 -1.1082 -1.1256 0.0233 0.4188 0.2337 323.6983 368.0536 -21.5777 0.0000 0.0000
3790.03 17.07.2018 20.10.01 30.24026 287.9298 -382.0858 -1.0383 -1.0414 0.0042 0.0754 0.0420 322.6249 366.3107 -21.4118 0.0000 0.0000
3800.03 17.07.2018 20.20.01 30.09704 287.5287 -366.9029 -0.9970 -0.9976 0.0008 0.0135 0.0076 321.6273 364.6943 -21.4739 0.0000 0.0000
3810.03 17.07.2018 20.30.01 29.95776 287.1351 -360.0747 -0.9785 -0.9786 0.0001 0.0024 0.0014 320.6752 363.1719 -21.5358 0.0000 0.0000
3820.03 17.07.2018 20.40.01 29.82012 286.7455 -357.9077 -0.9726 -0.9726 0.0000 0.0004 0.0002 319.7557 361.7129 -21.6324 0.0000 0.0000
3830.03 17.07.2018 20.50.01 29.68279 286.3595 -357.7477 -0.9721 -0.9721 0.0000 0.0001 0.0000 318.8603 360.2946 -21.8306 0.0000 0.0000
3840.03 17.07.2018 21.00.01 29.54540 285.9795 -358.9238 -0.9753 -0.9753 0.0000 0.0000 0.0000 317.9991 358.9825 -21.8011 0.0000 0.0000
3850.03 17.07.2018 21.10.01 29.40756 285.8123 -358.4929 -0.9742 -0.9742 0.0000 0.0000 0.0000 317.5464 358.0837 -20.5073 0.0000 0.0000
3860.03 17.07.2018 21.20.01 29.27065 285.7011 -354.2393 -0.9626 -0.9626 0.0000 0.0000 0.0000 317.1901 357.3266 -19.2102 0.0000 0.0000
3870.03 17.07.2018 21.30.01 29.13583 285.7762 -348.1514 -0.9461 -0.9461 0.0000 0.0000 0.0000 316.9714 356.8745 -17.3386 0.0000 0.0000
3880.03 17.07.2018 21.40.01 29.00356 285.7928 -341.1540 -0.9270 -0.9270 0.0000 0.0000 0.0000 316.6450 356.4579 -15.8045 0.0000 0.0000
3890.03 17.07.2018 21.50.01 28.87347 285.7914 -337.0748 -0.9160 -0.9160 0.0000 0.0000 0.0000 316.3271 355.9539 -14.7661 0.0000 0.0000
3900.03 17.07.2018 22.00.01 28.74438 285.8366 -335.3032 -0.9112 -0.9112 0.0000 0.0000 0.0000 316.0296 355.4925 -13.7356 0.0000 0.0000
3910.03 17.07.2018 22.10.01 28.61584 285.7755 -335.0735 -0.9105 -0.9105 0.0000 0.0000 0.0000 315.6662 354.9527 -13.2132 0.0000 0.0000
3920.03 17.07.2018 22.20.01 28.48681 285.6844 -335.3950 -0.9114 -0.9114 0.0000 0.0000 0.0000 315.2986 354.3820 -12.8669 0.0000 0.0000
3930.03 17.07.2018 22.30.01 28.35772 285.5819 -337.0876 -0.9160 -0.9160 0.0000 0.0000 0.0000 314.9348 353.8005 -12.6050 0.0000 0.0000
3940.03 17.07.2018 22.40.01 28.22787 285.5295 -338.3733 -0.9195 -0.9195 0.0000 0.0000 0.0000 314.5846 353.2578 -12.2153 0.0000 0.0000
3950.03 17.07.2018 22.50.01 28.09780 285.4865 -339.8788 -0.9236 -0.9236 0.0000 0.0000 0.0000 314.2431 352.7356 -11.8115 0.0000 0.0000
3960.03 17.07.2018 23.00.01 27.96691 285.4424 -340.1333 -0.9243 -0.9243 0.0000 0.0000 0.0000 313.9044 352.2245 -11.4266 0.0000 0.0000
3970.03 17.07.2018 23.10.01 27.83602 285.5678 -340.5229 -0.9253 -0.9253 0.0000 0.0000 0.0000 313.5382 351.8438 -10.5060 0.0000 0.0000
3980.03 17.07.2018 23.20.01 27.70510 284.6750 -341.2209 -0.9272 -0.9272 0.0000 0.0000 0.0000 313.0075 350.4991 -13.5402 0.0000 0.0000
3990.03 17.07.2018 23.30.01 27.57351 284.4667 -344.4834 -0.9361 -0.9361 0.0000 0.0000 0.0000 312.5269 349.7098 -13.8905 0.0000 0.0000
4000.03 17.07.2018 23.40.01 27.44067 284.3067 -347.3149 -0.9438 -0.9438 0.0000 0.0000 0.0000 312.0882 348.9613 -14.1771 0.0000 0.0000
4010.03 17.07.2018 23.50.01 27.30667 284.1205 -350.3952 -0.9522 -0.9522 0.0000 0.0000 0.0000 311.6501 348.1976 -14.5168 0.0000 0.0000
4020.03 18.07.2018 00.00.01 27.17153 283.9308 -353.1525 -0.9597 -0.9597 0.0000 0.0000 0.0000 311.2077 347.4331 -14.8424 0.0000 0.0000
4030.03 18.07.2018 00.10.01 27.03579 283.9912 -353.9218 -0.9617 -0.9617 0.0000 0.0000 0.0000 310.9039 347.1308 -13.4128 0.0000 0.0000
4040.03 18.07.2018 00.20.01 26.90060 283.9776 -350.5555 -0.9526 -0.9526 0.0000 0.0000 0.0000 310.5544 346.7583 -12.4633 0.0000 0.0000
4050.03 18.07.2018 00.30.01 26.76669 283.9093 -347.3137 -0.9438 -0.9438 0.0000 0.0000 0.0000 310.2489 346.3051 -12.1197 0.0000 0.0000
4060.03 18.07.2018 00.40.01 26.63378 283.8264 -346.5831 -0.9418 -0.9418 0.0000 0.0000 0.0000 309.9526 345.8780 -11.7164 0.0000 0.0000
4070.03 18.07.2018 00.50.01 26.50100 283.7413 -346.6807 -0.9421 -0.9421 0.0000 0.0000 0.0000 309.6308 345.4493 -11.3302 0.0000 0.0000
4080.03 18.07.2018 01.00.01 26.36822 283.6828 -346.0703 -0.9404 -0.9404 0.0000 0.0000 0.0000 309.3239 345.0443 -10.9395 0.0000 0.0000
4090.03 18.07.2018 01.10.01 26.23547 283.6317 -345.2716 -0.9382 -0.9382 0.0000 0.0000 0.0000 308.9785 344.5185 -11.0574 0.0000 0.0000
4100.03 18.07.2018 01.20.01 26.10266 283.5260 -347.2083 -0.9435 -0.9435 0.0000 0.0000 0.0000 308.6184 343.9039 -11.4370 0.0000 0.0000
4110.03 18.07.2018 01.30.01 25.96874 283.4459 -350.0867 -0.9513 -0.9513 0.0000 0.0000 0.0000 308.2299 343.2968 -11.6863 0.0000 0.0000
4120.03 18.07.2018 01.40.01 25.83370 283.4011 -353.0654 -0.9594 -0.9594 0.0000 0.0000 0.0000 307.8596 342.7340 -11.7523 0.0000 0.0000
4130.03 18.07.2018 01.50.01 25.69766 283.3094 -355.1208 -0.9650 -0.9650 0.0000 0.0000 0.0000 307.4992 342.1178 -12.0765 0.0000 0.0000
4140.03 18.07.2018 02.00.01 25.56091 283.2070 -356.8788 -0.9698 -0.9698 0.0000 0.0004 0.0002 307.1214 341.4688 -12.4612 0.0000 0.0000
4150.03 18.07.2018 02.10.01 25.42361 283.2389 -355.3227 -0.9656 -0.9728 0.0096 0.2582 0.1375 306.9324 341.0300 -12.1011 0.0000 0.0000
4160.03 18.07.2018 02.20.01 25.28710 283.2849 -353.2343 -0.9599 -0.9761 0.0216 0.5568 0.2975 306.7812 340.6601 -11.6867 0.0000 0.0000
4170.03 18.07.2018 02.30.01 25.15139 283.3346 -350.7505 -0.9531 -0.9786 0.0340 0.8625 0.4615 306.6509 340.3358 -11.2527 0.0000 0.0000
4180.03 18.07.2018 02.40.01 25.01681 283.3842 -348.2073 -0.9462 -0.9810 0.0464 1.1696 0.6263 306.5409 340.0521 -10.7959 0.0000 0.0000
4190.03 18.07.2018 02.50.01 24.88317 283.4369 -345.0892 -0.9377 -0.9819 0.0588 1.4769 0.7912 306.4466 339.8072 -10.3184 0.0000 0.0000
4200.03 18.07.2018 03.00.01 24.75045 283.4976 -341.3338 -0.9275 -0.9811 0.0714 1.7879 0.9580 306.3629 339.6049 -9.7929 0.0000 0.0000
4210.03 18.07.2018 03.10.01 24.61968 283.8099 -314.2586 -0.8540 -0.9797 0.1676 4.3407 2.3190 306.6728 340.0235 -8.0171 0.0000 0.0000
4220.03 18.07.2018 03.20.01 24.49725 284.1267 -290.0391 -0.7881 -1.0014 0.2843 7.2482 3.8773 307.1327 340.6273 -6.5164 0.0000 0.0000
4230.03 18.07.2018 03.30.01 24.38259 284.4444 -272.0708 -0.7393 -1.0427 0.4045 10.2185 5.4707 307.6576 341.3401 -5.1868 0.0000 0.0000
4240.03 18.07.2018 03.40.01 24.27398 284.7740 -258.1107 -0.7014 -1.0953 0.5252 13.2001 7.0704 308.2314 342.1563 -3.9396 0.0000 0.0000
4250.03 18.07.2018 03.50.01 24.17025 285.1075 -246.2896 -0.6693 -1.1538 0.6461 16.1837 8.6712 308.8554 343.0532 -2.8015 0.0000 0.0000
4260.03 18.07.2018 04.00.01 24.07079 285.4433 -235.7299 -0.6406 -1.2158 0.7670 19.1681 10.2725 309.5146 344.0170 -1.7623 0.0000 0.0000
4270.03 18.07.2018 04.10.01 23.97524 285.7788 -223.5989 -0.6076 -1.2800 0.8966 22.3851 11.9976 310.6436 345.1197 -0.9913 0.0000 0.0000
4280.03 18.07.2018 04.20.01 23.88412 286.1166 -212.0107 -0.5761 -1.3473 1.0283 25.6388 13.7432 311.8315 346.2938 -0.3604 0.0000 0.0000
4290.03 18.07.2018 04.30.01 23.79727 286.4557 -201.2312 -0.5468 -1.4171 1.1603 28.8991 15.4924 313.0512 347.5191 0.1651 0.0000 0.0000
4300.03 18.07.2018 04.40.01 23.71441 286.7954 -190.9555 -0.5189 -1.4883 1.2925 32.1605 17.2423 314.2938 348.7882 0.6069 0.0000 0.0000
4310.03 18.07.2018 04.50.01 23.63540 287.1347 -181.0234 -0.4919 -1.5604 1.4246 80.4677 44.0098 315.5546 353.6330 -3.6987 0.0000 0.0000
4320.03 18.07.2018 05.00.01 23.56036 287.5482 -142.0576 -0.3860 -1.6329 1.6625 93.6145 51.2854 317.4203 357.0471 -5.3884 0.0000 0.0000
4330.03 18.07.2018 05.10.01 23.49713 288.0213 -142.0826 -0.3861 -1.7431 1.8094 358.3627 198.4915 319.1617 382.2257 -31.1048 0.0000 0.0000
4340.03 18.07.2018 05.20.01 23.43636 288.8571 38.1157 0.1036 -1.8359 2.5859 638.1294 354.2337 324.5929 419.1361 -64.2257 0.0000 0.0000
4350.03 18.07.2018 05.30.01 23.42785 289.6961 193.6188 0.5261 -2.1420 3.5576 921.4697 511.9967 331.6857 464.4781 -102.8536 0.0000 0.0000
4360.03 18.07.2018 05.40.01 23.46642 290.4838 317.3518 0.8624 -2.6051 4.6233 879.5207 488.7815 340.1594 480.9188 -110.9269 0.0000 0.0000
4370.03 18.07.2018 05.50.01 23.54293 290.8559 164.6300 0.4474 -3.1696 4.8226 818.5293 454.7944 343.6000 487.9757 -113.3587 0.0000 0.0000
4380.03 18.07.2018 06.00.01 23.58172 291.1596 49.8137 0.1354 -3.4688 4.8056 767.7205 427.0779 345.6900 492.8026 -115.7831 0.0000 0.0000
4390.03 18.07.2018 06.10.01 23.59243 291.5348 17.2757 0.0469 -3.5676 4.8194 731.8834 406.8316 347.0205 495.0672 -118.3014 0.0000 0.0000
4400.03 18.07.2018 06.20.01 23.59756 291.8780 32.4672 0.0882 -3.5792 4.8899 697.8287 387.6119 348.3804 496.1865 -119.7842 0.0000 0.0000
4410.03 18.07.2018 06.30.01 23.61059 292.2141 69.0324 0.1876 -3.5639 5.0020 663.5182 368.2062 349.7794 495.9257 -119.9376 0.0000 0.0000
4420.03 18.07.2018 06.40.01 23.63790 292.5663 110.8644 0.3013 -3.5458 5.1294 642.6840 356.3092 351.1755 496.3577 -119.5962 0.0000 0.0000
4430.03 18.07.2018 06.50.01 23.68102 292.9044 151.9163 0.4128 -3.5296 5.2565 627.4227 347.7557 352.5795 496.9529 -119.7993 0.0000 0.0000
4440.03 18.07.2018 07.00.01 23.73977 293.2476 192.7041 0.5237 -3.5153 5.3852 612.5551 339.4379 353.9817 497.1102 -119.6325 0.0000 0.0000
4450.03 18.07.2018 07.10.01 23.81420 293.4652 270.9345 0.7362 -3.5050 5.6550 593.0781 328.4558 355.2612 495.7076 -119.6144 0.0000 0.0000
4460.03 18.07.2018 07.20.01 23.91412 293.6968 330.5652 0.8983 -3.5530 5.9351 573.2948 317.2823 356.4689 493.6577 -119.4807 0.0000 0.0000
4470.03 18.07.2018 07.30.01 24.03417 293.9265 370.7151 1.0074 -3.6361 6.1913 552.5726 305.5629 357.5220 491.1048 -118.7660 0.0000 0.0000
4480.03 18.07.2018 07.40.01 24.16882 294.1631 413.4484 1.1235 -3.7321 6.4742 540.4068 298.5934 358.3971 489.2158 -118.0997 0.0000 0.0000
4490.03 18.07.2018 07.50.01 24.31823 294.3965 447.2272 1.2153 -3.8496 6.7531 527.7142 291.3108 359.4429 487.3453 -117.1971 0.0000 0.0000
4500.03 18.07.2018 08.00.01 24.47958 294.6565 472.7913 1.2848 -3.9800 7.0197 514.2407 283.5703 360.5138 485.4407 -115.6717 0.0000 0.0000
4510.03 18.07.2018 08.10.01 24.65048 294.7737 523.7930 1.4234 -4.1171 7.3873 482.7677 265.7737 361.6159 481.8026 -111.6168 0.0000 0.0000
4520.03 18.07.2018 08.20.01 24.83709 294.8782 531.7567 1.4450 -4.3010 7.6613 449.7525 247.1224 362.3240 477.4315 -106.6335 0.0000 0.0000
4530.03 18.07.2018 08.30.01 25.02749 294.9866 543.5294 1.4770 -4.4771 7.9387 417.1514 228.7162 362.9523 472.8714 -101.1942 0.0000 0.0000
4540.03 18.07.2018 08.40.01 25.22225 295.0839 545.1301 1.4813 -4.6559 8.1830 393.1119 215.0724 363.4657 468.9404 -96.1730 0.0000 0.0000
4550.03 18.07.2018 08.50.01 25.41836 295.1879 558.5881 1.5179 -4.8274 8.4604 370.0326 201.9798 364.0679 465.2207 -91.3118 0.0000 0.0000
4560.03 18.07.2018 09.00.01 25.61874 295.2957 570.6104 1.5506 -5.0109 8.7486 347.5610 189.2422 364.6700 461.5898 -86.4976 0.0000 0.0000
4570.03 18.07.2018 09.10.01 25.82238 295.4384 518.2283 1.4082 -5.2072 8.8205 342.1098 186.0561 365.5713 460.7128 -79.5511 0.0000 0.0000
4580.03 18.07.2018 09.20.01 26.01180 295.6054 510.7192 1.3878 -5.3317 8.9594 337.9151 183.5733 366.6961 460.3169 -74.5332 0.0000 0.0000
4590.03 18.07.2018 09.30.01 26.19894 295.7500 518.6232 1.4093 -5.4494 9.1450 334.6219 181.5962 367.8996 459.8523 -71.6290 0.0000 0.0000
4600.03 18.07.2018 09.40.01 26.38787 295.8455 519.6385 1.4121 -5.5835 9.3274 332.5322 180.2855 369.2265 459.4504 -69.9838 0.0000 0.0000
4610.03 18.07.2018 09.50.01 26.57662 295.9369 523.8213 1.4234 -5.7256 9.5320 330.8026 179.1741 370.5899 459.1290 -69.2098 0.0000 0.0000
4620.03 18.07.2018 10.00.01 26.76589 296.0196 516.7794 1.4043 -5.8809 9.7136 328.7252 177.8707 371.9203 458.7849 -68.9017 0.0000 0.0000
4630.03 18.07.2018 10.10.01 26.95272 296.0705 520.7014 1.4149 -6.0354 9.9339 336.2754 181.8402 373.8331 458.3131 -74.5513 0.0000 0.0000
4640.03 18.07.2018 10.20.01 27.14001 296.1178 535.6716 1.4556 -6.2041 10.2129 344.5994 186.2297 375.9663 458.1020 -80.7317 0.0000 0.0000
4650.03 18.07.2018 10.30.01 27.33071 296.1824 531.9612 1.4455 -6.3996 10.4602 352.1259 190.1646 378.0160 457.9387 -86.7284 0.0000 0.0000
4660.03 18.07.2018 10.40.01 27.51995 296.2857 545.4018 1.4821 -6.5968 10.7718 360.2163 194.3975 380.2297 458.2875 -91.6105 0.0000 0.0000
4670.03 18.07.2018 10.50.01 27.71307 296.3384 541.3127 1.4710 -6.8156 11.0488 367.4969 198.1706 382.7948 461.1787 -88.2051 0.0000 0.0000
4680.03 18.07.2018 11.00.01 27.90521 296.4420 535.9669 1.4564 -7.0311 11.3168 374.2088 201.6112 385.0779 461.6320 -94.1440 0.0000 0.0000
4690.03 18.07.2018 11.10.01 28.09490 296.4757 472.4930 1.2839 -7.2449 11.3718 358.4253 192.9603 385.8125 462.0114 -89.8759 0.0000 0.0000
4700.03 18.07.2018 11.20.01 28.26571 296.4544 362.2855 0.9845 -7.3792 11.1516 338.8255 182.2274 385.8015 461.2225 -84.4610 0.0000 0.0000
4710.03 18.07.2018 11.30.01 28.40460 296.4931 290.7579 0.7901 -7.3788 10.8918 319.2157 171.5181 385.3416 459.9986 -78.9387 0.0000 0.0000
4720.03 18.07.2018 11.40.01 28.52215 296.5185 250.8274 0.6816 -7.3009 10.6434 301.4043 161.8232 384.6815 458.5071 -74.0589 0.0000 0.0000
4730.03 18.07.2018 11.50.01 28.62707 296.5661 217.6809 0.5915 -7.1876 10.3722 283.9989 152.3889 383.7755 457.1882 -67.0155 0.0000 0.0000
4740.03 18.07.2018 12.00.01 28.72137 296.6139 193.9067 0.5269 -7.0464 10.0978 267.3406 143.4036 382.7731 455.7724 -61.0033 0.0000 0.0000
4750.03 18.07.2018 12.10.01 28.80740 296.7813 121.1600 0.3292 -6.8858 9.6201 262.9702 140.8854 381.4887 454.9211 -54.8275 0.0000 0.0000
4760.03 18.07.2018 12.20.01 28.87283 297.4063 168.9729 0.4592 -6.6418 9.4680 262.6015 140.5226 380.5809 455.0137 -51.4637 0.0000 0.0000
4770.03 18.07.2018 12.30.01 28.95098 298.1294 254.5714 0.6918 -6.4781 9.5598 264.8858 141.5675 379.8680 454.9726 -51.8399 0.0000 0.0000
4780.03 18.07.2018 12.40.01 29.05239 298.6232 326.2961 0.8867 -6.4431 9.7730 268.1570 143.1093 379.4080 454.6195 -53.2302 0.0000 0.0000
4790.03 18.07.2018 12.50.01 29.17333 299.0068 379.6054 1.0315 -6.5116 10.0575 271.5611 144.6771 378.9556 454.2568 -54.9176 0.0000 0.0000
4800.03 18.07.2018 13.00.01 29.30929 299.2910 445.7765 1.2113 -6.6542 10.4875 276.1954 146.8744 378.6131 454.2059 -56.5258 0.0000 0.0000
4810.03 18.07.2018 13.10.01 29.46322 298.8862 429.7321 1.1678 -6.8873 10.7400 271.5829 144.4105 380.6610 456.2460 -49.7425 0.0000 0.0000
4820.03 18.07.2018 13.20.01 29.61212 298.3504 347.8916 0.9454 -7.0940 10.7192 263.4461 140.0384 382.2836 456.8885 -45.9471 0.0000 0.0000
4830.03 18.07.2018 13.30.01 29.73855 298.1378 291.3914 0.7918 -7.1883 10.6402 255.0294 135.5421 383.5697 456.3905 -48.1591 0.0000 0.0000
4840.03 18.07.2018 13.40.01 29.84741 297.6453 227.8238 0.6191 -7.2284 10.4633 245.8292 130.6520 384.6778 454.6185 -51.2704 0.0000 0.0000
4850.03 18.07.2018 13.50.01 29.93655 297.4274 164.3988 0.4467 -7.2034 10.2001 236.0146 125.4583 385.4123 451.9261 -56.8557 0.0000 0.0000
4860.03 18.07.2018 14.00.01 30.00619 297.4004 96.0496 0.2610 -7.1142 9.8336 225.3211 119.8157 385.6843 448.8366 -62.2650 0.0000 0.0000
4870.03 18.07.2018 14.10.01 30.05450 297.2599 -30.8655 -0.0839 -6.9486 9.1530 207.1970 110.2393 384.3171 446.8324 -56.5546 0.0000 0.0000
4880.03 18.07.2018 14.20.01 30.06588 297.1658 -143.2039 -0.3891 -6.6281 8.3186 187.2027 99.6567 382.6729 444.2896 -50.6471 0.0000 0.0000
4890.03 18.07.2018 14.30.01 30.04406 297.0893 -229.0070 -0.6223 -6.1779 7.4074 166.6295 88.7849 380.9120 441.2726 -45.5538 0.0000 0.0000
4900.03 18.07.2018 14.40.01 29.99603 297.0263 -314.9361 -0.8558 -5.6376 6.3758 144.7898 77.2746 378.9480 437.9886 -39.6448 0.0000 0.0000
4910.03 18.07.2018 14.50.01 29.92162 296.9682 -385.7017 -1.0481 -5.0102 5.2828 122.3142 65.4292 376.7150 434.3099 -34.0079 0.0000 0.0000
4920.03 18.07.2018 15.00.01 29.82485 296.9596 -450.3576 -1.2238 -4.3179 4.1255 100.1518 53.8189 374.3266 430.5335 -28.3860 0.0000 0.0000
4930.03 18.07.2018 15.10.01 29.70880 296.6349 -264.2490 -0.7181 -3.5890 3.8279 94.0053 50.4648 371.1293 426.9384 -28.9308 0.0000 0.0000
4940.03 18.07.2018 15.20.01 29.64227 296.3142 -147.5913 -0.4011 -3.1507 3.6662 90.1842 48.4034 368.1975 423.3730 -30.5874 0.0000 0.0000
4950.03 18.07.2018 15.30.01 29.60543 296.0128 -94.2542 -0.2561 -2.9010 3.5265 86.7721 46.5708 365.2955 419.9319 -31.7207 0.0000 0.0000
4960.03 18.07.2018 15.40.01 29.58160 295.7616 -74.5166 -0.2025 -2.7458 3.3910 83.4346 44.7797 362.4069 416.8569 -31.2218 0.0000 0.0000
4970.03 18.07.2018 15.50.01 29.56170 295.5371 -71.4730 -0.1942 -2.6364 3.2563 80.1104 42.9961 359.5146 413.8870 -30.5945 0.0000 0.0000
4980.03 18.07.2018 16.00.01 29.54119 295.3363 -76.0982 -0.2068 -2.5491 3.1231 76.8110 41.2250 356.6357 411.0466 -29.7552 0.0000 0.0000
4990.03 18.07.2018 16.10.01 29.51980 295.5698 150.5521 0.4091 -2.4665 3.8342 86.9926 46.2101 356.3522 410.5707 -26.1734 0.0000 0.0000
5000.03 18.07.2018 16.20.01 29.56170 295.8237 304.2988 0.8269 -2.6815 4.6779 98.8576 52.1051 356.7234 410.9450 -24.1748 0.0000 0.0000
5010.03 18.07.2018 16.30.01 29.64782 296.0881 402.3226 1.0933 -3.0840 5.5697 111.0072 58.1344 357.3560 411.7625 -23.0754 0.0000 0.0000
5020.03 18.07.2018 16.40.01 29.76330 296.3562 522.0363 1.4186 -3.5965 6.6868 121.5034 62.8506 358.1369 412.5791 -21.6975 0.0000 0.0000
5030.03 18.07.2018 16.50.01 29.91381 296.6197 601.5162 1.6346 -4.2495 7.8454 135.8513 69.8466 359.0561 414.1155 -21.8410 0.0000 0.0000
5040.03 18.07.2018 17.00.01 30.08816 296.8940 653.2776 1.7752 -4.9867 9.0159 150.3316 76.9150 360.1096 415.9787 -22.4254 0.0000 0.0000
5050.03 18.07.2018 17.10.01 30.27563 296.5756 238.9553 0.6493 -5.7767 8.5680 142.9800 73.3252 359.9734 415.3572 -26.8541 0.0000 0.0000
5060.03 18.07.2018 17.20.01 30.34399 296.2301 -703.2819 -1.9111 -6.0091 5.4640 126.0080 65.9671 358.9622 413.1317 -29.4444 0.0000 0.0000
5070.03 18.07.2018 17.30.01 30.15383 295.8803 -456.8637 -1.2415 -5.0066 5.0202 115.7300 60.6186 357.5968 410.8417 -31.7883 0.0000 0.0000
5080.03 18.07.2018 17.40.01 30.02517 295.5336 -386.2335 -1.0495 -4.4139 4.4859 103.1493 54.0797 356.1177 408.2136 -32.8466 0.0000 0.0000
5090.03 18.07.2018 17.50.01 29.91189 295.1908 -375.2008 -1.0196 -3.9668 3.9296 90.5797 47.5641 354.5294 405.4081 -33.0381 0.0000 0.0000
5100.03 18.07.2018 18.00.01 29.79843 294.8502 -385.4250 -1.0474 -3.5737 3.3685 77.9829 41.0355 352.8914 402.5148 -32.4149 0.0000 0.0000
5110.03 18.07.2018 18.10.01 29.67971 294.4979 -369.9565 -1.0053 -3.1992 2.9252 64.7288 33.8365 350.7580 399.6105 -28.7957 0.0000 0.0000
5120.03 18.07.2018 18.20.01 29.56317 294.1464 -370.9331 -1.0080 -2.8708 2.4838 54.9691 28.7326 348.6497 396.9824 -26.2831 0.0000 0.0000
5130.03 18.07.2018 18.30.01 29.44470 293.7949 -376.5803 -1.0233 -2.5618 2.0513 45.3840 23.7271 346.5749 394.3456 -23.8465 0.0000 0.0000
5140.03 18.07.2018 18.40.01 29.32308 293.4455 -411.3136 -1.1177 -2.2630 1.5271 33.9648 17.8274 344.5112 391.6334 -21.1667 0.0000 0.0000
5150.03 18.07.2018 18.50.01 29.19048 293.0925 -437.1060 -1.1878 -1.9336 0.9944 22.3444 11.8134 342.3988 388.8167 -18.3615 0.0000 0.0000
5160.03 18.07.2018 19.00.01 29.04940 292.7397 -455.1598 -1.2368 -1.5870 0.4669 10.7609 5.8168 340.2601 385.9641 -15.4823 0.0000 0.0000
5170.03 18.07.2018 19.10.01 28.90264 292.5005 -362.6979 -0.9856 -1.2321 0.3287 7.8823 4.2418 340.0598 383.9827 -13.0442 0.0000 0.0000
5180.03 18.07.2018 19.20.01 28.78076 292.2688 -301.0827 -0.8182 -1.0098 0.2555 6.1694 3.3172 340.2020 382.4100 -11.6658 0.0000 0.0000
5190.03 18.07.2018 19.30.01 28.67581 292.0419 -267.8899 -0.7280 -0.8734 0.1939 4.6661 2.5096 340.4538 381.0058 -10.7783 0.0000 0.0000
5200.03 18.07.2018 19.40.01 28.57992 291.8938 -251.0677 -0.6822 -0.7830 0.1344 3.2004 1.7231 340.8008 379.8249 -9.8988 0.0000 0.0000
5210.03 18.07.2018 19.50.01 28.48864 291.6523 -243.1113 -0.6606 -0.7171 0.0752 1.7415 0.9403 341.1678 378.6061 -9.6812 0.0000 0.0000
5220.03 18.07.2018 20.00.01 28.39941 291.4073 -239.9865 -0.6521 -0.6643 0.0163 0.2859 0.1593 341.5184 377.4531 -9.5991 0.0000 0.0000
5230.03 18.07.2018 20.10.01 28.31088 291.2939 -226.6093 -0.6158 -0.6179 0.0028 0.0509 0.0284 343.2024 376.9061 -8.9736 0.0000 0.0000
5240.03 18.07.2018 20.20.01 28.22616 291.1992 -216.2995 -0.5878 -0.5882 0.0005 0.0092 0.0051 345.0178 376.5465 -8.7018 0.0000 0.0000
5250.03 18.07.2018 20.30.01 28.14443 291.1081 -210.4681 -0.5719 -0.5720 0.0001 0.0017 0.0009 346.8895 376.2614 -8.7837 0.0000 0.0000
5260.03 18.07.2018 20.40.01 28.06432 291.0198 -207.6713 -0.5643 -0.5643 0.0000 0.0003 0.0002 348.8008 376.0225 -9.1613 0.0000 0.0000
5270.03 18.07.2018 20.50.01 27.98470 290.9337 -206.3218 -0.5607 -0.5607 0.0000 0.0001 0.0000 350.7445 375.8464 -9.7091 0.0000 0.0000
5280.03 18.07.2018 21.00.01 27.90527 290.8499 -206.4130 -0.5609 -0.5609 0.0000 0.0000 0.0000 352.7086 375.7249 -10.3887 0.0000 0.0000
5290.03 18.07.2018 21.10.01 27.82565 290.7710 -207.3663 -0.5635 -0.5635 0.0000 0.0000 0.0000 352.5174 375.4185 -10.5271 0.0000 0.0000
5300.03 18.07.2018 21.20.01 27.74554 290.6895 -210.0592 -0.5708 -0.5708 0.0000 0.0000 0.0000 352.2297 375.0514 -10.5801 0.0000 0.0000
5310.03 18.07.2018 21.30.01 27.66427 290.6071 -213.5677 -0.5803 -0.5803 0.0000 0.0000 0.0000 351.9323 374.6690 -10.6041 0.0000 0.0000
5320.03 18.07.2018 21.40.01 27.58157 290.5242 -216.8609 -0.5893 -0.5893 0.0000 0.0000 0.0000 351.6324 374.2749 -10.6136 0.0000 0.0000
5330.03 18.07.2018 21.50.01 27.49767 290.4417 -220.0205 -0.5979 -0.5979 0.0000 0.0000 0.0000 351.3329 373.8752 -10.6042 0.0000 0.0000
5340.03 18.07.2018 22.00.01 27.41265 290.3589 -222.6992 -0.6052 -0.6052 0.0000 0.0000 0.0000 351.0343 373.4720 -10.5815 0.0000 0.0000
5350.03 18.07.2018 22.10.01 27.32668 290.2954 -224.7933 -0.6109 -0.6109 0.0000 0.0000 0.0000 350.1833 373.0178 -10.3570 0.0000 0.0000
5360.03 18.07.2018 22.20.01 27.23989 290.2314 -226.8993 -0.6166 -0.6166 0.0000 0.0000 0.0000 349.3029 372.5315 -10.1075 0.0000 0.0000
5370.03 18.07.2018 22.30.01 27.15231 290.1678 -228.8651 -0.6219 -0.6219 0.0000 0.0000 0.0000 348.4166 372.0312 -9.8300 0.0000 0.0000
5380.03 18.07.2018 22.40.01 27.06405 290.1027 -230.5313 -0.6264 -0.6264 0.0000 0.0000 0.0000 347.5254 371.5186 -9.5383 0.0000 0.0000
5390.03 18.07.2018 22.50.01 26.97524 290.0376 -231.9039 -0.6302 -0.6302 0.0000 0.0000 0.0000 346.6309 370.9992 -9.2227 0.0000 0.0000
5400.03 18.07.2018 23.00.01 26.88589 289.9713 -232.6225 -0.6321 -0.6321 0.0000 0.0000 0.0000 345.7345 370.4725 -8.9024 0.0000 0.0000
5410.03 18.07.2018 23.10.01 26.79617 289.7883 -233.4034 -0.6342 -0.6342 0.0000 0.0000 0.0000 344.6609 369.7613 -9.1958 0.0000 0.0000
5420.03 18.07.2018 23.20.01 26.70620 289.6026 -235.1907 -0.6391 -0.6391 0.0000 0.0000 0.0000 343.5631 369.0225 -9.3829 0.0000 0.0000
5430.03 18.07.2018 23.30.01 26.61556 289.4202 -237.0387 -0.6441 -0.6441 0.0000 0.0000 0.0000 342.4556 368.2672 -9.5065 0.0000 0.0000
5440.03 18.07.2018 23.40.01 26.52410 289.2359 -238.2675 -0.6475 -0.6475 0.0000 0.0000 0.0000 341.3420 367.4863 -9.6624 0.0000 0.0000
5450.03 18.07.2018 23.50.01 26.43234 289.0550 -239.7469 -0.6515 -0.6515 0.0000 0.0000 0.0000 340.2287 366.7061 -9.7096 0.0000 0.0000
5460.03 19.07.2018 00.00.01 26.33990 288.8738 -240.6236 -0.6539 -0.6539 0.0000 0.0000 0.0000 339.1118 365.9161 -9.7288 0.0000 0.0000
5470.03 19.07.2018 00.10.01 26.24743 288.6632 -242.0701 -0.6578 -0.6578 0.0000 0.0000 0.0000 338.2276 365.1271 -9.9011 0.0000 0.0000
5480.03 19.07.2018 00.20.01 26.15405 288.4579 -242.2595 -0.6583 -0.6583 0.0000 0.0000 0.0000 337.3617 364.3628 -10.0018 0.0000 0.0000
5490.03 19.07.2018 00.30.01 26.06066 288.2561 -243.0649 -0.6605 -0.6605 0.0000 0.0000 0.0000 336.4920 363.5960 -10.0923 0.0000 0.0000
5500.03 19.07.2018 00.40.01 25.96728 288.0498 -244.4005 -0.6641 -0.6641 0.0000 0.0000 0.0000 335.6189 362.8170 -10.2094 0.0000 0.0000
5510.03 19.07.2018 00.50.01 25.87301 287.8431 -244.5192 -0.6645 -0.6645 0.0000 0.0000 0.0000 334.7436 362.0354 -10.3196 0.0000 0.0000
5520.03 19.07.2018 01.00.01 25.77874 287.6356 -245.1237 -0.6661 -0.6661 0.0000 0.0000 0.0000 333.8675 361.2512 -10.4258 0.0000 0.0000
5530.03 19.07.2018 01.10.01 25.68444 287.5388 -245.8615 -0.6681 -0.6681 0.0000 0.0000 0.0000 333.7064 360.6635 -10.2131 0.0000 0.0000
5540.03 19.07.2018 01.20.01 25.59014 287.4353 -245.2843 -0.6665 -0.6665 0.0000 0.0000 0.0000 333.5877 360.1183 -10.0914 0.0000 0.0000
5550.03 19.07.2018 01.30.01 25.49624 287.3394 -244.2187 -0.6636 -0.6636 0.0000 0.0000 0.0000 333.4732 359.6134 -9.9669 0.0000 0.0000
5560.03 19.07.2018 01.40.01 25.40286 287.2492 -242.9818 -0.6603 -0.6603 0.0000 0.0000 0.0000 333.3675 359.1586 -9.7779 0.0000 0.0000
5570.03 19.07.2018 01.50.01 25.30993 287.2442 -241.5152 -0.6563 -0.6563 0.0000 0.0000 0.0000 333.2961 358.8712 -9.1409 0.0000 0.0000
5580.03 19.07.2018 02.00.01 25.21749 287.1874 -239.6552 -0.6512 -0.6512 0.0000 0.0003 0.0002 333.2620 358.4999 -8.9580 0.0000 0.0000
5590.03 19.07.2018 02.10.01 25.12591 287.0891 -237.1099 -0.6443 -0.6497 0.0071 0.1916 0.1021 332.6253 358.0514 -8.9826 0.0000 0.0000
5600.03 19.07.2018 02.20.01 25.03442 287.0138 -236.7813 -0.6434 -0.6554 0.0160 0.4131 0.2208 331.8992 357.5425 -9.0811 0.0000 0.0000
5610.03 19.07.2018 02.30.01 24.94262 286.8969 -238.5897 -0.6483 -0.6672 0.0252 0.6399 0.3424 331.1673 356.9091 -9.5140 0.0000 0.0000
5620.03 19.07.2018 02.40.01 24.84997 286.7500 -240.9530 -0.6548 -0.6806 0.0344 0.8678 0.4647 330.4098 356.2475 -9.8790 0.0000 0.0000
5630.03 19.07.2018 02.50.01 24.75656 286.6002 -242.6458 -0.6594 -0.6921 0.0437 1.0957 0.5870 329.6039 355.5460 -10.2729 0.0000 0.0000
5640.03 19.07.2018 03.00.01 24.66262 286.4909 -244.2237 -0.6637 -0.7035 0.0531 1.3291 0.7122 328.7558 354.8709 -10.5015 0.0000 0.0000
5650.03 19.07.2018 03.10.01 24.56820 286.5163 -212.4951 -0.5774 -0.7133 0.1811 4.7422 2.5311 328.3306 354.7664 -10.0473 0.0000 0.0000
5660.03 19.07.2018 03.20.01 24.48281 286.5477 -187.6342 -0.5099 -0.7636 0.3383 8.6588 4.6301 328.0837 354.8502 -9.8742 0.0000 0.0000
5670.03 19.07.2018 03.30.01 24.40466 286.5810 -172.1066 -0.4677 -0.8428 0.5002 12.6642 6.7787 327.9081 355.0259 -9.8638 0.0000 0.0000
5680.03 19.07.2018 03.40.01 24.33132 286.6174 -162.0608 -0.4404 -0.9377 0.6631 16.6858 8.9364 327.7708 355.2769 -9.9381 0.0000 0.0000
5690.03 19.07.2018 03.50.01 24.26129 286.6542 -154.6253 -0.4202 -1.0398 0.8261 20.7103 11.0957 327.6562 355.5817 -10.1095 0.0000 0.0000
5700.03 19.07.2018 04.00.01 24.19372 286.6928 -148.4085 -0.4033 -1.1453 0.9894 24.7407 13.2582 327.5613 355.9324 -10.3588 0.0000 0.0000
5710.03 19.07.2018 04.10.01 24.12872 287.0613 -108.6423 -0.2952 -1.2501 1.2731 32.0009 17.1410 328.1206 357.0759 -9.3160 0.0000 0.0000
5720.03 19.07.2018 04.20.01 24.07604 287.4356 -74.2390 -0.2017 -1.3915 1.5864 39.7722 21.3082 328.8903 358.5017 -8.6421 0.0000 0.0000
5730.03 19.07.2018 04.30.01 24.03448 287.8126 -48.6953 -0.1323 -1.5608 1.9046 47.6339 25.5259 329.7612 360.1000 -8.1972 0.0000 0.0000
5740.03 19.07.2018 04.40.01 24.00143 288.1915 -28.5825 -0.0777 -1.7455 2.2237 55.5120 29.7528 330.6953 361.8363 -7.9299 0.0000 0.0000
5750.03 19.07.2018 04.50.01 23.97543 288.5716 -11.7617 -0.0320 -1.9392 2.5430 77.1046 41.5966 331.6772 364.8690 -8.9765 0.0000 0.0000
5760.03 19.07.2018 05.00.01 23.95562 288.9633 11.9932 0.0326 -2.1382 2.8944 88.5912 47.8381 332.8946 367.5156 -9.7379 0.0000 0.0000
5770.03 19.07.2018 05.10.01 23.94363 289.3616 25.5273 0.0694 -2.3509 3.2270 151.9341 82.9156 334.0661 374.8256 -14.8137 0.0000 0.0000
5780.03 19.07.2018 05.20.01 23.93716 289.8569 74.4370 0.2023 -2.5637 3.6880 218.4835 119.8201 336.0387 384.1800 -21.7572 0.0000 0.0000
5790.03 19.07.2018 05.30.01 23.94583 290.3334 118.3247 0.3215 -2.8222 4.1916 285.7115 157.1055 338.3551 394.6973 -30.0479 0.0000 0.0000
5800.03 19.07.2018 05.40.01 23.96847 290.8256 154.5852 0.4201 -3.1155 4.7142 272.0151 149.3636 340.8658 398.4763 -32.1007 0.0000 0.0000
5810.03 19.07.2018 05.50.01 24.00298 291.1854 122.9640 0.3341 -3.4313 5.0206 253.6175 138.9641 342.2893 400.1305 -32.1978 0.0000 0.0000
5820.03 19.07.2018 06.00.01 24.03079 291.5779 100.4829 0.2731 -3.6784 5.2686 236.5188 129.3844 343.3993 401.2958 -31.4250 0.0000 0.0000
5830.03 19.07.2018 06.10.01 24.05386 291.9621 48.4863 0.1318 -3.8723 5.3388 265.8103 145.6251 344.8157 406.4939 -31.9188 0.0000 0.0000
5840.03 19.07.2018 06.20.01 24.06451 292.5414 62.7188 0.1704 -3.9743 5.5263 297.0955 162.9735 346.8814 414.0629 -31.2779 0.0000 0.0000
5850.03 19.07.2018 06.30.01 24.08099 293.2244 90.1741 0.2450 -4.0697 5.7530 328.1990 180.1843 348.6123 419.8933 -39.6188 0.0000 0.0000
5860.03 19.07.2018 06.40.01 24.10729 293.9769 114.6608 0.3116 -4.1754 5.9826 345.1125 189.4715 351.0216 426.8714 -36.8147 0.0000 0.0000
5870.03 19.07.2018 06.50.01 24.14248 294.0163 131.8912 0.3584 -4.2849 6.1910 363.7966 199.8371 353.1511 431.7729 -43.2672 0.0000 0.0000
5880.03 19.07.2018 07.00.01 24.18459 294.0322 145.0361 0.3941 -4.3938 6.3839 382.1559 210.0206 355.0735 436.6793 -51.0862 0.0000 0.0000
5890.03 19.07.2018 07.10.01 24.23217 294.5357 191.0764 0.5192 -4.4970 6.6883 383.7376 210.7955 356.9259 440.7987 -51.4663 0.0000 0.0000
5900.03 19.07.2018 07.20.01 24.29498 294.9803 214.4345 0.5827 -4.6304 6.9508 384.3078 210.9950 357.8828 442.9531 -59.1655 0.0000 0.0000
5910.03 19.07.2018 07.30.01 24.36660 294.9861 231.0374 0.6278 -4.7668 7.1929 384.2491 210.8326 358.4957 442.9818 -70.5252 0.0000 0.0000
5920.03 19.07.2018 07.40.01 24.44476 295.3045 251.9902 0.6848 -4.9015 7.4484 386.0094 211.6756 360.9755 450.5029 -49.7309 0.0000 0.0000
5930.03 19.07.2018 07.50.01 24.53045 294.8527 267.5415 0.7270 -5.0445 7.6953 387.3321 212.2627 361.8981 449.5868 -69.3439 0.0000 0.0000
5940.03 19.07.2018 08.00.01 24.62209 294.8148 282.0803 0.7665 -5.1833 7.9332 388.1804 212.5708 361.6238 446.0799 -91.5265 0.0000 0.0000
5950.03 19.07.2018 08.10.01 24.71972 295.0325 275.7501 0.7493 -5.3168 8.0882 404.5807 221.5748 362.0868 448.2259 -92.4672 0.0000 0.0000
5960.03 19.07.2018 08.20.01 24.81756 295.2736 297.0572 0.8072 -5.4185 8.3010 421.6173 230.9172 363.0435 451.0635 -94.1981 0.0000 0.0000
5970.03 19.07.2018 08.30.01 24.92315 295.5179 325.2788 0.8839 -5.5262 8.5468 438.8282 240.3393 364.1910 454.2686 -96.3776 0.0000 0.0000
5980.03 19.07.2018 08.40.01 25.03839 295.7644 345.8177 0.9397 -5.6498 8.7860 452.5922 247.8244 365.3991 457.4288 -98.4409 0.0000 0.0000
5990.03 19.07.2018 08.50.01 25.16091 296.0121 359.7311 0.9775 -5.7793 9.0091 465.5953 254.8649 366.6049 460.5953 -100.4818 0.0000 0.0000
6000.03 19.07.2018 09.00.01 25.28896 296.2513 377.5946 1.0261 -5.9073 9.2445 478.1095 261.6042 367.7891 463.8152 -102.6322 0.0000 0.0000
6010.03 19.07.2018 09.10.01 25.42361 296.4831 408.6522 1.1105 -6.0410 9.5353 476.6115 260.5405 369.4010 466.4092 -101.0278 0.0000 0.0000
6020.03 19.07.2018 09.20.01 25.56814 296.6962 407.2132 1.1066 -6.1990 9.7407 473.4999 258.5732 370.8588 468.8097 -97.8950 0.0000 0.0000
6030.03 19.07.2018 09.30.01 25.71377 296.8949 431.4106 1.1723 -6.3367 10.0120 471.4492 257.1926 372.3415 470.7922 -97.0739 0.0000 0.0000
6040.03 19.07.2018 09.40.01 25.86740 297.1035 441.5772 1.1999 -6.4907 10.2542 470.0355 256.1570 373.8739 473.0407 -94.7777 0.0000 0.0000
6050.03 19.07.2018 09.50.01 26.02526 297.3185 465.4576 1.2648 -6.6417 10.5420 469.0966 255.3721 375.5072 475.2861 -92.7093 0.0000 0.0000
6060.03 19.07.2018 10.00.01 26.19094 297.5332 473.7312 1.2873 -6.8081 10.7939 467.3445 254.1274 377.1031 477.1108 -92.0559 0.0000 0.0000
6070.03 19.07.2018 10.10.01 26.36031 297.6143 498.4747 1.3546 -6.9708 11.1005 453.9534 246.4980 380.7690 477.3116 -92.6430 0.0000 0.0000
6080.03 19.07.2018 10.20.01 26.53744 297.8260 474.7686 1.2901 -7.1505 11.2542 438.5080 237.7515 384.2701 477.1211 -93.8633 0.0000 0.0000
6090.03 19.07.2018 10.30.01 26.70944 298.2773 444.6871 1.2084 -7.2769 11.3137 422.0028 228.4399 385.4671 477.3901 -89.2544 0.0000 0.0000
6100.03 19.07.2018 10.40.01 26.87463 298.7244 459.4196 1.2484 -7.3477 11.4615 409.3961 221.2917 387.0711 480.2504 -71.7973 0.0000 0.0000
6110.03 19.07.2018 10.50.01 27.04553 299.2974 460.2014 1.2505 -7.4215 11.5628 396.6669 214.1051 388.6212 480.8027 -67.8359 0.0000 0.0000
6120.03 19.07.2018 11.00.01 27.21752 299.4737 460.4458 1.2512 -7.4864 11.6501 384.1858 207.0791 389.8524 477.8415 -78.2127 0.0000 0.0000
6130.03 19.07.2018 11.10.01 27.38909 299.5622 336.5571 0.9146 -7.5451 11.2796 355.6017 191.5087 392.3486 479.5969 -62.1851 0.0000 0.0000
6140.03 19.07.2018 11.20.01 27.52569 299.4387 215.0147 0.5843 -7.4343 10.6915 324.3349 174.4929 394.0981 477.2784 -61.8449 0.0000 0.0000
6150.03 19.07.2018 11.30.01 27.62768 298.7183 141.7998 0.3853 -7.1723 10.0768 293.4905 157.7503 394.8087 470.6444 -72.6223 0.0000 0.0000
6160.03 19.07.2018 11.40.01 27.70681 298.4903 95.8886 0.2606 -6.8432 9.4716 264.7760 142.2125 395.3617 467.1298 -64.1608 0.0000 0.0000
6170.03 19.07.2018 11.50.01 27.77099 298.2151 58.5324 0.1591 -6.4796 8.8515 236.8022 127.1304 395.1916 461.6880 -63.8670 0.0000 0.0000
6180.03 19.07.2018 12.00.01 27.82235 298.0970 28.6959 0.0780 -6.0944 8.2299 209.8230 112.6441 394.7780 455.5475 -66.7873 0.0000 0.0000
6190.03 19.07.2018 12.10.01 27.86382 298.0356 72.7230 0.1976 -5.6980 7.8608 202.6645 108.6907 393.0983 452.0588 -63.1593 0.0000 0.0000
6200.03 19.07.2018 12.20.01 27.91622 298.0004 159.9538 0.4347 -5.3861 7.7610 199.7220 107.0636 392.0258 449.7127 -60.5012 0.0000 0.0000
6210.03 19.07.2018 12.30.01 27.99175 297.9735 218.2622 0.5931 -5.2096 7.7370 197.9414 106.0766 391.2695 447.8625 -58.3986 0.0000 0.0000
6220.03 19.07.2018 12.40.01 28.08254 297.9502 246.6804 0.6703 -5.1235 7.7251 196.3559 105.1951 390.6341 446.2989 -56.6146 0.0000 0.0000
6230.03 19.07.2018 12.50.01 28.18047 297.9304 256.8244 0.6979 -5.0854 7.7111 194.6951 104.2700 390.0534 444.9305 -55.0017 0.0000 0.0000
6240.03 19.07.2018 13.00.01 28.28066 297.9134 260.9940 0.7092 -5.0725 7.7090 193.1855 103.4247 389.5060 443.7392 -53.6177 0.0000 0.0000
6250.03 19.07.2018 13.10.01 28.38250 297.9737 438.0294 1.1903 -5.0814 8.3623 211.2674 112.7499 386.9708 443.4956 -55.2082 0.0000 0.0000
6260.03 19.07.2018 13.20.01 28.53332 298.0587 626.5778 1.7027 -5.3417 9.3925 233.7765 124.4469 384.8942 443.8700 -59.7864 0.0000 0.0000
6270.03 19.07.2018 13.30.01 28.73705 298.1544 780.6767 2.1214 -5.8577 10.6388 258.1819 137.1187 383.1350 444.7604 -65.3957 0.0000 0.0000
6280.03 19.07.2018 13.40.01 28.98495 298.2441 918.1008 2.4948 -6.5733 12.0908 284.5128 150.7455 381.5459 446.0731 -71.6654 0.0000 0.0000
6290.03 19.07.2018 13.50.01 29.27270 298.3559 1041.7238 2.8308 -7.4585 13.7191 311.9889 164.9265 380.1381 447.7063 -78.7471 0.0000 0.0000
6300.03 19.07.2018 14.00.01 29.59670 298.4723 1139.0747 3.0953 -8.4902 15.4474 339.4592 179.0315 378.7232 449.4717 -86.2177 0.0000 0.0000
6310.03 19.07.2018 14.10.01 29.94656 298.3681 745.0399 2.0246 -9.6196 15.5255 332.0206 175.2409 379.2687 449.7988 -88.1451 0.0000 0.0000
6320.03 19.07.2018 14.20.01 30.18670 298.2540 417.7549 1.1352 -10.2019 15.1161 317.5676 167.6094 378.6973 448.4151 -88.1894 0.0000 0.0000
6330.03 19.07.2018 14.30.01 30.33425 298.1301 204.2684 0.5551 -10.3578 14.5506 301.4561 159.1007 377.6644 446.4291 -87.1959 0.0000 0.0000
6340.03 19.07.2018 14.40.01 30.41952 298.0098 35.7965 0.0973 -10.2547 13.8026 283.4043 149.5984 376.4280 444.2608 -84.0963 0.0000 0.0000
6350.03 19.07.2018 14.50.01 30.45489 297.8883 -82.4685 -0.2241 -9.9588 12.9796 262.1841 138.2515 375.1085 441.6695 -79.3381 0.0000 0.0000
6360.03 19.07.2018 15.00.01 30.45416 297.7633 -186.5398 -0.5069 -9.5377 12.0411 241.6635 127.4112 373.7128 438.8766 -74.6255 0.0000 0.0000
6370.03 19.07.2018 15.10.01 30.42199 297.5899 -186.8002 -0.5076 -9.0225 11.3531 227.3847 119.8941 372.4723 436.5886 -70.2697 0.0000 0.0000
6380.03 19.07.2018 15.20.01 30.38806 297.4172 -195.3488 -0.5308 -8.5352 10.6724 210.2354 110.6492 371.3821 434.0379 -65.0743 0.0000 0.0000
6390.03 19.07.2018 15.30.01 30.34933 297.2443 -221.3454 -0.6015 -8.0650 9.9514 197.1574 103.8776 370.3230 431.8138 -61.2575 0.0000 0.0000
6400.03 19.07.2018 15.40.01 30.30108 297.0722 -288.1592 -0.7830 -7.5865 9.0713 182.5361 96.3485 369.2114 429.4461 -57.3003 0.0000 0.0000
6410.03 19.07.2018 15.50.01 30.23217 296.8990 -343.2235 -0.9327 -7.0436 8.1479 167.8607 88.8195 368.0635 427.0206 -53.3629 0.0000 0.0000
6420.03 19.07.2018 16.00.01 30.14480 296.7250 -544.1452 -1.4787 -6.4544 6.6343 151.7124 80.8509 366.9456 424.5086 -49.2032 0.0000 0.0000
6430.03 19.07.2018 16.10.01 30.00240 296.6293 -190.2140 -0.5169 -5.6223 6.8073 152.0809 80.7621 365.2194 422.6426 -47.5090 0.0000 0.0000
6440.03 19.07.2018 16.20.01 29.95538 296.5354 9.4130 0.0256 -5.3018 7.1031 154.2845 81.6816 363.7691 421.1448 -47.2774 0.0000 0.0000
6450.03 19.07.2018 16.30.01 29.96276 296.4453 115.2049 0.3131 -5.2607 7.4317 156.8068 82.7676 362.4572 419.8318 -47.4138 0.0000 0.0000
6460.03 19.07.2018 16.40.01 29.99960 296.3571 200.0731 0.5437 -5.3632 7.8759 156.9943 82.2864 361.1759 418.4498 -46.1681 0.0000 0.0000
6470.03 19.07.2018 16.50.01 30.06005 296.2670 248.5766 0.6755 -5.5781 8.3381 160.7729 83.9462 359.9338 417.3831 -46.8236 0.0000 0.0000
6480.03 19.07.2018 17.00.01 30.13430 296.1783 274.8243 0.7468 -5.8552 8.8027 164.6194 85.6464 358.7464 416.4101 -47.7543 0.0000 0.0000
6490.03 19.07.2018 17.10.01 30.21420 295.9489 -3.0905 -0.0084 -6.1672 8.2118 152.0208 79.1202 357.5464 414.8517 -45.5826 0.0000 0.0000
6500.03 19.07.2018 17.20.01 30.21343 295.7151 -690.2279 -1.8756 -6.1088 5.6443 132.1203 69.7041 356.0040 412.5266 -41.3803 0.0000 0.0000
6510.03 19.07.2018 17.30.01 30.02429 295.4810 -509.8077 -1.3853 -5.1488 5.0180 117.0702 61.7338 354.3123 410.1156 -37.8282 0.0000 0.0000
6520.03 19.07.2018 17.40.01 29.88030 295.2495 -454.9589 -1.2363 -4.4865 4.3336 100.5117 52.9800 352.6188 407.5121 -33.7217 0.0000 0.0000
6530.03 19.07.2018 17.50.01 29.74868 295.0228 -444.2224 -1.2071 -3.9329 3.6344 83.9845 44.2563 350.8698 404.7773 -29.4920 0.0000 0.0000
6540.03 19.07.2018 18.00.01 29.61770 294.8219 -449.6801 -1.2220 -3.4207 2.9316 67.4466 35.5283 349.1120 401.9440 -25.2067 0.0000 0.0000
6550.03 19.07.2018 18.10.01 29.48373 294.4696 -388.0031 -1.0544 -2.9276 2.4976 55.1967 28.8606 347.6332 399.0553 -22.0752 0.0000 0.0000
6560.03 19.07.2018 18.20.01 29.36474 294.1255 -352.8839 -0.9589 -2.5443 2.1139 46.7506 24.4373 346.2578 396.5658 -20.1968 0.0000 0.0000
6570.03 19.07.2018 18.30.01 29.25378 293.7853 -338.6526 -0.9203 -2.2293 1.7453 38.5972 20.1784 344.9420 394.1274 -18.4470 0.0000 0.0000
6580.03 19.07.2018 18.40.01 29.14523 293.4472 -359.3993 -0.9766 -1.9515 1.2998 28.9016 15.1695 343.6425 391.6373 -16.6808 0.0000 0.0000
6590.03 19.07.2018 18.50.01 29.02953 293.1078 -378.0301 -1.0273 -1.6628 0.8473 19.0376 10.0650 342.2969 389.0754 -14.8269 0.0000 0.0000
6600.03 19.07.2018 19.00.01 28.90731 292.7681 -393.0422 -1.0680 -1.3674 0.3992 9.2052 4.9755 340.9437 386.4800 -12.9931 0.0000 0.0000
6610.03 19.07.2018 19.10.01 28.77996 292.4000 -316.4868 -0.8600 -1.0712 0.2816 6.7530 3.6340 339.4389 384.1693 -12.1436 0.0000 0.0000
6620.03 19.07.2018 19.20.01 28.67220 292.0340 -270.4043 -0.7348 -0.8990 0.2189 5.2875 2.8430 338.1036 382.1144 -11.7847 0.0000 0.0000
6630.03 19.07.2018 19.30.01 28.57601 291.6682 -250.0656 -0.6795 -0.8042 0.1662 3.9994 2.1511 336.8210 380.1549 -11.6106 0.0000 0.0000
6640.03 19.07.2018 19.40.01 28.48443 291.3023 -243.9218 -0.6628 -0.7492 0.1152 2.7432 1.4769 335.5633 378.2609 -11.5466 0.0000 0.0000
6650.03 19.07.2018 19.50.01 28.39367 290.9369 -245.0028 -0.6658 -0.7141 0.0645 1.4927 0.8060 334.3226 376.4181 -11.5691 0.0000 0.0000
6660.03 19.07.2018 20.00.01 28.30172 290.5725 -249.6725 -0.6785 -0.6889 0.0139 0.2450 0.1365 333.0921 374.6169 -11.6532 0.0000 0.0000
6670.03 19.07.2018 20.10.01 28.20773 290.4027 -244.5978 -0.6647 -0.6665 0.0024 0.0436 0.0244 332.3001 373.2915 -10.6789 0.0000 0.0000
6680.03 19.07.2018 20.20.01 28.11480 290.2345 -240.9772 -0.6548 -0.6552 0.0004 0.0079 0.0044 331.6012 372.0913 -9.9760 0.0000 0.0000
6690.03 19.07.2018 20.30.01 28.02249 290.0679 -239.7701 -0.6515 -0.6516 0.0001 0.0014 0.0008 330.9416 370.9770 -9.4210 0.0000 0.0000
6700.03 19.07.2018 20.40.01 27.93005 289.9011 -240.2282 -0.6528 -0.6528 0.0000 0.0003 0.0001 330.3122 369.9327 -8.9757 0.0000 0.0000
6710.03 19.07.2018 20.50.01 27.83740 289.7352 -242.3542 -0.6586 -0.6586 0.0000 0.0000 0.0000 329.7078 368.9449 -8.6240 0.0000 0.0000
6720.03 19.07.2018 21.00.01 27.74383 289.5696 -244.8641 -0.6654 -0.6654 0.0000 0.0000 0.0000 329.1208 368.0029 -8.3511 0.0000 0.0000
6730.03 19.07.2018 21.10.01 27.64919 289.3583 -248.0553 -0.6741 -0.6741 0.0000 0.0000 0.0000 328.7608 367.0510 -8.5130 0.0000 0.0000
6740.03 19.07.2018 21.20.01 27.55316 289.1480 -252.1204 -0.6851 -0.6851 0.0000 0.0000 0.0000 328.4083 366.1268 -8.7249 0.0000 0.0000
6750.03 19.07.2018 21.30.01 27.45553 288.9387 -256.5970 -0.6973 -0.6973 0.0000 0.0000 0.0000 328.0614 365.2281 -8.9615 0.0000 0.0000
6760.03 19.07.2018 21.40.01 27.35616 288.7292 -261.0021 -0.7092 -0.7092 0.0000 0.0000 0.0000 327.7190 364.3473 -9.2337 0.0000 0.0000
6770.03 19.07.2018 21.50.01 27.25506 288.5199 -265.1246 -0.7204 -0.7204 0.0000 0.0000 0.0000 327.3820 363.4855 -9.5227 0.0000 0.0000
6780.03 19.07.2018 22.00.01 27.15243 288.3116 -269.1123 -0.7313 -0.7313 0.0000 0.0000 0.0000 327.0496 362.6387 -9.8346 0.0000 0.0000
6790.03 19.07.2018 22.10.01 27.04839 288.1010 -272.9576 -0.7417 -0.7417 0.0000 0.0000 0.0000 325.7269 361.6788 -9.9241 0.0000 0.0000
6800.03 19.07.2018 22.20.01 26.94283 287.8853 -276.3819 -0.7510 -0.7510 0.0000 0.0000 0.0000 324.3662 360.6842 -9.9552 0.0000 0.0000
6810.03 19.07.2018 22.30.01 26.83605 287.6772 -279.9085 -0.7606 -0.7606 0.0000 0.0000 0.0000 322.9987 359.6820 -9.9655 0.0000 0.0000
6820.03 19.07.2018 22.40.01 26.72793 287.4723 -283.0722 -0.7692 -0.7692 0.0000 0.0000 0.0000 321.6399 358.6830 -9.9136 0.0000 0.0000
6830.03 19.07.2018 22.50.01 26.61862 287.2725 -286.0338 -0.7773 -0.7773 0.0000 0.0000 0.0000 320.2854 357.6962 -9.7934 0.0000 0.0000
6840.03 19.07.2018 23.00.01 26.50820 287.0738 -288.7089 -0.7845 -0.7845 0.0000 0.0000 0.0000 318.9324 356.7098 -9.6543 0.0000 0.0000
6850.03 19.07.2018 23.10.01 26.39681 286.8502 -291.3542 -0.7917 -0.7917 0.0000 0.0000 0.0000 318.0685 355.7736 -9.7140 0.0000 0.0000
6860.03 19.07.2018 23.20.01 26.28439 286.6446 -294.2263 -0.7995 -0.7995 0.0000 0.0000 0.0000 317.2280 354.8852 -9.7028 0.0000 0.0000
6870.03 19.07.2018 23.30.01 26.17089 286.4479 -297.0351 -0.8072 -0.8072 0.0000 0.0000 0.0000 316.3783 353.9988 -9.7177 0.0000 0.0000
6880.03 19.07.2018 23.40.01 26.05624 286.2463 -299.8066 -0.8147 -0.8147 0.0000 0.0000 0.0000 315.5181 353.1166 -9.7482 0.0000 0.0000
6890.03 19.07.2018 23.50.01 25.94052 286.0187 -302.6149 -0.8223 -0.8223 0.0000 0.0000 0.0000 314.6477 352.1849 -9.9504 0.0000 0.0000
6900.03 20.07.2018 00.00.01 25.82372 285.7729 -305.7026 -0.8307 -0.8307 0.0000 0.0000 0.0000 313.7744 351.2196 -10.2589 0.0000 0.0000
6910.03 20.07.2018 00.10.01 25.70580 285.6161 -308.5779 -0.8385 -0.8385 0.0000 0.0000 0.0000 312.8093 350.3457 -10.1034 0.0000 0.0000
6920.03 20.07.2018 00.20.01 25.58685 285.4488 -310.8053 -0.8446 -0.8446 0.0000 0.0000 0.0000 311.8431 349.4664 -9.9994 0.0000 0.0000
6930.03 20.07.2018 00.30.01 25.46700 285.2859 -312.8040 -0.8500 -0.8500 0.0000 0.0000 0.0000 310.8774 348.5964 -9.9002 0.0000 0.0000
6940.03 20.07.2018 00.40.01 25.34643 285.1229 -314.6186 -0.8549 -0.8549 0.0000 0.0000 0.0000 309.9145 347.7335 -9.8034 0.0000 0.0000
6950.03 20.07.2018 00.50.01 25.22524 284.9650 -316.4453 -0.8599 -0.8599 0.0000 0.0000 0.0000 308.9528 346.8802 -9.6994 0.0000 0.0000
6960.03 20.07.2018 01.00.01 25.10348 284.8093 -318.4379 -0.8653 -0.8653 0.0000 0.0000 0.0000 307.9960 346.0316 -9.6097 0.0000 0.0000
6970.03 20.07.2018 01.10.01 24.98080 284.6599 -319.4499 -0.8681 -0.8681 0.0000 0.0000 0.0000 307.4014 345.2574 -9.5003 0.0000 0.0000
6980.03 20.07.2018 01.20.01 24.85812 284.5145 -320.0646 -0.8697 -0.8697 0.0000 0.0000 0.0000 306.8416 344.5123 -9.4221 0.0000 0.0000
6990.03 20.07.2018 01.30.01 24.73544 284.3711 -320.0615 -0.8697 -0.8697 0.0000 0.0000 0.0000 306.2955 343.7842 -9.3645 0.0000 0.0000
7000.03 20.07.2018 01.40.01 24.61276 284.2244 -319.6564 -0.8686 -0.8686 0.0000 0.0000 0.0000 305.7581 343.0661 -9.3415 0.0000 0.0000
7010.03 20.07.2018 01.50.01 24.49008 284.0759 -318.8694 -0.8665 -0.8665 0.0000 0.0000 0.0000 305.2330 342.3583 -9.3381 0.0000 0.0000
7020.03 20.07.2018 02.00.01 24.36767 283.9267 -318.3411 -0.8651 -0.8651 0.0000 0.0004 0.0002 304.7133 341.6601 -9.3510 0.0000 0.0000
7030.03 20.07.2018 02.10.01 24.24560 283.7971 -316.1469 -0.8591 -0.8652 0.0081 0.2166 0.1154 304.5571 341.0641 -9.3514 0.0000 0.0000
7040.03 20.07.2018 02.20.01 24.12386 283.6798 -314.5718 -0.8548 -0.8684 0.0181 0.4670 0.2495 304.4226 340.5110 -9.3754 0.0000 0.0000
7050.03 20.07.2018 02.30.01 24.00253 283.5634 -314.0576 -0.8534 -0.8748 0.0285 0.7234 0.3871 304.2936 339.9780 -9.4343 0.0000 0.0000
7060.03 20.07.2018 02.40.01 23.88128 283.4450 -314.0735 -0.8535 -0.8826 0.0389 0.9809 0.5253 304.1634 339.4574 -9.5333 0.0000 0.0000
7070.03 20.07.2018 02.50.01 23.75997 283.3253 -314.2252 -0.8539 -0.8909 0.0494 1.2387 0.6636 304.0391 338.9477 -9.6639 0.0000 0.0000
7080.03 20.07.2018 03.00.01 23.63864 283.2034 -314.4003 -0.8543 -0.8993 0.0600 1.5010 0.8043 303.9128 338.4441 -9.8316 0.0000 0.0000
7090.03 20.07.2018 03.10.01 23.51742 283.2567 -285.1757 -0.7749 -0.9052 0.1737 4.5281 2.4177 303.6242 338.3627 -9.2406 0.0000 0.0000
7100.03 20.07.2018 03.20.01 23.40499 283.3065 -261.0239 -0.7093 -0.9438 0.3127 7.9929 4.2746 303.4585 338.4318 -8.8979 0.0000 0.0000
7110.03 20.07.2018 03.30.01 23.29992 283.3532 -244.4904 -0.6644 -1.0063 0.4560 11.5349 6.1747 303.3549 338.5796 -8.7193 0.0000 0.0000
7120.03 20.07.2018 03.40.01 23.20016 283.4039 -232.7752 -0.6325 -1.0825 0.6000 15.0910 8.0826 303.2904 338.7950 -8.6282 0.0000 0.0000
7130.03 20.07.2018 03.50.01 23.10430 283.4635 -223.7057 -0.6079 -1.1660 0.7442 18.6497 9.9920 303.2549 339.0720 -8.5931 0.0000 0.0000
7140.03 20.07.2018 04.00.01 23.01162 283.5157 -216.1669 -0.5874 -1.2537 0.8883 22.2083 11.9013 303.2385 339.3852 -8.6568 0.0000 0.0000
7150.03 20.07.2018 04.10.01 22.92172 283.8703 -211.5195 -0.5748 -1.3417 1.0226 25.5013 13.6692 303.7263 340.1751 -7.1367 0.0000 0.0000
7160.03 20.07.2018 04.20.01 22.83422 284.2316 -204.4679 -0.5556 -1.4214 1.1544 28.7523 15.4137 304.2935 341.0549 -5.8101 0.0000 0.0000
7170.03 20.07.2018 04.30.01 22.74978 284.5886 -195.7579 -0.5320 -1.4964 1.2859 31.9958 17.1540 304.8982 342.0030 -4.6393 0.0000 0.0000
7180.03 20.07.2018 04.40.01 22.66882 284.9396 -186.6251 -0.5071 -1.5701 1.4172 35.2380 18.8936 305.5380 343.0117 -3.6005 0.0000 0.0000
7190.03 20.07.2018 04.50.01 22.59142 285.2899 -177.4058 -0.4821 -1.6435 1.5486 38.4800 20.6331 306.2047 344.0791 -2.6533 0.0000 0.0000
