# simtime date time IndoorTemp Av_Tair_at_facade Energyflux.toIndoor.sum  Energyflux.toIndoor.average Energyflux.Conduction.average Energyflux.SW.transmission.average Shortwave.availabe Shortwave.absorbed Longwave.available Longwave.emittedFacade Sensible.outside Vapour.fromGreening Vapour.fromSubstrate
10.02 15.07.2018 05.10.00 19.90096 288.9517 260.8007 0.4657 -0.5059 1.2955 498.6390 276.6029 323.1569 408.1659 -59.0572 0.0000 0.0000
20.02 15.07.2018 05.20.00 19.93401 289.7691 458.8169 0.8193 -0.9267 2.3280 897.3663 498.2764 328.0296 458.9926 -105.6112 0.0000 0.0000
30.03 15.07.2018 05.30.01 20.00955 290.6323 687.4517 1.2276 -1.4393 3.5558 1302.7353 723.7857 334.4505 523.1245 -159.3980 0.0000 0.0000
40.03 15.07.2018 05.40.01 20.13503 291.5248 906.9659 1.6196 -2.0768 4.9286 1231.0608 683.5208 342.2543 539.5353 -170.3169 0.0000 0.0000
50.03 15.07.2018 05.50.01 20.30169 291.9663 572.1673 1.0217 -2.7966 5.0911 1155.2644 640.6314 345.5038 545.5956 -175.1009 0.0000 0.0000
60.03 15.07.2018 06.00.01 20.41357 292.4846 333.9973 0.5964 -3.1470 4.9912 1071.8354 593.6102 347.2351 545.4351 -180.0199 0.0000 0.0000
70.03 15.07.2018 06.10.01 20.48708 292.8126 240.1301 0.4288 -3.2338 4.8834 1040.8480 575.8507 348.4321 548.2132 -185.7967 0.0000 0.0000
80.03 15.07.2018 06.20.01 20.54806 293.2188 271.0054 0.4839 -3.1899 4.8985 997.4493 551.7185 349.9129 549.1580 -189.2090 0.0000 0.0000
90.03 15.07.2018 06.30.01 20.61843 293.5604 303.0160 0.5411 -3.1169 4.8774 952.7822 526.8521 351.1591 548.0254 -190.9719 0.0000 0.0000
100.03 15.07.2018 06.40.01 20.69897 293.9088 376.2551 0.6719 -3.0154 4.9164 925.1399 511.3754 352.4661 547.7871 -191.2020 0.0000 0.0000
110.03 15.07.2018 06.50.01 20.79678 294.2519 442.1243 0.7895 -2.9207 4.9469 898.0630 496.2514 353.7511 546.9217 -191.3137 0.0000 0.0000
120.03 15.07.2018 07.00.01 20.91046 294.5896 509.7657 0.9103 -2.8290 4.9857 870.6042 480.8852 355.0130 545.3141 -190.7767 0.0000 0.0000
130.03 15.07.2018 07.10.01 21.03994 294.8603 565.3262 1.0095 -2.7464 5.0079 851.9735 470.4040 356.5006 545.2222 -187.7695 0.0000 0.0000
140.03 15.07.2018 07.20.01 21.18289 295.1433 640.9642 1.1446 -2.6698 5.0859 833.4354 459.9248 358.1563 544.9793 -184.2783 0.0000 0.0000
150.03 15.07.2018 07.30.01 21.34219 295.4297 693.8018 1.2389 -2.6199 5.1451 814.1616 449.0255 359.8358 544.4407 -180.3824 0.0000 0.0000
160.03 15.07.2018 07.40.01 21.51379 295.7340 761.1564 1.3592 -2.5825 5.2555 799.7964 440.7924 361.5729 544.3877 -175.9127 0.0000 0.0000
170.03 15.07.2018 07.50.01 21.69949 296.0346 790.7899 1.4121 -2.5738 5.3145 784.3183 431.9450 363.3759 544.1235 -171.6599 0.0000 0.0000
180.03 15.07.2018 08.00.01 21.89239 296.3157 824.5372 1.4724 -2.5660 5.3845 768.1678 422.6853 365.1530 543.5342 -167.8781 0.0000 0.0000
190.03 15.07.2018 08.10.01 22.09286 296.5147 847.9328 1.5142 -2.5722 5.4484 750.8447 412.7702 367.0690 543.6310 -160.2718 0.0000 0.0000
200.03 15.07.2018 08.20.01 22.29815 296.8549 857.9266 1.5320 -2.5847 5.4889 732.8447 402.4707 368.6986 541.1899 -160.4219 0.0000 0.0000
210.03 15.07.2018 08.30.01 22.50677 297.0513 892.9222 1.5945 -2.5907 5.5803 715.1599 392.3105 370.0934 538.1346 -159.5790 0.0000 0.0000
220.03 15.07.2018 08.40.01 22.72207 297.2694 888.3099 1.5863 -2.6153 5.6021 699.6081 383.3307 371.4273 537.5047 -149.5166 0.0000 0.0000
230.03 15.07.2018 08.50.01 22.93737 297.4804 903.0045 1.6125 -2.6287 5.6550 684.1586 374.3851 372.7688 536.3338 -146.7230 0.0000 0.0000
240.03 15.07.2018 09.00.01 23.15585 297.7118 934.4676 1.6687 -2.6513 5.7600 668.7822 365.4341 373.9962 534.6968 -146.0619 0.0000 0.0000
250.03 15.07.2018 09.10.01 23.38012 297.9651 962.3862 1.7185 -2.7020 5.8940 649.9147 354.5417 375.7386 535.3687 -131.5036 0.0000 0.0000
260.03 15.07.2018 09.20.01 23.60928 298.3245 984.9977 1.7589 -2.7785 6.0500 631.3777 343.8309 377.8297 534.2718 -132.1159 0.0000 0.0000
270.03 15.07.2018 09.30.01 23.84298 298.5602 1015.0459 1.8126 -2.8710 6.2448 613.2545 333.3225 379.2969 530.4108 -138.9256 0.0000 0.0000
280.03 15.07.2018 09.40.01 24.08236 299.2488 1047.4476 1.8704 -2.9857 6.4749 598.7307 324.7799 380.7140 531.3562 -116.7942 0.0000 0.0000
290.03 15.07.2018 09.50.01 24.32876 299.7903 1113.5151 1.9884 -3.1211 6.8127 585.9508 317.2055 382.2330 530.4952 -117.3325 0.0000 0.0000
300.03 15.07.2018 10.00.01 24.58666 299.7476 1111.0193 1.9840 -3.3140 7.0640 571.6844 308.8062 382.5369 526.0657 -132.5998 0.0000 0.0000
310.03 15.07.2018 10.10.01 24.84283 300.0150 1035.0297 1.8483 -3.5120 7.1470 560.3128 302.0866 383.4002 523.6363 -127.0059 0.0000 0.0000
320.03 15.07.2018 10.20.01 25.08450 300.2217 956.4579 1.7080 -3.6511 7.1454 544.4040 292.7090 384.3026 520.4650 -123.0620 0.0000 0.0000
330.03 15.07.2018 10.30.01 25.31091 300.3798 860.1884 1.5361 -3.7308 7.0224 529.7722 284.2018 384.8188 517.4334 -120.4430 0.0000 0.0000
340.03 15.07.2018 10.40.01 25.51977 300.5093 887.5441 1.5849 -3.7456 7.1074 509.4263 272.0321 385.8278 513.3903 -117.2482 0.0000 0.0000
350.03 15.07.2018 10.50.01 25.73202 300.6435 835.3683 1.4917 -3.7900 7.0424 497.3207 264.9174 386.6135 510.6599 -115.8208 0.0000 0.0000
360.03 15.07.2018 11.00.01 25.93389 300.7885 806.9241 1.4409 -3.8041 6.9933 485.1172 257.7344 387.3832 507.9616 -114.9032 0.0000 0.0000
370.03 15.07.2018 11.10.01 26.12991 300.9176 835.0345 1.4911 -3.8125 7.0716 472.0875 250.1533 388.4134 506.1276 -110.8339 0.0000 0.0000
380.03 15.07.2018 11.20.01 26.32897 301.0240 781.4567 1.3955 -3.8638 7.0123 456.8987 241.3774 389.2392 503.9257 -107.3112 0.0000 0.0000
390.03 15.07.2018 11.30.01 26.51708 301.1096 740.3255 1.3220 -3.8860 6.9440 441.7459 232.6375 389.9402 501.5983 -104.4733 0.0000 0.0000
400.03 15.07.2018 11.40.01 26.69677 301.2089 732.2712 1.3076 -3.8936 6.9350 411.5159 214.7195 390.8165 496.6304 -99.6461 0.0000 0.0000
410.03 15.07.2018 11.50.01 26.87338 301.2661 691.8874 1.2355 -3.9121 6.8635 398.6929 207.2961 391.5114 494.0844 -97.5548 0.0000 0.0000
420.03 15.07.2018 12.00.01 27.04128 301.3238 626.3605 1.1185 -3.9149 6.7112 384.6688 199.2146 392.0097 491.2711 -95.5614 0.0000 0.0000
430.03 15.07.2018 12.10.01 27.19631 301.5126 684.8566 1.2230 -3.8850 6.8105 373.2153 192.6124 393.0714 489.5860 -89.2478 0.0000 0.0000
440.03 15.07.2018 12.20.01 27.36135 301.6053 1037.9777 1.8535 -3.9361 7.7196 371.0753 190.9738 393.7567 488.3367 -89.6021 0.0000 0.0000
450.03 15.07.2018 12.30.01 27.58950 301.6137 1552.2820 2.7719 -4.3138 9.4476 381.9186 196.4983 394.1745 488.1931 -95.6616 0.0000 0.0000
460.03 15.07.2018 12.40.01 27.90865 301.5739 1801.8881 3.2177 -5.1396 11.1430 390.1599 200.3986 394.7794 488.1427 -98.4762 0.0000 0.0000
470.03 15.07.2018 12.50.01 28.27224 301.4659 1845.3792 3.2953 -6.1745 12.6264 395.5888 202.7738 394.9417 487.6544 -101.4082 0.0000 0.0000
480.03 15.07.2018 13.00.01 28.64446 301.3801 1907.6844 3.4066 -7.2406 14.1962 400.1109 204.5438 395.3472 487.2134 -103.9193 0.0000 0.0000
490.03 15.07.2018 13.10.01 29.02804 301.4025 1899.7461 3.3924 -8.3517 15.6588 404.6325 206.5762 395.6626 487.8751 -100.6721 0.0000 0.0000
500.03 15.07.2018 13.20.01 29.41070 301.4362 1830.6755 3.2691 -9.4422 16.9483 407.2047 207.5764 395.7308 488.3591 -98.8852 0.0000 0.0000
510.03 15.07.2018 13.30.01 29.78164 301.4043 1708.9296 3.0517 -10.4639 18.0208 404.4876 205.5689 395.3319 488.0005 -97.2542 0.0000 0.0000
520.03 15.07.2018 13.40.01 30.13122 301.4017 1669.6511 2.9815 -11.3782 19.1463 406.3360 206.2099 394.9852 488.2328 -96.4570 0.0000 0.0000
530.03 15.07.2018 13.50.01 30.47354 301.4096 1631.7201 2.9138 -12.2583 20.2295 408.1718 206.8726 394.7302 488.5691 -95.6865 0.0000 0.0000
540.03 15.07.2018 14.00.01 30.80880 301.3721 1527.9667 2.7285 -13.1048 21.1111 407.6159 206.2477 394.2544 488.5346 -94.7208 0.0000 0.0000
550.03 15.07.2018 14.10.01 31.12432 301.3646 1226.8300 2.1908 -13.8565 21.3963 397.6567 201.2163 394.8365 489.2171 -89.0663 0.0000 0.0000
560.03 15.07.2018 14.20.01 31.38571 301.3708 925.7223 1.6531 -14.3454 21.3313 384.4609 194.5150 395.0200 489.3356 -83.1561 0.0000 0.0000
570.03 15.07.2018 14.30.01 31.59246 301.3878 687.5825 1.2278 -14.5819 21.0797 370.2605 187.3560 395.0376 489.2042 -77.3448 0.0000 0.0000
580.03 15.07.2018 14.40.01 31.75503 301.4028 402.9107 0.7195 -14.6260 20.4606 352.1230 178.1713 394.8781 488.3983 -70.9816 0.0000 0.0000
590.03 15.07.2018 14.50.01 31.86523 301.4697 204.0610 0.3644 -14.4429 19.7431 334.2893 169.2485 394.8492 487.5591 -64.7054 0.0000 0.0000
600.03 15.07.2018 15.00.01 31.93774 301.6060 -2.6219 -0.0047 -14.1098 18.8068 313.0821 158.4658 394.5959 486.0266 -58.0173 0.0000 0.0000
610.03 15.07.2018 15.10.01 31.97216 301.6069 133.9821 0.2393 -13.6384 18.5035 303.7414 153.6406 393.6212 483.8985 -59.3933 0.0000 0.0000
620.03 15.07.2018 15.20.01 32.02725 301.5435 -336.0137 -0.6000 -13.3101 16.9467 294.5531 149.8437 392.9038 481.8197 -61.1095 0.0000 0.0000
630.03 15.07.2018 15.30.01 31.99999 301.4254 -47.5857 -0.0850 -12.5992 16.6856 281.4358 142.7110 392.1401 478.3053 -62.1998 0.0000 0.0000
640.03 15.07.2018 15.40.01 32.01983 301.2528 -14.5317 -0.0259 -12.1788 16.2038 269.4503 136.4824 391.0702 474.8125 -62.4812 0.0000 0.0000
650.03 15.07.2018 15.50.01 32.04333 301.0890 -25.3780 -0.0453 -11.8163 15.6946 256.1130 129.4652 390.1264 471.0638 -62.6531 0.0000 0.0000
660.03 15.07.2018 16.00.01 32.06082 300.9545 -568.4512 -1.0151 -11.4691 13.9387 241.3139 122.5133 389.0511 467.3438 -62.4845 0.0000 0.0000
670.03 15.07.2018 16.10.01 31.98144 300.7725 -728.0693 -1.3001 -10.6731 12.4973 229.4536 116.9058 386.8989 464.3297 -59.6699 0.0000 0.0000
680.03 15.07.2018 16.20.01 31.87301 300.5931 -335.2184 -0.5986 -9.7757 12.2361 221.1039 112.5132 384.8249 461.6663 -57.1567 0.0000 0.0000
690.03 15.07.2018 16.30.01 31.83090 300.4131 -161.8391 -0.2890 -9.2567 11.9570 212.6928 108.0968 382.7437 459.0102 -54.7883 0.0000 0.0000
700.03 15.07.2018 16.40.01 31.81573 300.2132 -600.6601 -1.0726 -8.9080 10.4472 191.3287 96.8552 380.5361 454.8070 -49.9801 0.0000 0.0000
710.03 15.07.2018 16.50.01 31.72411 299.9840 -348.8619 -0.6230 -8.1946 10.0955 179.0223 90.1766 378.3212 451.4835 -47.0008 0.0000 0.0000
720.03 15.07.2018 17.00.01 31.67425 299.6756 -248.1057 -0.4430 -7.7327 9.7196 169.8270 85.3792 376.1199 448.2833 -47.4006 0.0000 0.0000
730.03 15.07.2018 17.10.01 31.64037 299.4685 -204.5414 -0.3653 -7.3810 9.3544 161.9068 81.3097 374.3858 445.0811 -46.4372 0.0000 0.0000
740.03 15.07.2018 17.20.01 31.60540 299.2540 -2038.0830 -3.6394 -7.0851 4.5942 142.0145 73.3724 372.6888 441.1103 -43.8036 0.0000 0.0000
750.03 15.07.2018 17.30.01 31.25375 299.0413 -1103.2759 -1.9701 -5.2173 4.3295 127.7444 65.9281 370.9725 437.7414 -41.1842 0.0000 0.0000
760.03 15.07.2018 17.40.01 31.05847 298.8313 -1101.8362 -1.9676 -4.2421 3.0326 117.9743 61.5057 369.3052 434.5992 -38.6313 0.0000 0.0000
770.03 15.07.2018 17.50.01 30.86254 298.6241 -678.6471 -1.2119 -3.3033 2.7886 108.1925 56.2827 367.6332 431.3952 -35.9242 0.0000 0.0000
780.03 15.07.2018 18.00.01 30.73846 298.4134 -482.5363 -0.8617 -2.7649 2.5376 99.6913 51.8345 365.9466 428.4322 -33.5316 0.0000 0.0000
790.03 15.07.2018 18.10.01 30.64770 297.8923 -402.7420 -0.7192 -2.4156 2.2618 78.1522 39.9650 364.1785 423.7352 -30.9042 0.0000 0.0000
800.03 15.07.2018 18.20.01 30.56976 297.3683 -388.1766 -0.6932 -2.1524 1.9456 67.4239 34.4763 362.1820 420.2018 -29.3524 0.0000 0.0000
810.03 15.07.2018 18.30.01 30.49209 296.8460 -624.6759 -1.1155 -1.9175 1.0693 54.3782 28.1087 360.2103 416.5658 -27.7361 0.0000 0.0000
820.03 15.07.2018 18.40.01 30.37271 296.3248 -465.6521 -0.8315 -1.4945 0.8840 39.6284 20.4841 358.2160 412.8583 -25.8950 0.0000 0.0000
830.03 15.07.2018 18.50.01 30.27938 295.8024 -409.5412 -0.7313 -1.2352 0.6718 25.9265 13.4219 356.1028 409.0577 -23.9401 0.0000 0.0000
840.03 15.07.2018 19.00.01 30.19448 295.2794 -390.7003 -0.6977 -1.0433 0.4608 12.6311 6.6116 353.9814 405.2785 -21.9602 0.0000 0.0000
850.03 15.07.2018 19.10.01 30.11169 294.6611 -368.4689 -0.6580 -0.8861 0.3041 9.6578 5.0387 351.9566 401.7044 -20.6342 0.0000 0.0000
860.03 15.07.2018 19.20.01 30.03146 294.0478 -331.6381 -0.5922 -0.7678 0.2342 7.7736 4.0494 350.2747 398.5821 -20.0884 0.0000 0.0000
870.03 15.07.2018 19.30.01 29.95635 293.4409 -316.0634 -0.5644 -0.6994 0.1800 5.6323 2.9402 348.6470 395.6333 -19.7567 0.0000 0.0000
880.03 15.07.2018 19.40.01 29.88281 292.8139 -315.6082 -0.5636 -0.6603 0.1290 3.5434 1.8585 347.0397 392.8228 -19.6492 0.0000 0.0000
890.03 15.07.2018 19.50.01 29.80828 292.1887 -324.1988 -0.5789 -0.6358 0.0759 1.7616 0.9299 345.4628 390.1013 -19.8634 0.0000 0.0000
900.03 15.07.2018 20.00.01 29.73116 291.5699 -336.4696 -0.6008 -0.6179 0.0227 0.3136 0.1682 343.8733 387.4634 -20.2466 0.0000 0.0000
910.03 15.07.2018 20.10.01 29.65090 291.1386 -335.4467 -0.5990 -0.6021 0.0041 0.0564 0.0303 342.2727 385.1794 -19.9524 0.0000 0.0000
920.03 15.07.2018 20.20.01 29.57015 290.7082 -334.8091 -0.5979 -0.5984 0.0007 0.0101 0.0054 340.7486 383.0399 -19.8300 0.0000 0.0000
930.03 15.07.2018 20.30.01 29.48861 290.2794 -338.5529 -0.6046 -0.6047 0.0001 0.0018 0.0010 339.2565 380.9989 -19.8157 0.0000 0.0000
940.03 15.07.2018 20.40.01 29.40573 289.8575 -345.5464 -0.6170 -0.6171 0.0000 0.0003 0.0002 337.7907 379.0969 -19.6049 0.0000 0.0000
950.03 15.07.2018 20.50.01 29.32098 289.4382 -353.3107 -0.6309 -0.6309 0.0000 0.0001 0.0000 336.3188 377.2717 -19.4439 0.0000 0.0000
960.03 15.07.2018 21.00.01 29.23428 289.0325 -361.4474 -0.6454 -0.6454 0.0000 0.0000 0.0000 334.8658 375.5446 -19.1913 0.0000 0.0000
970.03 15.07.2018 21.10.01 29.14581 288.7894 -366.2348 -0.6540 -0.6540 0.0000 0.0000 0.0000 333.6354 374.5702 -16.0112 0.0000 0.0000
980.03 15.07.2018 21.20.01 29.05740 288.7558 -363.5633 -0.6492 -0.6492 0.0000 0.0000 0.0000 332.3981 373.4973 -14.2912 0.0000 0.0000
990.03 15.07.2018 21.30.01 28.96951 288.7221 -362.9179 -0.6481 -0.6481 0.0000 0.0000 0.0000 331.3706 372.0043 -15.1891 0.0000 0.0000
1000.03 15.07.2018 21.40.01 28.88088 288.7286 -366.2930 -0.6541 -0.6541 0.0000 0.0000 0.0000 330.4445 371.3391 -12.2937 0.0000 0.0000
1010.03 15.07.2018 21.50.01 28.79153 287.6160 -373.9500 -0.6678 -0.6678 0.0000 0.0000 0.0000 328.9047 368.9652 -16.9282 0.0000 0.0000
1020.03 15.07.2018 22.00.01 28.69781 287.1363 -401.7563 -0.7174 -0.7174 0.0000 0.0000 0.0000 327.8280 366.6362 -21.2005 0.0000 0.0000
1030.03 15.07.2018 22.10.01 28.59634 286.9949 -433.0706 -0.7733 -0.7733 0.0000 0.0000 0.0000 327.0915 365.3198 -20.4431 0.0000 0.0000
1040.03 15.07.2018 22.20.01 28.48916 286.8698 -448.7405 -0.8013 -0.8013 0.0000 0.0000 0.0000 326.3843 364.1335 -19.7174 0.0000 0.0000
1050.03 15.07.2018 22.30.01 28.37945 286.7363 -455.4055 -0.8132 -0.8132 0.0000 0.0000 0.0000 325.6711 363.0082 -19.1224 0.0000 0.0000
1060.03 15.07.2018 22.40.01 28.26867 286.5974 -458.3551 -0.8185 -0.8185 0.0000 0.0000 0.0000 324.9764 361.9445 -18.5985 0.0000 0.0000
1070.03 15.07.2018 22.50.01 28.15710 286.4585 -458.9291 -0.8195 -0.8195 0.0000 0.0000 0.0000 324.2969 360.9309 -18.1476 0.0000 0.0000
1080.03 15.07.2018 23.00.01 28.04540 286.3176 -459.5904 -0.8207 -0.8207 0.0000 0.0000 0.0000 323.6312 359.9585 -17.7602 0.0000 0.0000
1090.03 15.07.2018 23.10.01 27.93398 286.2844 -456.7220 -0.8156 -0.8156 0.0000 0.0000 0.0000 323.2538 359.7692 -14.5593 0.0000 0.0000
1100.03 15.07.2018 23.20.01 27.82498 286.5463 -441.1512 -0.7878 -0.7878 0.0000 0.0000 0.0000 322.7771 359.4974 -11.9001 0.0000 0.0000
1110.03 15.07.2018 23.30.01 27.72012 286.5323 -426.9923 -0.7625 -0.7625 0.0000 0.0000 0.0000 322.2083 358.4139 -13.4219 0.0000 0.0000
1120.03 15.07.2018 23.40.01 27.61666 286.6398 -426.4258 -0.7615 -0.7615 0.0000 0.0000 0.0000 321.9069 358.2722 -10.8916 0.0000 0.0000
1130.03 15.07.2018 23.50.01 27.51382 285.9798 -422.6779 -0.7548 -0.7548 0.0000 0.0000 0.0000 321.4005 357.0243 -13.7537 0.0000 0.0000
1140.03 16.07.2018 00.00.01 27.41033 285.6251 -434.1400 -0.7753 -0.7753 0.0000 0.0000 0.0000 320.8640 355.4658 -16.9903 0.0000 0.0000
1150.03 16.07.2018 00.10.01 27.30267 285.6283 -452.2863 -0.8077 -0.8077 0.0000 0.0000 0.0000 320.4765 354.8249 -15.8141 0.0000 0.0000
1160.03 16.07.2018 00.20.01 27.19189 285.6461 -459.3445 -0.8203 -0.8203 0.0000 0.0000 0.0000 320.1853 354.2879 -14.7274 0.0000 0.0000
1170.03 16.07.2018 00.30.01 27.08019 285.6600 -459.2591 -0.8201 -0.8201 0.0000 0.0000 0.0000 319.9253 353.8005 -13.7779 0.0000 0.0000
1180.03 16.07.2018 00.40.01 26.96920 285.6796 -457.5537 -0.8171 -0.8171 0.0000 0.0000 0.0000 319.6809 353.3667 -12.8748 0.0000 0.0000
1190.03 16.07.2018 00.50.01 26.85870 285.6881 -454.1461 -0.8110 -0.8110 0.0000 0.0000 0.0000 319.3923 352.9455 -12.0920 0.0000 0.0000
1200.03 16.07.2018 01.00.01 26.74899 285.7010 -450.8695 -0.8051 -0.8051 0.0000 0.0000 0.0000 319.1237 352.5549 -11.3530 0.0000 0.0000
1210.03 16.07.2018 01.10.01 26.64001 285.5804 -450.0406 -0.8036 -0.8036 0.0000 0.0000 0.0000 318.7461 351.9296 -11.7743 0.0000 0.0000
1220.03 16.07.2018 01.20.01 26.53042 285.4557 -454.4713 -0.8116 -0.8116 0.0000 0.0000 0.0000 318.3700 351.2721 -12.2269 0.0000 0.0000
1230.03 16.07.2018 01.30.01 26.41931 285.3158 -461.8978 -0.8248 -0.8248 0.0000 0.0000 0.0000 317.9780 350.5743 -12.7552 0.0000 0.0000
1240.03 16.07.2018 01.40.01 26.30630 285.2007 -469.6523 -0.8387 -0.8387 0.0000 0.0000 0.0000 317.5880 349.9727 -12.8222 0.0000 0.0000
1250.03 16.07.2018 01.50.01 26.19161 285.0870 -474.8329 -0.8479 -0.8479 0.0000 0.0000 0.0000 317.2062 349.3787 -12.8807 0.0000 0.0000
1260.03 16.07.2018 02.00.01 26.07595 284.9695 -478.3809 -0.8543 -0.8543 0.0000 0.0006 0.0003 316.8127 348.7844 -12.9513 0.0000 0.0000
1270.03 16.07.2018 02.10.01 25.95989 284.9388 -471.4804 -0.8419 -0.8507 0.0116 0.3391 0.1791 316.4984 348.7699 -10.6666 0.0000 0.0000
1280.03 16.07.2018 02.20.01 25.84692 284.9892 -452.0267 -0.8072 -0.8272 0.0266 0.7261 0.3841 316.0614 348.6313 -9.1394 0.0000 0.0000
1290.03 16.07.2018 02.30.01 25.73867 285.2155 -436.9595 -0.7803 -0.8120 0.0422 1.1207 0.5932 315.7286 348.2065 -9.4435 0.0000 0.0000
1300.03 16.07.2018 02.40.01 25.63250 285.3508 -430.9476 -0.7695 -0.8130 0.0579 1.5169 0.8031 315.5008 348.3729 -7.0982 0.0000 0.0000
1310.03 16.07.2018 02.50.01 25.52816 284.6388 -424.8071 -0.7586 -0.8138 0.0736 1.9132 1.0131 314.9973 347.3015 -10.6277 0.0000 0.0000
1320.03 16.07.2018 03.00.01 25.42269 284.3828 -440.6672 -0.7869 -0.8540 0.0894 2.3127 1.2248 314.6079 346.1360 -13.6383 0.0000 0.0000
1330.03 16.07.2018 03.10.01 25.31249 284.5328 -433.5013 -0.7741 -0.9003 0.1683 4.5496 2.4070 314.5093 345.9861 -12.5690 0.0000 0.0000
1340.03 16.07.2018 03.20.01 25.20410 284.6991 -416.4860 -0.7437 -0.9429 0.2656 7.0496 3.7314 314.5634 346.0327 -11.6278 0.0000 0.0000
1350.03 16.07.2018 03.30.01 25.09966 284.8702 -399.2003 -0.7129 -0.9874 0.3660 9.5912 5.0781 314.6849 346.1925 -10.7862 0.0000 0.0000
1360.03 16.07.2018 03.40.01 24.99926 285.0431 -383.3675 -0.6846 -1.0348 0.4670 12.1409 6.4291 314.8457 346.4380 -10.0420 0.0000 0.0000
1370.03 16.07.2018 03.50.01 24.90252 285.2188 -368.8839 -0.6587 -1.0848 0.5680 14.6920 7.7808 315.0374 346.7597 -9.3655 0.0000 0.0000
1380.03 16.07.2018 04.00.01 24.80917 285.3989 -355.6290 -0.6351 -1.1369 0.6691 17.2430 9.1325 315.2556 347.1470 -8.7466 0.0000 0.0000
1390.03 16.07.2018 04.10.01 24.71926 286.2020 -341.0958 -0.6091 -1.1805 0.7619 19.5513 10.3560 316.9059 348.7817 -4.1625 0.0000 0.0000
1400.03 16.07.2018 04.20.01 24.63485 287.1018 -311.6999 -0.5566 -1.1957 0.8522 21.8248 11.5607 318.6445 350.3683 -0.6870 0.0000 0.0000
1410.03 16.07.2018 04.30.01 24.55798 287.8648 -282.9310 -0.5052 -1.2118 0.9421 24.0929 12.7624 320.4119 351.8170 1.6202 0.0000 0.0000
1420.03 16.07.2018 04.40.01 24.48702 288.6801 -262.1583 -0.4681 -1.2421 1.0319 26.3599 13.9636 322.2232 353.5690 3.5281 0.0000 0.0000
1430.03 16.07.2018 04.50.01 24.42092 289.3221 -242.7392 -0.4335 -1.2748 1.1217 96.6270 53.0335 324.0009 361.1125 -0.1572 0.0000 0.0000
1440.03 16.07.2018 05.00.01 24.35940 290.1505 -162.6021 -0.2904 -1.3125 1.3629 112.3088 61.6861 326.4280 365.7468 -0.4609 0.0000 0.0000
1450.03 16.07.2018 05.10.01 24.31307 290.7825 -155.1678 -0.2771 -1.4025 1.5006 482.7587 267.6614 328.3701 401.8824 -35.8390 0.0000 0.0000
1460.03 16.07.2018 05.20.01 24.27084 291.7094 197.4049 0.3525 -1.4811 2.4448 865.8362 480.6424 333.3830 452.2792 -83.5401 0.0000 0.0000
1470.03 16.07.2018 05.30.01 24.29321 292.5920 497.9599 0.8892 -1.8345 3.6316 1255.4628 697.3888 340.1227 514.1162 -140.5661 0.0000 0.0000
1480.03 16.07.2018 05.40.01 24.37283 293.5466 746.9640 1.3339 -2.3932 4.9694 1185.8364 658.2626 347.9178 528.5841 -163.7483 0.0000 0.0000
1490.03 16.07.2018 05.50.01 24.50021 294.3061 429.2529 0.7665 -3.0874 5.1385 1112.1253 616.5525 351.1406 532.2040 -178.0993 0.0000 0.0000
1500.03 16.07.2018 06.00.01 24.57751 294.9377 205.8313 0.3676 -3.4269 5.0593 1031.0967 570.8802 353.0927 531.0766 -188.0455 0.0000 0.0000
1510.03 16.07.2018 06.10.01 24.61987 295.2796 112.0039 0.2000 -3.5161 4.9549 1004.0087 555.3125 354.5882 535.5677 -190.9683 0.0000 0.0000
1520.03 16.07.2018 06.20.01 24.64929 295.6580 141.4159 0.2525 -3.4784 4.9745 965.1492 533.7002 356.3810 538.8131 -191.5246 0.0000 0.0000
1530.03 16.07.2018 06.30.01 24.68746 296.0190 170.2855 0.3041 -3.4163 4.9606 925.0756 511.3849 357.9586 540.1798 -190.4372 0.0000 0.0000
1540.03 16.07.2018 06.40.01 24.73489 296.3802 240.9341 0.4302 -3.3251 5.0071 900.1832 497.4368 359.5465 541.9781 -188.9207 0.0000 0.0000
1550.03 16.07.2018 06.50.01 24.79891 296.7423 303.9408 0.5428 -3.2403 5.0440 875.8944 483.8657 361.1600 543.2257 -186.7930 0.0000 0.0000
1560.03 16.07.2018 07.00.01 24.87823 297.1029 367.4369 0.6561 -3.1558 5.0826 851.0281 469.9400 362.7316 543.7096 -183.8260 0.0000 0.0000
1570.03 16.07.2018 07.10.01 24.97268 297.4153 419.6097 0.7493 -3.0757 5.1000 835.0053 460.9193 364.4473 544.5439 -181.5341 0.0000 0.0000
1580.03 16.07.2018 07.20.01 25.08001 297.7291 493.6117 0.8815 -2.9941 5.1675 818.9800 451.8482 366.2603 545.2139 -178.7509 0.0000 0.0000
1590.03 16.07.2018 07.30.01 25.20364 298.0442 546.3051 0.9755 -2.9344 5.2132 802.1541 442.3201 368.0508 545.6254 -175.2320 0.0000 0.0000
1600.03 16.07.2018 07.40.01 25.33972 298.3741 617.4631 1.1026 -2.8820 5.3128 789.4026 434.9963 369.8975 546.6343 -170.3239 0.0000 0.0000
1610.03 16.07.2018 07.50.01 25.49087 298.7052 649.8691 1.1605 -2.8581 5.3580 775.4746 427.0221 371.7968 547.6042 -164.9586 0.0000 0.0000
1620.03 16.07.2018 08.00.01 25.65005 299.0387 677.3790 1.2096 -2.8322 5.3890 760.4876 418.4244 373.6856 548.3293 -159.5185 0.0000 0.0000
1630.03 16.07.2018 08.10.01 25.81613 299.3176 720.9175 1.2874 -2.8045 5.4558 746.1282 410.1601 375.1680 548.3930 -155.3209 0.0000 0.0000
1640.03 16.07.2018 08.20.01 25.99151 299.6053 739.4337 1.3204 -2.7931 5.4847 730.8031 401.3489 376.4985 548.1480 -151.3502 0.0000 0.0000
1650.03 16.07.2018 08.30.01 26.17162 299.9069 780.8578 1.3944 -2.7806 5.5667 715.7628 392.6577 377.8297 547.7393 -147.8547 0.0000 0.0000
1660.03 16.07.2018 08.40.01 26.35992 300.1916 787.1840 1.4057 -2.7914 5.5961 702.3522 384.8637 379.0836 547.9713 -142.0649 0.0000 0.0000
1670.03 16.07.2018 08.50.01 26.55007 300.4697 800.6628 1.4298 -2.7986 5.6378 688.7202 376.9267 380.3536 548.0269 -137.6458 0.0000 0.0000
1680.03 16.07.2018 09.00.01 26.74328 300.7620 828.9639 1.4803 -2.8106 5.7212 674.9099 368.8399 381.6299 547.7876 -134.3584 0.0000 0.0000
1690.03 16.07.2018 09.10.01 26.94204 300.9830 867.3176 1.5488 -2.8420 5.8544 659.5983 359.8962 382.8131 546.5614 -133.6112 0.0000 0.0000
1700.03 16.07.2018 09.20.01 27.14791 301.1657 901.3078 1.6095 -2.9039 6.0178 644.5749 351.1007 383.9710 544.9385 -133.4858 0.0000 0.0000
1710.03 16.07.2018 09.30.01 27.36007 301.3019 938.6155 1.6761 -2.9924 6.2247 629.8720 342.4477 384.9217 542.1069 -137.3409 0.0000 0.0000
1720.03 16.07.2018 09.40.01 27.57903 301.3787 974.9968 1.7411 -3.1117 6.4704 618.1146 335.3945 386.1022 539.6101 -139.4211 0.0000 0.0000
1730.03 16.07.2018 09.50.01 27.80471 301.4175 1039.6356 1.8565 -3.2611 6.8234 607.9576 329.2248 387.5408 537.0986 -141.9409 0.0000 0.0000
1740.03 16.07.2018 10.00.01 28.04186 301.4415 1036.9073 1.8516 -3.4651 7.0889 596.0935 322.0991 388.9168 534.0897 -144.0182 0.0000 0.0000
1750.03 16.07.2018 10.10.01 28.27877 301.7158 1085.3619 1.9381 -3.6651 7.4710 575.0627 310.0252 390.7363 532.2482 -132.7601 0.0000 0.0000
1760.03 16.07.2018 10.20.01 28.52389 301.8648 1043.9142 1.8641 -3.9107 7.6998 549.4448 295.3212 392.3405 529.0463 -125.6705 0.0000 0.0000
1770.03 16.07.2018 10.30.01 28.76110 301.9139 946.4040 1.6900 -4.1223 7.7497 525.1670 281.5697 393.2841 525.3758 -122.4456 0.0000 0.0000
1780.03 16.07.2018 10.40.01 28.98123 301.9984 981.7117 1.7531 -4.2539 8.0093 498.6667 266.1482 394.7898 521.6490 -116.5484 0.0000 0.0000
1790.03 16.07.2018 10.50.01 29.20773 302.0444 944.2739 1.6862 -4.4162 8.1366 480.7549 255.9748 396.1756 519.0152 -113.3969 0.0000 0.0000
1800.03 16.07.2018 11.00.01 29.42727 302.0511 926.6475 1.6547 -4.5533 8.2773 463.5516 246.2157 397.5192 516.2961 -111.4057 0.0000 0.0000
1810.03 16.07.2018 11.10.01 29.64233 302.4020 811.4419 1.4490 -4.6872 8.1816 457.2683 242.2919 398.6395 517.7282 -91.7204 0.0000 0.0000
1820.03 16.07.2018 11.20.01 29.83569 302.4822 746.5789 1.3332 -4.7359 8.0921 450.4982 238.0649 399.5407 516.7594 -96.7235 0.0000 0.0000
1830.03 16.07.2018 11.30.01 30.01666 302.2565 709.5607 1.2671 -4.7431 8.0136 443.4729 233.6807 399.9902 512.6829 -111.1918 0.0000 0.0000
1840.03 16.07.2018 11.40.01 30.18905 302.4895 706.4629 1.2615 -4.7406 8.0029 421.6469 220.3218 401.7747 511.2694 -93.4285 0.0000 0.0000
1850.03 16.07.2018 11.50.01 30.35940 302.5490 666.2451 1.1897 -4.7563 7.9281 414.9759 216.1084 403.2985 508.9131 -93.7924 0.0000 0.0000
1860.03 16.07.2018 12.00.01 30.52050 302.0105 598.8321 1.0693 -4.7602 7.7728 406.6439 210.9638 402.5567 503.8155 -100.6816 0.0000 0.0000
1870.03 16.07.2018 12.10.01 30.66842 302.0182 697.7272 1.2459 -4.7444 7.9872 393.9043 203.8117 402.7009 501.3694 -100.0494 0.0000 0.0000
1880.03 16.07.2018 12.20.01 30.83300 302.0382 1005.2250 1.7950 -4.8409 8.8479 388.4395 200.5243 402.5274 499.6565 -99.8509 0.0000 0.0000
1890.03 16.07.2018 12.30.01 31.05230 302.0579 1449.0994 2.5877 -5.2262 10.4185 391.8673 202.0315 402.1382 498.9796 -101.0733 0.0000 0.0000
1900.03 16.07.2018 12.40.01 31.34979 302.0841 1633.9264 2.9177 -6.0006 11.8912 398.1084 205.2164 401.6595 498.8220 -101.6755 0.0000 0.0000
1910.03 16.07.2018 12.50.01 31.68020 302.1111 1630.7437 2.9120 -6.9266 13.1181 398.6266 205.1539 400.7821 497.8231 -102.0139 0.0000 0.0000
1920.03 16.07.2018 13.00.01 32.01064 302.1516 1640.5635 2.9296 -7.8419 14.3620 398.0199 204.4094 400.0739 496.6158 -102.6763 0.0000 0.0000
1930.03 16.07.2018 13.10.01 32.34280 302.1178 1564.0183 2.7929 -8.7606 15.4046 394.9378 202.9611 400.1023 496.4721 -101.3124 0.0000 0.0000
1940.03 16.07.2018 13.20.01 32.66073 302.0762 1305.5371 2.3313 -9.6069 15.9176 385.9929 198.3975 399.5727 495.4142 -99.0737 0.0000 0.0000
1950.03 16.07.2018 13.30.01 32.93234 302.0413 1122.0470 2.0037 -10.2313 16.3133 375.9098 193.2483 399.1596 494.1183 -96.9238 0.0000 0.0000
1960.03 16.07.2018 13.40.01 33.16982 302.0064 903.5021 1.6134 -10.7060 16.4258 365.6953 188.2413 398.7203 492.8659 -94.4957 0.0000 0.0000
1970.03 16.07.2018 13.50.01 33.36688 301.9826 675.5337 1.2063 -11.0048 16.2815 353.8405 182.4466 398.2254 491.3841 -91.8223 0.0000 0.0000
1980.03 16.07.2018 14.00.01 33.52142 301.9372 425.0318 0.7590 -11.1235 15.8433 339.7253 175.5147 397.6359 489.5172 -88.9613 0.0000 0.0000
1990.03 16.07.2018 14.10.01 33.63024 301.8569 442.5330 0.7902 -11.0538 15.7921 331.2840 171.1005 396.5955 486.7605 -89.4520 0.0000 0.0000
2000.03 16.07.2018 14.20.01 33.73956 301.7802 410.9325 0.7338 -11.0292 15.6840 322.9238 166.7808 395.4954 484.0623 -89.5763 0.0000 0.0000
2010.03 16.07.2018 14.30.01 33.84130 301.6997 352.2631 0.6290 -11.0018 15.5078 314.2963 162.3512 394.4350 481.3745 -89.1533 0.0000 0.0000
2020.03 16.07.2018 14.40.01 33.93069 301.6233 243.7563 0.4353 -10.9441 15.1726 303.9715 157.0464 393.2906 478.5520 -88.0048 0.0000 0.0000
2030.03 16.07.2018 14.50.01 33.99920 301.5503 160.3639 0.2864 -10.8125 14.7985 293.8436 151.8913 392.2232 475.8415 -86.4377 0.0000 0.0000
2040.03 16.07.2018 15.00.01 34.05108 301.4727 65.3914 0.1168 -10.6289 14.3276 282.1307 145.8573 391.1694 473.0271 -84.1246 0.0000 0.0000
2050.03 16.07.2018 15.10.01 34.08602 301.4366 408.3688 0.7292 -10.3884 14.8235 281.7133 145.1384 389.6884 471.0711 -80.8186 0.0000 0.0000
2060.03 16.07.2018 15.20.01 34.17922 301.4084 268.8776 0.4801 -10.4614 14.5887 281.7922 145.2643 388.5299 469.7903 -77.7325 0.0000 0.0000
2070.03 16.07.2018 15.30.01 34.24890 301.3786 537.5847 0.9600 -10.4173 15.1698 279.1995 143.1699 387.4650 468.1819 -74.8947 0.0000 0.0000
2080.03 16.07.2018 15.40.01 34.36529 301.3473 711.7618 1.2710 -10.6160 15.8493 279.7894 142.8068 386.3279 467.0572 -72.2733 0.0000 0.0000
2090.03 16.07.2018 15.50.01 34.51254 301.3196 832.7200 1.4870 -10.9658 16.6038 279.0667 141.5997 385.2737 465.9663 -69.6181 0.0000 0.0000
2100.03 16.07.2018 16.00.01 34.67916 301.2966 328.5819 0.5868 -11.4160 16.0037 275.9584 139.9875 384.2381 464.9424 -67.0334 0.0000 0.0000
2110.03 16.07.2018 16.10.01 34.75533 301.1411 -443.6234 -0.7922 -11.4262 14.1787 260.2290 132.5938 383.1537 463.2900 -64.8437 0.0000 0.0000
2120.03 16.07.2018 16.20.01 34.69607 300.9854 -305.4949 -0.5455 -10.7865 13.6546 247.6330 126.1026 381.9018 461.4683 -62.5266 0.0000 0.0000
2130.03 16.07.2018 16.30.01 34.65762 300.8297 -275.0853 -0.4912 -10.3110 13.0930 234.8218 119.5116 380.5844 459.4670 -59.9812 0.0000 0.0000
2140.03 16.07.2018 16.40.01 34.61974 300.6687 -842.0013 -1.5036 -9.8934 11.1864 207.5476 105.3371 379.2041 455.9122 -54.4800 0.0000 0.0000
2150.03 16.07.2018 16.50.01 34.48196 300.4985 -635.5821 -1.1350 -9.0124 10.5033 191.6911 97.0927 377.7471 453.1495 -51.3004 0.0000 0.0000
2160.03 16.07.2018 17.00.01 34.37695 300.3354 -567.0809 -1.0126 -8.3550 9.7898 175.8712 88.8894 376.3014 450.2714 -48.0824 0.0000 0.0000
2170.03 16.07.2018 17.10.01 34.28185 300.1124 -488.3773 -0.8721 -7.7879 9.2210 164.7891 83.2501 374.9730 447.6257 -45.6966 0.0000 0.0000
2180.03 16.07.2018 17.20.01 34.19198 299.8888 -2086.3369 -3.7256 -7.3161 4.7873 143.3189 74.2924 373.6820 444.4122 -42.0573 0.0000 0.0000
2190.03 16.07.2018 17.30.01 33.82583 299.6615 -1204.3118 -2.1506 -5.4827 4.4429 127.3776 66.0013 372.3750 441.4649 -39.4211 0.0000 0.0000
2200.03 16.07.2018 17.40.01 33.60735 299.4359 -1153.5261 -2.0599 -4.4915 3.2422 114.6451 59.9428 371.0915 438.5165 -36.9505 0.0000 0.0000
2210.03 16.07.2018 17.50.01 33.39681 299.2115 -772.0244 -1.3786 -3.5776 2.9320 101.9478 53.2350 369.7755 435.4569 -34.1827 0.0000 0.0000
2220.03 16.07.2018 18.00.01 33.25118 298.9838 -595.3494 -1.0631 -3.0253 2.6162 90.2924 47.1574 368.4552 432.4802 -31.6768 0.0000 0.0000
2230.03 16.07.2018 18.10.01 33.13546 298.6050 -514.7535 -0.9192 -2.6429 2.2982 72.2702 37.2888 366.8939 428.7551 -27.5406 0.0000 0.0000
2240.03 16.07.2018 18.20.01 33.03286 298.2300 -487.0192 -0.8697 -2.3455 1.9678 62.0310 32.0016 365.2599 425.5865 -25.6792 0.0000 0.0000
2250.03 16.07.2018 18.30.01 32.93350 297.8915 -642.1570 -1.1467 -2.0856 1.2518 50.2385 26.1348 363.6957 422.3673 -23.7759 0.0000 0.0000
2260.03 16.07.2018 18.40.01 32.80663 297.5033 -526.4391 -0.9401 -1.7033 1.0176 37.2012 19.3628 362.1019 419.0215 -21.8438 0.0000 0.0000
2270.03 16.07.2018 18.50.01 32.69875 297.0938 -484.2172 -0.8647 -1.4392 0.7660 24.9154 12.9948 360.4124 415.5643 -19.9918 0.0000 0.0000
2280.03 16.07.2018 19.00.01 32.59734 296.7026 -469.8456 -0.8390 -1.2249 0.5145 12.9831 6.8378 358.7202 412.1199 -18.1835 0.0000 0.0000
2290.03 16.07.2018 19.10.01 32.49749 295.9437 -431.2336 -0.7701 -1.0379 0.3571 9.9135 5.2107 357.1312 408.7076 -17.5693 0.0000 0.0000
2300.03 16.07.2018 19.20.01 32.40310 295.1934 -390.5491 -0.6974 -0.9058 0.2778 7.9221 4.1601 355.6722 405.6269 -17.8399 0.0000 0.0000
2310.03 16.07.2018 19.30.01 32.31454 294.4648 -373.1394 -0.6663 -0.8258 0.2126 5.8578 3.0804 354.2603 402.6308 -18.7783 0.0000 0.0000
2320.03 16.07.2018 19.40.01 32.22802 293.7382 -370.3397 -0.6613 -0.7740 0.1502 3.8341 2.0222 352.8826 399.7478 -19.5499 0.0000 0.0000
2330.03 16.07.2018 19.50.01 32.14123 293.0035 -374.9420 -0.6695 -0.7346 0.0867 1.9849 1.0511 351.5364 396.9326 -20.4677 0.0000 0.0000
2340.03 16.07.2018 20.00.01 32.05294 292.2859 -381.9742 -0.6821 -0.6996 0.0233 0.3249 0.1746 350.1985 394.1998 -21.4132 0.0000 0.0000
2350.03 16.07.2018 20.10.01 31.96298 292.1207 -370.7937 -0.6621 -0.6652 0.0041 0.0566 0.0303 351.2277 392.4624 -21.2545 0.0000 0.0000
2360.03 16.07.2018 20.20.01 31.87481 291.9487 -359.3576 -0.6417 -0.6423 0.0007 0.0104 0.0056 352.4356 390.9306 -21.4566 0.0000 0.0000
2370.03 16.07.2018 20.30.01 31.78866 291.7892 -352.3107 -0.6291 -0.6292 0.0001 0.0018 0.0010 353.6769 389.5954 -21.5984 0.0000 0.0000
2380.03 16.07.2018 20.40.01 31.70382 291.6751 -347.8643 -0.6212 -0.6212 0.0000 0.0003 0.0002 354.9751 388.5434 -21.1464 0.0000 0.0000
2390.03 16.07.2018 20.50.01 31.62014 291.5674 -342.0508 -0.6108 -0.6108 0.0000 0.0001 0.0000 356.2956 387.6766 -20.7195 0.0000 0.0000
2400.03 16.07.2018 21.00.01 31.53796 291.4436 -336.4463 -0.6008 -0.6008 0.0000 0.0000 0.0000 357.6190 386.9397 -20.4307 0.0000 0.0000
2410.03 16.07.2018 21.10.01 31.45699 291.8097 -332.8867 -0.5944 -0.5944 0.0000 0.0000 0.0000 357.6105 386.7120 -17.6586 0.0000 0.0000
2420.03 16.07.2018 21.20.01 31.37625 292.1846 -334.5961 -0.5975 -0.5975 0.0000 0.0000 0.0000 357.7145 386.6032 -14.9538 0.0000 0.0000
2430.03 16.07.2018 21.30.01 31.29476 292.5895 -337.9022 -0.6034 -0.6034 0.0000 0.0000 0.0000 357.8660 386.6304 -12.2273 0.0000 0.0000
2440.03 16.07.2018 21.40.01 31.21237 293.0109 -340.0611 -0.6073 -0.6073 0.0000 0.0000 0.0000 358.0750 386.7609 -9.6332 0.0000 0.0000
2450.03 16.07.2018 21.50.01 31.12966 293.4419 -341.8011 -0.6104 -0.6104 0.0000 0.0000 0.0000 358.3291 386.9691 -7.1931 0.0000 0.0000
2460.03 16.07.2018 22.00.01 31.04690 293.8717 -341.6815 -0.6101 -0.6101 0.0000 0.0000 0.0000 358.6351 387.3226 -4.6799 0.0000 0.0000
2470.03 16.07.2018 22.10.01 30.96450 293.5557 -339.7415 -0.6067 -0.6067 0.0000 0.0000 0.0000 358.9204 387.1111 -6.0414 0.0000 0.0000
2480.03 16.07.2018 22.20.01 30.88281 293.6762 -332.9272 -0.5945 -0.5945 0.0000 0.0000 0.0000 359.2150 387.1188 -5.3085 0.0000 0.0000
2490.03 16.07.2018 22.30.01 30.80294 293.1227 -329.5590 -0.5885 -0.5885 0.0000 0.0000 0.0000 359.0381 385.6128 -10.5342 0.0000 0.0000
2500.03 16.07.2018 22.40.01 30.72131 292.8243 -342.2620 -0.6112 -0.6112 0.0000 0.0000 0.0000 359.0761 385.5387 -9.3041 0.0000 0.0000
2510.03 16.07.2018 22.50.01 30.63845 292.4655 -339.2173 -0.6057 -0.6057 0.0000 0.0000 0.0000 359.2736 385.2252 -9.7427 0.0000 0.0000
2520.03 16.07.2018 23.00.01 30.55551 292.0011 -349.6859 -0.6244 -0.6244 0.0000 0.0000 0.0000 359.1436 383.6156 -14.8943 0.0000 0.0000
2530.03 16.07.2018 23.10.01 30.46743 291.8961 -375.0831 -0.6698 -0.6698 0.0000 0.0000 0.0000 358.9240 382.9931 -14.8250 0.0000 0.0000
2540.03 16.07.2018 23.20.01 30.37475 291.7921 -387.5176 -0.6920 -0.6920 0.0000 0.0000 0.0000 358.8216 382.4328 -14.8268 0.0000 0.0000
2550.03 16.07.2018 23.30.01 30.28021 291.6882 -390.8461 -0.6979 -0.6979 0.0000 0.0000 0.0000 358.7566 381.8992 -14.8865 0.0000 0.0000
2560.03 16.07.2018 23.40.01 30.18563 291.5954 -390.4410 -0.6972 -0.6972 0.0000 0.0000 0.0000 358.7241 381.4282 -14.8173 0.0000 0.0000
2570.03 16.07.2018 23.50.01 30.09139 291.4936 -386.8458 -0.6908 -0.6908 0.0000 0.0000 0.0000 358.7110 380.9651 -14.8417 0.0000 0.0000
2580.03 17.07.2018 00.00.01 29.99813 291.3921 -382.6784 -0.6834 -0.6834 0.0000 0.0000 0.0000 358.7028 380.5148 -14.8897 0.0000 0.0000
2590.03 17.07.2018 00.10.01 29.90600 291.4609 -376.7008 -0.6727 -0.6727 0.0000 0.0000 0.0000 358.4776 380.3315 -13.7172 0.0000 0.0000
2600.03 17.07.2018 00.20.01 29.81579 291.5312 -367.2320 -0.6558 -0.6558 0.0000 0.0000 0.0000 358.2789 380.1805 -12.6160 0.0000 0.0000
2610.03 17.07.2018 00.30.01 29.72802 291.6000 -356.6762 -0.6369 -0.6369 0.0000 0.0000 0.0000 358.0732 380.0488 -11.5841 0.0000 0.0000
2620.03 17.07.2018 00.40.01 29.64282 291.6345 -346.4394 -0.6186 -0.6186 0.0000 0.0000 0.0000 357.8086 379.9908 -10.3547 0.0000 0.0000
2630.03 17.07.2018 00.50.01 29.56005 291.7097 -336.6711 -0.6012 -0.6012 0.0000 0.0000 0.0000 357.5797 379.8979 -9.4626 0.0000 0.0000
2640.03 17.07.2018 01.00.01 29.47918 291.7803 -332.5155 -0.5938 -0.5938 0.0000 0.0000 0.0000 357.3755 379.6031 -9.4925 0.0000 0.0000
2650.03 17.07.2018 01.10.01 29.39825 291.8351 -335.8891 -0.5998 -0.5998 0.0000 0.0000 0.0000 356.7009 379.5166 -8.3514 0.0000 0.0000
2660.03 17.07.2018 01.20.01 29.31622 291.8279 -340.6015 -0.6082 -0.6082 0.0000 0.0000 0.0000 355.9738 379.2687 -8.2541 0.0000 0.0000
2670.03 17.07.2018 01.30.01 29.23281 291.6295 -347.4374 -0.6204 -0.6204 0.0000 0.0000 0.0000 354.8697 378.4507 -9.7784 0.0000 0.0000
2680.03 17.07.2018 01.40.01 29.14788 291.5733 -350.5138 -0.6259 -0.6259 0.0000 0.0000 0.0000 354.0745 378.6225 -6.7299 0.0000 0.0000
2690.03 17.07.2018 01.50.01 29.06390 291.4055 -345.5891 -0.6171 -0.6171 0.0000 0.0000 0.0000 353.2719 377.5673 -9.3194 0.0000 0.0000
2700.03 17.07.2018 02.00.01 28.97851 291.2718 -361.3714 -0.6453 -0.6453 0.0000 0.0007 0.0003 352.0904 376.3254 -11.8648 0.0000 0.0000
2710.03 17.07.2018 02.10.01 28.88806 290.9548 -377.6826 -0.6744 -0.6845 0.0134 0.3913 0.2067 349.0330 375.3722 -11.5617 0.0000 0.0000
2720.03 17.07.2018 02.20.01 28.79455 290.6285 -384.6220 -0.6868 -0.7099 0.0307 0.8378 0.4432 345.9600 374.2352 -11.7732 0.0000 0.0000
2730.03 17.07.2018 02.30.01 28.69995 290.2972 -387.2399 -0.6915 -0.7280 0.0487 1.2932 0.6845 342.8310 372.9772 -12.0500 0.0000 0.0000
2740.03 17.07.2018 02.40.01 28.60507 290.0126 -386.6616 -0.6905 -0.7406 0.0668 1.7503 0.9267 339.8123 371.9492 -10.9086 0.0000 0.0000
2750.03 17.07.2018 02.50.01 28.51089 289.7641 -379.1191 -0.6770 -0.7407 0.0849 2.2077 1.1691 336.8220 370.7969 -10.1180 0.0000 0.0000
2760.03 17.07.2018 03.00.01 28.41937 289.4982 -369.4706 -0.6598 -0.7372 0.1032 2.6692 1.4136 333.7622 369.5531 -9.3769 0.0000 0.0000
2770.03 17.07.2018 03.10.01 28.33022 289.4927 -324.0817 -0.5787 -0.7332 0.2059 5.5922 2.9583 333.4877 369.0491 -8.3168 0.0000 0.0000
2780.03 17.07.2018 03.20.01 28.24948 289.5275 -287.5510 -0.5135 -0.7635 0.3334 8.8676 4.6935 333.4354 368.7482 -7.9798 0.0000 0.0000
2790.03 17.07.2018 03.30.01 28.17529 289.5527 -266.9254 -0.4767 -0.8254 0.4650 12.1990 6.4586 333.4370 368.5219 -8.1177 0.0000 0.0000
2800.03 17.07.2018 03.40.01 28.10461 289.5336 -257.1439 -0.4592 -0.9072 0.5973 15.5412 8.2295 333.4750 368.3864 -8.3567 0.0000 0.0000
2810.03 17.07.2018 03.50.01 28.03561 289.5228 -251.9281 -0.4499 -0.9972 0.7298 18.8852 10.0014 333.5458 368.3338 -8.6684 0.0000 0.0000
2820.03 17.07.2018 04.00.01 27.96765 289.5312 -248.6678 -0.4441 -1.0909 0.8624 22.2313 11.7744 333.6458 368.3692 -8.9838 0.0000 0.0000
2830.03 17.07.2018 04.10.01 27.90057 289.8915 -228.9858 -0.4089 -1.1817 1.0304 26.6088 14.0922 333.8236 369.0304 -7.3521 0.0000 0.0000
2840.03 17.07.2018 04.20.01 27.83798 290.2508 -206.9125 -0.3695 -1.2760 1.2087 31.1341 16.4898 334.1199 369.8550 -5.9238 0.0000 0.0000
2850.03 17.07.2018 04.30.01 27.78033 290.6082 -187.1492 -0.3342 -1.3758 1.3888 35.6827 18.8999 334.4752 370.7995 -4.6433 0.0000 0.0000
2860.03 17.07.2018 04.40.01 27.72723 290.9652 -169.8208 -0.3033 -1.4801 1.5692 40.2359 21.3125 334.8785 371.8749 -3.4031 0.0000 0.0000
2870.03 17.07.2018 04.50.01 27.67806 291.3151 -153.9740 -0.2750 -1.5872 1.7496 75.3829 40.7629 335.3156 375.7018 -5.2012 0.0000 0.0000
2880.03 17.07.2018 05.00.01 27.63262 291.6870 -111.0855 -0.1984 -1.6967 1.9977 88.2234 47.7266 336.0282 378.3849 -5.8223 0.0000 0.0000
2890.03 17.07.2018 05.10.01 27.59545 292.0550 -125.8703 -0.2248 -1.8314 2.1421 349.3683 192.9774 337.1962 404.6541 -27.3887 0.0000 0.0000
2900.03 17.07.2018 05.20.01 27.55773 292.5321 109.9629 0.1964 -1.9393 2.8475 620.7525 343.8305 340.6186 441.3061 -55.9041 0.0000 0.0000
2910.03 17.07.2018 05.30.01 27.56332 293.0760 314.8733 0.5623 -2.2295 3.7224 896.8144 497.3735 345.1921 484.4423 -93.6108 0.0000 0.0000
2920.03 17.07.2018 05.40.01 27.60809 293.6511 486.9200 0.8695 -2.6581 4.7034 880.8847 488.2293 350.5121 498.1360 -113.0570 0.0000 0.0000
2930.03 17.07.2018 05.50.01 27.68585 294.0848 295.2985 0.5273 -3.1830 4.9471 863.8949 478.2183 353.0053 505.7949 -126.2956 0.0000 0.0000
2940.03 17.07.2018 06.00.01 27.73379 294.4747 162.0186 0.2893 -3.4905 5.0398 842.8399 465.9739 354.7706 510.8142 -136.5814 0.0000 0.0000
2950.03 17.07.2018 06.10.01 27.76150 294.7175 126.6044 0.2261 -3.6396 5.1542 831.5785 459.2159 356.5334 516.6720 -142.3793 0.0000 0.0000
2960.03 17.07.2018 06.20.01 27.78607 294.9535 140.5942 0.2511 -3.7152 5.2883 809.9951 447.1426 358.2595 520.9564 -146.5353 0.0000 0.0000
2970.03 17.07.2018 06.30.01 27.81643 295.1793 156.5502 0.2796 -3.7562 5.3809 787.1999 434.3753 359.7560 523.6385 -148.9395 0.0000 0.0000
2980.03 17.07.2018 06.40.01 27.85345 295.4007 211.9962 0.3786 -3.7625 5.5214 773.3031 426.4987 361.2905 526.2954 -150.8677 0.0000 0.0000
2990.03 17.07.2018 06.50.01 27.90396 295.6209 260.6241 0.4654 -3.7673 5.6436 759.8054 418.8830 362.7543 528.3689 -152.1468 0.0000 0.0000
3000.03 17.07.2018 07.00.01 27.96676 295.8407 314.0792 0.5609 -3.7645 5.7671 745.7245 410.9108 364.1853 529.7068 -152.6434 0.0000 0.0000
3010.03 17.07.2018 07.10.01 28.04250 296.0446 338.4234 0.6043 -3.7606 5.8200 738.5413 406.8061 365.2932 531.0396 -156.1915 0.0000 0.0000
3020.03 17.07.2018 07.20.01 28.12606 296.2476 387.9213 0.6927 -3.7345 5.9030 731.1319 402.5346 366.4196 531.8436 -158.6376 0.0000 0.0000
3030.03 17.07.2018 07.30.01 28.22140 296.4432 426.9439 0.7624 -3.7116 5.9653 722.9435 397.8175 367.4515 532.1434 -160.6523 0.0000 0.0000
3040.03 17.07.2018 07.40.01 28.32647 296.6518 484.2230 0.8647 -3.6866 6.0684 716.2700 393.8926 368.5136 532.3828 -161.7969 0.0000 0.0000
3050.03 17.07.2018 07.50.01 28.44406 296.8541 515.4824 0.9205 -3.6787 6.1323 708.6377 389.4345 369.5133 532.2570 -162.1612 0.0000 0.0000
3060.03 17.07.2018 08.00.01 28.56948 297.0557 543.3616 0.9703 -3.6688 6.1854 700.0274 384.3973 370.4638 531.7447 -162.4072 0.0000 0.0000
3070.03 17.07.2018 08.10.01 28.70165 297.1849 546.0393 0.9751 -3.6580 6.1774 694.7598 381.2529 371.3706 531.0832 -163.7790 0.0000 0.0000
3080.03 17.07.2018 08.20.01 28.83590 297.3086 545.6845 0.9744 -3.6295 6.1385 688.4427 377.5036 372.1557 529.9304 -166.3705 0.0000 0.0000
3090.03 17.07.2018 08.30.01 28.97143 297.4392 573.5266 1.0242 -3.5845 6.1449 682.1107 373.7018 373.0131 528.7521 -168.3211 0.0000 0.0000
3100.03 17.07.2018 08.40.01 29.11282 297.5663 581.9637 1.0392 -3.5508 6.1201 675.1736 369.5541 373.7700 527.5072 -167.8336 0.0000 0.0000
3110.03 17.07.2018 08.50.01 29.25652 297.6877 590.3745 1.0542 -3.5137 6.0905 667.5928 365.0238 374.4772 525.9181 -168.9920 0.0000 0.0000
3120.03 17.07.2018 09.00.01 29.40246 297.8248 613.9410 1.0963 -3.4760 6.0964 659.5006 360.1523 375.2616 524.2688 -169.6718 0.0000 0.0000
3130.03 17.07.2018 09.10.01 29.55389 297.8212 842.4687 1.5044 -3.4532 6.6102 623.9998 339.9577 376.4793 519.8953 -165.1171 0.0000 0.0000
3140.03 17.07.2018 09.20.01 29.74566 297.7925 938.2007 1.6754 -3.6263 7.0689 588.7623 319.9708 377.4547 514.7963 -158.4507 0.0000 0.0000
3150.03 17.07.2018 09.30.01 29.95495 297.7728 1003.8814 1.7926 -3.8757 7.5578 554.9447 300.7994 378.4582 509.8487 -151.9343 0.0000 0.0000
3160.03 17.07.2018 09.40.01 30.17626 297.7262 1036.7323 1.8513 -4.1775 8.0385 529.0895 286.0309 379.1284 504.4561 -148.2093 0.0000 0.0000
3170.03 17.07.2018 09.50.01 30.40362 297.6816 1086.4983 1.9402 -4.5089 8.5987 505.6272 272.6444 380.0729 500.6211 -147.0090 0.0000 0.0000
3180.03 17.07.2018 10.00.01 30.63937 297.6666 1078.0371 1.9251 -4.8864 9.0819 481.9688 259.1966 381.2371 496.7433 -142.4041 0.0000 0.0000
3190.03 17.07.2018 10.10.01 30.87283 297.7295 886.4745 1.5830 -5.2550 9.1173 464.6106 249.4313 381.7172 493.6370 -137.3134 0.0000 0.0000
3200.03 17.07.2018 10.20.01 31.07263 297.7912 762.3347 1.3613 -5.4567 9.0906 444.8972 238.3002 382.0567 490.2180 -132.2384 0.0000 0.0000
3210.03 17.07.2018 10.30.01 31.24960 297.8460 644.1224 1.1502 -5.5601 8.9471 425.8582 227.6697 382.0766 486.9268 -127.2394 0.0000 0.0000
3220.03 17.07.2018 10.40.01 31.40472 297.9074 630.1070 1.1252 -5.5775 8.9369 405.5467 216.0672 382.3442 483.1903 -122.4002 0.0000 0.0000
3230.03 17.07.2018 10.50.01 31.55618 297.9646 580.7032 1.0370 -5.5983 8.8470 390.4717 207.6636 382.4930 480.3548 -117.9428 0.0000 0.0000
3240.03 17.07.2018 11.00.01 31.69723 298.0253 546.7452 0.9763 -5.5981 8.7659 375.8453 199.5214 382.6324 477.6900 -113.7375 0.0000 0.0000
3250.03 17.07.2018 11.10.01 31.83102 298.1393 550.3335 0.9827 -5.5922 8.7665 376.7233 199.6076 383.0544 476.6941 -109.5386 0.0000 0.0000
3260.03 17.07.2018 11.20.01 31.96392 298.2601 580.8349 1.0372 -5.6093 8.8620 378.4659 200.1299 383.8114 476.4020 -106.3664 0.0000 0.0000
3270.03 17.07.2018 11.30.01 32.10095 298.3861 595.4217 1.0633 -5.6711 8.9791 380.1050 200.5742 384.6778 476.2951 -104.0831 0.0000 0.0000
3280.03 17.07.2018 11.40.01 32.23947 298.5265 621.2175 1.1093 -5.7613 9.1609 372.3031 195.2866 385.7309 474.4893 -102.2342 0.0000 0.0000
3290.03 17.07.2018 11.50.01 32.38137 298.6569 595.4548 1.0633 -5.8868 9.2669 373.4653 195.4384 386.6403 473.8807 -102.2641 0.0000 0.0000
3300.03 17.07.2018 12.00.01 32.51766 298.7805 558.8066 0.9979 -6.0032 9.3347 373.6489 195.0368 387.3959 473.2401 -102.2524 0.0000 0.0000
3310.03 17.07.2018 12.10.01 32.64678 298.7770 641.8055 1.1461 -6.1065 9.6701 363.2147 189.4248 388.7112 472.9855 -101.6601 0.0000 0.0000
3320.03 17.07.2018 12.20.01 32.78967 298.7516 779.3533 1.3917 -6.3031 10.2597 355.6708 185.3490 389.3875 472.5944 -100.9029 0.0000 0.0000
3330.03 17.07.2018 12.30.01 32.95632 298.7177 972.0294 1.7358 -6.6385 11.1657 352.7159 183.7879 389.7945 472.5879 -100.7332 0.0000 0.0000
3340.03 17.07.2018 12.40.01 33.15594 298.6806 994.7056 1.7763 -7.1511 11.9032 350.5595 182.7778 390.0919 472.5837 -100.5738 0.0000 0.0000
3350.03 17.07.2018 12.50.01 33.35873 298.6347 896.9152 1.6016 -7.6864 12.3841 344.3555 179.5344 390.0309 471.9159 -99.6459 0.0000 0.0000
3360.03 17.07.2018 13.00.01 33.54360 298.5937 812.2437 1.4504 -8.1428 12.7909 337.4940 175.9542 390.1688 471.1311 -98.6578 0.0000 0.0000
3370.03 17.07.2018 13.10.01 33.71258 298.4978 753.0678 1.3448 -8.5361 13.1745 335.7962 174.7652 389.4594 469.5155 -100.3432 0.0000 0.0000
3380.03 17.07.2018 13.20.01 33.86987 298.3941 720.9095 1.2873 -8.8954 13.5770 334.3419 173.7143 388.5856 467.7833 -102.5044 0.0000 0.0000
3390.03 17.07.2018 13.30.01 34.02020 298.2900 729.9584 1.3035 -9.2445 14.0640 332.9234 172.6201 387.8164 465.9180 -104.8502 0.0000 0.0000
3400.03 17.07.2018 13.40.01 34.17114 298.1878 735.1038 1.3127 -9.6169 14.5728 333.0031 172.3720 387.0545 464.1502 -107.2176 0.0000 0.0000
3410.03 17.07.2018 13.50.01 34.32211 298.0890 736.9266 1.3159 -10.0059 15.0958 333.1923 172.1792 386.2896 462.3549 -109.6295 0.0000 0.0000
3420.03 17.07.2018 14.00.01 34.47253 297.9892 717.9849 1.2821 -10.4059 15.5840 332.7835 171.6505 385.4455 460.4271 -111.8883 0.0000 0.0000
3430.03 17.07.2018 14.10.01 34.61971 297.8652 873.3738 1.5596 -10.8001 16.4796 337.5823 173.5658 383.2591 458.3709 -115.3130 0.0000 0.0000
3440.03 17.07.2018 14.20.01 34.79415 297.7430 992.1910 1.7718 -11.3352 17.4759 343.2770 175.9432 380.9800 456.4432 -118.3602 0.0000 0.0000
3450.03 17.07.2018 14.30.01 34.98986 297.6172 1093.7517 1.9531 -11.9741 18.5696 349.7357 178.7037 378.6603 454.7534 -120.7742 0.0000 0.0000
3460.03 17.07.2018 14.40.01 35.20419 297.4931 1189.4880 2.1241 -12.6983 19.7632 357.1600 181.8620 376.2078 453.1838 -122.7027 0.0000 0.0000
3470.03 17.07.2018 14.50.01 35.43627 297.3722 1308.1437 2.3360 -13.5003 21.1150 366.3033 185.9334 373.8928 452.0019 -124.8055 0.0000 0.0000
3480.03 17.07.2018 15.00.01 35.69012 297.2457 1384.7170 2.4727 -14.3970 22.4930 373.1469 188.6061 371.5842 450.7267 -126.1849 0.0000 0.0000
3490.03 17.07.2018 15.10.01 35.95611 297.0531 881.8920 1.5748 -15.3336 22.5446 365.7318 184.6990 370.0327 449.3313 -124.6499 0.0000 0.0000
3500.03 17.07.2018 15.20.01 36.12899 296.8640 -130.8135 -0.2336 -15.8388 20.8070 355.4790 180.4437 368.4571 447.6788 -122.9648 0.0000 0.0000
3510.03 17.07.2018 15.30.01 36.12509 296.6713 14.1468 0.0253 -15.4803 20.6741 342.0078 173.0507 366.8402 445.3934 -119.6111 0.0000 0.0000
3520.03 17.07.2018 15.40.01 36.14257 296.4756 -28.4049 -0.0507 -15.2933 20.3234 323.3023 162.7124 364.9354 442.4637 -114.8724 0.0000 0.0000
3530.03 17.07.2018 15.50.01 36.15008 296.2814 -78.1117 -0.1395 -15.1018 19.9498 309.9778 155.6291 362.9854 439.9363 -111.4927 0.0000 0.0000
3540.03 17.07.2018 16.00.01 36.14361 296.0904 -841.8526 -1.5033 -14.8963 17.8573 292.2917 147.2180 361.1751 437.2156 -107.3287 0.0000 0.0000
3550.03 17.07.2018 16.10.01 36.00045 295.8313 -1243.5933 -2.2207 -14.0570 15.7817 277.5084 140.4694 359.0716 434.3620 -104.8170 0.0000 0.0000
3560.03 17.07.2018 16.20.01 35.78512 295.5741 -766.5726 -1.3689 -12.9237 15.4065 267.9683 135.5806 357.0593 431.7293 -103.0914 0.0000 0.0000
3570.03 17.07.2018 16.30.01 35.64910 295.3190 -562.9540 -1.0053 -12.2624 15.0095 258.4556 130.7224 355.1036 429.0989 -101.1946 0.0000 0.0000
3580.03 17.07.2018 16.40.01 35.54363 295.0622 -1186.7694 -2.1192 -11.8103 12.9214 230.8839 116.3806 353.1386 425.2086 -93.8454 0.0000 0.0000
3590.03 17.07.2018 16.50.01 35.32916 294.7982 -867.9258 -1.5499 -10.8409 12.3880 217.7592 109.5371 351.1125 422.2497 -90.1807 0.0000 0.0000
3600.03 17.07.2018 17.00.01 35.16729 294.5403 -743.2230 -1.3272 -10.1911 11.8186 204.6283 102.7125 349.1232 419.3179 -86.3196 0.0000 0.0000
3610.03 17.07.2018 17.10.01 35.02511 294.2688 -742.5427 -1.3260 -9.6759 11.1332 191.3561 96.0188 347.4294 416.4960 -82.5763 0.0000 0.0000
3620.03 17.07.2018 17.20.01 34.87286 293.9959 -2911.4272 -5.1990 -9.1835 5.3127 163.7224 84.5844 345.7236 413.0830 -76.2030 0.0000 0.0000
3630.03 17.07.2018 17.30.01 34.34603 293.7195 -1772.7051 -3.1655 -6.8317 4.8883 143.3424 74.0008 343.9659 409.9344 -71.2866 0.0000 0.0000
3640.03 17.07.2018 17.40.01 34.01028 293.4453 -1710.0959 -3.0537 -5.5624 3.3449 126.9813 66.2418 342.2385 406.8316 -66.4767 0.0000 0.0000
3650.03 17.07.2018 17.50.01 33.68466 293.1711 -1211.3818 -2.1632 -4.3859 2.9636 110.6440 57.6228 340.4657 403.6508 -61.2151 0.0000 0.0000
3660.03 17.07.2018 18.00.01 33.44421 292.8956 -975.3609 -1.7417 -3.6763 2.5794 94.6209 49.1944 338.6864 400.4907 -56.0345 0.0000 0.0000
3670.03 17.07.2018 18.10.01 33.24435 292.5706 -837.2469 -1.4951 -3.1870 2.2559 75.3658 38.6538 337.3621 397.1349 -48.4458 0.0000 0.0000
3680.03 17.07.2018 18.20.01 33.06817 292.2478 -767.5828 -1.3707 -2.8256 1.9399 64.2038 32.9343 336.0925 394.5119 -43.7278 0.0000 0.0000
3690.03 17.07.2018 18.30.01 32.90310 291.9314 -943.6236 -1.6850 -2.5299 1.1265 53.0049 27.4533 334.8964 391.9673 -39.2741 0.0000 0.0000
3700.03 17.07.2018 18.40.01 32.70776 291.6174 -776.4020 -1.3864 -2.0863 0.9331 39.3890 20.4013 333.7359 389.4514 -35.1388 0.0000 0.0000
3710.03 17.07.2018 18.50.01 32.54089 291.3002 -706.7712 -1.2621 -1.7996 0.7167 26.7136 13.8531 332.5116 386.8586 -31.3157 0.0000 0.0000
3720.03 17.07.2018 19.00.01 32.38589 290.9829 -674.3234 -1.2041 -1.5800 0.5011 14.4742 7.5648 331.2724 384.2644 -27.9355 0.0000 0.0000
3730.03 17.07.2018 19.10.01 32.23620 290.5888 -636.5432 -1.1367 -1.3971 0.3473 11.2716 5.8759 329.8797 381.6890 -26.6255 0.0000 0.0000
3740.03 17.07.2018 19.20.01 32.09219 290.1979 -592.6511 -1.0583 -1.2618 0.2713 9.1474 4.7619 328.6378 379.3779 -25.9270 0.0000 0.0000
3750.03 17.07.2018 19.30.01 31.95489 289.8069 -571.3832 -1.0203 -1.1774 0.2094 6.6336 3.4607 327.4436 377.1614 -25.4024 0.0000 0.0000
3760.03 17.07.2018 19.40.01 31.82058 289.4167 -565.0435 -1.0090 -1.1218 0.1504 4.1618 2.1817 326.2746 375.0114 -24.9289 0.0000 0.0000
3770.03 17.07.2018 19.50.01 31.68667 289.0253 -567.9886 -1.0143 -1.0808 0.0886 2.0619 1.0881 325.1054 372.9017 -24.6099 0.0000 0.0000
3780.03 17.07.2018 20.00.01 31.55160 288.6338 -574.5219 -1.0259 -1.0460 0.0268 0.3694 0.1980 323.9431 370.8579 -24.3506 0.0000 0.0000
3790.03 17.07.2018 20.10.01 31.41485 288.2336 -565.2665 -1.0094 -1.0130 0.0048 0.0667 0.0358 322.9058 368.9752 -24.0818 0.0000 0.0000
3800.03 17.07.2018 20.20.01 31.27938 287.8352 -555.2297 -0.9915 -0.9921 0.0009 0.0120 0.0064 321.9322 367.2266 -24.0283 0.0000 0.0000
3810.03 17.07.2018 20.30.01 31.14544 287.4446 -550.7858 -0.9835 -0.9837 0.0002 0.0022 0.0012 321.0013 365.5836 -23.9888 0.0000 0.0000
3820.03 17.07.2018 20.40.01 31.01183 287.0581 -549.4724 -0.9812 -0.9812 0.0000 0.0004 0.0002 320.1031 364.0211 -23.9857 0.0000 0.0000
3830.03 17.07.2018 20.50.01 30.87817 286.6758 -549.8434 -0.9819 -0.9819 0.0000 0.0001 0.0000 319.2261 362.5130 -24.0950 0.0000 0.0000
3840.03 17.07.2018 21.00.01 30.74450 286.2996 -551.8377 -0.9854 -0.9854 0.0000 0.0000 0.0000 318.3834 361.1233 -23.9690 0.0000 0.0000
3850.03 17.07.2018 21.10.01 30.61083 286.1335 -551.0490 -0.9840 -0.9840 0.0000 0.0000 0.0000 317.9508 360.1060 -22.6373 0.0000 0.0000
3860.03 17.07.2018 21.20.01 30.47814 286.0314 -542.1449 -0.9681 -0.9681 0.0000 0.0000 0.0000 317.6154 359.2168 -21.3952 0.0000 0.0000
3870.03 17.07.2018 21.30.01 30.34808 286.1441 -530.2411 -0.9469 -0.9469 0.0000 0.0000 0.0000 317.4270 358.6819 -19.4577 0.0000 0.0000
3880.03 17.07.2018 21.40.01 30.22122 286.1351 -516.1179 -0.9216 -0.9216 0.0000 0.0000 0.0000 317.1372 358.1983 -17.8129 0.0000 0.0000
3890.03 17.07.2018 21.50.01 30.09741 286.1265 -506.4898 -0.9044 -0.9044 0.0000 0.0000 0.0000 316.8375 357.6228 -16.7282 0.0000 0.0000
3900.03 17.07.2018 22.00.01 29.97534 286.1641 -501.4488 -0.8954 -0.8954 0.0000 0.0000 0.0000 316.5548 357.0986 -15.6594 0.0000 0.0000
3910.03 17.07.2018 22.10.01 29.85424 286.1014 -499.4538 -0.8919 -0.8919 0.0000 0.0000 0.0000 316.2006 356.5110 -15.0979 0.0000 0.0000
3920.03 17.07.2018 22.20.01 29.73339 286.0083 -500.3260 -0.8934 -0.8934 0.0000 0.0000 0.0000 315.8432 355.8967 -14.7294 0.0000 0.0000
3930.03 17.07.2018 22.30.01 29.61166 285.9034 -501.1212 -0.8949 -0.8949 0.0000 0.0000 0.0000 315.4894 355.2756 -14.4526 0.0000 0.0000
3940.03 17.07.2018 22.40.01 29.48989 285.8463 -503.9665 -0.8999 -0.8999 0.0000 0.0000 0.0000 315.1477 354.6950 -14.0342 0.0000 0.0000
3950.03 17.07.2018 22.50.01 29.36724 285.7948 -505.4967 -0.9027 -0.9027 0.0000 0.0000 0.0000 314.8137 354.1368 -13.6135 0.0000 0.0000
3960.03 17.07.2018 23.00.01 29.24456 285.7384 -507.5063 -0.9063 -0.9063 0.0000 0.0000 0.0000 314.4820 353.5918 -13.2297 0.0000 0.0000
3970.03 17.07.2018 23.10.01 29.12115 285.8322 -507.9441 -0.9070 -0.9070 0.0000 0.0000 0.0000 314.1137 353.1747 -12.2743 0.0000 0.0000
3980.03 17.07.2018 23.20.01 28.99761 284.9202 -509.2171 -0.9093 -0.9093 0.0000 0.0000 0.0000 313.5920 351.8854 -15.5140 0.0000 0.0000
3990.03 17.07.2018 23.30.01 28.87328 284.7296 -516.1591 -0.9217 -0.9217 0.0000 0.0000 0.0000 313.1179 351.1165 -15.7277 0.0000 0.0000
4000.03 17.07.2018 23.40.01 28.74740 284.5720 -522.3705 -0.9328 -0.9328 0.0000 0.0000 0.0000 312.6825 350.3719 -15.9465 0.0000 0.0000
4010.03 17.07.2018 23.50.01 28.61993 284.3994 -528.6324 -0.9440 -0.9440 0.0000 0.0000 0.0000 312.2500 349.6206 -16.1745 0.0000 0.0000
4020.03 18.07.2018 00.00.01 28.49108 284.2199 -534.0343 -0.9536 -0.9536 0.0000 0.0000 0.0000 311.8142 348.8655 -16.4039 0.0000 0.0000
4030.03 18.07.2018 00.10.01 28.36111 284.2816 -534.8129 -0.9550 -0.9550 0.0000 0.0000 0.0000 311.5178 348.4940 -14.9304 0.0000 0.0000
4040.03 18.07.2018 00.20.01 28.23202 284.2392 -529.5931 -0.9457 -0.9457 0.0000 0.0000 0.0000 311.1788 348.0601 -14.0821 0.0000 0.0000
4050.03 18.07.2018 00.30.01 28.10439 284.1725 -523.0116 -0.9339 -0.9339 0.0000 0.0000 0.0000 310.8827 347.6204 -13.5150 0.0000 0.0000
4060.03 18.07.2018 00.40.01 27.97833 284.1007 -517.9520 -0.9249 -0.9249 0.0000 0.0000 0.0000 310.5991 347.1811 -13.0744 0.0000 0.0000
4070.03 18.07.2018 00.50.01 27.85302 284.0247 -515.3549 -0.9203 -0.9203 0.0000 0.0000 0.0000 310.2777 346.7440 -12.6771 0.0000 0.0000
4080.03 18.07.2018 01.00.01 27.72842 283.9691 -515.3617 -0.9203 -0.9203 0.0000 0.0000 0.0000 309.9771 346.3238 -12.3343 0.0000 0.0000
4090.03 18.07.2018 01.10.01 27.60388 283.9304 -515.2156 -0.9200 -0.9200 0.0000 0.0000 0.0000 309.6365 345.8567 -12.1293 0.0000 0.0000
4100.03 18.07.2018 01.20.01 27.47891 283.8341 -515.8176 -0.9211 -0.9211 0.0000 0.0000 0.0000 309.2832 345.2660 -12.4629 0.0000 0.0000
4110.03 18.07.2018 01.30.01 27.35323 283.7519 -520.4003 -0.9293 -0.9293 0.0000 0.0000 0.0000 308.8956 344.6477 -12.7796 0.0000 0.0000
4120.03 18.07.2018 01.40.01 27.22634 283.6974 -526.2306 -0.9397 -0.9397 0.0000 0.0000 0.0000 308.5260 344.0580 -12.9609 0.0000 0.0000
4130.03 18.07.2018 01.50.01 27.09811 283.6004 -531.0339 -0.9483 -0.9483 0.0000 0.0000 0.0000 308.1705 343.4368 -13.3509 0.0000 0.0000
4140.03 18.07.2018 02.00.01 26.96877 283.5093 -535.0485 -0.9554 -0.9555 0.0000 0.0004 0.0002 307.7939 342.8034 -13.6961 0.0000 0.0000
4150.03 18.07.2018 02.10.01 26.83874 283.5439 -534.2299 -0.9540 -0.9609 0.0093 0.2696 0.1424 307.6053 342.3546 -13.3139 0.0000 0.0000
4160.03 18.07.2018 02.20.01 26.70876 283.5905 -531.2973 -0.9487 -0.9646 0.0212 0.5772 0.3053 307.4577 341.9722 -12.8869 0.0000 0.0000
4170.03 18.07.2018 02.30.01 26.57971 283.6411 -529.1711 -0.9449 -0.9701 0.0336 0.8909 0.4716 307.3308 341.6337 -12.4463 0.0000 0.0000
4180.03 18.07.2018 02.40.01 26.45089 283.6911 -525.6266 -0.9386 -0.9731 0.0460 1.2058 0.6384 307.2241 341.3381 -11.9739 0.0000 0.0000
4190.03 18.07.2018 02.50.01 26.32296 283.7458 -521.9081 -0.9320 -0.9759 0.0585 1.5208 0.8053 307.1328 341.0816 -11.4873 0.0000 0.0000
4200.03 18.07.2018 03.00.01 26.19592 283.8061 -517.9421 -0.9249 -0.9783 0.0711 1.8399 0.9744 307.0511 340.8635 -10.9734 0.0000 0.0000
4210.03 18.07.2018 03.10.01 26.07046 284.1151 -479.5958 -0.8564 -0.9795 0.1641 4.4990 2.3794 307.3633 341.2251 -9.1937 0.0000 0.0000
4220.03 18.07.2018 03.20.01 25.95251 284.4231 -442.3797 -0.7900 -1.0003 0.2805 7.4932 3.9657 307.8253 341.7724 -7.7079 0.0000 0.0000
4230.03 18.07.2018 03.30.01 25.84219 284.7355 -414.6221 -0.7404 -1.0410 0.4008 10.5405 5.5803 308.3474 342.4360 -6.3764 0.0000 0.0000
4240.03 18.07.2018 03.40.01 25.73776 285.0613 -392.5746 -0.7010 -1.0925 0.5219 13.5982 7.2004 308.9148 343.2099 -5.1237 0.0000 0.0000
4250.03 18.07.2018 03.50.01 25.63827 285.3931 -373.8301 -0.6676 -1.1499 0.6431 16.6576 8.8215 309.5339 344.0730 -3.9773 0.0000 0.0000
4260.03 18.07.2018 04.00.01 25.54305 285.7273 -357.0871 -0.6377 -1.2109 0.7644 19.7178 10.4430 310.1869 345.0091 -2.9332 0.0000 0.0000
4270.03 18.07.2018 04.10.01 25.45175 286.0621 -337.8091 -0.6032 -1.2737 0.8940 23.0206 12.1927 311.3296 346.0899 -2.1732 0.0000 0.0000
4280.03 18.07.2018 04.20.01 25.36489 286.3998 -319.1242 -0.5699 -1.3394 1.0260 26.3583 13.9611 312.5281 347.2512 -1.5302 0.0000 0.0000
4290.03 18.07.2018 04.30.01 25.28237 286.7396 -301.7418 -0.5388 -1.4076 1.1584 29.7014 15.7325 313.7566 348.4727 -0.9771 0.0000 0.0000
4300.03 18.07.2018 04.40.01 25.20394 287.0815 -285.3602 -0.5096 -1.4778 1.2909 33.0456 17.5045 315.0072 349.7473 -0.4878 0.0000 0.0000
4310.03 18.07.2018 04.50.01 25.12939 287.4228 -269.5515 -0.4813 -1.5489 1.4234 92.5937 50.5774 316.2747 355.6343 -5.8191 0.0000 0.0000
4320.03 18.07.2018 05.00.01 25.05880 287.8383 -202.1190 -0.3609 -1.6209 1.6799 109.1229 59.5765 317.9936 359.3902 -7.7382 0.0000 0.0000
4330.03 18.07.2018 05.10.01 25.00097 288.3104 -201.7854 -0.3603 -1.7372 1.8358 449.1339 248.7238 319.6858 391.8018 -40.2738 0.0000 0.0000
4340.03 18.07.2018 05.20.01 24.94570 289.1913 116.9627 0.2089 -1.8372 2.7280 802.5177 445.1847 324.1708 437.7266 -81.4783 0.0000 0.0000
4350.03 18.07.2018 05.30.01 24.94897 290.0740 390.4450 0.6972 -2.1844 3.8422 1160.0161 643.9648 330.0876 493.8982 -130.8211 0.0000 0.0000
4360.03 18.07.2018 05.40.01 25.00457 290.8836 607.8054 1.0854 -2.7126 5.0639 1097.9573 609.1496 337.1442 510.9175 -143.3153 0.0000 0.0000
4370.03 18.07.2018 05.50.01 25.10238 291.2578 336.1429 0.6003 -3.3551 5.2739 1031.0460 571.2560 340.5010 518.2707 -149.1396 0.0000 0.0000
4380.03 18.07.2018 06.00.01 25.15737 291.5316 130.8721 0.2337 -3.6938 5.2367 957.1095 529.5579 342.6549 521.0383 -151.8070 0.0000 0.0000
4390.03 18.07.2018 06.10.01 25.18023 291.8487 66.6119 0.1189 -3.8018 5.2277 926.1793 511.7875 344.0808 524.6727 -156.3608 0.0000 0.0000
4400.03 18.07.2018 06.20.01 25.19546 292.1795 88.7700 0.1585 -3.8048 5.2845 886.1710 489.5389 345.5094 526.9386 -159.2331 0.0000 0.0000
4410.03 18.07.2018 06.30.01 25.21868 292.5061 149.4984 0.2670 -3.7744 5.3885 845.0962 466.6110 347.0107 527.3032 -160.0629 0.0000 0.0000
4420.03 18.07.2018 06.40.01 25.25692 292.8428 221.5716 0.3957 -3.7385 5.5122 821.0465 453.0844 348.4515 528.4291 -160.2246 0.0000 0.0000
4430.03 18.07.2018 06.50.01 25.31243 293.1692 291.3191 0.5202 -3.7057 5.6345 797.8153 440.0559 349.9165 529.0235 -159.7663 0.0000 0.0000
4440.03 18.07.2018 07.00.01 25.38467 293.4981 361.1497 0.6449 -3.6749 5.7598 773.9064 426.6128 351.3597 528.8494 -158.3261 0.0000 0.0000
4450.03 18.07.2018 07.10.01 25.47381 293.7240 484.3026 0.8648 -3.6504 6.0203 742.9308 409.1408 352.7289 526.2837 -156.6197 0.0000 0.0000
4460.03 18.07.2018 07.20.01 25.58840 293.9574 580.9586 1.0374 -3.6826 6.2934 711.7825 391.5511 354.0229 523.0492 -154.2669 0.0000 0.0000
4470.03 18.07.2018 07.30.01 25.72366 294.1861 644.6966 1.1512 -3.7526 6.5384 680.1282 373.6850 355.1971 519.3312 -151.2293 0.0000 0.0000
4480.03 18.07.2018 07.40.01 25.87350 294.4148 714.4302 1.2758 -3.8357 6.8153 659.6179 361.9657 356.2229 516.4313 -148.2251 0.0000 0.0000
4490.03 18.07.2018 07.50.01 26.03845 294.6537 767.8469 1.3712 -3.9437 7.0865 638.9858 350.1851 357.3866 513.5946 -145.1999 0.0000 0.0000
4500.03 18.07.2018 08.00.01 26.21526 294.9150 807.1833 1.4414 -4.0665 7.3438 617.7765 338.0695 358.5572 510.6578 -141.8550 0.0000 0.0000
4510.03 18.07.2018 08.10.01 26.40130 295.0270 883.1252 1.5770 -4.1973 7.6990 572.8551 312.8066 359.7633 505.4439 -135.7120 0.0000 0.0000
4520.03 18.07.2018 08.20.01 26.60223 295.1263 887.4623 1.5848 -4.3752 7.9466 527.1521 287.1696 360.6338 499.4243 -128.7768 0.0000 0.0000
4530.03 18.07.2018 08.30.01 26.80505 295.2279 900.2374 1.6076 -4.5415 8.1988 482.3337 262.0545 361.4137 493.1188 -121.5260 0.0000 0.0000
4540.03 18.07.2018 08.40.01 27.01086 295.3205 895.5027 1.5991 -4.7101 8.4123 449.2046 243.4346 362.0888 487.6461 -114.9036 0.0000 0.0000
4550.03 18.07.2018 08.50.01 27.21627 295.4189 911.5746 1.6278 -4.8703 8.6642 417.4130 225.5828 362.8286 482.3928 -108.5948 0.0000 0.0000
4560.03 18.07.2018 09.00.01 27.42458 295.5208 925.5305 1.6527 -5.0441 8.9292 386.6393 208.3251 363.5605 477.2330 -102.4423 0.0000 0.0000
4570.03 18.07.2018 09.10.01 27.63491 295.6350 842.5920 1.5046 -5.2329 8.9833 378.8227 203.8269 364.5568 475.3961 -94.0594 0.0000 0.0000
4580.03 18.07.2018 09.20.01 27.83050 295.7971 830.2532 1.4826 -5.3536 9.1149 372.1839 199.9659 365.7373 474.3009 -87.3704 0.0000 0.0000
4590.03 18.07.2018 09.30.01 28.02334 295.9557 841.7725 1.5032 -5.4720 9.3003 366.4385 196.5929 366.9976 473.1920 -82.9624 0.0000 0.0000
4600.03 18.07.2018 09.40.01 28.21743 296.0606 840.6458 1.5012 -5.6105 9.4822 362.2765 194.0921 368.3635 471.9280 -80.6001 0.0000 0.0000
4610.03 18.07.2018 09.50.01 28.41058 296.2167 844.3326 1.5077 -5.7588 9.6887 358.6668 191.9058 369.7766 470.9574 -78.7547 0.0000 0.0000
4620.03 18.07.2018 10.00.01 28.60354 296.3743 828.6036 1.4797 -5.9224 9.8693 354.7713 189.5660 371.1480 470.1327 -77.1323 0.0000 0.0000
4630.03 18.07.2018 10.10.01 28.79278 296.5736 830.2184 1.4825 -6.0845 10.0894 362.6312 193.5983 373.1537 469.7782 -80.8653 0.0000 0.0000
4640.03 18.07.2018 10.20.01 28.98135 296.6934 851.6779 1.5209 -6.2619 10.3770 370.2161 197.4067 375.3432 469.3612 -85.9247 0.0000 0.0000
4650.03 18.07.2018 10.30.01 29.17260 296.7423 839.2457 1.4987 -6.4728 10.6286 377.8185 201.2547 377.4508 468.9444 -91.4803 0.0000 0.0000
4660.03 18.07.2018 10.40.01 29.36065 296.8264 855.8320 1.5283 -6.6861 10.9525 382.8858 203.5380 379.7426 468.4097 -95.0675 0.0000 0.0000
4670.03 18.07.2018 10.50.01 29.55132 296.8008 842.6698 1.5048 -6.9234 11.2376 390.3557 207.2919 382.3388 471.1031 -92.0379 0.0000 0.0000
4680.03 18.07.2018 11.00.01 29.73947 296.9006 827.3636 1.4774 -7.1569 11.5124 397.2768 210.7279 384.6799 471.5634 -96.0296 0.0000 0.0000
4690.03 18.07.2018 11.10.01 29.92358 296.9204 730.1838 1.3039 -7.3873 11.5882 378.8089 200.7658 385.3621 472.0164 -90.5124 0.0000 0.0000
4700.03 18.07.2018 11.20.01 30.08898 296.8935 544.8685 0.9730 -7.5406 11.3514 356.5873 188.8034 385.3284 471.4688 -83.3832 0.0000 0.0000
4710.03 18.07.2018 11.30.01 30.22036 296.9380 421.5400 0.7528 -7.5488 11.0687 334.6844 177.0747 384.9015 470.5939 -76.4507 0.0000 0.0000
4720.03 18.07.2018 11.40.01 30.32824 296.9723 351.6366 0.6279 -7.4712 10.7989 311.7998 164.6684 384.2899 468.8289 -70.3326 0.0000 0.0000
4730.03 18.07.2018 11.50.01 30.42190 297.0049 292.4097 0.5222 -7.3556 10.5036 293.3345 154.9319 383.4027 467.5266 -63.7302 0.0000 0.0000
4740.03 18.07.2018 12.00.01 30.50347 297.0593 248.5512 0.4438 -7.2100 10.2051 275.6448 145.6592 382.4254 466.0208 -58.6076 0.0000 0.0000
4750.03 18.07.2018 12.10.01 30.57540 297.2016 136.8500 0.2444 -7.0424 9.7157 271.6733 143.2500 381.1604 464.0321 -55.4083 0.0000 0.0000
4760.03 18.07.2018 12.20.01 30.62698 297.9753 220.9268 0.3945 -6.7970 9.5887 272.0786 143.1916 380.3591 463.0366 -55.6498 0.0000 0.0000
4770.03 18.07.2018 12.30.01 30.69247 298.4938 364.3652 0.6507 -6.6476 9.7310 275.0301 144.4501 379.7292 461.6512 -59.7037 0.0000 0.0000
4780.03 18.07.2018 12.40.01 30.78253 298.8235 481.3188 0.8595 -6.6457 10.0070 278.9587 146.1864 379.2882 460.5257 -62.4010 0.0000 0.0000
4790.03 18.07.2018 12.50.01 30.89221 299.0865 567.8784 1.0141 -6.7559 10.3600 283.8155 148.4209 378.8389 459.7260 -64.3570 0.0000 0.0000
4800.03 18.07.2018 13.00.01 31.01711 299.3132 676.5418 1.2081 -6.9471 10.8737 288.4263 150.3881 378.4985 459.1717 -65.4794 0.0000 0.0000
4810.03 18.07.2018 13.10.01 31.16079 298.9598 637.3727 1.1382 -7.2320 11.1603 283.3404 147.7932 380.5757 460.9062 -57.7562 0.0000 0.0000
4820.03 18.07.2018 13.20.01 31.29748 298.4554 495.2179 0.8843 -7.4716 11.1412 274.3842 143.1094 382.1671 461.6373 -53.9599 0.0000 0.0000
4830.03 18.07.2018 13.30.01 31.40957 298.5197 401.1541 0.7163 -7.5774 11.0583 264.7070 138.0475 383.4736 461.9690 -53.6250 0.0000 0.0000
4840.03 18.07.2018 13.40.01 31.50442 298.3757 303.3991 0.5418 -7.6091 10.8678 254.9486 133.0210 384.6429 461.5018 -50.5739 0.0000 0.0000
4850.03 18.07.2018 13.50.01 31.58001 297.9981 197.8386 0.3533 -7.5837 10.5826 244.5821 127.7021 385.4421 458.5858 -55.8961 0.0000 0.0000
4860.03 18.07.2018 14.00.01 31.63403 297.8912 78.3918 0.1400 -7.4977 10.1836 233.3023 121.9221 385.8238 455.2105 -62.4196 0.0000 0.0000
4870.03 18.07.2018 14.10.01 31.66403 297.7189 -123.5802 -0.2207 -7.3323 9.4822 214.2097 112.0286 384.3677 453.2917 -56.6062 0.0000 0.0000
4880.03 18.07.2018 14.20.01 31.65646 297.6223 -308.8960 -0.5516 -7.0078 8.6083 193.3365 101.2062 382.7075 450.9731 -50.7602 0.0000 0.0000
4890.03 18.07.2018 14.30.01 31.61419 297.5558 -450.9648 -0.8053 -6.5424 7.6495 171.8931 90.1083 380.9439 448.1936 -45.8673 0.0000 0.0000
4900.03 18.07.2018 14.40.01 31.54461 297.5296 -592.6127 -1.0582 -5.9770 6.5583 149.0547 78.3165 378.9989 445.0759 -39.5704 0.0000 0.0000
4910.03 18.07.2018 14.50.01 31.44769 297.4685 -708.8148 -1.2657 -5.3157 5.3999 125.8797 66.3749 376.8320 441.4323 -34.2420 0.0000 0.0000
4920.03 18.07.2018 15.00.01 31.32775 297.4710 -815.6688 -1.4566 -4.5848 4.1710 102.2817 54.2313 374.5006 437.2281 -29.8823 0.0000 0.0000
4930.03 18.07.2018 15.10.01 31.18771 297.0907 -517.8667 -0.9248 -3.8118 3.8494 96.2184 50.9906 371.3562 433.4257 -30.5306 0.0000 0.0000
4940.03 18.07.2018 15.20.01 31.09817 296.7244 -322.8089 -0.5764 -3.3387 3.6830 92.3881 48.9594 368.4326 429.5265 -32.5763 0.0000 0.0000
4950.03 18.07.2018 15.30.01 31.04049 296.4013 -231.2273 -0.4129 -3.0695 3.5422 88.9005 47.1108 365.5386 425.7723 -34.0390 0.0000 0.0000
4960.03 18.07.2018 15.40.01 30.99703 296.1318 -195.4756 -0.3491 -2.9037 3.4062 85.4808 45.2988 362.6394 422.2904 -33.6909 0.0000 0.0000
4970.03 18.07.2018 15.50.01 30.95831 295.8969 -188.2521 -0.3362 -2.7895 3.2711 82.0726 43.4929 359.7299 418.9005 -33.5888 0.0000 0.0000
4980.03 18.07.2018 16.00.01 30.91946 295.6900 -193.6770 -0.3459 -2.6992 3.1378 78.6943 41.7018 356.8256 415.6688 -33.2337 0.0000 0.0000
4990.03 18.07.2018 16.10.01 30.88055 295.9035 256.7286 0.4584 -2.6131 4.0954 92.0524 48.1741 356.5719 415.0388 -29.4075 0.0000 0.0000
5000.03 18.07.2018 16.20.01 30.92147 296.1437 448.9417 0.8017 -2.9067 4.9445 106.5147 55.3804 356.9305 415.3473 -27.3417 0.0000 0.0000
5010.03 18.07.2018 16.30.01 30.99880 296.3969 640.8570 1.1444 -3.3402 5.9794 121.8054 62.9407 357.5354 416.2141 -26.3581 0.0000 0.0000
5020.03 18.07.2018 16.40.01 31.11160 296.6579 616.2421 1.1004 -3.9139 6.6857 134.7018 69.1024 358.2808 417.1031 -24.9415 0.0000 0.0000
5030.03 18.07.2018 16.50.01 31.22289 296.9215 808.0607 1.4430 -4.4396 7.8434 151.2132 77.0914 359.1561 418.7469 -24.7725 0.0000 0.0000
5040.03 18.07.2018 17.00.01 31.36959 297.1993 922.7704 1.6478 -5.1123 9.0135 167.2403 84.7809 360.1416 420.6675 -25.0410 0.0000 0.0000
5050.03 18.07.2018 17.10.01 31.53527 296.8768 322.4355 0.5758 -5.8671 8.5905 158.1326 80.2715 359.9536 420.0856 -30.2053 0.0000 0.0000
5060.03 18.07.2018 17.20.01 31.58950 296.5300 -1438.8102 -2.5693 -6.1012 4.7092 137.4842 71.4649 358.9610 417.7371 -33.1068 0.0000 0.0000
5070.03 18.07.2018 17.30.01 31.33730 296.1806 -887.8879 -1.5855 -4.8373 4.3357 121.4516 63.1404 357.6348 415.2538 -35.4328 0.0000 0.0000
5080.03 18.07.2018 17.40.01 31.17407 295.8323 -942.8425 -1.6836 -4.1379 3.2724 107.4418 56.3146 356.1893 412.4910 -36.4266 0.0000 0.0000
5090.03 18.07.2018 17.50.01 30.99835 295.4878 -697.8357 -1.2461 -3.4428 2.9289 93.4489 48.9582 354.6391 409.4574 -36.4333 0.0000 0.0000
5100.03 18.07.2018 18.00.01 30.86208 295.1449 -597.8867 -1.0677 -3.0066 2.5853 79.7602 41.7841 353.0426 406.3396 -35.7472 0.0000 0.0000
5110.03 18.07.2018 18.10.01 30.74105 294.7913 -562.9850 -1.0053 -2.6870 2.2422 65.2659 33.9406 350.9300 403.2038 -31.7523 0.0000 0.0000
5120.03 18.07.2018 18.20.01 30.62463 294.4394 -554.6097 -0.9904 -2.4175 1.9028 54.9401 28.5780 348.8469 400.4139 -29.1167 0.0000 0.0000
5130.03 18.07.2018 18.30.01 30.50793 294.0890 -660.5490 -1.1796 -2.1717 1.3228 44.6343 23.3508 346.7916 397.5929 -26.5867 0.0000 0.0000
5140.03 18.07.2018 18.40.01 30.37200 293.7420 -593.4869 -1.0598 -1.8489 1.0521 32.9491 17.2544 344.7475 394.7557 -24.0416 0.0000 0.0000
5150.03 18.07.2018 18.50.01 30.24651 293.3899 -573.4061 -1.0239 -1.6002 0.7683 21.7301 11.4099 342.6702 391.8366 -21.6127 0.0000 0.0000
5160.03 18.07.2018 19.00.01 30.12362 293.0376 -570.1478 -1.0181 -1.3818 0.4849 10.7592 5.7133 340.5717 388.8870 -19.3073 0.0000 0.0000
5170.03 18.07.2018 19.10.01 30.00079 292.7974 -517.8319 -0.9247 -1.1757 0.3346 8.0070 4.2468 340.4916 386.7366 -16.9124 0.0000 0.0000
5180.03 18.07.2018 19.20.01 29.88717 292.5672 -460.0401 -0.8215 -1.0158 0.2590 6.2871 3.3340 340.7109 385.0081 -15.3868 0.0000 0.0000
5190.03 18.07.2018 19.30.01 29.78384 292.3439 -424.3025 -0.7577 -0.9053 0.1969 4.7521 2.5204 341.0316 383.4730 -14.2722 0.0000 0.0000
5200.03 18.07.2018 19.40.01 29.68688 292.1841 -404.7859 -0.7228 -0.8257 0.1371 3.2504 1.7247 341.4442 382.1751 -13.1168 0.0000 0.0000
5210.03 18.07.2018 19.50.01 29.59338 291.9570 -394.6366 -0.7047 -0.7631 0.0778 1.7547 0.9321 341.8817 380.9017 -12.5409 0.0000 0.0000
5220.03 18.07.2018 20.00.01 29.50155 291.7031 -390.2473 -0.6969 -0.7109 0.0187 0.2623 0.1413 342.2964 379.6659 -12.2798 0.0000 0.0000
5230.03 18.07.2018 20.10.01 29.41049 291.5985 -370.1497 -0.6610 -0.6634 0.0032 0.0440 0.0235 344.0841 379.0383 -11.3140 0.0000 0.0000
5240.03 18.07.2018 20.20.01 29.32321 291.4994 -352.7653 -0.6299 -0.6304 0.0006 0.0082 0.0044 345.9986 378.5944 -10.8627 0.0000 0.0000
5250.03 18.07.2018 20.30.01 29.23922 291.4049 -341.1417 -0.6092 -0.6093 0.0001 0.0014 0.0008 347.9671 378.2443 -10.7992 0.0000 0.0000
5260.03 18.07.2018 20.40.01 29.15746 291.3150 -333.8989 -0.5962 -0.5963 0.0000 0.0003 0.0001 349.9737 377.9506 -11.0632 0.0000 0.0000
5270.03 18.07.2018 20.50.01 29.07717 291.2276 -329.4907 -0.5884 -0.5884 0.0000 0.0000 0.0000 352.0125 377.7297 -11.5072 0.0000 0.0000
5280.03 18.07.2018 21.00.01 28.99767 291.1438 -326.4142 -0.5829 -0.5829 0.0000 0.0000 0.0000 354.0696 377.5852 -12.0537 0.0000 0.0000
5290.03 18.07.2018 21.10.01 28.91894 291.0658 -325.3885 -0.5811 -0.5811 0.0000 0.0000 0.0000 353.8743 377.2751 -12.0902 0.0000 0.0000
5300.03 18.07.2018 21.20.01 28.84005 290.9858 -326.8920 -0.5837 -0.5837 0.0000 0.0000 0.0000 353.5914 376.9117 -12.0441 0.0000 0.0000
5310.03 18.07.2018 21.30.01 28.76040 290.9038 -330.1198 -0.5895 -0.5895 0.0000 0.0000 0.0000 353.2989 376.5341 -11.9857 0.0000 0.0000
5320.03 18.07.2018 21.40.01 28.67986 290.8216 -333.8817 -0.5962 -0.5962 0.0000 0.0000 0.0000 353.0042 376.1483 -11.9180 0.0000 0.0000
5330.03 18.07.2018 21.50.01 28.59841 290.7399 -337.6648 -0.6030 -0.6030 0.0000 0.0000 0.0000 352.7093 375.7591 -11.8390 0.0000 0.0000
5340.03 18.07.2018 22.00.01 28.51608 290.6578 -340.7709 -0.6085 -0.6085 0.0000 0.0000 0.0000 352.4163 375.3674 -11.7547 0.0000 0.0000
5350.03 18.07.2018 22.10.01 28.43301 290.5952 -343.3368 -0.6131 -0.6131 0.0000 0.0000 0.0000 351.5445 374.9351 -11.4616 0.0000 0.0000
5360.03 18.07.2018 22.20.01 28.34933 290.5319 -346.2646 -0.6183 -0.6183 0.0000 0.0000 0.0000 350.6470 374.4650 -11.1771 0.0000 0.0000
5370.03 18.07.2018 22.30.01 28.26507 290.4688 -349.3864 -0.6239 -0.6239 0.0000 0.0000 0.0000 349.7433 373.9775 -10.8782 0.0000 0.0000
5380.03 18.07.2018 22.40.01 28.17993 290.4039 -351.6719 -0.6280 -0.6280 0.0000 0.0000 0.0000 348.8349 373.4688 -10.5893 0.0000 0.0000
5390.03 18.07.2018 22.50.01 28.09426 290.3394 -353.6598 -0.6315 -0.6315 0.0000 0.0000 0.0000 347.9231 372.9486 -10.2869 0.0000 0.0000
5400.03 18.07.2018 23.00.01 28.00820 290.2733 -355.5404 -0.6349 -0.6349 0.0000 0.0000 0.0000 347.0087 372.4131 -9.9942 0.0000 0.0000
5410.03 18.07.2018 23.10.01 27.92169 290.0922 -357.4986 -0.6384 -0.6384 0.0000 0.0000 0.0000 345.9182 371.7065 -10.2598 0.0000 0.0000
5420.03 18.07.2018 23.20.01 27.83471 289.9074 -360.4957 -0.6437 -0.6437 0.0000 0.0000 0.0000 344.8013 370.9645 -10.4460 0.0000 0.0000
5430.03 18.07.2018 23.30.01 27.74682 289.7258 -362.6535 -0.6476 -0.6476 0.0000 0.0000 0.0000 343.6749 370.2031 -10.5770 0.0000 0.0000
5440.03 18.07.2018 23.40.01 27.65850 289.5422 -365.0139 -0.6518 -0.6518 0.0000 0.0000 0.0000 342.5432 369.4184 -10.7285 0.0000 0.0000
5450.03 18.07.2018 23.50.01 27.56970 289.3626 -367.3217 -0.6559 -0.6559 0.0000 0.0000 0.0000 341.4128 368.6293 -10.7867 0.0000 0.0000
5460.03 19.07.2018 00.00.01 27.48025 289.1824 -368.6854 -0.6584 -0.6584 0.0000 0.0000 0.0000 340.2792 367.8281 -10.8211 0.0000 0.0000
5470.03 19.07.2018 00.10.01 27.39053 288.9736 -370.3095 -0.6613 -0.6613 0.0000 0.0000 0.0000 339.3907 367.0349 -10.9876 0.0000 0.0000
5480.03 19.07.2018 00.20.01 27.30050 288.7707 -372.0807 -0.6644 -0.6644 0.0000 0.0000 0.0000 338.5190 366.2635 -11.0947 0.0000 0.0000
5490.03 19.07.2018 00.30.01 27.20989 288.5705 -373.5237 -0.6670 -0.6670 0.0000 0.0000 0.0000 337.6438 365.4835 -11.1990 0.0000 0.0000
5500.03 19.07.2018 00.40.01 27.11917 288.3672 -375.7760 -0.6710 -0.6710 0.0000 0.0000 0.0000 336.7645 364.6892 -11.3238 0.0000 0.0000
5510.03 19.07.2018 00.50.01 27.02761 288.1631 -376.4041 -0.6722 -0.6721 0.0000 0.0000 0.0000 335.8832 363.8908 -11.4437 0.0000 0.0000
5520.03 19.07.2018 01.00.01 26.93606 287.9580 -377.7529 -0.6746 -0.6746 0.0000 0.0000 0.0000 335.0008 363.0890 -11.5607 0.0000 0.0000
5530.03 19.07.2018 01.10.01 26.84451 287.8620 -379.1860 -0.6771 -0.6771 0.0000 0.0000 0.0000 334.8605 362.4862 -11.3275 0.0000 0.0000
5540.03 19.07.2018 01.20.01 26.75295 287.7579 -378.9348 -0.6767 -0.6767 0.0000 0.0000 0.0000 334.7602 361.9199 -11.2209 0.0000 0.0000
5550.03 19.07.2018 01.30.01 26.66140 287.6618 -377.0813 -0.6734 -0.6734 0.0000 0.0000 0.0000 334.6631 361.3904 -11.1210 0.0000 0.0000
5560.03 19.07.2018 01.40.01 26.57031 287.5717 -375.1283 -0.6699 -0.6699 0.0000 0.0000 0.0000 334.5737 360.9057 -10.9604 0.0000 0.0000
5570.03 19.07.2018 01.50.01 26.47967 287.5402 -372.8202 -0.6658 -0.6658 0.0000 0.0000 0.0000 334.5093 360.5420 -10.4499 0.0000 0.0000
5580.03 19.07.2018 02.00.01 26.38970 287.4862 -370.4233 -0.6615 -0.6615 0.0000 0.0003 0.0002 334.4983 360.1408 -10.2904 0.0000 0.0000
5590.03 19.07.2018 02.10.01 26.30010 287.4345 -365.2589 -0.6522 -0.6574 0.0069 0.2000 0.1056 333.8431 359.7245 -10.0925 0.0000 0.0000
5600.03 19.07.2018 02.20.01 26.21115 287.3493 -365.1678 -0.6521 -0.6639 0.0157 0.4282 0.2265 333.1020 359.2032 -10.2874 0.0000 0.0000
5610.03 19.07.2018 02.30.01 26.12176 287.2320 -368.2757 -0.6576 -0.6763 0.0249 0.6610 0.3499 332.3621 358.5555 -10.8108 0.0000 0.0000
5620.03 19.07.2018 02.40.01 26.03152 287.0627 -371.9951 -0.6643 -0.6899 0.0342 0.8946 0.4737 331.5958 357.8562 -11.3110 0.0000 0.0000
5630.03 19.07.2018 02.50.01 25.94042 286.9200 -374.1816 -0.6682 -0.7007 0.0434 1.1284 0.5975 330.7748 357.1584 -11.6618 0.0000 0.0000
5640.03 19.07.2018 03.00.01 25.84899 286.8050 -375.8248 -0.6711 -0.7108 0.0529 1.3677 0.7243 329.9114 356.4806 -11.8226 0.0000 0.0000
5650.03 19.07.2018 03.10.01 25.75729 286.8272 -328.6906 -0.5869 -0.7191 0.1762 4.9265 2.6045 329.4768 356.3320 -11.2842 0.0000 0.0000
5660.03 19.07.2018 03.20.01 25.67419 286.8597 -289.1454 -0.5163 -0.7660 0.3329 8.9607 4.7417 329.2140 356.3704 -11.0490 0.0000 0.0000
5670.03 19.07.2018 03.30.01 25.59847 286.8959 -263.7387 -0.4710 -0.8424 0.4952 13.0703 6.9190 329.0183 356.5041 -10.9867 0.0000 0.0000
5680.03 19.07.2018 03.40.01 25.52773 286.9358 -246.4228 -0.4400 -0.9339 0.6585 17.1944 9.1043 328.8604 356.7215 -11.0079 0.0000 0.0000
5690.03 19.07.2018 03.50.01 25.46057 286.9768 -233.4015 -0.4168 -1.0333 0.8220 21.3211 11.2909 328.7238 356.9981 -11.1346 0.0000 0.0000
5700.03 19.07.2018 04.00.01 25.39623 287.0198 -222.9779 -0.3982 -1.1375 0.9858 25.4539 13.4807 328.6066 357.3273 -11.3409 0.0000 0.0000
5710.03 19.07.2018 04.10.01 25.33456 287.3837 -163.6213 -0.2922 -1.2411 1.2652 32.9582 17.4513 329.1496 358.4110 -10.2834 0.0000 0.0000
5720.03 19.07.2018 04.20.01 25.28457 287.7546 -109.6438 -0.1958 -1.3796 1.5785 40.9453 21.6831 329.8964 359.7832 -9.5750 0.0000 0.0000
5730.03 19.07.2018 04.30.01 25.24554 288.1291 -69.4006 -0.1239 -1.5470 1.8974 49.0090 25.9556 330.7390 361.3337 -9.0923 0.0000 0.0000
5740.03 19.07.2018 04.40.01 25.21502 288.5061 -38.1733 -0.0682 -1.7312 2.2174 57.0876 30.2361 331.6427 363.0324 -8.7811 0.0000 0.0000
5750.03 19.07.2018 04.50.01 25.19137 288.8849 -12.2808 -0.0219 -1.9251 2.5376 82.2775 44.0465 332.5911 366.3557 -10.0827 0.0000 0.0000
5760.03 19.07.2018 05.00.01 25.17367 289.2803 26.5303 0.0474 -2.1242 2.8954 95.1323 50.9501 333.7245 369.1053 -10.8309 0.0000 0.0000
5770.03 19.07.2018 05.10.01 25.16409 289.6802 46.9144 0.0838 -2.3398 3.2315 174.5303 94.9177 334.8422 377.9499 -17.0547 0.0000 0.0000
5780.03 19.07.2018 05.20.01 25.15969 290.2106 130.7809 0.2335 -2.5548 3.7177 256.9028 140.5251 336.5743 389.2203 -24.9151 0.0000 0.0000
5790.03 19.07.2018 05.30.01 25.17181 290.7108 205.2527 0.3665 -2.8229 4.2525 339.9921 186.5305 338.6214 401.9988 -34.3547 0.0000 0.0000
5800.03 19.07.2018 05.40.01 25.19885 291.2284 266.7973 0.4764 -3.1302 4.8089 321.1926 175.6593 340.8418 405.9583 -36.1566 0.0000 0.0000
5810.03 19.07.2018 05.50.01 25.23843 291.5618 208.5883 0.3725 -3.4623 5.1130 295.4847 161.1753 342.2489 407.5712 -36.5539 0.0000 0.0000
5820.03 19.07.2018 06.00.01 25.26983 291.9483 166.1593 0.2967 -3.7161 5.3504 270.2993 146.8871 343.3693 408.0648 -35.6770 0.0000 0.0000
5830.03 19.07.2018 06.10.01 25.29537 292.3119 85.7657 0.1532 -3.9088 5.4160 311.3031 169.5147 344.8002 414.1644 -38.1403 0.0000 0.0000
5840.03 19.07.2018 06.20.01 25.30880 292.8362 116.2630 0.2076 -4.0061 5.6183 352.4433 192.2632 346.7192 422.9043 -38.6524 0.0000 0.0000
5850.03 19.07.2018 06.30.01 25.32968 293.5394 165.3681 0.2953 -4.1035 5.8651 393.6155 214.9964 348.3980 430.0852 -48.8622 0.0000 0.0000
5860.03 19.07.2018 06.40.01 25.36120 294.2472 207.2486 0.3701 -4.2163 6.1152 416.1477 227.3651 350.6144 438.5004 -46.1773 0.0000 0.0000
5870.03 19.07.2018 06.50.01 25.40231 294.3255 235.8231 0.4211 -4.3345 6.3409 438.5057 239.6506 352.6493 444.5622 -53.4507 0.0000 0.0000
5880.03 19.07.2018 07.00.01 25.45068 294.3493 257.6170 0.4600 -4.4514 6.5485 460.1161 251.5061 354.5136 450.5827 -61.9105 0.0000 0.0000
5890.03 19.07.2018 07.10.01 25.50469 294.8262 326.7609 0.5835 -4.5640 6.8633 458.3897 250.3276 356.2805 454.7874 -62.4827 0.0000 0.0000
5900.03 19.07.2018 07.20.01 25.57318 295.2199 359.7119 0.6423 -4.7051 7.1299 455.7688 248.6549 357.2492 456.5887 -71.9216 0.0000 0.0000
5910.03 19.07.2018 07.30.01 25.64947 295.2738 380.5990 0.6796 -4.8499 7.3727 452.6364 246.6974 357.9096 456.5368 -84.5874 0.0000 0.0000
5920.03 19.07.2018 07.40.01 25.73123 295.5896 411.3504 0.7346 -4.9891 7.6315 451.7609 245.9716 360.1241 464.4379 -61.5871 0.0000 0.0000
5930.03 19.07.2018 07.50.01 25.82055 295.4514 437.5442 0.7813 -5.1285 7.8798 450.6037 245.0900 361.2202 464.3117 -77.0826 0.0000 0.0000
5940.03 19.07.2018 08.00.01 25.91577 295.2951 456.8658 0.8158 -5.2726 8.1179 449.0108 243.9525 361.0668 459.8200 -101.4718 0.0000 0.0000
5950.03 19.07.2018 08.10.01 26.01574 295.4944 444.6120 0.7940 -5.4141 8.2774 468.0173 254.2509 361.4889 462.1115 -103.1995 0.0000 0.0000
5960.03 19.07.2018 08.20.01 26.11538 295.7260 479.1125 0.8556 -5.5220 8.5034 487.2830 264.6463 362.3863 465.1425 -105.5785 0.0000 0.0000
5970.03 19.07.2018 08.30.01 26.22292 295.9639 525.8944 0.9391 -5.6367 8.7678 506.3445 274.8838 363.4603 468.4980 -108.3156 0.0000 0.0000
5980.03 19.07.2018 08.40.01 26.34045 296.2029 558.8708 0.9980 -5.7699 9.0239 521.0662 282.7029 364.6039 471.7258 -110.9031 0.0000 0.0000
5990.03 19.07.2018 08.50.01 26.46545 296.4434 579.9374 1.0356 -5.9105 9.2615 534.8473 289.9735 365.7513 474.9758 -113.3516 0.0000 0.0000
6000.03 19.07.2018 09.00.01 26.59567 296.6763 607.9055 1.0855 -6.0498 9.5139 547.8739 296.7770 366.8842 478.2035 -115.8805 0.0000 0.0000
6010.03 19.07.2018 09.10.01 26.73226 296.9151 653.5974 1.1671 -6.1957 9.8171 543.0228 293.7297 368.4461 480.5979 -114.1395 0.0000 0.0000
6020.03 19.07.2018 09.20.01 26.87802 297.1312 645.4479 1.1526 -6.3643 10.0226 536.6998 289.8816 369.8782 482.7096 -110.7951 0.0000 0.0000
6030.03 19.07.2018 09.30.01 27.02377 297.3274 682.4178 1.2186 -6.5093 10.3039 531.3830 286.5709 371.3602 484.4736 -109.5351 0.0000 0.0000
6040.03 19.07.2018 09.40.01 27.17706 297.5324 695.7805 1.2425 -6.6718 10.5524 527.0266 283.7800 372.8630 486.5134 -106.5883 0.0000 0.0000
6050.03 19.07.2018 09.50.01 27.33398 297.7444 731.7269 1.3067 -6.8317 10.8511 523.4798 281.4426 374.5061 488.6316 -103.8171 0.0000 0.0000
6060.03 19.07.2018 10.00.01 27.49832 297.9571 741.0171 1.3232 -7.0093 11.1100 519.0724 278.6172 376.0981 490.2729 -102.4871 0.0000 0.0000
6070.03 19.07.2018 10.10.01 27.66528 297.9895 777.3543 1.3881 -7.1813 11.4259 500.5354 268.1700 379.6627 493.3565 -98.0256 0.0000 0.0000
6080.03 19.07.2018 10.20.01 27.83953 298.2482 732.0731 1.3073 -7.3686 11.5678 478.7036 255.8873 383.0245 492.0699 -102.9966 0.0000 0.0000
6090.03 19.07.2018 10.30.01 28.00726 298.6601 675.9678 1.2071 -7.4947 11.6023 457.9534 244.3424 384.5105 490.5380 -102.8030 0.0000 0.0000
6100.03 19.07.2018 10.40.01 28.16628 299.1246 695.4136 1.2418 -7.5604 11.7363 437.7056 232.8721 386.2941 490.8239 -81.5467 0.0000 0.0000
6110.03 19.07.2018 10.50.01 28.33013 299.5662 691.5574 1.2349 -7.6289 11.8184 422.4473 224.4311 388.0152 490.2263 -76.6023 0.0000 0.0000
6120.03 19.07.2018 11.00.01 28.49322 299.6923 682.5461 1.2188 -7.6950 11.8852 407.6295 216.2670 389.4033 487.0754 -88.1883 0.0000 0.0000
6130.03 19.07.2018 11.10.01 28.65386 299.7496 496.2349 0.8861 -7.7528 11.5186 375.6622 199.1245 391.8775 488.0664 -71.4857 0.0000 0.0000
6140.03 19.07.2018 11.20.01 28.78094 299.7161 298.8338 0.5336 -7.6451 10.9049 341.1423 180.6496 393.6661 485.8935 -71.1942 0.0000 0.0000
6150.03 19.07.2018 11.30.01 28.87258 299.3095 180.1281 0.3217 -7.3736 10.2603 307.3777 162.6570 394.5035 480.6648 -77.4934 0.0000 0.0000
6160.03 19.07.2018 11.40.01 28.94085 298.9957 105.2681 0.1880 -7.0320 9.6266 273.5108 144.5015 395.2312 476.0024 -66.1814 0.0000 0.0000
6170.03 19.07.2018 11.50.01 28.99313 298.6932 39.2895 0.0702 -6.6622 8.9764 244.0441 128.9966 395.2814 469.8989 -65.2951 0.0000 0.0000
6180.03 19.07.2018 12.00.01 29.03063 298.5683 -17.3597 -0.0310 -6.2747 8.3249 215.5842 114.0922 395.0509 463.2612 -70.0128 0.0000 0.0000
6190.03 19.07.2018 12.10.01 29.05587 298.4813 37.5665 0.0671 -5.8721 7.9190 208.3990 110.1837 393.3993 459.2247 -66.4028 0.0000 0.0000
6200.03 19.07.2018 12.20.01 29.08953 298.4325 177.9570 0.3178 -5.5449 7.8170 205.5820 108.6546 392.3778 456.4635 -63.7595 0.0000 0.0000
6210.03 19.07.2018 12.30.01 29.14684 298.3972 274.9189 0.4909 -5.3593 7.8003 203.7910 107.6694 391.6425 454.2128 -61.6253 0.0000 0.0000
6220.03 19.07.2018 12.40.01 29.22036 298.3671 323.5060 0.5777 -5.2704 7.7974 202.1845 106.7798 391.0216 452.2790 -59.8262 0.0000 0.0000
6230.03 19.07.2018 12.50.01 29.30175 298.3409 341.8315 0.6104 -5.2336 7.7920 200.6572 105.9395 390.4485 450.6090 -58.2182 0.0000 0.0000
6240.03 19.07.2018 13.00.01 29.38586 298.3182 350.4417 0.6258 -5.2241 7.7999 198.9868 105.0009 389.9111 449.0967 -56.8264 0.0000 0.0000
6250.03 19.07.2018 13.10.01 29.47152 298.3618 639.8679 1.1426 -5.2360 8.5049 218.5964 114.8184 387.3005 448.6106 -57.0177 0.0000 0.0000
6260.03 19.07.2018 13.20.01 29.60882 298.4295 956.1487 1.7074 -5.5157 9.6308 242.8151 127.0724 385.1457 448.9251 -61.0999 0.0000 0.0000
6270.03 19.07.2018 13.30.01 29.80270 298.5151 1218.0564 2.1751 -6.0719 10.9960 268.2265 139.8539 383.2798 449.6012 -66.5311 0.0000 0.0000
6280.03 19.07.2018 13.40.01 30.04437 298.5800 1452.9371 2.5945 -6.8456 12.5869 296.1985 153.9369 381.5660 450.9331 -72.8514 0.0000 0.0000
6290.03 19.07.2018 13.50.01 30.32934 298.6944 1665.0298 2.9733 -7.8052 14.3713 325.4458 168.6378 380.0182 452.7448 -79.4116 0.0000 0.0000
6300.03 19.07.2018 14.00.01 30.65399 298.8114 1832.4955 3.2723 -8.9258 16.2641 354.7804 183.3118 378.4355 454.7732 -86.1144 0.0000 0.0000
6310.03 19.07.2018 14.10.01 31.00701 298.7117 1194.5696 2.1332 -10.1542 16.3832 346.4019 179.1561 378.8722 455.3220 -87.0006 0.0000 0.0000
6320.03 19.07.2018 14.20.01 31.24722 298.5956 646.4302 1.1543 -10.8098 15.9522 331.0353 171.2495 378.2587 454.1103 -86.5848 0.0000 0.0000
6330.03 19.07.2018 14.30.01 31.38882 298.4690 284.2875 0.5077 -11.0021 15.3464 314.1955 162.6023 377.2216 452.2686 -85.5387 0.0000 0.0000
6340.03 19.07.2018 14.40.01 31.46346 298.3473 -2.9808 -0.0053 -10.9099 14.5395 295.2882 152.9138 375.9816 450.0917 -82.6308 0.0000 0.0000
6350.03 19.07.2018 14.50.01 31.48403 298.2272 -204.8061 -0.3657 -10.6038 13.6508 276.1535 143.1530 374.6842 447.6943 -79.4120 0.0000 0.0000
6360.03 19.07.2018 15.00.01 31.46563 298.1095 -382.7654 -0.6835 -10.1599 12.6351 255.4494 132.5466 373.3148 444.9677 -75.6918 0.0000 0.0000
6370.03 19.07.2018 15.10.01 31.41320 297.9276 -385.8195 -0.6890 -9.6089 11.8932 240.3878 124.7970 372.1155 442.6968 -71.7668 0.0000 0.0000
6380.03 19.07.2018 15.20.01 31.35784 297.7502 -583.8403 -1.0426 -9.0843 10.7223 225.4202 117.4236 371.0628 440.4617 -68.2833 0.0000 0.0000
6390.03 19.07.2018 15.30.01 31.26611 297.5737 -514.8452 -0.9194 -8.4169 9.9967 210.3221 109.6353 370.0494 438.0852 -64.6975 0.0000 0.0000
6400.03 19.07.2018 15.40.01 31.18380 297.3983 -564.2928 -1.0077 -7.8408 9.1109 192.2478 100.2499 368.9827 435.3974 -60.4530 0.0000 0.0000
6410.03 19.07.2018 15.50.01 31.09081 297.2221 -621.3492 -1.1096 -7.2472 8.1835 175.8199 91.8863 367.9018 432.7670 -56.5928 0.0000 0.0000
6420.03 19.07.2018 16.00.01 30.98544 297.0461 -757.0269 -1.3518 -6.6294 7.0368 158.9741 83.4337 366.8431 430.0470 -52.6205 0.0000 0.0000
6430.03 19.07.2018 16.10.01 30.85668 296.9466 -234.5005 -0.4188 -5.9188 7.3334 161.1194 84.2377 365.1501 427.9344 -51.2144 0.0000 0.0000
6440.03 19.07.2018 16.20.01 30.81747 296.8496 -57.0972 -0.1020 -5.6883 7.4484 164.2309 85.7474 363.6932 426.2021 -51.1625 0.0000 0.0000
6450.03 19.07.2018 16.30.01 30.80966 296.7566 151.8033 0.2711 -5.6183 7.8525 168.4203 87.6823 362.3576 424.7553 -51.4970 0.0000 0.0000
6460.03 19.07.2018 16.40.01 30.83788 296.6672 105.6314 0.1886 -5.7312 7.8930 169.3555 87.8291 361.0541 423.2357 -50.2655 0.0000 0.0000
6470.03 19.07.2018 16.50.01 30.85897 296.5741 259.6108 0.4636 -5.8015 8.3535 173.8696 89.8061 359.7862 422.0264 -50.8057 0.0000 0.0000
6480.03 19.07.2018 17.00.01 30.90710 296.4839 339.0157 0.6054 -6.0073 8.8169 178.1070 91.6147 358.5617 420.9218 -51.4989 0.0000 0.0000
6490.03 19.07.2018 17.10.01 30.96752 296.2541 -54.7079 -0.0977 -6.2818 8.2454 164.1321 84.4124 357.3168 419.3141 -49.1800 0.0000 0.0000
6500.03 19.07.2018 17.20.01 30.95416 296.0186 -1338.6801 -2.3905 -6.2170 5.1020 141.4331 73.9303 355.7788 416.9180 -44.5586 0.0000 0.0000
6510.03 19.07.2018 17.30.01 30.71755 295.7806 -934.0535 -1.6680 -5.0567 4.5183 121.9745 63.7311 354.1161 414.4000 -40.5861 0.0000 0.0000
6520.03 19.07.2018 17.40.01 30.54650 295.5472 -979.9175 -1.7499 -4.3062 3.4085 104.2046 54.7514 352.4541 411.7736 -36.2897 0.0000 0.0000
6530.03 19.07.2018 17.50.01 30.36578 295.3171 -794.3643 -1.4185 -3.5499 2.8419 86.4321 45.3618 350.7474 408.9166 -31.8465 0.0000 0.0000
6540.03 19.07.2018 18.00.01 30.21520 295.1076 -716.2827 -1.2791 -2.9857 2.2756 68.8596 36.0914 349.0444 405.9631 -27.3435 0.0000 0.0000
6550.03 19.07.2018 18.10.01 30.07711 294.7572 -601.8370 -1.0747 -2.5133 1.9181 55.6162 28.9246 347.6470 402.8880 -23.8425 0.0000 0.0000
6560.03 19.07.2018 18.20.01 29.95754 294.4123 -530.6488 -0.9476 -2.1621 1.6193 47.1268 24.5057 346.3341 400.2199 -21.9136 0.0000 0.0000
6570.03 19.07.2018 18.30.01 29.84887 294.0719 -585.6548 -1.0458 -1.8892 1.1246 37.9534 19.8556 345.0702 397.5586 -20.1005 0.0000 0.0000
6580.03 19.07.2018 18.40.01 29.72988 293.7338 -509.8138 -0.9104 -1.5817 0.8950 28.0345 14.6807 343.8224 394.8750 -18.4461 0.0000 0.0000
6590.03 19.07.2018 18.50.01 29.62319 293.3949 -484.3112 -0.8648 -1.3558 0.6546 18.5140 9.7213 342.5407 392.1538 -16.8087 0.0000 0.0000
6600.03 19.07.2018 19.00.01 29.52004 293.0559 -478.0031 -0.8536 -1.1644 0.4144 9.2054 4.8880 341.2558 389.4333 -15.2763 0.0000 0.0000
6610.03 19.07.2018 19.10.01 29.41720 292.6884 -434.4194 -0.7757 -0.9907 0.2866 6.8604 3.6386 339.8186 386.9390 -14.4806 0.0000 0.0000
6620.03 19.07.2018 19.20.01 29.32116 292.3219 -393.3677 -0.7024 -0.8689 0.2220 5.3885 2.8574 338.5135 384.7024 -14.0907 0.0000 0.0000
6630.03 19.07.2018 19.30.01 29.23144 291.9567 -374.2824 -0.6684 -0.7949 0.1687 4.0732 2.1603 337.2526 382.5783 -13.8516 0.0000 0.0000
6640.03 19.07.2018 19.40.01 29.14431 291.5913 -369.4333 -0.6597 -0.7479 0.1175 2.7861 1.4783 336.0140 380.5399 -13.6898 0.0000 0.0000
6650.03 19.07.2018 19.50.01 29.05731 291.2260 -372.3768 -0.6650 -0.7150 0.0667 1.5041 0.7990 334.7914 378.5693 -13.6047 0.0000 0.0000
6660.03 19.07.2018 20.00.01 28.96902 290.8624 -379.4029 -0.6775 -0.6895 0.0160 0.2248 0.1211 333.5773 376.6571 -13.5722 0.0000 0.0000
6670.03 19.07.2018 20.10.01 28.87890 290.6932 -371.8585 -0.6640 -0.6661 0.0028 0.0377 0.0202 332.8047 375.2182 -12.4624 0.0000 0.0000
6680.03 19.07.2018 20.20.01 28.78976 290.5263 -365.1635 -0.6521 -0.6525 0.0005 0.0071 0.0038 332.1241 373.9199 -11.6341 0.0000 0.0000
6690.03 19.07.2018 20.30.01 28.70172 290.3609 -363.2587 -0.6487 -0.6487 0.0001 0.0012 0.0007 331.4797 372.7127 -10.9788 0.0000 0.0000
6700.03 19.07.2018 20.40.01 28.61382 290.1945 -364.3448 -0.6506 -0.6506 0.0000 0.0002 0.0001 330.8654 371.5777 -10.4596 0.0000 0.0000
6710.03 19.07.2018 20.50.01 28.52505 290.0295 -365.9281 -0.6534 -0.6534 0.0000 0.0000 0.0000 330.2747 370.5064 -10.0402 0.0000 0.0000
6720.03 19.07.2018 21.00.01 28.43582 289.8650 -369.5108 -0.6598 -0.6598 0.0000 0.0000 0.0000 329.7014 369.4876 -9.7061 0.0000 0.0000
6730.03 19.07.2018 21.10.01 28.34564 289.6540 -374.1192 -0.6681 -0.6681 0.0000 0.0000 0.0000 329.3660 368.4730 -9.7865 0.0000 0.0000
6740.03 19.07.2018 21.20.01 28.25424 289.4448 -379.8246 -0.6783 -0.6783 0.0000 0.0000 0.0000 329.0348 367.4969 -9.9158 0.0000 0.0000
6750.03 19.07.2018 21.30.01 28.16137 289.2365 -385.8935 -0.6891 -0.6891 0.0000 0.0000 0.0000 328.7081 366.5530 -10.0796 0.0000 0.0000
6760.03 19.07.2018 21.40.01 28.06701 289.0287 -391.8947 -0.6998 -0.6998 0.0000 0.0000 0.0000 328.3851 365.6358 -10.2795 0.0000 0.0000
6770.03 19.07.2018 21.50.01 27.97125 288.8206 -397.8432 -0.7104 -0.7104 0.0000 0.0000 0.0000 328.0674 364.7433 -10.5063 0.0000 0.0000
6780.03 19.07.2018 22.00.01 27.87405 288.6128 -403.2411 -0.7201 -0.7201 0.0000 0.0000 0.0000 327.7534 363.8712 -10.7604 0.0000 0.0000
6790.03 19.07.2018 22.10.01 27.77560 288.4051 -408.2645 -0.7290 -0.7290 0.0000 0.0000 0.0000 326.4045 362.8981 -10.7987 0.0000 0.0000
6800.03 19.07.2018 22.20.01 27.67602 288.1915 -412.8666 -0.7373 -0.7373 0.0000 0.0000 0.0000 325.0216 361.8910 -10.7855 0.0000 0.0000
6810.03 19.07.2018 22.30.01 27.57540 287.9832 -417.2994 -0.7452 -0.7452 0.0000 0.0000 0.0000 323.6320 360.8728 -10.7772 0.0000 0.0000
6820.03 19.07.2018 22.40.01 27.47369 287.7784 -421.3792 -0.7525 -0.7525 0.0000 0.0000 0.0000 322.2532 359.8563 -10.7094 0.0000 0.0000
6830.03 19.07.2018 22.50.01 27.37103 287.5794 -425.1766 -0.7592 -0.7592 0.0000 0.0000 0.0000 320.8780 358.8504 -10.5780 0.0000 0.0000
6840.03 19.07.2018 23.00.01 27.26748 287.3815 -428.8176 -0.7657 -0.7657 0.0000 0.0000 0.0000 319.5059 357.8439 -10.4331 0.0000 0.0000
6850.03 19.07.2018 23.10.01 27.16311 287.1584 -432.5199 -0.7724 -0.7724 0.0000 0.0000 0.0000 318.6447 356.8816 -10.5045 0.0000 0.0000
6860.03 19.07.2018 23.20.01 27.05770 286.9548 -436.4777 -0.7794 -0.7794 0.0000 0.0000 0.0000 317.8051 355.9578 -10.5310 0.0000 0.0000
6870.03 19.07.2018 23.30.01 26.95132 286.7570 -440.5228 -0.7866 -0.7866 0.0000 0.0000 0.0000 316.9557 355.0345 -10.5931 0.0000 0.0000
6880.03 19.07.2018 23.40.01 26.84393 286.5549 -444.5757 -0.7939 -0.7939 0.0000 0.0000 0.0000 316.0946 354.1043 -10.7175 0.0000 0.0000
6890.03 19.07.2018 23.50.01 26.73559 286.3248 -448.4825 -0.8009 -0.8009 0.0000 0.0000 0.0000 315.2231 353.1396 -10.9644 0.0000 0.0000
6900.03 20.07.2018 00.00.01 26.62631 286.0786 -452.3125 -0.8077 -0.8077 0.0000 0.0000 0.0000 314.3488 352.1502 -11.2837 0.0000 0.0000
6910.03 20.07.2018 00.10.01 26.51617 285.9262 -455.7115 -0.8138 -0.8138 0.0000 0.0000 0.0000 313.3721 351.2635 -11.0872 0.0000 0.0000
6920.03 20.07.2018 00.20.01 26.40539 285.7672 -458.9012 -0.8195 -0.8195 0.0000 0.0000 0.0000 312.3958 350.3796 -10.9272 0.0000 0.0000
6930.03 20.07.2018 00.30.01 26.29370 285.6104 -461.0173 -0.8232 -0.8232 0.0000 0.0000 0.0000 311.4190 349.5068 -10.7738 0.0000 0.0000
6940.03 20.07.2018 00.40.01 26.18151 285.4522 -463.3333 -0.8274 -0.8274 0.0000 0.0000 0.0000 310.4452 348.6402 -10.6343 0.0000 0.0000
6950.03 20.07.2018 00.50.01 26.06890 285.2959 -465.9303 -0.8320 -0.8320 0.0000 0.0000 0.0000 309.4722 347.7816 -10.4995 0.0000 0.0000
6960.03 20.07.2018 01.00.01 25.95547 285.1414 -467.6587 -0.8351 -0.8351 0.0000 0.0000 0.0000 308.5045 346.9305 -10.3737 0.0000 0.0000
6970.03 20.07.2018 01.10.01 25.84191 284.9932 -470.1373 -0.8395 -0.8395 0.0000 0.0000 0.0000 307.9149 346.1606 -10.1884 0.0000 0.0000
6980.03 20.07.2018 01.20.01 25.72772 284.8473 -470.1122 -0.8395 -0.8395 0.0000 0.0000 0.0000 307.3594 345.4185 -10.0538 0.0000 0.0000
6990.03 20.07.2018 01.30.01 25.61392 284.7036 -470.1092 -0.8395 -0.8395 0.0000 0.0000 0.0000 306.8174 344.6995 -9.9217 0.0000 0.0000
7000.03 20.07.2018 01.40.01 25.50033 284.5555 -469.9697 -0.8392 -0.8392 0.0000 0.0000 0.0000 306.2851 343.9863 -9.8555 0.0000 0.0000
7010.03 20.07.2018 01.50.01 25.38677 284.4047 -469.4316 -0.8383 -0.8383 0.0000 0.0000 0.0000 305.7652 343.2860 -9.8019 0.0000 0.0000
7020.03 20.07.2018 02.00.01 25.27325 284.2539 -468.5611 -0.8367 -0.8367 0.0000 0.0004 0.0002 305.2506 342.5921 -9.7866 0.0000 0.0000
7030.03 20.07.2018 02.10.01 25.15972 284.1238 -464.5726 -0.8296 -0.8354 0.0078 0.2261 0.1194 305.1130 341.9854 -9.8100 0.0000 0.0000
7040.03 20.07.2018 02.20.01 25.04684 284.0091 -462.2984 -0.8255 -0.8389 0.0178 0.4841 0.2561 304.9943 341.4241 -9.8453 0.0000 0.0000
7050.03 20.07.2018 02.30.01 24.93426 283.8933 -461.6524 -0.8244 -0.8455 0.0282 0.7472 0.3955 304.8801 340.8824 -9.9206 0.0000 0.0000
7060.03 20.07.2018 02.40.01 24.82177 283.7759 -462.0382 -0.8251 -0.8540 0.0386 1.0113 0.5354 304.7643 340.3543 -10.0391 0.0000 0.0000
7070.03 20.07.2018 02.50.01 24.70910 283.6548 -462.3919 -0.8257 -0.8625 0.0491 1.2756 0.6755 304.6547 339.8379 -10.1865 0.0000 0.0000
7080.03 20.07.2018 03.00.01 24.59628 283.5307 -462.8018 -0.8264 -0.8712 0.0597 1.5447 0.8181 304.5418 339.3274 -10.3767 0.0000 0.0000
7090.03 20.07.2018 03.10.01 24.48358 283.5824 -420.4413 -0.7508 -0.8778 0.1694 4.6999 2.4851 304.2479 339.2217 -9.7824 0.0000 0.0000
7100.03 20.07.2018 03.20.01 24.37893 283.6340 -382.7659 -0.6835 -0.9145 0.3081 8.2684 4.3756 304.0728 339.2723 -9.3912 0.0000 0.0000
7110.03 20.07.2018 03.30.01 24.28161 283.6786 -356.6049 -0.6368 -0.9755 0.4516 11.9025 6.3011 303.9571 339.3985 -9.1865 0.0000 0.0000
7120.03 20.07.2018 03.40.01 24.18954 283.7273 -337.9547 -0.6035 -1.0505 0.5960 15.5493 8.2334 303.8794 339.6007 -9.0471 0.0000 0.0000
7130.03 20.07.2018 03.50.01 24.10143 283.7868 -323.6486 -0.5779 -1.1334 0.7406 19.1983 10.1668 303.8298 339.8701 -8.9587 0.0000 0.0000
7140.03 20.07.2018 04.00.01 24.01647 283.8366 -311.8294 -0.5568 -1.2207 0.8851 22.8472 12.1003 303.7986 340.1768 -8.9935 0.0000 0.0000
7150.03 20.07.2018 04.10.01 23.93426 284.1834 -304.3953 -0.5436 -1.3087 1.0202 26.2189 13.8873 304.2734 340.8877 -7.6653 0.0000 0.0000
7160.03 20.07.2018 04.20.01 23.85443 284.5388 -293.8904 -0.5248 -1.3892 1.1525 29.5508 15.6528 304.8340 341.7072 -6.4713 0.0000 0.0000
7170.03 20.07.2018 04.30.01 23.77749 284.8887 -280.8555 -0.5015 -1.4648 1.2843 32.8765 17.4149 305.4307 342.6026 -5.4016 0.0000 0.0000
7180.03 20.07.2018 04.40.01 23.70385 285.2320 -267.0587 -0.4769 -1.5389 1.4161 36.2009 19.1764 306.0622 343.5654 -4.4348 0.0000 0.0000
7190.03 20.07.2018 04.50.01 23.63360 285.5765 -253.2085 -0.4522 -1.6130 1.5478 39.5251 20.9378 306.7191 344.5952 -3.5294 0.0000 0.0000
