# simtime date time IndoorTemp Av_Tair_at_facade Energyflux.toIndoor.sum  Energyflux.toIndoor.average Energyflux.Conduction.average Energyflux.SW.transmission.average Shortwave.availabe Shortwave.absorbed Longwave.available Longwave.emittedFacade Sensible.outside Vapour.fromGreening Vapour.fromSubstrate
10.02 15.07.2018 05.10.00 19.90191 288.7129 157.8204 0.3492 -0.4274 1.0355 304.0733 165.6126 323.9454 383.9983 -39.1479 0.0000 0.0000
20.02 15.07.2018 05.20.00 19.92846 289.3987 201.7984 0.4465 -0.7453 1.5890 521.4669 283.2960 328.1498 405.8199 -65.1198 0.0000 0.0000
30.03 15.07.2018 05.30.01 19.97018 290.1679 292.8503 0.6479 -1.0643 2.2830 726.8741 393.6866 333.8191 431.1981 -94.3940 0.0000 0.0000
40.03 15.07.2018 05.40.01 20.03964 291.0297 391.0443 0.8651 -1.4403 3.0739 671.4521 362.7999 340.7711 440.4049 -100.5898 0.0000 0.0000
50.03 15.07.2018 05.50.01 20.13412 291.6778 253.6291 0.5611 -1.8623 3.2312 605.9694 326.3550 344.0058 444.5056 -94.4300 0.0000 0.0000
60.03 15.07.2018 06.00.01 20.19909 292.1682 147.2788 0.3258 -2.0849 3.2144 640.5056 350.0499 345.9179 460.4955 -107.5416 0.0000 0.0000
70.03 15.07.2018 06.10.01 20.24111 292.6228 104.2962 0.2307 -2.1596 3.1871 598.0238 325.8743 347.2922 461.8484 -105.1765 0.0000 0.0000
80.03 15.07.2018 06.20.01 20.27490 293.0109 117.8673 0.2608 -2.1652 3.2347 558.3958 303.3548 348.8810 462.0631 -103.0199 0.0000 0.0000
90.03 15.07.2018 06.30.01 20.31375 293.3562 126.4379 0.2797 -2.1619 3.2554 519.7091 281.4192 350.2570 461.0606 -100.4275 0.0000 0.0000
100.03 15.07.2018 06.40.01 20.35681 293.7013 150.9875 0.3340 -2.1427 3.3024 491.3649 265.1458 351.6638 460.1851 -97.2865 0.0000 0.0000
110.03 15.07.2018 06.50.01 20.40792 294.0369 176.0412 0.3895 -2.1249 3.3525 476.1626 256.7552 353.0542 460.4525 -96.2857 0.0000 0.0000
120.03 15.07.2018 07.00.01 20.46716 294.3713 199.6696 0.4417 -2.1089 3.4009 466.5093 251.6947 354.4094 461.0895 -95.9228 0.0000 0.0000
130.03 15.07.2018 07.10.01 20.53402 294.6480 216.5789 0.4792 -2.0960 3.4335 460.8879 248.7764 355.9606 462.3719 -92.5681 0.0000 0.0000
140.03 15.07.2018 07.20.01 20.60662 294.9286 243.2358 0.5381 -2.0830 3.4948 455.5518 246.0075 357.6567 463.7315 -89.6833 0.0000 0.0000
150.03 15.07.2018 07.30.01 20.68694 295.2043 262.9540 0.5818 -2.0818 3.5514 449.8331 243.0124 359.3863 464.9796 -87.1637 0.0000 0.0000
160.03 15.07.2018 07.40.01 20.77361 295.4953 286.2900 0.6334 -2.0871 3.6274 446.6218 241.3530 361.1557 466.4631 -84.8281 0.0000 0.0000
170.03 15.07.2018 07.50.01 20.86694 295.7793 297.8728 0.6590 -2.1031 3.6829 442.7280 239.2996 362.9874 467.8068 -83.1571 0.0000 0.0000
180.03 15.07.2018 08.00.01 20.96414 296.0436 312.1521 0.6906 -2.1188 3.7459 438.5200 237.0521 364.8042 468.9502 -82.2422 0.0000 0.0000
190.03 15.07.2018 08.10.01 21.06561 296.1897 321.8430 0.7120 -2.1403 3.8031 433.6453 234.4392 366.7271 470.6536 -79.7559 0.0000 0.0000
200.03 15.07.2018 08.20.01 21.17025 296.1863 327.5399 0.7246 -2.1610 3.8475 428.2582 231.5284 368.4025 470.0467 -87.5951 0.0000 0.0000
210.03 15.07.2018 08.30.01 21.27709 296.3145 343.3060 0.7595 -2.1781 3.9169 423.1803 228.7843 369.8726 469.1391 -91.9507 0.0000 0.0000
220.03 15.07.2018 08.40.01 21.38864 296.5643 344.6099 0.7624 -2.1991 3.9487 418.8412 226.3990 371.2881 469.4653 -88.2620 0.0000 0.0000
230.03 15.07.2018 08.50.01 21.50143 296.8156 356.0222 0.7877 -2.2120 3.9995 414.7170 224.1285 372.7034 470.0124 -84.4271 0.0000 0.0000
240.03 15.07.2018 09.00.01 21.61782 297.0282 374.6466 0.8289 -2.2292 4.0774 410.7727 221.9457 374.0094 470.5907 -81.5213 0.0000 0.0000
250.03 15.07.2018 09.10.01 21.73956 297.3169 403.9612 0.8937 -2.2621 4.2078 405.9100 219.2716 375.7819 471.7921 -76.3979 0.0000 0.0000
260.03 15.07.2018 09.20.01 21.86843 297.8203 425.4621 0.9413 -2.3250 4.3550 401.3085 216.7415 377.8514 471.2269 -81.5885 0.0000 0.0000
270.03 15.07.2018 09.30.01 22.00387 298.2004 448.0525 0.9913 -2.3919 4.5109 396.7274 214.2169 379.3055 470.5668 -83.9407 0.0000 0.0000
280.03 15.07.2018 09.40.01 22.14651 298.8721 476.2458 1.0536 -2.4648 4.6913 394.3105 212.8594 380.8151 473.4428 -70.2895 0.0000 0.0000
290.03 15.07.2018 09.50.01 22.29794 299.6092 529.1295 1.1706 -2.5492 4.9598 393.8451 212.6062 382.4747 475.8625 -67.8950 0.0000 0.0000
300.03 15.07.2018 10.00.01 22.46307 299.2624 539.0087 1.1925 -2.6800 5.1634 391.6251 211.3493 383.0217 475.3691 -76.7235 0.0000 0.0000
310.03 15.07.2018 10.10.01 22.63000 299.5910 497.2117 1.1000 -2.8194 5.2259 389.2303 209.9837 384.0018 475.6366 -75.2877 0.0000 0.0000
320.03 15.07.2018 10.20.01 22.78701 299.8947 457.1334 1.0114 -2.9058 5.2229 377.4734 203.0505 384.9838 474.2687 -73.5732 0.0000 0.0000
330.03 15.07.2018 10.30.01 22.93444 300.1197 413.3274 0.9144 -2.9426 5.1428 371.7778 199.8118 385.5981 473.6647 -72.8283 0.0000 0.0000
340.03 15.07.2018 10.40.01 23.07217 300.3115 443.8960 0.9821 -2.9335 5.2207 326.9195 172.9054 386.7408 467.0725 -65.3740 0.0000 0.0000
350.03 15.07.2018 10.50.01 23.21679 300.4191 421.6182 0.9328 -2.9516 5.1792 324.0092 171.2578 387.6190 466.3716 -64.7590 0.0000 0.0000
360.03 15.07.2018 11.00.01 23.35613 300.5436 416.6328 0.9218 -2.9430 5.1530 321.3952 169.7767 388.4849 465.9092 -64.2842 0.0000 0.0000
370.03 15.07.2018 11.10.01 23.49493 300.6545 448.4306 0.9921 -2.9317 5.2317 319.7280 168.9120 389.6377 466.3105 -62.4092 0.0000 0.0000
380.03 15.07.2018 11.20.01 23.64047 300.7412 425.4998 0.9414 -2.9583 5.1995 315.4831 166.5843 390.5294 466.2311 -61.1814 0.0000 0.0000
390.03 15.07.2018 11.30.01 23.77981 300.8176 415.4585 0.9192 -2.9590 5.1708 311.3589 164.3265 391.3232 466.0637 -60.5362 0.0000 0.0000
400.03 15.07.2018 11.40.01 23.91741 300.9248 422.5778 0.9349 -2.9560 5.1879 308.9338 162.9937 392.2984 466.1397 -59.9439 0.0000 0.0000
410.03 15.07.2018 11.50.01 24.05599 301.0184 410.5328 0.9083 -2.9625 5.1610 305.5059 161.0926 393.0955 465.9973 -59.5025 0.0000 0.0000
420.03 15.07.2018 12.00.01 24.19155 301.0948 381.5513 0.8441 -2.9606 5.0730 300.6587 158.3860 393.6662 465.5464 -59.0265 0.0000 0.0000
430.03 15.07.2018 12.10.01 24.32003 301.3253 429.2756 0.9497 -2.9355 5.1803 299.3280 157.7262 394.8272 466.0859 -57.3441 0.0000 0.0000
440.03 15.07.2018 12.20.01 24.45986 301.3966 642.8307 1.4222 -2.9786 5.8677 301.3541 158.6426 395.5578 466.2069 -59.2348 0.0000 0.0000
450.03 15.07.2018 12.30.01 24.65133 301.3091 948.0404 2.0974 -3.2668 7.1523 308.1645 161.9789 395.9995 466.4884 -63.3065 0.0000 0.0000
460.03 15.07.2018 12.40.01 24.91537 301.2365 1088.8822 2.4090 -3.8914 8.4006 315.1910 165.4189 396.5984 467.3403 -64.1633 0.0000 0.0000
470.03 15.07.2018 12.50.01 25.21343 301.1406 1109.9741 2.4557 -4.6611 9.4890 319.1533 167.1410 396.7249 467.7802 -65.2199 0.0000 0.0000
480.03 15.07.2018 13.00.01 25.51782 301.0889 1151.9102 2.5485 -5.4404 10.6519 325.5723 170.2812 397.1229 468.7156 -67.0270 0.0000 0.0000
490.03 15.07.2018 13.10.01 25.83309 301.1121 1145.9044 2.5352 -6.2508 11.7146 329.4112 172.0872 397.3886 470.0970 -65.4280 0.0000 0.0000
500.03 15.07.2018 13.20.01 26.14828 301.1262 1110.1653 2.4561 -7.0347 12.6544 331.3259 172.8315 397.4069 471.1257 -64.4650 0.0000 0.0000
510.03 15.07.2018 13.30.01 26.45611 301.1058 1044.5083 2.3109 -7.7624 13.4311 330.1688 171.8557 396.9264 471.4981 -63.7229 0.0000 0.0000
520.03 15.07.2018 13.40.01 26.74938 301.1031 1033.4065 2.2863 -8.4069 14.2576 331.2833 172.1666 396.5512 472.0961 -63.4370 0.0000 0.0000
530.03 15.07.2018 13.50.01 27.04040 301.1052 1019.5406 2.2556 -9.0320 15.0502 332.4930 172.5605 396.2541 472.7063 -63.2920 0.0000 0.0000
540.03 15.07.2018 14.00.01 27.32839 301.0914 961.7746 2.1278 -9.6333 15.6815 331.0585 171.4903 395.6702 472.8419 -62.8267 0.0000 0.0000
550.03 15.07.2018 14.10.01 27.60241 301.0830 798.1771 1.7659 -10.1608 15.9023 324.5428 168.1988 396.1727 473.6827 -59.3786 0.0000 0.0000
560.03 15.07.2018 14.20.01 27.83749 301.0877 633.9174 1.4025 -10.4986 15.8681 314.9493 163.2530 396.2557 473.8709 -55.9698 0.0000 0.0000
570.03 15.07.2018 14.30.01 28.03332 301.0941 507.0655 1.1218 -10.6540 15.7011 304.6528 157.9855 396.1887 473.7599 -52.9273 0.0000 0.0000
580.03 15.07.2018 14.40.01 28.19778 301.1339 348.0731 0.7701 -10.6734 15.2580 290.7073 150.7773 395.9708 472.9378 -49.5507 0.0000 0.0000
590.03 15.07.2018 14.50.01 28.32360 301.2063 243.1020 0.5378 -10.5262 14.7520 274.2986 142.1385 395.9935 471.4752 -46.4081 0.0000 0.0000
600.03 15.07.2018 15.00.01 28.42294 301.2826 129.7771 0.2871 -10.2752 14.0831 255.4550 132.1608 395.7391 469.1109 -43.7952 0.0000 0.0000
610.03 15.07.2018 15.10.01 28.49423 301.1032 217.2468 0.4806 -9.9270 13.8769 247.6868 128.0158 394.7333 466.5022 -46.4415 0.0000 0.0000
620.03 15.07.2018 15.20.01 28.58480 300.9606 270.5036 0.5985 -9.6996 13.7308 233.9987 120.2734 394.0116 463.0234 -47.8459 0.0000 0.0000
630.03 15.07.2018 15.30.01 28.68627 300.8322 271.1584 0.5999 -9.5491 13.5321 228.6618 117.5816 393.2616 460.4945 -49.8613 0.0000 0.0000
640.03 15.07.2018 15.40.01 28.78652 300.7266 207.0868 0.4582 -9.4114 13.1593 221.0014 113.6648 392.1768 457.7215 -50.5484 0.0000 0.0000
650.03 15.07.2018 15.50.01 28.87078 300.6302 162.3997 0.3593 -9.2138 12.7641 213.9367 110.1224 391.2258 455.1226 -50.9437 0.0000 0.0000
660.03 15.07.2018 16.00.01 28.93774 300.5462 -873.1245 -1.9317 -8.9806 9.3986 198.8207 103.9901 390.1631 452.0447 -50.1101 0.0000 0.0000
670.03 15.07.2018 16.10.01 28.76949 300.3855 173.4330 0.3837 -7.5993 10.6440 192.4775 99.5483 387.9822 449.5930 -47.3286 0.0000 0.0000
680.03 15.07.2018 16.20.01 28.83752 300.2256 163.3142 0.3613 -7.4628 10.4321 188.1783 97.4324 385.8905 447.8549 -45.1050 0.0000 0.0000
690.03 15.07.2018 16.30.01 28.90286 300.0713 149.4068 0.3305 -7.3216 10.2029 180.4775 93.2887 383.7927 445.5353 -42.8739 0.0000 0.0000
700.03 15.07.2018 16.40.01 28.96392 299.9062 122.7818 0.2716 -7.1754 9.9294 169.1731 87.0289 381.5710 442.2142 -41.1082 0.0000 0.0000
710.03 15.07.2018 16.50.01 29.01763 299.7342 95.2389 0.2107 -7.0127 9.6312 163.5640 84.2048 379.3504 439.6873 -40.0709 0.0000 0.0000
720.03 15.07.2018 17.00.01 29.06359 299.5298 64.1619 0.1420 -6.8347 9.3022 164.5645 85.3696 377.1205 438.2589 -39.6059 0.0000 0.0000
730.03 15.07.2018 17.10.01 29.10067 299.3190 40.1630 0.0889 -6.6389 8.9703 159.7602 83.0248 375.3721 436.4309 -37.5412 0.0000 0.0000
740.03 15.07.2018 17.20.01 29.12823 299.1080 -444.3453 -0.9831 -6.4341 7.2681 151.1436 79.4262 373.6561 434.2484 -35.8516 0.0000 0.0000
750.03 15.07.2018 17.30.01 29.04342 298.8977 -223.7112 -0.4949 -5.7020 6.9428 145.9076 76.8173 371.9277 432.2301 -34.6169 0.0000 0.0000
760.03 15.07.2018 17.40.01 29.01119 298.6888 691.9045 1.5308 -5.2588 9.0527 146.2608 75.7804 370.2457 430.6282 -33.8544 0.0000 0.0000
770.03 15.07.2018 17.50.01 29.18627 298.4817 230.2780 0.5095 -5.8700 8.5059 139.4049 72.4224 368.5626 428.5032 -32.6980 0.0000 0.0000
780.03 15.07.2018 18.00.01 29.25524 298.2716 3.2495 0.0072 -5.9405 7.9302 131.5070 68.4613 366.8695 426.2076 -31.3307 0.0000 0.0000
790.03 15.07.2018 18.10.01 29.26962 297.7466 -235.5424 -0.5211 -5.7660 6.9932 116.7699 60.8593 365.1046 422.7199 -30.7643 0.0000 0.0000
800.03 15.07.2018 18.20.01 29.22604 297.2181 -374.0945 -0.8276 -5.3463 6.0249 102.4823 53.5505 363.1342 419.1559 -29.7160 0.0000 0.0000
810.03 15.07.2018 18.30.01 29.14721 296.6890 -456.8115 -1.0106 -4.8045 5.0584 93.3650 49.3430 361.1802 416.3039 -29.0303 0.0000 0.0000
820.03 15.07.2018 18.40.01 29.04489 296.1615 -687.3462 -1.5207 -4.2057 3.5801 68.9123 36.5818 359.1983 411.6928 -26.2325 0.0000 0.0000
830.03 15.07.2018 18.50.01 28.88561 295.6277 -792.3330 -1.7530 -3.3840 2.1748 43.6495 23.2793 357.1142 406.7328 -22.7759 0.0000 0.0000
840.03 15.07.2018 19.00.01 28.69793 295.0915 -858.7872 -1.9000 -2.4887 0.7850 17.7421 9.5771 355.0227 401.5481 -18.8162 0.0000 0.0000
850.03 15.07.2018 19.10.01 28.49310 294.4459 -492.6483 -1.0899 -1.5642 0.6323 14.4035 7.7504 353.0309 397.9870 -17.9412 0.0000 0.0000
860.03 15.07.2018 19.20.01 28.37020 293.8090 -315.6179 -0.6983 -1.0964 0.5308 12.1694 6.5477 351.3718 394.8860 -17.8006 0.0000 0.0000
870.03 15.07.2018 19.30.01 28.28698 293.1748 -235.6131 -0.5213 -0.8512 0.4399 10.1235 5.4500 349.7580 391.9705 -17.8921 0.0000 0.0000
880.03 15.07.2018 19.40.01 28.22109 292.5430 -221.5736 -0.4902 -0.7112 0.2946 6.8997 3.7228 348.1625 389.0838 -17.9391 0.0000 0.0000
890.03 15.07.2018 19.50.01 28.15740 291.9132 -219.8838 -0.4865 -0.6005 0.1520 3.6195 1.9597 346.5978 386.2996 -17.9652 0.0000 0.0000
900.03 15.07.2018 20.00.01 28.09292 291.2861 -223.9418 -0.4954 -0.5059 0.0139 0.3096 0.1752 345.0208 383.6021 -17.9571 0.0000 0.0000
910.03 15.07.2018 20.10.01 28.02651 290.8470 -189.6593 -0.4196 -0.4215 0.0025 0.0557 0.0315 343.4269 381.4644 -17.4443 0.0000 0.0000
920.03 15.07.2018 20.20.01 27.96697 290.4093 -175.8486 -0.3890 -0.3894 0.0005 0.0100 0.0057 341.9060 379.4964 -17.1154 0.0000 0.0000
930.03 15.07.2018 20.30.01 27.90963 289.9665 -174.1211 -0.3852 -0.3853 0.0001 0.0018 0.0010 340.4172 377.6359 -16.9031 0.0000 0.0000
940.03 15.07.2018 20.40.01 27.85162 289.5275 -178.8389 -0.3957 -0.3957 0.0000 0.0003 0.0002 338.9528 375.8574 -16.7794 0.0000 0.0000
950.03 15.07.2018 20.50.01 27.79144 289.0969 -186.9211 -0.4135 -0.4135 0.0000 0.0001 0.0000 337.4781 374.1628 -16.6475 0.0000 0.0000
960.03 15.07.2018 21.00.01 27.72833 288.6631 -196.6747 -0.4351 -0.4351 0.0000 0.0000 0.0000 336.0192 372.5656 -16.4379 0.0000 0.0000
970.03 15.07.2018 21.10.01 27.66192 288.4277 -206.9879 -0.4579 -0.4579 0.0000 0.0000 0.0000 334.7893 371.4536 -14.6451 0.0000 0.0000
980.03 15.07.2018 21.20.01 27.59240 288.6207 -215.0292 -0.4757 -0.4757 0.0000 0.0000 0.0000 333.5214 370.6574 -12.2145 0.0000 0.0000
990.03 15.07.2018 21.30.01 27.52056 288.3944 -221.8275 -0.4908 -0.4908 0.0000 0.0000 0.0000 332.5141 369.3133 -12.9304 0.0000 0.0000
1000.03 15.07.2018 21.40.01 27.44610 288.4634 -229.8142 -0.5084 -0.5084 0.0000 0.0000 0.0000 331.5715 368.6506 -10.7060 0.0000 0.0000
1010.03 15.07.2018 21.50.01 27.36920 287.0436 -239.2311 -0.5293 -0.5293 0.0000 0.0000 0.0000 330.0137 366.0405 -16.1961 0.0000 0.0000
1020.03 15.07.2018 22.00.01 27.28704 286.5931 -261.2973 -0.5781 -0.5781 0.0000 0.0000 0.0000 328.9684 363.7777 -20.0079 0.0000 0.0000
1030.03 15.07.2018 22.10.01 27.19714 286.4707 -283.0593 -0.6262 -0.6262 0.0000 0.0000 0.0000 328.2188 362.5783 -19.1825 0.0000 0.0000
1040.03 15.07.2018 22.20.01 27.10192 286.3500 -294.0797 -0.6506 -0.6506 0.0000 0.0000 0.0000 327.5047 361.4917 -18.4481 0.0000 0.0000
1050.03 15.07.2018 22.30.01 27.00414 286.2241 -299.4928 -0.6626 -0.6626 0.0000 0.0000 0.0000 326.7872 360.4621 -17.8473 0.0000 0.0000
1060.03 15.07.2018 22.40.01 26.90493 286.0989 -302.7605 -0.6698 -0.6698 0.0000 0.0000 0.0000 326.0886 359.4932 -17.3108 0.0000 0.0000
1070.03 15.07.2018 22.50.01 26.80474 285.9748 -305.6824 -0.6763 -0.6763 0.0000 0.0000 0.0000 325.4057 358.5666 -16.8617 0.0000 0.0000
1080.03 15.07.2018 23.00.01 26.70361 285.8491 -308.5968 -0.6827 -0.6827 0.0000 0.0000 0.0000 324.7366 357.6735 -16.4905 0.0000 0.0000
1090.03 15.07.2018 23.10.01 26.60189 285.8165 -309.7092 -0.6852 -0.6852 0.0000 0.0000 0.0000 324.3639 357.4877 -13.7141 0.0000 0.0000
1100.03 15.07.2018 23.20.01 26.50103 286.2831 -303.1207 -0.6706 -0.6706 0.0000 0.0000 0.0000 323.8832 357.3905 -11.1678 0.0000 0.0000
1110.03 15.07.2018 23.30.01 26.40197 286.3026 -301.9322 -0.6680 -0.6680 0.0000 0.0000 0.0000 323.3132 356.5590 -11.8481 0.0000 0.0000
1120.03 15.07.2018 23.40.01 26.30178 286.5568 -305.2122 -0.6752 -0.6752 0.0000 0.0000 0.0000 323.0065 356.6453 -8.8433 0.0000 0.0000
1130.03 15.07.2018 23.50.01 26.20165 285.6126 -304.7726 -0.6743 -0.6743 0.0000 0.0000 0.0000 322.5005 354.8161 -13.6612 0.0000 0.0000
1140.03 16.07.2018 00.00.01 26.09994 285.2164 -315.2525 -0.6975 -0.6975 0.0000 0.0000 0.0000 321.9679 353.0374 -17.4307 0.0000 0.0000
1150.03 16.07.2018 00.10.01 25.99389 285.2271 -327.5687 -0.7247 -0.7247 0.0000 0.0000 0.0000 321.5723 352.4669 -16.1605 0.0000 0.0000
1160.03 16.07.2018 00.20.01 25.88528 285.2369 -331.0630 -0.7324 -0.7324 0.0000 0.0000 0.0000 321.2730 351.9866 -15.0386 0.0000 0.0000
1170.03 16.07.2018 00.30.01 25.77633 285.2559 -330.2084 -0.7306 -0.7306 0.0000 0.0000 0.0000 321.0066 351.5670 -14.0144 0.0000 0.0000
1180.03 16.07.2018 00.40.01 25.66808 285.2786 -328.4198 -0.7266 -0.7266 0.0000 0.0000 0.0000 320.7556 351.1984 -13.0497 0.0000 0.0000
1190.03 16.07.2018 00.50.01 25.56045 285.3027 -326.3109 -0.7219 -0.7219 0.0000 0.0000 0.0000 320.4591 350.8250 -12.2744 0.0000 0.0000
1200.03 16.07.2018 01.00.01 25.45330 285.3252 -325.6264 -0.7204 -0.7204 0.0000 0.0000 0.0000 320.1845 350.4503 -11.6748 0.0000 0.0000
1210.03 16.07.2018 01.10.01 25.34615 285.1910 -326.3979 -0.7221 -0.7221 0.0000 0.0000 0.0000 319.8067 349.9786 -11.5764 0.0000 0.0000
1220.03 16.07.2018 01.20.01 25.23834 285.0574 -328.1766 -0.7261 -0.7261 0.0000 0.0000 0.0000 319.4355 349.4369 -11.7277 0.0000 0.0000
1230.03 16.07.2018 01.30.01 25.12972 284.9259 -332.0687 -0.7347 -0.7347 0.0000 0.0000 0.0000 319.0406 348.8623 -11.9407 0.0000 0.0000
1240.03 16.07.2018 01.40.01 25.01971 284.8174 -335.9449 -0.7432 -0.7432 0.0000 0.0000 0.0000 318.6476 348.4203 -11.5981 0.0000 0.0000
1250.03 16.07.2018 01.50.01 24.90872 284.7022 -338.2584 -0.7484 -0.7484 0.0000 0.0000 0.0000 318.2642 347.9721 -11.3457 0.0000 0.0000
1260.03 16.07.2018 02.00.01 24.79702 284.5807 -339.8805 -0.7519 -0.7520 0.0000 0.0006 0.0003 317.8676 347.5059 -11.1854 0.0000 0.0000
1270.03 16.07.2018 02.10.01 24.68530 284.5746 -336.7963 -0.7451 -0.7531 0.0106 0.3411 0.1846 317.5564 347.4150 -9.8251 0.0000 0.0000
1280.03 16.07.2018 02.20.01 24.57452 284.8595 -331.5737 -0.7336 -0.7511 0.0234 0.7317 0.3972 317.1169 347.3712 -8.3586 0.0000 0.0000
1290.03 16.07.2018 02.30.01 24.46502 285.0431 -330.6235 -0.7315 -0.7588 0.0365 1.1296 0.6140 316.7711 347.1425 -7.9317 0.0000 0.0000
1300.03 16.07.2018 02.40.01 24.35522 285.2126 -330.7766 -0.7318 -0.7691 0.0497 1.5290 0.8316 316.5457 347.2912 -6.0725 0.0000 0.0000
1310.03 16.07.2018 02.50.01 24.24636 284.1805 -325.8633 -0.7209 -0.7681 0.0629 1.9287 1.0494 316.0417 345.8895 -10.5155 0.0000 0.0000
1320.03 16.07.2018 03.00.01 24.13708 283.9740 -335.1941 -0.7416 -0.7987 0.0762 2.3315 1.2688 315.6460 344.7468 -13.0972 0.0000 0.0000
1330.03 16.07.2018 03.10.01 24.02407 284.1574 -326.3733 -0.7221 -0.8322 0.1468 4.5825 2.4884 315.5295 344.6958 -11.9691 0.0000 0.0000
1340.03 16.07.2018 03.20.01 23.91375 284.3457 -313.6621 -0.6939 -0.8661 0.2295 7.1053 3.8619 315.5661 344.8292 -11.0245 0.0000 0.0000
1350.03 16.07.2018 03.30.01 23.80740 284.5366 -301.7223 -0.6675 -0.9031 0.3140 9.6681 5.2581 315.6700 345.0722 -10.1876 0.0000 0.0000
1360.03 16.07.2018 03.40.01 23.70474 284.7284 -291.0193 -0.6438 -0.9430 0.3989 12.2390 6.6588 315.8145 345.3958 -9.4535 0.0000 0.0000
1370.03 16.07.2018 03.50.01 23.60543 284.9197 -281.3295 -0.6224 -0.9853 0.4839 14.8112 8.0603 315.9901 345.7890 -8.7956 0.0000 0.0000
1380.03 16.07.2018 04.00.01 23.50915 285.1145 -272.4709 -0.6028 -1.0294 0.5688 17.3832 9.4617 316.1929 346.2413 -8.2005 0.0000 0.0000
1390.03 16.07.2018 04.10.01 23.41595 285.9258 -263.4501 -0.5829 -1.0675 0.6462 19.7112 10.7311 317.8402 347.9343 -4.1350 0.0000 0.0000
1400.03 16.07.2018 04.20.01 23.32729 286.9085 -246.0655 -0.5444 -1.0859 0.7220 22.0033 11.9801 319.5701 349.7065 -0.5821 0.0000 0.0000
1410.03 16.07.2018 04.30.01 23.24450 287.7185 -229.9011 -0.5086 -1.1068 0.7975 24.2901 13.2261 321.2840 351.3872 2.3308 0.0000 0.0000
1420.03 16.07.2018 04.40.01 23.16641 288.4959 -216.7756 -0.4796 -1.1344 0.8730 26.5759 14.4715 323.0712 353.1355 3.8796 0.0000 0.0000
1430.03 16.07.2018 04.50.01 23.09252 289.1141 -204.7174 -0.4529 -1.1643 0.9485 73.1826 39.9983 324.8479 358.0581 1.6273 0.0000 0.0000
1440.03 16.07.2018 05.00.01 23.02258 289.9407 -168.2091 -0.3721 -1.1955 1.0978 82.3140 44.9406 327.1429 361.6246 2.7566 0.0000 0.0000
1450.03 16.07.2018 05.10.01 22.96249 290.5791 -160.1219 -0.3543 -1.2519 1.1969 296.3667 161.4200 329.0258 378.8275 -16.5450 0.0000 0.0000
1460.03 16.07.2018 05.20.01 22.90618 291.3761 -12.7045 -0.0281 -1.3049 1.7024 504.7440 274.1876 333.4557 401.1553 -44.0180 0.0000 0.0000
1470.03 16.07.2018 05.30.01 22.88604 292.2791 125.9769 0.2787 -1.5044 2.3774 702.0132 380.1870 339.4711 427.3189 -70.2085 0.0000 0.0000
1480.03 16.07.2018 05.40.01 22.90157 293.1961 245.7789 0.5438 -1.8208 3.1527 648.6817 350.4737 346.5080 437.8239 -80.5271 0.0000 0.0000
1490.03 16.07.2018 05.50.01 22.94845 293.9986 121.6436 0.2691 -2.2188 3.3172 585.7017 315.4324 349.8162 441.6752 -84.0090 0.0000 0.0000
1500.03 16.07.2018 06.00.01 22.97054 294.6742 27.3081 0.0604 -2.4268 3.3163 618.4071 337.9240 351.9442 457.1528 -101.4765 0.0000 0.0000
1510.03 16.07.2018 06.10.01 22.97354 295.1232 -11.7616 -0.0260 -2.4931 3.2895 579.1919 315.5729 353.5744 459.2817 -99.7611 0.0000 0.0000
1520.03 16.07.2018 06.20.01 22.96957 295.4953 5.4288 0.0120 -2.4910 3.3373 542.6758 294.7849 355.4355 460.5124 -97.4712 0.0000 0.0000
1530.03 16.07.2018 06.30.01 22.97170 295.8507 17.5593 0.0388 -2.4815 3.3605 506.9801 274.5069 357.1060 460.5904 -94.5545 0.0000 0.0000
1540.03 16.07.2018 06.40.01 22.97924 296.2042 46.4708 0.1028 -2.4551 3.4105 480.5551 259.3055 358.7699 460.6453 -91.1340 0.0000 0.0000
1550.03 16.07.2018 06.50.01 22.99627 296.5570 75.9308 0.1680 -2.4292 3.4630 467.6253 252.1991 360.4609 462.0119 -89.4422 0.0000 0.0000
1560.03 16.07.2018 07.00.01 23.02291 296.9145 102.8518 0.2275 -2.4039 3.5086 459.0714 247.7230 362.1004 463.6439 -88.0914 0.0000 0.0000
1570.03 16.07.2018 07.10.01 23.05853 297.2251 123.4818 0.2732 -2.3773 3.5340 454.4825 245.3586 363.8824 465.3366 -86.9087 0.0000 0.0000
1580.03 16.07.2018 07.20.01 23.10150 297.5364 155.0557 0.3430 -2.3447 3.5837 450.0952 243.0968 365.7394 467.1155 -85.3372 0.0000 0.0000
1590.03 16.07.2018 07.30.01 23.15411 297.8450 180.1337 0.3985 -2.3212 3.6263 445.2798 240.5833 367.5845 468.8010 -83.4299 0.0000 0.0000
1600.03 16.07.2018 07.40.01 23.21478 298.1656 211.2065 0.4673 -2.3009 3.6909 442.6147 239.2167 369.4688 470.8067 -80.9299 0.0000 0.0000
1610.03 16.07.2018 07.50.01 23.28466 298.4895 228.6104 0.5058 -2.2937 3.7326 439.2171 237.4280 371.4032 472.8202 -78.1820 0.0000 0.0000
1620.03 16.07.2018 08.00.01 23.36031 298.8144 243.5981 0.5389 -2.2846 3.7647 435.1200 235.2267 373.3238 474.7283 -75.5072 0.0000 0.0000
1630.03 16.07.2018 08.10.01 23.44128 299.0854 267.3908 0.5916 -2.2730 3.8195 431.6284 233.3632 374.8646 476.2125 -74.9192 0.0000 0.0000
1640.03 16.07.2018 08.20.01 23.52941 299.3628 280.0601 0.6196 -2.2680 3.8502 427.3632 231.0536 376.2625 477.4931 -74.1208 0.0000 0.0000
1650.03 16.07.2018 08.30.01 23.62222 299.6404 303.5556 0.6716 -2.2596 3.9082 423.4580 228.9392 377.6532 478.7245 -73.4263 0.0000 0.0000
1660.03 16.07.2018 08.40.01 23.72177 299.8895 312.8756 0.6922 -2.2627 3.9398 420.1779 227.1301 378.9762 480.1835 -71.0282 0.0000 0.0000
1670.03 16.07.2018 08.50.01 23.82440 300.1189 326.3277 0.7220 -2.2626 3.9794 416.8618 225.2932 380.3105 481.5644 -69.3116 0.0000 0.0000
1680.03 16.07.2018 09.00.01 23.93151 300.3755 343.7718 0.7606 -2.2670 4.0368 413.4864 223.4075 381.6374 482.8735 -67.9242 0.0000 0.0000
1690.03 16.07.2018 09.10.01 24.04376 300.5881 381.5392 0.8441 -2.2789 4.1641 410.5454 221.7635 382.8938 483.8295 -68.2235 0.0000 0.0000
1700.03 16.07.2018 09.20.01 24.16570 300.7378 412.0389 0.9116 -2.3229 4.3126 407.9298 220.2989 384.1349 484.5940 -68.9764 0.0000 0.0000
1710.03 16.07.2018 09.30.01 24.29577 300.8068 435.8467 0.9643 -2.3903 4.4727 405.3628 218.8546 385.1807 484.6783 -72.4806 0.0000 0.0000
1720.03 16.07.2018 09.40.01 24.43243 300.8535 461.8073 1.0217 -2.4728 4.6593 404.6623 218.4173 386.4149 485.0010 -74.6033 0.0000 0.0000
1730.03 16.07.2018 09.50.01 24.57638 300.9064 510.1293 1.1286 -2.5727 4.9350 405.9009 219.0764 387.9435 485.5446 -77.0524 0.0000 0.0000
1740.03 16.07.2018 10.00.01 24.73251 300.9703 517.0312 1.1439 -2.7143 5.1442 405.2745 218.6674 389.3816 485.7584 -79.1255 0.0000 0.0000
1750.03 16.07.2018 10.10.01 24.89166 301.3357 565.3607 1.2508 -2.8525 5.4711 400.8090 216.2854 391.2880 486.4899 -76.3525 0.0000 0.0000
1760.03 16.07.2018 10.20.01 25.06252 301.6654 555.5573 1.2291 -3.0365 5.6875 386.3306 207.9789 392.9655 485.2347 -74.1143 0.0000 0.0000
1770.03 16.07.2018 10.30.01 25.23162 301.7475 513.9713 1.1371 -3.2004 5.7833 377.2970 203.0302 394.0021 484.3070 -74.0442 0.0000 0.0000
1780.03 16.07.2018 10.40.01 25.39214 301.7951 551.7925 1.2208 -3.3085 6.0390 334.5235 177.5962 395.6352 478.7325 -65.1823 0.0000 0.0000
1790.03 16.07.2018 10.50.01 25.56249 301.7347 537.9323 1.1901 -3.4491 6.1857 331.3546 176.0072 397.1016 478.5890 -63.8372 0.0000 0.0000
1800.03 16.07.2018 11.00.01 25.73031 301.7021 537.4420 1.1890 -3.5690 6.3440 328.5273 174.6134 398.5246 478.6006 -63.3522 0.0000 0.0000
1810.03 16.07.2018 11.10.01 25.89770 302.1604 463.1141 1.0246 -3.6831 6.2769 327.7813 174.0643 399.7430 481.1308 -50.5824 0.0000 0.0000
1820.03 16.07.2018 11.20.01 26.04788 302.2178 427.4707 0.9457 -3.7092 6.2066 326.8592 173.4120 400.7235 481.1933 -54.9434 0.0000 0.0000
1830.03 16.07.2018 11.30.01 26.19003 302.0985 414.7704 0.9176 -3.6949 6.1501 326.2027 172.9085 401.2632 480.0102 -63.7154 0.0000 0.0000
1840.03 16.07.2018 11.40.01 26.32873 302.1602 422.1947 0.9341 -3.6761 6.1468 327.0213 173.2203 403.0481 480.8598 -59.4794 0.0000 0.0000
1850.03 16.07.2018 11.50.01 26.46758 301.5010 402.2825 0.8900 -3.6843 6.0990 326.7535 172.9138 404.5273 478.6986 -71.2434 0.0000 0.0000
1860.03 16.07.2018 12.00.01 26.60027 301.4067 367.9442 0.8140 -3.6806 5.9929 325.0486 171.7901 404.0423 476.0245 -79.0100 0.0000 0.0000
1870.03 16.07.2018 12.10.01 26.72549 301.4367 453.0504 1.0023 -3.6403 6.1902 323.5833 171.1902 404.3593 475.1446 -81.6738 0.0000 0.0000
1880.03 16.07.2018 12.20.01 26.87136 301.4897 645.9019 1.4290 -3.7043 6.8443 323.2296 170.9126 404.2325 474.2859 -83.4160 0.0000 0.0000
1890.03 16.07.2018 12.30.01 27.06371 301.5350 914.6947 2.0237 -3.9900 8.0182 326.9747 172.7021 403.8528 473.8070 -85.5452 0.0000 0.0000
1900.03 16.07.2018 12.40.01 27.32000 301.5820 1022.6803 2.2626 -4.5698 9.1099 330.5338 174.3893 403.3431 473.4338 -86.5469 0.0000 0.0000
1910.03 16.07.2018 12.50.01 27.60284 301.6301 1020.8895 2.2586 -5.2531 10.0156 331.0639 174.3996 402.3923 472.7018 -86.7016 0.0000 0.0000
1920.03 16.07.2018 13.00.01 27.88668 301.6830 1034.9171 2.2896 -5.9188 10.9446 333.5239 175.5508 401.6451 472.2476 -87.3124 0.0000 0.0000
1930.03 16.07.2018 13.10.01 28.17458 301.6514 1009.1747 2.2327 -6.5889 11.7621 334.7539 176.4498 401.6163 472.5471 -86.6800 0.0000 0.0000
1940.03 16.07.2018 13.20.01 28.45635 301.6133 866.2445 1.9165 -7.2190 12.1806 329.8647 173.9782 400.9740 472.0445 -84.7920 0.0000 0.0000
1950.03 16.07.2018 13.30.01 28.70455 301.5778 774.0135 1.7124 -7.6838 12.5283 326.2901 172.3488 400.5188 471.7147 -83.4525 0.0000 0.0000
1960.03 16.07.2018 13.40.01 28.93026 301.5437 655.6099 1.4505 -8.0458 12.6617 320.9325 169.8177 400.0214 471.2125 -81.7477 0.0000 0.0000
1970.03 16.07.2018 13.50.01 29.12713 301.5091 531.8700 1.1767 -8.2789 12.6075 314.2695 166.6451 399.4706 470.5514 -79.8246 0.0000 0.0000
1980.03 16.07.2018 14.00.01 29.29345 301.4732 392.2963 0.8679 -8.3807 12.3315 305.5120 162.3824 398.8032 469.6118 -77.4699 0.0000 0.0000
1990.03 16.07.2018 14.10.01 29.42620 301.4145 394.8492 0.8736 -8.3417 12.2871 298.2920 158.5047 397.6995 467.7371 -77.3874 0.0000 0.0000
2000.03 16.07.2018 14.20.01 29.55776 301.3547 375.8651 0.8316 -8.3224 12.2053 291.3943 154.8486 396.5502 465.8539 -77.1104 0.0000 0.0000
2010.03 16.07.2018 14.30.01 29.68350 301.2958 342.4479 0.7576 -8.2966 12.0723 284.3563 151.1470 395.4416 463.9567 -76.4618 0.0000 0.0000
2020.03 16.07.2018 14.40.01 29.80007 301.2376 279.6788 0.6188 -8.2458 11.8194 275.7318 146.5997 394.2350 461.9199 -75.0116 0.0000 0.0000
2030.03 16.07.2018 14.50.01 29.90072 301.1807 234.6813 0.5192 -8.1375 11.5423 265.9494 141.3761 393.1276 459.8005 -73.0643 0.0000 0.0000
2040.03 16.07.2018 15.00.01 29.98928 301.1222 181.9683 0.4026 -7.9921 11.1929 254.9832 135.4958 392.0341 457.5762 -70.6726 0.0000 0.0000
2050.03 16.07.2018 15.10.01 30.06515 301.1012 373.3967 0.8261 -7.8069 11.5106 250.9122 132.7860 390.5190 455.9089 -67.2503 0.0000 0.0000
2060.03 16.07.2018 15.20.01 30.18521 301.0796 496.2567 1.0979 -7.8503 11.9310 243.1734 127.7981 389.3413 454.1777 -62.6492 0.0000 0.0000
2070.03 16.07.2018 15.30.01 30.33376 301.0587 567.2156 1.2549 -8.0366 12.3886 240.5230 125.8349 388.2611 452.9868 -60.2639 0.0000 0.0000
2080.03 16.07.2018 15.40.01 30.49920 301.0378 631.8018 1.3978 -8.3024 12.9336 238.2992 123.9889 387.1032 451.9222 -57.5761 0.0000 0.0000
2090.03 16.07.2018 15.50.01 30.68002 301.0168 684.5563 1.5145 -8.6396 13.5388 236.9447 122.6192 386.0397 451.0521 -55.3864 0.0000 0.0000
2100.03 16.07.2018 16.00.01 30.86706 300.9992 -432.8507 -0.9576 -9.0335 10.7678 226.4844 118.3340 385.0062 449.7662 -52.1753 0.0000 0.0000
2110.03 16.07.2018 16.10.01 30.80053 300.8488 401.2727 0.8878 -8.1686 12.0752 218.3632 112.9472 383.9143 448.2858 -51.0035 0.0000 0.0000
2120.03 16.07.2018 16.20.01 30.92095 300.6971 193.3096 0.4277 -8.2987 11.6352 211.4187 109.5850 382.6668 446.8966 -50.6164 0.0000 0.0000
2130.03 16.07.2018 16.30.01 30.99215 300.5455 77.1741 0.1707 -8.2015 11.1629 200.2564 103.7163 381.3580 444.9393 -48.9481 0.0000 0.0000
2140.03 16.07.2018 16.40.01 31.03439 300.3911 -28.1725 -0.0623 -7.9924 10.5734 184.7182 95.3651 379.9816 442.4790 -45.9404 0.0000 0.0000
2150.03 16.07.2018 16.50.01 31.04989 300.2360 -103.3983 -0.2288 -7.6871 9.9445 174.8837 90.4659 378.5349 440.4831 -44.2253 0.0000 0.0000
2160.03 16.07.2018 17.00.01 31.04559 300.0812 -164.8575 -0.3647 -7.3229 9.2775 170.9321 89.1249 377.0861 439.0616 -43.9352 0.0000 0.0000
2170.03 16.07.2018 17.10.01 31.02487 299.8633 -159.9114 -0.3538 -6.9163 8.7500 162.8290 85.0652 375.7585 437.0294 -42.3583 0.0000 0.0000
2180.03 16.07.2018 17.20.01 31.00067 299.6443 -578.3194 -1.2795 -6.5436 7.0188 151.3701 79.9001 374.4698 434.8209 -40.2757 0.0000 0.0000
2190.03 16.07.2018 17.30.01 30.87872 299.4249 -370.9953 -0.8208 -5.7251 6.5391 142.8498 75.5543 373.1665 432.7038 -38.4555 0.0000 0.0000
2200.03 16.07.2018 17.40.01 30.80511 299.2054 356.1790 0.7880 -5.1826 7.9608 137.4887 71.7654 371.8849 430.7165 -36.9758 0.0000 0.0000
2210.03 16.07.2018 17.50.01 30.89514 298.9858 -67.3230 -0.1489 -5.4854 7.1153 125.6067 65.7745 370.5727 428.3213 -34.5559 0.0000 0.0000
2220.03 16.07.2018 18.00.01 30.88696 298.7643 -278.8604 -0.6169 -5.3023 6.2472 112.6368 59.1478 369.2565 425.7583 -31.7763 0.0000 0.0000
2230.03 16.07.2018 18.10.01 30.82800 298.3833 -355.0182 -0.7854 -4.8990 5.4848 99.3333 52.1974 367.7090 422.8730 -28.8871 0.0000 0.0000
2240.03 16.07.2018 18.20.01 30.74874 298.0055 -410.1044 -0.9073 -4.4394 4.7095 86.5370 45.5609 366.0985 419.9806 -26.1650 0.0000 0.0000
2250.03 16.07.2018 18.30.01 30.65399 297.6434 -448.7535 -0.9928 -3.9464 3.9382 76.8799 40.8053 364.5494 417.4242 -24.2369 0.0000 0.0000
2260.03 16.07.2018 18.40.01 30.54717 297.2529 -604.3881 -1.3371 -3.4382 2.8014 57.3958 30.6160 362.9735 413.9477 -20.5836 0.0000 0.0000
2270.03 16.07.2018 18.50.01 30.40176 296.8640 -675.2569 -1.4939 -2.7813 1.7165 36.8439 19.7470 361.3117 410.1175 -16.7591 0.0000 0.0000
2280.03 16.07.2018 19.00.01 30.23699 296.4749 -719.0477 -1.5908 -2.0764 0.6475 15.8250 8.5848 359.6444 406.0496 -12.9532 0.0000 0.0000
2290.03 16.07.2018 19.10.01 30.06097 295.7105 -441.4717 -0.9767 -1.3574 0.5076 12.6065 6.8193 358.0940 402.8271 -13.1993 0.0000 0.0000
2300.03 16.07.2018 19.20.01 29.94662 294.9447 -304.7794 -0.6743 -0.9883 0.4187 10.4169 5.6326 356.6689 399.9226 -13.9436 0.0000 0.0000
2310.03 16.07.2018 19.30.01 29.86251 294.1961 -244.3950 -0.5407 -0.7949 0.3390 8.4035 4.5448 355.2862 397.1602 -14.7891 0.0000 0.0000
2320.03 16.07.2018 19.40.01 29.79128 293.4454 -231.8369 -0.5129 -0.6846 0.2289 5.7354 3.1075 353.9360 394.4260 -15.5541 0.0000 0.0000
2330.03 16.07.2018 19.50.01 29.72201 292.6965 -230.5995 -0.5102 -0.6005 0.1205 3.0376 1.6513 352.6196 391.7607 -16.3200 0.0000 0.0000
2340.03 16.07.2018 20.00.01 29.65203 291.9579 -234.3589 -0.5185 -0.5294 0.0146 0.3246 0.1838 351.3067 389.1686 -17.0288 0.0000 0.0000
2350.03 16.07.2018 20.10.01 29.58047 291.8078 -209.1664 -0.4628 -0.4646 0.0025 0.0555 0.0314 352.3564 387.6533 -16.9891 0.0000 0.0000
2360.03 16.07.2018 20.20.01 29.51422 291.6467 -196.3045 -0.4343 -0.4346 0.0005 0.0103 0.0058 353.5641 386.2969 -17.4252 0.0000 0.0000
2370.03 16.07.2018 20.30.01 29.45065 291.4892 -190.8949 -0.4223 -0.4224 0.0001 0.0018 0.0010 354.8058 385.0753 -18.0087 0.0000 0.0000
2380.03 16.07.2018 20.40.01 29.38827 291.3638 -189.4807 -0.4192 -0.4192 0.0000 0.0003 0.0002 356.1029 384.1650 -17.9636 0.0000 0.0000
2390.03 16.07.2018 20.50.01 29.32601 291.2457 -188.1810 -0.4163 -0.4163 0.0000 0.0001 0.0000 357.4188 383.3954 -18.0168 0.0000 0.0000
2400.03 16.07.2018 21.00.01 29.26397 291.1218 -187.8696 -0.4156 -0.4156 0.0000 0.0000 0.0000 358.7314 382.7181 -18.2236 0.0000 0.0000
2410.03 16.07.2018 21.10.01 29.20172 291.5258 -189.0700 -0.4183 -0.4183 0.0000 0.0000 0.0000 358.6953 382.4610 -16.1760 0.0000 0.0000
2420.03 16.07.2018 21.20.01 29.13873 291.9482 -193.8981 -0.4290 -0.4290 0.0000 0.0000 0.0000 358.7690 382.4030 -13.8510 0.0000 0.0000
2430.03 16.07.2018 21.30.01 29.07397 292.3831 -199.3917 -0.4411 -0.4411 0.0000 0.0000 0.0000 358.8858 382.5609 -11.2031 0.0000 0.0000
2440.03 16.07.2018 21.40.01 29.00753 292.8248 -204.2852 -0.4520 -0.4520 0.0000 0.0000 0.0000 359.0628 382.9269 -8.3116 0.0000 0.0000
2450.03 16.07.2018 21.50.01 28.93960 293.2727 -207.8589 -0.4599 -0.4599 0.0000 0.0000 0.0000 359.2828 383.4852 -5.1831 0.0000 0.0000
2460.03 16.07.2018 22.00.01 28.87094 293.7202 -210.0145 -0.4646 -0.4646 0.0000 0.0000 0.0000 359.5547 384.2111 -1.9177 0.0000 0.0000
2470.03 16.07.2018 22.10.01 28.80148 293.3980 -210.5819 -0.4659 -0.4659 0.0000 0.0000 0.0000 359.8854 383.9542 -3.8945 0.0000 0.0000
2480.03 16.07.2018 22.20.01 28.73190 293.3358 -210.8939 -0.4666 -0.4666 0.0000 0.0000 0.0000 360.1971 384.2283 -2.8594 0.0000 0.0000
2490.03 16.07.2018 22.30.01 28.66253 292.9580 -211.3327 -0.4676 -0.4676 0.0000 0.0000 0.0000 359.9871 383.3398 -5.6318 0.0000 0.0000
2500.03 16.07.2018 22.40.01 28.59167 292.6412 -218.7538 -0.4840 -0.4840 0.0000 0.0000 0.0000 360.0597 383.0986 -5.6417 0.0000 0.0000
2510.03 16.07.2018 22.50.01 28.51934 292.1422 -221.0295 -0.4890 -0.4890 0.0000 0.0000 0.0000 360.3096 382.2406 -8.3622 0.0000 0.0000
2520.03 16.07.2018 23.00.01 28.44518 291.7351 -231.4347 -0.5120 -0.5120 0.0000 0.0000 0.0000 360.1657 380.9496 -12.1111 0.0000 0.0000
2530.03 16.07.2018 23.10.01 28.36651 291.6422 -245.3377 -0.5428 -0.5428 0.0000 0.0000 0.0000 359.9332 380.3688 -12.0497 0.0000 0.0000
2540.03 16.07.2018 23.20.01 28.28466 291.5497 -250.4659 -0.5541 -0.5541 0.0000 0.0000 0.0000 359.8259 379.8530 -12.0522 0.0000 0.0000
2550.03 16.07.2018 23.30.01 28.20226 291.4481 -250.9594 -0.5552 -0.5552 0.0000 0.0000 0.0000 359.7586 379.3581 -12.1452 0.0000 0.0000
2560.03 16.07.2018 23.40.01 28.11996 291.3479 -248.8357 -0.5505 -0.5505 0.0000 0.0000 0.0000 359.7262 378.9093 -12.1865 0.0000 0.0000
2570.03 16.07.2018 23.50.01 28.03857 291.2472 -245.9960 -0.5442 -0.5442 0.0000 0.0000 0.0000 359.7145 378.4809 -12.2684 0.0000 0.0000
2580.03 17.07.2018 00.00.01 27.95818 291.1495 -242.9857 -0.5376 -0.5376 0.0000 0.0000 0.0000 359.7081 378.0662 -12.3828 0.0000 0.0000
2590.03 17.07.2018 00.10.01 27.87884 291.2305 -239.3206 -0.5295 -0.5295 0.0000 0.0000 0.0000 359.4808 377.8943 -11.3994 0.0000 0.0000
2600.03 17.07.2018 00.20.01 27.80087 291.3131 -234.6893 -0.5192 -0.5192 0.0000 0.0000 0.0000 359.2771 377.6709 -10.8321 0.0000 0.0000
2610.03 17.07.2018 00.30.01 27.72411 291.3934 -232.2366 -0.5138 -0.5138 0.0000 0.0000 0.0000 359.0686 377.4091 -10.4990 0.0000 0.0000
2620.03 17.07.2018 00.40.01 27.64767 291.4728 -232.4944 -0.5144 -0.5144 0.0000 0.0000 0.0000 358.8099 377.1972 -9.9969 0.0000 0.0000
2630.03 17.07.2018 00.50.01 27.57076 291.5500 -234.2493 -0.5183 -0.5183 0.0000 0.0000 0.0000 358.5782 377.2862 -8.5097 0.0000 0.0000
2640.03 17.07.2018 01.00.01 27.49340 291.6265 -235.1875 -0.5203 -0.5203 0.0000 0.0000 0.0000 358.3585 377.1998 -7.8447 0.0000 0.0000
2650.03 17.07.2018 01.10.01 27.41561 291.6518 -236.2150 -0.5226 -0.5226 0.0000 0.0000 0.0000 357.6797 377.4608 -5.8740 0.0000 0.0000
2660.03 17.07.2018 01.20.01 27.33779 291.6720 -237.0963 -0.5245 -0.5245 0.0000 0.0000 0.0000 356.9471 377.1321 -6.0364 0.0000 0.0000
2670.03 17.07.2018 01.30.01 27.25939 291.4988 -239.8781 -0.5307 -0.5307 0.0000 0.0000 0.0000 355.8309 376.3052 -7.4224 0.0000 0.0000
2680.03 17.07.2018 01.40.01 27.17990 291.3869 -240.7898 -0.5327 -0.5327 0.0000 0.0000 0.0000 355.0619 376.2994 -5.4547 0.0000 0.0000
2690.03 17.07.2018 01.50.01 27.10153 291.1451 -237.5532 -0.5256 -0.5256 0.0000 0.0000 0.0000 354.2587 375.4255 -7.3482 0.0000 0.0000
2700.03 17.07.2018 02.00.01 27.02215 291.0445 -246.2439 -0.5448 -0.5448 0.0000 0.0007 0.0004 353.0286 374.3758 -9.0021 0.0000 0.0000
2710.03 17.07.2018 02.10.01 26.93929 290.7278 -251.6069 -0.5567 -0.5658 0.0122 0.3936 0.2130 349.9536 373.3052 -9.0060 0.0000 0.0000
2720.03 17.07.2018 02.20.01 26.85552 290.4124 -252.0392 -0.5576 -0.5778 0.0270 0.8443 0.4583 346.8875 372.0331 -9.5535 0.0000 0.0000
2730.03 17.07.2018 02.30.01 26.77142 290.0973 -253.3718 -0.5606 -0.5921 0.0421 1.3035 0.7085 343.7669 370.5450 -10.5012 0.0000 0.0000
2740.03 17.07.2018 02.40.01 26.68670 289.8009 -255.4795 -0.5652 -0.6082 0.0573 1.7644 0.9596 340.7652 369.2543 -10.2849 0.0000 0.0000
2750.03 17.07.2018 02.50.01 26.60180 289.5289 -254.6098 -0.5633 -0.6177 0.0726 2.2255 1.2109 337.7948 367.9765 -9.8870 0.0000 0.0000
2760.03 17.07.2018 03.00.01 26.51760 289.2749 -251.1973 -0.5557 -0.6217 0.0879 2.6909 1.4644 334.7408 366.7698 -9.0469 0.0000 0.0000
2770.03 17.07.2018 03.10.01 26.43459 289.2778 -221.9153 -0.4910 -0.6260 0.1801 5.6321 3.0577 334.4734 366.4553 -7.8634 0.0000 0.0000
2780.03 17.07.2018 03.20.01 26.35891 289.3201 -199.7620 -0.4420 -0.6583 0.2884 8.9377 4.8574 334.4089 366.4159 -7.0208 0.0000 0.0000
2790.03 17.07.2018 03.30.01 26.28903 289.3896 -185.6102 -0.4106 -0.7101 0.3992 12.2967 6.6873 334.3949 366.5065 -6.4432 0.0000 0.0000
2800.03 17.07.2018 03.40.01 26.22268 289.4063 -177.3328 -0.3923 -0.7752 0.5105 15.6667 8.5234 334.4209 366.6327 -6.2479 0.0000 0.0000
2810.03 17.07.2018 03.50.01 26.15841 289.4094 -172.7032 -0.3821 -0.8485 0.6219 19.0384 10.3606 334.4819 366.8128 -6.2358 0.0000 0.0000
2820.03 17.07.2018 04.00.01 26.09536 289.4220 -169.9480 -0.3760 -0.9260 0.7333 22.4122 12.1988 334.5723 367.0721 -6.2523 0.0000 0.0000
2830.03 17.07.2018 04.10.01 26.03320 289.8045 -156.0419 -0.3452 -1.0029 0.8769 26.8235 14.5985 334.7295 367.8012 -5.0614 0.0000 0.0000
2840.03 17.07.2018 04.20.01 25.97485 290.1747 -143.4588 -0.3174 -1.0879 1.0273 31.3875 17.0846 335.0034 368.7028 -3.9873 0.0000 0.0000
2850.03 17.07.2018 04.30.01 25.92016 290.5265 -132.9388 -0.2941 -1.1781 1.1787 35.9739 19.5835 335.3372 369.6992 -3.0860 0.0000 0.0000
2860.03 17.07.2018 04.40.01 25.86868 290.8687 -123.8943 -0.2741 -1.2719 1.3303 40.5647 22.0848 335.7206 370.7813 -2.3079 0.0000 0.0000
2870.03 17.07.2018 04.50.01 25.82009 291.2027 -115.8134 -0.2562 -1.3677 1.4820 65.0682 35.4943 336.1393 373.3826 -3.5153 0.0000 0.0000
2880.03 17.07.2018 05.00.01 25.77410 291.5579 -96.8013 -0.2142 -1.4641 1.6666 73.5667 40.1108 336.7916 375.3739 -4.0094 0.0000 0.0000
2890.03 17.07.2018 05.10.01 25.73312 291.8912 -109.2322 -0.2417 -1.5732 1.7754 226.0147 123.0810 337.9325 387.3910 -17.8658 0.0000 0.0000
2900.03 17.07.2018 05.20.01 25.69061 292.3285 -15.5768 -0.0345 -1.6581 2.1648 374.3041 203.3442 340.9402 403.1303 -36.4596 0.0000 0.0000
2910.03 17.07.2018 05.30.01 25.67138 292.7895 77.2439 0.1709 -1.8339 2.6730 514.7496 278.8273 344.9921 420.6120 -57.6730 0.0000 0.0000
2920.03 17.07.2018 05.40.01 25.67599 293.2524 157.7893 0.3491 -2.0897 3.2517 495.1539 267.5963 349.7751 428.6342 -67.4224 0.0000 0.0000
2930.03 17.07.2018 05.50.01 25.70138 293.6455 82.1033 0.1816 -2.4036 3.4470 468.5084 252.4248 352.2539 432.4729 -72.7506 0.0000 0.0000
2940.03 17.07.2018 06.00.01 25.71169 294.0212 25.4840 0.0564 -2.6005 3.5425 516.5827 282.1598 354.0552 447.4104 -84.9989 0.0000 0.0000
2950.03 17.07.2018 06.10.01 25.71093 294.2827 14.0030 0.0310 -2.7085 3.6527 492.5915 268.3349 355.8357 450.1771 -86.5749 0.0000 0.0000
2960.03 17.07.2018 06.20.01 25.70925 294.5095 24.2557 0.0537 -2.7815 3.7802 469.5786 255.0838 357.5798 451.8935 -87.3802 0.0000 0.0000
2970.03 17.07.2018 06.30.01 25.71194 294.7324 30.3032 0.0670 -2.8420 3.8787 446.7371 241.9572 359.1214 452.6742 -87.0924 0.0000 0.0000
2980.03 17.07.2018 06.40.01 25.71823 294.9503 52.4285 0.1160 -2.8830 3.9987 429.4831 231.8928 360.6820 453.2581 -86.4631 0.0000 0.0000
2990.03 17.07.2018 06.50.01 25.73196 295.1696 74.0612 0.1639 -2.9219 4.1143 423.7801 228.7624 362.1885 454.8230 -87.5861 0.0000 0.0000
3000.03 17.07.2018 07.00.01 25.75308 295.3926 95.3987 0.2111 -2.9572 4.2243 420.9224 227.3430 363.6531 456.4559 -88.8355 0.0000 0.0000
3010.03 17.07.2018 07.10.01 25.78137 295.6079 96.1712 0.2128 -2.9893 4.2695 420.3761 227.1463 364.7915 457.6457 -91.9127 0.0000 0.0000
3020.03 17.07.2018 07.20.01 25.81194 295.8160 112.3949 0.2487 -2.9966 4.3271 419.8357 226.9438 365.9294 458.6868 -94.2999 0.0000 0.0000
3030.03 17.07.2018 07.30.01 25.84844 296.0221 127.6209 0.2823 -3.0003 4.3769 418.9059 226.5132 366.9861 459.4696 -96.5587 0.0000 0.0000
3040.03 17.07.2018 07.40.01 25.89028 296.2257 149.9715 0.3318 -2.9999 4.4422 418.8396 226.5388 368.0565 460.2778 -98.2203 0.0000 0.0000
3050.03 17.07.2018 07.50.01 25.93902 296.4282 164.9301 0.3649 -3.0053 4.4936 418.2780 226.2777 369.0796 460.9522 -99.2832 0.0000 0.0000
3060.03 17.07.2018 08.00.01 25.99273 296.6308 177.5981 0.3929 -3.0092 4.5361 417.0904 225.6475 370.0530 461.4484 -100.3016 0.0000 0.0000
3070.03 17.07.2018 08.10.01 26.05062 296.7585 171.4775 0.3794 -3.0107 4.5201 416.7252 225.4564 370.9947 461.7723 -101.5528 0.0000 0.0000
3080.03 17.07.2018 08.20.01 26.10833 296.8840 167.1348 0.3698 -2.9919 4.4822 415.6378 224.8484 371.8127 461.7962 -103.5446 0.0000 0.0000
3090.03 17.07.2018 08.30.01 26.16607 297.0091 177.9534 0.3937 -2.9566 4.4671 414.8083 224.3779 372.6869 461.8912 -105.2436 0.0000 0.0000
3100.03 17.07.2018 08.40.01 26.22720 297.1382 183.8288 0.4067 -2.9234 4.4401 413.6913 223.7330 373.4802 462.0045 -105.2851 0.0000 0.0000
3110.03 17.07.2018 08.50.01 26.29049 297.2646 189.9427 0.4202 -2.8872 4.4100 412.2749 222.9109 374.2259 461.9294 -106.4496 0.0000 0.0000
3120.03 17.07.2018 09.00.01 26.35595 297.3896 201.5549 0.4459 -2.8495 4.3939 410.6670 221.9647 375.0256 461.8931 -107.3756 0.0000 0.0000
3130.03 17.07.2018 09.10.01 26.42565 297.3883 374.5285 0.8286 -2.8176 4.8616 401.4420 217.0378 376.3020 461.4655 -107.4677 0.0000 0.0000
3140.03 17.07.2018 09.20.01 26.53640 297.3752 451.4193 0.9987 -2.9742 5.2973 391.5829 211.7546 377.3772 460.6860 -106.2313 0.0000 0.0000
3150.03 17.07.2018 09.30.01 26.66628 297.3698 497.5745 1.1008 -3.2036 5.7393 381.9412 206.5966 378.4508 459.7443 -105.4115 0.0000 0.0000
3160.03 17.07.2018 09.40.01 26.80822 297.3608 523.6040 1.1584 -3.4712 6.1728 376.1745 203.5103 379.2197 458.5194 -106.3974 0.0000 0.0000
3170.03 17.07.2018 09.50.01 26.95748 297.3244 565.7665 1.2517 -3.7558 6.6767 372.2180 201.4572 380.2677 456.0971 -117.5459 0.0000 0.0000
3180.03 17.07.2018 10.00.01 27.11740 297.3173 570.5740 1.2623 -4.0768 7.1188 366.9155 198.6426 381.4743 453.9867 -121.8439 0.0000 0.0000
3190.03 17.07.2018 10.10.01 27.27871 297.3827 442.1758 0.9783 -4.3910 7.1590 359.5808 194.6681 382.0210 452.4753 -118.7907 0.0000 0.0000
3200.03 17.07.2018 10.20.01 27.41088 297.4476 367.8618 0.8139 -4.5501 7.1520 346.5880 187.3346 382.4193 450.2226 -115.3562 0.0000 0.0000
3210.03 17.07.2018 10.30.01 27.52569 297.5064 304.9439 0.6747 -4.6236 7.0643 336.7469 181.9528 382.5039 448.5838 -112.1217 0.0000 0.0000
3220.03 17.07.2018 10.40.01 27.62563 297.5717 307.6842 0.6807 -4.6284 7.0788 306.4078 164.1218 382.8579 443.4884 -106.4518 0.0000 0.0000
3230.03 17.07.2018 10.50.01 27.72616 297.6295 285.5916 0.6318 -4.6387 7.0273 300.2475 160.8480 383.0656 442.1271 -103.7060 0.0000 0.0000
3240.03 17.07.2018 11.00.01 27.82122 297.6949 274.2379 0.6067 -4.6309 6.9834 294.3116 157.7019 383.2625 440.9952 -101.2453 0.0000 0.0000
3250.03 17.07.2018 11.10.01 27.91290 297.8125 289.2520 0.6399 -4.6158 7.0076 297.4918 159.2765 383.7455 440.5036 -100.0334 0.0000 0.0000
3260.03 17.07.2018 11.20.01 28.00793 297.9342 313.9916 0.6947 -4.6233 7.0907 301.9186 161.5547 384.5452 440.3722 -100.3317 0.0000 0.0000
3270.03 17.07.2018 11.30.01 28.10839 298.0577 330.0953 0.7303 -4.6632 7.1913 306.6857 164.0238 385.4599 440.4662 -101.0059 0.0000 0.0000
3280.03 17.07.2018 11.40.01 28.21255 298.1798 352.8357 0.7806 -4.7254 7.3413 312.6576 167.1661 386.5746 440.8729 -102.3141 0.0000 0.0000
3290.03 17.07.2018 11.50.01 28.32171 298.3057 344.7298 0.7627 -4.8154 7.4375 317.3340 169.5719 387.5305 441.3325 -103.2330 0.0000 0.0000
3300.03 17.07.2018 12.00.01 28.42867 298.4279 330.4995 0.7312 -4.8994 7.5074 321.3208 171.5853 388.3178 441.8304 -104.0416 0.0000 0.0000
3310.03 17.07.2018 12.10.01 28.53231 298.4031 394.9464 0.8738 -4.9754 7.7989 320.5666 171.5046 389.6998 442.3598 -106.7676 0.0000 0.0000
3320.03 17.07.2018 12.20.01 28.65081 298.3770 480.6499 1.0634 -5.1336 8.2626 318.2639 170.3649 390.3803 442.5219 -107.7581 0.0000 0.0000
3330.03 17.07.2018 12.30.01 28.78951 298.3441 598.9587 1.3251 -5.3952 8.9605 317.7235 170.1059 390.7929 442.7305 -108.6931 0.0000 0.0000
3340.03 17.07.2018 12.40.01 28.95577 298.3081 612.7321 1.3556 -5.7905 9.5281 316.4885 169.4929 391.0724 442.7941 -109.1383 0.0000 0.0000
3350.03 17.07.2018 12.50.01 29.12524 298.2715 556.9503 1.2322 -6.1962 9.9045 312.8389 167.5756 390.9758 442.5492 -108.6273 0.0000 0.0000
3360.03 17.07.2018 13.00.01 29.28167 298.2357 514.4020 1.1381 -6.5367 10.2329 310.1328 166.2599 391.0973 442.3808 -108.3922 0.0000 0.0000
3370.03 17.07.2018 13.10.01 29.42782 298.1467 465.1257 1.0290 -6.8293 10.4778 306.8069 164.1875 390.3591 441.2761 -108.5702 0.0000 0.0000
3380.03 17.07.2018 13.20.01 29.56198 298.0543 446.1574 0.9871 -7.0720 10.7454 303.8493 162.3190 389.4788 440.1105 -108.8635 0.0000 0.0000
3390.03 17.07.2018 13.30.01 29.69119 297.9608 455.1486 1.0070 -7.3006 11.0768 302.1222 161.1406 388.7124 439.0422 -109.3308 0.0000 0.0000
3400.03 17.07.2018 13.40.01 29.82208 297.8671 461.3664 1.0207 -7.5457 11.4219 300.6319 160.0703 387.9465 438.0076 -109.4938 0.0000 0.0000
3410.03 17.07.2018 13.50.01 29.95400 297.7755 466.2012 1.0314 -7.8020 11.7779 299.2460 159.0543 387.1750 437.0310 -109.4926 0.0000 0.0000
3420.03 17.07.2018 14.00.01 30.08672 297.6835 456.5107 1.0100 -8.0674 12.1032 297.1210 157.6178 386.3007 436.0284 -109.0681 0.0000 0.0000
3430.03 17.07.2018 14.10.01 30.21746 297.5646 543.2103 1.2018 -8.3274 12.7056 297.7703 157.4018 384.0799 435.0345 -108.3464 0.0000 0.0000
3440.03 17.07.2018 14.20.01 30.36852 297.4453 610.0103 1.3496 -8.6885 13.3842 299.2558 157.6301 381.7712 434.1022 -107.8881 0.0000 0.0000
3450.03 17.07.2018 14.30.01 30.53558 297.3255 666.2543 1.4740 -9.1262 14.1336 301.4484 158.2291 379.4149 433.1971 -107.7939 0.0000 0.0000
3460.03 17.07.2018 14.40.01 30.71621 297.2062 718.4269 1.5894 -9.6255 14.9533 303.8159 158.8081 376.9104 432.2533 -107.5296 0.0000 0.0000
3470.03 17.07.2018 14.50.01 30.90966 297.0873 786.3814 1.7398 -10.1811 15.8945 304.6210 158.3579 374.5759 431.1503 -107.0382 0.0000 0.0000
3480.03 17.07.2018 15.00.01 31.11959 296.9650 828.0457 1.8320 -10.8082 16.8536 302.6489 156.2290 372.2405 429.7576 -105.7853 0.0000 0.0000
3490.03 17.07.2018 15.10.01 31.33819 296.7778 537.8792 1.1900 -11.4643 16.8723 295.9471 152.6035 370.6455 428.3999 -105.1859 0.0000 0.0000
3500.03 17.07.2018 15.20.01 31.48757 296.5930 375.6567 0.8311 -11.7961 16.8363 278.3431 142.4782 369.0501 425.9024 -100.7115 0.0000 0.0000
3510.03 17.07.2018 15.30.01 31.59799 296.4057 268.8141 0.5947 -11.9568 16.7353 270.8096 138.4442 367.4284 424.2622 -98.8672 0.0000 0.0000
3520.03 17.07.2018 15.40.01 31.68157 296.2182 152.0313 0.3364 -12.0128 16.4656 260.7053 133.0134 365.5131 422.3811 -95.9101 0.0000 0.0000
3530.03 17.07.2018 15.50.01 31.73620 296.0293 82.7893 0.1832 -11.9566 16.1864 251.4469 128.0973 363.5994 420.5159 -93.0582 0.0000 0.0000
3540.03 17.07.2018 16.00.01 31.76489 295.8449 -1389.9115 -3.0750 -11.8446 11.6927 231.0723 119.6910 361.8069 418.2251 -88.1932 0.0000 0.0000
3550.03 17.07.2018 16.10.01 31.45489 295.5911 -697.0435 -1.5421 -10.0976 11.4073 222.3642 115.0612 359.7126 416.1356 -85.5687 0.0000 0.0000
3560.03 17.07.2018 16.20.01 31.30264 295.3371 294.0799 0.6506 -9.2215 13.1628 222.2857 114.0693 357.7080 414.6614 -84.4470 0.0000 0.0000
3570.03 17.07.2018 16.30.01 31.37493 295.0850 54.3467 0.1202 -9.5032 12.8313 214.3349 109.9287 355.7565 412.7089 -81.9951 0.0000 0.0000
3580.03 17.07.2018 16.40.01 31.39172 294.8305 -99.5576 -0.2203 -9.5059 12.3808 201.0378 102.7220 353.7925 410.3174 -77.9120 0.0000 0.0000
3590.03 17.07.2018 16.50.01 31.37182 294.5757 -194.5815 -0.4305 -9.3448 11.8858 195.3427 100.1101 351.7783 408.5016 -76.2431 0.0000 0.0000
3600.03 17.07.2018 17.00.01 31.32812 294.3214 -264.5171 -0.5852 -9.0936 11.3445 197.6155 102.3139 349.7849 407.4084 -77.1197 0.0000 0.0000
3610.03 17.07.2018 17.10.01 31.26608 294.0525 -348.0671 -0.7701 -8.7843 10.6857 188.3535 97.7781 348.0945 405.4854 -74.6343 0.0000 0.0000
3620.03 17.07.2018 17.20.01 31.17959 293.7815 -947.4495 -2.0961 -8.4036 8.4099 173.9202 91.3595 346.3917 403.3128 -70.9591 0.0000 0.0000
3630.03 17.07.2018 17.30.01 30.95385 293.5102 -694.0085 -1.5354 -7.3723 7.7825 163.2149 85.9343 344.6439 401.2117 -67.6729 0.0000 0.0000
3640.03 17.07.2018 17.40.01 30.78762 293.2387 238.8559 0.5284 -6.6762 9.6062 155.6729 80.6943 342.9232 399.1768 -64.6129 0.0000 0.0000
3650.03 17.07.2018 17.50.01 30.83154 292.9665 -323.7037 -0.7162 -7.0606 8.4592 140.6819 73.2261 341.1600 396.8230 -60.2958 0.0000 0.0000
3660.03 17.07.2018 18.00.01 30.74536 292.6937 -602.1036 -1.3321 -6.7960 7.2852 123.6776 64.5699 339.3928 394.2536 -55.2147 0.0000 0.0000
3670.03 17.07.2018 18.10.01 30.59301 292.3715 -641.2924 -1.4188 -6.2352 6.4219 109.5342 57.2172 338.0877 391.8863 -49.9128 0.0000 0.0000
3680.03 17.07.2018 18.20.01 30.42913 292.0524 -673.7744 -1.4907 -5.6581 5.5566 96.3789 50.4589 336.8427 389.6866 -45.0745 0.0000 0.0000
3690.03 17.07.2018 18.30.01 30.25536 291.7345 -698.8201 -1.5461 -5.0695 4.6979 88.0316 46.5808 335.6651 387.9066 -42.0102 0.0000 0.0000
3700.03 17.07.2018 18.40.01 30.07290 291.4174 -874.3026 -1.9343 -4.4769 3.3901 66.1809 35.1669 334.5237 385.1820 -35.7473 0.0000 0.0000
3710.03 17.07.2018 18.50.01 29.84753 291.0979 -948.4085 -2.0983 -3.7092 2.1479 43.6510 23.2961 333.3289 382.1820 -29.3775 0.0000 0.0000
3720.03 17.07.2018 19.00.01 29.60235 290.7782 -991.9301 -2.1945 -2.8878 0.9243 20.5580 11.0723 332.1211 378.9357 -23.1337 0.0000 0.0000
3730.03 17.07.2018 19.10.01 29.34628 290.3789 -670.8284 -1.4841 -2.0491 0.7532 17.0309 9.1568 330.7597 376.5112 -21.7982 0.0000 0.0000
3740.03 17.07.2018 19.20.01 29.16259 289.9833 -510.3099 -1.1290 -1.6068 0.6371 14.4970 7.7957 329.5317 374.3474 -21.1301 0.0000 0.0000
3750.03 17.07.2018 19.30.01 29.01513 289.5876 -435.5983 -0.9637 -1.3616 0.5305 12.1189 6.5210 328.3479 372.2779 -20.6714 0.0000 0.0000
3760.03 17.07.2018 19.40.01 28.88427 289.1931 -426.3892 -0.9433 -1.2098 0.3552 8.2614 4.4555 327.1884 370.1693 -20.0596 0.0000 0.0000
3770.03 17.07.2018 19.50.01 28.75506 288.7972 -424.0703 -0.9382 -1.0755 0.1831 4.3314 2.3442 326.0298 368.0609 -19.5501 0.0000 0.0000
3780.03 17.07.2018 20.00.01 28.62560 288.4016 -424.5785 -0.9393 -0.9516 0.0164 0.3642 0.2061 324.8777 365.9775 -19.0410 0.0000 0.0000
3790.03 17.07.2018 20.10.01 28.49560 287.9995 -376.8542 -0.8337 -0.8360 0.0030 0.0659 0.0373 323.8515 364.2991 -18.7661 0.0000 0.0000
3800.03 17.07.2018 20.20.01 28.37618 287.6003 -353.2870 -0.7816 -0.7820 0.0005 0.0118 0.0067 322.8878 362.7483 -18.7219 0.0000 0.0000
3810.03 17.07.2018 20.30.01 28.26177 287.2069 -343.6887 -0.7604 -0.7604 0.0001 0.0021 0.0012 321.9669 361.3085 -18.6570 0.0000 0.0000
3820.03 17.07.2018 20.40.01 28.14913 286.8125 -340.9915 -0.7544 -0.7544 0.0000 0.0004 0.0002 321.0793 359.9430 -18.6169 0.0000 0.0000
3830.03 17.07.2018 20.50.01 28.03655 286.4252 -341.3947 -0.7553 -0.7553 0.0000 0.0001 0.0000 320.2120 358.6214 -18.6820 0.0000 0.0000
3840.03 17.07.2018 21.00.01 27.92370 286.0375 -344.2127 -0.7615 -0.7615 0.0000 0.0000 0.0000 319.3797 357.3765 -18.6552 0.0000 0.0000
3850.03 17.07.2018 21.10.01 27.81017 285.8709 -346.2007 -0.7659 -0.7659 0.0000 0.0000 0.0000 318.9532 356.5993 -17.2436 0.0000 0.0000
3860.03 17.07.2018 21.20.01 27.69665 285.7491 -344.1794 -0.7615 -0.7615 0.0000 0.0000 0.0000 318.6171 355.9635 -15.8558 0.0000 0.0000
3870.03 17.07.2018 21.30.01 27.58404 285.7567 -340.3539 -0.7530 -0.7530 0.0000 0.0000 0.0000 318.4170 355.5300 -14.2370 0.0000 0.0000
3880.03 17.07.2018 21.40.01 27.47271 285.7666 -337.6293 -0.7470 -0.7470 0.0000 0.0000 0.0000 318.1283 354.9955 -13.3695 0.0000 0.0000
3890.03 17.07.2018 21.50.01 27.36172 285.7550 -338.0581 -0.7479 -0.7479 0.0000 0.0000 0.0000 317.8313 354.5002 -12.4463 0.0000 0.0000
3900.03 17.07.2018 22.00.01 27.25002 285.8401 -339.3621 -0.7508 -0.7508 0.0000 0.0000 0.0000 317.5491 354.1101 -11.2819 0.0000 0.0000
3910.03 17.07.2018 22.10.01 27.13793 285.7535 -341.5288 -0.7556 -0.7556 0.0000 0.0000 0.0000 317.1942 353.5485 -10.9497 0.0000 0.0000
3920.03 17.07.2018 22.20.01 27.02514 285.6543 -343.9882 -0.7610 -0.7610 0.0000 0.0000 0.0000 316.8355 352.9765 -10.7085 0.0000 0.0000
3930.03 17.07.2018 22.30.01 26.91158 285.5559 -346.5390 -0.7667 -0.7667 0.0000 0.0000 0.0000 316.4811 352.4106 -10.4965 0.0000 0.0000
3940.03 17.07.2018 22.40.01 26.79714 285.5268 -348.7676 -0.7716 -0.7716 0.0000 0.0000 0.0000 316.1383 351.9229 -10.0280 0.0000 0.0000
3950.03 17.07.2018 22.50.01 26.68191 285.5085 -350.2121 -0.7748 -0.7748 0.0000 0.0000 0.0000 315.8027 351.4628 -9.5418 0.0000 0.0000
3960.03 17.07.2018 23.00.01 26.56655 285.4888 -351.8365 -0.7784 -0.7784 0.0000 0.0000 0.0000 315.4692 351.0182 -9.0762 0.0000 0.0000
3970.03 17.07.2018 23.10.01 26.45037 285.6694 -352.2541 -0.7793 -0.7793 0.0000 0.0000 0.0000 315.0974 350.7354 -8.0008 0.0000 0.0000
3980.03 17.07.2018 23.20.01 26.33410 284.8164 -353.5229 -0.7821 -0.7821 0.0000 0.0000 0.0000 314.5974 349.5240 -10.7917 0.0000 0.0000
3990.03 17.07.2018 23.30.01 26.21716 284.6132 -357.6061 -0.7912 -0.7912 0.0000 0.0000 0.0000 314.1253 348.8193 -11.0334 0.0000 0.0000
4000.03 17.07.2018 23.40.01 26.09884 284.4761 -361.1299 -0.7990 -0.7990 0.0000 0.0000 0.0000 313.6921 348.1265 -11.3274 0.0000 0.0000
4010.03 17.07.2018 23.50.01 25.97933 284.2779 -364.8019 -0.8071 -0.8071 0.0000 0.0000 0.0000 313.2602 347.3761 -11.7916 0.0000 0.0000
4020.03 18.07.2018 00.00.01 25.85873 284.0570 -367.7399 -0.8136 -0.8136 0.0000 0.0000 0.0000 312.8243 346.5880 -12.3460 0.0000 0.0000
4030.03 18.07.2018 00.10.01 25.73754 284.2494 -368.3397 -0.8149 -0.8149 0.0000 0.0000 0.0000 312.5302 346.4878 -10.3370 0.0000 0.0000
4040.03 18.07.2018 00.20.01 25.61703 284.1971 -364.3363 -0.8061 -0.8061 0.0000 0.0000 0.0000 312.1896 346.0773 -9.7645 0.0000 0.0000
4050.03 18.07.2018 00.30.01 25.49777 284.0778 -362.2713 -0.8015 -0.8015 0.0000 0.0000 0.0000 311.8881 345.4798 -10.1020 0.0000 0.0000
4060.03 18.07.2018 00.40.01 25.37869 283.9800 -363.0720 -0.8033 -0.8033 0.0000 0.0000 0.0000 311.5991 344.9639 -10.0887 0.0000 0.0000
4070.03 18.07.2018 00.50.01 25.25894 283.8873 -363.0930 -0.8033 -0.8033 0.0000 0.0000 0.0000 311.2802 344.4335 -10.0966 0.0000 0.0000
4080.03 18.07.2018 01.00.01 25.13928 283.8104 -363.1210 -0.8034 -0.8034 0.0000 0.0000 0.0000 310.9809 343.9383 -10.0440 0.0000 0.0000
4090.03 18.07.2018 01.10.01 25.01956 283.7772 -363.1722 -0.8035 -0.8035 0.0000 0.0000 0.0000 310.6370 343.4655 -9.9391 0.0000 0.0000
4100.03 18.07.2018 01.20.01 24.89962 283.6795 -364.7487 -0.8070 -0.8070 0.0000 0.0000 0.0000 310.2801 342.9238 -10.0774 0.0000 0.0000
4110.03 18.07.2018 01.30.01 24.77911 283.5935 -367.0590 -0.8121 -0.8121 0.0000 0.0000 0.0000 309.8855 342.3855 -10.1359 0.0000 0.0000
4120.03 18.07.2018 01.40.01 24.65786 283.5595 -369.0978 -0.8166 -0.8166 0.0000 0.0000 0.0000 309.5107 341.9511 -9.8241 0.0000 0.0000
4130.03 18.07.2018 01.50.01 24.53610 283.5036 -370.2922 -0.8192 -0.8192 0.0000 0.0000 0.0000 309.1520 341.5044 -9.6695 0.0000 0.0000
4140.03 18.07.2018 02.00.01 24.41421 283.4400 -371.4518 -0.8218 -0.8218 0.0000 0.0005 0.0002 308.7686 341.0311 -9.6112 0.0000 0.0000
4150.03 18.07.2018 02.10.01 24.29180 283.4943 -368.5962 -0.8155 -0.8218 0.0084 0.2712 0.1467 308.5714 340.7069 -9.1045 0.0000 0.0000
4160.03 18.07.2018 02.20.01 24.17007 283.5343 -365.5592 -0.8088 -0.8227 0.0186 0.5816 0.3157 308.4113 340.3954 -8.7294 0.0000 0.0000
4170.03 18.07.2018 02.30.01 24.04931 283.5634 -363.0626 -0.8032 -0.8250 0.0290 0.8979 0.4881 308.2727 340.1001 -8.4150 0.0000 0.0000
4180.03 18.07.2018 02.40.01 23.92941 283.5777 -360.7853 -0.7982 -0.8278 0.0395 1.2154 0.6610 308.1554 339.8111 -8.1686 0.0000 0.0000
4190.03 18.07.2018 02.50.01 23.81042 283.6110 -358.3750 -0.7929 -0.8304 0.0500 1.5331 0.8341 308.0540 339.5720 -7.8429 0.0000 0.0000
4200.03 18.07.2018 03.00.01 23.69235 283.6580 -355.8758 -0.7873 -0.8328 0.0606 1.8548 1.0094 307.9619 339.3758 -7.4507 0.0000 0.0000
4210.03 18.07.2018 03.10.01 23.57531 283.9652 -327.3366 -0.7242 -0.8324 0.1442 4.5303 2.4583 308.2600 339.7967 -5.9717 0.0000 0.0000
4220.03 18.07.2018 03.20.01 23.46572 284.2753 -303.8185 -0.6722 -0.8546 0.2433 7.5521 4.1035 308.7040 340.3928 -4.7524 0.0000 0.0000
4230.03 18.07.2018 03.30.01 23.36251 284.5867 -286.7874 -0.6345 -0.8929 0.3446 10.6248 5.7775 309.2081 341.0917 -3.6834 0.0000 0.0000
4240.03 18.07.2018 03.40.01 23.26422 284.9108 -273.5669 -0.6052 -0.9400 0.4464 13.7079 7.4572 309.7585 341.8900 -2.6795 0.0000 0.0000
4250.03 18.07.2018 03.50.01 23.16992 285.2391 -262.4332 -0.5806 -0.9918 0.5483 16.7926 9.1380 310.3600 342.7668 -1.7664 0.0000 0.0000
4260.03 18.07.2018 04.00.01 23.07903 285.5703 -252.3170 -0.5582 -1.0459 0.6502 19.8781 10.8192 310.9961 343.7095 -0.9329 0.0000 0.0000
4270.03 18.07.2018 04.10.01 22.99142 285.9099 -240.3947 -0.5318 -1.1016 0.7597 23.2078 12.6324 312.1282 344.8162 -0.3081 0.0000 0.0000
4280.03 18.07.2018 04.20.01 22.90746 286.2492 -229.1168 -0.5069 -1.1600 0.8707 26.5733 14.4661 313.3157 345.9889 0.1818 0.0000 0.0000
4290.03 18.07.2018 04.30.01 22.82708 286.5846 -218.6501 -0.4837 -1.2203 0.9821 29.9442 16.3027 314.5341 347.2093 0.5685 0.0000 0.0000
4300.03 18.07.2018 04.40.01 22.75009 286.9199 -208.6344 -0.4616 -1.2817 1.0934 33.3161 18.1399 315.7754 348.4755 0.8840 0.0000 0.0000
4310.03 18.07.2018 04.50.01 22.67629 287.2551 -198.7074 -0.4396 -1.3432 1.2048 73.2141 39.9837 317.0338 352.5113 -1.5726 0.0000 0.0000
4320.03 18.07.2018 05.00.01 22.60589 287.6518 -168.2572 -0.3723 -1.4045 1.3764 82.5147 45.0233 318.6649 355.2771 -2.5257 0.0000 0.0000
4330.03 18.07.2018 05.10.01 22.54351 288.1253 -166.6098 -0.3686 -1.4879 1.4924 279.9090 152.4188 320.3171 371.6709 -16.4149 0.0000 0.0000
4340.03 18.07.2018 05.20.01 22.48345 288.8338 -33.9448 -0.0751 -1.5582 1.9775 471.9296 256.3115 324.2799 393.2325 -35.9509 0.0000 0.0000
4350.03 18.07.2018 05.30.01 22.45638 289.5867 93.9932 0.2079 -1.7555 2.6179 653.6751 353.9445 329.5695 417.5239 -59.3605 0.0000 0.0000
4360.03 18.07.2018 05.40.01 22.46243 290.3731 198.1402 0.4384 -2.0593 3.3302 604.9581 326.7968 335.9225 427.7964 -66.9643 0.0000 0.0000
4370.03 18.07.2018 05.50.01 22.49572 290.8224 93.6953 0.2073 -2.4350 3.5231 548.3343 295.2969 339.2451 431.8938 -69.9487 0.0000 0.0000
4380.03 18.07.2018 06.00.01 22.50799 291.1746 5.3284 0.0118 -2.6516 3.5512 578.9044 316.2355 341.4703 447.9859 -81.4802 0.0000 0.0000
4390.03 18.07.2018 06.10.01 22.50225 291.5634 -15.4203 -0.0341 -2.7367 3.6034 541.3152 294.8454 342.9971 449.8627 -82.4291 0.0000 0.0000
4400.03 18.07.2018 06.20.01 22.49404 291.9085 -0.2892 -0.0006 -2.7698 3.6922 506.2486 274.9411 344.5072 450.7191 -82.4825 0.0000 0.0000
4410.03 18.07.2018 06.30.01 22.49209 292.2436 31.6922 0.0701 -2.7905 3.8141 473.2559 256.2556 346.0755 450.6215 -81.6389 0.0000 0.0000
4420.03 18.07.2018 06.40.01 22.50030 292.5906 62.0462 0.1373 -2.8130 3.9337 450.1414 242.9610 347.5785 450.5367 -80.2081 0.0000 0.0000
4430.03 18.07.2018 06.50.01 22.51858 292.9151 95.0210 0.2102 -2.8347 4.0599 440.7481 237.8940 349.1075 451.7239 -80.6713 0.0000 0.0000
4440.03 18.07.2018 07.00.01 22.54739 293.2406 125.0207 0.2766 -2.8584 4.1800 433.5143 234.1278 350.6002 452.8594 -81.1316 0.0000 0.0000
4450.03 18.07.2018 07.10.01 22.58633 293.4968 196.6007 0.4350 -2.8824 4.4232 424.8228 229.5917 352.0426 453.4952 -81.4652 0.0000 0.0000
4460.03 18.07.2018 07.20.01 22.64474 293.7511 247.3124 0.5472 -2.9554 4.6700 415.8576 224.8887 353.4111 453.6140 -81.9683 0.0000 0.0000
4470.03 18.07.2018 07.30.01 22.71774 293.9987 281.7755 0.6234 -3.0547 4.9042 406.3410 219.8637 354.6741 453.3938 -82.1374 0.0000 0.0000
4480.03 18.07.2018 07.40.01 22.80129 294.2611 315.4176 0.6978 -3.1638 5.1489 402.2091 217.7161 355.7999 453.4300 -82.0881 0.0000 0.0000
4490.03 18.07.2018 07.50.01 22.89495 294.4996 345.4911 0.7644 -3.2847 5.3988 398.0149 215.5271 357.0462 453.4866 -82.1113 0.0000 0.0000
4500.03 18.07.2018 08.00.01 22.99774 294.7569 366.9632 0.8119 -3.4157 5.6368 393.1661 212.9557 358.2863 453.5064 -81.6872 0.0000 0.0000
4510.03 18.07.2018 08.10.01 23.10766 294.8770 417.0147 0.9226 -3.5496 5.9629 377.3626 204.5236 359.5602 452.7202 -80.2686 0.0000 0.0000
4520.03 18.07.2018 08.20.01 23.23074 294.9901 427.3691 0.9455 -3.7217 6.2230 360.0074 195.2103 360.5262 451.3276 -78.0442 0.0000 0.0000
4530.03 18.07.2018 08.30.01 23.35766 295.1111 439.7253 0.9728 -3.8879 6.4810 342.5719 185.8499 361.3939 449.7387 -75.3893 0.0000 0.0000
4540.03 18.07.2018 08.40.01 23.48873 295.2194 445.4219 0.9854 -4.0532 6.7182 330.6493 179.4332 362.1578 448.3540 -72.8262 0.0000 0.0000
4550.03 18.07.2018 08.50.01 23.62234 295.3317 461.6817 1.0214 -4.2119 6.9777 319.2655 173.3230 362.9708 447.1089 -70.3683 0.0000 0.0000
4560.03 18.07.2018 09.00.01 23.76077 295.4551 476.3217 1.0538 -4.3772 7.2413 307.9982 167.2783 363.7678 445.8896 -67.8588 0.0000 0.0000
4570.03 18.07.2018 09.10.01 23.90316 295.5575 425.8695 0.9422 -4.5487 7.3211 306.2643 166.3097 364.8072 445.7975 -63.3786 0.0000 0.0000
4580.03 18.07.2018 09.20.01 24.03457 295.6347 420.3459 0.9300 -4.6549 7.4465 305.5221 165.9015 365.9931 446.1207 -60.4397 0.0000 0.0000
4590.03 18.07.2018 09.30.01 24.16509 295.6736 430.8177 0.9531 -4.7500 7.6042 305.4902 165.8952 367.2436 446.5487 -58.8706 0.0000 0.0000
4600.03 18.07.2018 09.40.01 24.29849 295.7091 436.7735 0.9663 -4.8529 7.7590 306.2271 166.2973 368.6608 447.0163 -58.3371 0.0000 0.0000
4610.03 18.07.2018 09.50.01 24.43371 295.7702 449.3260 0.9941 -4.9574 7.9353 307.4701 166.9869 370.1353 447.4970 -58.8140 0.0000 0.0000
4620.03 18.07.2018 10.00.01 24.57229 295.8584 450.9227 0.9976 -5.0706 8.0909 308.2057 167.3868 371.5419 447.9080 -59.6645 0.0000 0.0000
4630.03 18.07.2018 10.10.01 24.71182 295.9421 466.7567 1.0326 -5.1800 8.2835 316.3199 171.7354 373.5947 448.0137 -65.9299 0.0000 0.0000
4640.03 18.07.2018 10.20.01 24.85555 296.0363 491.5334 1.0875 -5.3014 8.5184 322.9937 175.1879 375.8118 447.9460 -72.4751 0.0000 0.0000
4650.03 18.07.2018 10.30.01 25.00561 296.1311 497.9234 1.1016 -5.4441 8.7276 331.2112 179.5860 377.9422 448.1311 -79.1935 0.0000 0.0000
4660.03 18.07.2018 10.40.01 25.15792 296.2547 522.8745 1.1568 -5.5878 8.9928 326.6108 176.2586 380.2707 446.6674 -83.0276 0.0000 0.0000
4670.03 18.07.2018 10.50.01 25.31704 296.2955 528.2486 1.1687 -5.7518 9.2273 335.0704 180.7904 382.8712 447.7094 -85.4326 0.0000 0.0000
4680.03 18.07.2018 11.00.01 25.47823 296.4027 531.6987 1.1763 -5.9149 9.4550 343.2971 185.1898 385.2560 447.9928 -92.5240 0.0000 0.0000
4690.03 18.07.2018 11.10.01 25.64025 296.4270 473.1802 1.0469 -6.0766 9.4980 335.0845 181.0474 385.9573 448.4164 -92.0423 0.0000 0.0000
4700.03 18.07.2018 11.20.01 25.78802 296.4274 370.1199 0.8188 -6.1706 9.3193 321.9453 174.1162 385.9294 447.9339 -89.1223 0.0000 0.0000
4710.03 18.07.2018 11.30.01 25.91119 296.4632 308.0712 0.6816 -6.1550 9.1154 308.3897 166.9541 385.5366 447.3130 -85.2084 0.0000 0.0000
4720.03 18.07.2018 11.40.01 26.01864 296.4920 275.9996 0.6106 -6.0795 8.9201 295.7297 160.2695 384.9572 446.5669 -81.1987 0.0000 0.0000
4730.03 18.07.2018 11.50.01 26.11743 296.5642 248.3996 0.5496 -5.9785 8.7041 282.7129 153.3866 384.0640 446.4375 -73.6099 0.0000 0.0000
4740.03 18.07.2018 12.00.01 26.20889 296.6111 228.0202 0.5045 -5.8581 8.4835 269.7303 146.5259 383.1093 445.8783 -67.8533 0.0000 0.0000
4750.03 18.07.2018 12.10.01 26.29424 296.8122 153.1110 0.3387 -5.7226 8.0818 263.5712 142.8899 381.9050 445.6441 -59.6602 0.0000 0.0000
4760.03 18.07.2018 12.20.01 26.36175 297.2559 204.2850 0.4520 -5.5135 7.9540 261.9039 141.7425 381.1905 446.3760 -53.4979 0.0000 0.0000
4770.03 18.07.2018 12.30.01 26.44091 297.8668 289.0350 0.6395 -5.3738 8.0177 261.9177 141.4593 380.6041 447.3847 -49.2692 0.0000 0.0000
4780.03 18.07.2018 12.40.01 26.53985 298.3976 360.5463 0.7977 -5.3354 8.1775 262.7250 141.5759 380.1991 448.6611 -44.8705 0.0000 0.0000
4790.03 18.07.2018 12.50.01 26.65576 298.9751 414.2063 0.9164 -5.3780 8.3925 263.3753 141.5570 379.7707 449.6520 -42.1584 0.0000 0.0000
4800.03 18.07.2018 13.00.01 26.78481 299.5308 482.7313 1.0680 -5.4781 8.7282 265.4531 142.3045 379.4572 450.3705 -41.5622 0.0000 0.0000
4810.03 18.07.2018 13.10.01 26.93005 298.9203 472.5139 1.0454 -5.6526 8.9306 262.0925 140.6048 381.5578 451.4105 -40.5552 0.0000 0.0000
4820.03 18.07.2018 13.20.01 27.07250 298.2351 391.0954 0.8653 -5.8115 8.9023 254.5289 136.5574 383.1215 450.8615 -42.4111 0.0000 0.0000
4830.03 18.07.2018 13.30.01 27.19570 297.6596 337.3051 0.7463 -5.8807 8.8359 247.1802 132.6677 384.4142 449.0048 -49.7109 0.0000 0.0000
4840.03 18.07.2018 13.40.01 27.30496 297.4221 279.1434 0.6176 -5.8989 8.6886 239.1259 128.4178 385.5422 447.6473 -52.2526 0.0000 0.0000
4850.03 18.07.2018 13.50.01 27.39993 297.3484 224.4016 0.4965 -5.8578 8.4723 230.5822 123.9264 386.3956 445.9788 -55.2549 0.0000 0.0000
4860.03 18.07.2018 14.00.01 27.48095 297.3335 164.6208 0.3642 -5.7642 8.1713 221.1991 118.9957 386.7978 443.8681 -58.2697 0.0000 0.0000
4870.03 18.07.2018 14.10.01 27.54638 297.2243 39.1115 0.0865 -5.6118 7.5977 203.9421 109.8194 385.3116 441.6368 -53.9024 0.0000 0.0000
4880.03 18.07.2018 14.20.01 27.58087 297.1377 -69.0690 -0.1528 -5.3316 6.9050 184.9715 99.7049 383.6463 438.9718 -49.3749 0.0000 0.0000
4890.03 18.07.2018 14.30.01 27.58813 297.0525 -150.7552 -0.3335 -4.9478 6.1524 165.5641 89.3735 381.8759 435.9871 -45.2508 0.0000 0.0000
4900.03 18.07.2018 14.40.01 27.57403 296.9690 -234.0501 -0.5178 -4.4940 5.3016 145.0087 78.4566 379.9336 432.9435 -39.6605 0.0000 0.0000
4910.03 18.07.2018 14.50.01 27.53805 296.9097 -302.1931 -0.6686 -3.9707 4.4029 124.0319 67.3229 377.7955 429.5745 -34.3050 0.0000 0.0000
4920.03 18.07.2018 15.00.01 27.48364 296.9153 -365.3295 -0.8083 -3.3974 3.4522 103.1703 56.2965 375.4661 426.1556 -28.5627 0.0000 0.0000
4930.03 18.07.2018 15.10.01 27.41308 296.5751 -172.9012 -0.3825 -2.7952 3.2169 96.9968 52.8736 372.3356 422.5138 -29.3008 0.0000 0.0000
4940.03 18.07.2018 15.20.01 27.38601 296.2991 -57.4241 -0.1270 -2.4408 3.0850 93.1557 50.7723 369.4390 419.2073 -30.3084 0.0000 0.0000
4950.03 18.07.2018 15.30.01 27.38387 296.0449 -6.8690 -0.0152 -2.2412 2.9680 89.6397 48.8548 366.5499 416.0769 -30.7350 0.0000 0.0000
4960.03 18.07.2018 15.40.01 27.39205 295.8144 10.7360 0.0238 -2.1167 2.8539 86.1921 46.9760 363.6449 413.3780 -29.4186 0.0000 0.0000
4970.03 18.07.2018 15.50.01 27.40301 295.6002 11.8133 0.0261 -2.0292 2.7404 82.7558 45.1036 360.7187 410.8110 -27.9575 0.0000 0.0000
4980.03 18.07.2018 16.00.01 27.41277 295.4006 5.5823 0.0124 -1.9587 2.6281 79.3413 43.2424 357.7889 408.3159 -26.4566 0.0000 0.0000
4990.03 18.07.2018 16.10.01 27.42126 295.6510 231.5176 0.5122 -1.8925 3.2063 87.9387 47.4065 357.5187 407.7948 -23.1160 0.0000 0.0000
5000.03 18.07.2018 16.20.01 27.48342 295.9116 489.3654 1.0827 -2.0799 4.2167 99.6039 53.0854 357.8582 408.2193 -21.4303 0.0000 0.0000
5010.03 18.07.2018 16.30.01 27.60668 296.1785 580.9918 1.2854 -2.5466 5.1093 111.0481 58.7203 358.4408 409.0296 -20.5244 0.0000 0.0000
5020.03 18.07.2018 16.40.01 27.75350 296.4467 712.0751 1.5754 -3.0979 6.2310 123.7186 64.7747 359.1661 410.1849 -19.8663 0.0000 0.0000
5030.03 18.07.2018 16.50.01 27.93261 296.7140 797.3271 1.7640 -3.7799 7.3919 139.8751 72.8911 360.0221 412.0876 -20.4434 0.0000 0.0000
5040.03 18.07.2018 17.00.01 28.13339 296.9870 850.8643 1.8824 -4.5390 8.5620 162.6807 84.9919 360.9761 415.1544 -22.7104 0.0000 0.0000
5050.03 18.07.2018 17.10.01 28.34515 296.6641 328.9825 0.7278 -5.3425 8.0937 156.3225 81.9893 360.7627 414.5976 -27.8066 0.0000 0.0000
5060.03 18.07.2018 17.20.01 28.43337 296.3232 -312.7906 -0.6920 -5.5526 6.4808 144.1660 76.3714 359.7665 412.7417 -31.2164 0.0000 0.0000
5070.03 18.07.2018 17.30.01 28.37121 295.9792 -278.7231 -0.6166 -5.0647 5.9307 134.0032 71.1479 358.4401 410.5621 -33.8077 0.0000 0.0000
5080.03 18.07.2018 17.40.01 28.31219 295.6352 -336.5006 -0.7445 -4.6667 5.2296 120.5432 64.1768 356.9840 407.9892 -34.6470 0.0000 0.0000
5090.03 18.07.2018 17.50.01 28.23846 295.2932 48.1821 0.1066 -4.2453 5.8025 110.4771 58.2810 355.4202 405.3946 -35.0334 0.0000 0.0000
5100.03 18.07.2018 18.00.01 28.24853 294.9532 -316.0728 -0.6993 -4.2948 4.7940 94.8833 50.2614 353.8101 402.3806 -33.7251 0.0000 0.0000
5110.03 18.07.2018 18.10.01 28.17303 294.6008 -370.5487 -0.8198 -3.9472 4.1698 82.7655 43.8596 351.6927 399.6365 -30.7258 0.0000 0.0000
5120.03 18.07.2018 18.20.01 28.08227 294.2491 -410.4499 -0.9081 -3.5659 3.5438 71.1142 37.7390 349.6128 396.9134 -27.9098 0.0000 0.0000
5130.03 18.07.2018 18.30.01 27.97997 293.8975 -440.2666 -0.9740 -3.1654 2.9219 61.7651 32.9970 347.5571 394.3312 -25.9024 0.0000 0.0000
5140.03 18.07.2018 18.40.01 27.86816 293.5466 -551.0016 -1.2190 -2.7555 2.0486 45.1583 24.2202 345.5133 391.1967 -22.1007 0.0000 0.0000
5150.03 18.07.2018 18.50.01 27.72851 293.1941 -604.6921 -1.3378 -2.2436 1.2077 28.1475 15.1765 343.4419 387.9059 -18.0631 0.0000 0.0000
5160.03 18.07.2018 19.00.01 27.57406 292.8418 -638.9595 -1.4136 -1.6975 0.3786 10.8189 5.9327 341.3486 384.4909 -13.8865 0.0000 0.0000
5170.03 18.07.2018 19.10.01 27.41079 292.6043 -421.8995 -0.9334 -1.1381 0.2729 8.0689 4.4079 341.2864 382.5013 -11.6727 0.0000 0.0000
5180.03 18.07.2018 19.20.01 27.29672 292.3713 -308.1626 -0.6818 -0.8416 0.2131 6.3396 3.4610 341.5122 380.9084 -10.4413 0.0000 0.0000
5190.03 18.07.2018 19.30.01 27.20870 292.1408 -252.7700 -0.5592 -0.6804 0.1615 4.7927 2.6173 341.8392 379.4886 -9.6645 0.0000 0.0000
5200.03 18.07.2018 19.40.01 27.13339 291.9588 -226.9366 -0.5021 -0.5856 0.1114 3.2788 1.7922 342.2602 378.2625 -8.9897 0.0000 0.0000
5210.03 18.07.2018 19.50.01 27.06384 291.7139 -215.7649 -0.4774 -0.5235 0.0616 1.7707 0.9705 342.7041 377.0534 -8.7926 0.0000 0.0000
5220.03 18.07.2018 20.00.01 26.99655 291.4724 -212.2550 -0.4696 -0.4785 0.0119 0.2658 0.1505 343.1277 375.9127 -8.7269 0.0000 0.0000
5230.03 18.07.2018 20.10.01 26.92977 291.3729 -199.0329 -0.4403 -0.4418 0.0019 0.0427 0.0242 344.9328 375.3733 -8.2613 0.0000 0.0000
5240.03 18.07.2018 20.20.01 26.86602 291.2847 -190.4529 -0.4214 -0.4216 0.0004 0.0082 0.0046 346.8578 375.0063 -8.1846 0.0000 0.0000
5250.03 18.07.2018 20.30.01 26.80416 291.1982 -186.9833 -0.4137 -0.4137 0.0001 0.0014 0.0008 348.8371 374.7380 -8.3726 0.0000 0.0000
5260.03 18.07.2018 20.40.01 26.74279 291.1130 -186.4362 -0.4125 -0.4125 0.0000 0.0003 0.0001 350.8552 374.5573 -8.7316 0.0000 0.0000
5270.03 18.07.2018 20.50.01 26.68136 291.0290 -187.9321 -0.4158 -0.4158 0.0000 0.0000 0.0000 352.9055 374.4466 -9.2429 0.0000 0.0000
5280.03 18.07.2018 21.00.01 26.61910 290.9461 -189.8972 -0.4201 -0.4201 0.0000 0.0000 0.0000 354.9743 374.3940 -9.8764 0.0000 0.0000
5290.03 18.07.2018 21.10.01 26.55609 290.8651 -192.5324 -0.4260 -0.4260 0.0000 0.0000 0.0000 354.7749 374.0946 -10.0438 0.0000 0.0000
5300.03 18.07.2018 21.20.01 26.49206 290.7826 -196.8189 -0.4354 -0.4354 0.0000 0.0000 0.0000 354.4952 373.7428 -10.1167 0.0000 0.0000
5310.03 18.07.2018 21.30.01 26.42651 290.6996 -201.9272 -0.4467 -0.4467 0.0000 0.0000 0.0000 354.2064 373.3782 -10.1550 0.0000 0.0000
5320.03 18.07.2018 21.40.01 26.35925 290.6166 -206.7371 -0.4574 -0.4574 0.0000 0.0000 0.0000 353.9150 373.0060 -10.1701 0.0000 0.0000
5330.03 18.07.2018 21.50.01 26.29043 290.5336 -210.9694 -0.4667 -0.4667 0.0000 0.0000 0.0000 353.6231 372.6307 -10.1637 0.0000 0.0000
5340.03 18.07.2018 22.00.01 26.22033 290.4504 -214.6521 -0.4749 -0.4749 0.0000 0.0000 0.0000 353.3340 372.2542 -10.1427 0.0000 0.0000
5350.03 18.07.2018 22.10.01 26.14913 290.3853 -217.6422 -0.4815 -0.4815 0.0000 0.0000 0.0000 352.4609 371.8161 -9.9109 0.0000 0.0000
5360.03 18.07.2018 22.20.01 26.07699 290.3198 -220.5014 -0.4878 -0.4878 0.0000 0.0000 0.0000 351.5636 371.3508 -9.6524 0.0000 0.0000
5370.03 18.07.2018 22.30.01 26.00393 290.2543 -223.0277 -0.4934 -0.4934 0.0000 0.0000 0.0000 350.6599 370.8742 -9.3632 0.0000 0.0000
5380.03 18.07.2018 22.40.01 25.93008 290.1882 -225.2375 -0.4983 -0.4983 0.0000 0.0000 0.0000 349.7510 370.3867 -9.0626 0.0000 0.0000
5390.03 18.07.2018 22.50.01 25.85555 290.1220 -227.2173 -0.5027 -0.5027 0.0000 0.0000 0.0000 348.8385 369.8922 -8.7423 0.0000 0.0000
5400.03 18.07.2018 23.00.01 25.78048 290.0551 -228.8671 -0.5063 -0.5063 0.0000 0.0000 0.0000 347.9243 369.3893 -8.4237 0.0000 0.0000
5410.03 18.07.2018 23.10.01 25.70480 289.8722 -230.4169 -0.5098 -0.5098 0.0000 0.0000 0.0000 346.8365 368.6988 -8.7031 0.0000 0.0000
5420.03 18.07.2018 23.20.01 25.62853 289.6882 -232.8457 -0.5151 -0.5151 0.0000 0.0000 0.0000 345.7255 367.9925 -8.8528 0.0000 0.0000
5430.03 18.07.2018 23.30.01 25.55151 289.5058 -235.2969 -0.5206 -0.5206 0.0000 0.0000 0.0000 344.6057 367.2668 -8.9541 0.0000 0.0000
5440.03 18.07.2018 23.40.01 25.47369 289.3226 -237.6064 -0.5257 -0.5257 0.0000 0.0000 0.0000 343.4793 366.5092 -9.1071 0.0000 0.0000
5450.03 18.07.2018 23.50.01 25.39504 289.1409 -239.4426 -0.5297 -0.5297 0.0000 0.0000 0.0000 342.3553 365.7578 -9.1440 0.0000 0.0000
5460.03 19.07.2018 00.00.01 25.31585 288.9592 -241.1489 -0.5335 -0.5335 0.0000 0.0000 0.0000 341.2280 364.9971 -9.1532 0.0000 0.0000
5470.03 19.07.2018 00.10.01 25.23620 288.7461 -243.0298 -0.5377 -0.5377 0.0000 0.0000 0.0000 340.3485 364.2276 -9.3595 0.0000 0.0000
5480.03 19.07.2018 00.20.01 25.15582 288.5354 -244.1266 -0.5401 -0.5401 0.0000 0.0000 0.0000 339.4850 363.4641 -9.5523 0.0000 0.0000
5490.03 19.07.2018 00.30.01 25.07525 288.3265 -245.8670 -0.5440 -0.5440 0.0000 0.0000 0.0000 338.6171 362.7022 -9.7133 0.0000 0.0000
5500.03 19.07.2018 00.40.01 24.99392 288.1157 -246.8761 -0.5462 -0.5462 0.0000 0.0000 0.0000 337.7449 361.9363 -9.8654 0.0000 0.0000
5510.03 19.07.2018 00.50.01 24.91244 287.9049 -248.5387 -0.5499 -0.5499 0.0000 0.0000 0.0000 336.8706 361.1713 -9.9987 0.0000 0.0000
5520.03 19.07.2018 01.00.01 24.83026 287.6940 -249.5311 -0.5521 -0.5521 0.0000 0.0000 0.0000 335.9947 360.4070 -10.1166 0.0000 0.0000
5530.03 19.07.2018 01.10.01 24.74786 287.5956 -250.7103 -0.5547 -0.5547 0.0000 0.0000 0.0000 335.8637 359.8585 -9.9289 0.0000 0.0000
5540.03 19.07.2018 01.20.01 24.66546 287.4956 -251.5106 -0.5564 -0.5564 0.0000 0.0000 0.0000 335.7693 359.3483 -9.8273 0.0000 0.0000
5550.03 19.07.2018 01.30.01 24.58306 287.4005 -251.4748 -0.5564 -0.5564 0.0000 0.0000 0.0000 335.6769 358.8652 -9.7547 0.0000 0.0000
5560.03 19.07.2018 01.40.01 24.50067 287.3056 -250.6341 -0.5545 -0.5545 0.0000 0.0000 0.0000 335.5910 358.4270 -9.6209 0.0000 0.0000
5570.03 19.07.2018 01.50.01 24.41830 287.2521 -248.9349 -0.5507 -0.5507 0.0000 0.0000 0.0000 335.5266 358.0906 -9.2557 0.0000 0.0000
5580.03 19.07.2018 02.00.01 24.33679 287.1724 -247.8253 -0.5483 -0.5483 0.0000 0.0003 0.0002 335.5173 357.7323 -9.1232 0.0000 0.0000
5590.03 19.07.2018 02.10.01 24.25530 287.0768 -244.4227 -0.5408 -0.5454 0.0062 0.2012 0.1089 334.8567 357.2949 -9.0637 0.0000 0.0000
5600.03 19.07.2018 02.20.01 24.17443 287.0016 -244.4071 -0.5407 -0.5511 0.0138 0.4315 0.2343 334.1079 356.7853 -9.1453 0.0000 0.0000
5610.03 19.07.2018 02.30.01 24.09323 286.9008 -246.6601 -0.5457 -0.5619 0.0215 0.6662 0.3621 333.3694 356.1881 -9.4858 0.0000 0.0000
5620.03 19.07.2018 02.40.01 24.01113 286.7882 -249.5231 -0.5520 -0.5740 0.0293 0.9018 0.4905 332.6036 355.5564 -9.8056 0.0000 0.0000
5630.03 19.07.2018 02.50.01 23.92819 286.6758 -251.6854 -0.5568 -0.5846 0.0371 1.1375 0.6189 331.7794 354.8681 -10.2115 0.0000 0.0000
5640.03 19.07.2018 03.00.01 23.84448 286.5803 -253.4708 -0.5608 -0.5946 0.0450 1.3788 0.7504 330.9115 354.1592 -10.5939 0.0000 0.0000
5650.03 19.07.2018 03.10.01 23.76040 286.6081 -220.2328 -0.4872 -0.6047 0.1566 4.9590 2.6886 330.4692 354.0883 -10.2618 0.0000 0.0000
5660.03 19.07.2018 03.20.01 23.68411 286.6393 -196.5692 -0.4349 -0.6524 0.2900 9.0307 4.9052 330.1945 354.2101 -10.1639 0.0000 0.0000
5670.03 19.07.2018 03.30.01 23.61358 286.6721 -182.9879 -0.4048 -0.7248 0.4266 13.1745 7.1626 329.9857 354.4280 -10.1869 0.0000 0.0000
5680.03 19.07.2018 03.40.01 23.54659 286.7062 -174.1603 -0.3853 -0.8083 0.5639 17.3329 9.4283 329.8155 354.7154 -10.3042 0.0000 0.0000
5690.03 19.07.2018 03.50.01 23.48205 286.7408 -167.4064 -0.3704 -0.8964 0.7013 21.4938 11.6954 329.6669 355.0576 -10.5043 0.0000 0.0000
5700.03 19.07.2018 04.00.01 23.41958 286.7772 -161.5400 -0.3574 -0.9866 0.8390 25.6608 13.9658 329.5378 355.4502 -10.7639 0.0000 0.0000
5710.03 19.07.2018 04.10.01 23.35928 287.1525 -119.3289 -0.2640 -1.0753 1.0818 33.2191 18.0714 330.0632 356.6904 -9.7670 0.0000 0.0000
5720.03 19.07.2018 04.20.01 23.30999 287.5295 -84.8087 -0.1876 -1.1977 1.3468 41.2764 22.4596 330.7844 358.2022 -9.1583 0.0000 0.0000
5730.03 19.07.2018 04.30.01 23.27004 287.9090 -59.7170 -0.1321 -1.3434 1.6151 49.4071 26.8893 331.6009 359.8791 -8.7854 0.0000 0.0000
5740.03 19.07.2018 04.40.01 23.23730 288.2898 -40.2147 -0.0890 -1.5021 1.8841 57.5526 31.3275 332.4802 361.6913 -8.5895 0.0000 0.0000
5750.03 19.07.2018 04.50.01 23.21041 288.6715 -23.9837 -0.0531 -1.6680 2.1532 76.8018 41.8467 333.4053 364.4208 -9.5382 0.0000 0.0000
5760.03 19.07.2018 05.00.01 23.18856 289.0594 -3.3360 -0.0074 -1.8378 2.4406 87.2252 47.5180 334.4929 366.8893 -10.1594 0.0000 0.0000
5770.03 19.07.2018 05.10.01 23.17275 289.4497 10.3767 0.0230 -2.0158 2.7184 136.3730 74.2540 335.5825 372.1457 -13.8083 0.0000 0.0000
5780.03 19.07.2018 05.20.01 23.16161 289.8871 49.2002 0.1089 -2.1946 3.0712 184.3149 100.2099 337.1930 378.4813 -18.2993 0.0000 0.0000
5790.03 19.07.2018 05.30.01 23.16094 290.3136 87.2754 0.1931 -2.4002 3.4578 230.0867 124.8439 339.0975 385.3150 -23.1994 0.0000 0.0000
5800.03 19.07.2018 05.40.01 23.17083 290.7488 119.3456 0.2640 -2.6301 3.8589 219.1611 118.8125 341.1778 388.8383 -24.4376 0.0000 0.0000
5810.03 19.07.2018 05.50.01 23.18984 291.1318 100.4243 0.2222 -2.8753 4.1299 206.7548 111.9908 342.5891 391.0399 -24.3834 0.0000 0.0000
5820.03 19.07.2018 06.00.01 23.20605 291.5222 85.5565 0.1893 -3.0778 4.3562 209.0709 114.0329 343.7429 394.8116 -25.7744 0.0000 0.0000
5830.03 19.07.2018 06.10.01 23.22006 291.9331 33.8494 0.0749 -3.2453 4.4270 228.5870 124.4721 345.1970 399.1332 -23.8728 0.0000 0.0000
5840.03 19.07.2018 06.20.01 23.22350 292.6109 40.6014 0.0898 -3.3373 4.5695 248.2279 134.9321 347.0351 404.5126 -22.3495 0.0000 0.0000
5850.03 19.07.2018 06.30.01 23.23028 293.2522 64.4125 0.1425 -3.4152 4.7436 267.0282 144.8649 348.7231 408.5989 -27.5396 0.0000 0.0000
5860.03 19.07.2018 06.40.01 23.24459 294.0213 87.1887 0.1929 -3.4972 4.9202 275.6133 149.2296 350.8732 413.4910 -24.3474 0.0000 0.0000
5870.03 19.07.2018 06.50.01 23.26595 293.9271 103.0444 0.2280 -3.5832 5.0816 288.7777 156.3532 352.8307 417.3081 -29.4625 0.0000 0.0000
5880.03 19.07.2018 07.00.01 23.29275 293.8187 115.7641 0.2561 -3.6688 5.2332 302.3534 163.7322 354.6861 420.3632 -38.4050 0.0000 0.0000
5890.03 19.07.2018 07.10.01 23.32421 294.7098 163.8682 0.3625 -3.7493 5.4825 306.3355 165.9861 356.4081 425.4008 -33.1179 0.0000 0.0000
5900.03 19.07.2018 07.20.01 23.36904 295.0967 189.5904 0.4194 -3.8574 5.7025 309.5351 167.7926 357.4885 428.2219 -39.2846 0.0000 0.0000
5910.03 19.07.2018 07.30.01 23.42202 295.0161 208.7865 0.4619 -3.9703 5.9096 312.3346 169.3686 358.2133 429.3128 -49.2820 0.0000 0.0000
5920.03 19.07.2018 07.40.01 23.48120 295.1201 228.6097 0.5058 -4.0859 6.1223 316.2548 171.5410 360.3403 434.2416 -37.6957 0.0000 0.0000
5930.03 19.07.2018 07.50.01 23.54604 294.6642 243.5739 0.5389 -4.2113 6.3336 320.0582 173.6444 361.4670 433.9352 -55.9654 0.0000 0.0000
5940.03 19.07.2018 08.00.01 23.61633 294.7195 259.1143 0.5733 -4.3291 6.5365 323.4897 175.5298 361.4269 432.3587 -72.0272 0.0000 0.0000
5950.03 19.07.2018 08.10.01 23.69210 294.9449 252.6007 0.5589 -4.4415 6.6671 336.3722 182.4777 361.8505 434.0437 -72.3913 0.0000 0.0000
5960.03 19.07.2018 08.20.01 23.76803 295.1886 271.6869 0.6011 -4.5276 6.8383 350.0231 189.8560 362.7307 436.3425 -73.5963 0.0000 0.0000
5970.03 19.07.2018 08.30.01 23.84997 295.4318 296.2794 0.6555 -4.6175 7.0306 363.9783 197.4012 363.7848 438.9442 -75.3083 0.0000 0.0000
5980.03 19.07.2018 08.40.01 23.93917 295.6763 316.2751 0.6997 -4.7169 7.2222 375.8910 203.8412 364.9145 441.5829 -77.2405 0.0000 0.0000
5990.03 19.07.2018 08.50.01 24.03454 295.9206 330.0910 0.7303 -4.8213 7.4022 387.3682 210.0284 366.0528 444.2800 -79.2517 0.0000 0.0000
6000.03 19.07.2018 09.00.01 24.13458 296.1567 346.3062 0.7662 -4.9243 7.5873 398.6009 216.0663 367.1799 446.9951 -81.5474 0.0000 0.0000
6010.03 19.07.2018 09.10.01 24.23989 296.3767 380.2742 0.8413 -5.0299 7.8283 401.1564 217.4696 368.7395 449.6438 -81.4898 0.0000 0.0000
6020.03 19.07.2018 09.20.01 24.35436 296.5774 381.7254 0.8445 -5.1591 8.0049 402.1720 217.9977 370.1776 452.0901 -80.1782 0.0000 0.0000
6030.03 19.07.2018 09.30.01 24.47051 296.7748 405.2668 0.8966 -5.2747 8.2284 404.1531 219.0694 371.6793 454.4461 -80.4644 0.0000 0.0000
6040.03 19.07.2018 09.40.01 24.59338 296.9778 414.8787 0.9179 -5.4026 8.4273 406.3440 220.2296 373.1927 456.9805 -79.3998 0.0000 0.0000
6050.03 19.07.2018 09.50.01 24.71972 297.1886 442.1277 0.9782 -5.5265 8.6728 409.5642 221.9722 374.8720 459.6698 -78.6160 0.0000 0.0000
6060.03 19.07.2018 10.00.01 24.85372 297.4016 449.8440 0.9952 -5.6671 8.8831 411.7527 223.1233 376.4862 462.0527 -78.8709 0.0000 0.0000
6070.03 19.07.2018 10.10.01 24.99078 297.5294 478.6117 1.0589 -5.8036 9.1500 406.3121 220.2623 380.0524 465.3011 -76.8017 0.0000 0.0000
6080.03 19.07.2018 10.20.01 25.13525 297.7330 457.2635 1.0116 -5.9598 9.2952 394.2363 213.5120 383.3394 465.9443 -79.1926 0.0000 0.0000
6090.03 19.07.2018 10.30.01 25.27590 298.1750 429.4536 0.9501 -6.0756 9.3676 385.1578 208.6149 384.9214 466.9235 -77.5571 0.0000 0.0000
6100.03 19.07.2018 10.40.01 25.41152 298.7217 449.0056 0.9934 -6.1441 9.5167 360.5015 194.2094 386.8659 467.4170 -60.7924 0.0000 0.0000
6110.03 19.07.2018 10.50.01 25.55349 299.3695 452.3477 1.0008 -6.2149 9.6209 356.2406 192.0752 388.6993 470.3838 -55.0813 0.0000 0.0000
6120.03 19.07.2018 11.00.01 25.69772 299.6858 456.4084 1.0098 -6.2744 9.7122 351.7666 189.8239 390.1600 470.5980 -61.5533 0.0000 0.0000
6130.03 19.07.2018 11.10.01 25.84295 299.7719 328.1498 0.7260 -6.3266 9.4035 331.6316 179.2111 392.6538 472.2467 -51.9034 0.0000 0.0000
6140.03 19.07.2018 11.20.01 25.95791 299.2423 208.5106 0.4613 -6.2283 8.9195 307.6611 166.4294 394.4347 469.4602 -57.5542 0.0000 0.0000
6150.03 19.07.2018 11.30.01 26.04397 298.5153 139.2483 0.3081 -6.0063 8.4192 283.5037 153.5474 395.2618 463.7520 -69.7001 0.0000 0.0000
6160.03 19.07.2018 11.40.01 26.11221 298.3193 100.8497 0.2231 -5.7210 7.9254 260.3251 141.1853 396.0260 460.8620 -64.0909 0.0000 0.0000
6170.03 19.07.2018 11.50.01 26.17031 298.1043 70.9037 0.1569 -5.4054 7.4163 236.9442 128.7131 396.2235 457.2379 -62.1505 0.0000 0.0000
6180.03 19.07.2018 12.00.01 26.22012 297.9914 47.9598 0.1061 -5.0716 6.9036 213.6508 116.2945 396.0440 452.5375 -63.3849 0.0000 0.0000
6190.03 19.07.2018 12.10.01 26.26367 297.9586 102.8501 0.2275 -4.7284 6.6080 206.4174 112.2376 394.3719 449.3950 -60.0469 0.0000 0.0000
6200.03 19.07.2018 12.20.01 26.31942 297.9398 196.6603 0.4351 -4.4631 6.5310 203.6692 110.7068 393.3634 447.3860 -57.7183 0.0000 0.0000
6210.03 19.07.2018 12.30.01 26.39657 297.9259 256.2295 0.5669 -4.3148 6.5089 201.6513 109.5727 392.6230 445.7590 -55.8535 0.0000 0.0000
6220.03 19.07.2018 12.40.01 26.48730 297.9135 285.9824 0.6327 -4.2391 6.4957 199.7969 108.5277 391.9963 444.3581 -54.2939 0.0000 0.0000
6230.03 19.07.2018 12.50.01 26.58462 297.9032 297.5557 0.6583 -4.2018 6.4801 197.8288 107.4163 391.4133 443.1198 -52.8965 0.0000 0.0000
6240.03 19.07.2018 13.00.01 26.68447 297.8944 303.9449 0.6724 -4.1838 6.4749 196.0648 106.4179 390.8703 442.0273 -51.7415 0.0000 0.0000
6250.03 19.07.2018 13.10.01 26.78646 297.9820 486.3814 1.0761 -4.1829 7.0120 210.6180 113.7652 388.2375 441.3749 -53.2800 0.0000 0.0000
6260.03 19.07.2018 13.20.01 26.93139 298.0823 675.3061 1.4940 -4.3968 7.8545 229.8621 123.6967 386.0839 441.4893 -57.3373 0.0000 0.0000
6270.03 19.07.2018 13.30.01 27.12139 298.1872 825.5890 1.8265 -4.8236 8.8668 250.6758 134.4416 384.2027 441.9379 -62.5469 0.0000 0.0000
6280.03 19.07.2018 13.40.01 27.34802 298.2972 958.7933 2.1212 -5.4119 10.0442 273.0810 145.9742 382.4706 442.7447 -68.2675 0.0000 0.0000
6290.03 19.07.2018 13.50.01 27.60754 298.4133 1078.0422 2.3851 -6.1378 11.3638 296.5299 158.0257 380.9017 443.7042 -75.1408 0.0000 0.0000
6300.03 19.07.2018 14.00.01 27.89669 298.5301 1170.3071 2.5892 -6.9808 12.7600 319.7294 169.8725 379.2744 444.6922 -82.3541 0.0000 0.0000
6310.03 19.07.2018 14.10.01 28.20638 298.4184 768.3984 1.7000 -7.8992 12.7990 313.9648 167.0791 379.6824 444.9355 -84.5975 0.0000 0.0000
6320.03 19.07.2018 14.20.01 28.42159 298.2998 446.4437 0.9877 -8.3497 12.4499 300.8881 160.1912 379.0370 443.7350 -84.0265 0.0000 0.0000
6330.03 19.07.2018 14.30.01 28.55978 298.1757 244.2436 0.5404 -8.4476 11.9840 286.5973 152.6631 377.9908 442.0887 -82.4072 0.0000 0.0000
6340.03 19.07.2018 14.40.01 28.64797 298.0535 84.1334 0.1861 -8.3411 11.3696 270.4949 144.1913 376.7330 440.1910 -79.1252 0.0000 0.0000
6350.03 19.07.2018 14.50.01 28.69583 297.9317 -26.2276 -0.0580 -8.0820 10.6986 252.4358 134.5882 375.4267 437.9208 -74.9939 0.0000 0.0000
6360.03 19.07.2018 15.00.01 28.71493 297.8086 -125.2834 -0.2772 -7.7278 9.9341 234.6964 125.2470 374.0451 435.5273 -70.7412 0.0000 0.0000
6370.03 19.07.2018 15.10.01 28.70837 297.6386 -122.7109 -0.2715 -7.3015 9.3734 221.6215 118.3296 372.8380 433.4316 -66.8956 0.0000 0.0000
6380.03 19.07.2018 15.20.01 28.70074 297.4683 -130.8607 -0.2895 -6.9030 8.8180 206.7111 110.3068 371.7856 431.1152 -62.8403 0.0000 0.0000
6390.03 19.07.2018 15.30.01 28.68893 297.2990 -157.3217 -0.3481 -6.5206 8.2300 194.8505 104.1387 370.7753 429.0330 -59.8264 0.0000 0.0000
6400.03 19.07.2018 15.40.01 28.66870 297.1290 -225.0242 -0.4978 -6.1314 7.5115 181.4530 97.1928 369.7084 426.8017 -56.5566 0.0000 0.0000
6410.03 19.07.2018 15.50.01 28.63067 296.9587 -279.1365 -0.6176 -5.6888 6.7616 168.1293 90.3149 368.6389 424.5313 -53.2695 0.0000 0.0000
6420.03 19.07.2018 16.00.01 28.57705 296.7885 -480.1375 -1.0623 -5.2092 5.5293 153.4944 83.0131 367.5880 422.1656 -49.7355 0.0000 0.0000
6430.03 19.07.2018 16.10.01 28.47695 296.6988 -124.1142 -0.2746 -4.5276 5.6706 153.0842 82.4900 365.8967 420.3442 -47.9480 0.0000 0.0000
6440.03 19.07.2018 16.20.01 28.45831 296.6094 205.1100 0.4538 -4.2773 6.3081 156.1085 83.6531 364.4304 418.9623 -47.8811 0.0000 0.0000
6450.03 19.07.2018 16.30.01 28.51537 296.5225 265.3383 0.5870 -4.4089 6.6613 158.2752 84.5162 363.0769 417.6952 -47.8779 0.0000 0.0000
6460.03 19.07.2018 16.40.01 28.58706 296.4365 336.3011 0.7440 -4.6048 7.1318 160.4615 85.2274 361.7582 416.5807 -47.1390 0.0000 0.0000
6470.03 19.07.2018 16.50.01 28.67568 296.3498 378.0215 0.8363 -4.8783 7.6195 165.5302 87.6550 360.4743 415.7485 -48.0250 0.0000 0.0000
6480.03 19.07.2018 17.00.01 28.77432 296.2637 399.8317 0.8846 -5.1958 8.1072 175.1978 92.8433 359.2283 415.4189 -50.6084 0.0000 0.0000
6490.03 19.07.2018 17.10.01 28.87631 296.0328 56.2728 0.1245 -5.5376 7.5494 163.1235 86.5773 357.9612 413.8968 -48.6310 0.0000 0.0000
6500.03 19.07.2018 17.20.01 28.89611 295.7994 -403.7196 -0.8932 -5.4957 6.1366 146.6253 78.3019 356.4215 411.7983 -45.0266 0.0000 0.0000
6510.03 19.07.2018 17.30.01 28.80798 295.5659 -375.9241 -0.8317 -4.9560 5.4991 131.5925 70.3210 354.7684 409.5302 -41.4314 0.0000 0.0000
6520.03 19.07.2018 17.40.01 28.72283 295.3335 -412.4502 -0.9125 -4.4862 4.7650 114.4156 61.2005 353.1171 407.0373 -37.0417 0.0000 0.0000
6530.03 19.07.2018 17.50.01 28.62832 295.1032 -95.7110 -0.2118 -4.0049 5.0576 100.1815 53.0709 351.4245 404.5365 -33.0297 0.0000 0.0000
6540.03 19.07.2018 18.00.01 28.60333 294.8864 -367.7831 -0.8137 -3.9085 4.1264 81.6887 43.3089 349.7360 401.6910 -28.2600 0.0000 0.0000
6550.03 19.07.2018 18.10.01 28.51446 294.5416 -384.7621 -0.8512 -3.5165 3.5537 70.4489 37.3342 348.3619 399.0147 -25.5438 0.0000 0.0000
6560.03 19.07.2018 18.20.01 28.41940 294.2026 -393.1475 -0.8698 -3.1320 3.0163 60.4545 32.0800 347.0699 396.4815 -23.3631 0.0000 0.0000
6570.03 19.07.2018 18.30.01 28.32031 293.8654 -405.3677 -0.8968 -2.7625 2.4875 52.5000 28.0435 345.8209 394.1517 -21.7661 0.0000 0.0000
6580.03 19.07.2018 18.40.01 28.21609 293.5291 -494.3866 -1.0938 -2.4022 1.7445 38.4106 20.5992 344.5874 391.3071 -18.9874 0.0000 0.0000
6590.03 19.07.2018 18.50.01 28.08923 293.1925 -538.4791 -1.1913 -1.9632 1.0291 23.9687 12.9225 343.3238 388.3378 -16.0042 0.0000 0.0000
6600.03 19.07.2018 19.00.01 27.94991 292.8554 -567.7509 -1.2561 -1.4989 0.3237 9.2565 5.0756 342.0583 385.2681 -12.9443 0.0000 0.0000
6610.03 19.07.2018 19.10.01 27.80285 292.4879 -385.1700 -0.8521 -1.0275 0.2338 6.9135 3.7766 340.6398 382.9503 -12.0441 0.0000 0.0000
6620.03 19.07.2018 19.20.01 27.69628 292.1220 -294.0796 -0.6506 -0.7876 0.1826 5.4335 2.9663 339.3461 380.8859 -11.6088 0.0000 0.0000
6630.03 19.07.2018 19.30.01 27.60977 291.7563 -254.1161 -0.5622 -0.6660 0.1384 4.1080 2.2433 338.0943 378.9258 -11.3582 0.0000 0.0000
6640.03 19.07.2018 19.40.01 27.53167 291.3905 -239.3322 -0.5295 -0.6011 0.0955 2.8104 1.5362 336.8651 377.0371 -11.2323 0.0000 0.0000
6650.03 19.07.2018 19.50.01 27.45617 291.0249 -236.7171 -0.5237 -0.5633 0.0528 1.5178 0.8319 335.6514 375.2032 -11.2053 0.0000 0.0000
6660.03 19.07.2018 20.00.01 27.38049 290.6602 -240.1528 -0.5313 -0.5389 0.0102 0.2279 0.1290 334.4465 373.4146 -11.2480 0.0000 0.0000
6670.03 19.07.2018 20.10.01 27.30322 290.4913 -234.2935 -0.5183 -0.5196 0.0017 0.0366 0.0207 333.6787 372.1116 -10.3227 0.0000 0.0000
6680.03 19.07.2018 20.20.01 27.22689 290.3233 -231.4679 -0.5121 -0.5123 0.0003 0.0070 0.0040 332.9985 370.9402 -9.6293 0.0000 0.0000
6690.03 19.07.2018 20.30.01 27.15087 290.1559 -231.9400 -0.5131 -0.5132 0.0001 0.0012 0.0007 332.3551 369.8518 -9.0863 0.0000 0.0000
6700.03 19.07.2018 20.40.01 27.07412 289.9890 -233.9974 -0.5177 -0.5177 0.0000 0.0002 0.0001 331.7424 368.8306 -8.6607 0.0000 0.0000
6710.03 19.07.2018 20.50.01 26.99655 289.8223 -237.8790 -0.5263 -0.5263 0.0000 0.0000 0.0000 331.1538 367.8625 -8.3374 0.0000 0.0000
6720.03 19.07.2018 21.00.01 26.91744 289.6560 -242.1981 -0.5358 -0.5358 0.0000 0.0000 0.0000 330.5823 366.9370 -8.0972 0.0000 0.0000
6730.03 19.07.2018 21.10.01 26.83688 289.4419 -247.5261 -0.5476 -0.5476 0.0000 0.0000 0.0000 330.2514 365.9925 -8.3149 0.0000 0.0000
6740.03 19.07.2018 21.20.01 26.75436 289.2282 -253.7156 -0.5613 -0.5613 0.0000 0.0000 0.0000 329.9230 365.0738 -8.5806 0.0000 0.0000
6750.03 19.07.2018 21.30.01 26.66979 289.0150 -260.1313 -0.5755 -0.5755 0.0000 0.0000 0.0000 329.5989 364.1790 -8.8739 0.0000 0.0000
6760.03 19.07.2018 21.40.01 26.58312 288.8018 -266.4382 -0.5895 -0.5895 0.0000 0.0000 0.0000 329.2784 363.3022 -9.1992 0.0000 0.0000
6770.03 19.07.2018 21.50.01 26.49441 288.5886 -272.4652 -0.6028 -0.6028 0.0000 0.0000 0.0000 328.9626 362.4439 -9.5432 0.0000 0.0000
6780.03 19.07.2018 22.00.01 26.40377 288.3760 -278.2002 -0.6155 -0.6155 0.0000 0.0000 0.0000 328.6510 361.6000 -9.9098 0.0000 0.0000
6790.03 19.07.2018 22.10.01 26.31127 288.1707 -283.3982 -0.6270 -0.6270 0.0000 0.0000 0.0000 327.2987 360.6587 -9.9433 0.0000 0.0000
6800.03 19.07.2018 22.20.01 26.21716 287.9634 -288.4932 -0.6383 -0.6383 0.0000 0.0000 0.0000 325.9186 359.7005 -9.8889 0.0000 0.0000
6810.03 19.07.2018 22.30.01 26.12142 287.7599 -293.3886 -0.6491 -0.6491 0.0000 0.0000 0.0000 324.5313 358.7215 -9.8594 0.0000 0.0000
6820.03 19.07.2018 22.40.01 26.02404 287.5578 -297.8037 -0.6589 -0.6589 0.0000 0.0000 0.0000 323.1555 357.7523 -9.7599 0.0000 0.0000
6830.03 19.07.2018 22.50.01 25.92535 287.3579 -302.1026 -0.6684 -0.6684 0.0000 0.0000 0.0000 321.7831 356.7875 -9.6205 0.0000 0.0000
6840.03 19.07.2018 23.00.01 25.82522 287.1588 -305.8988 -0.6768 -0.6768 0.0000 0.0000 0.0000 320.4139 355.8210 -9.4703 0.0000 0.0000
6850.03 19.07.2018 23.10.01 25.72390 286.9301 -309.7247 -0.6852 -0.6852 0.0000 0.0000 0.0000 319.5602 354.8706 -9.6434 0.0000 0.0000
6860.03 19.07.2018 23.20.01 25.62130 286.7102 -313.5053 -0.6936 -0.6936 0.0000 0.0000 0.0000 318.7250 353.9485 -9.7911 0.0000 0.0000
6870.03 19.07.2018 23.30.01 25.51742 286.4944 -317.4078 -0.7022 -0.7022 0.0000 0.0000 0.0000 317.8775 353.0301 -9.9475 0.0000 0.0000
6880.03 19.07.2018 23.40.01 25.41235 286.2769 -321.4911 -0.7113 -0.7113 0.0000 0.0000 0.0000 317.0177 352.1164 -10.0920 0.0000 0.0000
6890.03 19.07.2018 23.50.01 25.30587 286.0473 -325.2347 -0.7195 -0.7195 0.0000 0.0000 0.0000 316.1471 351.1777 -10.3295 0.0000 0.0000
6900.03 20.07.2018 00.00.01 25.19821 285.8090 -329.2534 -0.7284 -0.7284 0.0000 0.0000 0.0000 315.2761 350.2156 -10.6471 0.0000 0.0000
6910.03 20.07.2018 00.10.01 25.08920 285.6559 -332.9349 -0.7366 -0.7366 0.0000 0.0000 0.0000 314.2983 349.3410 -10.5233 0.0000 0.0000
6920.03 20.07.2018 00.20.01 24.97906 285.4976 -336.0344 -0.7434 -0.7434 0.0000 0.0000 0.0000 313.3191 348.4712 -10.4129 0.0000 0.0000
6930.03 20.07.2018 00.30.01 24.86791 285.3410 -338.8127 -0.7496 -0.7496 0.0000 0.0000 0.0000 312.3399 347.6094 -10.3099 0.0000 0.0000
6940.03 20.07.2018 00.40.01 24.75591 285.1846 -341.3499 -0.7552 -0.7552 0.0000 0.0000 0.0000 311.3634 346.7581 -10.1982 0.0000 0.0000
6950.03 20.07.2018 00.50.01 24.64315 285.0308 -343.8360 -0.7607 -0.7607 0.0000 0.0000 0.0000 310.3873 345.9165 -10.0794 0.0000 0.0000
6960.03 20.07.2018 01.00.01 24.52963 284.8781 -346.0403 -0.7656 -0.7656 0.0000 0.0000 0.0000 309.4168 345.0818 -9.9674 0.0000 0.0000
6970.03 20.07.2018 01.10.01 24.41528 284.7280 -347.4788 -0.7688 -0.7688 0.0000 0.0000 0.0000 308.8279 344.3352 -9.8328 0.0000 0.0000
6980.03 20.07.2018 01.20.01 24.30084 284.5802 -348.8633 -0.7718 -0.7718 0.0000 0.0000 0.0000 308.2742 343.6146 -9.7411 0.0000 0.0000
6990.03 20.07.2018 01.30.01 24.18609 284.4328 -349.2146 -0.7726 -0.7726 0.0000 0.0000 0.0000 307.7349 342.9167 -9.6532 0.0000 0.0000
7000.03 20.07.2018 01.40.01 24.07116 284.2842 -349.2162 -0.7726 -0.7726 0.0000 0.0000 0.0000 307.2053 342.2273 -9.6060 0.0000 0.0000
7010.03 20.07.2018 01.50.01 23.95623 284.1348 -349.1674 -0.7725 -0.7725 0.0000 0.0000 0.0000 306.6895 341.5546 -9.5615 0.0000 0.0000
7020.03 20.07.2018 02.00.01 23.84130 283.9852 -349.1961 -0.7726 -0.7726 0.0000 0.0004 0.0002 306.1793 340.8851 -9.5548 0.0000 0.0000
7030.03 20.07.2018 02.10.01 23.72622 283.8539 -346.8520 -0.7674 -0.7727 0.0071 0.2274 0.1231 306.0456 340.3003 -9.6050 0.0000 0.0000
7040.03 20.07.2018 02.20.01 23.61181 283.7282 -346.2599 -0.7661 -0.7777 0.0156 0.4878 0.2648 305.9259 339.7454 -9.7093 0.0000 0.0000
7050.03 20.07.2018 02.30.01 23.49740 283.6034 -346.1725 -0.7659 -0.7841 0.0243 0.7531 0.4093 305.8100 339.2082 -9.8465 0.0000 0.0000
7060.03 20.07.2018 02.40.01 23.38293 283.4780 -346.3773 -0.7663 -0.7912 0.0331 1.0194 0.5544 305.6921 338.6822 -10.0173 0.0000 0.0000
7070.03 20.07.2018 02.50.01 23.26830 283.3517 -346.6022 -0.7668 -0.7983 0.0419 1.2859 0.6996 305.5809 338.1701 -10.2108 0.0000 0.0000
7080.03 20.07.2018 03.00.01 23.15359 283.2250 -346.8470 -0.7674 -0.8055 0.0509 1.5572 0.8474 305.4657 337.6638 -10.4362 0.0000 0.0000
7090.03 20.07.2018 03.10.01 23.03896 283.2841 -315.7956 -0.6987 -0.8111 0.1499 4.7316 2.5662 305.1648 337.6371 -9.8533 0.0000 0.0000
7100.03 20.07.2018 03.20.01 22.93212 283.3418 -292.2010 -0.6465 -0.8474 0.2679 8.3332 4.5269 304.9802 337.7654 -9.4982 0.0000 0.0000
7110.03 20.07.2018 03.30.01 22.83132 283.3986 -276.6800 -0.6121 -0.9037 0.3887 11.9975 6.5231 304.8537 337.9658 -9.3141 0.0000 0.0000
7120.03 20.07.2018 03.40.01 22.73477 283.4574 -265.9947 -0.5885 -0.9711 0.5101 15.6746 8.5266 304.7659 338.2396 -9.1996 0.0000 0.0000
7130.03 20.07.2018 03.50.01 22.64126 283.5206 -257.7415 -0.5702 -1.0440 0.6317 19.3538 10.5313 304.7062 338.5673 -9.1625 0.0000 0.0000
7140.03 20.07.2018 04.00.01 22.55020 283.5815 -250.8402 -0.5550 -1.1198 0.7532 23.0330 12.5359 304.6658 338.9296 -9.2234 0.0000 0.0000
7150.03 20.07.2018 04.10.01 22.46133 283.9420 -246.6943 -0.5458 -1.1953 0.8660 26.4332 14.3896 305.1251 339.7658 -7.7450 0.0000 0.0000
7160.03 20.07.2018 04.20.01 22.37444 284.3057 -239.9130 -0.5308 -1.2636 0.9771 29.7924 16.2201 305.6651 340.6869 -6.4634 0.0000 0.0000
7170.03 20.07.2018 04.30.01 22.29012 284.6675 -231.5389 -0.5123 -1.3281 1.0878 33.1456 18.0471 306.2423 341.6807 -5.3150 0.0000 0.0000
7180.03 20.07.2018 04.40.01 22.20867 285.0264 -222.4245 -0.4921 -1.3910 1.1986 36.4975 19.8735 306.8562 342.7403 -4.2781 0.0000 0.0000
7190.03 20.07.2018 04.50.01 22.13027 285.3850 -213.2201 -0.4717 -1.4537 1.3093 39.8492 21.6997 307.4965 343.8589 -3.3274 0.0000 0.0000
