# simtime date time IndoorTemp Av_Tair_at_facade Energyflux.toIndoor.sum  Energyflux.toIndoor.average Energyflux.Conduction.average Energyflux.SW.transmission.average Shortwave.availabe Shortwave.absorbed Longwave.available Longwave.emittedFacade Sensible.outside Vapour.fromGreening Vapour.fromSubstrate
10.02 15.07.2018 05.10.00 19.91927 288.5831 190.8484 0.5422 -0.6780 1.6269 233.4507 116.8222 323.9882 372.4285 -19.1415 0.0252 0.0000
20.02 15.07.2018 05.20.00 19.95739 289.3558 322.1347 0.9152 -1.2059 2.8281 409.4813 204.5943 328.1252 382.5353 -29.0525 0.0688 0.0000
30.03 15.07.2018 05.30.01 20.04366 290.3282 478.2863 1.3588 -1.8369 4.2609 672.4837 335.8709 336.3483 399.5815 -46.5957 0.1723 0.0000
40.03 15.07.2018 05.40.01 20.18743 291.2737 622.4659 1.7684 -2.6302 5.8647 641.1724 319.9918 344.7265 417.0306 -60.7498 0.3251 0.0000
50.03 15.07.2018 05.50.01 20.37518 291.8729 358.1772 1.0175 -3.5323 6.0664 598.0194 298.4937 347.9289 427.5910 -67.4726 0.5059 0.0000
60.03 15.07.2018 06.00.01 20.48870 292.3537 174.5304 0.4958 -3.9732 5.9587 551.4670 275.2967 349.3864 434.9931 -72.4301 0.6899 0.0000
70.03 15.07.2018 06.10.01 20.54968 292.6529 93.1613 0.2647 -4.1161 5.8410 530.6372 264.9518 350.5211 440.6183 -76.3208 0.8676 0.0000
80.03 15.07.2018 06.20.01 20.58743 292.9732 93.5994 0.2659 -4.1344 5.8671 511.0637 255.2230 351.9306 445.2304 -79.8214 1.0431 0.0000
90.03 15.07.2018 06.30.01 20.76537 293.3316 8990.6680 25.5417 -4.8242 40.4879 561.2097 258.9678 353.7634 449.1059 -83.1893 1.2249 0.0000
100.03 15.07.2018 06.40.01 23.43344 293.7025 3960.6143 11.2517 -18.2233 39.3000 547.0549 252.6844 356.0659 452.7710 -85.3540 1.4298 0.0000
110.03 15.07.2018 06.50.01 24.65142 293.9078 1744.4886 4.9559 -23.5875 38.0579 532.7784 246.3839 357.2804 455.2914 -88.1276 1.6085 0.0000
120.03 15.07.2018 07.00.01 25.22161 294.1210 730.0397 2.0740 -25.4990 36.7640 518.2304 239.9723 358.4814 457.0257 -90.5765 1.7845 0.0000
130.03 15.07.2018 07.10.01 25.49200 294.4580 338.4341 0.9615 -25.8915 35.8039 508.5779 235.7823 359.9469 458.6554 -89.7717 1.9635 0.0000
140.03 15.07.2018 07.20.01 25.64269 294.8115 147.0903 0.4179 -25.7355 34.8711 499.2998 231.7875 361.5535 460.1605 -88.6469 2.1492 0.0000
150.03 15.07.2018 07.30.01 25.73242 295.2961 27.3043 0.0776 -25.3358 33.8845 534.8743 250.2531 364.3315 462.6277 -87.8751 2.3564 0.0000
160.03 15.07.2018 07.40.01 25.78396 295.8141 11.3339 0.0322 -24.8006 33.1104 526.7478 246.7470 367.1052 465.6978 -86.8372 2.7724 0.0000
170.03 15.07.2018 07.50.01 25.82723 296.2998 -32.8299 -0.0933 -24.2775 32.2456 518.0586 243.0036 370.4264 468.1048 -85.3395 3.1556 0.0000
180.03 15.07.2018 08.00.01 25.85467 296.5760 -73.0144 -0.2074 -23.7167 31.3457 512.1824 240.9930 372.0726 470.6654 -85.1026 3.3977 0.0000
190.03 15.07.2018 08.10.01 25.86758 296.7453 -114.9633 -0.3266 -23.1233 30.3957 502.8835 237.0266 373.9797 473.1128 -80.1822 3.6555 0.0000
200.03 15.07.2018 08.20.01 25.95773 297.0995 5699.4702 16.1917 -22.9342 52.1679 538.9633 241.7093 376.0559 475.4831 -79.1665 3.9336 0.0000
210.03 15.07.2018 08.30.01 27.67184 297.8914 2304.1929 6.5460 -31.0625 50.1447 527.3865 237.2702 378.1429 477.7701 -79.6473 4.2157 0.0000
220.03 15.07.2018 08.40.01 28.40603 297.8429 841.1780 2.3897 -33.7927 48.2433 517.3426 233.4880 379.3234 479.6153 -76.8854 4.4821 0.0000
230.03 15.07.2018 08.50.01 28.76364 297.8637 3556.4707 10.1036 -34.5292 59.5103 541.9081 238.8991 380.9436 481.4525 -78.0900 4.7398 0.0000
240.03 15.07.2018 09.00.01 29.86678 297.9264 1261.7520 3.5845 -39.1138 56.9312 530.2927 234.7864 381.8135 482.7498 -83.1731 5.0831 0.0000
250.03 15.07.2018 09.10.01 30.29910 298.4594 120.1467 0.3413 -40.1133 53.9395 516.6010 229.9511 383.5879 485.7018 -71.1852 5.5065 0.0000
260.03 15.07.2018 09.20.01 30.39248 299.4388 -406.7815 -1.1556 -39.3980 50.9899 511.4740 229.3899 387.7130 488.2659 -70.1864 5.8952 0.0000
270.03 15.07.2018 09.30.01 30.32595 299.2688 -653.1895 -1.8557 -37.9379 48.1097 504.9943 228.1035 390.1973 488.3591 -83.9639 6.2115 0.0000
280.03 15.07.2018 09.40.01 30.18090 299.7187 -716.1497 -2.0345 -36.1916 45.5428 496.8135 225.8015 390.5813 490.6773 -72.4686 6.5941 0.0000
290.03 15.07.2018 09.50.01 30.01229 299.7148 -730.8954 -2.0764 -34.4185 43.1228 486.7535 222.5761 391.0957 490.9154 -83.0307 7.0278 0.0000
300.03 15.07.2018 10.00.01 29.83285 298.3705 -791.2976 -2.2480 -32.6967 40.5983 475.3378 218.6564 384.0007 486.6781 -106.6895 7.9161 0.0000
310.03 15.07.2018 10.10.01 29.63091 298.6193 -747.5364 -2.1237 -30.9615 38.4505 465.5374 215.1814 384.5011 485.3648 -101.3028 8.9875 0.0000
320.03 15.07.2018 10.20.01 29.43731 298.8850 -779.1124 -2.2134 -29.3353 36.1626 454.3314 211.0098 385.0456 484.2826 -96.8949 10.0576 0.0000
330.03 15.07.2018 10.30.01 29.23065 299.1534 -851.4625 -2.4189 -27.6924 33.6980 441.5959 206.0995 385.2818 483.0823 -93.4549 11.1231 0.0000
340.03 15.07.2018 10.40.01 29.00103 299.4577 -823.5889 -2.3397 -25.9796 31.5198 432.9173 203.2289 386.0059 482.4147 -90.0566 12.1785 0.0000
350.03 15.07.2018 10.50.01 28.78256 299.7576 -887.6016 -2.5216 -24.3639 29.1231 421.6084 199.0310 386.5181 481.5337 -87.3147 14.2144 0.0000
360.03 15.07.2018 11.00.01 28.54278 299.9110 -934.9698 -2.6562 -22.6778 26.6955 410.4827 194.9600 386.9979 480.4874 -86.3954 16.2645 0.0000
370.03 15.07.2018 11.10.01 28.28677 300.0888 -967.9784 -2.7499 -20.9466 24.2623 404.7563 194.2602 387.6916 480.4439 -85.1997 18.2914 0.0000
380.03 15.07.2018 11.20.01 28.01846 300.1422 -1030.9579 -2.9289 -19.1918 21.6840 391.6109 189.2528 388.1729 479.1987 -84.4215 20.2931 0.0000
390.03 15.07.2018 11.30.01 27.72939 300.2136 -1065.8159 -3.0279 -17.3689 19.1214 379.0567 184.5392 388.5659 477.8330 -83.6831 22.2603 0.0000
400.03 15.07.2018 11.40.01 27.42803 300.3061 -1058.0214 -3.0057 -15.5227 16.6892 374.5520 184.3666 389.1711 477.4684 -83.1580 24.1952 0.0000
410.03 15.07.2018 11.50.01 27.12676 300.4302 -1077.6055 -3.0614 -13.7119 14.2007 370.3998 184.3440 389.6883 477.1270 -82.7595 26.1130 0.0000
420.03 15.07.2018 12.00.01 26.81780 300.5506 -1113.9497 -3.1646 -11.8925 11.6371 372.0347 187.6911 390.0813 477.6310 -82.8603 28.0220 0.0000
430.03 15.07.2018 12.10.01 26.49697 300.7716 -1053.9210 -2.9941 -10.0441 9.4000 366.8219 186.5421 390.9696 478.1188 -75.7139 29.9231 0.0000
440.03 15.07.2018 12.20.01 26.19430 300.8601 -743.7996 -2.1131 -8.3159 8.2704 367.2104 187.9250 391.5628 478.8136 -74.8568 31.8250 0.0000
450.03 15.07.2018 12.30.01 25.98425 300.7763 -311.1662 -0.8840 -7.0772 8.2576 373.7810 192.1765 391.9393 479.1514 -80.2183 33.7319 0.0000
460.03 15.07.2018 12.40.01 25.90188 300.7985 -102.4090 -0.2909 -6.4863 8.2605 382.8778 197.8554 392.4481 480.0712 -83.1527 35.6069 0.0000
470.03 15.07.2018 12.50.01 25.88223 300.8498 -48.3481 -0.1374 -6.1932 8.0744 388.0565 201.3798 392.5467 480.5857 -86.2989 37.1290 0.0000
480.03 15.07.2018 13.00.01 25.88046 300.8788 31.6276 0.0899 -5.9640 8.0718 394.9055 205.7161 392.9514 481.2979 -89.6305 38.4950 0.0000
490.03 15.07.2018 13.10.01 25.90386 300.8762 69.7035 0.1980 -5.8363 8.0458 398.7818 208.4765 393.1159 482.5808 -87.8799 39.6284 0.0000
500.03 15.07.2018 13.20.01 25.93984 300.8937 64.4498 0.1831 -5.7460 7.9055 400.8883 210.2938 393.1207 483.7049 -86.4510 40.7364 0.0000
510.03 15.07.2018 13.30.01 25.97531 300.8759 24.2212 0.0688 -5.6311 7.5999 400.4977 210.7847 392.6717 484.4996 -85.0778 41.8064 0.0000
520.03 15.07.2018 13.40.01 26.00012 300.8801 39.8182 0.1131 -5.4457 7.4117 401.8957 212.1752 392.3139 485.5019 -83.6080 42.7589 0.0000
530.03 15.07.2018 13.50.01 26.03021 300.8994 59.7503 0.1697 -5.2753 7.2601 403.1562 213.4450 392.0637 486.5777 -82.1098 43.6732 0.0000
540.03 15.07.2018 14.00.01 26.06674 300.9043 38.8439 0.1104 -5.1255 6.9812 401.9577 213.3729 391.5910 487.3473 -80.5484 44.5492 0.0000
550.03 15.07.2018 14.10.01 26.09844 300.9309 122.4994 0.3480 -4.9395 7.0501 391.4158 208.0356 392.2197 488.2414 -74.4518 45.3594 0.0000
560.03 15.07.2018 14.20.01 26.15511 300.9937 119.6400 0.3399 -4.8684 6.9444 377.6969 200.9740 392.5874 488.4925 -68.5918 46.1010 0.0000
570.03 15.07.2018 14.30.01 26.21209 301.0289 126.1090 0.3583 -4.7815 6.8530 363.0391 193.3344 392.6989 488.2159 -63.5335 46.7840 0.0000
580.03 15.07.2018 14.40.01 26.27136 301.0405 96.5872 0.2744 -4.6938 6.6243 344.6063 183.6265 392.6553 487.0838 -58.6522 47.4264 0.0000
590.03 15.07.2018 14.50.01 26.32296 301.0569 115.3969 0.3278 -4.5544 6.5097 326.5283 174.0130 392.7864 485.6360 -54.2564 48.0188 0.0000
600.03 15.07.2018 15.00.01 26.38058 301.2219 121.6753 0.3457 -4.4358 6.3753 306.9710 163.5315 392.8731 483.7475 -49.6958 48.5599 0.0000
610.03 15.07.2018 15.10.01 26.44027 301.3689 86.0423 0.2444 -4.3212 6.0875 297.5303 158.6532 392.5195 482.0007 -51.1785 48.7960 0.0000
620.03 15.07.2018 15.20.01 26.49059 301.2283 127.0635 0.3610 -4.1475 6.0113 289.9033 154.6430 391.5533 480.0032 -53.2132 49.0264 0.0000
630.03 15.07.2018 15.30.01 26.55291 301.0938 151.5141 0.4304 -4.0358 5.9550 281.9822 150.4355 390.4603 477.5454 -55.4968 49.2764 0.0000
640.03 15.07.2018 15.40.01 26.62249 301.0457 139.0969 0.3952 -3.9582 5.8045 271.5044 144.8431 389.3570 474.7327 -56.0468 49.5474 0.0000
650.03 15.07.2018 15.50.01 26.68859 300.9114 148.3118 0.4213 -3.8626 5.7119 261.2905 139.3490 388.3896 471.7161 -56.9360 49.8275 0.0000
660.03 15.07.2018 16.00.01 26.75707 300.7246 155.4637 0.4417 -3.7856 5.6363 250.7486 133.6401 387.2765 468.4565 -57.7035 50.1228 0.0000
670.03 15.07.2018 16.10.01 26.82665 300.5379 72.9512 0.2072 -3.7242 5.2419 242.0999 129.2622 385.3639 466.0699 -55.6638 50.4176 0.0000
680.03 15.07.2018 16.20.01 26.87161 300.3584 40.5620 0.1152 -3.5469 4.8828 233.6345 124.9575 383.4830 463.7062 -53.5528 50.6830 0.0000
690.03 15.07.2018 16.30.01 26.90600 300.1573 22.8862 0.0650 -3.3336 4.5315 225.0878 120.5960 381.5392 461.2702 -51.5731 50.9259 0.0000
700.03 15.07.2018 16.40.01 26.93405 299.7090 7.3722 0.0209 -3.1082 4.1722 216.4199 116.1870 379.4399 458.5872 -50.4753 51.1484 0.0000
710.03 15.07.2018 16.50.01 26.95596 299.4961 -8.7856 -0.0250 -2.8776 3.8035 207.4637 111.6148 377.3800 456.0021 -48.3314 51.3449 0.0000
720.03 15.07.2018 17.00.01 26.97167 299.2725 -21.1214 -0.0600 -2.6406 3.4408 198.1776 106.8383 375.3981 453.0593 -46.8343 51.5107 0.0000
730.03 15.07.2018 17.10.01 26.98254 299.0594 -1.7045 -0.0048 -2.4014 3.1955 189.7493 102.4186 373.6413 450.3330 -44.3869 51.6575 0.0000
740.03 15.07.2018 17.20.01 26.99786 298.8275 6.2093 0.0176 -2.2048 2.9633 181.2643 97.9510 371.9527 447.5793 -42.3295 51.8016 0.0000
750.03 15.07.2018 17.30.01 27.01461 298.6061 2.4184 0.0069 -2.0324 2.7190 172.4761 93.3144 370.2880 444.7885 -40.3110 51.9418 0.0000
760.03 15.07.2018 17.40.01 27.02932 298.3877 0.3400 0.0010 -1.8659 2.4891 162.0139 87.7332 368.6712 441.8335 -38.2199 52.0777 0.0000
770.03 15.07.2018 17.50.01 27.04238 298.1786 -6.8071 -0.0193 -1.7074 2.2508 151.2945 82.0065 367.0658 438.8211 -35.9942 52.2062 0.0000
780.03 15.07.2018 18.00.01 27.05245 297.9488 -15.2958 -0.0435 -1.5500 2.0087 140.3040 76.1214 365.3936 435.7110 -33.9623 52.3026 0.0000
790.03 15.07.2018 18.10.01 27.05898 297.4381 -15.1585 -0.0431 -1.3941 1.8013 123.7691 67.1302 363.6402 431.8533 -32.2335 52.3924 0.0000
800.03 15.07.2018 18.20.01 27.06384 296.9200 -33.7501 -0.0959 -1.2571 1.5484 106.7515 57.8968 361.7158 427.6986 -30.4082 52.4724 0.0000
810.03 15.07.2018 18.30.01 27.06167 296.3990 -44.9334 -0.1277 -1.1119 1.3123 89.8138 48.6944 359.7880 423.3936 -28.5351 52.5444 0.0000
820.03 15.07.2018 18.40.01 27.05459 295.8819 -55.2353 -0.1569 -0.9698 1.0839 65.3538 35.3220 357.8393 418.2756 -25.8934 52.6048 0.0000
830.03 15.07.2018 18.50.01 27.04284 295.3577 -75.1794 -0.2136 -0.8319 0.8244 40.7487 21.8950 355.8096 412.8783 -22.9780 52.6582 0.0000
840.03 15.07.2018 19.00.01 27.02352 294.8320 -91.0791 -0.2587 -0.6836 0.5664 16.3775 8.6052 353.7712 407.3368 -19.8555 52.6994 0.0000
850.03 15.07.2018 19.10.01 26.99795 294.2181 -87.5629 -0.2488 -0.5328 0.3787 13.2511 7.0060 351.8320 403.4814 -18.4233 52.7336 0.0000
860.03 15.07.2018 19.20.01 26.97170 293.6054 -67.4538 -0.1916 -0.4108 0.2922 11.0640 5.8647 350.1459 400.0587 -17.7742 52.7578 0.0000
870.03 15.07.2018 19.30.01 26.94949 293.0352 -60.3330 -0.1714 -0.3396 0.2243 9.0575 4.8124 348.5196 396.8813 -17.2922 52.7781 0.0000
880.03 15.07.2018 19.40.01 26.92785 292.4476 -62.7765 -0.1783 -0.2983 0.1600 6.0991 3.2339 346.8657 393.8145 -16.8291 52.7962 0.0000
890.03 15.07.2018 19.50.01 26.90396 291.8731 -70.8989 -0.2014 -0.2714 0.0933 3.1564 1.6673 345.2343 390.8623 -16.5078 52.8121 0.0000
900.03 15.07.2018 20.00.01 26.87618 291.2608 -81.3223 -0.2310 -0.2510 0.0266 0.2568 0.1263 343.5804 387.9600 -16.5639 52.8251 0.0000
910.03 15.07.2018 20.10.01 26.84393 290.8247 -80.7550 -0.2294 -0.2330 0.0048 0.0462 0.0227 341.9605 385.4667 -16.2136 52.8350 0.0000
920.03 15.07.2018 20.20.01 26.81048 290.3956 -81.0650 -0.2303 -0.2309 0.0009 0.0083 0.0041 340.4068 383.1342 -16.0754 52.8409 0.0000
930.03 15.07.2018 20.30.01 26.77572 289.9675 -85.3268 -0.2424 -0.2425 0.0002 0.0015 0.0007 338.8834 380.9073 -16.0986 52.8456 0.0000
940.03 15.07.2018 20.40.01 26.73861 289.5524 -91.8017 -0.2608 -0.2608 0.0000 0.0003 0.0001 337.3794 378.8242 -15.8923 52.8492 0.0000
950.03 15.07.2018 20.50.01 26.69866 289.1420 -98.6521 -0.2803 -0.2803 0.0000 0.0000 0.0000 335.8740 376.8232 -15.7751 52.8524 0.0000
960.03 15.07.2018 21.00.01 26.65588 288.7494 -105.5432 -0.2998 -0.2998 0.0000 0.0000 0.0000 334.3886 374.9442 -15.5407 52.8553 0.0000
970.03 15.07.2018 21.10.01 26.61047 288.4558 -110.4240 -0.3137 -0.3137 0.0000 0.0000 0.0000 333.0191 373.2642 -14.0752 52.8582 0.0000
980.03 15.07.2018 21.20.01 26.56420 288.1632 -110.4170 -0.3137 -0.3137 0.0000 0.0000 0.0000 331.8546 371.5992 -14.0154 52.8612 0.0000
990.03 15.07.2018 21.30.01 26.51730 288.1510 -114.4035 -0.3250 -0.3250 0.0000 0.0000 0.0000 331.0051 369.9198 -15.4845 52.8641 0.0000
1000.03 15.07.2018 21.40.01 26.46740 288.0858 -122.3422 -0.3476 -0.3476 0.0000 0.0000 0.0000 329.9988 368.8599 -12.1467 52.8670 0.0000
1010.03 15.07.2018 21.50.01 26.41607 287.2168 -123.8464 -0.3518 -0.3518 0.0000 0.0000 0.0000 328.4043 366.9205 -14.7114 52.8693 0.0000
1020.03 15.07.2018 22.00.01 26.36218 286.9924 -135.3718 -0.3846 -0.3846 0.0000 0.0000 0.0000 327.3147 365.2107 -17.3021 52.8722 0.0000
1030.03 15.07.2018 22.10.01 26.30175 286.8324 -152.1742 -0.4323 -0.4323 0.0000 0.0000 0.0000 326.5661 363.7921 -16.6299 52.8751 0.0000
1040.03 15.07.2018 22.20.01 26.23583 286.6889 -161.2403 -0.4581 -0.4581 0.0000 0.0000 0.0000 325.8672 362.4917 -15.9984 52.8773 0.0000
1050.03 15.07.2018 22.30.01 26.16726 286.5499 -165.5528 -0.4703 -0.4703 0.0000 0.0000 0.0000 325.1666 361.2675 -15.4406 52.8791 0.0000
1060.03 15.07.2018 22.40.01 26.09731 286.4109 -167.6945 -0.4764 -0.4764 0.0000 0.0000 0.0000 324.4851 360.1119 -14.9418 52.8808 0.0000
1070.03 15.07.2018 22.50.01 26.02682 286.2696 -169.3970 -0.4812 -0.4812 0.0000 0.0000 0.0000 323.8202 359.0116 -14.5321 52.8819 0.0000
1080.03 15.07.2018 23.00.01 25.95541 286.1274 -170.0079 -0.4830 -0.4830 0.0000 0.0000 0.0000 323.1696 357.9609 -14.1919 52.8828 0.0000
1090.03 15.07.2018 23.10.01 25.88415 286.0924 -168.4779 -0.4786 -0.4786 0.0000 0.0000 0.0000 322.7437 357.2758 -11.8726 52.8834 0.0000
1100.03 15.07.2018 23.20.01 25.81542 286.0634 -158.4947 -0.4503 -0.4503 0.0000 0.0000 0.0000 322.2716 356.3326 -11.3964 52.8837 0.0000
1110.03 15.07.2018 23.30.01 25.75076 285.8019 -154.2888 -0.4383 -0.4383 0.0000 0.0000 0.0000 321.8485 355.1898 -13.6228 52.8841 0.0000
1120.03 15.07.2018 23.40.01 25.68469 285.9259 -160.4423 -0.4558 -0.4558 0.0000 0.0000 0.0000 321.5102 354.9277 -10.4646 52.8846 0.0000
1130.03 15.07.2018 23.50.01 25.61804 285.8704 -157.3375 -0.4470 -0.4470 0.0000 0.0000 0.0000 320.9486 354.5576 -8.7420 52.8847 0.0000
1140.03 16.07.2018 00.00.01 25.55258 285.3995 -157.3508 -0.4470 -0.4470 0.0000 0.0000 0.0000 320.5397 353.3360 -11.8637 52.8850 0.0000
1150.03 16.07.2018 00.10.01 25.48498 285.3646 -165.2801 -0.4695 -0.4695 0.0000 0.0000 0.0000 320.1614 352.7129 -10.9969 52.8855 0.0000
1160.03 16.07.2018 00.20.01 25.41479 285.3733 -168.9961 -0.4801 -0.4801 0.0000 0.0000 0.0000 319.8910 352.1919 -10.0371 52.8856 0.0000
1170.03 16.07.2018 00.30.01 25.34374 285.3916 -169.4234 -0.4813 -0.4813 0.0000 0.0000 0.0000 319.6489 351.7270 -9.1381 52.8856 0.0000
1180.03 16.07.2018 00.40.01 25.27313 285.4114 -169.2194 -0.4807 -0.4807 0.0000 0.0000 0.0000 319.4179 351.3036 -8.2890 52.8856 0.0000
1190.03 16.07.2018 00.50.01 25.20263 285.2876 -168.0622 -0.4774 -0.4774 0.0000 0.0000 0.0000 319.0965 350.7984 -8.1555 52.8856 0.0000
1200.03 16.07.2018 01.00.01 25.13217 285.2845 -167.2879 -0.4752 -0.4752 0.0000 0.0000 0.0000 318.8147 350.3607 -7.5740 52.8856 0.0000
1210.03 16.07.2018 01.10.01 25.06198 285.1493 -167.4451 -0.4757 -0.4757 0.0000 0.0000 0.0000 318.4804 349.7779 -8.0549 52.8856 0.0000
1220.03 16.07.2018 01.20.01 24.99114 285.0114 -171.0099 -0.4858 -0.4858 0.0000 0.0000 0.0000 318.1142 349.1592 -8.6653 52.8856 0.0000
1230.03 16.07.2018 01.30.01 24.91836 284.8550 -176.6904 -0.5020 -0.5020 0.0000 0.0000 0.0000 317.7051 348.5083 -9.3852 52.8856 0.0000
1240.03 16.07.2018 01.40.01 24.84304 284.7589 -182.7179 -0.5191 -0.5191 0.0000 0.0000 0.0000 317.2929 347.9390 -9.5399 52.8856 0.0000
1250.03 16.07.2018 01.50.01 24.76550 284.6703 -187.1300 -0.5316 -0.5316 0.0000 0.0000 0.0000 316.8926 347.3613 -9.6843 52.8856 0.0000
1260.03 16.07.2018 02.00.01 24.68633 284.5830 -190.2899 -0.5406 -0.5406 0.0000 0.0006 0.0003 316.4915 346.7642 -9.7992 52.8856 0.0000
1270.03 16.07.2018 02.10.01 24.60653 284.6345 -185.8352 -0.5279 -0.5393 0.0151 0.3369 0.1706 316.1425 346.5014 -7.6717 52.8853 0.0000
1280.03 16.07.2018 02.20.01 24.53042 284.6514 -171.4413 -0.4870 -0.5127 0.0343 0.7143 0.3614 315.6248 346.1220 -6.8111 52.8814 0.0000
1290.03 16.07.2018 02.30.01 24.45971 284.5646 -162.3853 -0.4613 -0.5018 0.0540 1.0978 0.5552 315.5560 345.5869 -8.2343 52.8804 0.0000
1300.03 16.07.2018 02.40.01 24.39019 284.7595 -162.2556 -0.4610 -0.5164 0.0739 1.4826 0.7496 315.1529 345.5574 -5.6715 52.8786 0.0000
1310.03 16.07.2018 02.50.01 24.32247 284.3301 -156.5883 -0.4449 -0.5152 0.0939 1.8675 0.9441 314.7991 344.8176 -7.9737 52.8743 0.0000
1320.03 16.07.2018 03.00.01 24.25433 284.1355 -165.4715 -0.4701 -0.5555 0.1139 2.2556 1.1401 314.4259 344.0783 -10.1616 52.8736 0.0000
1330.03 16.07.2018 03.10.01 24.18099 284.2707 -156.3873 -0.4443 -0.6063 0.2160 4.4688 2.2605 314.4115 343.8785 -9.0907 52.8739 0.0000
1340.03 16.07.2018 03.20.01 24.11080 284.4326 -143.4963 -0.4077 -0.6625 0.3399 6.9053 3.4921 314.5575 343.8701 -8.0801 52.8745 0.0000
1350.03 16.07.2018 03.30.01 24.04543 284.6027 -132.2102 -0.3756 -0.7261 0.4673 9.3750 4.7400 314.7714 343.9808 -7.1569 52.8751 0.0000
1360.03 16.07.2018 03.40.01 23.98437 284.7770 -122.6879 -0.3485 -0.7951 0.5954 11.8515 5.9912 315.0233 344.1885 -6.3311 52.8760 0.0000
1370.03 16.07.2018 03.50.01 23.92703 284.9547 -114.3350 -0.3248 -0.8675 0.7236 14.3291 7.2430 315.3030 344.4813 -5.5847 52.8769 0.0000
1380.03 16.07.2018 04.00.01 23.87292 285.1364 -106.8295 -0.3035 -0.9424 0.8518 16.8065 8.4946 315.6072 344.8483 -4.9084 52.8784 0.0000
1390.03 16.07.2018 04.10.01 23.82226 285.8944 -99.1938 -0.2818 -1.0087 0.9692 19.0428 9.6242 317.3022 346.0100 -1.2321 52.8779 0.0000
1400.03 16.07.2018 04.20.01 23.77722 286.6494 -81.7686 -0.2323 -1.0451 1.0838 21.2497 10.7391 318.9100 347.1664 1.3664 52.8713 0.0000
1410.03 16.07.2018 04.30.01 23.73992 287.3701 -64.9904 -0.1846 -1.0830 1.1978 23.4522 11.8518 321.2111 348.5945 4.5082 52.8692 0.0000
1420.03 16.07.2018 04.40.01 23.70812 288.0902 -53.8881 -0.1531 -1.1369 1.3118 25.6538 12.9641 323.0582 350.1274 5.6576 52.8704 0.0000
1430.03 16.07.2018 04.50.01 23.68118 288.8194 -41.8123 -0.1188 -1.1881 1.4257 58.9461 29.6218 324.7509 352.2411 7.1037 52.8660 0.0000
1440.03 16.07.2018 05.00.01 23.65930 289.5611 14.5543 0.0413 -1.2443 1.7142 67.2720 33.7490 327.4816 355.3583 9.1454 52.8671 0.0000
1450.03 16.07.2018 05.10.01 23.65499 290.1943 14.3441 0.0408 -1.3706 1.8818 228.7920 114.5105 329.4719 360.9831 4.5516 52.8749 0.0000
1460.03 16.07.2018 05.20.01 23.65359 291.0152 265.7242 0.7549 -1.4812 2.9815 397.7550 198.7642 333.4617 372.7508 -8.8858 52.8902 0.0000
1470.03 16.07.2018 05.30.01 23.72823 291.8749 469.7552 1.3345 -1.9418 4.3684 650.5568 324.9520 339.0994 390.3898 -29.5069 52.9313 0.0000
1480.03 16.07.2018 05.40.01 23.86694 293.2749 629.5845 1.7886 -2.6614 5.9334 620.3263 309.6230 350.1038 409.8623 -46.2864 53.0829 0.0000
1490.03 16.07.2018 05.50.01 24.05520 293.9854 370.2426 1.0518 -3.5564 6.1443 578.6838 288.8820 353.4374 421.3554 -57.5281 53.2566 0.0000
1500.03 16.07.2018 06.00.01 24.17178 294.5029 188.3954 0.5352 -4.0117 6.0626 533.8106 266.5250 355.3742 429.3909 -67.5173 53.4336 0.0000
1510.03 16.07.2018 06.10.01 24.23663 294.8496 98.7164 0.2804 -4.1808 5.9483 515.1073 257.2409 356.8481 435.5803 -72.5381 53.6094 0.0000
1520.03 16.07.2018 06.20.01 24.27480 295.2021 92.1673 0.2618 -4.2226 5.9792 497.6644 248.5732 358.5390 441.0082 -76.0652 53.7879 0.0000
1530.03 16.07.2018 06.30.01 24.37179 295.5521 8891.6025 25.2602 -4.2619 39.3629 547.4553 252.9054 360.0869 445.7321 -78.9855 53.9754 0.0000
1540.03 16.07.2018 06.40.01 26.97604 296.0668 3926.7583 11.1556 -17.5649 38.2939 534.8108 247.3062 363.1722 450.4409 -80.3089 54.2375 0.0000
1550.03 16.07.2018 06.50.01 28.16842 296.4150 1733.9313 4.9259 -22.9514 37.1697 522.0347 241.6847 364.7321 454.1567 -81.4773 54.4350 0.0000
1560.03 16.07.2018 07.00.01 28.72827 296.7570 725.9368 2.0623 -24.9274 35.9863 508.8924 235.9032 366.2328 457.2178 -81.8883 54.6388 0.0000
1570.03 16.07.2018 07.10.01 28.99349 297.0527 340.2671 0.9667 -25.3879 35.1394 500.5381 232.2846 367.8666 459.8101 -82.0985 54.8470 0.0000
1580.03 16.07.2018 07.20.01 29.14218 297.3519 149.8041 0.4256 -25.3080 34.3115 492.4720 228.8182 369.5611 462.1866 -81.8950 55.0605 0.0000
1590.03 16.07.2018 07.30.01 29.23107 297.6546 28.8166 0.0819 -24.9862 33.4241 528.3065 247.3366 371.2547 465.1883 -82.2087 55.2862 0.0000
1600.03 16.07.2018 07.40.01 29.28124 298.2188 5.6159 0.0160 -24.5221 32.7174 521.0257 244.1993 374.9975 469.2275 -80.8515 55.7214 0.0000
1610.03 16.07.2018 07.50.01 29.32125 298.6190 -43.2290 -0.1228 -24.0588 31.9146 513.1262 240.7971 377.4290 472.3572 -79.1351 56.1432 0.0000
1620.03 16.07.2018 08.00.01 29.34448 299.0609 -93.9828 -0.2670 -23.5508 31.0450 507.6971 238.9553 380.1393 475.8575 -77.3861 56.4243 0.0000
1630.03 16.07.2018 08.10.01 29.35076 299.1962 -115.3465 -0.3277 -22.9905 30.2170 500.1415 235.7838 381.4626 478.4313 -77.3345 56.6764 0.0000
1640.03 16.07.2018 08.20.01 29.39041 299.3176 5838.2998 16.5861 -22.4225 52.0114 537.5752 241.1153 382.6538 480.8039 -78.3744 56.9215 0.0000
1650.03 16.07.2018 08.30.01 31.12423 299.4914 2392.8684 6.7979 -30.8472 50.1935 527.7356 237.4072 384.4187 483.1424 -80.0749 57.2373 0.0000
1660.03 16.07.2018 08.40.01 31.87628 299.6049 893.7426 2.5390 -33.8045 48.4581 519.1086 234.2319 385.5485 484.9461 -80.2111 57.5493 0.0000
1670.03 16.07.2018 08.50.01 32.21853 299.7424 3707.6172 10.5330 -34.4534 59.9819 545.1777 240.2266 386.6901 486.7763 -81.6863 57.8619 0.0000
1680.03 16.07.2018 09.00.01 33.35504 299.9492 1339.4668 3.8053 -39.3622 57.5567 534.6321 236.5322 388.4764 488.5769 -84.0319 58.2771 0.0000
1690.03 16.07.2018 09.10.01 33.81066 299.9993 203.4346 0.5779 -40.5748 54.8703 523.6242 232.8510 389.4749 489.5647 -87.7976 58.6910 0.0000
1700.03 16.07.2018 09.20.01 33.93258 299.9469 -330.4325 -0.9387 -40.0924 52.2048 521.3824 233.5622 388.9725 490.0249 -92.0575 59.1951 0.0000
1710.03 16.07.2018 09.30.01 33.89279 299.7363 -592.8079 -1.6841 -38.8704 49.5817 517.9309 233.6395 386.0898 489.2387 -100.8887 60.1253 0.0000
1720.03 16.07.2018 09.40.01 33.77001 299.8005 -678.7543 -1.9283 -37.3282 47.1999 511.8975 232.3069 387.0906 488.7966 -104.6910 61.3032 0.0000
1730.03 16.07.2018 09.50.01 33.61636 299.9050 -712.5004 -2.0241 -35.7247 44.9341 503.8740 230.0166 388.2494 488.3493 -107.6637 62.5167 0.0000
1740.03 16.07.2018 10.00.01 33.44756 300.0284 -785.2454 -2.2308 -34.1272 42.5285 494.2918 226.9500 389.2860 487.6311 -109.4471 63.7378 0.0000
1750.03 16.07.2018 10.10.01 33.25213 300.3088 -1018.7815 -2.8943 -32.4669 39.4301 478.1889 221.1795 390.8813 488.6392 -98.3239 64.9515 0.0000
1760.03 16.07.2018 10.20.01 32.98495 300.6228 -1154.6796 -3.2803 -30.4951 36.2864 460.5971 214.5627 392.2002 489.3651 -91.0686 66.1372 0.0000
1770.03 16.07.2018 10.30.01 32.67391 300.8696 -1251.1377 -3.5544 -28.3636 33.0789 441.4419 207.0677 392.9678 489.3761 -87.4750 67.2905 0.0000
1780.03 16.07.2018 10.40.01 32.33178 300.9614 -1162.6847 -3.3031 -26.1327 30.4395 428.4030 202.4726 394.3426 489.4746 -84.2385 68.3987 0.0000
1790.03 16.07.2018 10.50.01 32.01272 301.1060 -1127.9005 -3.2043 -24.0352 27.7746 413.6673 196.9075 395.6032 489.1191 -81.9065 70.4919 0.0000
1800.03 16.07.2018 11.00.01 31.69720 301.2980 -1090.8582 -3.0990 -22.0422 25.2575 399.8097 191.7012 396.9013 488.6757 -80.2809 72.4801 0.0000
1810.03 16.07.2018 11.10.01 31.39150 301.4350 -908.0961 -2.5798 -20.1423 23.4167 398.3473 192.5352 397.7298 489.8003 -73.1274 74.3777 0.0000
1820.03 16.07.2018 11.20.01 31.13693 301.4765 -855.4194 -2.4302 -18.5434 21.4844 391.9337 190.4829 398.3311 488.4059 -80.8316 76.2603 0.0000
1830.03 16.07.2018 11.30.01 30.89660 301.4392 -857.3844 -2.4358 -17.0388 19.4707 385.7876 188.6322 398.5762 486.0088 -90.4332 78.1203 0.0000
1840.03 16.07.2018 11.40.01 30.65450 301.8036 -861.7424 -2.4481 -15.5439 17.4611 386.4488 190.7489 401.6060 487.8952 -76.2235 79.7774 0.0000
1850.03 16.07.2018 11.50.01 30.41036 302.5700 -910.2606 -2.5860 -14.0448 15.2785 387.2591 193.0126 407.2267 489.8061 -72.3333 81.0837 0.0000
1860.03 16.07.2018 12.00.01 30.15121 302.0605 -984.4983 -2.7969 -12.4781 12.9083 393.6497 198.6312 402.1097 490.2251 -82.8406 82.4645 0.0000
1870.03 16.07.2018 12.10.01 29.86810 302.0577 -949.0448 -2.6961 -10.8374 10.8550 386.8137 196.6107 401.4892 489.8259 -84.9034 84.0415 0.0000
1880.03 16.07.2018 12.20.01 29.59490 302.0593 -687.0242 -1.9518 -9.2883 9.7820 383.6947 196.1270 400.8027 489.4437 -86.8216 85.7028 0.0000
1890.03 16.07.2018 12.30.01 29.39929 302.0721 -297.0480 -0.8439 -8.1634 9.7594 386.0034 198.1141 400.0068 489.3868 -89.2591 87.4345 0.0000
1900.03 16.07.2018 12.40.01 29.31817 302.0956 -113.9952 -0.3238 -7.6300 9.7415 390.2319 201.1773 399.1068 489.5291 -91.2158 89.2278 0.0000
1910.03 16.07.2018 12.50.01 29.29177 302.1180 -66.8862 -0.1900 -7.3592 9.5590 390.5679 202.0763 397.9765 489.1247 -92.7739 90.8121 0.0000
1920.03 16.07.2018 13.00.01 29.28103 302.1712 4.1734 0.0119 -7.1451 9.5426 392.0545 203.4939 397.1911 488.7514 -94.3044 92.3664 0.0000
1930.03 16.07.2018 13.10.01 29.29339 302.1391 151.5526 0.4305 -7.0255 9.9414 388.2219 201.8400 397.1158 488.4691 -93.2144 93.7565 0.0000
1940.03 16.07.2018 13.20.01 29.35000 302.0816 143.2662 0.4070 -7.1075 10.0194 378.9256 197.2417 396.5616 487.4296 -91.4137 95.1574 0.0000
1950.03 16.07.2018 13.30.01 29.40621 302.0292 190.5710 0.5414 -7.1590 10.2672 370.2521 192.8407 396.1746 486.2793 -89.6370 96.5449 0.0000
1960.03 16.07.2018 13.40.01 29.47775 301.9718 211.1663 0.5999 -7.2655 10.4872 359.4699 187.2122 395.7603 484.8051 -87.3876 97.8737 0.0000
1970.03 16.07.2018 13.50.01 29.55667 301.9147 224.9916 0.6392 -7.3863 10.7006 347.1257 180.6533 395.3137 483.0220 -84.7869 99.2009 0.0000
1980.03 16.07.2018 14.00.01 29.64068 301.8473 223.4678 0.6349 -7.5149 10.8663 332.5767 172.8203 394.7687 480.8469 -81.7217 100.5216 0.0000
1990.03 16.07.2018 14.10.01 29.72448 301.7547 120.7226 0.3430 -7.6252 10.6242 324.1150 168.5597 393.8505 478.5150 -82.0181 101.8389 0.0000
2000.03 16.07.2018 14.20.01 29.77883 301.6633 85.3873 0.2426 -7.5726 10.4202 315.6334 164.2476 392.8978 476.1384 -81.9879 103.1406 0.0000
2010.03 16.07.2018 14.30.01 29.82296 301.5714 75.0409 0.2132 -7.4655 10.2382 306.8633 159.7396 391.9832 473.7016 -81.4772 104.4234 0.0000
2020.03 16.07.2018 14.40.01 29.86392 301.4771 54.3314 0.1544 -7.3418 9.9949 296.4611 154.3373 390.9987 471.1279 -80.2520 105.6900 0.0000
2030.03 16.07.2018 14.50.01 29.89886 301.3824 58.6122 0.1665 -7.1882 9.8064 286.2717 149.0058 390.0930 468.5399 -78.7816 106.9388 0.0000
2040.03 16.07.2018 15.00.01 29.93493 301.2896 57.3933 0.1630 -7.0427 9.6077 275.4162 143.2842 389.2034 465.8674 -76.9557 108.1682 0.0000
2050.03 16.07.2018 15.10.01 29.96966 301.2441 -60.3153 -0.1714 -6.8978 8.9686 275.0655 143.6866 387.8946 464.5670 -73.8969 108.7804 0.0000
2060.03 16.07.2018 15.20.01 29.97039 301.2130 -85.5375 -0.2430 -6.5760 8.4441 276.2017 144.8619 386.8169 463.8323 -70.9945 109.3720 0.0000
2070.03 16.07.2018 15.30.01 29.96313 301.1871 -96.2923 -0.2736 -6.2239 7.9338 277.6487 146.2086 385.8263 463.2901 -69.2329 109.9447 0.0000
2080.03 16.07.2018 15.40.01 29.95193 301.1639 -123.3889 -0.3505 -5.8636 7.3508 280.3595 148.2913 384.7767 463.1227 -67.4122 110.5011 0.0000
2090.03 16.07.2018 15.50.01 29.93212 301.1435 -126.5043 -0.3594 -5.4711 6.8156 283.7947 150.7589 383.7975 463.2199 -66.0744 111.0366 0.0000
2100.03 16.07.2018 16.00.01 29.91061 301.1266 -129.6539 -0.3683 -5.0837 6.2871 287.2597 153.2388 382.8469 463.4715 -65.0063 111.5531 0.0000
2110.03 16.07.2018 16.10.01 29.88772 300.9941 -82.6435 -0.2348 -4.7025 5.9570 274.6030 146.6167 381.8106 462.0858 -63.6549 112.0504 0.0000
2120.03 16.07.2018 16.20.01 29.87728 300.8459 -73.6804 -0.2093 -4.4064 5.5961 261.3337 139.6591 380.6498 460.2587 -61.7919 112.5283 0.0000
2130.03 16.07.2018 16.30.01 29.86849 300.6914 -72.8601 -0.2070 -4.1351 5.2374 247.8109 132.5473 379.4411 458.1978 -59.5537 112.9856 0.0000
2140.03 16.07.2018 16.40.01 29.85919 300.5335 -79.4962 -0.2258 -3.8756 4.8664 232.9159 124.6984 378.1863 455.8284 -57.2198 113.4226 0.0000
2150.03 16.07.2018 16.50.01 29.84710 300.3707 -89.9718 -0.2556 -3.6157 4.4802 217.5518 116.5838 376.8777 453.2309 -54.5209 113.8389 0.0000
2160.03 16.07.2018 17.00.01 29.83114 300.2036 -95.7798 -0.2721 -3.3494 4.1031 201.7991 108.2263 375.5703 450.4388 -51.5934 114.2321 0.0000
2170.03 16.07.2018 17.10.01 29.81280 299.9727 -79.9859 -0.2272 -3.0850 3.8104 189.5315 101.7094 374.3487 447.7658 -49.0840 114.6008 0.0000
2180.03 16.07.2018 17.20.01 29.79800 299.7428 -69.4830 -0.1974 -2.8560 3.5448 177.3255 95.2011 373.1527 445.0641 -46.6178 114.9505 0.0000
2190.03 16.07.2018 17.30.01 29.78542 299.5123 -70.4050 -0.2000 -2.6539 3.2718 164.8467 88.5372 371.9463 442.2829 -44.0644 115.2803 0.0000
2200.03 16.07.2018 17.40.01 29.77175 299.2804 -70.6683 -0.2008 -2.4606 3.0131 149.5089 80.2722 370.7573 439.2107 -41.1420 115.5889 0.0000
2210.03 16.07.2018 17.50.01 29.75710 299.0458 -77.9934 -0.2216 -2.2772 2.7408 133.8727 71.8424 369.5482 435.9996 -38.0830 115.8782 0.0000
2220.03 16.07.2018 18.00.01 29.73940 298.8112 -85.8353 -0.2439 -2.0930 2.4655 118.0319 63.2928 368.4756 432.7067 -34.8934 116.0952 0.0000
2230.03 16.07.2018 18.10.01 29.71844 298.4183 -100.9316 -0.2867 -1.9106 2.1652 103.5871 55.5467 366.9490 429.5230 -31.5854 116.2962 0.0000
2240.03 16.07.2018 18.20.01 29.69143 298.0194 -117.6279 -0.3342 -1.7228 1.8514 88.9700 47.7113 365.3677 426.2154 -28.5717 116.4715 0.0000
2250.03 16.07.2018 18.30.01 29.65811 297.6112 -127.3960 -0.3619 -1.5276 1.5542 74.4575 39.9218 363.8434 422.8077 -25.8151 116.6226 0.0000
2260.03 16.07.2018 18.40.01 29.62057 297.2007 -136.5774 -0.3880 -1.3345 1.2619 54.5570 29.1457 362.2946 418.8543 -22.5076 116.7496 0.0000
2270.03 16.07.2018 18.50.01 29.57891 296.7878 -151.5261 -0.4305 -1.1426 0.9495 34.5712 18.3395 360.6788 414.6760 -19.1605 116.8488 0.0000
2280.03 16.07.2018 19.00.01 29.53167 296.3744 -164.0268 -0.4660 -0.9440 0.6373 14.7482 7.6293 359.0653 410.3501 -15.9051 116.9284 0.0000
2290.03 16.07.2018 19.10.01 29.47961 295.6517 -144.2879 -0.4099 -0.7453 0.4472 11.7636 6.1155 357.4298 406.9980 -15.5560 116.9810 0.0000
2300.03 16.07.2018 19.20.01 29.43142 294.9558 -119.5342 -0.3396 -0.6010 0.3485 9.6452 5.0261 355.8558 403.9494 -15.6961 117.0210 0.0000
2310.03 16.07.2018 19.30.01 29.38867 294.2561 -110.8615 -0.3149 -0.5148 0.2665 7.6868 4.0154 354.3142 401.0036 -16.1565 117.0535 0.0000
2320.03 16.07.2018 19.40.01 29.34698 293.5425 -111.9081 -0.3179 -0.4586 0.1875 5.1984 2.7110 352.7924 398.1316 -16.5013 117.0806 0.0000
2330.03 16.07.2018 19.50.01 29.30383 292.8290 -117.7876 -0.3346 -0.4152 0.1074 2.7206 1.4142 351.3007 395.3141 -16.9667 117.0936 0.0000
2340.03 16.07.2018 20.00.01 29.25781 292.1129 -124.8571 -0.3547 -0.3752 0.0274 0.2685 0.1326 349.8236 392.5363 -17.5429 117.1051 0.0000
2350.03 16.07.2018 20.10.01 29.20898 291.9690 -116.6906 -0.3315 -0.3351 0.0048 0.0461 0.0226 350.7864 390.5044 -17.2950 117.1110 0.0000
2360.03 16.07.2018 20.20.01 29.16216 291.7587 -108.8021 -0.3091 -0.3098 0.0009 0.0085 0.0042 351.9298 388.7279 -17.3965 117.1168 0.0000
2370.03 16.07.2018 20.30.01 29.11767 291.5671 -104.0079 -0.2955 -0.2956 0.0002 0.0015 0.0007 353.1091 387.1784 -17.4666 117.1227 0.0000
2380.03 16.07.2018 20.40.01 29.07479 291.4177 -100.9781 -0.2869 -0.2869 0.0000 0.0003 0.0001 354.3133 385.8960 -17.0099 117.1285 0.0000
2390.03 16.07.2018 20.50.01 29.03326 291.2587 -97.1559 -0.2760 -0.2760 0.0000 0.0000 0.0000 355.5289 384.7749 -16.8466 117.1344 0.0000
2400.03 16.07.2018 21.00.01 28.99325 291.0901 -94.7757 -0.2692 -0.2692 0.0000 0.0000 0.0000 356.7833 383.7622 -17.1345 117.1402 0.0000
2410.03 16.07.2018 21.10.01 28.95388 291.4766 -93.9003 -0.2668 -0.2668 0.0000 0.0000 0.0000 356.8959 383.3030 -14.2395 117.1461 0.0000
2420.03 16.07.2018 21.20.01 28.91454 291.8656 -93.2899 -0.2650 -0.2650 0.0000 0.0000 0.0000 357.2153 383.0045 -11.7631 117.1519 0.0000
2430.03 16.07.2018 21.30.01 28.87518 292.2745 -95.0735 -0.2701 -0.2701 0.0000 0.0000 0.0000 357.5794 382.8882 -9.2193 117.1577 0.0000
2440.03 16.07.2018 21.40.01 28.83489 292.6953 -96.3384 -0.2737 -0.2737 0.0000 0.0000 0.0000 358.0068 382.9594 -6.5719 117.1636 0.0000
2450.03 16.07.2018 21.50.01 28.79415 293.1336 -97.3776 -0.2766 -0.2766 0.0000 0.0000 0.0000 358.4869 383.2146 -3.7121 117.1694 0.0000
2460.03 16.07.2018 22.00.01 28.75320 293.5758 -97.2837 -0.2764 -0.2764 0.0000 0.0000 0.0000 359.0174 383.6456 -0.7126 117.1754 0.0000
2470.03 16.07.2018 22.10.01 28.71285 293.2006 -96.8070 -0.2750 -0.2750 0.0000 0.0000 0.0000 358.8527 383.4613 -2.9406 117.1813 0.0000
2480.03 16.07.2018 22.20.01 28.67257 293.0244 -96.7733 -0.2749 -0.2749 0.0000 0.0000 0.0000 359.2046 383.2543 -3.4785 117.1872 0.0000
2490.03 16.07.2018 22.30.01 28.63088 292.6956 -104.1588 -0.2959 -0.2959 0.0000 0.0000 0.0000 359.2583 382.5637 -5.9469 117.1950 0.0000
2500.03 16.07.2018 22.40.01 28.58453 292.3500 -115.8257 -0.3291 -0.3291 0.0000 0.0000 0.0000 358.9844 382.3821 -5.8742 117.2026 0.0000
2510.03 16.07.2018 22.50.01 28.53588 292.0967 -115.3954 -0.3278 -0.3278 0.0000 0.0000 0.0000 358.8471 382.0177 -6.1937 117.2081 0.0000
2520.03 16.07.2018 23.00.01 28.48757 291.6825 -118.5597 -0.3368 -0.3368 0.0000 0.0000 0.0000 358.8623 380.9540 -10.4301 117.2140 0.0000
2530.03 16.07.2018 23.10.01 28.43490 291.5613 -132.3343 -0.3759 -0.3760 0.0000 0.0000 0.0000 358.6500 380.4086 -10.3931 117.2198 0.0000
2540.03 16.07.2018 23.20.01 28.37777 291.4490 -139.2078 -0.3955 -0.3955 0.0000 0.0000 0.0000 358.5385 379.9084 -10.3875 117.2257 0.0000
2550.03 16.07.2018 23.30.01 28.31881 291.3404 -141.3322 -0.4015 -0.4015 0.0000 0.0000 0.0000 358.4621 379.4292 -10.4232 117.2315 0.0000
2560.03 16.07.2018 23.40.01 28.25933 291.2337 -141.3122 -0.4015 -0.4015 0.0000 0.0000 0.0000 358.4072 378.9889 -10.4140 117.2374 0.0000
2570.03 16.07.2018 23.50.01 28.20040 291.1317 -140.8019 -0.4000 -0.4000 0.0000 0.0000 0.0000 358.3736 378.5689 -10.3995 117.2432 0.0000
2580.03 17.07.2018 00.00.01 28.14181 291.0321 -139.6251 -0.3967 -0.3967 0.0000 0.0000 0.0000 358.3443 378.1678 -10.3970 117.2491 0.0000
2590.03 17.07.2018 00.10.01 28.08380 291.1014 -137.0429 -0.3893 -0.3893 0.0000 0.0000 0.0000 358.1430 377.9698 -9.1479 117.2549 0.0000
2600.03 17.07.2018 00.20.01 28.02737 291.1798 -132.1342 -0.3754 -0.3754 0.0000 0.0000 0.0000 357.9561 377.8255 -7.9967 117.2608 0.0000
2610.03 17.07.2018 00.30.01 27.97320 291.2516 -126.7177 -0.3600 -0.3600 0.0000 0.0000 0.0000 357.7559 377.6697 -7.0779 117.2645 0.0000
2620.03 17.07.2018 00.40.01 27.92120 291.1862 -121.6166 -0.3455 -0.3455 0.0000 0.0000 0.0000 357.3631 377.3640 -6.8182 117.2651 0.0000
2630.03 17.07.2018 00.50.01 27.87130 291.2405 -116.6954 -0.3315 -0.3315 0.0000 0.0000 0.0000 356.9946 377.1404 -6.2006 117.2651 0.0000
2640.03 17.07.2018 01.00.01 27.82314 291.3412 -114.7914 -0.3261 -0.3261 0.0000 0.0000 0.0000 357.0442 376.9341 -5.9345 117.2651 0.0000
2650.03 17.07.2018 01.10.01 27.77453 291.4191 -117.2944 -0.3332 -0.3332 0.0000 0.0000 0.0000 356.5023 376.7602 -5.3365 117.2658 0.0000
2660.03 17.07.2018 01.20.01 27.72448 291.3630 -121.8322 -0.3461 -0.3461 0.0000 0.0000 0.0000 355.8404 376.3743 -6.0344 117.2704 0.0000
2670.03 17.07.2018 01.30.01 27.67208 291.2421 -128.2726 -0.3644 -0.3644 0.0000 0.0000 0.0000 354.8637 375.6637 -7.2489 117.2762 0.0000
2680.03 17.07.2018 01.40.01 27.61743 291.1082 -130.7099 -0.3713 -0.3713 0.0000 0.0000 0.0000 353.7591 375.4600 -5.5663 117.2785 0.0000
2690.03 17.07.2018 01.50.01 27.56381 291.1008 -126.0699 -0.3582 -0.3582 0.0000 0.0000 0.0000 353.2246 375.0239 -6.1109 117.2791 0.0000
2700.03 17.07.2018 02.00.01 27.50967 291.0097 -134.3115 -0.3816 -0.3816 0.0000 0.0006 0.0003 352.2890 374.3166 -7.4220 117.2849 0.0000
2710.03 17.07.2018 02.10.01 27.45056 290.7315 -142.3778 -0.4045 -0.4176 0.0175 0.3887 0.1969 349.2597 373.4829 -7.7592 117.2908 0.0000
2720.03 17.07.2018 02.20.01 27.38873 290.4190 -146.0823 -0.4150 -0.4447 0.0395 0.8242 0.4170 346.2039 372.4002 -8.3715 117.2966 0.0000
2730.03 17.07.2018 02.30.01 27.32565 290.0702 -148.4571 -0.4218 -0.4685 0.0623 1.2667 0.6406 343.0898 371.1331 -9.2564 117.3025 0.0000
2740.03 17.07.2018 02.40.01 27.26171 289.7413 -149.4069 -0.4245 -0.4884 0.0853 1.7107 0.8649 340.0258 369.9367 -9.0340 117.3074 0.0000
2750.03 17.07.2018 02.50.01 27.19811 289.4388 -146.4197 -0.4160 -0.4972 0.1083 2.1549 1.0893 336.9678 368.7028 -8.5996 117.3074 0.0000
2760.03 17.07.2018 03.00.01 27.13632 289.1468 -141.3615 -0.4016 -0.5002 0.1315 2.6032 1.3159 333.8206 367.3981 -8.4385 117.3074 0.0000
2770.03 17.07.2018 03.10.01 27.07632 289.1430 -111.4305 -0.3166 -0.5150 0.2646 5.4966 2.7806 333.6837 366.7092 -7.7309 117.3074 0.0000
2780.03 17.07.2018 03.20.01 27.02453 289.1512 -91.6249 -0.2603 -0.5804 0.4267 8.6892 4.3945 333.7681 366.2697 -7.3930 117.3074 0.0000
2790.03 17.07.2018 03.30.01 26.97839 289.1516 -81.4539 -0.2314 -0.6767 0.5938 11.9263 6.0301 333.8676 365.9563 -7.2784 117.3102 0.0000
2800.03 17.07.2018 03.40.01 26.93527 289.1538 -75.9840 -0.2159 -0.7871 0.7617 15.1725 7.6702 333.9671 365.7825 -7.0979 117.3160 0.0000
2810.03 17.07.2018 03.50.01 26.89401 289.1569 -72.1534 -0.2050 -0.9023 0.9298 18.4202 9.3110 334.0831 365.7108 -7.0163 117.3219 0.0000
2820.03 17.07.2018 04.00.01 26.85424 289.1615 -68.8104 -0.1955 -1.0190 1.0980 21.6698 10.9528 334.2162 365.7288 -7.0188 117.3301 0.0000
2830.03 17.07.2018 04.10.01 26.81616 289.5023 -52.0860 -0.1480 -1.1321 1.3122 25.9441 13.1135 334.5150 366.1913 -5.2926 117.3418 0.0000
2840.03 17.07.2018 04.20.01 26.78433 289.8468 -35.1830 -0.1000 -1.2539 1.5387 30.3436 15.3367 334.9249 366.8467 -3.8036 117.3536 0.0000
2850.03 17.07.2018 04.30.01 26.75884 290.1958 -21.2055 -0.0602 -1.3856 1.7671 34.7619 17.5689 335.3880 367.6544 -2.4629 117.3694 0.0000
2860.03 17.07.2018 04.40.01 26.73870 290.5471 -9.2039 -0.0261 -1.5231 1.9960 39.1839 19.8031 335.8895 368.5977 -1.2453 117.3936 0.0000
2870.03 17.07.2018 04.50.01 26.72323 290.9073 1.4947 0.0042 -1.6644 2.2249 57.5900 29.0292 336.4246 369.9229 -0.5646 117.4225 0.0000
2880.03 17.07.2018 05.00.01 26.71212 291.2737 31.5700 0.0897 -1.8092 2.5319 65.3672 32.9196 337.1477 371.6292 -0.4686 117.4535 0.0000
2890.03 17.07.2018 05.10.01 26.71063 291.6307 16.0818 0.0457 -1.9865 2.7096 180.4785 90.4819 338.3432 375.3448 -3.9106 117.4878 0.0000
2900.03 17.07.2018 05.20.01 26.70696 291.9968 184.9794 0.5255 -2.1260 3.5354 300.7288 150.4507 340.9984 383.2710 -13.8284 117.5241 0.0000
2910.03 17.07.2018 05.30.01 26.75472 292.4353 325.2408 0.9240 -2.4974 4.5619 478.8524 239.3667 344.7728 395.2173 -28.3700 117.5798 0.0000
2920.03 17.07.2018 05.40.01 26.84689 293.4197 437.6591 1.2433 -3.0418 5.7135 474.5358 237.0624 353.3939 408.7425 -40.3745 117.7393 0.0000
2930.03 17.07.2018 05.50.01 26.97421 293.9049 280.6272 0.7972 -3.7111 6.0112 463.0591 231.3669 356.0033 417.6290 -48.6587 117.8845 0.0000
2940.03 17.07.2018 06.00.01 27.05831 294.3139 171.1477 0.4862 -4.1120 6.1310 449.5927 224.6776 357.7433 424.8623 -55.3822 118.0357 0.0000
2950.03 17.07.2018 06.10.01 27.11151 294.5490 130.6861 0.3713 -4.3371 6.2778 441.0922 220.4677 359.3694 430.8014 -61.4980 118.1922 0.0000
2960.03 17.07.2018 06.20.01 27.15316 294.7825 118.8359 0.3376 -4.4987 6.4484 432.8209 216.3800 360.9932 435.8167 -66.6531 118.3573 0.0000
2970.03 17.07.2018 06.30.01 27.24145 295.0113 7274.5620 20.6664 -4.6397 33.7414 479.0887 222.7868 362.4395 440.3010 -70.9007 118.5302 0.0000
2980.03 17.07.2018 06.40.01 29.36947 295.4171 3277.7817 9.3119 -15.5596 33.1619 473.2334 220.3528 365.3742 444.7956 -74.1811 118.7301 0.0000
2990.03 17.07.2018 06.50.01 30.36175 295.6359 1511.8809 4.2951 -20.0968 32.5226 467.1432 217.8396 366.7518 448.3334 -77.3359 118.9239 0.0000
3000.03 17.07.2018 07.00.01 30.84530 295.8503 701.4389 1.9927 -21.8807 31.8312 460.7385 215.1902 368.0845 451.3230 -79.7296 119.1244 0.0000
3010.03 17.07.2018 07.10.01 31.09237 296.0478 388.5802 1.1039 -22.4396 31.3914 457.3840 213.8396 369.0865 453.4050 -84.8034 119.3339 0.0000
3020.03 17.07.2018 07.20.01 31.24536 296.2432 230.3309 0.6543 -22.5566 30.9479 454.1009 212.5347 370.0690 455.0657 -88.7437 119.5501 0.0000
3030.03 17.07.2018 07.30.01 31.34890 296.4394 128.3125 0.3645 -22.4690 30.4448 488.2194 229.9635 370.9872 457.0965 -92.9511 119.7752 0.0000
3040.03 17.07.2018 07.40.01 31.41995 296.9981 88.3301 0.2509 -22.2593 30.0137 484.6784 228.5261 374.8757 459.9958 -95.6854 120.1198 0.0000
3050.03 17.07.2018 07.50.01 31.47659 297.1920 38.3126 0.1088 -22.0185 29.5032 480.6768 226.9015 375.7359 461.7463 -98.4164 120.4368 0.0000
3060.03 17.07.2018 08.00.01 31.51623 297.3828 -10.5819 -0.0301 -21.7280 28.9306 478.8041 226.6272 376.5479 463.3523 -101.7828 120.7561 0.0000
3070.03 17.07.2018 08.10.01 31.53982 297.5081 -13.6381 -0.0387 -21.3871 28.4644 476.0194 225.5414 377.3821 464.3974 -104.0667 121.0776 0.0000
3080.03 17.07.2018 08.20.01 31.59814 297.6268 5350.7495 15.2010 -21.0622 48.3509 513.6416 232.0701 378.1083 465.3387 -107.7153 121.4037 0.0000
3090.03 17.07.2018 08.30.01 33.18383 297.8395 2333.8220 6.6302 -28.8376 47.2904 509.2287 230.5298 379.5779 466.5377 -110.8156 121.8020 0.0000
3100.03 17.07.2018 08.40.01 33.91049 297.9592 981.6339 2.7887 -31.8150 46.1384 504.5005 228.8815 380.2785 467.2856 -111.9140 122.2061 0.0000
3110.03 17.07.2018 08.50.01 34.26895 298.0674 3642.3284 10.3475 -32.7024 57.3999 532.0746 235.7172 380.9118 468.0530 -114.8188 122.6148 0.0000
3120.03 17.07.2018 09.00.01 35.37942 298.2894 1454.9722 4.1334 -37.6120 55.6606 525.4016 233.4590 382.4371 469.1281 -117.2116 123.1174 0.0000
3130.03 17.07.2018 09.10.01 35.85638 298.2686 -340.8700 -0.9684 -39.1002 50.8424 501.1522 224.8148 383.5422 469.9184 -117.0371 123.6194 0.0000
3140.03 17.07.2018 09.20.01 35.80798 298.2380 -1143.4537 -3.2484 -37.8899 46.1887 484.1887 219.6757 384.3938 470.4145 -114.1620 124.1045 0.0000
3150.03 17.07.2018 09.30.01 35.51772 298.2168 -1475.3110 -4.1912 -35.5562 41.8199 466.1436 213.8119 384.9434 470.6039 -112.6250 124.6660 0.0000
3160.03 17.07.2018 09.40.01 35.12283 298.3064 -1454.5253 -4.1322 -32.8241 38.2559 449.9768 208.3818 386.1392 470.7510 -108.9642 125.3163 0.0000
3170.03 17.07.2018 09.50.01 34.72625 298.1097 -1393.2218 -3.9580 -30.2208 35.0170 433.3179 202.5917 385.0434 469.8854 -112.3998 126.0240 0.0000
3180.03 17.07.2018 10.00.01 34.34045 297.9548 -1358.2965 -3.8588 -27.7962 31.9166 416.3975 196.5055 384.7819 468.5753 -113.9132 126.8234 0.0000
3190.03 17.07.2018 10.10.01 33.96044 297.9970 -1109.7129 -3.1526 -25.4944 29.7890 402.2225 190.7846 384.8019 467.0747 -111.1460 127.5946 0.0000
3200.03 17.07.2018 10.20.01 33.64831 298.0362 -1010.3401 -2.8703 -23.6226 27.6698 387.5063 184.7302 384.8600 465.5311 -108.3867 128.3415 0.0000
3210.03 17.07.2018 10.30.01 33.36215 298.0646 -990.0499 -2.8126 -21.9386 25.5013 371.7011 178.0699 384.6539 463.7944 -105.3728 129.0613 0.0000
3220.03 17.07.2018 10.40.01 33.07998 298.1068 -898.0920 -2.5514 -20.3145 23.6842 359.7001 173.2177 384.6321 462.2322 -102.6347 129.7494 0.0000
3230.03 17.07.2018 10.50.01 32.82266 298.1282 -859.6401 -2.4422 -18.8310 21.8518 346.6695 167.7771 384.4391 460.5024 -99.7659 131.0533 0.0000
3240.03 17.07.2018 11.00.01 32.57214 298.1585 -829.3137 -2.3560 -17.4389 20.1106 334.1909 162.5633 384.3331 458.8532 -96.9829 132.3030 0.0000
3250.03 17.07.2018 11.10.01 32.33080 298.2787 -609.5962 -1.7318 -16.1153 19.1780 337.7046 165.2371 384.7148 458.0297 -95.5095 133.4948 0.0000
3260.03 17.07.2018 11.20.01 32.15353 298.4058 -504.5003 -1.4332 -15.1314 18.2642 339.1830 166.6630 385.4489 457.5215 -94.0917 134.6618 0.0000
3270.03 17.07.2018 11.30.01 32.00735 298.5324 -470.8530 -1.3377 -14.3014 17.2850 340.8603 168.2488 386.2491 457.3110 -93.2133 135.8039 0.0000
3280.03 17.07.2018 11.40.01 31.87167 298.6856 -454.1793 -1.2903 -13.5149 16.2995 346.9833 172.4421 387.2510 457.8188 -93.6059 136.9276 0.0000
3290.03 17.07.2018 11.50.01 31.74111 298.8239 -491.1100 -1.3952 -12.7450 15.1330 352.6996 176.4992 388.1218 458.5389 -94.2438 138.0447 0.0000
3300.03 17.07.2018 12.00.01 31.59982 298.9643 -541.4591 -1.5382 -11.9142 13.8346 362.2582 182.8737 388.8564 460.0487 -95.3273 139.1614 0.0000
3310.03 17.07.2018 12.10.01 31.44399 298.9754 -520.4158 -1.4785 -11.0110 12.7101 355.4385 180.3328 389.9832 460.5022 -95.5434 140.2882 0.0000
3320.03 17.07.2018 12.20.01 31.29504 298.9407 -365.2889 -1.0378 -10.1509 12.1508 349.1758 177.7700 390.4724 460.6373 -95.4298 141.4052 0.0000
3330.03 17.07.2018 12.30.01 31.19259 298.8925 -130.8760 -0.3718 -9.5375 12.2209 345.5245 176.3097 390.6871 460.7900 -95.6096 142.5016 0.0000
3340.03 17.07.2018 12.40.01 31.15911 298.8137 -21.1276 -0.0600 -9.2764 12.2885 341.8058 174.7639 390.5663 460.7700 -95.6494 143.5656 0.0000
3350.03 17.07.2018 12.50.01 31.15853 298.7210 6.3883 0.0181 -9.1710 12.2522 336.0194 172.0857 390.1589 460.3903 -95.0686 144.5003 0.0000
3360.03 17.07.2018 13.00.01 31.16723 298.6471 53.8612 0.1530 -9.0986 12.3355 330.1311 169.2211 390.0780 459.8664 -94.3531 145.3841 0.0000
3370.03 17.07.2018 13.10.01 31.18990 298.5101 -47.1110 -0.1338 -9.0851 11.9350 328.4506 168.7658 389.0783 458.8785 -96.3526 146.2048 0.0000
3380.03 17.07.2018 13.20.01 31.18319 298.3629 -90.3985 -0.2568 -8.9136 11.5423 327.0583 168.4754 387.9234 457.8255 -98.3025 147.0270 0.0000
3390.03 17.07.2018 13.30.01 31.16363 298.2220 -89.4329 -0.2541 -8.6813 11.2363 326.7262 168.7311 386.8625 456.8006 -100.1720 147.8559 0.0000
3400.03 17.07.2018 13.40.01 31.14391 298.0843 -94.0402 -0.2672 -8.4555 10.9177 326.7298 169.1693 385.8178 455.7761 -101.7453 148.6731 0.0000
3410.03 17.07.2018 13.50.01 31.12249 297.9592 -97.4495 -0.2768 -8.2273 10.6006 326.7997 169.6457 384.8158 454.7460 -103.2840 149.5091 0.0000
3420.03 17.07.2018 14.00.01 31.09957 297.8365 -111.6029 -0.3171 -7.9978 10.2410 326.1994 169.7637 383.7597 453.6240 -104.6632 150.3677 0.0000
3430.03 17.07.2018 14.10.01 31.07186 297.7054 -160.2228 -0.4552 -7.7482 9.7241 331.0085 172.9677 381.6021 452.7168 -107.0352 151.2219 0.0000
3440.03 17.07.2018 14.20.01 31.02966 297.5788 -178.9489 -0.5084 -7.4281 9.2263 336.5078 176.5658 379.3766 451.9051 -109.2540 152.0398 0.0000
3450.03 17.07.2018 14.30.01 30.98150 297.4503 -184.3901 -0.5238 -7.0862 8.7498 342.6349 180.5185 377.1081 451.1847 -111.4933 152.8300 0.0000
3460.03 17.07.2018 14.40.01 30.93102 297.3200 -214.6645 -0.6098 -6.7417 8.1758 349.6829 185.0281 374.7302 450.5586 -113.8344 153.5885 0.0000
3470.03 17.07.2018 14.50.01 30.87133 297.1956 -206.5954 -0.5869 -6.3591 7.6962 358.2755 190.3663 372.4784 450.1361 -116.5744 154.3134 0.0000
3480.03 17.07.2018 15.00.01 30.81338 297.0681 -210.9318 -0.5992 -5.9952 7.1947 366.6356 195.5892 370.2247 449.7523 -119.3995 155.0067 0.0000
3490.03 17.07.2018 15.10.01 30.75433 296.8765 -150.4597 -0.4274 -5.6348 6.9431 358.6250 191.5916 368.6268 448.5411 -118.0552 155.3500 0.0000
3500.03 17.07.2018 15.20.01 30.71292 296.6837 -124.0123 -0.3523 -5.3719 6.6928 350.2219 187.3574 367.0185 447.0836 -116.4430 155.6928 0.0000
3510.03 17.07.2018 15.30.01 30.67870 296.4891 -117.5423 -0.3339 -5.1541 6.4269 341.2275 182.7847 365.3957 445.4619 -114.6333 156.0339 0.0000
3520.03 17.07.2018 15.40.01 30.64578 296.2921 -152.1658 -0.4323 -4.9503 6.0240 329.7093 176.8651 363.5549 443.5109 -112.2148 156.3717 0.0000
3530.03 17.07.2018 15.50.01 30.60244 296.0960 -154.9308 -0.4401 -4.6993 5.6789 318.6284 171.1479 361.7042 441.4778 -109.5929 156.7026 0.0000
3540.03 17.07.2018 16.00.01 30.55773 295.9015 -141.3646 -0.4016 -4.4509 5.3991 307.4959 165.3317 359.9663 439.3401 -106.7860 157.0253 0.0000
3550.03 17.07.2018 16.10.01 30.51644 295.6461 -145.0678 -0.4121 -4.2309 5.0917 296.8099 159.7478 357.9493 436.9722 -104.6703 157.3434 0.0000
3560.03 17.07.2018 16.20.01 30.47347 295.3923 -130.5771 -0.3710 -4.0144 4.8580 286.5568 154.3468 356.0125 434.5585 -102.3756 157.6542 0.0000
3570.03 17.07.2018 16.30.01 30.43398 295.1404 -119.8789 -0.3406 -3.8284 4.6505 276.2089 148.8618 354.1345 432.0867 -99.8762 157.9608 0.0000
3580.03 17.07.2018 16.40.01 30.39694 294.8856 -121.1897 -0.3443 -3.6659 4.4289 264.6408 142.7292 352.2586 429.5203 -97.0226 158.2618 0.0000
3590.03 17.07.2018 16.50.01 30.35897 294.6266 -128.8722 -0.3661 -3.5085 4.1899 252.5848 136.3220 350.3455 426.8473 -93.9604 158.5536 0.0000
3600.03 17.07.2018 17.00.01 30.31811 294.3685 -131.9047 -0.3747 -3.3468 3.9628 240.0527 129.6169 348.4553 424.0767 -90.6588 158.8350 0.0000
3610.03 17.07.2018 17.10.01 30.27572 294.0976 -146.1746 -0.4153 -3.1890 3.6983 224.8979 121.4996 346.8502 421.2045 -86.5114 159.1055 0.0000
3620.03 17.07.2018 17.20.01 30.22836 293.8237 -161.1957 -0.4579 -3.0181 3.4135 209.2271 113.0941 345.2396 418.2231 -82.2454 159.3594 0.0000
3630.03 17.07.2018 17.30.01 30.17574 293.5481 -177.2687 -0.5036 -2.8337 3.1068 193.0852 104.4291 343.5942 415.1430 -77.8479 159.5989 0.0000
3640.03 17.07.2018 17.40.01 30.11761 293.2724 -184.0450 -0.5229 -2.6354 2.8167 172.8547 93.4772 341.9677 411.7473 -72.5731 159.8208 0.0000
3650.03 17.07.2018 17.50.01 30.05660 292.9950 -196.9313 -0.5595 -2.4379 2.5045 152.1936 82.2899 340.3534 408.2041 -67.0305 159.9842 0.0000
3660.03 17.07.2018 18.00.01 29.99090 292.7164 -206.5302 -0.5867 -2.2319 2.1936 131.3110 70.9681 338.6974 404.5525 -61.3220 160.1347 0.0000
3670.03 17.07.2018 18.10.01 29.92144 292.3958 -207.7334 -0.5902 -2.0229 1.9104 115.7321 62.5599 337.4437 401.4847 -54.8354 160.2638 0.0000
3680.03 17.07.2018 18.20.01 29.85082 292.0782 -208.9919 -0.5937 -1.8217 1.6373 100.2021 54.1704 336.2389 398.5067 -48.9776 160.3795 0.0000
3690.03 17.07.2018 18.30.01 29.77908 291.7624 -206.6351 -0.5870 -1.6287 1.3889 84.8365 45.8545 335.0878 395.5407 -43.6617 160.4802 0.0000
3700.03 17.07.2018 18.40.01 29.70721 291.4484 -206.8423 -0.5876 -1.4496 1.1493 62.9226 33.9064 333.9627 392.1013 -37.7539 160.5646 0.0000
3710.03 17.07.2018 18.50.01 29.63436 291.1335 -217.3905 -0.6176 -1.2799 0.8831 40.8828 21.9106 332.7973 388.4724 -32.0445 160.6384 0.0000
3720.03 17.07.2018 19.00.01 29.55758 290.8159 -225.8558 -0.6416 -1.1051 0.6179 19.0355 10.0278 331.6199 384.7027 -26.6928 160.6962 0.0000
3730.03 17.07.2018 19.10.01 29.47747 290.4124 -213.5722 -0.6067 -0.9313 0.4327 15.6851 8.3052 330.2849 381.8150 -25.3473 160.7392 0.0000
3740.03 17.07.2018 19.20.01 29.39965 290.0145 -189.9008 -0.5395 -0.7934 0.3385 13.1850 6.9979 329.0390 379.2247 -24.4787 160.7737 0.0000
3750.03 17.07.2018 19.30.01 29.32736 289.6181 -180.0172 -0.5114 -0.7070 0.2608 10.8431 5.7684 327.8257 376.7740 -23.7885 160.8049 0.0000
3760.03 17.07.2018 19.40.01 29.25686 289.2223 -179.4975 -0.5099 -0.6498 0.1865 7.3012 3.8760 326.6294 374.3461 -23.0638 160.8308 0.0000
3770.03 17.07.2018 19.50.01 29.18539 288.8264 -184.6267 -0.5245 -0.6062 0.1090 3.7756 1.9967 325.4337 371.9723 -22.4493 160.8442 0.0000
3780.03 17.07.2018 20.00.01 29.11132 288.4309 -191.4661 -0.5439 -0.5675 0.0314 0.3022 0.1486 324.2418 369.6631 -21.8728 160.8557 0.0000
3790.03 17.07.2018 20.10.01 29.03433 288.0423 -185.2076 -0.5262 -0.5304 0.0057 0.0546 0.0269 323.1595 367.7074 -21.2354 160.8616 0.0000
3800.03 17.07.2018 20.20.01 28.95837 287.6577 -180.5861 -0.5130 -0.5138 0.0010 0.0098 0.0048 322.1262 365.8965 -20.8709 160.8674 0.0000
3810.03 17.07.2018 20.30.01 28.88293 287.2761 -180.6428 -0.5132 -0.5133 0.0002 0.0018 0.0009 321.1278 364.1982 -20.5776 160.8732 0.0000
3820.03 17.07.2018 20.40.01 28.80667 286.8978 -183.3502 -0.5209 -0.5209 0.0000 0.0003 0.0002 320.1565 362.5910 -20.3353 160.8791 0.0000
3830.03 17.07.2018 20.50.01 28.72906 286.5246 -187.3094 -0.5321 -0.5321 0.0000 0.0001 0.0000 319.2051 361.0527 -20.2028 160.8849 0.0000
3840.03 17.07.2018 21.00.01 28.64971 286.1577 -191.5374 -0.5441 -0.5441 0.0000 0.0000 0.0000 318.2829 359.6009 -20.0238 160.8892 0.0000
3850.03 17.07.2018 21.10.01 28.56869 285.9812 -193.7590 -0.5505 -0.5505 0.0000 0.0000 0.0000 317.8069 358.4313 -18.5748 160.8913 0.0000
3860.03 17.07.2018 21.20.01 28.48788 285.7992 -191.7053 -0.5446 -0.5446 0.0000 0.0000 0.0000 317.4171 357.3665 -17.3849 160.8913 0.0000
3870.03 17.07.2018 21.30.01 28.40847 285.6126 -187.1636 -0.5317 -0.5317 0.0000 0.0000 0.0000 317.1510 356.3390 -16.6290 160.8913 0.0000
3880.03 17.07.2018 21.40.01 28.33108 285.4702 -182.5876 -0.5187 -0.5187 0.0000 0.0000 0.0000 316.8433 355.4745 -15.8144 160.8913 0.0000
3890.03 17.07.2018 21.50.01 28.25506 285.3317 -180.5401 -0.5129 -0.5129 0.0000 0.0000 0.0000 316.5216 354.6424 -15.1728 160.8913 0.0000
3900.03 17.07.2018 22.00.01 28.17971 285.2321 -180.3371 -0.5123 -0.5123 0.0000 0.0000 0.0000 316.2401 353.8782 -14.4737 160.8912 0.0000
3910.03 17.07.2018 22.10.01 28.10436 285.1604 -180.3584 -0.5124 -0.5124 0.0000 0.0000 0.0000 315.9010 353.1359 -13.9197 160.8896 0.0000
3920.03 17.07.2018 22.20.01 28.02850 285.0840 -180.4663 -0.5127 -0.5127 0.0000 0.0000 0.0000 315.5506 352.4282 -13.4585 160.8878 0.0000
3930.03 17.07.2018 22.30.01 27.95251 285.0005 -181.7636 -0.5164 -0.5164 0.0000 0.0000 0.0000 315.2000 351.7476 -13.0701 160.8836 0.0000
3940.03 17.07.2018 22.40.01 27.87594 284.9424 -183.2056 -0.5205 -0.5205 0.0000 0.0000 0.0000 314.8713 351.1223 -12.5776 160.8795 0.0000
3950.03 17.07.2018 22.50.01 27.79897 284.8888 -184.7654 -0.5249 -0.5249 0.0000 0.0000 0.0000 314.5510 350.5313 -12.0988 160.8745 0.0000
3960.03 17.07.2018 23.00.01 27.72119 284.8347 -185.4226 -0.5268 -0.5268 0.0000 0.0000 0.0000 314.2288 349.9689 -11.6550 160.8662 0.0000
3970.03 17.07.2018 23.10.01 27.64330 284.8699 -186.9948 -0.5312 -0.5312 0.0000 0.0000 0.0000 313.9404 349.5346 -10.7651 160.8580 0.0000
3980.03 17.07.2018 23.20.01 27.56457 284.5271 -189.0627 -0.5371 -0.5371 0.0000 0.0000 0.0000 313.3040 348.9230 -11.5917 160.8500 0.0000
3990.03 17.07.2018 23.30.01 27.48406 284.2988 -195.2783 -0.5548 -0.5548 0.0000 0.0000 0.0000 312.8159 348.2777 -11.8238 160.8418 0.0000
4000.03 17.07.2018 23.40.01 27.40109 284.1243 -200.6357 -0.5700 -0.5700 0.0000 0.0000 0.0000 312.4080 347.6618 -11.9641 160.8335 0.0000
4010.03 17.07.2018 23.50.01 27.31594 283.9386 -205.8058 -0.5847 -0.5847 0.0000 0.0000 0.0000 311.9887 347.0211 -12.1767 160.8252 0.0000
4020.03 18.07.2018 00.00.01 27.22875 283.7851 -210.1382 -0.5970 -0.5970 0.0000 0.0000 0.0000 311.5554 346.3780 -12.3516 160.8170 0.0000
4030.03 18.07.2018 00.10.01 27.14013 283.7341 -211.9515 -0.6021 -0.6021 0.0000 0.0000 0.0000 311.2318 345.8119 -11.7032 160.8087 0.0000
4040.03 18.07.2018 00.20.01 27.05178 283.7306 -209.8206 -0.5961 -0.5961 0.0000 0.0000 0.0000 310.8354 345.2924 -11.1105 160.7982 0.0000
4050.03 18.07.2018 00.30.01 26.96462 283.8194 -206.3225 -0.5861 -0.5861 0.0000 0.0000 0.0000 310.5002 344.8879 -10.2415 160.7869 0.0000
4060.03 18.07.2018 00.40.01 26.87905 283.7219 -202.8055 -0.5762 -0.5762 0.0000 0.0000 0.0000 310.2251 344.3850 -10.1626 160.7755 0.0000
4070.03 18.07.2018 00.50.01 26.79467 283.6530 -200.7670 -0.5704 -0.5704 0.0000 0.0000 0.0000 309.9177 343.8757 -10.1258 160.7631 0.0000
4080.03 18.07.2018 01.00.01 26.71066 283.5514 -200.0115 -0.5682 -0.5682 0.0000 0.0000 0.0000 309.6337 343.3305 -10.3003 160.7487 0.0000
4090.03 18.07.2018 01.10.01 26.62704 283.4729 -199.8673 -0.5678 -0.5678 0.0000 0.0000 0.0000 309.2608 342.8294 -10.0969 160.7340 0.0000
4100.03 18.07.2018 01.20.01 26.54373 283.3878 -197.9361 -0.5623 -0.5623 0.0000 0.0000 0.0000 308.8823 342.3278 -10.0092 160.7193 0.0000
4110.03 18.07.2018 01.30.01 26.46130 283.3267 -196.4487 -0.5581 -0.5581 0.0000 0.0000 0.0000 308.5358 341.8242 -9.9399 160.7049 0.0000
4120.03 18.07.2018 01.40.01 26.37893 283.2808 -195.6994 -0.5560 -0.5560 0.0000 0.0000 0.0000 308.2418 341.3699 -9.8766 160.6891 0.0000
4130.03 18.07.2018 01.50.01 26.29647 283.1888 -198.0673 -0.5627 -0.5627 0.0000 0.0000 0.0000 307.9446 340.9042 -10.0701 160.6736 0.0000
4140.03 18.07.2018 02.00.01 26.21267 283.0913 -202.2858 -0.5747 -0.5747 0.0000 0.0004 0.0002 307.6321 340.4189 -10.3302 160.6588 0.0000
4150.03 18.07.2018 02.10.01 26.12710 283.1242 -203.1455 -0.5771 -0.5861 0.0120 0.2678 0.1356 307.4982 340.0710 -9.9115 160.6430 0.0000
4160.03 18.07.2018 02.20.01 26.04098 283.1533 -203.5137 -0.5782 -0.5986 0.0272 0.5678 0.2873 307.4070 339.7542 -9.5266 160.6245 0.0000
4170.03 18.07.2018 02.30.01 25.95464 283.1854 -203.9333 -0.5794 -0.6116 0.0430 0.8726 0.4413 307.3366 339.4682 -9.1394 160.6036 0.0000
4180.03 18.07.2018 02.40.01 25.86816 283.2259 -204.1630 -0.5800 -0.6241 0.0588 1.1785 0.5958 307.2874 339.2225 -8.6640 160.5801 0.0000
4190.03 18.07.2018 02.50.01 25.78164 283.2726 -203.8502 -0.5791 -0.6351 0.0746 1.4845 0.7504 307.2537 339.0135 -8.1877 160.5543 0.0000
4200.03 18.07.2018 03.00.01 25.69534 283.3267 -203.1567 -0.5771 -0.6451 0.0906 1.7944 0.9070 307.2311 338.8382 -7.7080 160.5258 0.0000
4210.03 18.07.2018 03.10.01 25.60967 283.6216 -173.8107 -0.4938 -0.6521 0.2111 4.4289 2.2408 307.6236 339.0893 -6.0773 160.4928 0.0000
4220.03 18.07.2018 03.20.01 25.53353 283.9234 -148.7999 -0.4227 -0.6922 0.3593 7.3477 3.7163 308.1888 339.5214 -4.6657 160.4555 0.0000
4230.03 18.07.2018 03.30.01 25.46581 284.2340 -131.5889 -0.3738 -0.7579 0.5121 10.3090 5.2126 308.8174 340.0816 -3.4063 160.4145 0.0000
4240.03 18.07.2018 03.40.01 25.40420 284.5570 -118.8139 -0.3375 -0.8368 0.6657 13.2788 6.7130 309.4962 340.7557 -2.2379 160.3705 0.0000
4250.03 18.07.2018 03.50.01 25.34734 284.8949 -108.4483 -0.3081 -0.9227 0.8195 16.2500 8.2142 310.2253 341.5407 -1.1350 160.3247 0.0000
4260.03 18.07.2018 04.00.01 25.29452 285.2361 -99.4352 -0.2825 -1.0125 0.9733 19.2220 9.7157 310.9871 342.4124 -0.1280 160.2784 0.0000
4270.03 18.07.2018 04.10.01 25.24529 285.5652 -88.1529 -0.2504 -1.1039 1.1379 22.4350 11.3393 312.1933 343.4059 0.5133 160.2341 0.0000
4280.03 18.07.2018 04.20.01 25.20046 285.9010 -77.9883 -0.2216 -1.2007 1.3055 25.6775 12.9776 313.4604 344.4872 1.0493 160.1952 0.0000
4290.03 18.07.2018 04.30.01 25.15957 286.2383 -68.7367 -0.1953 -1.3004 1.4735 28.9244 14.6180 314.7580 345.6353 1.4883 160.1655 0.0000
4300.03 18.07.2018 04.40.01 25.12237 286.5755 -60.3833 -0.1715 -1.4027 1.6416 32.1722 16.2589 316.0748 346.8444 1.8515 160.1434 0.0000
4310.03 18.07.2018 04.50.01 25.08859 286.9133 -52.6612 -0.1496 -1.5069 1.8097 61.1017 30.7406 317.4065 348.5738 1.5373 160.1270 0.0000
4320.03 18.07.2018 05.00.01 25.05813 287.2652 -7.5349 -0.0214 -1.6120 2.1208 69.6129 34.9740 319.0362 350.8936 0.6724 160.1163 0.0000
4330.03 18.07.2018 05.10.01 25.04162 287.7339 -13.9406 -0.0396 -1.7736 2.3120 218.9847 109.6654 320.8234 355.7773 -2.6369 160.1165 0.0000
4340.03 18.07.2018 05.20.01 25.02593 288.2510 212.1452 0.6027 -1.9130 3.3542 375.1155 187.5235 324.4039 366.3439 -13.3069 160.1229 0.0000
4350.03 18.07.2018 05.30.01 25.07870 288.8628 397.2571 1.1286 -2.3657 4.6590 607.9931 303.7687 329.3470 382.2413 -31.8315 160.1624 0.0000
4360.03 18.07.2018 05.40.01 25.19006 290.0025 536.2846 1.5235 -3.0445 6.0907 580.3948 289.7767 339.8057 399.6423 -47.9528 160.3083 0.0000
4370.03 18.07.2018 05.50.01 25.34515 290.5558 313.5648 0.8908 -3.8730 6.3517 543.0805 271.1972 343.1174 410.0324 -58.6591 160.4281 0.0000
4380.03 18.07.2018 06.00.01 25.43844 291.0157 145.8796 0.4144 -4.3265 6.3212 502.5546 251.0111 345.2563 417.6087 -66.1096 160.5651 0.0000
4390.03 18.07.2018 06.10.01 25.48391 291.3623 80.9026 0.2298 -4.5164 6.3284 484.3010 241.9607 346.6400 423.4451 -71.5727 160.7070 0.0000
4400.03 18.07.2018 06.20.01 25.51025 291.7095 70.2079 0.1995 -4.6095 6.4120 466.6154 233.1818 348.0027 428.3644 -75.5592 160.8529 0.0000
4410.03 18.07.2018 06.30.01 25.58795 292.0533 7896.6152 22.4336 -4.6892 36.1637 509.5785 236.4509 349.4496 432.6543 -78.7570 161.0061 0.0000
4420.03 18.07.2018 06.40.01 27.89578 292.5186 3450.3442 9.8021 -16.5602 35.1497 498.2833 231.5679 351.6955 436.7642 -80.8447 161.2545 0.0000
4430.03 18.07.2018 06.50.01 28.93942 292.8678 1490.1157 4.2333 -21.3400 34.0977 486.9623 226.7083 353.1169 439.9890 -82.6420 161.5116 0.0000
4440.03 18.07.2018 07.00.01 29.41772 293.2098 590.7523 1.6783 -23.0695 32.9970 475.3150 221.7029 354.5059 442.6090 -83.8553 161.7736 0.0000
4450.03 18.07.2018 07.10.01 29.63229 293.4178 100.1373 0.2845 -23.4466 31.6415 461.4520 215.8807 355.7187 444.7674 -84.4924 162.0416 0.0000
4460.03 18.07.2018 07.20.01 29.69982 293.6162 -142.4356 -0.4046 -23.1232 30.2914 447.6175 210.0698 356.8815 446.3120 -84.9411 162.3177 0.0000
4470.03 18.07.2018 07.30.01 29.69180 293.8116 -282.7323 -0.8032 -22.4851 28.9092 467.5339 221.1449 357.9559 447.9896 -86.2100 162.6004 0.0000
4480.03 18.07.2018 07.40.01 29.63925 293.9202 -245.9278 -0.6987 -21.6859 27.9830 457.6633 217.0483 357.7501 449.6269 -88.1777 163.1951 0.0000
4490.03 18.07.2018 07.50.01 29.59332 294.1117 -246.8150 -0.7012 -20.9891 27.0505 447.8875 213.0157 358.6012 450.6170 -89.1575 163.8711 0.0000
4500.03 18.07.2018 08.00.01 29.54400 294.3136 -266.4606 -0.7570 -20.3257 26.0916 439.8862 210.0787 359.4875 451.4982 -90.2919 164.5531 0.0000
4510.03 18.07.2018 08.10.01 29.48501 294.4198 -503.4084 -1.4301 -19.6601 24.3067 415.8227 199.5079 360.4643 451.7092 -89.9224 165.2309 0.0000
4520.03 18.07.2018 08.20.01 29.37780 294.5118 2682.0283 7.6194 -18.6625 35.0426 416.1665 193.3379 361.0784 451.1720 -89.0708 165.8940 0.0000
4530.03 18.07.2018 08.30.01 30.17162 294.6256 312.7449 0.8885 -22.4977 31.1815 387.3396 181.5811 361.8651 450.2746 -87.8230 166.5770 0.0000
4540.03 18.07.2018 08.40.01 30.28646 294.7111 -514.6310 -1.4620 -22.6326 28.2274 366.7436 173.3630 362.2770 448.8954 -86.1248 167.2293 0.0000
4550.03 18.07.2018 08.50.01 30.16732 294.8039 426.0809 1.2105 -21.5349 30.3272 359.8256 168.8822 362.7997 447.5744 -84.5060 167.8625 0.0000
4560.03 18.07.2018 09.00.01 30.30837 294.9188 -649.6490 -1.8456 -21.8998 26.7390 338.1894 160.5497 363.5163 446.1998 -82.6626 168.5176 0.0000
4570.03 18.07.2018 09.10.01 30.14077 295.0377 -525.7829 -1.4937 -20.6306 25.5159 333.0423 158.8258 364.4544 445.1679 -77.1500 169.1374 0.0000
4580.03 18.07.2018 09.20.01 30.00598 295.1697 -448.4293 -1.2739 -19.5862 24.4164 331.2845 158.7647 365.6801 444.8108 -73.0832 169.7369 0.0000
4590.03 18.07.2018 09.30.01 29.89214 295.3160 -392.8792 -1.1161 -18.6795 23.4178 329.7117 158.7652 367.0900 444.8365 -70.0587 170.3341 0.0000
4600.03 18.07.2018 09.40.01 29.79376 295.4742 -331.0630 -0.9405 -17.8701 22.5728 327.9165 158.5568 368.5791 445.1267 -67.5297 170.9324 0.0000
4610.03 18.07.2018 09.50.01 29.71267 295.6389 -288.0289 -0.8183 -17.1615 21.7910 325.6637 158.1071 370.0942 445.6309 -65.4650 171.5231 0.0000
4620.03 18.07.2018 10.00.01 29.64388 295.8035 -269.2119 -0.7648 -16.5226 21.0104 323.1292 157.4892 371.5550 446.2132 -63.6944 172.0966 0.0000
4630.03 18.07.2018 10.10.01 29.58206 296.0328 -39.3079 -0.1117 -15.9126 21.0680 330.2776 161.2525 373.9771 446.9353 -64.7318 172.6436 0.0000
4640.03 18.07.2018 10.20.01 29.58770 296.2684 73.1663 0.2079 -15.6457 21.1381 337.9161 165.2975 376.7009 447.9636 -67.0952 173.1775 0.0000
4650.03 18.07.2018 10.30.01 29.62728 296.5555 102.2730 0.2905 -15.5331 21.0983 344.8023 169.0045 379.7369 449.1453 -69.5678 173.6969 0.0000
4660.03 18.07.2018 10.40.01 29.67693 296.7702 124.0478 0.3524 -15.4479 21.0671 352.4033 173.1304 382.2015 450.7264 -71.3389 174.2024 0.0000
4670.03 18.07.2018 10.50.01 29.73446 296.9634 111.3382 0.3163 -15.3765 20.9237 359.0838 176.8279 384.9707 452.6262 -72.7247 175.2266 0.0000
4680.03 18.07.2018 11.00.01 29.78872 297.0083 87.4126 0.2483 -15.2752 20.6981 365.3534 180.3619 386.2623 454.2178 -76.0181 176.2828 0.0000
4690.03 18.07.2018 11.10.01 29.83413 297.1185 -231.2968 -0.6571 -15.1205 19.2845 351.4458 174.4812 387.0829 455.9964 -72.9256 177.3714 0.0000
4700.03 18.07.2018 11.20.01 29.78539 297.1670 -425.6140 -1.2091 -14.4838 17.6995 332.3693 165.6780 386.9126 456.5665 -68.6230 178.3916 0.0000
4710.03 18.07.2018 11.30.01 29.67828 297.1556 -484.4449 -1.3763 -13.5746 16.2645 313.7380 156.9799 386.0268 456.5697 -64.8321 179.3547 0.0000
4720.03 18.07.2018 11.40.01 29.55178 297.1066 -457.1235 -1.2986 -12.6071 15.0780 297.9779 149.6735 384.9276 456.2781 -61.8068 180.2775 0.0000
4730.03 18.07.2018 11.50.01 29.43121 297.0295 -412.8703 -1.1729 -11.7142 14.0550 282.2184 142.1948 383.4926 455.5012 -59.4090 181.1749 0.0000
4740.03 18.07.2018 12.00.01 29.32180 296.9933 -351.2834 -0.9980 -10.9164 13.2246 267.2092 134.9704 382.2162 454.2557 -57.4615 182.0395 0.0000
4750.03 18.07.2018 12.10.01 29.22881 297.0058 -322.2481 -0.9155 -10.2325 12.4226 264.3704 133.7103 380.4903 452.4817 -58.4059 182.8946 0.0000
4760.03 18.07.2018 12.20.01 29.14343 297.0286 -240.4640 -0.6831 -9.6140 11.9079 265.4464 134.5097 379.2171 451.0917 -61.2675 183.8230 0.0000
4770.03 18.07.2018 12.30.01 29.08117 297.0904 -158.8835 -0.4514 -9.1330 11.5755 268.4116 136.2943 378.2544 449.8891 -64.4543 184.8492 0.0000
4780.03 18.07.2018 12.40.01 29.04281 297.2267 -118.3590 -0.3362 -8.7781 11.2558 272.4932 138.7309 377.6604 449.5916 -63.8086 185.9517 0.0000
4790.03 18.07.2018 12.50.01 29.01663 297.3823 -111.1012 -0.3156 -8.4786 10.8839 276.8730 141.4005 377.1035 449.6616 -63.0155 187.0301 0.0000
4800.03 18.07.2018 13.00.01 28.99328 297.5720 -90.2810 -0.2565 -8.1841 10.5701 282.3199 144.6517 376.6920 450.0784 -62.6158 188.1120 0.0000
4810.03 18.07.2018 13.10.01 28.97729 297.6487 5.1719 0.0147 -7.9145 10.5722 276.9049 142.0295 378.8474 450.9750 -55.0579 189.0806 0.0000
4820.03 18.07.2018 13.20.01 28.99056 297.5880 -8.0895 -0.0230 -7.7655 10.3234 267.9184 137.5255 380.6956 450.8498 -53.0440 189.9580 0.0000
4830.03 18.07.2018 13.30.01 29.00170 297.5436 1.3469 0.0038 -7.5802 10.1120 258.9337 132.9839 382.4013 449.7876 -56.2016 190.7121 0.0000
4840.03 18.07.2018 13.40.01 29.01623 297.7163 4.7603 0.0135 -7.4006 9.8855 249.1327 127.9710 384.3407 449.4610 -51.5511 191.3541 0.0000
4850.03 18.07.2018 13.50.01 29.03234 297.8059 7.6216 0.0217 -7.2200 9.6556 238.7510 122.6133 384.7469 448.5101 -52.3388 191.9207 0.0000
4860.03 18.07.2018 14.00.01 29.04907 297.6478 0.1870 0.0005 -7.0512 9.4023 227.4932 116.7549 384.4242 446.6324 -56.4702 192.5751 0.0000
4870.03 18.07.2018 14.10.01 29.06149 297.5618 -95.3583 -0.2709 -6.8828 8.8159 208.5235 106.9709 383.1847 444.7821 -51.3955 193.2406 0.0000
4880.03 18.07.2018 14.20.01 29.04504 297.4604 -170.5034 -0.4844 -6.5744 8.1200 187.9731 96.3525 381.7571 442.3539 -46.6107 193.8267 0.0000
4890.03 18.07.2018 14.30.01 29.00573 297.3619 -211.4527 -0.6007 -6.1619 7.4149 166.9204 85.4424 380.2771 439.5277 -42.3028 194.3497 0.0000
4900.03 18.07.2018 14.40.01 28.95339 297.3204 -239.1496 -0.6794 -5.6985 6.6921 144.5295 73.7872 378.7623 436.5192 -36.6428 194.7968 0.0000
4910.03 18.07.2018 14.50.01 28.89169 297.1554 -255.2600 -0.7252 -5.2096 5.9793 121.8648 61.9572 376.7641 433.1436 -31.8752 195.1648 0.0000
4920.03 18.07.2018 15.00.01 28.82342 297.0044 -270.9948 -0.7699 -4.7197 5.2664 98.8332 49.9058 374.2472 429.3355 -27.4649 195.5113 0.0000
4930.03 18.07.2018 15.10.01 28.74944 296.7674 -202.5917 -0.5755 -4.2321 4.8755 93.2756 47.1136 371.5854 426.1196 -27.3133 195.6688 0.0000
4940.03 18.07.2018 15.20.01 28.69500 296.4135 -129.0433 -0.3666 -3.8673 4.6676 89.6282 45.2769 368.4016 422.9976 -28.3214 195.8140 0.0000
4950.03 18.07.2018 15.30.01 28.66000 296.1096 -96.0149 -0.2728 -3.6399 4.4895 86.2529 43.5724 365.4643 419.9102 -29.1676 195.9718 0.0000
4960.03 18.07.2018 15.40.01 28.63275 295.8684 -86.9340 -0.2470 -3.4848 4.3171 82.9340 41.8957 362.5443 417.0333 -28.6498 196.1339 0.0000
4970.03 18.07.2018 15.50.01 28.60647 295.6531 -89.1631 -0.2533 -3.3626 4.1457 79.6246 40.2237 359.6389 414.1856 -28.2999 196.3085 0.0000
4980.03 18.07.2018 16.00.01 28.57815 295.4547 -96.0825 -0.2730 -3.2539 3.9745 76.3472 38.5692 356.8139 411.3934 -27.8071 196.4943 0.0000
4990.03 18.07.2018 16.10.01 28.54696 295.6518 -84.5455 -0.2402 -3.1428 3.8702 91.3754 46.9421 356.6980 411.0427 -24.8142 196.6798 0.0000
5000.03 18.07.2018 16.20.01 28.52020 295.8752 -41.1236 -0.1168 -3.0369 3.8934 107.9830 56.1297 357.0925 411.6784 -23.2785 196.8644 0.0000
5010.03 18.07.2018 16.30.01 28.50738 296.1091 -10.5210 -0.0299 -2.9822 3.9364 124.9922 65.5373 357.7102 412.9124 -22.7370 197.0498 0.0000
5020.03 18.07.2018 16.40.01 28.50466 296.3521 7.9698 0.0226 -2.9602 3.9771 146.4426 77.4190 358.4602 415.0373 -23.1741 197.2338 0.0000
5030.03 18.07.2018 16.50.01 28.50845 296.6043 24.7938 0.0704 -2.9550 4.0339 168.4037 89.5903 359.3325 417.7398 -24.3705 197.4166 0.0000
5040.03 18.07.2018 17.00.01 28.51794 296.8633 36.4564 0.1036 -2.9656 4.0922 190.4189 101.7951 360.3104 420.8717 -26.1508 197.5955 0.0000
5050.03 18.07.2018 17.10.01 28.53118 296.5949 22.1254 0.0629 -2.9891 4.0692 179.1965 95.6978 359.9169 420.2740 -30.5911 197.7882 0.0000
5060.03 18.07.2018 17.20.01 28.53930 296.2903 -42.3504 -0.1203 -3.0003 3.8400 165.6649 88.4299 358.8746 418.5444 -34.0500 198.0005 0.0000
5070.03 18.07.2018 17.30.01 28.52728 295.9770 -90.1790 -0.2562 -2.9301 3.5653 151.5179 80.8406 357.5799 416.2742 -36.4763 198.2245 0.0000
5080.03 18.07.2018 17.40.01 28.49963 295.6646 -118.2091 -0.3358 -2.8077 3.2958 133.8190 71.2718 356.2021 413.4357 -37.1550 198.4566 0.0000
5090.03 18.07.2018 17.50.01 28.46194 295.3206 -144.0863 -0.4093 -2.6640 3.0062 115.7776 61.5186 354.8470 410.2529 -37.1315 198.6521 0.0000
5100.03 18.07.2018 18.00.01 28.41497 294.9708 -162.7080 -0.4622 -2.5016 2.7192 97.6303 51.6986 353.3908 406.8300 -36.2984 198.8311 0.0000
5110.03 18.07.2018 18.10.01 28.36083 294.6125 -198.0578 -0.5627 -2.3297 2.3561 84.8636 44.9444 351.3852 403.9468 -33.6271 198.9966 0.0000
5120.03 18.07.2018 18.20.01 28.29498 294.2567 -218.6606 -0.6212 -2.1197 1.9980 72.1037 38.1891 349.4015 401.0102 -31.0373 199.1479 0.0000
5130.03 18.07.2018 18.30.01 28.22177 293.9007 -230.2366 -0.6541 -1.8938 1.6530 59.4380 31.4769 347.4361 397.9977 -28.5043 199.2733 0.0000
5140.03 18.07.2018 18.40.01 28.14398 293.5457 -239.6187 -0.6807 -1.6653 1.3128 43.0226 22.6851 345.4786 394.6708 -25.2635 199.3757 0.0000
5150.03 18.07.2018 18.50.01 28.06225 293.1876 -252.7501 -0.7180 -1.4362 0.9575 26.5409 13.8693 343.4994 391.2129 -21.8258 199.4612 0.0000
5160.03 18.07.2018 19.00.01 27.97561 292.8253 -263.4882 -0.7485 -1.2005 0.6026 10.1809 5.1250 341.5036 387.6688 -18.3218 199.5332 0.0000
5170.03 18.07.2018 19.10.01 27.88516 292.5709 -226.7934 -0.6443 -0.9599 0.4208 7.6986 3.8844 341.4598 385.3426 -15.5588 199.5853 0.0000
5180.03 18.07.2018 19.20.01 27.80523 292.3293 -187.2318 -0.5319 -0.7768 0.3265 6.0627 3.0604 341.6475 383.4519 -13.6810 199.6193 0.0000
5190.03 18.07.2018 19.30.01 27.73687 292.0902 -164.3143 -0.4668 -0.6528 0.2479 4.5782 2.3108 341.9141 381.7784 -12.3058 199.6427 0.0000
5200.03 18.07.2018 19.40.01 27.67532 291.8531 -152.6582 -0.4337 -0.5628 0.1722 3.1209 1.5747 342.2542 380.2780 -11.2642 199.6661 0.0000
5210.03 18.07.2018 19.50.01 27.61724 291.6158 -147.1965 -0.4182 -0.4909 0.0970 1.6685 0.8409 342.6193 378.9069 -10.5300 199.6890 0.0000
5220.03 18.07.2018 20.00.01 27.56069 291.3793 -145.0045 -0.4119 -0.4284 0.0219 0.2192 0.1087 342.9643 377.6359 -10.0260 199.7007 0.0000
5230.03 18.07.2018 20.10.01 27.50475 291.2957 -129.2963 -0.3673 -0.3701 0.0038 0.0356 0.0174 344.6588 376.8050 -8.9842 199.7124 0.0000
5240.03 18.07.2018 20.20.01 27.45370 291.2193 -116.6314 -0.3313 -0.3319 0.0007 0.0068 0.0034 346.4703 376.1976 -8.3845 199.7241 0.0000
5250.03 18.07.2018 20.30.01 27.40670 291.1430 -108.6385 -0.3086 -0.3087 0.0001 0.0012 0.0006 348.3299 375.7332 -8.1019 199.7358 0.0000
5260.03 18.07.2018 20.40.01 27.36230 291.0655 -103.6958 -0.2946 -0.2946 0.0000 0.0002 0.0001 350.2220 375.3930 -8.0366 199.7475 0.0000
5270.03 18.07.2018 20.50.01 27.31964 290.9873 -100.6678 -0.2860 -0.2860 0.0000 0.0000 0.0000 352.1429 375.1497 -8.1799 199.7592 0.0000
5280.03 18.07.2018 21.00.01 27.27801 290.9082 -98.6602 -0.2803 -0.2803 0.0000 0.0000 0.0000 354.0803 374.9850 -8.4982 199.7709 0.0000
5290.03 18.07.2018 21.10.01 27.23702 290.8320 -97.2559 -0.2763 -0.2763 0.0000 0.0000 0.0000 353.8783 374.6966 -8.5915 199.7824 0.0000
5300.03 18.07.2018 21.20.01 27.19595 290.7521 -97.9938 -0.2784 -0.2784 0.0000 0.0000 0.0000 353.5845 374.3586 -8.5954 199.7920 0.0000
5310.03 18.07.2018 21.30.01 27.15429 290.6706 -100.7736 -0.2863 -0.2863 0.0000 0.0000 0.0000 353.2805 374.0088 -8.5860 199.8008 0.0000
5320.03 18.07.2018 21.40.01 27.11144 290.5885 -103.9843 -0.2954 -0.2954 0.0000 0.0000 0.0000 352.9744 373.6525 -8.5633 199.8080 0.0000
5330.03 18.07.2018 21.50.01 27.06719 290.5068 -106.8642 -0.3036 -0.3036 0.0000 0.0000 0.0000 352.6686 373.2927 -8.5284 199.8128 0.0000
5340.03 18.07.2018 22.00.01 27.02181 290.4252 -109.6983 -0.3116 -0.3116 0.0000 0.0000 0.0000 352.3635 372.9308 -8.4852 199.8146 0.0000
5350.03 18.07.2018 22.10.01 26.97531 290.3592 -112.1247 -0.3185 -0.3185 0.0000 0.0000 0.0000 351.5158 372.5177 -8.3223 199.8147 0.0000
5360.03 18.07.2018 22.20.01 26.92782 290.2903 -114.8162 -0.3262 -0.3262 0.0000 0.0000 0.0000 350.6424 372.0706 -8.1495 199.8147 0.0000
5370.03 18.07.2018 22.30.01 26.87911 290.2208 -117.3706 -0.3334 -0.3334 0.0000 0.0000 0.0000 349.7623 371.6079 -7.9487 199.8147 0.0000
5380.03 18.07.2018 22.40.01 26.82937 290.1514 -119.7870 -0.3403 -0.3403 0.0000 0.0000 0.0000 348.8785 371.1315 -7.7334 199.8147 0.0000
5390.03 18.07.2018 22.50.01 26.77862 290.0811 -121.9813 -0.3465 -0.3465 0.0000 0.0000 0.0000 347.9909 370.6440 -7.5005 199.8147 0.0000
5400.03 18.07.2018 23.00.01 26.72704 290.0097 -123.9602 -0.3522 -0.3522 0.0000 0.0000 0.0000 347.1017 370.1454 -7.2681 199.8147 0.0000
5410.03 18.07.2018 23.10.01 26.67465 289.8369 -126.0851 -0.3582 -0.3582 0.0000 0.0000 0.0000 346.0061 369.5329 -7.5293 199.8147 0.0000
5420.03 18.07.2018 23.20.01 26.62127 289.6608 -128.5216 -0.3651 -0.3651 0.0000 0.0000 0.0000 344.8763 368.8905 -7.6700 199.8147 0.0000
5430.03 18.07.2018 23.30.01 26.56683 289.4841 -130.9328 -0.3720 -0.3720 0.0000 0.0000 0.0000 343.7375 368.2197 -7.7645 199.8147 0.0000
5440.03 18.07.2018 23.40.01 26.51144 289.3077 -133.2262 -0.3785 -0.3785 0.0000 0.0000 0.0000 342.6007 367.5160 -7.9053 199.8147 0.0000
5450.03 18.07.2018 23.50.01 26.45510 289.1343 -135.3157 -0.3844 -0.3844 0.0000 0.0000 0.0000 341.4572 366.8105 -7.9102 199.8147 0.0000
5460.03 19.07.2018 00.00.01 26.39797 288.9607 -137.1113 -0.3895 -0.3895 0.0000 0.0000 0.0000 340.3098 366.0888 -7.8892 199.8147 0.0000
5470.03 19.07.2018 00.10.01 26.34017 288.7573 -138.9391 -0.3947 -0.3947 0.0000 0.0000 0.0000 339.3891 365.3443 -8.0796 199.8147 0.0000
5480.03 19.07.2018 00.20.01 26.28158 288.5622 -140.2982 -0.3986 -0.3986 0.0000 0.0000 0.0000 338.4876 364.5999 -8.2505 199.8147 0.0000
5490.03 19.07.2018 00.30.01 26.22238 288.3641 -141.7900 -0.4028 -0.4028 0.0000 0.0000 0.0000 337.5833 363.8466 -8.4096 199.8147 0.0000
5500.03 19.07.2018 00.40.01 26.16259 288.1663 -143.3401 -0.4072 -0.4072 0.0000 0.0000 0.0000 336.6761 363.0913 -8.5309 199.8147 0.0000
5510.03 19.07.2018 00.50.01 26.10217 287.9684 -144.5681 -0.4107 -0.4107 0.0000 0.0000 0.0000 335.7670 362.3327 -8.6354 199.8147 0.0000
5520.03 19.07.2018 01.00.01 26.04125 287.7723 -145.6734 -0.4138 -0.4138 0.0000 0.0000 0.0000 334.8576 361.5731 -8.7205 199.8147 0.0000
5530.03 19.07.2018 01.10.01 25.97991 287.6797 -146.6632 -0.4167 -0.4167 0.0000 0.0000 0.0000 334.6861 360.9855 -8.3863 199.8147 0.0000
5540.03 19.07.2018 01.20.01 25.91854 287.5847 -146.9224 -0.4174 -0.4174 0.0000 0.0000 0.0000 334.5655 360.4519 -8.1437 199.8147 0.0000
5550.03 19.07.2018 01.30.01 25.85720 287.4779 -146.3595 -0.4158 -0.4158 0.0000 0.0000 0.0000 334.4483 359.9409 -8.0123 199.8147 0.0000
5560.03 19.07.2018 01.40.01 25.79589 287.3680 -145.4159 -0.4131 -0.4131 0.0000 0.0000 0.0000 334.3331 359.4510 -7.9068 199.8147 0.0000
5570.03 19.07.2018 01.50.01 25.73535 287.2951 -145.3119 -0.4128 -0.4128 0.0000 0.0000 0.0000 334.2528 359.0150 -7.6777 199.8147 0.0000
5580.03 19.07.2018 02.00.01 25.67489 287.1984 -144.0680 -0.4093 -0.4093 0.0000 0.0003 0.0002 334.2070 358.6027 -7.5212 199.8118 0.0000
5590.03 19.07.2018 02.10.01 25.61483 287.1755 -140.8762 -0.4002 -0.4069 0.0089 0.1987 0.1006 333.5973 358.1340 -7.6330 199.8079 0.0000
5600.03 19.07.2018 02.20.01 25.55511 287.0738 -141.1741 -0.4011 -0.4162 0.0202 0.4212 0.2131 332.9025 357.5370 -8.0680 199.8046 0.0000
5610.03 19.07.2018 02.30.01 25.49471 286.9558 -143.8476 -0.4087 -0.4326 0.0319 0.6474 0.3274 332.2071 356.9194 -8.5535 199.8035 0.0000
5620.03 19.07.2018 02.40.01 25.43313 286.8302 -146.7786 -0.4170 -0.4497 0.0436 0.8744 0.4421 331.4715 356.2949 -8.9012 199.8035 0.0000
5630.03 19.07.2018 02.50.01 25.37054 286.7067 -148.5187 -0.4219 -0.4634 0.0554 1.1014 0.5568 330.6805 355.6547 -9.2333 199.8026 0.0000
5640.03 19.07.2018 03.00.01 25.30728 286.5784 -149.8743 -0.4258 -0.4763 0.0674 1.3340 0.6743 329.8361 355.0008 -9.5550 199.7990 0.0000
5650.03 19.07.2018 03.10.01 25.24380 286.6045 -111.9625 -0.3181 -0.4888 0.2276 4.8640 2.4617 329.4470 354.7621 -9.0488 199.7948 0.0000
5660.03 19.07.2018 03.20.01 25.19155 286.6453 -83.0331 -0.2359 -0.5562 0.4270 8.7973 4.4501 329.2549 354.7184 -8.7267 199.7948 0.0000
5670.03 19.07.2018 03.30.01 25.14822 286.6896 -66.1474 -0.1879 -0.6627 0.6330 12.7909 6.4680 329.1302 354.7860 -8.5497 199.7948 0.0000
5680.03 19.07.2018 03.40.01 25.11025 286.7347 -55.7094 -0.1583 -0.7884 0.8402 16.7967 8.4918 329.0333 354.9472 -8.4639 199.7948 0.0000
5690.03 19.07.2018 03.50.01 25.07592 286.7796 -48.5223 -0.1378 -0.9236 1.0477 20.8044 10.5167 328.9514 355.1834 -8.4776 199.7948 0.0000
5700.03 19.07.2018 04.00.01 25.04427 286.8254 -43.0392 -0.1223 -1.0638 1.2554 24.8182 12.5445 328.8828 355.4849 -8.5726 199.7950 0.0000
5710.03 19.07.2018 04.10.01 25.01507 287.1749 2.6297 0.0075 -1.2028 1.6136 32.1810 16.2684 329.5365 356.3627 -7.3916 199.8047 0.0000
5720.03 19.07.2018 04.20.01 25.00057 287.5394 40.3308 0.1146 -1.3942 2.0118 39.9536 20.1966 330.4038 357.5335 -6.5068 199.8164 0.0000
5730.03 19.07.2018 04.30.01 24.99868 287.9106 66.2369 0.1882 -1.6242 2.4165 47.7874 24.1546 331.3614 358.9022 -5.8459 199.8283 0.0000
5740.03 19.07.2018 04.40.01 25.00598 288.2850 85.2631 0.2422 -1.8746 2.8225 55.6335 28.1187 332.3708 360.4381 -5.3759 199.8482 0.0000
5750.03 19.07.2018 04.50.01 25.02041 288.6622 100.2670 0.2848 -2.1367 3.2287 71.2967 35.9913 333.4164 362.2638 -5.2765 199.8717 0.0000
5760.03 19.07.2018 05.00.01 25.04077 289.0547 124.6802 0.3542 -2.4045 3.6783 81.0898 40.9169 334.6031 364.3934 -5.4578 199.9003 0.0000
5770.03 19.07.2018 05.10.01 25.06957 289.4423 135.7896 0.3858 -2.6912 4.1027 120.0003 60.4106 335.7708 367.1746 -6.3457 199.9417 0.0000
5780.03 19.07.2018 05.20.01 25.10336 289.8399 192.7539 0.5476 -2.9779 4.7006 160.2841 80.5470 337.3476 371.2042 -8.6665 200.0049 0.0000
5790.03 19.07.2018 05.30.01 25.15536 290.2609 241.1378 0.6851 -3.3319 5.3560 217.2900 109.0470 339.2217 376.3929 -12.2077 200.0823 0.0000
5800.03 19.07.2018 05.40.01 25.22344 290.7873 278.1991 0.7903 -3.7373 6.0368 210.9362 105.8674 341.9047 381.7271 -15.0337 200.2383 0.0000
5810.03 19.07.2018 05.50.01 25.30374 291.2060 226.7441 0.6442 -4.1751 6.4256 202.1492 101.5379 343.3588 385.4329 -16.5816 200.4015 0.0000
5820.03 19.07.2018 06.00.01 25.37054 291.6065 188.5813 0.5357 -4.5161 6.7358 192.5445 96.7987 344.5111 388.4625 -17.4826 200.5659 0.0000
5830.03 19.07.2018 06.10.01 25.42693 292.0446 116.0293 0.3296 -4.7877 6.8231 212.5563 106.8355 346.2556 391.7990 -15.2542 200.7242 0.0000
5840.03 19.07.2018 06.20.01 25.46328 292.5041 127.8682 0.3633 -4.9383 7.0688 233.8509 117.4797 349.0376 395.9929 -15.9943 200.8788 0.0000
5850.03 19.07.2018 06.30.01 25.50402 292.8686 150.9819 0.4289 -5.0966 7.3673 255.6674 128.3884 349.7615 399.8035 -22.2755 201.0673 0.0000
5860.03 19.07.2018 06.40.01 25.57241 293.4755 3026.1621 8.5971 -5.2779 18.4999 290.6804 139.2106 352.4330 404.9343 -19.8793 201.2896 0.0000
5870.03 19.07.2018 06.50.01 26.46334 294.0874 1689.1855 4.7988 -9.7758 19.4328 304.7078 145.8203 355.4610 410.2964 -19.1092 201.5355 0.0000
5880.03 19.07.2018 07.00.01 26.97759 294.1582 1098.9017 3.1219 -12.1037 20.3008 318.3611 152.2738 356.5235 414.7822 -25.4437 201.8085 0.0000
5890.03 19.07.2018 07.10.01 27.32217 294.6097 601.1186 1.7077 -13.4858 20.2580 320.2866 153.5323 358.4953 419.6930 -26.0617 202.1028 0.0000
5900.03 19.07.2018 07.20.01 27.52334 294.4659 357.1267 1.0146 -14.0944 20.1453 321.6169 154.5063 358.3578 422.0951 -38.4099 202.4370 0.0000
5910.03 19.07.2018 07.30.01 27.65203 294.3656 227.9538 0.6476 -14.3475 19.9934 340.1924 164.1154 358.2820 423.8119 -51.2944 202.8273 0.0000
5920.03 19.07.2018 07.40.01 27.74160 295.0573 187.5085 0.5327 -14.4192 19.9358 341.9056 165.2372 362.8588 429.2688 -35.1432 203.2868 0.0000
5930.03 19.07.2018 07.50.01 27.81933 294.9438 162.9571 0.4629 -14.4285 19.8552 343.5285 166.3308 362.7060 431.2319 -49.8332 203.7115 0.0000
5940.03 19.07.2018 08.00.01 27.88806 294.7351 134.6811 0.3826 -14.4275 19.7469 346.0939 168.0201 361.1343 430.9788 -71.4364 204.2360 0.0000
5950.03 19.07.2018 08.10.01 27.94732 294.9366 305.9764 0.8693 -14.4110 20.3736 359.8189 174.6625 361.4864 432.1893 -72.3999 204.8107 0.0000
5960.03 19.07.2018 08.20.01 28.07507 295.1534 3129.5195 8.8907 -14.6597 31.4006 394.8513 185.5817 362.3398 434.1574 -74.3255 205.4131 0.0000
5970.03 19.07.2018 08.30.01 29.00988 295.3922 1802.2620 5.1201 -19.1539 32.3652 409.7099 192.6464 363.5230 436.5587 -76.7637 206.0821 0.0000
5980.03 19.07.2018 08.40.01 29.56945 295.6265 1134.0858 3.2218 -21.4994 32.9616 421.5933 198.4523 364.6186 438.9786 -79.5228 206.7828 0.0000
5990.03 19.07.2018 08.50.01 29.95156 295.8619 2729.8992 7.7554 -22.7833 40.7183 451.9146 209.0458 365.7059 441.6367 -82.4298 207.5077 0.0000
6000.03 19.07.2018 09.00.01 30.78784 296.1123 1539.2241 4.3728 -26.4530 41.1010 462.6808 214.4146 367.0098 444.4991 -85.8439 208.3137 0.0000
6010.03 19.07.2018 09.10.01 31.28170 296.3443 565.6001 1.6068 -28.2300 39.7824 460.0914 214.2079 368.5048 447.3735 -86.5406 209.1469 0.0000
6020.03 19.07.2018 09.20.01 31.49276 296.5745 85.5482 0.2430 -28.5149 38.3439 461.1337 215.8196 369.8214 450.0280 -85.9253 209.9895 0.0000
6030.03 19.07.2018 09.30.01 31.56176 296.8054 -123.4765 -0.3508 -28.0969 36.9948 462.2281 217.4494 371.2915 452.6972 -86.5557 210.8700 0.0000
6040.03 19.07.2018 09.40.01 31.56671 297.0511 -211.8729 -0.6019 -27.3987 35.7291 461.1742 217.9250 372.8193 455.4094 -85.6716 211.7852 0.0000
6050.03 19.07.2018 09.50.01 31.54281 297.3231 -250.4578 -0.7115 -26.6023 34.5211 458.9179 217.8239 374.4505 458.1276 -84.4385 212.7164 0.0000
6060.03 19.07.2018 10.00.01 31.50479 297.5689 -295.5491 -0.8396 -25.7775 33.2505 455.8228 217.2937 375.9172 460.5522 -84.3213 213.6474 0.0000
6070.03 19.07.2018 10.10.01 31.44982 298.0039 -586.4643 -1.6661 -24.9036 30.9833 441.7596 211.9492 380.4745 464.4197 -73.7383 214.5212 0.0000
6080.03 19.07.2018 10.20.01 31.30938 298.4738 -734.5368 -2.0868 -23.5968 28.6801 426.1530 205.7154 385.4363 466.4576 -74.5445 215.2894 0.0000
6090.03 19.07.2018 10.30.01 31.12402 298.7705 -797.1649 -2.2647 -22.0863 26.4288 409.9833 199.0854 387.8269 467.2915 -77.9842 215.9185 0.0000
6100.03 19.07.2018 10.40.01 30.91830 298.8981 -722.1474 -2.0516 -20.5181 24.6221 398.0563 194.3961 387.5996 469.9413 -65.0574 216.6159 0.0000
6110.03 19.07.2018 10.50.01 30.73208 298.9274 -664.9741 -1.8891 -19.0784 22.9190 385.8750 189.4571 387.8256 471.0669 -69.8168 218.0492 0.0000
6120.03 19.07.2018 11.00.01 30.55575 299.1073 -620.3779 -1.7624 -17.7875 21.3668 374.1957 184.6581 388.2952 470.9183 -78.1642 219.5501 0.0000
6130.03 19.07.2018 11.10.01 30.38842 299.1917 -768.4813 -2.1832 -16.5897 19.2087 347.9549 172.6819 391.1349 471.6886 -64.4189 220.9770 0.0000
6140.03 19.07.2018 11.20.01 30.17660 299.0954 -851.9590 -2.4203 -15.1754 17.0068 317.5292 158.2415 393.5434 470.1810 -62.5645 222.1944 0.0000
6150.03 19.07.2018 11.30.01 29.93920 298.9412 -841.6222 -2.3910 -13.6582 15.0230 287.9075 144.0525 395.2599 466.7150 -68.5337 223.2167 0.0000
6160.03 19.07.2018 11.40.01 29.70257 298.9530 -770.4165 -2.1887 -12.1947 13.3413 261.2743 131.2625 395.9404 465.0753 -57.8854 224.0480 0.0000
6170.03 19.07.2018 11.50.01 29.48446 298.6503 -692.3708 -1.9670 -10.8787 11.8824 234.7525 118.3133 394.3267 461.7354 -59.1043 224.9088 0.0000
6180.03 19.07.2018 12.00.01 29.28597 298.3744 -608.3183 -1.7282 -9.7283 10.6669 208.6769 105.3981 393.2075 457.1286 -64.2884 225.8074 0.0000
6190.03 19.07.2018 12.10.01 29.11028 298.2789 -419.4049 -1.1915 -8.7458 10.0724 202.4253 102.3148 391.6329 453.5620 -61.0794 226.6895 0.0000
6200.03 19.07.2018 12.20.01 28.98974 298.2221 -242.1733 -0.6880 -8.0651 9.8362 199.9409 101.1326 390.6613 450.9445 -58.5453 227.5524 0.0000
6210.03 19.07.2018 12.30.01 28.92162 298.1834 -133.0499 -0.3780 -7.6515 9.6981 198.1818 100.2981 389.9443 448.7591 -56.3868 228.4132 0.0000
6220.03 19.07.2018 12.40.01 28.88641 298.1526 -76.0317 -0.2160 -7.3936 9.5701 196.7017 99.6175 389.3389 446.8924 -54.5833 229.2730 0.0000
6230.03 19.07.2018 12.50.01 28.86901 298.1269 -47.3593 -0.1345 -7.2095 9.4333 195.0639 98.8515 388.7822 445.2493 -52.9187 230.1093 0.0000
6240.03 19.07.2018 13.00.01 28.86105 298.1046 -27.4600 -0.0780 -7.0586 9.3074 193.5987 98.1753 388.2567 443.8068 -51.5561 230.9399 0.0000
6250.03 19.07.2018 13.10.01 28.86016 298.1679 36.6043 0.1040 -6.9293 9.3777 213.4388 108.6917 385.7514 443.3503 -52.5917 231.7716 0.0000
6260.03 19.07.2018 13.20.01 28.87917 298.2404 138.0491 0.3922 -6.8956 9.7171 237.4421 121.4258 383.6402 443.8387 -56.0355 232.6634 0.0000
6270.03 19.07.2018 13.30.01 28.92880 298.3427 203.9212 0.5793 -7.0067 10.1147 263.1141 135.1004 381.7888 444.9052 -60.5797 233.6227 0.0000
6280.03 19.07.2018 13.40.01 28.99896 298.4345 240.4194 0.6830 -7.2026 10.5141 290.7520 149.8950 380.1034 446.5360 -65.7275 234.6266 0.0000
6290.03 19.07.2018 13.50.01 29.08132 298.5422 265.4414 0.7541 -7.4367 10.9211 319.5390 165.3711 378.5792 448.5621 -71.9018 235.6796 0.0000
6300.03 19.07.2018 14.00.01 29.17224 298.6507 265.4090 0.7540 -7.6922 11.2616 348.3121 180.9120 377.0155 450.7935 -78.7638 236.7666 0.0000
6310.03 19.07.2018 14.10.01 29.26385 298.5894 223.2789 0.6343 -7.9356 11.4266 339.0035 176.0828 377.2146 451.3951 -79.3952 237.8877 0.0000
6320.03 19.07.2018 14.20.01 29.34252 298.4849 72.6455 0.2064 -8.1049 11.0818 323.4312 168.0264 376.5854 450.6661 -79.1533 239.0253 0.0000
6330.03 19.07.2018 14.30.01 29.37667 298.3616 -16.7952 -0.0477 -8.0495 10.6690 306.6019 159.2868 375.6120 449.2700 -78.7242 240.1399 0.0000
6340.03 19.07.2018 14.40.01 29.38336 298.2361 -76.0163 -0.2160 -7.8708 10.2065 287.7846 149.4482 374.4720 447.3991 -76.9238 241.2252 0.0000
6350.03 19.07.2018 14.50.01 29.37142 298.1055 -98.7862 -0.2806 -7.6173 9.7822 268.8222 139.4829 373.3000 445.1140 -74.8656 242.2776 0.0000
6360.03 19.07.2018 15.00.01 29.35156 297.9736 -117.4736 -0.3337 -7.3434 9.3462 249.0394 129.0370 372.0780 442.4216 -72.2283 243.3001 0.0000
6370.03 19.07.2018 15.10.01 29.32516 297.7866 -137.7899 -0.3914 -7.0572 8.8877 234.2117 121.2901 371.0103 439.9739 -69.1469 243.7989 0.0000
6380.03 19.07.2018 15.20.01 29.29263 297.6039 -126.9419 -0.3606 -6.7492 8.5181 220.0055 113.8235 370.0355 437.4735 -65.9546 244.2755 0.0000
6390.03 19.07.2018 15.30.01 29.26238 297.4222 -119.9472 -0.3408 -6.4676 8.1691 205.6965 106.2738 369.1009 434.8996 -62.6063 244.7358 0.0000
6400.03 19.07.2018 15.40.01 29.23342 297.2395 -128.3411 -0.3646 -6.2051 7.7874 189.4554 97.6609 368.1260 432.1161 -58.8397 245.1812 0.0000
6410.03 19.07.2018 15.50.01 29.20126 297.0543 -131.1142 -0.3725 -5.9376 7.4201 173.1417 88.9893 367.1485 429.2408 -54.9378 245.6113 0.0000
6420.03 19.07.2018 16.00.01 29.16763 296.8682 -132.3127 -0.3759 -5.6748 7.0652 156.6593 80.2021 366.1871 426.2856 -50.9274 246.0209 0.0000
6430.03 19.07.2018 16.10.01 29.13308 296.7551 -130.8560 -0.3717 -5.4188 6.7295 159.9387 82.2844 364.6489 424.6076 -49.6549 246.4114 0.0000
6440.03 19.07.2018 16.20.01 29.09854 296.6550 -95.4657 -0.2712 -5.1735 6.5364 164.7961 85.1647 363.2784 423.3380 -49.7356 246.7976 0.0000
6450.03 19.07.2018 16.30.01 29.07366 296.5587 -75.3072 -0.2139 -4.9897 6.3676 169.9659 88.2070 362.0045 422.3275 -50.1594 247.1840 0.0000
6460.03 19.07.2018 16.40.01 29.05419 296.4672 -68.1595 -0.1936 -4.8422 6.1981 177.5003 92.5678 360.7586 421.7450 -50.5255 247.5721 0.0000
6470.03 19.07.2018 16.50.01 29.03640 296.3766 -64.8841 -0.1843 -4.7111 6.0357 185.2901 97.0745 359.5462 421.2789 -51.9403 247.9622 0.0000
6480.03 19.07.2018 17.00.01 29.01904 296.2867 -64.6412 -0.1836 -4.5902 5.8754 193.0534 101.5647 358.3671 420.9283 -53.7013 248.3551 0.0000
6490.03 19.07.2018 17.10.01 29.00076 296.0673 -133.8217 -0.3802 -4.4777 5.4633 177.9443 93.6639 357.1244 419.3350 -51.7005 248.7417 0.0000
6500.03 19.07.2018 17.20.01 28.96108 295.8320 -214.4078 -0.6091 -4.2717 4.8834 160.9774 84.8232 355.6663 417.2358 -48.4234 249.1068 0.0000
6510.03 19.07.2018 17.30.01 28.89657 295.5923 -266.7661 -0.7579 -3.9581 4.2670 143.5378 75.7372 354.1157 414.8328 -44.8299 249.4363 0.0000
6520.03 19.07.2018 17.40.01 28.81533 295.3479 -296.3317 -0.8419 -3.5821 3.6536 123.8358 65.3899 352.5560 412.1667 -40.0855 249.7274 0.0000
6530.03 19.07.2018 17.50.01 28.72408 295.1006 -319.4495 -0.9075 -3.1776 3.0268 103.8983 54.9153 351.0193 409.2375 -35.4028 249.9624 0.0000
6540.03 19.07.2018 18.00.01 28.62469 294.8498 -335.0784 -0.9519 -2.7539 2.4026 83.8831 44.3908 349.4444 406.1050 -30.7292 250.1516 0.0000
6550.03 19.07.2018 18.10.01 28.51989 294.5116 -285.5284 -0.8112 -2.3235 2.0165 72.2601 38.2662 348.1483 403.2053 -27.9164 250.3142 0.0000
6560.03 19.07.2018 18.20.01 28.42809 294.1778 -250.3747 -0.7113 -1.9863 1.7000 61.3266 32.4825 346.9034 400.4062 -25.4472 250.4555 0.0000
6570.03 19.07.2018 18.30.01 28.34536 293.8445 -233.0932 -0.6622 -1.7161 1.4053 50.5680 26.7815 345.6890 397.6224 -23.0243 250.5639 0.0000
6580.03 19.07.2018 18.40.01 28.26675 293.5093 -227.4208 -0.6461 -1.4837 1.1169 36.6186 19.3094 344.4856 394.5759 -20.3623 250.6562 0.0000
6590.03 19.07.2018 18.50.01 28.18893 293.1714 -231.8460 -0.6587 -1.2705 0.8158 22.6137 11.8172 343.2582 391.4470 -17.6181 250.7335 0.0000
6600.03 19.07.2018 19.00.01 28.10888 292.8324 -237.2905 -0.6741 -1.0605 0.5151 8.7125 4.3859 342.0277 388.2644 -14.9439 250.7950 0.0000
6610.03 19.07.2018 19.10.01 28.02664 292.4646 -205.4671 -0.5837 -0.8540 0.3604 6.5965 3.3284 340.6394 385.7967 -13.8415 250.8283 0.0000
6620.03 19.07.2018 19.20.01 27.95266 292.1010 -175.5576 -0.4987 -0.7086 0.2798 5.1962 2.6230 339.3295 383.5813 -13.1516 250.8516 0.0000
6630.03 19.07.2018 19.30.01 27.88653 291.7389 -162.0291 -0.4603 -0.6197 0.2125 3.9241 1.9807 338.0499 381.4873 -12.6585 250.8716 0.0000
6640.03 19.07.2018 19.40.01 27.82357 291.3775 -158.3785 -0.4499 -0.5606 0.1476 2.6751 1.3497 336.7853 379.4853 -12.3003 250.8836 0.0000
6650.03 19.07.2018 19.50.01 27.76095 291.0158 -159.7058 -0.4537 -0.5160 0.0831 1.4302 0.7208 335.5320 377.5528 -12.0670 250.8953 0.0000
6660.03 19.07.2018 20.00.01 27.69729 290.6543 -163.4217 -0.4643 -0.4784 0.0188 0.1879 0.0931 334.2841 375.6758 -11.9313 250.9069 0.0000
6670.03 19.07.2018 20.10.01 27.63192 290.4771 -154.7467 -0.4396 -0.4420 0.0032 0.0305 0.0149 333.5190 374.1621 -10.7896 250.9126 0.0000
6680.03 19.07.2018 20.20.01 27.56878 290.3036 -148.2651 -0.4212 -0.4217 0.0006 0.0058 0.0029 332.8397 372.8024 -9.8924 250.9128 0.0000
6690.03 19.07.2018 20.30.01 27.50738 290.1317 -145.4068 -0.4131 -0.4132 0.0001 0.0010 0.0005 332.1930 371.5475 -9.1692 250.9128 0.0000
6700.03 19.07.2018 20.40.01 27.44689 289.9594 -145.3219 -0.4128 -0.4129 0.0000 0.0002 0.0001 331.5713 370.3774 -8.5856 250.9128 0.0000
6710.03 19.07.2018 20.50.01 27.38583 289.7886 -145.4035 -0.4131 -0.4131 0.0000 0.0000 0.0000 330.9702 369.2805 -8.1122 250.9128 0.0000
6720.03 19.07.2018 21.00.01 27.32449 289.6181 -146.5055 -0.4162 -0.4162 0.0000 0.0000 0.0000 330.3838 368.2440 -7.7338 250.9128 0.0000
6730.03 19.07.2018 21.10.01 27.26266 289.4053 -148.4841 -0.4218 -0.4218 0.0000 0.0000 0.0000 330.0137 367.2223 -7.7851 250.9128 0.0000
6740.03 19.07.2018 21.20.01 27.19985 289.1928 -151.2051 -0.4296 -0.4296 0.0000 0.0000 0.0000 329.6481 366.2405 -7.8996 250.9128 0.0000
6750.03 19.07.2018 21.30.01 27.13592 288.9802 -154.2085 -0.4381 -0.4381 0.0000 0.0000 0.0000 329.2859 365.2919 -8.0589 250.9128 0.0000
6760.03 19.07.2018 21.40.01 27.07064 288.7681 -157.0708 -0.4462 -0.4462 0.0000 0.0000 0.0000 328.9272 364.3714 -8.2585 250.9128 0.0000
6770.03 19.07.2018 21.50.01 27.00417 288.5559 -159.9267 -0.4543 -0.4543 0.0000 0.0000 0.0000 328.5731 363.4763 -8.4883 250.9128 0.0000
6780.03 19.07.2018 22.00.01 26.93661 288.3444 -162.7648 -0.4624 -0.4624 0.0000 0.0000 0.0000 328.2221 362.6025 -8.7480 250.9128 0.0000
6790.03 19.07.2018 22.10.01 26.86785 288.1480 -165.2035 -0.4693 -0.4693 0.0000 0.0000 0.0000 326.8842 361.6807 -8.7168 250.9128 0.0000
6800.03 19.07.2018 22.20.01 26.79812 287.9474 -167.4789 -0.4758 -0.4758 0.0000 0.0000 0.0000 325.5029 360.7403 -8.5861 250.9128 0.0000
6810.03 19.07.2018 22.30.01 26.72741 287.7472 -169.8235 -0.4825 -0.4825 0.0000 0.0000 0.0000 324.1226 359.7765 -8.5234 250.9128 0.0000
6820.03 19.07.2018 22.40.01 26.65576 287.5439 -172.0499 -0.4888 -0.4888 0.0000 0.0000 0.0000 322.7435 358.8184 -8.3771 250.9128 0.0000
6830.03 19.07.2018 22.50.01 26.58315 287.3462 -174.1427 -0.4947 -0.4947 0.0000 0.0000 0.0000 321.3668 357.8599 -8.2103 250.9128 0.0000
6840.03 19.07.2018 23.00.01 26.50976 287.1466 -176.1960 -0.5006 -0.5006 0.0000 0.0000 0.0000 319.9955 356.8953 -8.0474 250.9128 0.0000
6850.03 19.07.2018 23.10.01 26.43554 286.9270 -178.2977 -0.5065 -0.5065 0.0000 0.0000 0.0000 319.1045 355.9246 -8.2408 250.9128 0.0000
6860.03 19.07.2018 23.20.01 26.36031 286.7049 -180.6425 -0.5132 -0.5132 0.0000 0.0000 0.0000 318.2420 354.9565 -8.4853 250.9128 0.0000
6870.03 19.07.2018 23.30.01 26.28402 286.4785 -183.2386 -0.5206 -0.5206 0.0000 0.0000 0.0000 317.3731 353.9865 -8.7435 250.9128 0.0000
6880.03 19.07.2018 23.40.01 26.20666 286.2534 -185.7701 -0.5278 -0.5278 0.0000 0.0000 0.0000 316.4964 353.0151 -9.0040 250.9114 0.0000
6890.03 19.07.2018 23.50.01 26.12826 286.0268 -188.2758 -0.5349 -0.5349 0.0000 0.0000 0.0000 315.6106 352.0452 -9.2642 250.9065 0.0000
6900.03 20.07.2018 00.00.01 26.04885 285.7986 -190.6044 -0.5415 -0.5415 0.0000 0.0000 0.0000 314.7223 351.0764 -9.5306 250.8972 0.0000
6910.03 20.07.2018 00.10.01 25.96850 285.6479 -192.5499 -0.5470 -0.5470 0.0000 0.0000 0.0000 313.7640 350.1827 -9.3721 250.8848 0.0000
6920.03 20.07.2018 00.20.01 25.88738 285.4962 -194.3455 -0.5521 -0.5521 0.0000 0.0000 0.0000 312.8074 349.3027 -9.2225 250.8706 0.0000
6930.03 20.07.2018 00.30.01 25.80554 285.3455 -196.0523 -0.5570 -0.5570 0.0000 0.0000 0.0000 311.8511 348.4349 -9.0901 250.8554 0.0000
6940.03 20.07.2018 00.40.01 25.72314 285.1944 -197.9083 -0.5622 -0.5622 0.0000 0.0000 0.0000 310.8968 347.5796 -8.9574 250.8367 0.0000
6950.03 20.07.2018 00.50.01 25.63983 285.0434 -199.3070 -0.5662 -0.5662 0.0000 0.0000 0.0000 309.9435 346.7340 -8.8324 250.8161 0.0000
6960.03 20.07.2018 01.00.01 25.55590 284.8922 -200.6334 -0.5700 -0.5700 0.0000 0.0000 0.0000 308.9956 345.8966 -8.7251 250.7940 0.0000
6970.03 20.07.2018 01.10.01 25.47167 284.7411 -202.1484 -0.5743 -0.5743 0.0000 0.0000 0.0000 308.3912 345.1276 -8.5276 250.7713 0.0000
6980.03 20.07.2018 01.20.01 25.38702 284.5918 -202.1644 -0.5743 -0.5743 0.0000 0.0000 0.0000 307.8203 344.3893 -8.3765 250.7479 0.0000
6990.03 20.07.2018 01.30.01 25.30273 284.4440 -201.8472 -0.5734 -0.5734 0.0000 0.0000 0.0000 307.2586 343.6782 -8.2202 250.7210 0.0000
7000.03 20.07.2018 01.40.01 25.21850 284.2971 -200.8401 -0.5706 -0.5706 0.0000 0.0000 0.0000 306.7084 342.9806 -8.1148 250.6907 0.0000
7010.03 20.07.2018 01.50.01 25.13464 284.1500 -199.9017 -0.5679 -0.5679 0.0000 0.0000 0.0000 306.1657 342.3041 -8.0010 250.6590 0.0000
7020.03 20.07.2018 02.00.01 25.05129 284.0038 -199.5004 -0.5668 -0.5668 0.0000 0.0004 0.0002 305.6313 341.6366 -7.9307 250.6261 0.0000
7030.03 20.07.2018 02.10.01 24.96798 283.8737 -196.4481 -0.5581 -0.5657 0.0101 0.2246 0.1137 305.4768 341.0124 -7.9890 250.5930 0.0000
7040.03 20.07.2018 02.20.01 24.88531 283.7446 -194.6803 -0.5531 -0.5702 0.0228 0.4762 0.2409 305.3469 340.4218 -8.0999 250.5601 0.0000
7050.03 20.07.2018 02.30.01 24.80316 283.6154 -194.3539 -0.5521 -0.5792 0.0360 0.7319 0.3701 305.2217 339.8535 -8.2428 250.5277 0.0000
7060.03 20.07.2018 02.40.01 24.72097 283.4845 -194.4799 -0.5525 -0.5895 0.0493 0.9884 0.4997 305.0965 339.2989 -8.4364 250.4956 0.0000
7070.03 20.07.2018 02.50.01 24.63860 283.3547 -194.8220 -0.5535 -0.6004 0.0626 1.2451 0.6294 304.9742 338.7658 -8.6318 250.4640 0.0000
7080.03 20.07.2018 03.00.01 24.55605 283.2251 -195.1196 -0.5543 -0.6114 0.0761 1.5065 0.7615 304.8510 338.2433 -8.8658 250.4326 0.0000
7090.03 20.07.2018 03.10.01 24.47363 283.2733 -160.6881 -0.4565 -0.6203 0.2184 4.6349 2.3455 304.5958 338.0577 -8.1702 250.4002 0.0000
7100.03 20.07.2018 03.20.01 24.40191 283.3328 -133.4227 -0.3790 -0.6752 0.3949 8.1141 4.1043 304.4731 338.0378 -7.6092 250.3675 0.0000
7110.03 20.07.2018 03.30.01 24.33889 283.3979 -116.0468 -0.3297 -0.7625 0.5771 11.6456 5.8887 304.4190 338.1119 -7.2181 250.3373 0.0000
7120.03 20.07.2018 03.40.01 24.28173 283.4660 -104.6002 -0.2972 -0.8674 0.7603 15.1877 7.6783 304.3976 338.2776 -6.8932 250.3103 0.0000
7130.03 20.07.2018 03.50.01 24.22860 283.5367 -96.1714 -0.2732 -0.9810 0.9437 18.7315 9.4687 304.4033 338.5146 -6.6599 250.2845 0.0000
7140.03 20.07.2018 04.00.01 24.17864 283.6087 -89.5073 -0.2543 -1.0997 1.1272 22.2752 11.2591 304.4321 338.8051 -6.5461 250.2615 0.0000
7150.03 20.07.2018 04.10.01 24.13128 283.9465 -86.3568 -0.2453 -1.2190 1.2982 25.5434 12.9099 305.0232 339.3964 -5.1663 250.2404 0.0000
7160.03 20.07.2018 04.20.01 24.08593 284.2840 -81.1848 -0.2306 -1.3301 1.4660 28.7780 14.5440 305.7029 340.1061 -3.9613 250.2196 0.0000
7170.03 20.07.2018 04.30.01 24.04315 284.6244 -74.3781 -0.2113 -1.4362 1.6332 32.0075 16.1757 306.4174 340.9207 -2.8572 250.1994 0.0000
7180.03 20.07.2018 04.40.01 24.00344 284.9676 -67.1941 -0.1909 -1.5411 1.8003 35.2360 17.8068 307.1631 341.8289 -1.8426 250.1792 0.0000
7190.03 20.07.2018 04.50.01 23.96670 285.3136 -59.8349 -0.1700 -1.6456 1.9674 38.4643 19.4378 307.9331 342.8197 -0.9093 250.1599 0.0000
