# simtime date time IndoorTemp Av_Tair_at_facade Energyflux.toIndoor.sum  Energyflux.toIndoor.average Energyflux.Conduction.average Energyflux.SW.transmission.average Shortwave.availabe Shortwave.absorbed Longwave.available Longwave.emittedFacade Sensible.outside Vapour.fromGreening Vapour.fromSubstrate
10.02 15.07.2018 05.10.00 19.85000 288.0412 0.0000 0.0000 0.0000 0.0000 27.7494 13.8747 328.1041 369.7661 -11.8261 0.0000 0.0000
20.02 15.07.2018 05.20.00 19.85000 288.7118 0.0000 0.0000 0.0000 0.0000 42.8397 21.4198 332.9315 368.8343 -7.6126 0.0000 0.0000
30.03 15.07.2018 05.30.01 19.85000 289.5036 0.0000 0.0000 0.0000 0.0000 61.7665 30.8833 339.5670 369.1267 -4.0310 0.0000 0.0000
40.03 15.07.2018 05.40.01 19.85000 290.3105 0.0000 0.0000 0.0000 0.0000 83.3430 41.6715 347.7646 370.6989 -1.4259 0.0000 0.0000
50.03 15.07.2018 05.50.01 19.85000 290.7969 0.0000 0.0000 0.0000 0.0000 87.6220 43.8110 351.2724 372.5164 -0.7676 0.0000 0.0000
60.03 15.07.2018 06.00.01 19.85000 291.3057 0.0000 0.0000 0.0000 0.0000 118.3744 59.1872 353.2185 374.8803 -0.6374 0.0000 0.0000
70.03 15.07.2018 06.10.01 19.85000 291.6244 0.0000 0.0000 0.0000 0.0000 116.2642 58.1321 354.5806 377.3410 -1.4289 0.0000 0.0000
80.03 15.07.2018 06.20.01 19.85000 291.9946 -0.0207 -0.0001 -0.0001 0.0000 116.1956 58.0978 356.1788 379.4205 -1.4442 0.0000 0.0000
90.03 15.07.2018 06.30.01 19.84979 292.3191 -0.2130 -0.0010 -0.0010 0.0000 115.3969 57.6985 357.5296 381.3988 -1.5971 0.0000 0.0000
100.03 15.07.2018 06.40.01 19.84927 292.6287 -0.2308 -0.0011 -0.0011 0.0000 115.8429 57.9214 358.9330 383.2809 -1.7406 0.0000 0.0000
110.03 15.07.2018 06.50.01 19.84872 292.9274 -0.2382 -0.0011 -0.0011 0.0000 116.3759 58.1879 360.3048 385.0970 -1.9099 0.0000 0.0000
120.03 15.07.2018 07.00.01 19.84826 293.2209 -0.2273 -0.0011 -0.0011 0.0000 116.8639 58.4319 361.6369 386.8369 -2.0725 0.0000 0.0000
130.03 15.07.2018 07.10.01 19.84789 293.5309 -0.2374 -0.0011 -0.0011 0.0000 117.2198 58.6099 363.1807 388.5332 -2.1943 0.0000 0.0000
140.03 15.07.2018 07.20.01 19.84756 293.8448 -0.2429 -0.0011 -0.0011 0.0000 118.3580 59.1790 364.8979 390.2179 -2.3026 0.0000 0.0000
150.03 15.07.2018 07.30.01 19.84728 294.1574 -0.2201 -0.0010 -0.0010 0.0000 119.3696 59.6848 366.6505 391.8975 -2.4434 0.0000 0.0000
160.03 15.07.2018 07.40.01 19.84713 294.4855 -0.2256 -0.0011 -0.0011 0.0000 121.0637 60.5319 368.4578 393.5907 -2.5528 0.0000 0.0000
170.03 15.07.2018 07.50.01 19.84704 294.7994 -0.2293 -0.0011 -0.0011 0.0000 122.2011 61.1005 370.3373 395.2826 -2.7591 0.0000 0.0000
180.03 15.07.2018 08.00.01 19.84704 295.1018 -0.1043 -0.0005 -0.0005 0.0000 194.7622 97.3811 372.1961 398.7286 -4.4037 0.0000 0.0000
190.03 15.07.2018 08.10.01 19.84722 295.3750 0.2461 0.0012 0.0012 0.0000 195.2095 97.6047 374.1880 402.9250 -5.7828 0.0000 0.0000
200.03 15.07.2018 08.20.01 19.84805 295.3527 0.2386 0.0011 0.0011 0.0000 195.2674 97.6337 375.8745 406.0377 -9.0050 0.0000 0.0000
210.03 15.07.2018 08.30.01 19.84893 295.2858 0.3690 0.0017 0.0017 0.0000 195.9666 97.9833 377.3537 408.6622 -13.1658 0.0000 0.0000
220.03 15.07.2018 08.40.01 19.84991 295.4269 0.6927 0.0033 0.0033 0.0000 196.0977 98.0489 378.7526 411.1325 -15.2404 0.0000 0.0000
230.03 15.07.2018 08.50.01 19.85134 295.6071 0.7157 0.0034 0.0034 0.0000 196.7102 98.3551 380.1460 413.3778 -17.2467 0.0000 0.0000
240.03 15.07.2018 09.00.01 19.85299 295.8140 0.7078 0.0033 0.0033 0.0000 197.9910 98.9955 381.3988 415.4484 -19.0007 0.0000 0.0000
250.03 15.07.2018 09.10.01 19.85491 296.1216 1.1742 0.0055 0.0055 0.0000 199.7904 99.8952 383.2517 417.9490 -16.0942 0.0000 0.0000
260.03 15.07.2018 09.20.01 19.85760 296.8633 1.2123 0.0057 0.0057 0.0000 209.7382 104.8691 385.4270 420.7843 -13.9500 0.0000 0.0000
270.03 15.07.2018 09.30.01 19.86035 297.2990 1.5276 0.0072 0.0072 0.0000 212.2966 106.1483 386.8559 423.4240 -15.2225 0.0000 0.0000
280.03 15.07.2018 09.40.01 19.86370 297.6276 1.7515 0.0083 0.0083 0.0000 216.0065 108.0033 388.4249 425.7426 -17.1724 0.0000 0.0000
290.03 15.07.2018 09.50.01 19.86755 298.1023 2.0916 0.0099 0.0099 0.0000 222.0567 111.0283 390.1128 427.9157 -20.0294 0.0000 0.0000
300.03 15.07.2018 10.00.01 19.87206 297.1128 2.1506 0.0101 0.0101 0.0000 226.1948 113.0974 390.4228 428.9813 -31.9446 0.0000 0.0000
310.03 15.07.2018 10.10.01 19.87698 297.4206 2.5574 0.0121 0.0121 0.0000 236.5655 118.2828 391.4838 430.7114 -32.3960 0.0000 0.0000
320.03 15.07.2018 10.20.01 19.88247 297.7314 2.8834 0.0136 0.0136 0.0000 236.8751 118.4375 392.5434 432.5529 -32.3632 0.0000 0.0000
330.03 15.07.2018 10.30.01 19.88860 298.0522 3.1919 0.0151 0.0151 0.0000 235.0069 117.5034 393.1556 434.2022 -31.9388 0.0000 0.0000
340.03 15.07.2018 10.40.01 19.89535 298.4769 3.5011 0.0165 0.0165 0.0000 237.6717 118.8359 394.3953 436.0035 -30.4643 0.0000 0.0000
350.03 15.07.2018 10.50.01 19.90267 298.7990 3.5603 0.0168 0.0168 0.0000 237.0001 118.5000 395.3261 437.8172 -29.8472 0.0000 0.0000
360.03 15.07.2018 11.00.01 19.91064 299.1328 4.1803 0.0197 0.0197 0.0000 236.5563 118.2781 396.2432 439.5434 -29.1498 0.0000 0.0000
370.03 15.07.2018 11.10.01 19.91976 299.2756 4.2762 0.0202 0.0202 0.0000 251.6532 125.8266 397.4959 441.4030 -30.8480 0.0000 0.0000
380.03 15.07.2018 11.20.01 19.92895 299.4285 4.7409 0.0224 0.0224 0.0000 258.4072 129.2036 398.4529 443.4458 -32.9433 0.0000 0.0000
390.03 15.07.2018 11.30.01 19.93893 299.6569 5.1379 0.0242 0.0242 0.0000 274.1948 137.0974 399.2897 445.6539 -34.6885 0.0000 0.0000
400.03 15.07.2018 11.40.01 19.94995 299.6681 5.5391 0.0261 0.0261 0.0000 280.2424 140.1212 400.3401 447.8127 -38.0085 0.0000 0.0000
410.03 15.07.2018 11.50.01 19.96127 299.7710 6.0137 0.0284 0.0284 0.0000 277.5855 138.7928 401.1807 449.6210 -40.3442 0.0000 0.0000
420.03 15.07.2018 12.00.01 19.97357 299.8379 6.1559 0.0290 0.0290 0.0000 271.4981 135.7491 401.7611 450.9092 -42.5051 0.0000 0.0000
430.03 15.07.2018 12.10.01 19.98644 300.3059 6.9484 0.0328 0.0328 0.0000 268.4037 134.2018 403.0733 452.5425 -38.6461 0.0000 0.0000
440.03 15.07.2018 12.20.01 20.00036 300.5577 6.9574 0.0328 0.0328 0.0000 273.1735 136.5868 403.8761 454.3459 -36.9549 0.0000 0.0000
450.03 15.07.2018 12.30.01 20.01479 300.4871 7.2607 0.0342 0.0342 0.0000 287.9864 143.9932 404.3524 456.2741 -38.4737 0.0000 0.0000
460.03 15.07.2018 12.40.01 20.03005 300.4661 7.8793 0.0372 0.0372 0.0000 302.5668 151.2834 405.0328 458.8339 -37.7255 0.0000 0.0000
470.03 15.07.2018 12.50.01 20.04620 300.5090 7.8953 0.0372 0.0372 0.0000 313.1926 156.5963 405.1626 461.5897 -37.1533 0.0000 0.0000
480.03 15.07.2018 13.00.01 20.06271 300.4846 8.6268 0.0407 0.0407 0.0000 326.1606 163.0803 405.5982 464.4395 -37.6775 0.0000 0.0000
490.03 15.07.2018 13.10.01 20.08050 300.4868 8.8097 0.0416 0.0416 0.0000 336.9935 168.4968 406.0185 467.3127 -39.1983 0.0000 0.0000
500.03 15.07.2018 13.20.01 20.09878 300.5270 9.0285 0.0426 0.0426 0.0000 345.1526 172.5763 406.1439 470.1269 -40.5958 0.0000 0.0000
510.03 15.07.2018 13.30.01 20.11779 300.5334 9.7478 0.0460 0.0460 0.0000 349.5698 174.7849 405.6834 472.7297 -41.9212 0.0000 0.0000
520.03 15.07.2018 13.40.01 20.13790 300.5535 9.8117 0.0463 0.0463 0.0000 356.0027 178.0013 405.3472 475.1838 -43.0134 0.0000 0.0000
530.03 15.07.2018 13.50.01 20.15829 300.5957 10.6689 0.0503 0.0503 0.0000 362.1815 181.0907 405.1015 477.6052 -43.9515 0.0000 0.0000
540.03 15.07.2018 14.00.01 20.18008 300.6384 10.7057 0.0505 0.0505 0.0000 364.6363 182.3182 404.5308 479.8568 -44.7515 0.0000 0.0000
550.03 15.07.2018 14.10.01 20.20211 300.7176 11.5996 0.0547 0.0547 0.0000 360.3676 180.1838 404.9949 481.8910 -44.3508 0.0000 0.0000
560.03 15.07.2018 14.20.01 20.22561 300.7281 11.5940 0.0547 0.0547 0.0000 351.3461 175.6730 404.9359 483.2653 -45.4303 0.0000 0.0000
570.03 15.07.2018 14.30.01 20.24944 300.7317 12.3082 0.0581 0.0581 0.0000 340.8827 170.4413 404.6940 484.0163 -46.5565 0.0000 0.0000
580.03 15.07.2018 14.40.01 20.27447 300.7602 12.5330 0.0591 0.0591 0.0000 325.3881 162.6941 404.2965 484.1953 -46.7146 0.0000 0.0000
590.03 15.07.2018 14.50.01 20.30013 300.8604 13.2267 0.0624 0.0624 0.0000 310.3737 155.1869 404.2144 483.8315 -46.3739 0.0000 0.0000
600.03 15.07.2018 15.00.01 20.32681 301.0367 13.4690 0.0635 0.0635 0.0000 293.0971 146.5486 403.7834 483.0125 -45.5291 0.0000 0.0000
610.03 15.07.2018 15.10.01 20.35409 301.3517 14.0566 0.0663 0.0663 0.0000 284.2245 142.1123 402.5528 481.7391 -46.7905 0.0000 0.0000
620.03 15.07.2018 15.20.01 20.38238 300.8492 14.4657 0.0682 0.0682 0.0000 278.0115 139.0058 401.6644 480.3708 -46.9194 0.0000 0.0000
630.03 15.07.2018 15.30.01 20.41149 300.6095 14.8535 0.0701 0.0701 0.0000 271.3502 135.6751 400.7289 478.3925 -51.6816 0.0000 0.0000
640.03 15.07.2018 15.40.01 20.44143 300.3847 15.2239 0.0718 0.0718 0.0000 261.4571 130.7286 399.3923 475.8876 -56.5932 0.0000 0.0000
650.03 15.07.2018 15.50.01 20.47213 300.2195 15.6074 0.0736 0.0736 0.0000 251.9454 125.9727 398.2056 473.0124 -59.9939 0.0000 0.0000
660.03 15.07.2018 16.00.01 20.50353 300.0898 16.0333 0.0756 0.0756 0.0000 241.9167 120.9584 396.8784 469.9709 -61.8295 0.0000 0.0000
670.03 15.07.2018 16.10.01 20.53564 299.9370 16.4792 0.0777 0.0777 0.0000 234.0648 117.0324 394.7088 467.5502 -55.9374 0.0000 0.0000
680.03 15.07.2018 16.20.01 20.56857 299.7906 16.6941 0.0787 0.0787 0.0000 226.4724 113.2362 392.6479 465.3562 -50.7060 0.0000 0.0000
690.03 15.07.2018 16.30.01 20.60204 299.6327 16.9370 0.0799 0.0799 0.0000 218.8765 109.4382 390.5773 463.2285 -46.6131 0.0000 0.0000
700.03 15.07.2018 16.40.01 20.63598 299.4710 17.4115 0.0821 0.0821 0.0000 212.5808 106.2904 388.3560 461.2502 -42.2617 0.0000 0.0000
710.03 15.07.2018 16.50.01 20.67071 299.2700 17.4998 0.0825 0.0825 0.0000 205.7987 102.8993 386.1375 459.1918 -39.9477 0.0000 0.0000
720.03 15.07.2018 17.00.01 20.70556 298.9768 17.8807 0.0843 0.0843 0.0000 198.5278 99.2639 383.9025 456.9565 -38.7947 0.0000 0.0000
730.03 15.07.2018 17.10.01 20.74114 298.7845 17.8760 0.0843 0.0843 0.0000 191.6703 95.8351 382.0817 454.7591 -36.7535 0.0000 0.0000
740.03 15.07.2018 17.20.01 20.77685 298.5724 18.2253 0.0860 0.0860 0.0000 184.6383 92.3192 380.2931 452.4823 -35.5752 0.0000 0.0000
750.03 15.07.2018 17.30.01 20.81304 298.3607 18.3324 0.0865 0.0865 0.0000 177.0672 88.5336 378.4862 450.1248 -34.5161 0.0000 0.0000
760.03 15.07.2018 17.40.01 20.84954 298.1518 18.3176 0.0864 0.0864 0.0000 167.6573 83.8287 376.7385 447.6632 -33.3191 0.0000 0.0000
770.03 15.07.2018 17.50.01 20.88613 297.9383 18.4898 0.0872 0.0872 0.0000 157.7477 78.8738 374.9882 445.0835 -31.9155 0.0000 0.0000
780.03 15.07.2018 18.00.01 20.92275 297.7185 18.7176 0.0883 0.0883 0.0000 147.3593 73.6796 373.2253 442.3707 -30.6589 0.0000 0.0000
790.03 15.07.2018 18.10.01 20.95965 297.1844 18.7958 0.0887 0.0887 0.0000 130.8418 65.4209 371.3557 439.3152 -30.1456 0.0000 0.0000
800.03 15.07.2018 18.20.01 20.99670 296.6433 18.7626 0.0885 0.0885 0.0000 113.3940 56.6970 369.2370 435.8217 -29.5463 0.0000 0.0000
810.03 15.07.2018 18.30.01 21.03365 296.1103 18.7654 0.0885 0.0885 0.0000 95.8616 47.9308 367.1423 432.0141 -28.7283 0.0000 0.0000
820.03 15.07.2018 18.40.01 21.07049 295.5795 18.7783 0.0886 0.0886 0.0000 70.0627 35.0313 365.0151 427.7720 -27.5374 0.0000 0.0000
830.03 15.07.2018 18.50.01 21.10726 295.0400 18.7738 0.0886 0.0886 0.0000 43.7370 21.8685 362.7581 422.9850 -25.9398 0.0000 0.0000
840.03 15.07.2018 19.00.01 21.14391 294.4987 18.7562 0.0885 0.0885 0.0000 17.4454 8.7227 360.4900 417.8222 -24.0035 0.0000 0.0000
850.03 15.07.2018 19.10.01 21.18054 293.8567 18.4608 0.0871 0.0871 0.0000 13.7899 6.8950 358.2923 412.8055 -22.5487 0.0000 0.0000
860.03 15.07.2018 19.20.01 21.21676 293.2267 18.3221 0.0864 0.0864 0.0000 11.5165 5.7583 356.5105 408.3658 -21.7775 0.0000 0.0000
870.03 15.07.2018 19.30.01 21.25256 292.6104 18.2584 0.0861 0.0861 0.0000 9.5138 4.7569 354.7874 404.2111 -21.2663 0.0000 0.0000
880.03 15.07.2018 19.40.01 21.28823 291.9797 17.8495 0.0842 0.0842 0.0000 6.4556 3.2278 353.0877 400.2687 -20.8608 0.0000 0.0000
890.03 15.07.2018 19.50.01 21.32318 291.3556 17.8149 0.0840 0.0840 0.0000 3.3978 1.6989 351.4269 396.4920 -20.5108 0.0000 0.0000
900.03 15.07.2018 20.00.01 21.35790 290.7308 17.3733 0.0819 0.0819 0.0000 0.3806 0.1903 349.7498 392.8718 -20.2490 0.0000 0.0000
910.03 15.07.2018 20.10.01 21.39181 290.2974 17.2186 0.0812 0.0812 0.0000 0.0685 0.0342 348.0882 389.5290 -19.1754 0.0000 0.0000
920.03 15.07.2018 20.20.01 21.42516 289.8705 16.8689 0.0796 0.0796 0.0000 0.0123 0.0062 346.5152 386.4459 -18.3812 0.0000 0.0000
930.03 15.07.2018 20.30.01 21.45791 289.4313 16.4552 0.0776 0.0776 0.0000 0.0022 0.0011 344.9814 383.5551 -17.8658 0.0000 0.0000
940.03 15.07.2018 20.40.01 21.48989 289.0052 15.9826 0.0754 0.0754 0.0000 0.0004 0.0002 343.4776 380.8559 -17.2306 0.0000 0.0000
950.03 15.07.2018 20.50.01 21.52102 288.5798 15.6096 0.0736 0.0736 0.0000 0.0001 0.0000 341.9618 378.3098 -16.7807 0.0000 0.0000
960.03 15.07.2018 21.00.01 21.55129 288.1812 15.1721 0.0716 0.0716 0.0000 0.0000 0.0000 340.4666 375.9106 -16.2654 0.0000 0.0000
970.03 15.07.2018 21.10.01 21.58071 287.8828 14.7135 0.0694 0.0694 0.0000 0.0000 0.0000 339.1990 373.7171 -15.0090 0.0000 0.0000
980.03 15.07.2018 21.20.01 21.60919 287.5355 14.2348 0.0671 0.0671 0.0000 0.0000 0.0000 337.8830 371.7393 -14.5702 0.0000 0.0000
990.03 15.07.2018 21.30.01 21.63674 287.6963 13.6989 0.0646 0.0646 0.0000 0.0000 0.0000 336.8766 369.5680 -15.8617 0.0000 0.0000
1000.03 15.07.2018 21.40.01 21.66323 287.3416 13.2097 0.0623 0.0623 0.0000 0.0000 0.0000 335.9378 367.8943 -12.5340 0.0000 0.0000
1010.03 15.07.2018 21.50.01 21.68875 286.5122 12.6986 0.0599 0.0599 0.0000 0.0000 0.0000 334.2775 365.9485 -15.3032 0.0000 0.0000
1020.03 15.07.2018 22.00.01 21.71316 286.0232 12.2050 0.0576 0.0576 0.0000 0.0000 0.0000 333.2332 363.7007 -19.9494 0.0000 0.0000
1030.03 15.07.2018 22.10.01 21.73657 285.9032 11.6865 0.0551 0.0551 0.0000 0.0000 0.0000 332.4163 361.8743 -18.2494 0.0000 0.0000
1040.03 15.07.2018 22.20.01 21.75887 285.7899 11.1231 0.0525 0.0525 0.0000 0.0000 0.0000 331.6497 360.2419 -16.7770 0.0000 0.0000
1050.03 15.07.2018 22.30.01 21.78015 285.6756 10.5008 0.0495 0.0495 0.0000 0.0000 0.0000 330.8835 358.7465 -15.5245 0.0000 0.0000
1060.03 15.07.2018 22.40.01 21.80029 285.5560 9.9354 0.0469 0.0469 0.0000 0.0000 0.0000 330.1394 357.3683 -14.4442 0.0000 0.0000
1070.03 15.07.2018 22.50.01 21.81924 285.4299 9.4192 0.0444 0.0444 0.0000 0.0000 0.0000 329.4140 356.0871 -13.5521 0.0000 0.0000
1080.03 15.07.2018 23.00.01 21.83715 285.3019 8.8456 0.0417 0.0417 0.0000 0.0000 0.0000 328.7053 354.8896 -12.7997 0.0000 0.0000
1090.03 15.07.2018 23.10.01 21.85391 285.3226 8.2839 0.0391 0.0391 0.0000 0.0000 0.0000 328.3063 354.0330 -9.1822 0.0000 0.0000
1100.03 15.07.2018 23.20.01 21.86962 285.1857 7.6175 0.0359 0.0359 0.0000 0.0000 0.0000 327.7754 353.0503 -10.0883 0.0000 0.0000
1110.03 15.07.2018 23.30.01 21.88409 285.0812 7.1328 0.0336 0.0336 0.0000 0.0000 0.0000 327.1363 351.9272 -11.8209 0.0000 0.0000
1120.03 15.07.2018 23.40.01 21.89745 285.4148 6.6117 0.0312 0.0312 0.0000 0.0000 0.0000 326.8156 351.3176 -6.7988 0.0000 0.0000
1130.03 15.07.2018 23.50.01 21.90975 285.2272 6.0256 0.0284 0.0284 0.0000 0.0000 0.0000 326.2590 350.7114 -6.2213 0.0000 0.0000
1140.03 16.07.2018 00.00.01 21.92098 284.5677 5.4458 0.0257 0.0257 0.0000 0.0000 0.0000 325.6612 349.6095 -10.4794 0.0000 0.0000
1150.03 16.07.2018 00.10.01 21.93112 284.5812 4.8486 0.0229 0.0229 0.0000 0.0000 0.0000 325.2038 348.8194 -9.1493 0.0000 0.0000
1160.03 16.07.2018 00.20.01 21.94009 284.6141 4.3914 0.0207 0.0207 0.0000 0.0000 0.0000 324.8561 348.1374 -7.9190 0.0000 0.0000
1170.03 16.07.2018 00.30.01 21.94802 284.6432 3.8628 0.0182 0.0182 0.0000 0.0000 0.0000 324.5470 347.5285 -6.8721 0.0000 0.0000
1180.03 16.07.2018 00.40.01 21.95495 284.6764 3.3204 0.0157 0.0157 0.0000 0.0000 0.0000 324.2566 346.9831 -5.9302 0.0000 0.0000
1190.03 16.07.2018 00.50.01 21.96081 284.6983 2.7963 0.0132 0.0132 0.0000 0.0000 0.0000 323.9115 346.4831 -5.1564 0.0000 0.0000
1200.03 16.07.2018 01.00.01 21.96566 284.7225 2.2846 0.0108 0.0108 0.0000 0.0000 0.0000 323.5965 346.0218 -4.4732 0.0000 0.0000
1210.03 16.07.2018 01.10.01 21.96957 284.5669 1.7430 0.0082 0.0082 0.0000 0.0000 0.0000 323.2012 345.5125 -4.8045 0.0000 0.0000
1220.03 16.07.2018 01.20.01 21.97244 284.4203 1.2524 0.0059 0.0059 0.0000 0.0000 0.0000 322.8171 344.9787 -5.1910 0.0000 0.0000
1230.03 16.07.2018 01.30.01 21.97436 284.2794 0.7901 0.0037 0.0037 0.0000 0.0000 0.0000 322.4027 344.4292 -5.5879 0.0000 0.0000
1240.03 16.07.2018 01.40.01 21.97537 284.1650 0.2760 0.0013 0.0013 0.0000 0.0000 0.0000 321.9907 343.8994 -5.5525 0.0000 0.0000
1250.03 16.07.2018 01.50.01 21.97543 284.0421 -0.1821 -0.0009 -0.0009 0.0000 0.0000 0.0000 321.5881 343.3718 -5.6034 0.0000 0.0000
1260.03 16.07.2018 02.00.01 21.97457 283.9223 -0.6341 -0.0030 -0.0030 0.0000 0.0005 0.0002 321.1708 342.8431 -5.6925 0.0000 0.0000
1270.03 16.07.2018 02.10.01 21.97283 284.0029 -1.0407 -0.0049 -0.0049 0.0000 0.2818 0.1409 320.8596 342.4867 -3.9153 0.0000 0.0000
1280.03 16.07.2018 02.20.01 21.97024 284.2265 -1.4398 -0.0068 -0.0068 0.0000 0.6239 0.3120 320.4044 342.1883 -2.9897 0.0000 0.0000
1290.03 16.07.2018 02.30.01 21.96679 284.2887 -1.8025 -0.0085 -0.0085 0.0000 0.9751 0.4875 320.0469 341.8168 -3.0324 0.0000 0.0000
1300.03 16.07.2018 02.40.01 21.96258 284.0658 -2.2181 -0.0105 -0.0105 0.0000 1.3281 0.6641 319.8403 341.4789 -2.9230 0.0000 0.0000
1310.03 16.07.2018 02.50.01 21.95754 283.5658 -2.6395 -0.0125 -0.0125 0.0000 1.6814 0.8407 319.3015 340.9386 -5.3565 0.0000 0.0000
1320.03 16.07.2018 03.00.01 21.95178 283.3661 -3.0264 -0.0143 -0.0143 0.0000 2.0374 1.0187 318.8844 340.2872 -7.4692 0.0000 0.0000
1330.03 16.07.2018 03.10.01 21.94525 283.5403 -3.4680 -0.0164 -0.0164 0.0000 3.9201 1.9600 318.7076 339.9111 -5.8205 0.0000 0.0000
1340.03 16.07.2018 03.20.01 21.93795 283.7243 -3.8763 -0.0183 -0.0183 0.0000 6.1330 3.0665 318.7131 339.7128 -4.3483 0.0000 0.0000
1350.03 16.07.2018 03.30.01 21.92986 283.9113 -4.1670 -0.0197 -0.0197 0.0000 8.3954 4.1977 318.7989 339.6519 -3.0478 0.0000 0.0000
1360.03 16.07.2018 03.40.01 21.92114 284.1001 -4.4843 -0.0212 -0.0212 0.0000 10.6677 5.3339 318.9326 339.7086 -1.9002 0.0000 0.0000
1370.03 16.07.2018 03.50.01 21.91183 284.2898 -4.8931 -0.0231 -0.0231 0.0000 12.9417 6.4709 319.1041 339.8684 -0.8868 0.0000 0.0000
1380.03 16.07.2018 04.00.01 21.90176 284.4824 -5.2765 -0.0249 -0.0249 0.0000 15.2157 7.6078 319.3071 340.1197 0.0199 0.0000 0.0000
1390.03 16.07.2018 04.10.01 21.89095 285.3097 -5.4767 -0.0258 -0.0258 0.0000 17.2880 8.6440 320.8596 340.7536 3.6532 0.0000 0.0000
1400.03 16.07.2018 04.20.01 21.87969 286.1246 -5.8389 -0.0275 -0.0275 0.0000 19.3168 9.6584 322.5080 341.6301 7.0190 0.0000 0.0000
1410.03 16.07.2018 04.30.01 21.86779 286.9512 -6.1751 -0.0291 -0.0291 0.0000 21.3390 10.6695 324.1262 342.9828 12.8265 0.0000 0.0000
1420.03 16.07.2018 04.40.01 21.85519 287.7600 -6.3570 -0.0300 -0.0300 0.0000 23.3598 11.6799 325.8334 344.2003 12.6138 0.0000 0.0000
1430.03 16.07.2018 04.50.01 21.84234 288.4171 -6.7364 -0.0318 -0.0318 0.0000 25.3805 12.6902 327.5341 345.3998 12.8603 0.0000 0.0000
1440.03 16.07.2018 05.00.01 21.82864 289.2236 -6.9165 -0.0326 -0.0326 0.0000 29.4159 14.7079 329.8984 347.2832 19.0662 0.0000 0.0000
1450.03 16.07.2018 05.10.01 21.81469 289.8414 -7.1906 -0.0339 -0.0339 0.0000 32.0924 16.0462 331.7983 349.1002 19.3439 0.0000 0.0000
1460.03 16.07.2018 05.20.01 21.80007 290.6369 -7.3111 -0.0345 -0.0345 0.0000 45.8609 22.9304 336.9067 351.3359 20.2758 0.0000 0.0000
1470.03 16.07.2018 05.30.01 21.78539 291.5349 -7.6427 -0.0361 -0.0361 0.0000 64.2628 32.1314 343.9335 354.4706 20.8898 0.0000 0.0000
1480.03 16.07.2018 05.40.01 21.76992 292.3754 -7.6936 -0.0363 -0.0363 0.0000 85.4023 42.7011 352.2125 358.3437 20.3773 0.0000 0.0000
1490.03 16.07.2018 05.50.01 21.75436 293.1054 -7.9177 -0.0373 -0.0373 0.0000 89.8713 44.9357 355.8239 362.6438 21.7398 0.0000 0.0000
1500.03 16.07.2018 06.00.01 21.73864 293.7336 -8.1217 -0.0383 -0.0383 0.0000 119.6351 59.8176 358.0069 367.1771 22.4519 0.0000 0.0000
1510.03 16.07.2018 06.10.01 21.72238 294.0950 -8.1294 -0.0383 -0.0383 0.0000 117.6761 58.8380 359.7183 371.6109 19.0199 0.0000 0.0000
1520.03 16.07.2018 06.20.01 21.70596 294.4587 -8.1220 -0.0383 -0.0383 0.0000 117.7585 58.8792 361.6899 375.3321 16.7113 0.0000 0.0000
1530.03 16.07.2018 06.30.01 21.68951 294.8138 -8.1542 -0.0385 -0.0385 0.0000 117.1667 58.5833 363.4400 378.7956 14.8290 0.0000 0.0000
1540.03 16.07.2018 06.40.01 21.67303 295.1710 -8.1196 -0.0383 -0.0383 0.0000 117.7791 58.8896 365.1931 382.0066 13.2345 0.0000 0.0000
1550.03 16.07.2018 06.50.01 21.65673 295.5223 -8.1130 -0.0383 -0.0383 0.0000 118.4602 59.2301 366.9727 385.0327 11.8708 0.0000 0.0000
1560.03 16.07.2018 07.00.01 21.64059 295.8716 -8.1262 -0.0383 -0.0383 0.0000 118.9550 59.4775 368.6927 387.8794 10.7315 0.0000 0.0000
1570.03 16.07.2018 07.10.01 21.62454 296.1708 -8.1335 -0.0384 -0.0384 0.0000 119.2133 59.6067 370.5086 390.5382 9.5139 0.0000 0.0000
1580.03 16.07.2018 07.20.01 21.60870 296.4723 -8.1117 -0.0383 -0.0383 0.0000 120.1355 60.0678 372.4204 393.0610 8.4250 0.0000 0.0000
1590.03 16.07.2018 07.30.01 21.59310 296.7740 -7.9489 -0.0375 -0.0375 0.0000 120.8636 60.4318 374.3125 395.4789 7.4560 0.0000 0.0000
1600.03 16.07.2018 07.40.01 21.57791 297.0921 -7.6523 -0.0361 -0.0361 0.0000 122.3195 61.1598 376.2583 397.8107 6.5728 0.0000 0.0000
1610.03 16.07.2018 07.50.01 21.56313 297.4038 -7.6139 -0.0359 -0.0359 0.0000 123.1527 61.5764 378.2594 400.0750 5.7626 0.0000 0.0000
1620.03 16.07.2018 08.00.01 21.54855 297.7187 -7.1699 -0.0338 -0.0338 0.0000 194.0265 97.0132 380.2460 403.7055 3.5412 0.0000 0.0000
1630.03 16.07.2018 08.10.01 21.53478 297.9271 -7.1045 -0.0335 -0.0335 0.0000 194.8484 97.4242 381.8656 408.4000 0.3084 0.0000 0.0000
1640.03 16.07.2018 08.20.01 21.52126 298.1299 -6.7085 -0.0316 -0.0316 0.0000 194.9807 97.4904 383.3171 411.8778 -1.9868 0.0000 0.0000
1650.03 16.07.2018 08.30.01 21.50845 298.2681 -6.3863 -0.0301 -0.0301 0.0000 195.8252 97.9126 384.7658 415.0333 -4.4982 0.0000 0.0000
1660.03 16.07.2018 08.40.01 21.49630 298.3107 -6.1307 -0.0289 -0.0289 0.0000 196.3095 98.1548 386.1286 417.8783 -7.2643 0.0000 0.0000
1670.03 16.07.2018 08.50.01 21.48474 298.3563 -5.7637 -0.0272 -0.0272 0.0000 196.9803 98.4902 387.5029 420.4389 -9.8850 0.0000 0.0000
1680.03 16.07.2018 09.00.01 21.47384 298.3954 -5.3099 -0.0250 -0.0250 0.0000 198.0654 99.0327 388.8689 422.7539 -12.4694 0.0000 0.0000
1690.03 16.07.2018 09.10.01 21.46377 298.4679 -4.9454 -0.0233 -0.0233 0.0000 200.4116 100.2058 390.1268 424.8779 -14.8237 0.0000 0.0000
1700.03 16.07.2018 09.20.01 21.45449 298.5974 -4.5991 -0.0217 -0.0217 0.0000 211.2869 105.6435 391.3573 427.0618 -17.0215 0.0000 0.0000
1710.03 16.07.2018 09.30.01 21.44598 298.6651 -4.1858 -0.0197 -0.0197 0.0000 214.6683 107.3342 392.3391 429.1686 -20.0428 0.0000 0.0000
1720.03 16.07.2018 09.40.01 21.43835 298.7636 -3.8150 -0.0180 -0.0180 0.0000 219.1647 109.5824 393.5785 431.0248 -22.9592 0.0000 0.0000
1730.03 16.07.2018 09.50.01 21.43151 298.9107 -3.3926 -0.0160 -0.0160 0.0000 226.0334 113.0167 395.1534 432.8751 -25.7511 0.0000 0.0000
1740.03 16.07.2018 10.00.01 21.42559 299.0550 -2.9229 -0.0138 -0.0138 0.0000 230.9368 115.4684 396.6289 434.6743 -28.7560 0.0000 0.0000
1750.03 16.07.2018 10.10.01 21.42050 299.2975 -2.4119 -0.0114 -0.0114 0.0000 245.0733 122.5367 398.6701 436.9676 -28.4175 0.0000 0.0000
1760.03 16.07.2018 10.20.01 21.41638 299.6536 -1.9436 -0.0092 -0.0092 0.0000 247.3428 123.6714 400.4327 439.6405 -26.9773 0.0000 0.0000
1770.03 16.07.2018 10.30.01 21.41317 300.1122 -1.5131 -0.0071 -0.0071 0.0000 246.1976 123.0988 401.4328 442.2128 -24.8129 0.0000 0.0000
1780.03 16.07.2018 10.40.01 21.41088 300.3261 -1.0217 -0.0048 -0.0048 0.0000 249.9929 124.9965 403.1427 444.7411 -23.7019 0.0000 0.0000
1790.03 16.07.2018 10.50.01 21.40948 300.5269 -0.4651 -0.0022 -0.0022 0.0000 250.7111 125.3556 404.6569 447.4326 -23.0839 0.0000 0.0000
1800.03 16.07.2018 11.00.01 21.40930 300.7703 -0.1812 -0.0009 -0.0009 0.0000 251.5673 125.7837 406.1198 449.9873 -22.3147 0.0000 0.0000
1810.03 16.07.2018 11.10.01 21.40988 300.8164 0.4555 0.0021 0.0021 0.0000 263.1770 131.5885 407.5524 452.3091 -26.1033 0.0000 0.0000
1820.03 16.07.2018 11.20.01 21.41155 300.4978 0.7271 0.0034 0.0034 0.0000 270.7199 135.3599 408.6934 454.1549 -34.6107 0.0000 0.0000
1830.03 16.07.2018 11.30.01 21.41415 300.4015 1.3971 0.0066 0.0066 0.0000 287.1303 143.5651 409.3100 455.6592 -43.6797 0.0000 0.0000
1840.03 16.07.2018 11.40.01 21.41775 300.4417 1.7094 0.0081 0.0081 0.0000 295.4883 147.7442 411.4496 458.4398 -40.1001 0.0000 0.0000
1850.03 16.07.2018 11.50.01 21.42245 300.5085 2.3322 0.0110 0.0110 0.0000 294.1980 147.0990 413.1058 461.3871 -37.1144 0.0000 0.0000
1860.03 16.07.2018 12.00.01 21.42794 300.6567 2.7602 0.0130 0.0130 0.0000 292.6972 146.3486 412.4749 462.7074 -45.4624 0.0000 0.0000
1870.03 16.07.2018 12.10.01 21.43472 300.7574 3.3735 0.0159 0.0159 0.0000 290.1616 145.0808 412.9469 463.8167 -48.4692 0.0000 0.0000
1880.03 16.07.2018 12.20.01 21.44204 300.8639 3.9974 0.0189 0.0189 0.0000 292.6944 146.3472 412.8617 464.7506 -51.1946 0.0000 0.0000
1890.03 16.07.2018 12.30.01 21.45098 300.9535 4.4989 0.0212 0.0212 0.0000 304.0501 152.0251 412.4823 465.7152 -54.4968 0.0000 0.0000
1900.03 16.07.2018 12.40.01 21.46041 301.0380 5.0922 0.0240 0.0240 0.0000 314.5155 157.2577 411.9586 466.7178 -58.4362 0.0000 0.0000
1910.03 16.07.2018 12.50.01 21.47134 301.1172 5.6571 0.0267 0.0267 0.0000 320.9100 160.4550 410.9205 467.5238 -62.4750 0.0000 0.0000
1920.03 16.07.2018 13.00.01 21.48300 301.1907 6.0374 0.0285 0.0285 0.0000 328.8762 164.4381 410.1121 468.1492 -66.5512 0.0000 0.0000
1930.03 16.07.2018 13.10.01 21.49581 301.1779 6.6606 0.0314 0.0314 0.0000 333.9830 166.9915 410.0274 468.8145 -69.1785 0.0000 0.0000
1940.03 16.07.2018 13.20.01 21.50958 301.1536 6.9631 0.0328 0.0328 0.0000 330.9265 165.4632 409.2199 469.1706 -71.4121 0.0000 0.0000
1950.03 16.07.2018 13.30.01 21.52426 301.1199 7.6970 0.0363 0.0363 0.0000 328.6839 164.3420 408.6207 469.1952 -73.1469 0.0000 0.0000
1960.03 16.07.2018 13.40.01 21.54000 301.0832 7.8854 0.0372 0.0372 0.0000 323.3420 161.6710 407.9704 468.9929 -74.2585 0.0000 0.0000
1970.03 16.07.2018 13.50.01 21.55651 301.0440 8.7670 0.0414 0.0414 0.0000 315.6169 157.8084 407.2522 468.5012 -74.6996 0.0000 0.0000
1980.03 16.07.2018 14.00.01 21.57427 301.0191 8.8287 0.0416 0.0416 0.0000 304.5372 152.2686 406.3981 467.7019 -74.3115 0.0000 0.0000
1990.03 16.07.2018 14.10.01 21.59261 300.9719 9.5005 0.0448 0.0448 0.0000 298.3960 149.1980 405.1234 466.4486 -76.0895 0.0000 0.0000
2000.03 16.07.2018 14.20.01 21.61205 300.8924 9.7545 0.0460 0.0460 0.0000 292.1945 146.0972 403.7895 465.0028 -77.4756 0.0000 0.0000
2010.03 16.07.2018 14.30.01 21.63223 300.8136 10.3764 0.0489 0.0489 0.0000 285.5431 142.7715 402.5008 463.3920 -78.1841 0.0000 0.0000
2020.03 16.07.2018 14.40.01 21.65313 300.7309 10.6738 0.0503 0.0503 0.0000 276.6929 138.3465 401.0956 461.6063 -78.1469 0.0000 0.0000
2030.03 16.07.2018 14.50.01 21.67510 300.6556 11.0383 0.0521 0.0521 0.0000 268.1362 134.0681 399.8026 459.7089 -77.2749 0.0000 0.0000
2040.03 16.07.2018 15.00.01 21.69741 300.5807 11.6113 0.0548 0.0548 0.0000 258.5535 129.2767 398.5239 457.7450 -75.7677 0.0000 0.0000
2050.03 16.07.2018 15.10.01 21.72070 300.5499 11.8594 0.0559 0.0559 0.0000 258.7967 129.3984 396.9588 456.2374 -72.4305 0.0000 0.0000
2060.03 16.07.2018 15.20.01 21.74450 300.5282 12.2194 0.0576 0.0576 0.0000 261.2163 130.6082 395.8008 455.1080 -69.3647 0.0000 0.0000
2070.03 16.07.2018 15.30.01 21.76907 300.5061 12.4035 0.0585 0.0585 0.0000 264.0707 132.0354 394.7556 454.2080 -67.7791 0.0000 0.0000
2080.03 16.07.2018 15.40.01 21.79406 300.4832 12.7778 0.0603 0.0603 0.0000 267.7002 133.8501 393.6182 453.5674 -66.1542 0.0000 0.0000
2090.03 16.07.2018 15.50.01 21.81970 300.4662 12.9428 0.0611 0.0611 0.0000 272.3652 136.1826 392.5923 453.1163 -65.0664 0.0000 0.0000
2100.03 16.07.2018 16.00.01 21.84573 300.4506 13.2257 0.0624 0.0624 0.0000 277.0152 138.5076 391.5973 452.8236 -64.4002 0.0000 0.0000
2110.03 16.07.2018 16.10.01 21.87225 300.3114 13.4182 0.0633 0.0633 0.0000 265.6407 132.8203 390.5006 452.1436 -65.1835 0.0000 0.0000
2120.03 16.07.2018 16.20.01 21.89913 300.1638 13.6799 0.0645 0.0645 0.0000 253.3559 126.6779 389.2164 450.9005 -65.1250 0.0000 0.0000
2130.03 16.07.2018 16.30.01 21.92654 300.0117 13.7465 0.0648 0.0648 0.0000 240.7259 120.3630 387.8561 449.3260 -64.5814 0.0000 0.0000
2140.03 16.07.2018 16.40.01 21.95400 299.8577 14.0933 0.0665 0.0665 0.0000 228.3124 114.1562 386.4159 447.4882 -63.5159 0.0000 0.0000
2150.03 16.07.2018 16.50.01 21.98205 299.7002 14.1305 0.0667 0.0667 0.0000 215.0344 107.5172 384.8868 445.4388 -61.8936 0.0000 0.0000
2160.03 16.07.2018 17.00.01 22.01034 299.5411 14.1567 0.0668 0.0668 0.0000 201.0650 100.5325 383.3603 443.1982 -59.6530 0.0000 0.0000
2170.03 16.07.2018 17.10.01 22.03872 299.3170 14.3950 0.0679 0.0679 0.0000 190.0914 95.0457 381.9254 440.8483 -57.3942 0.0000 0.0000
2180.03 16.07.2018 17.20.01 22.06725 299.0933 14.5975 0.0689 0.0689 0.0000 179.0655 89.5327 380.5383 438.4807 -54.9602 0.0000 0.0000
2190.03 16.07.2018 17.30.01 22.09615 298.8667 14.5999 0.0689 0.0689 0.0000 167.4938 83.7469 379.1328 436.0582 -52.3360 0.0000 0.0000
2200.03 16.07.2018 17.40.01 22.12512 298.6418 14.5937 0.0688 0.0688 0.0000 152.8081 76.4040 377.7535 433.5264 -49.3202 0.0000 0.0000
2210.03 16.07.2018 17.50.01 22.15408 298.4153 14.6281 0.0690 0.0690 0.0000 137.4915 68.7458 376.3355 430.8577 -45.9331 0.0000 0.0000
2220.03 16.07.2018 18.00.01 22.18316 298.1870 14.6101 0.0689 0.0689 0.0000 121.7108 60.8554 374.9130 428.0886 -42.2654 0.0000 0.0000
2230.03 16.07.2018 18.10.01 22.21221 297.7990 14.6063 0.0689 0.0689 0.0000 107.3715 53.6858 373.2796 425.1881 -39.1004 0.0000 0.0000
2240.03 16.07.2018 18.20.01 22.24114 297.4078 14.6134 0.0689 0.0689 0.0000 92.6252 46.3126 371.5705 422.2460 -35.5036 0.0000 0.0000
2250.03 16.07.2018 18.30.01 22.26998 297.0156 14.5886 0.0688 0.0688 0.0000 77.8900 38.9450 369.9333 419.2528 -31.7175 0.0000 0.0000
2260.03 16.07.2018 18.40.01 22.29864 296.6267 14.5915 0.0688 0.0688 0.0000 57.2333 28.6167 368.2681 416.1167 -27.4333 0.0000 0.0000
2270.03 16.07.2018 18.50.01 22.32711 296.2364 14.5602 0.0687 0.0687 0.0000 36.2287 18.1143 366.4948 412.7363 -22.9318 0.0000 0.0000
2280.03 16.07.2018 19.00.01 22.35549 295.8422 14.3474 0.0677 0.0677 0.0000 15.2409 7.6204 364.7111 409.1725 -18.5866 0.0000 0.0000
2290.03 16.07.2018 19.10.01 22.38363 295.0967 14.1480 0.0667 0.0667 0.0000 11.8296 5.9148 362.9646 405.5789 -17.2161 0.0000 0.0000
2300.03 16.07.2018 19.20.01 22.41125 294.3691 14.1111 0.0666 0.0666 0.0000 9.6964 4.8482 361.3954 402.2862 -17.1811 0.0000 0.0000
2310.03 16.07.2018 19.30.01 22.43871 293.6326 13.7620 0.0649 0.0649 0.0000 7.8019 3.9009 359.8787 399.1328 -17.3748 0.0000 0.0000
2320.03 16.07.2018 19.40.01 22.46563 292.8943 13.6698 0.0645 0.0645 0.0000 5.3240 2.6620 358.3991 396.0814 -17.6060 0.0000 0.0000
2330.03 16.07.2018 19.50.01 22.49218 292.1555 13.3432 0.0629 0.0629 0.0000 2.8487 1.4244 356.9587 393.1144 -17.8369 0.0000 0.0000
2340.03 16.07.2018 20.00.01 22.51812 291.4285 13.1941 0.0622 0.0622 0.0000 0.3978 0.1989 355.5201 390.2384 -17.9806 0.0000 0.0000
2350.03 16.07.2018 20.10.01 22.54373 291.2767 12.7328 0.0601 0.0601 0.0000 0.0684 0.0342 356.1147 387.7140 -16.7510 0.0000 0.0000
2360.03 16.07.2018 20.20.01 22.56848 291.0818 12.5920 0.0594 0.0594 0.0000 0.0126 0.0063 356.8910 385.5636 -15.6730 0.0000 0.0000
2370.03 16.07.2018 20.30.01 22.59271 290.8626 12.2239 0.0577 0.0577 0.0000 0.0022 0.0011 357.7112 383.6826 -14.7968 0.0000 0.0000
2380.03 16.07.2018 20.40.01 22.61633 290.6871 11.8126 0.0557 0.0557 0.0000 0.0004 0.0002 358.6000 382.1038 -13.3633 0.0000 0.0000
2390.03 16.07.2018 20.50.01 22.63922 290.5119 11.3898 0.0537 0.0537 0.0000 0.0001 0.0000 359.5110 380.7100 -12.7515 0.0000 0.0000
2400.03 16.07.2018 21.00.01 22.66125 290.3490 11.1261 0.0525 0.0525 0.0000 0.0000 0.0000 360.4215 379.4456 -12.8137 0.0000 0.0000
2410.03 16.07.2018 21.10.01 22.68258 290.7787 10.7295 0.0506 0.0506 0.0000 0.0000 0.0000 360.3240 378.6033 -9.2331 0.0000 0.0000
2420.03 16.07.2018 21.20.01 22.70312 291.2201 10.2833 0.0485 0.0485 0.0000 0.0000 0.0000 360.3479 377.9951 -5.7795 0.0000 0.0000
2430.03 16.07.2018 21.30.01 22.72286 291.6683 9.8649 0.0465 0.0465 0.0000 0.0000 0.0000 360.4231 377.6276 -2.2999 0.0000 0.0000
2440.03 16.07.2018 21.40.01 22.74178 292.1211 9.4394 0.0445 0.0445 0.0000 0.0000 0.0000 360.5695 377.4839 1.1993 0.0000 0.0000
2450.03 16.07.2018 21.50.01 22.75991 292.5760 9.0071 0.0425 0.0425 0.0000 0.0000 0.0000 360.7685 377.5551 4.7771 0.0000 0.0000
2460.03 16.07.2018 22.00.01 22.77715 293.0298 8.5730 0.0404 0.0404 0.0000 0.0000 0.0000 361.0293 377.8372 8.4844 0.0000 0.0000
2470.03 16.07.2018 22.10.01 22.79363 292.6986 8.0938 0.0382 0.0382 0.0000 0.0000 0.0000 361.3039 377.5962 4.4026 0.0000 0.0000
2480.03 16.07.2018 22.20.01 22.80920 292.5011 7.6511 0.0361 0.0361 0.0000 0.0000 0.0000 361.5785 377.3894 3.3703 0.0000 0.0000
2490.03 16.07.2018 22.30.01 22.82388 292.2465 7.3332 0.0346 0.0346 0.0000 0.0000 0.0000 361.2143 377.1592 2.0732 0.0000 0.0000
2500.03 16.07.2018 22.40.01 22.83776 291.9745 6.9439 0.0328 0.0328 0.0000 0.0000 0.0000 361.2088 376.7590 0.5619 0.0000 0.0000
2510.03 16.07.2018 22.50.01 22.85092 291.5136 6.5471 0.0309 0.0309 0.0000 0.0000 0.0000 361.4036 376.3262 -1.3652 0.0000 0.0000
2520.03 16.07.2018 23.00.01 22.86331 291.0378 6.1807 0.0292 0.0292 0.0000 0.0000 0.0000 361.1245 375.6033 -4.9838 0.0000 0.0000
2530.03 16.07.2018 23.10.01 22.87493 290.9358 5.7819 0.0273 0.0273 0.0000 0.0000 0.0000 360.7822 375.0457 -4.7133 0.0000 0.0000
2540.03 16.07.2018 23.20.01 22.88583 290.8377 5.3329 0.0252 0.0252 0.0000 0.0000 0.0000 360.5842 374.5323 -4.4941 0.0000 0.0000
2550.03 16.07.2018 23.30.01 22.89590 290.7389 4.9589 0.0234 0.0234 0.0000 0.0000 0.0000 360.4340 374.0493 -4.3515 0.0000 0.0000
2560.03 16.07.2018 23.40.01 22.90527 290.6419 4.6692 0.0220 0.0220 0.0000 0.0000 0.0000 360.3249 373.5988 -4.1902 0.0000 0.0000
2570.03 16.07.2018 23.50.01 22.91400 290.5433 4.3602 0.0206 0.0206 0.0000 0.0000 0.0000 360.2397 373.1747 -4.0833 0.0000 0.0000
2580.03 17.07.2018 00.00.01 22.92199 290.4449 3.9363 0.0186 0.0186 0.0000 0.0000 0.0000 360.1612 372.7729 -4.0172 0.0000 0.0000
2590.03 17.07.2018 00.10.01 22.92935 290.5220 3.5708 0.0168 0.0168 0.0000 0.0000 0.0000 359.9364 372.4811 -2.9133 0.0000 0.0000
2600.03 17.07.2018 00.20.01 22.93597 290.6043 3.3669 0.0159 0.0159 0.0000 0.0000 0.0000 359.7372 372.2312 -2.0581 0.0000 0.0000
2610.03 17.07.2018 00.30.01 22.94198 290.6910 3.0165 0.0142 0.0142 0.0000 0.0000 0.0000 359.5299 372.0128 -1.3676 0.0000 0.0000
2620.03 17.07.2018 00.40.01 22.94747 290.7676 2.5518 0.0120 0.0120 0.0000 0.0000 0.0000 359.2645 371.8179 -0.7847 0.0000 0.0000
2630.03 17.07.2018 00.50.01 22.95217 290.8542 2.4200 0.0114 0.0114 0.0000 0.0000 0.0000 359.0303 371.6612 -0.0378 0.0000 0.0000
2640.03 17.07.2018 01.00.01 22.95632 290.9290 2.0692 0.0098 0.0098 0.0000 0.0000 0.0000 358.8145 371.5126 0.4420 0.0000 0.0000
2650.03 17.07.2018 01.10.01 22.96002 291.0171 1.6411 0.0077 0.0077 0.0000 0.0000 0.0000 358.2641 371.3698 1.1839 0.0000 0.0000
2660.03 17.07.2018 01.20.01 22.96292 290.8986 1.6174 0.0076 0.0076 0.0000 0.0000 0.0000 357.6374 371.2307 0.5157 0.0000 0.0000
2670.03 17.07.2018 01.30.01 22.96542 290.6710 1.1349 0.0054 0.0054 0.0000 0.0000 0.0000 356.5746 370.8211 -0.7211 0.0000 0.0000
2680.03 17.07.2018 01.40.01 22.96731 290.5527 1.0146 0.0048 0.0048 0.0000 0.0000 0.0000 355.9175 370.4643 -0.4355 0.0000 0.0000
2690.03 17.07.2018 01.50.01 22.96871 290.4992 0.6707 0.0032 0.0032 0.0000 0.0000 0.0000 355.2212 370.0797 -0.7259 0.0000 0.0000
2700.03 17.07.2018 02.00.01 22.96963 290.3826 0.4194 0.0020 0.0020 0.0000 0.0005 0.0003 354.0078 369.5888 -1.4199 0.0000 0.0000
2710.03 17.07.2018 02.10.01 22.96993 290.1015 0.2293 0.0011 0.0011 0.0000 0.3252 0.1626 351.2975 368.9204 -2.4745 0.0000 0.0000
2720.03 17.07.2018 02.20.01 22.96996 289.7930 -0.1038 -0.0005 -0.0005 0.0000 0.7199 0.3600 348.6005 368.0917 -3.3239 0.0000 0.0000
2730.03 17.07.2018 02.30.01 22.96932 289.4624 -0.2598 -0.0012 -0.0012 0.0000 1.1252 0.5626 345.8367 367.1273 -4.2399 0.0000 0.0000
2740.03 17.07.2018 02.40.01 22.96841 289.1306 -0.6001 -0.0028 -0.0028 0.0000 1.5325 0.7663 343.2150 366.1109 -4.3744 0.0000 0.0000
2750.03 17.07.2018 02.50.01 22.96679 288.8072 -0.6989 -0.0033 -0.0033 0.0000 1.9402 0.9701 340.6276 365.0327 -4.6524 0.0000 0.0000
2760.03 17.07.2018 03.00.01 22.96499 288.5018 -0.9702 -0.0046 -0.0046 0.0000 2.3514 1.1757 337.9404 363.8003 -5.9244 0.0000 0.0000
2770.03 17.07.2018 03.10.01 22.96258 288.4894 -1.1747 -0.0055 -0.0055 0.0000 4.8079 2.4040 337.5857 362.7961 -4.7580 0.0000 0.0000
2780.03 17.07.2018 03.20.01 22.95986 288.4802 -1.3853 -0.0065 -0.0065 0.0000 7.7070 3.8535 337.4687 362.0619 -3.8300 0.0000 0.0000
2790.03 17.07.2018 03.30.01 22.95657 288.4744 -1.6331 -0.0077 -0.0077 0.0000 10.6723 5.3362 337.4100 361.5029 -3.0843 0.0000 0.0000
2800.03 17.07.2018 03.40.01 22.95294 288.4697 -1.7562 -0.0083 -0.0083 0.0000 13.6509 6.8255 337.3989 361.0964 -2.4374 0.0000 0.0000
2810.03 17.07.2018 03.50.01 22.94891 288.4685 -2.1042 -0.0099 -0.0099 0.0000 16.6318 8.3159 337.4305 360.8188 -1.9747 0.0000 0.0000
2820.03 17.07.2018 04.00.01 22.94436 288.4747 -2.1737 -0.0103 -0.0103 0.0000 19.6145 9.8073 337.4972 360.6547 -1.6463 0.0000 0.0000
2830.03 17.07.2018 04.10.01 22.93948 288.8371 -2.5706 -0.0121 -0.0121 0.0000 23.4543 11.7272 337.6870 360.8305 1.0021 0.0000 0.0000
2840.03 17.07.2018 04.20.01 22.93405 289.2073 -2.5986 -0.0123 -0.0123 0.0000 27.4796 13.7398 338.0096 361.2468 3.3433 0.0000 0.0000
2850.03 17.07.2018 04.30.01 22.92840 289.5843 -3.0287 -0.0143 -0.0143 0.0000 31.5326 15.7663 338.4048 361.8700 5.4737 0.0000 0.0000
2860.03 17.07.2018 04.40.01 22.92211 289.9644 -3.0385 -0.0143 -0.0143 0.0000 35.5911 17.7956 338.8601 362.6709 7.3608 0.0000 0.0000
2870.03 17.07.2018 04.50.01 22.91564 290.3491 -3.4930 -0.0165 -0.0165 0.0000 39.6506 19.8253 339.3581 363.6327 9.0981 0.0000 0.0000
2880.03 17.07.2018 05.00.01 22.90853 290.7373 -3.5039 -0.0165 -0.0165 0.0000 44.6086 22.3043 340.1527 364.7658 10.6659 0.0000 0.0000
2890.03 17.07.2018 05.10.01 22.90124 291.1118 -3.6853 -0.0174 -0.0174 0.0000 47.5402 23.7701 341.3287 366.0044 11.5738 0.0000 0.0000
2900.03 17.07.2018 05.20.01 22.89355 291.4879 -3.9423 -0.0186 -0.0186 0.0000 58.1318 29.0659 344.8523 367.5450 12.0146 0.0000 0.0000
2910.03 17.07.2018 05.30.01 22.88546 291.8724 -3.9666 -0.0187 -0.0187 0.0000 71.9675 35.9838 349.6183 369.6658 11.6244 0.0000 0.0000
2920.03 17.07.2018 05.40.01 22.87722 292.2605 -4.2256 -0.0199 -0.0199 0.0000 87.7285 43.8642 355.3152 372.3216 10.3531 0.0000 0.0000
2930.03 17.07.2018 05.50.01 22.86855 292.6514 -4.4132 -0.0208 -0.0208 0.0000 93.0260 46.5130 358.1121 375.1364 8.9072 0.0000 0.0000
2940.03 17.07.2018 06.00.01 22.85961 293.0355 -4.4273 -0.0209 -0.0209 0.0000 119.1361 59.5681 360.0875 378.1767 7.1880 0.0000 0.0000
2950.03 17.07.2018 06.10.01 22.85052 293.2577 -4.4066 -0.0208 -0.0208 0.0000 121.3483 60.6742 362.0134 381.3739 4.3559 0.0000 0.0000
2960.03 17.07.2018 06.20.01 22.84136 293.4788 -4.6926 -0.0221 -0.0221 0.0000 124.0365 62.0183 363.8677 384.1102 2.1037 0.0000 0.0000
2970.03 17.07.2018 06.30.01 22.83193 293.6990 -4.8499 -0.0229 -0.0229 0.0000 125.9317 62.9658 365.4873 386.6751 0.0085 0.0000 0.0000
2980.03 17.07.2018 06.40.01 22.82238 293.9186 -4.8787 -0.0230 -0.0230 0.0000 128.6897 64.3449 367.1407 389.0830 -1.9253 0.0000 0.0000
2990.03 17.07.2018 06.50.01 22.81283 294.1381 -4.8753 -0.0230 -0.0230 0.0000 131.3302 65.6651 368.7187 391.3747 -3.7529 0.0000 0.0000
3000.03 17.07.2018 07.00.01 22.80334 294.3570 -4.8760 -0.0230 -0.0230 0.0000 133.8175 66.9087 370.2502 393.5456 -5.4493 0.0000 0.0000
3010.03 17.07.2018 07.10.01 22.79388 294.5753 -4.8456 -0.0229 -0.0229 0.0000 134.8679 67.4340 371.4832 395.5548 -7.1255 0.0000 0.0000
3020.03 17.07.2018 07.20.01 22.78454 294.7919 -4.8678 -0.0230 -0.0230 0.0000 136.2562 68.1281 372.7217 397.4076 -8.6109 0.0000 0.0000
3030.03 17.07.2018 07.30.01 22.77526 295.0086 -4.8433 -0.0228 -0.0228 0.0000 137.4339 68.7170 373.8576 399.1398 -10.0120 0.0000 0.0000
3040.03 17.07.2018 07.40.01 22.76611 295.2251 -4.6749 -0.0221 -0.0221 0.0000 139.0844 69.5422 375.0167 400.7709 -11.3002 0.0000 0.0000
3050.03 17.07.2018 07.50.01 22.75720 295.4416 -4.3901 -0.0207 -0.0207 0.0000 140.3550 70.1775 376.1101 402.3210 -12.4227 0.0000 0.0000
3060.03 17.07.2018 08.00.01 22.74880 295.6572 -4.3908 -0.0207 -0.0207 0.0000 202.5932 101.2966 377.1452 404.9847 -16.1927 0.0000 0.0000
3070.03 17.07.2018 08.10.01 22.74053 295.7925 -4.2305 -0.0200 -0.0200 0.0000 202.9480 101.4740 378.1350 408.2187 -21.9290 0.0000 0.0000
3080.03 17.07.2018 08.20.01 22.73242 295.9258 -3.9487 -0.0186 -0.0186 0.0000 202.6932 101.3466 378.9795 410.3879 -25.7032 0.0000 0.0000
3090.03 17.07.2018 08.30.01 22.72488 296.0586 -3.8825 -0.0183 -0.0183 0.0000 203.0432 101.5216 379.9001 412.2761 -29.0054 0.0000 0.0000
3100.03 17.07.2018 08.40.01 22.71755 296.1920 -3.5330 -0.0167 -0.0167 0.0000 203.1036 101.5518 380.7132 413.9383 -31.4368 0.0000 0.0000
3110.03 17.07.2018 08.50.01 22.71078 296.3242 -3.4624 -0.0163 -0.0163 0.0000 203.0615 101.5307 381.4687 415.3618 -33.9069 0.0000 0.0000
3120.03 17.07.2018 09.00.01 22.70437 296.4559 -3.1097 -0.0147 -0.0147 0.0000 203.3326 101.6663 382.2944 416.6220 -36.1000 0.0000 0.0000
3130.03 17.07.2018 09.10.01 22.69860 296.4580 -3.0112 -0.0142 -0.0142 0.0000 209.7406 104.8703 383.4347 417.7239 -39.4393 0.0000 0.0000
3140.03 17.07.2018 09.20.01 22.69311 296.4617 -2.7074 -0.0128 -0.0128 0.0000 215.1946 107.5973 384.3307 418.8727 -42.1571 0.0000 0.0000
3150.03 17.07.2018 09.30.01 22.68829 296.4649 -2.4986 -0.0118 -0.0118 0.0000 227.1160 113.5580 385.2309 420.1741 -44.4870 0.0000 0.0000
3160.03 17.07.2018 09.40.01 22.68380 296.4674 -2.0987 -0.0099 -0.0099 0.0000 233.2543 116.6271 385.7566 421.7652 -44.8616 0.0000 0.0000
3170.03 17.07.2018 09.50.01 22.68008 296.4638 -1.8562 -0.0088 -0.0088 0.0000 241.2037 120.6019 386.6038 423.8787 -41.5430 0.0000 0.0000
3180.03 17.07.2018 10.00.01 22.67681 296.4692 -1.5947 -0.0075 -0.0075 0.0000 247.3172 123.6586 387.6641 425.6667 -44.2244 0.0000 0.0000
3190.03 17.07.2018 10.10.01 22.67410 296.5409 -1.1651 -0.0055 -0.0055 0.0000 251.6974 125.8487 388.2409 427.3045 -46.8559 0.0000 0.0000
3200.03 17.07.2018 10.20.01 22.67214 296.6123 -1.0911 -0.0051 -0.0051 0.0000 249.3819 124.6910 388.6435 428.6660 -48.9469 0.0000 0.0000
3210.03 17.07.2018 10.30.01 22.67062 296.6811 -0.6751 -0.0032 -0.0032 0.0000 244.7911 122.3955 388.6678 429.6643 -50.2905 0.0000 0.0000
3220.03 17.07.2018 10.40.01 22.66970 296.7523 -0.3547 -0.0017 -0.0017 0.0000 243.3386 121.6693 389.0118 430.4652 -51.1707 0.0000 0.0000
3230.03 17.07.2018 10.50.01 22.66955 296.8225 -0.3514 -0.0017 -0.0017 0.0000 240.0243 120.0121 389.1854 431.1631 -51.8928 0.0000 0.0000
3240.03 17.07.2018 11.00.01 22.66979 296.8933 0.4756 0.0022 0.0022 0.0000 236.8056 118.4028 389.3490 431.6750 -52.2244 0.0000 0.0000
3250.03 17.07.2018 11.10.01 22.67111 297.0130 0.4767 0.0022 0.0022 0.0000 246.3710 123.1855 389.8230 432.3492 -53.3662 0.0000 0.0000
3260.03 17.07.2018 11.20.01 22.67285 297.1352 0.5427 0.0026 0.0026 0.0000 255.2437 127.6218 390.6724 433.2975 -55.1373 0.0000 0.0000
3270.03 17.07.2018 11.30.01 22.67480 297.2585 1.3840 0.0065 0.0065 0.0000 275.2682 137.6341 391.6550 434.6587 -57.6130 0.0000 0.0000
3280.03 17.07.2018 11.40.01 22.67809 297.3888 1.4142 0.0067 0.0067 0.0000 280.3602 140.1801 392.8688 436.1650 -60.2209 0.0000 0.0000
3290.03 17.07.2018 11.50.01 22.68176 297.5120 1.5454 0.0073 0.0073 0.0000 283.7775 141.8888 393.8903 437.4846 -62.2673 0.0000 0.0000
3300.03 17.07.2018 12.00.01 22.68548 297.6353 2.3418 0.0110 0.0110 0.0000 287.3340 143.6670 394.7123 438.7390 -64.1818 0.0000 0.0000
3310.03 17.07.2018 12.10.01 22.69073 297.6141 2.3572 0.0111 0.0111 0.0000 286.4518 143.2259 396.1560 439.8471 -66.0356 0.0000 0.0000
3320.03 17.07.2018 12.20.01 22.69622 297.5888 2.6192 0.0124 0.0124 0.0000 286.1024 143.0512 396.7916 440.7859 -67.4820 0.0000 0.0000
3330.03 17.07.2018 12.30.01 22.70196 297.5579 3.2357 0.0153 0.0153 0.0000 289.9269 144.9634 397.1197 441.6746 -68.9227 0.0000 0.0000
3340.03 17.07.2018 12.40.01 22.70904 297.5260 3.2533 0.0153 0.0153 0.0000 292.1605 146.0803 397.2957 442.5270 -70.3721 0.0000 0.0000
3350.03 17.07.2018 12.50.01 22.71636 297.4933 3.5686 0.0168 0.0168 0.0000 290.9061 145.4530 397.0272 443.2100 -71.3366 0.0000 0.0000
3360.03 17.07.2018 13.00.01 22.72408 297.4594 4.1637 0.0196 0.0196 0.0000 290.0564 145.0282 397.0126 443.7267 -72.1186 0.0000 0.0000
3370.03 17.07.2018 13.10.01 22.73293 297.3742 4.2076 0.0198 0.0198 0.0000 290.0060 145.0030 396.2961 444.1524 -72.7524 0.0000 0.0000
3380.03 17.07.2018 13.20.01 22.74209 297.2899 4.5843 0.0216 0.0216 0.0000 290.3653 145.1826 395.4095 444.4694 -73.3703 0.0000 0.0000
3390.03 17.07.2018 13.30.01 22.75170 297.2057 5.0904 0.0240 0.0240 0.0000 292.2751 146.1375 394.6516 444.7493 -73.9375 0.0000 0.0000
3400.03 17.07.2018 13.40.01 22.76223 297.1218 5.1193 0.0241 0.0241 0.0000 294.3226 147.1613 393.8942 445.0453 -74.2923 0.0000 0.0000
3410.03 17.07.2018 13.50.01 22.77325 297.0389 5.5759 0.0263 0.0263 0.0000 296.4541 148.2270 393.1288 445.3272 -74.7155 0.0000 0.0000
3420.03 17.07.2018 14.00.01 22.78472 296.9576 6.0378 0.0285 0.0285 0.0000 297.5468 148.7734 392.2458 445.5243 -75.4734 0.0000 0.0000
3430.03 17.07.2018 14.10.01 22.79705 296.8425 6.0557 0.0286 0.0286 0.0000 303.7888 151.8944 390.2840 445.5188 -78.0730 0.0000 0.0000
3440.03 17.07.2018 14.20.01 22.80990 296.7229 6.3100 0.0298 0.0298 0.0000 311.0400 155.5200 388.2119 445.4351 -81.1168 0.0000 0.0000
3450.03 17.07.2018 14.30.01 22.82275 296.6058 6.9559 0.0328 0.0328 0.0000 319.2024 159.6012 386.0848 445.2935 -84.2693 0.0000 0.0000
3460.03 17.07.2018 14.40.01 22.83666 296.4890 6.9497 0.0328 0.0328 0.0000 327.6604 163.8302 383.7882 445.0960 -87.5287 0.0000 0.0000
3470.03 17.07.2018 14.50.01 22.85119 296.3725 7.0283 0.0332 0.0332 0.0000 338.3708 169.1854 381.6950 444.8873 -91.0916 0.0000 0.0000
3480.03 17.07.2018 15.00.01 22.86587 296.2559 7.4770 0.0353 0.0353 0.0000 348.6713 174.3357 379.5999 444.6819 -94.8865 0.0000 0.0000
3490.03 17.07.2018 15.10.01 22.88104 296.0750 7.6754 0.0362 0.0362 0.0000 343.0992 171.5496 378.0274 444.3645 -95.7410 0.0000 0.0000
3500.03 17.07.2018 15.20.01 22.89660 295.8917 7.9985 0.0377 0.0377 0.0000 336.9179 168.4590 376.4461 443.6995 -95.4640 0.0000 0.0000
3510.03 17.07.2018 15.30.01 22.91274 295.7070 8.1487 0.0384 0.0384 0.0000 329.8381 164.9191 374.8267 442.8544 -94.5578 0.0000 0.0000
3520.03 17.07.2018 15.40.01 22.92922 295.5228 8.4046 0.0396 0.0396 0.0000 319.2810 159.6405 372.8599 441.7492 -93.2732 0.0000 0.0000
3530.03 17.07.2018 15.50.01 22.94613 295.3369 8.6095 0.0406 0.0406 0.0000 309.3450 154.6725 370.8781 440.3997 -91.3796 0.0000 0.0000
3540.03 17.07.2018 16.00.01 22.96349 295.1512 8.6883 0.0410 0.0410 0.0000 299.2803 149.6402 369.0457 438.8880 -89.3631 0.0000 0.0000
3550.03 17.07.2018 16.10.01 22.98101 294.9001 9.0306 0.0426 0.0426 0.0000 289.1167 144.5584 366.9105 437.1804 -87.5427 0.0000 0.0000
3560.03 17.07.2018 16.20.01 22.99908 294.6485 9.0605 0.0427 0.0427 0.0000 279.5848 139.7924 364.8795 435.2922 -85.8112 0.0000 0.0000
3570.03 17.07.2018 16.30.01 23.01739 294.3968 9.2088 0.0434 0.0434 0.0000 269.9108 134.9554 362.9123 433.2777 -84.0448 0.0000 0.0000
3580.03 17.07.2018 16.40.01 23.03579 294.1451 9.5160 0.0449 0.0449 0.0000 260.9844 130.4922 360.9300 431.1036 -82.6050 0.0000 0.0000
3590.03 17.07.2018 16.50.01 23.05468 293.8930 9.5259 0.0449 0.0449 0.0000 251.2660 125.6330 358.8829 428.8156 -80.9659 0.0000 0.0000
3600.03 17.07.2018 17.00.01 23.07375 293.6405 9.5167 0.0449 0.0449 0.0000 240.7529 120.3764 356.8677 426.3997 -79.0997 0.0000 0.0000
3610.03 17.07.2018 17.10.01 23.09292 293.3724 9.5188 0.0449 0.0449 0.0000 227.5538 113.7769 355.1073 423.8449 -76.8150 0.0000 0.0000
3620.03 17.07.2018 17.20.01 23.11212 293.1044 9.6143 0.0454 0.0454 0.0000 213.3903 106.6952 353.3324 421.1131 -74.3737 0.0000 0.0000
3630.03 17.07.2018 17.30.01 23.13134 292.8366 9.8711 0.0466 0.0466 0.0000 198.3296 99.1648 351.5002 418.1964 -71.9216 0.0000 0.0000
3640.03 17.07.2018 17.40.01 23.15072 292.5683 9.9790 0.0471 0.0471 0.0000 178.8101 89.4050 349.7021 415.0533 -68.9310 0.0000 0.0000
3650.03 17.07.2018 17.50.01 23.17019 292.2992 9.9636 0.0470 0.0470 0.0000 158.3867 79.1933 347.8522 411.6466 -65.4448 0.0000 0.0000
3660.03 17.07.2018 18.00.01 23.18960 292.0292 9.9619 0.0470 0.0470 0.0000 137.4031 68.7015 345.9957 408.0413 -61.5964 0.0000 0.0000
3670.03 17.07.2018 18.10.01 23.20889 291.7118 9.9555 0.0470 0.0470 0.0000 121.6489 60.8245 344.5419 404.5524 -56.1175 0.0000 0.0000
3680.03 17.07.2018 18.20.01 23.22814 291.3935 9.7876 0.0462 0.0462 0.0000 105.7835 52.8917 343.1579 401.1925 -50.9926 0.0000 0.0000
3690.03 17.07.2018 18.30.01 23.24734 291.0785 9.4960 0.0448 0.0448 0.0000 89.9877 44.9939 341.8583 397.8577 -46.1965 0.0000 0.0000
3700.03 17.07.2018 18.40.01 23.26608 290.7640 9.4938 0.0448 0.0448 0.0000 67.0041 33.5021 340.6015 394.4243 -41.0890 0.0000 0.0000
3710.03 17.07.2018 18.50.01 23.28454 290.4493 9.4663 0.0447 0.0447 0.0000 43.5650 21.7825 339.2758 390.7676 -35.8216 0.0000 0.0000
3720.03 17.07.2018 19.00.01 23.30285 290.1350 9.2129 0.0435 0.0435 0.0000 20.1418 10.0709 337.9324 386.9679 -30.6105 0.0000 0.0000
3730.03 17.07.2018 19.10.01 23.32070 289.7310 9.0401 0.0426 0.0426 0.0000 16.3210 8.1605 336.4277 383.2668 -27.7064 0.0000 0.0000
3740.03 17.07.2018 19.20.01 23.33813 289.3289 8.8794 0.0419 0.0419 0.0000 13.7478 6.8739 335.0972 380.0272 -25.6526 0.0000 0.0000
3750.03 17.07.2018 19.30.01 23.35516 288.9279 8.5582 0.0404 0.0404 0.0000 11.4133 5.7066 333.8219 377.0231 -23.9654 0.0000 0.0000
3760.03 17.07.2018 19.40.01 23.37164 288.5275 8.2704 0.0390 0.0390 0.0000 7.7444 3.8722 332.5759 374.1832 -22.4818 0.0000 0.0000
3770.03 17.07.2018 19.50.01 23.38748 288.1275 8.0568 0.0380 0.0380 0.0000 4.0717 2.0359 331.3305 371.4516 -21.2337 0.0000 0.0000
3780.03 17.07.2018 20.00.01 23.40283 287.7277 7.6235 0.0360 0.0360 0.0000 0.4478 0.2239 330.0929 368.8301 -20.0966 0.0000 0.0000
3790.03 17.07.2018 20.10.01 23.41747 287.3333 7.2251 0.0341 0.0341 0.0000 0.0809 0.0405 328.9661 366.4001 -18.8042 0.0000 0.0000
3800.03 17.07.2018 20.20.01 23.43130 286.9411 6.9678 0.0329 0.0329 0.0000 0.0145 0.0073 327.9174 364.1786 -17.8896 0.0000 0.0000
3810.03 17.07.2018 20.30.01 23.44442 286.5515 6.5959 0.0311 0.0311 0.0000 0.0026 0.0013 326.9199 362.1135 -17.1266 0.0000 0.0000
3820.03 17.07.2018 20.40.01 23.45681 286.1642 6.1703 0.0291 0.0291 0.0000 0.0005 0.0002 325.9622 360.1849 -16.4642 0.0000 0.0000
3830.03 17.07.2018 20.50.01 23.46835 285.7790 5.7461 0.0271 0.0271 0.0000 0.0001 0.0000 325.0286 358.3717 -16.0036 0.0000 0.0000
3840.03 17.07.2018 21.00.01 23.47909 285.3996 5.2817 0.0249 0.0249 0.0000 0.0000 0.0000 324.1372 356.6658 -15.5467 0.0000 0.0000
3850.03 17.07.2018 21.10.01 23.48892 285.2094 4.8249 0.0228 0.0228 0.0000 0.0000 0.0000 323.6252 355.2108 -13.6167 0.0000 0.0000
3860.03 17.07.2018 21.20.01 23.49786 285.0208 4.3752 0.0206 0.0206 0.0000 0.0000 0.0000 323.2155 353.8879 -12.4279 0.0000 0.0000
3870.03 17.07.2018 21.30.01 23.50585 284.8418 3.9117 0.0185 0.0185 0.0000 0.0000 0.0000 322.9563 352.6213 -12.1769 0.0000 0.0000
3880.03 17.07.2018 21.40.01 23.51296 284.6583 3.4345 0.0162 0.0162 0.0000 0.0000 0.0000 322.5961 351.4531 -11.7035 0.0000 0.0000
3890.03 17.07.2018 21.50.01 23.51910 284.4966 2.9585 0.0140 0.0140 0.0000 0.0000 0.0000 322.2349 350.3800 -11.1050 0.0000 0.0000
3900.03 17.07.2018 22.00.01 23.52429 284.3556 2.5074 0.0118 0.0118 0.0000 0.0000 0.0000 321.8926 349.3956 -10.4425 0.0000 0.0000
3910.03 17.07.2018 22.10.01 23.52853 284.2902 1.9983 0.0094 0.0094 0.0000 0.0000 0.0000 321.4914 348.4863 -9.8281 0.0000 0.0000
3920.03 17.07.2018 22.20.01 23.53182 284.2143 1.5218 0.0072 0.0072 0.0000 0.0000 0.0000 321.0864 347.6273 -9.3709 0.0000 0.0000
3930.03 17.07.2018 22.30.01 23.53414 284.1414 1.0313 0.0049 0.0049 0.0000 0.0000 0.0000 320.6867 346.8195 -8.9518 0.0000 0.0000
3940.03 17.07.2018 22.40.01 23.53552 284.0851 0.5576 0.0026 0.0026 0.0000 0.0000 0.0000 320.3008 346.0691 -8.4375 0.0000 0.0000
3950.03 17.07.2018 22.50.01 23.53591 284.0411 0.0769 0.0004 0.0004 0.0000 0.0000 0.0000 319.9238 345.3702 -7.9192 0.0000 0.0000
3960.03 17.07.2018 23.00.01 23.53539 284.0069 -0.3935 -0.0019 -0.0019 0.0000 0.0000 0.0000 319.5492 344.7179 -7.4069 0.0000 0.0000
3970.03 17.07.2018 23.10.01 23.53393 284.0781 -0.8768 -0.0041 -0.0041 0.0000 0.0000 0.0000 319.1591 344.1747 -6.0356 0.0000 0.0000
3980.03 17.07.2018 23.20.01 23.53155 284.1330 -1.3413 -0.0063 -0.0063 0.0000 0.0000 0.0000 318.6249 343.7129 -4.9333 0.0000 0.0000
3990.03 17.07.2018 23.30.01 23.52822 283.9046 -1.7957 -0.0085 -0.0085 0.0000 0.0000 0.0000 318.1166 343.1589 -5.1594 0.0000 0.0000
4000.03 17.07.2018 23.40.01 23.52401 283.7180 -2.2331 -0.0105 -0.0105 0.0000 0.0000 0.0000 317.6541 342.6160 -5.2071 0.0000 0.0000
4010.03 17.07.2018 23.50.01 23.51891 283.5489 -2.6835 -0.0127 -0.0127 0.0000 0.0000 0.0000 317.1922 342.0484 -5.5252 0.0000 0.0000
4020.03 18.07.2018 00.00.01 23.51296 283.3997 -3.1277 -0.0148 -0.0148 0.0000 0.0000 0.0000 316.7245 341.4715 -5.8107 0.0000 0.0000
4030.03 18.07.2018 00.10.01 23.50613 283.4774 -3.5567 -0.0168 -0.0168 0.0000 0.0000 0.0000 316.4106 341.0125 -4.8604 0.0000 0.0000
4040.03 18.07.2018 00.20.01 23.49850 283.4234 -3.9959 -0.0188 -0.0188 0.0000 0.0000 0.0000 316.0393 340.4863 -5.0918 0.0000 0.0000
4050.03 18.07.2018 00.30.01 23.49001 283.6875 -4.4172 -0.0208 -0.0208 0.0000 0.0000 0.0000 315.7123 340.0894 -3.7359 0.0000 0.0000
4060.03 18.07.2018 00.40.01 23.48077 283.2789 -4.8681 -0.0230 -0.0230 0.0000 0.0000 0.0000 315.3990 339.5827 -5.2927 0.0000 0.0000
4070.03 18.07.2018 00.50.01 23.47070 283.1248 -5.2836 -0.0249 -0.0249 0.0000 0.0000 0.0000 315.0593 339.0409 -5.6852 0.0000 0.0000
4080.03 18.07.2018 01.00.01 23.45980 282.8626 -5.5665 -0.0263 -0.0263 0.0000 0.0000 0.0000 314.7394 338.4433 -6.6486 0.0000 0.0000
4090.03 18.07.2018 01.10.01 23.44818 282.7844 -5.9147 -0.0279 -0.0279 0.0000 0.0000 0.0000 314.3689 337.8754 -6.8241 0.0000 0.0000
4100.03 18.07.2018 01.20.01 23.43585 282.7199 -6.2954 -0.0297 -0.0297 0.0000 0.0000 0.0000 313.9821 337.3281 -6.8273 0.0000 0.0000
4110.03 18.07.2018 01.30.01 23.42288 282.6544 -6.7162 -0.0317 -0.0317 0.0000 0.0000 0.0000 313.5516 336.7923 -6.7859 0.0000 0.0000
4120.03 18.07.2018 01.40.01 23.40914 282.6531 -7.1334 -0.0336 -0.0336 0.0000 0.0000 0.0000 313.1452 336.3058 -6.2514 0.0000 0.0000
4130.03 18.07.2018 01.50.01 23.39462 282.6724 -7.3389 -0.0346 -0.0346 0.0000 0.0000 0.0000 312.7575 335.8678 -5.5790 0.0000 0.0000
4140.03 18.07.2018 02.00.01 23.37951 282.6884 -7.6632 -0.0361 -0.0361 0.0000 0.0004 0.0002 312.3405 335.4639 -4.9420 0.0000 0.0000
4150.03 18.07.2018 02.10.01 23.36382 282.8218 -8.1181 -0.0383 -0.0383 0.0000 0.2240 0.1120 312.0972 335.1615 -3.6483 0.0000 0.0000
4160.03 18.07.2018 02.20.01 23.34738 282.8743 -8.3292 -0.0393 -0.0393 0.0000 0.4959 0.2480 311.8944 334.8888 -2.9378 0.0000 0.0000
4170.03 18.07.2018 02.30.01 23.33035 282.9021 -8.6550 -0.0408 -0.0408 0.0000 0.7751 0.3876 311.7169 334.6436 -2.4268 0.0000 0.0000
4180.03 18.07.2018 02.40.01 23.31280 282.9234 -9.0464 -0.0427 -0.0427 0.0000 1.0557 0.5279 311.5653 334.4264 -1.9789 0.0000 0.0000
4190.03 18.07.2018 02.50.01 23.29452 282.9543 -9.2714 -0.0437 -0.0437 0.0000 1.3366 0.6683 311.4323 334.2398 -1.5217 0.0000 0.0000
4200.03 18.07.2018 03.00.01 23.27572 282.9954 -9.5635 -0.0451 -0.0451 0.0000 1.6207 0.8104 311.3104 334.0829 -1.0481 0.0000 0.0000
4210.03 18.07.2018 03.10.01 23.25649 283.2841 -9.9893 -0.0471 -0.0471 0.0000 3.8494 1.9247 311.5643 334.1165 0.7170 0.0000 0.0000
4220.03 18.07.2018 03.20.01 23.23641 283.5678 -10.0786 -0.0475 -0.0475 0.0000 6.4988 3.2494 311.9874 334.3223 2.1438 0.0000 0.0000
4230.03 18.07.2018 03.30.01 23.21612 283.8529 -10.4551 -0.0493 -0.0493 0.0000 9.2111 4.6056 312.4838 334.6568 3.3646 0.0000 0.0000
4240.03 18.07.2018 03.40.01 23.19509 284.1678 -10.6274 -0.0501 -0.0501 0.0000 11.9362 5.9681 313.0364 335.1197 4.5356 0.0000 0.0000
4250.03 18.07.2018 03.50.01 23.17370 284.4964 -10.9240 -0.0515 -0.0515 0.0000 14.6633 7.3317 313.6474 335.6947 5.5988 0.0000 0.0000
4260.03 18.07.2018 04.00.01 23.15173 284.8281 -11.0943 -0.0523 -0.0523 0.0000 17.3912 8.6956 314.3002 336.3667 6.5220 0.0000 0.0000
4270.03 18.07.2018 04.10.01 23.12942 285.1611 -11.3630 -0.0536 -0.0536 0.0000 20.3208 10.1604 315.3777 337.1390 7.2654 0.0000 0.0000
4280.03 18.07.2018 04.20.01 23.10656 285.4958 -11.4857 -0.0542 -0.0542 0.0000 23.2940 11.6470 316.5224 338.0229 7.9053 0.0000 0.0000
4290.03 18.07.2018 04.30.01 23.08346 285.8351 -11.8280 -0.0558 -0.0558 0.0000 26.2738 13.1369 317.7041 339.0006 8.4612 0.0000 0.0000
4300.03 18.07.2018 04.40.01 23.05975 286.1756 -11.8495 -0.0559 -0.0559 0.0000 29.2548 14.6274 318.9132 340.0570 8.8822 0.0000 0.0000
4310.03 18.07.2018 04.50.01 23.03594 286.5184 -12.1271 -0.0572 -0.0572 0.0000 32.2361 16.1181 320.1432 341.1868 9.2340 0.0000 0.0000
4320.03 18.07.2018 05.00.01 23.01168 286.8810 -12.2989 -0.0580 -0.0580 0.0000 36.8606 18.4303 321.8460 342.4377 9.5598 0.0000 0.0000
4330.03 18.07.2018 05.10.01 22.98702 287.3648 -12.3172 -0.0581 -0.0581 0.0000 39.9873 19.9936 323.5132 343.9449 11.3936 0.0000 0.0000
4340.03 18.07.2018 05.20.01 22.96230 287.7438 -12.5247 -0.0591 -0.0591 0.0000 53.1881 26.5941 328.0864 345.8473 12.4592 0.0000 0.0000
4350.03 18.07.2018 05.30.01 22.93734 288.2021 -12.7417 -0.0601 -0.0601 0.0000 70.6336 35.3168 334.2744 348.5639 13.1954 0.0000 0.0000
4360.03 18.07.2018 05.40.01 22.91198 288.6647 -12.7808 -0.0603 -0.0603 0.0000 90.0435 45.0217 341.7871 351.9617 12.2998 0.0000 0.0000
4370.03 18.07.2018 05.50.01 22.88647 289.1361 -12.7659 -0.0602 -0.0602 0.0000 95.2747 47.6374 345.4326 355.5780 11.1763 0.0000 0.0000
4380.03 18.07.2018 06.00.01 22.86086 289.5850 -12.8031 -0.0604 -0.0604 0.0000 123.1972 61.5986 347.7704 359.3376 9.4147 0.0000 0.0000
4390.03 18.07.2018 06.10.01 22.83523 289.9494 -12.8500 -0.0606 -0.0606 0.0000 123.2258 61.6129 349.3790 363.1998 6.8230 0.0000 0.0000
4400.03 18.07.2018 06.20.01 22.80959 290.3114 -12.8909 -0.0608 -0.0608 0.0000 124.2536 62.1268 350.9712 366.4617 4.9023 0.0000 0.0000
4410.03 18.07.2018 06.30.01 22.78396 290.6736 -12.8761 -0.0607 -0.0607 0.0000 126.1847 63.0924 352.6108 369.5321 3.1556 0.0000 0.0000
4420.03 18.07.2018 06.40.01 22.75839 291.0353 -12.7659 -0.0602 -0.0602 0.0000 128.5985 64.2993 354.1966 372.4440 1.5408 0.0000 0.0000
4430.03 18.07.2018 06.50.01 22.73306 291.3980 -12.7620 -0.0602 -0.0602 0.0000 131.1926 65.5963 355.8079 375.2214 0.1000 0.0000 0.0000
4440.03 18.07.2018 07.00.01 22.70791 291.7605 -12.7522 -0.0602 -0.0602 0.0000 133.6193 66.8097 357.3783 377.8751 -1.1856 0.0000 0.0000
4450.03 18.07.2018 07.10.01 22.68301 292.0142 -12.7434 -0.0601 -0.0601 0.0000 138.9800 69.4900 358.8389 380.3918 -3.2148 0.0000 0.0000
4460.03 18.07.2018 07.20.01 22.65826 292.2682 -12.5383 -0.0591 -0.0591 0.0000 144.4383 72.2192 360.2142 382.8512 -5.2872 0.0000 0.0000
4470.03 18.07.2018 07.30.01 22.63387 292.5221 -12.2905 -0.0580 -0.0580 0.0000 149.5515 74.7758 361.4577 385.2228 -7.3188 0.0000 0.0000
4480.03 18.07.2018 07.40.01 22.61001 292.7757 -12.2185 -0.0576 -0.0576 0.0000 155.3027 77.6514 362.5311 387.5177 -9.2944 0.0000 0.0000
4490.03 18.07.2018 07.50.01 22.58633 293.0294 -11.8184 -0.0557 -0.0557 0.0000 161.1980 80.5990 363.7532 389.7675 -11.2500 0.0000 0.0000
4500.03 18.07.2018 08.00.01 22.56341 293.2825 -11.7077 -0.0552 -0.0552 0.0000 215.4631 107.7316 364.9696 392.9213 -15.1558 0.0000 0.0000
4510.03 18.07.2018 08.10.01 22.54086 293.4073 -11.3616 -0.0536 -0.0536 0.0000 217.4551 108.7275 366.2032 396.4557 -20.9576 0.0000 0.0000
4520.03 18.07.2018 08.20.01 22.51885 293.5311 -11.0402 -0.0521 -0.0521 0.0000 217.5436 108.7718 367.0603 399.0212 -24.8577 0.0000 0.0000
4530.03 18.07.2018 08.30.01 22.49758 293.6533 -10.8118 -0.0510 -0.0510 0.0000 217.4837 108.7418 367.8040 401.2277 -28.1121 0.0000 0.0000
4540.03 18.07.2018 08.40.01 22.47683 293.7756 -10.4063 -0.0491 -0.0491 0.0000 218.4317 109.2158 368.4220 403.1695 -30.8916 0.0000 0.0000
4550.03 18.07.2018 08.50.01 22.45672 293.8972 -9.9574 -0.0470 -0.0470 0.0000 219.9232 109.9616 369.1027 404.9166 -33.3413 0.0000 0.0000
4560.03 18.07.2018 09.00.01 22.43749 294.0190 -9.6739 -0.0456 -0.0456 0.0000 221.4535 110.7267 369.7620 406.5012 -35.5263 0.0000 0.0000
4570.03 18.07.2018 09.10.01 22.41894 294.1352 -9.3413 -0.0441 -0.0441 0.0000 222.4342 111.2171 370.6801 408.0964 -36.0403 0.0000 0.0000
4580.03 18.07.2018 09.20.01 22.40115 294.2506 -8.9813 -0.0424 -0.0424 0.0000 224.6424 112.3212 371.7698 409.6717 -36.6017 0.0000 0.0000
4590.03 18.07.2018 09.30.01 22.38412 294.3701 -8.5258 -0.0402 -0.0402 0.0000 230.0198 115.0099 372.9276 411.3138 -37.3291 0.0000 0.0000
4600.03 18.07.2018 09.40.01 22.36788 294.4870 -8.0912 -0.0382 -0.0382 0.0000 233.2363 116.6181 374.3178 413.0089 -38.2150 0.0000 0.0000
4610.03 18.07.2018 09.50.01 22.35247 294.6068 -7.6250 -0.0360 -0.0360 0.0000 237.0122 118.5061 375.7750 414.7077 -39.0891 0.0000 0.0000
4620.03 18.07.2018 10.00.01 22.33788 294.7279 -7.1765 -0.0339 -0.0339 0.0000 240.1808 120.0904 377.1446 416.4202 -39.9864 0.0000 0.0000
4630.03 18.07.2018 10.10.01 22.32418 294.8579 -6.7193 -0.0317 -0.0317 0.0000 248.8941 124.4470 379.0308 418.3376 -40.4224 0.0000 0.0000
4640.03 18.07.2018 10.20.01 22.31133 294.9909 -6.2816 -0.0296 -0.0296 0.0000 256.5356 128.2678 381.1159 420.4582 -41.6226 0.0000 0.0000
4650.03 18.07.2018 10.30.01 22.29943 295.1244 -5.8756 -0.0277 -0.0277 0.0000 263.4674 131.7337 383.0974 422.6540 -43.1042 0.0000 0.0000
4660.03 18.07.2018 10.40.01 22.28832 295.2615 -5.4165 -0.0255 -0.0255 0.0000 271.8750 135.9375 385.3086 425.0554 -43.7054 0.0000 0.0000
4670.03 18.07.2018 10.50.01 22.27825 295.4018 -5.0710 -0.0239 -0.0239 0.0000 279.4353 139.7177 387.8462 427.6629 -45.6635 0.0000 0.0000
4680.03 18.07.2018 11.00.01 22.26907 295.5402 -4.7975 -0.0226 -0.0226 0.0000 286.7379 143.3690 390.1378 430.4148 -46.1467 0.0000 0.0000
4690.03 18.07.2018 11.10.01 22.26052 295.5606 -4.1705 -0.0197 -0.0197 0.0000 287.9623 143.9811 391.1694 432.7952 -48.9686 0.0000 0.0000
4700.03 18.07.2018 11.20.01 22.25317 295.5803 -3.8408 -0.0181 -0.0181 0.0000 280.6059 140.3030 391.3263 434.5743 -51.1474 0.0000 0.0000
4710.03 18.07.2018 11.30.01 22.24645 295.5991 -3.2328 -0.0152 -0.0152 0.0000 275.7627 137.8813 391.0424 435.8452 -52.6876 0.0000 0.0000
4720.03 18.07.2018 11.40.01 22.24093 295.6198 -2.8984 -0.0137 -0.0137 0.0000 264.1032 132.0516 390.5310 436.6684 -53.2267 0.0000 0.0000
4730.03 18.07.2018 11.50.01 22.23614 295.6682 -2.3107 -0.0109 -0.0109 0.0000 252.0666 126.0333 389.6480 436.4336 -57.2803 0.0000 0.0000
4740.03 18.07.2018 12.00.01 22.23245 295.6888 -1.9243 -0.0091 -0.0091 0.0000 240.2986 120.1493 388.7028 436.0315 -57.2018 0.0000 0.0000
4750.03 18.07.2018 12.10.01 22.22955 295.8292 -1.3800 -0.0065 -0.0065 0.0000 233.5025 116.7513 387.5250 435.2711 -58.1357 0.0000 0.0000
4760.03 18.07.2018 12.20.01 22.22772 295.9838 -0.9023 -0.0043 -0.0043 0.0000 232.5260 116.2630 386.8932 434.5770 -58.3248 0.0000 0.0000
4770.03 18.07.2018 12.30.01 22.22665 296.1541 -0.4437 -0.0021 -0.0021 0.0000 234.5839 117.2919 386.4025 434.0965 -58.0929 0.0000 0.0000
4780.03 18.07.2018 12.40.01 22.22665 296.3573 0.0788 0.0004 0.0004 0.0000 237.9607 118.9804 386.1497 434.3326 -53.0624 0.0000 0.0000
4790.03 18.07.2018 12.50.01 22.22747 296.6338 0.4871 0.0023 0.0023 0.0000 241.5147 120.7573 385.8710 434.9989 -48.1824 0.0000 0.0000
4800.03 18.07.2018 13.00.01 22.22930 297.0704 0.8119 0.0038 0.0038 0.0000 247.0088 123.5044 385.7288 436.1284 -42.9933 0.0000 0.0000
4810.03 18.07.2018 13.10.01 22.23165 296.6899 1.4069 0.0066 0.0066 0.0000 246.2504 123.1252 387.7541 437.1475 -42.9800 0.0000 0.0000
4820.03 18.07.2018 13.20.01 22.23528 296.5212 1.6592 0.0078 0.0078 0.0000 240.1855 120.0927 389.1544 437.8996 -43.3435 0.0000 0.0000
4830.03 18.07.2018 13.30.01 22.23910 296.4807 2.3126 0.0109 0.0109 0.0000 234.0829 117.0414 390.2190 438.4191 -43.3946 0.0000 0.0000
4840.03 18.07.2018 13.40.01 22.24441 296.5264 2.4427 0.0115 0.0115 0.0000 226.7767 113.3883 391.0589 439.3181 -38.1381 0.0000 0.0000
4850.03 18.07.2018 13.50.01 22.24990 296.6325 3.0796 0.0145 0.0145 0.0000 218.5847 109.2923 391.6194 439.2855 -41.9357 0.0000 0.0000
4860.03 18.07.2018 14.00.01 22.25659 296.7475 3.2787 0.0155 0.0155 0.0000 209.0713 104.5356 391.6142 438.3582 -48.5218 0.0000 0.0000
4870.03 18.07.2018 14.10.01 22.26391 296.6476 3.4729 0.0164 0.0164 0.0000 193.1187 96.5593 390.2489 437.6333 -44.6015 0.0000 0.0000
4880.03 18.07.2018 14.20.01 22.27145 296.4829 4.1989 0.0198 0.0198 0.0000 174.8122 87.4061 388.6506 436.5446 -40.2426 0.0000 0.0000
4890.03 18.07.2018 14.30.01 22.28045 296.3352 4.2025 0.0198 0.0198 0.0000 155.7509 77.8755 386.9234 435.0973 -35.9718 0.0000 0.0000
4900.03 18.07.2018 14.40.01 22.28961 296.2102 4.5830 0.0216 0.0216 0.0000 135.1298 67.5649 384.9872 433.1906 -32.5744 0.0000 0.0000
4910.03 18.07.2018 14.50.01 22.29937 296.0892 5.1033 0.0241 0.0241 0.0000 114.0979 57.0489 382.8112 430.7015 -30.6874 0.0000 0.0000
4920.03 18.07.2018 15.00.01 22.31017 295.9767 5.1471 0.0243 0.0243 0.0000 92.5056 46.2528 380.4038 427.5460 -30.5030 0.0000 0.0000
4930.03 18.07.2018 15.10.01 22.32098 295.7342 5.6300 0.0266 0.0266 0.0000 86.1400 43.0700 377.3242 424.7000 -27.3511 0.0000 0.0000
4940.03 18.07.2018 15.20.01 22.33260 295.5264 5.8483 0.0276 0.0276 0.0000 82.5995 41.2998 374.5441 421.8687 -26.3000 0.0000 0.0000
4950.03 18.07.2018 15.30.01 22.34451 295.3269 6.2596 0.0295 0.0295 0.0000 79.4630 39.7315 371.7647 419.0053 -26.4610 0.0000 0.0000
4960.03 18.07.2018 15.40.01 22.35714 295.1532 6.2690 0.0296 0.0296 0.0000 76.4101 38.2050 368.9685 416.0773 -27.2476 0.0000 0.0000
4970.03 18.07.2018 15.50.01 22.36996 294.9890 6.5418 0.0309 0.0309 0.0000 73.3710 36.6855 366.1456 413.1024 -27.9957 0.0000 0.0000
4980.03 18.07.2018 16.00.01 22.38317 294.8039 6.7185 0.0317 0.0317 0.0000 70.3628 35.1814 363.3181 410.1417 -28.2310 0.0000 0.0000
4990.03 18.07.2018 16.10.01 22.39672 295.0425 6.7352 0.0318 0.0318 0.0000 84.5265 42.2633 362.8554 408.2653 -22.6439 0.0000 0.0000
5000.03 18.07.2018 16.20.01 22.41042 295.2930 6.7905 0.0320 0.0320 0.0000 100.9935 50.4967 363.1253 407.4735 -18.9163 0.0000 0.0000
5010.03 18.07.2018 16.30.01 22.42416 295.5462 7.0304 0.0332 0.0332 0.0000 118.0134 59.0067 363.6876 407.4307 -16.4636 0.0000 0.0000
5020.03 18.07.2018 16.40.01 22.43810 295.8019 7.1795 0.0339 0.0339 0.0000 140.0557 70.0278 364.4208 408.1304 -14.9662 0.0000 0.0000
5030.03 18.07.2018 16.50.01 22.45223 296.0619 7.2048 0.0340 0.0340 0.0000 163.2793 81.6396 365.3111 409.5853 -14.3308 0.0000 0.0000
5040.03 18.07.2018 17.00.01 22.46646 296.3241 7.1915 0.0339 0.0339 0.0000 187.0284 93.5142 366.3242 411.6942 -14.2977 0.0000 0.0000
5050.03 18.07.2018 17.10.01 22.48062 296.0053 7.1968 0.0339 0.0339 0.0000 178.2541 89.1271 366.2188 412.9773 -20.7840 0.0000 0.0000
5060.03 18.07.2018 17.20.01 22.49471 295.6756 7.1783 0.0339 0.0339 0.0000 165.8940 82.9470 365.1715 412.9506 -26.7058 0.0000 0.0000
5070.03 18.07.2018 17.30.01 22.50875 295.3433 7.1629 0.0338 0.0338 0.0000 152.4554 76.2277 363.7295 412.0834 -31.8621 0.0000 0.0000
5080.03 18.07.2018 17.40.01 22.52273 295.0170 7.1652 0.0338 0.0338 0.0000 135.1298 67.5649 362.1339 410.3849 -36.6941 0.0000 0.0000
5090.03 18.07.2018 17.50.01 22.53665 294.6819 7.1817 0.0339 0.0339 0.0000 117.0744 58.5372 360.4078 407.9839 -40.0822 0.0000 0.0000
5100.03 18.07.2018 18.00.01 22.55053 294.3421 7.1748 0.0338 0.0338 0.0000 98.6573 49.3287 358.6258 405.0912 -41.7277 0.0000 0.0000
5110.03 18.07.2018 18.10.01 22.56436 293.9920 7.1712 0.0338 0.0338 0.0000 86.0972 43.0486 356.4704 402.1732 -39.8360 0.0000 0.0000
5120.03 18.07.2018 18.20.01 22.57812 293.6395 7.1114 0.0335 0.0335 0.0000 73.4439 36.7220 354.3599 399.2549 -37.3299 0.0000 0.0000
5130.03 18.07.2018 18.30.01 22.59185 293.2863 6.7636 0.0319 0.0319 0.0000 60.8320 30.4160 352.2795 396.2978 -34.3309 0.0000 0.0000
5140.03 18.07.2018 18.40.01 22.60519 292.9320 6.7191 0.0317 0.0317 0.0000 44.1068 22.0534 350.2131 393.2578 -30.6080 0.0000 0.0000
5150.03 18.07.2018 18.50.01 22.61831 292.5779 6.7255 0.0317 0.0317 0.0000 27.1307 13.5653 348.1092 390.0947 -26.3663 0.0000 0.0000
5160.03 18.07.2018 19.00.01 22.63131 292.2171 6.6967 0.0316 0.0316 0.0000 10.1772 5.0886 345.9771 386.8575 -21.8987 0.0000 0.0000
5170.03 18.07.2018 19.10.01 22.64416 291.9710 6.6435 0.0313 0.0313 0.0000 7.3172 3.6586 345.5602 384.0265 -16.7805 0.0000 0.0000
5180.03 18.07.2018 19.20.01 22.65698 291.7286 6.3322 0.0299 0.0299 0.0000 5.7115 2.8557 345.4966 381.6991 -13.3440 0.0000 0.0000
5190.03 18.07.2018 19.30.01 22.66924 291.4890 6.2527 0.0295 0.0295 0.0000 4.3300 2.1650 345.5558 379.6579 -10.8291 0.0000 0.0000
5200.03 18.07.2018 19.40.01 22.68118 291.2522 6.0876 0.0287 0.0287 0.0000 2.9890 1.4945 345.7270 377.8415 -8.9538 0.0000 0.0000
5210.03 18.07.2018 19.50.01 22.69286 291.0165 5.8039 0.0274 0.0274 0.0000 1.6552 0.8276 345.9217 376.2031 -7.6100 0.0000 0.0000
5220.03 18.07.2018 20.00.01 22.70397 290.7808 5.6942 0.0269 0.0269 0.0000 0.3245 0.1623 346.0965 374.7068 -6.6401 0.0000 0.0000
5230.03 18.07.2018 20.10.01 22.71484 290.7017 5.3244 0.0251 0.0251 0.0000 0.0527 0.0264 347.4629 373.5061 -4.8549 0.0000 0.0000
5240.03 18.07.2018 20.20.01 22.72500 290.6244 5.1958 0.0245 0.0245 0.0000 0.0101 0.0050 348.9690 372.5497 -3.7862 0.0000 0.0000
5250.03 18.07.2018 20.30.01 22.73483 290.5474 4.8445 0.0229 0.0229 0.0000 0.0017 0.0009 350.5398 371.7729 -3.1638 0.0000 0.0000
5260.03 18.07.2018 20.40.01 22.74398 290.4687 4.6243 0.0218 0.0218 0.0000 0.0003 0.0002 352.1568 371.1471 -2.8539 0.0000 0.0000
5270.03 18.07.2018 20.50.01 22.75265 290.3890 4.3837 0.0207 0.0207 0.0000 0.0001 0.0000 353.8123 370.6493 -2.7957 0.0000 0.0000
5280.03 18.07.2018 21.00.01 22.76086 290.3057 3.9196 0.0185 0.0185 0.0000 0.0000 0.0000 355.4905 370.2587 -2.9555 0.0000 0.0000
5290.03 18.07.2018 21.10.01 22.76824 290.2254 3.8145 0.0180 0.0180 0.0000 0.0000 0.0000 355.3019 369.8900 -3.1271 0.0000 0.0000
5300.03 18.07.2018 21.20.01 22.77523 290.1429 3.4498 0.0163 0.0163 0.0000 0.0000 0.0000 355.0168 369.4831 -3.2093 0.0000 0.0000
5310.03 18.07.2018 21.30.01 22.78164 290.0601 3.0529 0.0144 0.0144 0.0000 0.0000 0.0000 354.7210 369.0764 -3.2748 0.0000 0.0000
5320.03 18.07.2018 21.40.01 22.78726 289.9772 2.9232 0.0138 0.0138 0.0000 0.0000 0.0000 354.4226 368.6724 -3.3268 0.0000 0.0000
5330.03 18.07.2018 21.50.01 22.79247 289.8943 2.5455 0.0120 0.0120 0.0000 0.0000 0.0000 354.1242 368.2716 -3.3692 0.0000 0.0000
5340.03 18.07.2018 22.00.01 22.79705 289.8117 2.2102 0.0104 0.0104 0.0000 0.0000 0.0000 353.8279 367.8746 -3.4040 0.0000 0.0000
5350.03 18.07.2018 22.10.01 22.80093 289.7455 2.0280 0.0096 0.0096 0.0000 0.0000 0.0000 353.0523 367.4733 -3.2888 0.0000 0.0000
5360.03 18.07.2018 22.20.01 22.80444 289.6782 1.6009 0.0076 0.0076 0.0000 0.0000 0.0000 352.2464 367.0496 -3.1345 0.0000 0.0000
5370.03 18.07.2018 22.30.01 22.80718 289.6105 1.3875 0.0065 0.0065 0.0000 0.0000 0.0000 351.4327 366.6153 -2.9537 0.0000 0.0000
5380.03 18.07.2018 22.40.01 22.80938 289.5427 1.1067 0.0052 0.0052 0.0000 0.0000 0.0000 350.6137 366.1724 -2.7555 0.0000 0.0000
5390.03 18.07.2018 22.50.01 22.81121 289.4745 0.7127 0.0034 0.0034 0.0000 0.0000 0.0000 349.7902 365.7226 -2.5404 0.0000 0.0000
5400.03 18.07.2018 23.00.01 22.81219 289.4058 0.5777 0.0027 0.0027 0.0000 0.0000 0.0000 348.9643 365.2662 -2.3212 0.0000 0.0000
5410.03 18.07.2018 23.10.01 22.81286 289.2274 0.2032 0.0010 0.0010 0.0000 0.0000 0.0000 347.9780 364.7243 -2.9110 0.0000 0.0000
5420.03 18.07.2018 23.20.01 22.81286 289.0503 0.0103 0.0000 0.0000 0.0000 0.0000 0.0000 346.9669 364.1378 -3.3385 0.0000 0.0000
5430.03 18.07.2018 23.30.01 22.81237 288.8708 -0.2637 -0.0012 -0.0012 0.0000 0.0000 0.0000 345.9442 363.5152 -3.6842 0.0000 0.0000
5440.03 18.07.2018 23.40.01 22.81146 288.6905 -0.5858 -0.0028 -0.0028 0.0000 0.0000 0.0000 344.9148 362.8607 -4.0223 0.0000 0.0000
5450.03 18.07.2018 23.50.01 22.80984 288.5108 -0.7478 -0.0035 -0.0035 0.0000 0.0000 0.0000 343.8876 362.1862 -4.2372 0.0000 0.0000
5460.03 19.07.2018 00.00.01 22.80801 288.3309 -1.1317 -0.0053 -0.0053 0.0000 0.0000 0.0000 342.8557 361.4915 -4.4018 0.0000 0.0000
5470.03 19.07.2018 00.10.01 22.80538 288.1248 -1.2640 -0.0060 -0.0060 0.0000 0.0000 0.0000 342.0247 360.7725 -4.7448 0.0000 0.0000
5480.03 19.07.2018 00.20.01 22.80255 287.9224 -1.6462 -0.0078 -0.0078 0.0000 0.0000 0.0000 341.2130 360.0479 -5.0502 0.0000 0.0000
5490.03 19.07.2018 00.30.01 22.79891 287.7165 -1.7124 -0.0081 -0.0081 0.0000 0.0000 0.0000 340.3955 359.3135 -5.3416 0.0000 0.0000
5500.03 19.07.2018 00.40.01 22.79516 287.5096 -2.1105 -0.0100 -0.0100 0.0000 0.0000 0.0000 339.5732 358.5712 -5.6076 0.0000 0.0000
5510.03 19.07.2018 00.50.01 22.79061 287.3036 -2.1991 -0.0104 -0.0104 0.0000 0.0000 0.0000 338.7485 357.8239 -5.8388 0.0000 0.0000
5520.03 19.07.2018 01.00.01 22.78588 287.0967 -2.5647 -0.0121 -0.0121 0.0000 0.0000 0.0000 337.9213 357.0726 -6.0469 0.0000 0.0000
5530.03 19.07.2018 01.10.01 22.78042 287.0041 -2.6638 -0.0126 -0.0126 0.0000 0.0000 0.0000 337.7289 356.3977 -5.6424 0.0000 0.0000
5540.03 19.07.2018 01.20.01 22.77480 286.9102 -3.0401 -0.0143 -0.0143 0.0000 0.0000 0.0000 337.5783 355.7899 -5.3318 0.0000 0.0000
5550.03 19.07.2018 01.30.01 22.76843 286.8096 -3.1152 -0.0147 -0.0147 0.0000 0.0000 0.0000 337.4299 355.2253 -5.1003 0.0000 0.0000
5560.03 19.07.2018 01.40.01 22.76190 286.7108 -3.4983 -0.0165 -0.0165 0.0000 0.0000 0.0000 337.2897 354.7028 -4.8618 0.0000 0.0000
5570.03 19.07.2018 01.50.01 22.75460 286.6256 -3.5464 -0.0167 -0.0167 0.0000 0.0000 0.0000 337.1773 354.2254 -4.5555 0.0000 0.0000
5580.03 19.07.2018 02.00.01 22.74722 286.5302 -3.9329 -0.0186 -0.0186 0.0000 0.0003 0.0001 337.1232 353.7818 -4.3807 0.0000 0.0000
5590.03 19.07.2018 02.10.01 22.73907 286.4603 -4.0068 -0.0189 -0.0189 0.0000 0.1662 0.0831 336.5252 353.3331 -4.4398 0.0000 0.0000
5600.03 19.07.2018 02.20.01 22.73080 286.3562 -4.3976 -0.0207 -0.0207 0.0000 0.3680 0.1840 335.8219 352.8485 -4.6998 0.0000 0.0000
5610.03 19.07.2018 02.30.01 22.72177 286.2508 -4.4331 -0.0209 -0.0209 0.0000 0.5751 0.2875 335.1307 352.3441 -4.9651 0.0000 0.0000
5620.03 19.07.2018 02.40.01 22.71261 286.1464 -4.7529 -0.0224 -0.0224 0.0000 0.7833 0.3916 334.4078 351.8411 -5.0437 0.0000 0.0000
5630.03 19.07.2018 02.50.01 22.70284 286.0455 -4.8984 -0.0231 -0.0231 0.0000 0.9917 0.4958 333.6187 351.3311 -5.1060 0.0000 0.0000
5640.03 19.07.2018 03.00.01 22.69277 285.9439 -5.1419 -0.0243 -0.0243 0.0000 1.2047 0.6024 332.7761 350.8090 -5.1719 0.0000 0.0000
5650.03 19.07.2018 03.10.01 22.68228 285.9710 -5.3592 -0.0253 -0.0253 0.0000 4.1760 2.0880 332.3285 350.4108 -4.5325 0.0000 0.0000
5660.03 19.07.2018 03.20.01 22.67129 286.0037 -5.4731 -0.0258 -0.0258 0.0000 7.7442 3.8721 332.0780 350.1736 -4.0626 0.0000 0.0000
5670.03 19.07.2018 03.30.01 22.66012 286.0391 -5.8175 -0.0274 -0.0274 0.0000 11.4018 5.7009 331.9066 350.0592 -3.7375 0.0000 0.0000
5680.03 19.07.2018 03.40.01 22.64828 286.0767 -5.8709 -0.0277 -0.0277 0.0000 15.0773 7.5386 331.7813 350.0481 -3.5260 0.0000 0.0000
5690.03 19.07.2018 03.50.01 22.63638 286.1153 -6.2724 -0.0296 -0.0296 0.0000 18.7558 9.3779 331.6812 350.1257 -3.4373 0.0000 0.0000
5700.03 19.07.2018 04.00.01 22.62374 286.1562 -6.2767 -0.0296 -0.0296 0.0000 22.4396 11.2198 331.6047 350.2804 -3.4483 0.0000 0.0000
5710.03 19.07.2018 04.10.01 22.61093 286.5220 -6.4632 -0.0305 -0.0305 0.0000 28.9249 14.4625 332.1272 350.7666 -1.4843 0.0000 0.0000
5720.03 19.07.2018 04.20.01 22.59783 286.8931 -6.7305 -0.0317 -0.0317 0.0000 36.0165 18.0082 332.8783 351.5497 0.0302 0.0000 0.0000
5730.03 19.07.2018 04.30.01 22.58416 287.2663 -6.7708 -0.0319 -0.0319 0.0000 43.1988 21.5994 333.7438 352.5668 1.1836 0.0000 0.0000
5740.03 19.07.2018 04.40.01 22.57043 287.6421 -7.1031 -0.0335 -0.0335 0.0000 50.3994 25.1997 334.6849 353.7837 2.0369 0.0000 0.0000
5750.03 19.07.2018 04.50.01 22.55618 288.0188 -7.2169 -0.0340 -0.0340 0.0000 57.6030 28.8015 335.6815 355.1756 2.6299 0.0000 0.0000
5760.03 19.07.2018 05.00.01 22.54156 288.3971 -7.2218 -0.0341 -0.0341 0.0000 65.3043 32.6522 336.8811 356.7368 2.9853 0.0000 0.0000
5770.03 19.07.2018 05.10.01 22.52691 288.7809 -7.4774 -0.0353 -0.0353 0.0000 72.7473 36.3737 338.0781 358.4528 3.1070 0.0000 0.0000
5780.03 19.07.2018 05.20.01 22.51193 289.1657 -7.6522 -0.0361 -0.0361 0.0000 82.2373 41.1186 339.9299 360.3559 3.0078 0.0000 0.0000
5790.03 19.07.2018 05.30.01 22.49658 289.5654 -7.6724 -0.0362 -0.0362 0.0000 92.6493 46.3247 342.1300 362.5214 2.7083 0.0000 0.0000
5800.03 19.07.2018 05.40.01 22.48104 289.9698 -7.6840 -0.0362 -0.0362 0.0000 103.4581 51.7291 344.5466 364.9270 2.1843 0.0000 0.0000
5810.03 19.07.2018 05.50.01 22.46551 290.3703 -7.8675 -0.0371 -0.0371 0.0000 110.7182 55.3591 346.1184 367.4414 1.5492 0.0000 0.0000
5820.03 19.07.2018 06.00.01 22.44988 290.7660 -8.1198 -0.0383 -0.0383 0.0000 121.2059 60.6029 347.3891 370.0088 0.8618 0.0000 0.0000
5830.03 19.07.2018 06.10.01 22.43398 291.1534 -8.1081 -0.0382 -0.0382 0.0000 124.2591 62.1296 348.9297 372.6078 0.4440 0.0000 0.0000
5840.03 19.07.2018 06.20.01 22.41805 291.5969 -8.1119 -0.0383 -0.0383 0.0000 129.2704 64.6352 350.9486 375.1894 0.3134 0.0000 0.0000
5850.03 19.07.2018 06.30.01 22.40215 291.9289 -8.1109 -0.0383 -0.0383 0.0000 135.1433 67.5717 352.7883 377.7455 -0.9662 0.0000 0.0000
5860.03 19.07.2018 06.40.01 22.38638 292.3303 -8.1198 -0.0383 -0.0383 0.0000 140.5124 70.2562 355.2007 380.4275 -1.0828 0.0000 0.0000
5870.03 19.07.2018 06.50.01 22.37066 293.0336 -8.0952 -0.0382 -0.0382 0.0000 145.4683 72.7341 357.3365 383.2804 -0.1715 0.0000 0.0000
5880.03 19.07.2018 07.00.01 22.35507 292.8833 -8.0735 -0.0381 -0.0381 0.0000 150.1532 75.0766 359.3668 385.8012 -3.7527 0.0000 0.0000
5890.03 19.07.2018 07.10.01 22.33947 293.6951 -7.9073 -0.0373 -0.0373 0.0000 156.6130 78.3065 361.2759 388.6908 -1.9807 0.0000 0.0000
5900.03 19.07.2018 07.20.01 22.32406 293.6038 -7.6570 -0.0361 -0.0361 0.0000 162.2720 81.1360 362.4596 391.1499 -6.4842 0.0000 0.0000
5910.03 19.07.2018 07.30.01 22.30908 293.6163 -7.6493 -0.0361 -0.0361 0.0000 167.5818 83.7909 363.1877 393.2864 -11.3700 0.0000 0.0000
5920.03 19.07.2018 07.40.01 22.29437 293.6145 -7.6038 -0.0359 -0.0359 0.0000 173.1138 86.5569 365.6365 395.9489 -8.5533 0.0000 0.0000
5930.03 19.07.2018 07.50.01 22.27972 293.7466 -7.2505 -0.0342 -0.0342 0.0000 178.6088 89.3044 366.7609 398.0172 -15.7726 0.0000 0.0000
5940.03 19.07.2018 08.00.01 22.26574 293.8827 -7.1607 -0.0338 -0.0338 0.0000 211.2824 105.6412 366.5806 399.9930 -24.9077 0.0000 0.0000
5950.03 19.07.2018 08.10.01 22.25201 294.1175 -6.8992 -0.0325 -0.0325 0.0000 217.5576 108.7788 367.0433 402.5616 -27.4112 0.0000 0.0000
5960.03 19.07.2018 08.20.01 22.23882 294.3529 -6.6873 -0.0315 -0.0315 0.0000 224.9643 112.4822 368.0407 404.8572 -29.2721 0.0000 0.0000
5970.03 19.07.2018 08.30.01 22.22601 294.5914 -6.4038 -0.0302 -0.0302 0.0000 232.9696 116.4848 369.2469 407.2009 -31.1601 0.0000 0.0000
5980.03 19.07.2018 08.40.01 22.21386 294.8337 -6.2098 -0.0293 -0.0293 0.0000 240.4464 120.2232 370.5419 409.5725 -33.0709 0.0000 0.0000
5990.03 19.07.2018 08.50.01 22.20205 295.0752 -5.7720 -0.0272 -0.0272 0.0000 247.6186 123.8093 371.8455 411.9459 -34.9516 0.0000 0.0000
6000.03 19.07.2018 09.00.01 22.19106 295.3157 -5.6113 -0.0265 -0.0265 0.0000 254.9086 127.4543 373.1336 414.3150 -36.9122 0.0000 0.0000
6010.03 19.07.2018 09.10.01 22.18054 295.5460 -5.2699 -0.0249 -0.0249 0.0000 260.7033 130.3517 374.8374 416.7526 -37.9322 0.0000 0.0000
6020.03 19.07.2018 09.20.01 22.17062 295.7738 -4.8706 -0.0230 -0.0230 0.0000 264.7153 132.3576 376.3922 419.1953 -38.4863 0.0000 0.0000
6030.03 19.07.2018 09.30.01 22.16143 295.9955 -4.5540 -0.0215 -0.0215 0.0000 274.7559 137.3779 378.0151 421.7133 -39.7576 0.0000 0.0000
6040.03 19.07.2018 09.40.01 22.15295 296.2207 -4.2598 -0.0201 -0.0201 0.0000 279.7067 139.8533 379.6609 424.3827 -40.4384 0.0000 0.0000
6050.03 19.07.2018 09.50.01 22.14517 296.4478 -3.8991 -0.0184 -0.0184 0.0000 285.8974 142.9487 381.4946 427.0224 -41.0308 0.0000 0.0000
6060.03 19.07.2018 10.00.01 22.13802 296.6708 -3.4718 -0.0164 -0.0164 0.0000 291.0285 145.5142 383.2513 429.6707 -42.3245 0.0000 0.0000
6070.03 19.07.2018 10.10.01 22.13165 296.8105 -3.0187 -0.0142 -0.0142 0.0000 299.3328 149.6664 387.0522 433.1600 -37.0667 0.0000 0.0000
6080.03 19.07.2018 10.20.01 22.12612 296.9247 -2.6527 -0.0125 -0.0125 0.0000 299.1696 149.5848 390.5064 436.8045 -34.4565 0.0000 0.0000
6090.03 19.07.2018 10.30.01 22.12142 297.0592 -2.2912 -0.0108 -0.0108 0.0000 296.9268 148.4634 391.8414 439.1460 -43.9154 0.0000 0.0000
6100.03 19.07.2018 10.40.01 22.11749 297.2965 -1.8641 -0.0088 -0.0088 0.0000 297.2878 148.6439 393.6831 441.1687 -46.3707 0.0000 0.0000
6110.03 19.07.2018 10.50.01 22.11425 297.6637 -1.3868 -0.0065 -0.0065 0.0000 296.3537 148.1769 395.3740 443.4718 -46.1114 0.0000 0.0000
6120.03 19.07.2018 11.00.01 22.11233 298.6357 -1.1494 -0.0054 -0.0054 0.0000 294.9625 147.4813 396.6183 446.1035 -40.6822 0.0000 0.0000
6130.03 19.07.2018 11.10.01 22.11077 297.9022 -0.4767 -0.0022 -0.0022 0.0000 285.7453 142.8727 399.0605 448.1239 -42.4206 0.0000 0.0000
6140.03 19.07.2018 11.20.01 22.11056 297.5460 -0.2607 -0.0012 -0.0012 0.0000 268.9637 134.4818 400.6276 449.2555 -44.6410 0.0000 0.0000
6150.03 19.07.2018 11.30.01 22.11086 297.3983 0.4724 0.0022 0.0022 0.0000 254.3997 127.1998 401.0332 449.5831 -47.1732 0.0000 0.0000
6160.03 19.07.2018 11.40.01 22.11248 297.3688 0.6390 0.0030 0.0030 0.0000 233.3383 116.6692 401.3645 449.8081 -43.2102 0.0000 0.0000
6170.03 19.07.2018 11.50.01 22.11471 297.4397 1.3849 0.0065 0.0065 0.0000 212.1095 106.0548 401.0610 448.6265 -47.5918 0.0000 0.0000
6180.03 19.07.2018 12.00.01 22.11816 297.4068 1.5648 0.0074 0.0074 0.0000 191.1495 95.5748 400.2889 446.1900 -54.5272 0.0000 0.0000
6190.03 19.07.2018 12.10.01 22.12228 297.3879 2.3433 0.0111 0.0111 0.0000 183.1101 91.5550 398.3659 444.0563 -52.6976 0.0000 0.0000
6200.03 19.07.2018 12.20.01 22.12762 297.3757 2.4728 0.0117 0.0117 0.0000 180.6234 90.3117 397.2242 442.2348 -50.8060 0.0000 0.0000
6210.03 19.07.2018 12.30.01 22.13357 297.3672 3.2639 0.0154 0.0154 0.0000 179.2653 89.6327 396.4030 440.6702 -49.2129 0.0000 0.0000
6220.03 19.07.2018 12.40.01 22.14074 297.3611 3.3099 0.0156 0.0156 0.0000 178.1065 89.0533 395.7175 439.2867 -47.8752 0.0000 0.0000
6230.03 19.07.2018 12.50.01 22.14828 297.3561 4.1792 0.0197 0.0197 0.0000 176.8225 88.4112 395.0861 438.0499 -46.6257 0.0000 0.0000
6240.03 19.07.2018 13.00.01 22.15725 297.3502 4.1773 0.0197 0.0197 0.0000 175.7618 87.8809 394.5029 436.9276 -45.6288 0.0000 0.0000
6250.03 19.07.2018 13.10.01 22.16644 297.4282 4.7839 0.0226 0.0226 0.0000 190.4645 95.2323 392.1687 436.1583 -45.7668 0.0000 0.0000
6260.03 19.07.2018 13.20.01 22.17678 297.5156 5.1195 0.0241 0.0241 0.0000 211.3653 105.6826 390.4081 435.9346 -47.6460 0.0000 0.0000
6270.03 19.07.2018 13.30.01 22.18774 297.6161 5.1687 0.0244 0.0244 0.0000 234.7755 117.3877 388.9734 436.2287 -50.6849 0.0000 0.0000
6280.03 19.07.2018 13.40.01 22.19894 297.7187 6.0495 0.0285 0.0285 0.0000 260.4987 130.2493 387.7201 437.1371 -53.2026 0.0000 0.0000
6290.03 19.07.2018 13.50.01 22.21145 297.8214 6.0579 0.0286 0.0286 0.0000 287.9468 143.9734 386.6641 438.5522 -56.7025 0.0000 0.0000
6300.03 19.07.2018 14.00.01 22.22421 297.9206 6.0651 0.0286 0.0286 0.0000 315.4046 157.7023 385.5416 440.4225 -60.6222 0.0000 0.0000
6310.03 19.07.2018 14.10.01 22.23712 297.8430 6.9563 0.0328 0.0328 0.0000 312.3831 156.1916 386.1789 441.6066 -67.6221 0.0000 0.0000
6320.03 19.07.2018 14.20.01 22.25137 297.7361 6.9826 0.0329 0.0329 0.0000 300.0753 150.0376 385.5480 441.7204 -72.9534 0.0000 0.0000
6330.03 19.07.2018 14.30.01 22.26583 297.6275 6.9612 0.0328 0.0328 0.0000 285.8783 142.9392 384.4409 441.0146 -76.6221 0.0000 0.0000
6340.03 19.07.2018 14.40.01 22.28045 297.5220 7.2988 0.0344 0.0344 0.0000 269.1784 134.5892 383.0805 439.7253 -78.0795 0.0000 0.0000
6350.03 19.07.2018 14.50.01 22.29565 297.4095 7.8872 0.0372 0.0372 0.0000 252.2446 126.1223 381.6568 437.9821 -77.8377 0.0000 0.0000
6360.03 19.07.2018 15.00.01 22.31158 297.2897 7.8995 0.0373 0.0373 0.0000 234.0653 117.0326 380.1396 435.9051 -76.0727 0.0000 0.0000
6370.03 19.07.2018 15.10.01 22.32763 297.1134 8.1297 0.0383 0.0383 0.0000 219.9946 109.9973 378.7584 433.8749 -72.7503 0.0000 0.0000
6380.03 19.07.2018 15.20.01 22.34408 296.9354 8.4174 0.0397 0.0397 0.0000 206.8377 103.4188 377.5632 431.7176 -69.5295 0.0000 0.0000
6390.03 19.07.2018 15.30.01 22.36096 296.7552 8.5832 0.0405 0.0405 0.0000 193.5294 96.7647 376.4163 429.4944 -66.2967 0.0000 0.0000
6400.03 19.07.2018 15.40.01 22.37832 296.5758 8.6193 0.0407 0.0407 0.0000 178.0430 89.0215 375.2001 427.1684 -62.7463 0.0000 0.0000
6410.03 19.07.2018 15.50.01 22.39572 296.3927 8.9221 0.0421 0.0421 0.0000 162.4543 81.2271 373.9774 424.7299 -58.8652 0.0000 0.0000
6420.03 19.07.2018 16.00.01 22.41354 296.2155 9.0447 0.0427 0.0427 0.0000 146.6068 73.3034 372.7782 422.2223 -54.7100 0.0000 0.0000
6430.03 19.07.2018 16.10.01 22.43170 296.1161 9.0522 0.0427 0.0427 0.0000 149.3614 74.6807 371.0493 420.0169 -51.3272 0.0000 0.0000
6440.03 19.07.2018 16.20.01 22.44998 296.0200 9.0748 0.0428 0.0428 0.0000 154.4312 77.2156 369.5973 418.2596 -49.9598 0.0000 0.0000
6450.03 19.07.2018 16.30.01 22.46829 295.9280 9.2285 0.0435 0.0435 0.0000 159.9404 79.9702 368.2831 416.8089 -49.3740 0.0000 0.0000
6460.03 19.07.2018 16.40.01 22.48660 295.8392 9.5111 0.0449 0.0449 0.0000 168.2937 84.1468 367.0090 415.6428 -48.8459 0.0000 0.0000
6470.03 19.07.2018 16.50.01 22.50521 295.7499 9.5165 0.0449 0.0449 0.0000 177.3064 88.6532 365.7773 414.7057 -49.7602 0.0000 0.0000
6480.03 19.07.2018 17.00.01 22.52386 295.6614 9.5137 0.0449 0.0449 0.0000 186.5251 93.2626 364.5935 413.9634 -51.2968 0.0000 0.0000
6490.03 19.07.2018 17.10.01 22.54247 295.4323 9.5052 0.0448 0.0448 0.0000 174.0031 87.0016 363.3955 412.9429 -51.4850 0.0000 0.0000
6500.03 19.07.2018 17.20.01 22.56100 295.1978 9.4970 0.0448 0.0448 0.0000 158.6250 79.3125 361.8646 411.4592 -49.5204 0.0000 0.0000
6510.03 19.07.2018 17.30.01 22.57940 294.9612 9.4818 0.0447 0.0447 0.0000 142.4407 71.2204 360.1928 409.6832 -46.7234 0.0000 0.0000
6520.03 19.07.2018 17.40.01 22.59771 294.7234 9.3951 0.0443 0.0443 0.0000 123.7743 61.8872 358.5240 407.6713 -42.8807 0.0000 0.0000
6530.03 19.07.2018 17.50.01 22.61602 294.4835 9.1325 0.0431 0.0431 0.0000 104.6177 52.3089 356.8030 405.4133 -38.5715 0.0000 0.0000
6540.03 19.07.2018 18.00.01 22.63409 294.2422 9.0244 0.0426 0.0426 0.0000 85.2141 42.6071 355.0817 402.9550 -33.9437 0.0000 0.0000
6550.03 19.07.2018 18.10.01 22.65188 293.9063 9.0308 0.0426 0.0426 0.0000 73.3807 36.6904 353.5700 400.3665 -30.7114 0.0000 0.0000
6560.03 19.07.2018 18.20.01 22.66946 293.5715 9.0434 0.0427 0.0427 0.0000 62.4795 31.2398 352.1617 397.8163 -28.0144 0.0000 0.0000
6570.03 19.07.2018 18.30.01 22.68688 293.2389 8.9749 0.0423 0.0423 0.0000 51.7545 25.8773 350.8066 395.2484 -25.4207 0.0000 0.0000
6580.03 19.07.2018 18.40.01 22.70425 292.9054 8.5713 0.0404 0.0404 0.0000 37.5388 18.7694 349.4695 392.5860 -22.7758 0.0000 0.0000
6590.03 19.07.2018 18.50.01 22.72100 292.5706 8.5636 0.0404 0.0404 0.0000 23.1109 11.5555 348.0936 389.7957 -19.8494 0.0000 0.0000
6600.03 19.07.2018 19.00.01 22.73751 292.2347 8.5098 0.0401 0.0401 0.0000 8.7027 4.3513 346.7133 386.9203 -16.8481 0.0000 0.0000
6610.03 19.07.2018 19.10.01 22.75384 291.8648 8.1042 0.0382 0.0382 0.0000 6.2685 3.1343 345.1948 384.1538 -14.7768 0.0000 0.0000
6620.03 19.07.2018 19.20.01 22.76949 291.4987 8.0649 0.0380 0.0380 0.0000 4.8950 2.4475 343.8371 381.6705 -13.4067 0.0000 0.0000
6630.03 19.07.2018 19.30.01 22.78497 291.1336 7.6382 0.0360 0.0360 0.0000 3.7113 1.8557 342.5319 379.3452 -12.3710 0.0000 0.0000
6640.03 19.07.2018 19.40.01 22.79968 290.7683 7.6005 0.0359 0.0359 0.0000 2.5620 1.2810 341.2535 377.1426 -11.5851 0.0000 0.0000
6650.03 19.07.2018 19.50.01 22.81414 290.4028 7.1875 0.0339 0.0339 0.0000 1.4188 0.7094 339.9950 375.0406 -11.0019 0.0000 0.0000
6660.03 19.07.2018 20.00.01 22.82791 290.0380 7.0050 0.0330 0.0330 0.0000 0.2782 0.1391 338.7463 373.0218 -10.5773 0.0000 0.0000
6670.03 19.07.2018 20.10.01 22.84112 289.8657 6.6956 0.0316 0.0316 0.0000 0.0452 0.0226 337.8984 371.2608 -8.6232 0.0000 0.0000
6680.03 19.07.2018 20.20.01 22.85388 289.6953 6.2459 0.0295 0.0295 0.0000 0.0086 0.0043 337.1528 369.6888 -7.0474 0.0000 0.0000
6690.03 19.07.2018 20.30.01 22.86578 289.5261 6.0214 0.0284 0.0284 0.0000 0.0015 0.0007 336.4505 368.2601 -5.7807 0.0000 0.0000
6700.03 19.07.2018 20.40.01 22.87710 289.3572 5.7318 0.0270 0.0270 0.0000 0.0003 0.0001 335.7852 366.9476 -4.7784 0.0000 0.0000
6710.03 19.07.2018 20.50.01 22.88784 289.1889 5.3161 0.0251 0.0251 0.0000 0.0000 0.0000 335.1491 365.7313 -3.9976 0.0000 0.0000
6720.03 19.07.2018 21.00.01 22.89785 289.0203 4.8573 0.0229 0.0229 0.0000 0.0000 0.0000 334.5330 364.5949 -3.4007 0.0000 0.0000
6730.03 19.07.2018 21.10.01 22.90704 288.8085 4.6251 0.0218 0.0218 0.0000 0.0000 0.0000 334.1091 363.4948 -3.3767 0.0000 0.0000
6740.03 19.07.2018 21.20.01 22.91555 288.5937 4.2882 0.0202 0.0202 0.0000 0.0000 0.0000 333.6896 362.4427 -3.4574 0.0000 0.0000
6750.03 19.07.2018 21.30.01 22.92333 288.3782 3.8827 0.0183 0.0183 0.0000 0.0000 0.0000 333.2754 361.4299 -3.6041 0.0000 0.0000
6760.03 19.07.2018 21.40.01 22.93044 288.1629 3.4520 0.0163 0.0163 0.0000 0.0000 0.0000 332.8653 360.4507 -3.8077 0.0000 0.0000
6770.03 19.07.2018 21.50.01 22.93676 287.9477 3.0042 0.0142 0.0142 0.0000 0.0000 0.0000 332.4613 359.5004 -4.0504 0.0000 0.0000
6780.03 19.07.2018 22.00.01 22.94225 287.7328 2.6920 0.0127 0.0127 0.0000 0.0000 0.0000 332.0628 358.5755 -4.3324 0.0000 0.0000
6790.03 19.07.2018 22.10.01 22.94702 287.5340 2.3867 0.0113 0.0113 0.0000 0.0000 0.0000 330.8116 357.6549 -4.4228 0.0000 0.0000
6800.03 19.07.2018 22.20.01 22.95101 287.3340 1.9900 0.0094 0.0094 0.0000 0.0000 0.0000 329.5284 356.7110 -4.4205 0.0000 0.0000
6810.03 19.07.2018 22.30.01 22.95428 287.1331 1.5893 0.0075 0.0075 0.0000 0.0000 0.0000 328.2367 355.7579 -4.4420 0.0000 0.0000
6820.03 19.07.2018 22.40.01 22.95681 286.9311 1.1396 0.0054 0.0054 0.0000 0.0000 0.0000 326.9581 354.8031 -4.4063 0.0000 0.0000
6830.03 19.07.2018 22.50.01 22.95864 286.7342 0.7255 0.0034 0.0034 0.0000 0.0000 0.0000 325.6836 353.8483 -4.3255 0.0000 0.0000
6840.03 19.07.2018 23.00.01 22.95959 286.5372 0.4239 0.0020 0.0020 0.0000 0.0000 0.0000 324.4123 352.8920 -4.2391 0.0000 0.0000
6850.03 19.07.2018 23.10.01 22.95980 286.3192 0.0814 0.0004 0.0004 0.0000 0.0000 0.0000 323.5655 351.9324 -4.4227 0.0000 0.0000
6860.03 19.07.2018 23.20.01 22.95934 286.0992 -0.3371 -0.0016 -0.0016 0.0000 0.0000 0.0000 322.7409 350.9863 -4.6637 0.0000 0.0000
6870.03 19.07.2018 23.30.01 22.95812 285.8751 -0.7288 -0.0034 -0.0034 0.0000 0.0000 0.0000 321.9010 350.0417 -4.9510 0.0000 0.0000
6880.03 19.07.2018 23.40.01 22.95626 285.6382 -1.1646 -0.0055 -0.0055 0.0000 0.0000 0.0000 321.0459 349.0924 -5.3077 0.0000 0.0000
6890.03 19.07.2018 23.50.01 22.95352 285.4070 -1.4187 -0.0067 -0.0067 0.0000 0.0000 0.0000 320.1794 348.1423 -5.6434 0.0000 0.0000
6900.03 20.07.2018 00.00.01 22.95010 285.1750 -1.7624 -0.0083 -0.0083 0.0000 0.0000 0.0000 319.3123 347.1910 -5.9795 0.0000 0.0000
6910.03 20.07.2018 00.10.01 22.94601 285.0242 -2.1500 -0.0101 -0.0101 0.0000 0.0000 0.0000 318.3699 346.2875 -5.7147 0.0000 0.0000
6920.03 20.07.2018 00.20.01 22.94125 284.8735 -2.5775 -0.0122 -0.0122 0.0000 0.0000 0.0000 317.4248 345.4056 -5.4672 0.0000 0.0000
6930.03 20.07.2018 00.30.01 22.93575 284.7226 -2.8975 -0.0137 -0.0137 0.0000 0.0000 0.0000 316.4798 344.5422 -5.2493 0.0000 0.0000
6940.03 20.07.2018 00.40.01 22.92950 284.5716 -3.1847 -0.0150 -0.0150 0.0000 0.0000 0.0000 315.5381 343.6954 -5.0433 0.0000 0.0000
6950.03 20.07.2018 00.50.01 22.92257 284.4206 -3.5688 -0.0168 -0.0168 0.0000 0.0000 0.0000 314.5965 342.8630 -4.8554 0.0000 0.0000
6960.03 20.07.2018 01.00.01 22.91506 284.2697 -3.9759 -0.0188 -0.0188 0.0000 0.0000 0.0000 313.6615 342.0432 -4.6866 0.0000 0.0000
6970.03 20.07.2018 01.10.01 22.90682 284.1191 -4.3049 -0.0203 -0.0203 0.0000 0.0000 0.0000 313.0494 341.2510 -4.4904 0.0000 0.0000
6980.03 20.07.2018 01.20.01 22.89779 283.9678 -4.5343 -0.0214 -0.0214 0.0000 0.0000 0.0000 312.4793 340.4907 -4.3659 0.0000 0.0000
6990.03 20.07.2018 01.30.01 22.88824 283.8181 -4.9236 -0.0232 -0.0232 0.0000 0.0000 0.0000 311.9261 339.7543 -4.2593 0.0000 0.0000
7000.03 20.07.2018 01.40.01 22.87811 283.6685 -5.3590 -0.0253 -0.0253 0.0000 0.0000 0.0000 311.3850 339.0378 -4.2015 0.0000 0.0000
7010.03 20.07.2018 01.50.01 22.86712 283.5204 -5.5675 -0.0263 -0.0263 0.0000 0.0000 0.0000 310.8597 338.3403 -4.1503 0.0000 0.0000
7020.03 20.07.2018 02.00.01 22.85555 283.3722 -5.8694 -0.0277 -0.0277 0.0000 0.0003 0.0002 310.3412 337.6584 -4.1402 0.0000 0.0000
7030.03 20.07.2018 02.10.01 22.84347 283.2419 -6.2711 -0.0296 -0.0296 0.0000 0.1879 0.0939 310.1305 337.0104 -4.1074 0.0000 0.0000
7040.03 20.07.2018 02.20.01 22.83065 283.1125 -6.5484 -0.0309 -0.0309 0.0000 0.4159 0.2080 309.9359 336.4004 -4.1504 0.0000 0.0000
7050.03 20.07.2018 02.30.01 22.81719 282.9819 -6.8315 -0.0322 -0.0322 0.0000 0.6501 0.3250 309.7455 335.8166 -4.2443 0.0000 0.0000
7060.03 20.07.2018 02.40.01 22.80325 282.8502 -7.2097 -0.0340 -0.0340 0.0000 0.8855 0.4427 309.5527 335.2543 -4.3891 0.0000 0.0000
7070.03 20.07.2018 02.50.01 22.78860 282.7178 -7.4827 -0.0353 -0.0353 0.0000 1.1210 0.5605 309.3678 334.7103 -4.5653 0.0000 0.0000
7080.03 20.07.2018 03.00.01 22.77334 282.5852 -7.7466 -0.0365 -0.0365 0.0000 1.3606 0.6803 309.1791 334.1819 -4.7779 0.0000 0.0000
7090.03 20.07.2018 03.10.01 22.75765 282.6426 -8.1264 -0.0383 -0.0383 0.0000 3.9985 1.9992 308.8751 333.8270 -3.6306 0.0000 0.0000
7100.03 20.07.2018 03.20.01 22.74117 282.7032 -8.3301 -0.0393 -0.0393 0.0000 7.1552 3.5776 308.7073 333.6208 -2.7493 0.0000 0.0000
7110.03 20.07.2018 03.30.01 22.72424 282.7643 -8.6070 -0.0406 -0.0406 0.0000 10.3897 5.1948 308.6089 333.5321 -2.1095 0.0000 0.0000
7120.03 20.07.2018 03.40.01 22.70684 282.8269 -8.9862 -0.0424 -0.0424 0.0000 13.6398 6.8199 308.5568 333.5422 -1.6374 0.0000 0.0000
7130.03 20.07.2018 03.50.01 22.68868 282.8908 -9.1590 -0.0432 -0.0432 0.0000 16.8925 8.4462 308.5382 333.6372 -1.3153 0.0000 0.0000
7140.03 20.07.2018 04.00.01 22.67025 282.9559 -9.5030 -0.0448 -0.0448 0.0000 20.1453 10.0726 308.5424 333.8054 -1.1208 0.0000 0.0000
7150.03 20.07.2018 04.10.01 22.65106 283.3106 -9.6876 -0.0457 -0.0457 0.0000 23.1677 11.5839 309.0072 334.2182 0.9502 0.0000 0.0000
7160.03 20.07.2018 04.20.01 22.63156 283.6618 -9.9978 -0.0472 -0.0472 0.0000 26.1403 13.0701 309.5613 334.7910 2.7224 0.0000 0.0000
7170.03 20.07.2018 04.30.01 22.61141 284.0137 -10.2315 -0.0483 -0.0483 0.0000 29.1054 14.5527 310.1605 335.4952 4.2857 0.0000 0.0000
7180.03 20.07.2018 04.40.01 22.59094 284.3662 -10.4610 -0.0493 -0.0493 0.0000 32.0690 16.0345 310.8038 336.3146 5.6633 0.0000 0.0000
7190.03 20.07.2018 04.50.01 22.56988 284.7200 -10.7172 -0.0506 -0.0506 0.0000 35.0323 17.5162 311.4791 337.2358 6.8859 0.0000 0.0000
