# simtime date time IndoorTemp Av_Tair_at_facade Energyflux.toIndoor.sum  Energyflux.toIndoor.average Energyflux.Conduction.average Energyflux.SW.transmission.average Shortwave.availabe Shortwave.absorbed Longwave.available Longwave.emittedFacade Sensible.outside Vapour.fromGreening Vapour.fromSubstrate
10.02 15.07.2018 05.10.00 19.92611 289.0801 320.4568 0.5136 -0.6557 1.5590 458.6603 256.3264 323.3949 406.3532 -56.4691 0.0000 0.0000
20.02 15.07.2018 05.20.00 19.96557 289.9342 504.9243 0.8092 -1.1339 2.5908 822.1250 459.9656 328.6514 454.4362 -101.0006 0.0000 0.0000
30.03 15.07.2018 05.30.01 20.04586 290.6660 727.8557 1.1664 -1.6831 3.7994 1188.3763 665.1468 335.5547 513.7126 -152.9421 0.0000 0.0000
40.03 15.07.2018 05.40.01 20.17547 291.5464 938.6629 1.5043 -2.3525 5.1423 1121.5002 627.2278 343.9282 527.3107 -163.0912 0.0000 0.0000
50.03 15.07.2018 05.50.01 20.34432 292.1282 548.5423 0.8791 -3.0882 5.2896 1036.9362 579.6557 347.2144 530.5778 -165.7406 0.0000 0.0000
60.03 15.07.2018 06.00.01 20.45092 292.6171 301.1249 0.4826 -3.4122 5.1931 948.0696 529.6886 348.8772 528.9852 -164.8597 0.0000 0.0000
70.03 15.07.2018 06.10.01 20.51882 292.8729 214.8933 0.3444 -3.4741 5.0913 907.0573 506.5964 350.0021 530.3145 -165.7611 0.0000 0.0000
80.03 15.07.2018 06.20.01 20.57592 293.1598 256.2408 0.4106 -3.4192 5.1064 865.8996 483.3249 351.4347 530.2453 -165.5614 0.0000 0.0000
90.03 15.07.2018 06.30.01 20.64428 293.4364 291.9808 0.4679 -3.3490 5.0892 823.9254 459.5870 352.6226 528.6526 -164.1876 0.0000 0.0000
100.03 15.07.2018 06.40.01 20.72369 293.7216 370.1487 0.5932 -3.2570 5.1336 796.9053 444.1936 353.8891 528.1302 -161.7654 0.0000 0.0000
110.03 15.07.2018 06.50.01 20.82131 294.0119 435.1590 0.6974 -3.1775 5.1664 774.2101 431.4058 355.1260 527.6314 -160.0411 0.0000 0.0000
120.03 15.07.2018 07.00.01 20.93487 294.3090 503.3318 0.8066 -3.1008 5.2099 752.8280 419.3955 356.3441 526.7951 -158.3866 0.0000 0.0000
130.03 15.07.2018 07.10.01 21.06448 294.6020 558.5161 0.8951 -3.0333 5.2378 738.8350 411.5110 357.8035 527.1917 -155.3448 0.0000 0.0000
140.03 15.07.2018 07.20.01 21.20791 294.9163 636.6811 1.0203 -2.9706 5.3212 724.9430 403.6423 359.4446 527.4293 -152.4683 0.0000 0.0000
150.03 15.07.2018 07.30.01 21.36831 295.2331 688.3614 1.1031 -2.9348 5.3839 710.1800 395.2684 361.1057 527.2775 -149.7105 0.0000 0.0000
160.03 15.07.2018 07.40.01 21.54101 295.5579 758.2308 1.2151 -2.9101 5.5003 699.6675 389.2302 362.8335 527.4436 -147.0607 0.0000 0.0000
170.03 15.07.2018 07.50.01 21.72823 295.8924 785.2532 1.2584 -2.9139 5.5631 687.8777 382.4698 364.6305 527.2604 -144.8129 0.0000 0.0000
180.03 15.07.2018 08.00.01 21.92248 296.2285 818.5045 1.3117 -2.9154 5.6361 675.2887 375.2219 366.3953 526.7169 -142.8955 0.0000 0.0000
190.03 15.07.2018 08.10.01 22.12429 296.5529 843.8657 1.3523 -2.9269 5.7057 661.6836 367.4005 368.3140 526.3097 -139.1664 0.0000 0.0000
200.03 15.07.2018 08.20.01 22.33141 296.8351 852.1680 1.3657 -2.9486 5.7523 647.3016 359.1310 369.9204 524.3232 -140.1641 0.0000 0.0000
210.03 15.07.2018 08.30.01 22.54131 297.3487 888.6346 1.4241 -2.9634 5.8500 633.2330 351.0081 371.2918 521.9106 -140.6182 0.0000 0.0000
220.03 15.07.2018 08.40.01 22.75936 297.7189 889.6554 1.4257 -2.9837 5.8793 620.6903 343.7314 372.5909 521.8645 -131.1483 0.0000 0.0000
230.03 15.07.2018 08.50.01 22.97881 298.0595 909.6617 1.4578 -2.9959 5.9383 608.2087 336.4679 373.8986 521.6710 -124.9016 0.0000 0.0000
240.03 15.07.2018 09.00.01 23.20233 298.4245 944.6595 1.5139 -3.0227 6.0488 595.7267 329.1629 375.0829 521.2041 -121.1005 0.0000 0.0000
250.03 15.07.2018 09.10.01 23.43228 298.4587 986.6168 1.5811 -3.0823 6.2179 580.2989 320.1633 376.8257 520.5075 -117.6337 0.0000 0.0000
260.03 15.07.2018 09.20.01 23.66924 298.6834 1013.2144 1.6237 -3.1810 6.4063 565.0823 311.2759 378.9300 518.6532 -120.3831 0.0000 0.0000
270.03 15.07.2018 09.30.01 23.91131 298.5093 1047.2982 1.6784 -3.3002 6.6381 550.2994 302.6119 380.3861 514.7581 -126.8236 0.0000 0.0000
280.03 15.07.2018 09.40.01 24.15969 298.8333 1080.0195 1.7308 -3.4458 6.9021 538.6261 295.6639 381.7842 515.9288 -108.7148 0.0000 0.0000
290.03 15.07.2018 09.50.01 24.41454 299.0643 1140.0389 1.8270 -3.6174 7.2592 528.5214 289.5876 383.2450 515.5077 -109.8153 0.0000 0.0000
300.03 15.07.2018 10.00.01 24.67953 298.9475 1132.8588 1.8155 -3.8387 7.5390 516.7817 282.5889 383.3982 512.3752 -119.0938 0.0000 0.0000
310.03 15.07.2018 10.10.01 24.94210 299.1746 1017.0840 1.6299 -4.0542 7.5788 506.9957 276.8164 384.2223 511.0307 -111.5694 0.0000 0.0000
320.03 15.07.2018 10.20.01 25.18365 299.4224 925.8388 1.4837 -4.1743 7.5440 487.1400 265.0583 385.0988 508.1266 -104.6474 0.0000 0.0000
330.03 15.07.2018 10.30.01 25.40804 299.6452 825.7643 1.3233 -4.2229 7.3951 473.8501 257.3291 385.5674 506.1932 -99.7763 0.0000 0.0000
340.03 15.07.2018 10.40.01 25.61477 299.8845 854.6829 1.3697 -4.2033 7.4307 453.3744 245.0919 386.5291 503.0324 -95.0615 0.0000 0.0000
350.03 15.07.2018 10.50.01 25.82528 300.0994 804.7330 1.2896 -4.2120 7.3355 442.5271 238.7299 387.2781 501.1800 -93.3589 0.0000 0.0000
360.03 15.07.2018 11.00.01 26.02606 300.2930 777.7390 1.2464 -4.1936 7.2532 431.4670 232.2313 388.0102 499.1732 -92.4055 0.0000 0.0000
370.03 15.07.2018 11.10.01 26.22103 300.3919 812.8116 1.3026 -4.1702 7.2970 420.0191 225.5474 388.9966 498.1316 -87.5840 0.0000 0.0000
380.03 15.07.2018 11.20.01 26.42004 300.4591 763.2054 1.2231 -4.1930 7.2215 409.5344 219.5308 389.7989 497.2087 -83.8692 0.0000 0.0000
390.03 15.07.2018 11.30.01 26.60876 300.5146 723.7057 1.1598 -4.1903 7.1335 398.3115 213.0825 390.4628 496.0450 -81.0305 0.0000 0.0000
400.03 15.07.2018 11.40.01 26.78948 300.5482 716.0056 1.1474 -4.1760 7.0979 380.0188 202.2869 391.3027 493.5233 -77.9801 0.0000 0.0000
410.03 15.07.2018 11.50.01 26.96719 300.5791 674.2210 1.0805 -4.1735 7.0053 358.2028 189.4211 391.9568 489.9174 -75.6110 0.0000 0.0000
420.03 15.07.2018 12.00.01 27.13568 300.6027 610.5786 0.9785 -4.1521 6.8408 345.9720 182.3612 392.4229 487.4752 -74.9280 0.0000 0.0000
430.03 15.07.2018 12.10.01 27.29189 300.8189 683.3799 1.0952 -4.0990 6.9255 337.1334 177.2424 393.4626 486.7334 -68.2827 0.0000 0.0000
440.03 15.07.2018 12.20.01 27.46093 301.0227 1123.1631 1.7999 -4.1330 7.9107 335.6163 175.8336 394.1350 485.5825 -71.5006 0.0000 0.0000
450.03 15.07.2018 12.30.01 27.70745 301.1306 1734.6167 2.7798 -4.5580 9.7837 341.5436 178.2194 394.5478 484.4847 -78.5187 0.0000 0.0000
460.03 15.07.2018 12.40.01 28.06063 301.1346 2011.2010 3.2231 -5.4949 11.6240 341.0321 176.7053 395.1717 482.4886 -82.3349 0.0000 0.0000
470.03 15.07.2018 12.50.01 28.46319 301.1604 2061.9514 3.3044 -6.6449 13.2658 340.8532 175.5411 395.3559 480.5926 -85.3331 0.0000 0.0000
480.03 15.07.2018 13.00.01 28.87670 301.2146 2126.3765 3.4077 -7.8187 14.9685 342.8337 175.6278 395.7729 479.2955 -87.4946 0.0000 0.0000
490.03 15.07.2018 13.10.01 29.30261 301.2616 2104.8328 3.3731 -9.0280 16.5349 347.5458 177.6040 396.1339 479.6732 -84.0783 0.0000 0.0000
500.03 15.07.2018 13.20.01 29.72585 301.3096 2025.8164 3.2465 -10.2009 17.9299 350.3340 178.5568 396.2409 479.8628 -82.2840 0.0000 0.0000
510.03 15.07.2018 13.30.01 30.13601 301.3604 1900.3486 3.0454 -11.2925 19.1173 346.0011 175.3941 395.8838 479.1592 -79.5824 0.0000 0.0000
520.03 15.07.2018 13.40.01 30.52490 301.3836 1860.4623 2.9815 -12.2732 20.3397 348.0494 175.9925 395.5605 479.2492 -78.4826 0.0000 0.0000
530.03 15.07.2018 13.50.01 30.90682 301.4073 1818.1722 2.9137 -13.2201 21.5118 350.1326 176.6493 395.3353 479.4646 -77.6834 0.0000 0.0000
540.03 15.07.2018 14.00.01 31.28091 301.4326 1708.8804 2.7386 -14.1297 22.4911 349.9873 176.1138 394.9140 479.4200 -76.6503 0.0000 0.0000
550.03 15.07.2018 14.10.01 31.63448 301.4550 1363.1577 2.1845 -14.9428 22.8365 343.1221 172.6033 395.5282 479.9782 -72.6014 0.0000 0.0000
560.03 15.07.2018 14.20.01 31.92687 301.4778 1034.4402 1.6578 -15.4643 22.8294 333.1023 167.4679 395.7308 479.9750 -68.3847 0.0000 0.0000
570.03 15.07.2018 14.30.01 32.16030 301.4799 774.6720 1.2415 -15.7211 22.6167 322.1373 161.9216 395.7558 479.6862 -64.4704 0.0000 0.0000
580.03 15.07.2018 14.40.01 32.34567 301.4937 464.4902 0.7444 -15.7785 22.0305 307.5570 154.5324 395.5994 478.8354 -59.8673 0.0000 0.0000
590.03 15.07.2018 14.50.01 32.47430 301.5124 240.8314 0.3859 -15.6016 21.3168 293.2902 147.4289 395.5504 477.9178 -55.6249 0.0000 0.0000
600.03 15.07.2018 15.00.01 32.56060 301.5605 6.8169 0.0109 -15.2669 20.3704 277.6259 139.6616 395.2820 476.6503 -51.4026 0.0000 0.0000
610.03 15.07.2018 15.10.01 32.60369 301.5075 181.8463 0.2914 -14.7847 20.1015 269.7042 135.5150 394.2895 474.7328 -52.8252 0.0000 0.0000
620.03 15.07.2018 15.20.01 32.67495 301.3786 274.9413 0.4406 -14.4828 19.8979 263.8096 132.5334 393.5538 472.7827 -54.5163 0.0000 0.0000
630.03 15.07.2018 15.30.01 32.75958 301.2400 265.2438 0.4251 -14.2873 19.6165 255.6437 128.2474 392.7570 470.1636 -56.0297 0.0000 0.0000
640.03 15.07.2018 15.40.01 32.84011 301.1506 133.5623 0.2140 -14.1067 19.0943 245.0829 122.7488 391.6562 467.1348 -56.1141 0.0000 0.0000
650.03 15.07.2018 15.50.01 32.89614 301.3086 38.5226 0.0617 -13.8306 18.5231 233.0122 116.3816 390.6777 464.2013 -54.4603 0.0000 0.0000
660.03 15.07.2018 16.00.01 32.93423 301.1708 -60.7847 -0.0974 -13.4935 17.8614 222.8155 111.2076 389.5547 461.1688 -54.2527 0.0000 0.0000
670.03 15.07.2018 16.10.01 32.95339 300.9752 49.3265 0.0790 -13.1005 17.5727 214.7407 106.9103 387.4142 458.6608 -52.2697 0.0000 0.0000
680.03 15.07.2018 16.20.01 32.98910 300.7802 78.2545 0.1254 -12.8285 17.2719 206.9265 102.7783 385.3525 456.2338 -50.1847 0.0000 0.0000
690.03 15.07.2018 16.30.01 33.02786 300.5825 63.9136 0.1024 -12.6021 16.9394 199.0639 98.6409 383.2819 453.8092 -48.0531 0.0000 0.0000
700.03 15.07.2018 16.40.01 33.06219 300.1189 8.9464 0.0143 -12.3860 16.5338 181.2950 88.6289 381.0795 449.5876 -46.0377 0.0000 0.0000
710.03 15.07.2018 16.50.01 33.08453 299.9352 -54.0343 -0.0866 -12.1492 16.0835 173.0019 84.3365 378.8669 446.9654 -43.6610 0.0000 0.0000
720.03 15.07.2018 17.00.01 33.09423 299.7525 -116.4545 -0.1866 -11.8768 15.5869 164.5671 79.9931 376.6737 444.2462 -41.3151 0.0000 0.0000
730.03 15.07.2018 17.10.01 33.09139 299.5374 -173.2565 -0.2777 -11.5731 15.0606 157.3410 76.3685 374.9356 441.6034 -39.6543 0.0000 0.0000
740.03 15.07.2018 17.20.01 33.06899 299.3191 -2068.0623 -3.3142 -11.2439 10.5729 140.6705 70.0660 373.2342 438.4091 -37.2950 0.0000 0.0000
750.03 15.07.2018 17.30.01 32.72518 299.1038 -1100.6917 -1.7639 -9.3411 10.1028 133.4461 66.4003 371.5088 435.8004 -35.4890 0.0000 0.0000
760.03 15.07.2018 17.40.01 32.53997 298.8876 -746.8886 -1.1969 -8.3433 9.5285 125.1769 62.2475 369.8356 433.1881 -33.7131 0.0000 0.0000
770.03 15.07.2018 17.50.01 32.41223 298.6822 -615.8333 -0.9869 -7.6838 8.9292 116.3270 57.7654 368.1569 430.5298 -31.7403 0.0000 0.0000
780.03 15.07.2018 18.00.01 32.30483 298.4624 -583.7787 -0.9355 -7.1605 8.2999 107.6156 53.3894 366.4605 427.8803 -29.9083 0.0000 0.0000
790.03 15.07.2018 18.10.01 32.20049 297.9427 -741.2817 -1.1880 -6.6867 7.3317 88.4664 43.2172 364.6744 423.6104 -28.1270 0.0000 0.0000
800.03 15.07.2018 18.20.01 32.06677 297.4160 -853.7996 -1.3683 -6.1053 6.3160 76.4551 37.3651 362.6434 420.1952 -26.9800 0.0000 0.0000
810.03 15.07.2018 18.30.01 31.91088 296.8910 -922.0230 -1.4776 -5.4599 5.3097 64.5742 31.5840 360.6431 416.7512 -25.8272 0.0000 0.0000
820.03 15.07.2018 18.40.01 31.73947 296.3672 -1182.2878 -1.8947 -4.7901 3.8605 48.0497 23.6391 358.6208 413.0433 -24.2517 0.0000 0.0000
830.03 15.07.2018 18.50.01 31.52010 295.8423 -1332.6357 -2.1356 -3.9338 2.3976 31.1160 15.4603 356.4682 409.1138 -22.3621 0.0000 0.0000
840.03 15.07.2018 19.00.01 31.27123 295.3170 -1418.8567 -2.2738 -2.9913 0.9567 14.2168 7.2843 354.3041 405.0884 -20.2808 0.0000 0.0000
850.03 15.07.2018 19.10.01 31.00598 294.6857 -911.1681 -1.4602 -2.0197 0.7460 11.0182 5.5942 352.2305 401.5918 -19.3129 0.0000 0.0000
860.03 15.07.2018 19.20.01 30.82427 294.0708 -740.2139 -1.1862 -1.5210 0.4464 8.6469 4.4645 350.5197 398.5357 -19.0208 0.0000 0.0000
870.03 15.07.2018 19.30.01 30.67062 293.4764 -573.7728 -0.9195 -1.1884 0.3586 6.9759 3.5948 348.8692 395.6985 -18.9323 0.0000 0.0000
880.03 15.07.2018 19.40.01 30.54424 292.8912 -515.8840 -0.8267 -1.0110 0.2457 4.7751 2.4660 347.2424 393.0196 -18.7416 0.0000 0.0000
890.03 15.07.2018 19.50.01 30.42724 292.4173 -493.9865 -0.7916 -0.8910 0.1325 2.5483 1.3219 345.6471 390.5533 -18.1293 0.0000 0.0000
900.03 15.07.2018 20.00.01 30.31359 291.8063 -486.1146 -0.7790 -0.7952 0.0216 0.3286 0.1802 344.0379 388.0337 -18.2211 0.0000 0.0000
910.03 15.07.2018 20.10.01 30.20056 291.3834 -445.4971 -0.7139 -0.7169 0.0039 0.0591 0.0324 342.4248 385.8806 -17.8539 0.0000 0.0000
920.03 15.07.2018 20.20.01 30.09374 290.9618 -425.3640 -0.6817 -0.6822 0.0007 0.0106 0.0058 340.8922 383.8775 -17.6727 0.0000 0.0000
930.03 15.07.2018 20.30.01 29.98977 290.5397 -420.0493 -0.6732 -0.6733 0.0001 0.0019 0.0010 339.3930 381.9691 -17.5877 0.0000 0.0000
940.03 15.07.2018 20.40.01 29.88598 290.1194 -421.4595 -0.6754 -0.6754 0.0000 0.0003 0.0002 337.9214 380.1723 -17.4118 0.0000 0.0000
950.03 15.07.2018 20.50.01 29.78140 289.7003 -425.5070 -0.6819 -0.6819 0.0000 0.0001 0.0000 336.4461 378.4437 -17.2669 0.0000 0.0000
960.03 15.07.2018 21.00.01 29.67565 289.3143 -430.8390 -0.6904 -0.6904 0.0000 0.0000 0.0000 334.9910 376.8166 -16.9683 0.0000 0.0000
970.03 15.07.2018 21.10.01 29.56872 288.8205 -434.2559 -0.6959 -0.6959 0.0000 0.0000 0.0000 333.7569 375.3067 -16.5621 0.0000 0.0000
980.03 15.07.2018 21.20.01 29.46102 288.6579 -437.6581 -0.7014 -0.7014 0.0000 0.0000 0.0000 332.5247 373.9762 -16.1531 0.0000 0.0000
990.03 15.07.2018 21.30.01 29.35168 288.2819 -451.9591 -0.7243 -0.7243 0.0000 0.0000 0.0000 331.4901 371.9355 -19.2006 0.0000 0.0000
1000.03 15.07.2018 21.40.01 29.23724 288.2991 -471.0889 -0.7550 -0.7550 0.0000 0.0000 0.0000 330.5687 371.3230 -15.4699 0.0000 0.0000
1010.03 15.07.2018 21.50.01 29.12121 287.7870 -467.6464 -0.7494 -0.7494 0.0000 0.0000 0.0000 329.0224 369.8761 -15.3454 0.0000 0.0000
1020.03 15.07.2018 22.00.01 29.00591 287.7879 -467.2025 -0.7487 -0.7487 0.0000 0.0000 0.0000 327.9361 368.3423 -16.7785 0.0000 0.0000
1030.03 15.07.2018 22.10.01 28.88925 287.6540 -478.1191 -0.7662 -0.7662 0.0000 0.0000 0.0000 327.1917 367.2118 -16.2811 0.0000 0.0000
1040.03 15.07.2018 22.20.01 28.77020 287.5365 -485.6979 -0.7784 -0.7784 0.0000 0.0000 0.0000 326.4783 366.1565 -15.7885 0.0000 0.0000
1050.03 15.07.2018 22.30.01 28.64965 287.3794 -490.3315 -0.7858 -0.7858 0.0000 0.0000 0.0000 325.7591 365.0961 -15.5000 0.0000 0.0000
1060.03 15.07.2018 22.40.01 28.52810 287.2294 -493.8769 -0.7915 -0.7915 0.0000 0.0000 0.0000 325.0591 364.0841 -15.2073 0.0000 0.0000
1070.03 15.07.2018 22.50.01 28.40569 287.0790 -496.8148 -0.7962 -0.7962 0.0000 0.0000 0.0000 324.3750 363.1059 -14.9577 0.0000 0.0000
1080.03 15.07.2018 23.00.01 28.28262 286.9286 -499.9301 -0.8012 -0.8012 0.0000 0.0000 0.0000 323.7043 362.1580 -14.7452 0.0000 0.0000
1090.03 15.07.2018 23.10.01 28.15908 287.0283 -498.4879 -0.7989 -0.7989 0.0000 0.0000 0.0000 323.3226 361.9243 -11.8732 0.0000 0.0000
1100.03 15.07.2018 23.20.01 28.03695 286.4879 -494.3884 -0.7923 -0.7923 0.0000 0.0000 0.0000 322.8397 360.4956 -14.8655 0.0000 0.0000
1110.03 15.07.2018 23.30.01 27.91314 286.0280 -512.0573 -0.8206 -0.8206 0.0000 0.0000 0.0000 322.2609 358.7055 -18.5043 0.0000 0.0000
1120.03 15.07.2018 23.40.01 27.78384 286.2291 -531.0950 -0.8511 -0.8511 0.0000 0.0000 0.0000 321.9595 358.5616 -14.9868 0.0000 0.0000
1130.03 15.07.2018 23.50.01 27.65341 286.0806 -522.8577 -0.8379 -0.8379 0.0000 0.0000 0.0000 321.4466 357.7642 -14.6279 0.0000 0.0000
1140.03 16.07.2018 00.00.01 27.52645 285.8751 -506.6344 -0.8119 -0.8119 0.0000 0.0000 0.0000 320.8980 356.6197 -16.0198 0.0000 0.0000
1150.03 16.07.2018 00.10.01 27.40212 285.8908 -502.2244 -0.8048 -0.8048 0.0000 0.0000 0.0000 320.5056 356.0419 -14.9468 0.0000 0.0000
1160.03 16.07.2018 00.20.01 27.27853 285.8954 -499.3839 -0.8003 -0.8003 0.0000 0.0000 0.0000 320.2096 355.5104 -14.0975 0.0000 0.0000
1170.03 16.07.2018 00.30.01 27.15573 285.8825 -497.7496 -0.7977 -0.7977 0.0000 0.0000 0.0000 319.9454 354.9903 -13.4535 0.0000 0.0000
1180.03 16.07.2018 00.40.01 27.03304 285.8702 -496.4128 -0.7955 -0.7955 0.0000 0.0000 0.0000 319.6974 354.4950 -12.9000 0.0000 0.0000
1190.03 16.07.2018 00.50.01 26.91036 285.7538 -496.3810 -0.7955 -0.7955 0.0000 0.0000 0.0000 319.4032 353.9097 -12.8123 0.0000 0.0000
1200.03 16.07.2018 01.00.01 26.78741 285.7571 -499.5451 -0.8006 -0.8006 0.0000 0.0000 0.0000 319.1317 353.4386 -12.3151 0.0000 0.0000
1210.03 16.07.2018 01.10.01 26.66381 285.6669 -501.5350 -0.8037 -0.8037 0.0000 0.0000 0.0000 318.7510 352.9336 -12.0642 0.0000 0.0000
1220.03 16.07.2018 01.20.01 26.53970 285.6043 -503.3078 -0.8066 -0.8066 0.0000 0.0000 0.0000 318.3712 352.4110 -11.9045 0.0000 0.0000
1230.03 16.07.2018 01.30.01 26.41519 285.6111 -505.0635 -0.8094 -0.8094 0.0000 0.0000 0.0000 317.9773 351.9125 -11.6718 0.0000 0.0000
1240.03 16.07.2018 01.40.01 26.29012 285.5425 -507.8065 -0.8138 -0.8138 0.0000 0.0000 0.0000 317.5849 351.4102 -11.4655 0.0000 0.0000
1250.03 16.07.2018 01.50.01 26.16430 285.4698 -511.3356 -0.8194 -0.8194 0.0000 0.0000 0.0000 317.2007 350.9022 -11.3062 0.0000 0.0000
1260.03 16.07.2018 02.00.01 26.03759 285.3929 -515.0132 -0.8253 -0.8254 0.0000 0.0005 0.0003 316.8049 350.3793 -11.2135 0.0000 0.0000
1270.03 16.07.2018 02.10.01 25.91039 285.2582 -508.1360 -0.8143 -0.8259 0.0154 0.3299 0.1735 316.4888 350.1303 -10.1214 0.0000 0.0000
1280.03 16.07.2018 02.20.01 25.78536 285.0445 -497.1778 -0.7968 -0.8223 0.0340 0.7090 0.3740 316.0528 349.4476 -11.1825 0.0000 0.0000
1290.03 16.07.2018 02.30.01 25.66110 284.8011 -503.7148 -0.8072 -0.8471 0.0532 1.0961 0.5789 315.7220 348.4675 -13.4486 0.0000 0.0000
1300.03 16.07.2018 02.40.01 25.53387 284.9318 -512.8654 -0.8219 -0.8762 0.0724 1.4848 0.7847 315.4963 348.6085 -10.5353 0.0000 0.0000
1310.03 16.07.2018 02.50.01 25.40771 284.8726 -497.7130 -0.7976 -0.8663 0.0916 1.8738 0.9907 314.9884 348.3647 -9.3861 0.0000 0.0000
1320.03 16.07.2018 03.00.01 25.28561 284.9152 -486.3029 -0.7793 -0.8626 0.1110 2.2658 1.1982 314.5965 347.7119 -10.7834 0.0000 0.0000
1330.03 16.07.2018 03.10.01 25.16415 285.0017 -450.5136 -0.7220 -0.8825 0.2141 4.4454 2.3456 314.4954 347.5818 -10.2289 0.0000 0.0000
1340.03 16.07.2018 03.20.01 25.04901 285.1383 -422.8755 -0.6777 -0.9284 0.3343 6.8947 3.6415 314.5508 347.6506 -9.6152 0.0000 0.0000
1350.03 16.07.2018 03.30.01 24.93942 285.2811 -402.7642 -0.6455 -0.9886 0.4576 9.3883 4.9616 314.6750 347.8141 -9.0583 0.0000 0.0000
1360.03 16.07.2018 03.40.01 24.83416 285.4279 -387.1085 -0.6204 -1.0564 0.5813 11.8903 6.2863 314.8401 348.0490 -8.5615 0.0000 0.0000
1370.03 16.07.2018 03.50.01 24.73245 285.5794 -373.6328 -0.5988 -1.1277 0.7052 14.3938 7.6118 315.0363 348.3496 -8.0987 0.0000 0.0000
1380.03 16.07.2018 04.00.01 24.63387 285.7368 -361.4575 -0.5793 -1.2011 0.8291 16.8971 8.9372 315.2595 348.7067 -7.6707 0.0000 0.0000
1390.03 16.07.2018 04.10.01 24.53866 286.6014 -348.9863 -0.5593 -1.2657 0.9419 19.1644 10.1385 316.8961 350.2986 -3.3650 0.0000 0.0000
1400.03 16.07.2018 04.20.01 24.44866 287.1887 -322.9886 -0.5176 -1.3069 1.0524 21.3961 11.3202 318.6233 351.4565 -2.0108 0.0000 0.0000
1410.03 16.07.2018 04.30.01 24.36440 287.7699 -304.7912 -0.4884 -1.3604 1.1626 23.6219 12.4987 320.3928 352.6480 -0.5089 0.0000 0.0000
1420.03 16.07.2018 04.40.01 24.28420 288.5909 -286.6921 -0.4594 -1.4139 1.2727 25.8466 13.6766 322.1969 354.4091 1.8890 0.0000 0.0000
1430.03 16.07.2018 04.50.01 24.20947 289.4038 -262.3658 -0.4205 -1.4575 1.3827 92.5934 51.0168 323.9614 362.0489 -1.0875 0.0000 0.0000
1440.03 16.07.2018 05.00.01 24.14095 290.2272 -168.1585 -0.2695 -1.5029 1.6445 107.4403 59.2537 326.4587 366.5100 -1.6633 0.0000 0.0000
1450.03 16.07.2018 05.10.01 24.09011 290.8456 -164.8421 -0.2642 -1.6091 1.7933 444.3979 248.2054 328.4236 401.2125 -36.3479 0.0000 0.0000
1460.03 16.07.2018 05.20.01 24.04308 291.7790 224.6037 0.3599 -1.6992 2.7455 793.4650 443.7752 333.8040 448.7348 -82.1464 0.0000 0.0000
1470.03 16.07.2018 05.30.01 24.06613 292.6656 532.5410 0.8534 -2.0861 3.9194 1145.4559 640.9560 341.0201 505.5449 -136.9853 0.0000 0.0000
1480.03 16.07.2018 05.40.01 24.14764 293.5455 781.6212 1.2526 -2.6726 5.2336 1080.5754 604.1564 349.3478 518.7723 -153.9568 0.0000 0.0000
1490.03 16.07.2018 05.50.01 24.27694 294.2020 410.4769 0.6578 -3.3866 5.3926 998.6269 558.0429 352.5822 521.3876 -162.8348 0.0000 0.0000
1500.03 16.07.2018 06.00.01 24.34896 294.8134 175.4837 0.2812 -3.7097 5.3212 912.6187 509.6696 354.4705 519.4632 -166.8815 0.0000 0.0000
1510.03 16.07.2018 06.10.01 24.38531 295.1554 85.3863 0.1368 -3.7796 5.2220 875.5980 488.8206 355.9242 522.1987 -166.9826 0.0000 0.0000
1520.03 16.07.2018 06.20.01 24.40997 295.5269 125.2255 0.2007 -3.7302 5.2412 838.5070 467.8362 357.6999 523.8849 -165.3152 0.0000 0.0000
1530.03 16.07.2018 06.30.01 24.44546 295.8883 159.3203 0.2553 -3.6674 5.2303 800.6129 446.3922 359.2493 524.1172 -162.6950 0.0000 0.0000
1540.03 16.07.2018 06.40.01 24.49145 296.2437 237.0802 0.3799 -3.5809 5.2811 776.0747 432.3968 360.8196 524.9661 -159.9380 0.0000 0.0000
1550.03 16.07.2018 06.50.01 24.55547 296.6031 300.9956 0.4824 -3.5071 5.3193 756.0116 421.0984 362.4124 525.8964 -157.4391 0.0000 0.0000
1560.03 16.07.2018 07.00.01 24.63522 296.9642 366.4398 0.5872 -3.4345 5.3623 736.7676 410.2852 363.9669 526.4342 -154.5980 0.0000 0.0000
1570.03 16.07.2018 07.10.01 24.73065 297.2764 416.3020 0.6672 -3.3672 5.3792 724.9068 403.6090 365.6592 527.4370 -152.3227 0.0000 0.0000
1580.03 16.07.2018 07.20.01 24.83883 297.5905 491.8170 0.7882 -3.2966 5.4463 713.0699 396.9062 367.4623 528.4401 -149.5412 0.0000 0.0000
1590.03 16.07.2018 07.30.01 24.96371 297.9044 542.2584 0.8690 -3.2487 5.4902 700.3162 389.6728 369.2372 529.2371 -146.1825 0.0000 0.0000
1600.03 16.07.2018 07.40.01 25.10076 298.2476 615.3609 0.9862 -3.2063 5.5899 691.1149 384.3850 371.0778 530.5818 -141.9521 0.0000 0.0000
1610.03 16.07.2018 07.50.01 25.25332 298.5775 643.8005 1.0317 -3.1935 5.6336 680.5849 378.3459 372.9720 531.8560 -137.3150 0.0000 0.0000
1620.03 16.07.2018 08.00.01 25.41339 298.9101 669.6250 1.0731 -3.1750 5.6641 668.8716 371.6071 374.8571 532.8605 -132.8052 0.0000 0.0000
1630.03 16.07.2018 08.10.01 25.58029 299.1330 713.5261 1.1435 -3.1531 5.7288 657.7936 365.2133 376.3239 533.5150 -128.4862 0.0000 0.0000
1640.03 16.07.2018 08.20.01 25.75649 299.3506 730.3812 1.1705 -3.1478 5.7577 645.6756 358.2237 377.6338 533.7849 -125.3019 0.0000 0.0000
1650.03 16.07.2018 08.30.01 25.93731 299.5685 773.4008 1.2394 -3.1401 5.8393 633.8553 351.3698 378.9496 533.8031 -123.2984 0.0000 0.0000
1660.03 16.07.2018 08.40.01 26.12667 299.8063 777.7021 1.2463 -3.1552 5.8686 623.1741 345.1427 380.1795 534.2586 -119.6452 0.0000 0.0000
1670.03 16.07.2018 08.50.01 26.31771 300.0486 792.0424 1.2693 -3.1627 5.9094 612.2296 338.7486 381.4277 534.5000 -116.8984 0.0000 0.0000
1680.03 16.07.2018 09.00.01 26.51217 300.2677 823.4638 1.3197 -3.1751 5.9930 601.0550 332.1813 382.6873 534.4533 -114.8321 0.0000 0.0000
1690.03 16.07.2018 09.10.01 26.71276 300.4309 879.1420 1.4089 -3.2081 6.1560 588.7129 324.8990 383.8368 533.5836 -114.1110 0.0000 0.0000
1700.03 16.07.2018 09.20.01 26.92343 300.5743 921.1988 1.4763 -3.2835 6.3464 576.5765 317.7191 384.9542 532.4596 -113.5535 0.0000 0.0000
1710.03 16.07.2018 09.30.01 27.14187 300.6415 966.0867 1.5482 -3.3902 6.5845 564.8081 310.7195 385.8474 530.7144 -115.2051 0.0000 0.0000
1720.03 16.07.2018 09.40.01 27.36846 300.6845 1006.2231 1.6125 -3.5313 6.8584 555.5920 305.1214 387.0044 529.1818 -116.0929 0.0000 0.0000
1730.03 16.07.2018 09.50.01 27.60250 300.7155 1070.4429 1.7155 -3.7029 7.2244 547.8133 300.3172 388.4084 527.5699 -117.6778 0.0000 0.0000
1740.03 16.07.2018 10.00.01 27.84796 300.7728 1067.0339 1.7100 -3.9246 7.5128 538.2004 294.4721 389.7613 525.4746 -118.8997 0.0000 0.0000
1750.03 16.07.2018 10.10.01 28.09344 301.0049 1129.9905 1.8109 -4.1398 7.9342 520.8039 284.3261 391.5605 525.1456 -105.5429 0.0000 0.0000
1760.03 16.07.2018 10.20.01 28.34966 301.2227 1095.9684 1.7564 -4.4063 8.2169 493.2370 268.1842 393.1412 522.1295 -97.9334 0.0000 0.0000
1770.03 16.07.2018 10.30.01 28.60003 301.3911 1004.7754 1.6102 -4.6406 8.3344 472.3419 256.1730 394.0374 518.9014 -97.3430 0.0000 0.0000
1780.03 16.07.2018 10.40.01 28.83505 301.5562 1049.0300 1.6811 -4.7971 8.6377 447.5420 241.5451 395.4977 514.9103 -94.8192 0.0000 0.0000
1790.03 16.07.2018 10.50.01 29.07818 301.6577 1017.3493 1.6304 -4.9900 8.8271 432.5558 232.8901 396.8523 511.8734 -95.3431 0.0000 0.0000
1800.03 16.07.2018 11.00.01 29.31579 301.6998 1005.3820 1.6112 -5.1596 9.0277 418.0835 224.5343 398.1649 508.5707 -96.6858 0.0000 0.0000
1810.03 16.07.2018 11.10.01 29.54986 301.9880 833.6359 1.3360 -5.3245 8.8806 411.6914 220.6411 399.2677 511.0344 -72.3696 0.0000 0.0000
1820.03 16.07.2018 11.20.01 29.75308 301.9212 748.7726 1.2000 -5.3569 8.7425 407.8856 218.2914 400.1489 510.9021 -78.2909 0.0000 0.0000
1830.03 16.07.2018 11.30.01 29.94018 301.9178 701.5911 1.1243 -5.3344 8.6116 403.5474 215.6178 400.5623 507.0841 -93.7638 0.0000 0.0000
1840.03 16.07.2018 11.40.01 30.11764 302.1883 696.3478 1.1159 -5.2893 8.5404 391.8596 208.4567 402.3959 505.8875 -84.1434 0.0000 0.0000
1850.03 16.07.2018 11.50.01 30.29272 302.3766 657.4440 1.0536 -5.2542 8.4104 375.3774 198.4643 403.9274 502.4607 -81.0806 0.0000 0.0000
1860.03 16.07.2018 12.00.01 30.45983 302.5191 598.4673 0.9591 -5.1968 8.2079 368.4648 194.2703 403.0464 499.3969 -83.4228 0.0000 0.0000
1870.03 16.07.2018 12.10.01 30.61581 302.5740 744.8937 1.1937 -5.1163 8.4134 358.2174 188.4464 403.1587 497.5694 -82.9804 0.0000 0.0000
1880.03 16.07.2018 12.20.01 30.79656 302.6065 1143.4073 1.8324 -5.1913 9.3648 354.4612 185.9512 402.9785 496.1971 -83.4354 0.0000 0.0000
1890.03 16.07.2018 12.30.01 31.04684 302.6268 1677.8167 2.6888 -5.6268 11.0875 356.7458 186.4972 402.5927 495.3491 -84.9538 0.0000 0.0000
1900.03 16.07.2018 12.40.01 31.38964 302.6544 1882.1201 3.0162 -6.5147 12.7079 352.7866 183.3144 402.1340 493.4108 -85.0223 0.0000 0.0000
1910.03 16.07.2018 12.50.01 31.76870 302.6556 1875.9612 3.0064 -7.5612 14.0901 349.1143 180.4836 401.2842 491.4460 -85.2683 0.0000 0.0000
1920.03 16.07.2018 13.00.01 32.14776 302.6767 1875.5284 3.0057 -8.5902 15.4611 347.2215 178.7309 400.5923 489.7703 -85.8267 0.0000 0.0000
1930.03 16.07.2018 13.10.01 32.52722 302.6334 1809.6887 2.9001 -9.6109 16.6813 347.4315 178.8074 400.6452 489.5860 -85.3155 0.0000 0.0000
1940.03 16.07.2018 13.20.01 32.89456 302.5707 1541.1842 2.4698 -10.5669 17.3824 342.0292 175.9089 400.1474 488.5676 -84.0030 0.0000 0.0000
1950.03 16.07.2018 13.30.01 33.21478 302.5260 1339.3702 2.1464 -11.2970 17.9246 334.1702 171.6583 399.7377 487.1887 -82.4334 0.0000 0.0000
1960.03 16.07.2018 13.40.01 33.49810 302.4807 1098.9982 1.7612 -11.8645 18.1676 327.8946 168.5903 399.3072 486.1375 -80.9372 0.0000 0.0000
1970.03 16.07.2018 13.50.01 33.73751 302.4473 847.0264 1.3574 -12.2428 18.1336 320.0889 164.8139 398.8167 484.9180 -79.1652 0.0000 0.0000
1980.03 16.07.2018 14.00.01 33.93051 302.4319 571.9202 0.9165 -12.4272 17.7917 310.1872 160.0111 398.2383 483.4616 -76.8207 0.0000 0.0000
1990.03 16.07.2018 14.10.01 34.07394 302.3365 565.9960 0.9070 -12.4106 17.7568 303.1256 156.2643 397.2021 481.0201 -77.2563 0.0000 0.0000
2000.03 16.07.2018 14.20.01 34.21298 302.2377 510.8415 0.8187 -12.4210 17.6529 296.1384 152.6149 396.0972 478.5856 -77.6115 0.0000 0.0000
2010.03 16.07.2018 14.30.01 34.33969 302.1354 431.4051 0.6914 -12.4131 17.4726 288.9294 148.8898 395.0317 476.1313 -77.7024 0.0000 0.0000
2020.03 16.07.2018 14.40.01 34.45007 302.0276 301.9531 0.4839 -12.3644 17.1311 280.1587 144.3670 393.8845 473.4784 -77.3176 0.0000 0.0000
2030.03 16.07.2018 14.50.01 34.53552 301.9298 200.3657 0.3211 -12.2320 16.7375 271.5870 140.0033 392.8064 470.8726 -76.8900 0.0000 0.0000
2040.03 16.07.2018 15.00.01 34.60061 301.8352 88.0337 0.1411 -12.0396 16.2410 262.3905 135.3416 391.7405 468.2160 -76.1507 0.0000 0.0000
2050.03 16.07.2018 15.10.01 34.64556 301.7791 467.9290 0.7499 -11.7840 16.7119 260.4312 133.7670 390.2654 466.3180 -73.1556 0.0000 0.0000
2060.03 16.07.2018 15.20.01 34.75488 301.7368 698.7373 1.1198 -11.8692 17.3187 260.1390 133.0891 389.1175 464.9949 -70.4448 0.0000 0.0000
2070.03 16.07.2018 15.30.01 34.90365 301.6987 829.9064 1.3300 -12.1552 17.9802 258.7216 131.6943 388.0644 463.6274 -68.2840 0.0000 0.0000
2080.03 16.07.2018 15.40.01 35.07552 301.6441 955.9999 1.5321 -12.5512 18.7777 257.8293 130.4321 386.9381 462.3747 -65.9767 0.0000 0.0000
2090.03 16.07.2018 15.50.01 35.26959 301.6022 1053.6748 1.6886 -13.0504 19.6520 255.4506 128.2202 385.8937 461.0955 -63.4670 0.0000 0.0000
2100.03 16.07.2018 16.00.01 35.48101 301.5640 1109.9825 1.7788 -13.6263 20.5402 254.5015 126.8573 384.8604 460.0583 -61.4749 0.0000 0.0000
2110.03 16.07.2018 16.10.01 35.69979 301.4048 439.7307 0.7047 -14.2453 19.9333 243.5799 121.2780 383.7778 458.5154 -60.0883 0.0000 0.0000
2120.03 16.07.2018 16.20.01 35.80288 301.2421 80.6270 0.1292 -14.2988 19.2374 231.9822 115.3612 382.5169 456.5902 -58.4227 0.0000 0.0000
2130.03 16.07.2018 16.30.01 35.84155 301.0775 -133.0076 -0.2132 -14.0747 18.4821 220.1385 109.3418 381.1875 454.4974 -56.5150 0.0000 0.0000
2140.03 16.07.2018 16.40.01 35.83984 300.9086 -348.2313 -0.5581 -13.7042 17.5282 197.0727 96.7992 379.7940 451.0093 -52.1076 0.0000 0.0000
2150.03 16.07.2018 16.50.01 35.79751 300.7277 -505.9769 -0.8109 -13.1893 16.5045 183.9720 90.2889 378.3187 448.4536 -49.8454 0.0000 0.0000
2160.03 16.07.2018 17.00.01 35.72427 300.5552 -633.2141 -1.0148 -12.5804 15.4209 170.6754 83.7053 376.8606 445.8363 -47.3187 0.0000 0.0000
2170.03 16.07.2018 17.10.01 35.62600 300.3232 -613.8066 -0.9837 -11.9043 14.5609 160.3415 78.5976 375.5143 443.3102 -45.2131 0.0000 0.0000
2180.03 16.07.2018 17.20.01 35.52078 300.0924 -2261.5278 -3.6242 -11.2845 10.2137 141.8270 71.2121 374.2073 440.4244 -42.1883 0.0000 0.0000
2190.03 16.07.2018 17.30.01 35.13500 299.8561 -1354.6495 -2.1709 -9.3099 9.5186 131.9098 66.2301 372.8814 437.8704 -40.0436 0.0000 0.0000
2200.03 16.07.2018 17.40.01 34.89730 299.6247 -1062.0062 -1.7019 -8.1882 8.6484 120.1279 60.3671 371.5813 435.2497 -37.6457 0.0000 0.0000
2210.03 16.07.2018 17.50.01 34.70645 299.3926 -963.3137 -1.5438 -7.3557 7.7492 107.7733 54.1826 370.2462 432.5022 -35.0735 0.0000 0.0000
2220.03 16.07.2018 18.00.01 34.53005 299.1586 -945.7198 -1.5156 -6.6351 6.8261 95.5116 48.0721 368.9063 429.7433 -32.4604 0.0000 0.0000
2230.03 16.07.2018 18.10.01 34.35458 298.7773 -910.8291 -1.4597 -5.9556 5.9945 79.1805 39.4013 367.3239 426.2870 -28.8253 0.0000 0.0000
2240.03 16.07.2018 18.20.01 34.18261 298.3967 -920.7622 -1.4756 -5.3345 5.1452 68.0760 33.8805 365.6645 423.2838 -26.8116 0.0000 0.0000
2250.03 16.07.2018 18.30.01 34.00668 298.0770 -936.9790 -1.5016 -4.7311 4.3060 57.1201 28.4408 364.0781 420.3701 -24.6496 0.0000 0.0000
2260.03 16.07.2018 18.40.01 33.82528 297.6951 -1108.3944 -1.7763 -4.1383 3.1494 42.8371 21.4506 362.4618 417.2433 -22.2996 0.0000 0.0000
2270.03 16.07.2018 18.50.01 33.61224 297.2371 -1207.5073 -1.9351 -3.4235 1.9846 28.2862 14.3067 360.7426 413.8659 -20.1447 0.0000 0.0000
2280.03 16.07.2018 19.00.01 33.37963 296.8539 -1264.3616 -2.0262 -2.6525 0.8351 13.7525 7.1605 359.0184 410.5138 -17.5663 0.0000 0.0000
2290.03 16.07.2018 19.10.01 33.13632 296.0926 -863.9071 -1.3845 -1.8659 0.6419 10.6080 5.4873 357.3804 407.3048 -17.3642 0.0000 0.0000
2300.03 16.07.2018 19.20.01 32.95873 295.3412 -708.1299 -1.1348 -1.4548 0.4266 8.3553 4.3634 355.8898 404.4111 -17.8042 0.0000 0.0000
2310.03 16.07.2018 19.30.01 32.80667 294.6211 -588.6370 -0.9433 -1.1947 0.3352 6.5710 3.4268 354.4494 401.6925 -18.3800 0.0000 0.0000
2320.03 16.07.2018 19.40.01 32.67410 293.9014 -545.5171 -0.8742 -1.0470 0.2304 4.5000 2.3507 353.0447 399.0604 -18.8459 0.0000 0.0000
2330.03 16.07.2018 19.50.01 32.54846 293.1825 -529.6940 -0.8489 -0.9430 0.1255 2.4165 1.2672 351.6703 396.5061 -19.3153 0.0000 0.0000
2340.03 16.07.2018 20.00.01 32.42495 292.4977 -524.9627 -0.8413 -0.8578 0.0221 0.3385 0.1858 350.3058 394.0314 -19.7389 0.0000 0.0000
2350.03 16.07.2018 20.10.01 32.30215 292.3664 -484.2156 -0.7760 -0.7789 0.0039 0.0595 0.0326 351.2627 392.4429 -19.3478 0.0000 0.0000
2360.03 16.07.2018 20.20.01 32.18685 292.1653 -454.2059 -0.7279 -0.7284 0.0007 0.0108 0.0059 352.4064 391.0625 -19.4913 0.0000 0.0000
2370.03 16.07.2018 20.30.01 32.07733 291.9562 -435.2196 -0.6975 -0.6976 0.0001 0.0019 0.0011 353.5868 389.8438 -19.7395 0.0000 0.0000
2380.03 16.07.2018 20.40.01 31.97158 291.7763 -422.1112 -0.6765 -0.6765 0.0000 0.0003 0.0002 354.8261 388.8914 -19.4999 0.0000 0.0000
2390.03 16.07.2018 20.50.01 31.86892 291.6164 -410.2081 -0.6574 -0.6574 0.0000 0.0001 0.0000 356.0906 388.1066 -19.2969 0.0000 0.0000
2400.03 16.07.2018 21.00.01 31.76904 291.4968 -399.5986 -0.6404 -0.6404 0.0000 0.0000 0.0000 357.3609 387.4901 -19.0134 0.0000 0.0000
2410.03 16.07.2018 21.10.01 31.67156 291.8570 -390.9966 -0.6266 -0.6266 0.0000 0.0000 0.0000 357.3531 387.3091 -16.4918 0.0000 0.0000
2420.03 16.07.2018 21.20.01 31.57543 292.2644 -388.5127 -0.6226 -0.6226 0.0000 0.0000 0.0000 357.4582 387.2652 -13.9393 0.0000 0.0000
2430.03 16.07.2018 21.30.01 31.47946 292.6953 -387.7137 -0.6213 -0.6213 0.0000 0.0000 0.0000 357.6136 387.3307 -11.4731 0.0000 0.0000
2440.03 16.07.2018 21.40.01 31.38378 293.1150 -387.7030 -0.6213 -0.6213 0.0000 0.0000 0.0000 357.8278 387.4410 -9.3034 0.0000 0.0000
2450.03 16.07.2018 21.50.01 31.28817 293.5396 -387.6642 -0.6213 -0.6213 0.0000 0.0000 0.0000 358.0883 387.6801 -7.0822 0.0000 0.0000
2460.03 16.07.2018 22.00.01 31.19290 293.9653 -386.6548 -0.6196 -0.6196 0.0000 0.0000 0.0000 358.4028 388.0544 -4.7827 0.0000 0.0000
2470.03 16.07.2018 22.10.01 31.09796 293.6248 -382.3726 -0.6128 -0.6128 0.0000 0.0000 0.0000 358.6588 387.9124 -5.6461 0.0000 0.0000
2480.03 16.07.2018 22.20.01 31.00457 293.4913 -376.4028 -0.6032 -0.6032 0.0000 0.0000 0.0000 358.9443 387.3431 -7.6754 0.0000 0.0000
2490.03 16.07.2018 22.30.01 30.91021 293.0114 -391.8477 -0.6280 -0.6280 0.0000 0.0000 0.0000 358.7558 385.9441 -11.8939 0.0000 0.0000
2500.03 16.07.2018 22.40.01 30.81048 292.7093 -412.1126 -0.6604 -0.6604 0.0000 0.0000 0.0000 358.7734 385.8336 -10.4224 0.0000 0.0000
2510.03 16.07.2018 22.50.01 30.70931 292.4824 -404.3502 -0.6480 -0.6480 0.0000 0.0000 0.0000 358.9438 385.5743 -10.1829 0.0000 0.0000
2520.03 16.07.2018 23.00.01 30.61035 292.2488 -402.0063 -0.6442 -0.6442 0.0000 0.0000 0.0000 358.7991 384.3515 -13.7636 0.0000 0.0000
2530.03 16.07.2018 23.10.01 30.50872 292.1450 -420.7923 -0.6743 -0.6743 0.0000 0.0000 0.0000 358.5713 383.7963 -13.6900 0.0000 0.0000
2540.03 16.07.2018 23.20.01 30.40353 292.0340 -429.4037 -0.6881 -0.6881 0.0000 0.0000 0.0000 358.4580 383.2588 -13.7803 0.0000 0.0000
2550.03 16.07.2018 23.30.01 30.29733 291.9233 -431.5974 -0.6917 -0.6917 0.0000 0.0000 0.0000 358.3821 382.7293 -13.9449 0.0000 0.0000
2560.03 16.07.2018 23.40.01 30.19113 291.8168 -430.4864 -0.6899 -0.6899 0.0000 0.0000 0.0000 358.3393 382.2376 -14.0344 0.0000 0.0000
2570.03 16.07.2018 23.50.01 30.08535 291.7068 -426.8679 -0.6841 -0.6841 0.0000 0.0000 0.0000 358.3155 381.7503 -14.1856 0.0000 0.0000
2580.03 17.07.2018 00.00.01 29.98055 291.5975 -422.6742 -0.6774 -0.6774 0.0000 0.0000 0.0000 358.2967 381.2700 -14.3563 0.0000 0.0000
2590.03 17.07.2018 00.10.01 29.87686 291.6441 -416.8352 -0.6680 -0.6680 0.0000 0.0000 0.0000 358.0735 381.0215 -13.4406 0.0000 0.0000
2600.03 17.07.2018 00.20.01 29.77511 291.6994 -407.4707 -0.6530 -0.6530 0.0000 0.0000 0.0000 357.8755 380.8135 -12.5317 0.0000 0.0000
2610.03 17.07.2018 00.30.01 29.67587 291.7416 -397.0469 -0.6363 -0.6363 0.0000 0.0000 0.0000 357.6704 380.6154 -11.7309 0.0000 0.0000
2620.03 17.07.2018 00.40.01 29.57903 291.7071 -388.5590 -0.6227 -0.6227 0.0000 0.0000 0.0000 357.4014 380.4259 -10.8779 0.0000 0.0000
2630.03 17.07.2018 00.50.01 29.48416 291.7887 -381.1503 -0.6108 -0.6108 0.0000 0.0000 0.0000 357.1723 380.2108 -10.3995 0.0000 0.0000
2640.03 17.07.2018 01.00.01 29.39019 291.8708 -380.5878 -0.6099 -0.6099 0.0000 0.0000 0.0000 356.9744 379.9315 -10.2780 0.0000 0.0000
2650.03 17.07.2018 01.10.01 29.29556 291.8445 -386.6373 -0.6196 -0.6196 0.0000 0.0000 0.0000 356.3195 379.8023 -9.3706 0.0000 0.0000
2660.03 17.07.2018 01.20.01 29.19888 291.7064 -397.3880 -0.6368 -0.6368 0.0000 0.0000 0.0000 355.6065 379.3913 -9.8633 0.0000 0.0000
2670.03 17.07.2018 01.30.01 29.09924 291.5662 -409.9158 -0.6569 -0.6569 0.0000 0.0000 0.0000 354.5166 378.5433 -11.0915 0.0000 0.0000
2680.03 17.07.2018 01.40.01 28.99725 291.5051 -411.6992 -0.6598 -0.6598 0.0000 0.0000 0.0000 353.7281 378.6673 -7.8432 0.0000 0.0000
2690.03 17.07.2018 01.50.01 28.89788 291.5999 -393.4636 -0.6306 -0.6306 0.0000 0.0000 0.0000 352.9412 378.1116 -8.2513 0.0000 0.0000
2700.03 17.07.2018 02.00.01 28.80059 291.4802 -399.0177 -0.6395 -0.6395 0.0000 0.0006 0.0003 351.7789 376.9681 -10.6551 0.0000 0.0000
2710.03 17.07.2018 02.10.01 28.69970 291.1588 -409.2522 -0.6559 -0.6692 0.0178 0.3807 0.2002 348.7819 376.0372 -10.3788 0.0000 0.0000
2720.03 17.07.2018 02.20.01 28.59695 290.8209 -411.4998 -0.6595 -0.6889 0.0393 0.8180 0.4315 345.7607 374.8873 -10.5408 0.0000 0.0000
2730.03 17.07.2018 02.30.01 28.49389 290.4606 -411.8475 -0.6600 -0.7060 0.0613 1.2648 0.6680 342.6808 373.5738 -10.9490 0.0000 0.0000
2740.03 17.07.2018 02.40.01 28.39083 290.1539 -410.9162 -0.6585 -0.7212 0.0835 1.7133 0.9055 339.7117 372.5226 -9.9579 0.0000 0.0000
2750.03 17.07.2018 02.50.01 28.28863 289.8638 -404.2897 -0.6479 -0.7272 0.1057 2.1622 1.1431 336.7697 371.4205 -9.0762 0.0000 0.0000
2760.03 17.07.2018 03.00.01 28.18832 289.5539 -396.0965 -0.6348 -0.7309 0.1281 2.6151 1.3829 333.7613 369.9194 -9.7582 0.0000 0.0000
2770.03 17.07.2018 03.10.01 28.08889 289.4923 -349.0659 -0.5594 -0.7564 0.2626 5.4626 2.8817 333.4735 369.2296 -9.6359 0.0000 0.0000
2780.03 17.07.2018 03.20.01 27.99679 289.4574 -320.2849 -0.5133 -0.8284 0.4202 8.6716 4.5795 333.4177 368.7930 -9.7903 0.0000 0.0000
2790.03 17.07.2018 03.30.01 27.90966 289.4262 -304.7772 -0.4884 -0.9247 0.5817 11.9400 6.3097 333.4183 368.4732 -10.1007 0.0000 0.0000
2800.03 17.07.2018 03.40.01 27.82534 289.4062 -295.0634 -0.4729 -1.0308 0.7439 15.2197 8.0462 333.4556 368.3081 -10.2390 0.0000 0.0000
2810.03 17.07.2018 03.50.01 27.74328 289.3915 -287.0837 -0.4601 -1.1398 0.9063 18.5013 9.7837 333.5257 368.2338 -10.4535 0.0000 0.0000
2820.03 17.07.2018 04.00.01 27.66311 289.3817 -279.2280 -0.4475 -1.2490 1.0687 21.7849 11.5222 333.6252 368.2359 -10.7260 0.0000 0.0000
2830.03 17.07.2018 04.10.01 27.58511 289.7503 -246.9801 -0.3958 -1.3544 1.2782 26.0720 13.7884 333.8152 368.9288 -8.9350 0.0000 0.0000
2840.03 17.07.2018 04.20.01 27.51428 290.1218 -215.8600 -0.3459 -1.4689 1.4973 30.5105 16.1379 334.1259 369.7815 -7.3907 0.0000 0.0000
2850.03 17.07.2018 04.30.01 27.45046 290.4966 -189.1911 -0.3032 -1.5917 1.7181 34.9740 18.5010 334.4967 370.7571 -6.0033 0.0000 0.0000
2860.03 17.07.2018 04.40.01 27.39276 290.8753 -165.9288 -0.2659 -1.7203 1.9391 39.4421 20.8668 334.9165 371.8617 -4.6658 0.0000 0.0000
2870.03 17.07.2018 04.50.01 27.34045 291.2531 -144.7770 -0.2320 -1.8522 2.1602 72.9341 39.4993 335.3707 375.7328 -6.2723 0.0000 0.0000
2880.03 17.07.2018 05.00.01 27.29333 291.6482 -93.7061 -0.1502 -1.9871 2.4493 84.3084 45.7280 336.1307 378.3556 -6.8252 0.0000 0.0000
2890.03 17.07.2018 05.10.01 27.25610 292.0184 -119.5747 -0.1916 -2.1495 2.6105 323.2878 179.7046 337.3150 403.6325 -28.4831 0.0000 0.0000
2900.03 17.07.2018 05.20.01 27.21700 292.4963 140.7986 0.2256 -2.2730 3.3315 570.6954 318.2869 341.0062 437.6044 -58.6896 0.0000 0.0000
2910.03 17.07.2018 05.30.01 27.22500 292.9932 352.0023 0.5641 -2.5913 4.2073 820.2108 458.0319 345.9155 477.7915 -94.8551 0.0000 0.0000
2920.03 17.07.2018 05.40.01 27.27322 293.4899 523.8359 0.8395 -3.0467 5.1816 804.5271 448.9167 351.6242 490.4337 -110.6313 0.0000 0.0000
2930.03 17.07.2018 05.50.01 27.35427 293.9170 297.3373 0.4765 -3.5932 5.4262 777.8772 433.8073 354.1773 497.4852 -118.4253 0.0000 0.0000
2940.03 17.07.2018 06.00.01 27.40072 294.3380 157.2366 0.2520 -3.8959 5.5306 748.4196 417.1224 355.9574 501.9862 -122.8020 0.0000 0.0000
2950.03 17.07.2018 06.10.01 27.42666 294.6051 129.7780 0.2080 -4.0391 5.6628 728.4632 405.7749 357.7399 506.3460 -126.0690 0.0000 0.0000
2960.03 17.07.2018 06.20.01 27.45132 294.8642 149.3936 0.2394 -4.1192 5.8114 707.2736 393.6757 359.4722 509.1691 -128.3073 0.0000 0.0000
2970.03 17.07.2018 06.30.01 27.48309 295.1077 168.6213 0.2702 -4.1714 5.9222 685.1403 381.0389 360.9621 510.6105 -129.4408 0.0000 0.0000
2980.03 17.07.2018 06.40.01 27.52245 295.3486 229.8001 0.3683 -4.1931 6.0818 670.8829 372.7856 362.5028 512.1129 -130.4445 0.0000 0.0000
2990.03 17.07.2018 06.50.01 27.57656 295.5783 279.3790 0.4477 -4.2180 6.2210 660.3929 366.8099 363.9598 513.5418 -131.5910 0.0000 0.0000
3000.03 17.07.2018 07.00.01 27.64337 295.8031 335.3347 0.5374 -4.2357 6.3642 650.2646 361.0465 365.3881 514.5143 -132.2808 0.0000 0.0000
3010.03 17.07.2018 07.10.01 27.72375 296.0200 347.3655 0.5567 -4.2539 6.4141 645.7200 358.4653 366.4973 515.3881 -135.8586 0.0000 0.0000
3020.03 17.07.2018 07.20.01 27.81017 296.2351 394.6289 0.6324 -4.2390 6.4952 641.0011 355.7540 367.6356 515.9495 -138.4148 0.0000 0.0000
3030.03 17.07.2018 07.30.01 27.90814 296.4349 431.2184 0.6911 -4.2249 6.5546 635.4411 352.5557 368.6692 516.0581 -140.7764 0.0000 0.0000
3040.03 17.07.2018 07.40.01 28.01568 296.6355 490.4026 0.7859 -4.2067 6.6568 631.2437 350.0843 369.7438 516.1123 -142.7158 0.0000 0.0000
3050.03 17.07.2018 07.50.01 28.13622 296.8370 518.5872 0.8311 -4.2070 6.7174 625.9788 347.0067 370.7437 515.8967 -143.7544 0.0000 0.0000
3060.03 17.07.2018 08.00.01 28.26418 297.0341 545.6750 0.8745 -4.2020 6.7687 619.6599 343.3034 371.6933 515.3081 -144.8419 0.0000 0.0000
3070.03 17.07.2018 08.10.01 28.39895 297.1607 531.4410 0.8517 -4.1961 6.7304 616.0192 341.1620 372.5924 514.9711 -145.6748 0.0000 0.0000
3080.03 17.07.2018 08.20.01 28.53298 297.2785 523.7026 0.8393 -4.1588 6.6641 611.3422 338.4206 373.3677 514.2166 -147.5429 0.0000 0.0000
3090.03 17.07.2018 08.30.01 28.66711 297.3999 550.3403 0.8820 -4.1003 6.6430 606.7245 335.6781 374.2267 513.4591 -149.1373 0.0000 0.0000
3100.03 17.07.2018 08.40.01 28.80682 297.5237 555.1007 0.8896 -4.0522 6.5890 601.3937 332.5232 374.9710 512.6622 -148.6126 0.0000 0.0000
3110.03 17.07.2018 08.50.01 28.94824 297.6433 561.5539 0.8999 -3.9981 6.5307 595.4230 328.9874 375.6629 511.5347 -149.5609 0.0000 0.0000
3120.03 17.07.2018 09.00.01 29.09155 297.7589 586.5026 0.9399 -3.9424 6.5098 588.9465 325.1191 376.4445 510.3105 -150.3920 0.0000 0.0000
3130.03 17.07.2018 09.10.01 29.24093 297.7517 920.0685 1.4745 -3.9035 7.1706 560.1281 308.4125 377.6164 506.3192 -147.9999 0.0000 0.0000
3140.03 17.07.2018 09.20.01 29.44787 297.7322 1054.3656 1.6897 -4.1441 7.7784 531.2299 291.6997 378.5216 501.6357 -144.2023 0.0000 0.0000
3150.03 17.07.2018 09.30.01 29.67919 297.7229 1140.3578 1.8275 -4.4876 8.4201 503.5611 275.6955 379.4698 497.2773 -139.3938 0.0000 0.0000
3160.03 17.07.2018 09.40.01 29.92645 297.7210 1185.8398 1.9004 -4.8912 9.0554 482.7100 263.4998 380.0607 493.6094 -133.3568 0.0000 0.0000
3170.03 17.07.2018 09.50.01 30.18282 297.7435 1245.9854 1.9968 -5.3211 9.7572 463.9151 252.4892 380.9260 491.0441 -127.2981 0.0000 0.0000
3180.03 17.07.2018 10.00.01 30.45037 297.7599 1249.4395 2.0023 -5.7913 10.3915 444.6781 241.2633 382.0493 488.5720 -121.6027 0.0000 0.0000
3190.03 17.07.2018 10.10.01 30.71829 297.8323 970.6637 1.5556 -6.2551 10.4143 429.5774 232.6922 382.5024 486.2901 -117.7064 0.0000 0.0000
3200.03 17.07.2018 10.20.01 30.93844 297.9040 815.4030 1.3067 -6.4798 10.3820 408.7246 220.7114 382.8149 483.0437 -113.2015 0.0000 0.0000
3210.03 17.07.2018 10.30.01 31.13073 297.9663 685.5898 1.0987 -6.5832 10.2425 391.8162 211.1800 382.7956 480.3169 -109.0726 0.0000 0.0000
3220.03 17.07.2018 10.40.01 31.29940 298.0319 668.8312 1.0718 -6.5939 10.2210 372.6064 200.0977 383.0221 477.0223 -104.9565 0.0000 0.0000
3230.03 17.07.2018 10.50.01 31.46389 298.0962 620.0815 0.9937 -6.6046 10.1311 359.3811 192.6570 383.1382 474.7082 -101.2450 0.0000 0.0000
3240.03 17.07.2018 11.00.01 31.61779 298.1629 587.5426 0.9416 -6.5949 10.0486 346.4839 185.4064 383.2460 472.5072 -97.6890 0.0000 0.0000
3250.03 17.07.2018 11.10.01 31.76434 298.2785 598.8004 0.9596 -6.5809 10.0540 346.8419 185.2741 383.6385 471.6762 -94.7581 0.0000 0.0000
3260.03 17.07.2018 11.20.01 31.91140 298.4065 632.3661 1.0134 -6.5984 10.1491 350.0292 186.7690 384.3806 471.7213 -92.9596 0.0000 0.0000
3270.03 17.07.2018 11.30.01 32.06280 298.5366 646.0693 1.0354 -6.6619 10.2630 352.8878 188.0527 385.2306 471.8784 -92.0177 0.0000 0.0000
3280.03 17.07.2018 11.40.01 32.21542 298.6633 669.0781 1.0722 -6.7534 10.4342 351.3918 186.6666 386.2661 471.3334 -91.7544 0.0000 0.0000
3290.03 17.07.2018 11.50.01 32.37063 298.7858 638.9387 1.0239 -6.8784 10.5365 345.9559 182.9695 387.1573 470.0666 -91.4490 0.0000 0.0000
3300.03 17.07.2018 12.00.01 32.51928 298.9109 599.8899 0.9614 -6.9916 10.6039 346.7625 183.0465 387.8968 469.7208 -92.1991 0.0000 0.0000
3310.03 17.07.2018 12.10.01 32.66042 298.8953 710.6805 1.1389 -7.0903 10.9722 338.8416 178.6786 389.1881 469.4732 -92.1451 0.0000 0.0000
3320.03 17.07.2018 12.20.01 32.82025 298.8745 905.3925 1.4510 -7.3008 11.6690 333.2929 175.4844 389.8569 469.1776 -91.6224 0.0000 0.0000
3330.03 17.07.2018 12.30.01 33.01379 298.8443 1150.9758 1.8445 -7.6899 12.7125 330.6736 173.7865 390.2541 469.1152 -91.2019 0.0000 0.0000
3340.03 17.07.2018 12.40.01 33.24935 298.8125 1181.7322 1.8938 -8.2889 13.5769 324.2267 169.8870 390.5498 468.3968 -90.0680 0.0000 0.0000
3350.03 17.07.2018 12.50.01 33.48983 298.7718 1078.1830 1.7279 -8.9080 14.1812 317.5066 166.0204 390.4846 467.6012 -88.5142 0.0000 0.0000
3360.03 17.07.2018 13.00.01 33.71221 298.7336 982.2286 1.5741 -9.4390 14.6842 311.8503 162.8684 390.6143 466.9981 -87.0653 0.0000 0.0000
3370.03 17.07.2018 13.10.01 33.91741 298.6590 881.4223 1.4125 -9.8906 15.0709 309.6411 161.3607 389.9249 466.2082 -85.8745 0.0000 0.0000
3380.03 17.07.2018 13.20.01 34.10458 298.5857 837.1283 1.3416 -10.2635 15.4734 307.6064 159.9474 389.0573 465.4287 -84.7956 0.0000 0.0000
3390.03 17.07.2018 13.30.01 34.28341 298.5144 846.1631 1.3560 -10.6089 15.9532 304.7359 157.9740 388.2918 464.5637 -83.5203 0.0000 0.0000
3400.03 17.07.2018 13.40.01 34.46313 298.4401 857.6327 1.3744 -10.9702 16.4595 304.1363 157.3166 387.5355 464.0590 -82.3236 0.0000 0.0000
3410.03 17.07.2018 13.50.01 34.64434 298.3724 866.0413 1.3879 -11.3476 16.9807 303.6354 156.7072 386.7774 463.5958 -81.2897 0.0000 0.0000
3420.03 17.07.2018 14.00.01 34.82638 298.3043 852.9127 1.3668 -11.7377 17.4727 302.5782 155.7850 385.9475 462.9899 -80.4887 0.0000 0.0000
3430.03 17.07.2018 14.10.01 35.00643 298.1948 1020.0472 1.6347 -12.1277 18.3498 305.0873 156.4453 383.8144 462.2640 -80.8926 0.0000 0.0000
3440.03 17.07.2018 14.20.01 35.21490 298.0780 1141.9854 1.8301 -12.6689 19.3321 308.4248 157.5236 381.5809 461.3967 -81.8396 0.0000 0.0000
3450.03 17.07.2018 14.30.01 35.44451 297.9583 1244.4003 1.9942 -13.3181 20.4165 312.4895 158.9604 379.3096 460.4844 -83.0206 0.0000 0.0000
3460.03 17.07.2018 14.40.01 35.69225 297.8147 1350.6304 2.1645 -14.0543 21.6251 317.2106 160.6179 376.9105 459.4428 -84.2745 0.0000 0.0000
3470.03 17.07.2018 14.50.01 35.95913 297.6805 1474.2042 2.3625 -14.8785 22.9880 323.5654 163.1392 374.6409 458.6758 -85.6623 0.0000 0.0000
3480.03 17.07.2018 15.00.01 36.24810 297.5475 1551.7955 2.4869 -15.8006 24.3833 329.9002 165.6250 372.3807 457.9375 -87.0129 0.0000 0.0000
3490.03 17.07.2018 15.10.01 36.54876 297.3472 976.3553 1.5647 -16.7611 24.4343 323.6102 162.2606 370.8528 456.9037 -85.4609 0.0000 0.0000
3500.03 17.07.2018 15.20.01 36.74880 297.1605 663.4498 1.0632 -17.2329 24.3948 316.8120 158.6606 369.2892 455.6439 -83.6814 0.0000 0.0000
3510.03 17.07.2018 15.30.01 36.89376 296.9706 461.5970 0.7397 -17.4515 24.2550 306.6698 153.1310 367.6741 453.7776 -81.3842 0.0000 0.0000
3520.03 17.07.2018 15.40.01 37.00152 296.7629 247.6351 0.3969 -17.5196 23.8886 291.2483 144.6260 365.7663 450.8976 -78.6464 0.0000 0.0000
3530.03 17.07.2018 15.50.01 37.07000 296.5695 108.2875 0.1735 -17.4326 23.4749 278.9013 138.0036 363.7889 448.2924 -76.1455 0.0000 0.0000
3540.03 17.07.2018 16.00.01 37.11160 296.3786 -2.2935 -0.0037 -17.2586 23.0066 266.8613 131.6048 361.9633 445.6302 -73.8694 0.0000 0.0000
3550.03 17.07.2018 16.10.01 37.13122 296.1268 -78.5844 -0.1259 -17.0234 22.5300 257.7011 126.8875 359.8495 442.9789 -72.6543 0.0000 0.0000
3560.03 17.07.2018 16.20.01 37.13445 295.8738 -143.5419 -0.2300 -16.7594 22.0391 249.1296 122.5334 357.8282 440.2764 -71.8718 0.0000 0.0000
3570.03 17.07.2018 16.30.01 37.12328 295.6183 -218.7854 -0.3506 -16.4767 21.5014 240.5636 118.2175 355.8664 437.5038 -71.2116 0.0000 0.0000
3580.03 17.07.2018 16.40.01 37.09564 295.3584 -369.9654 -0.5929 -16.1646 20.7622 218.0443 105.7390 353.8960 432.7431 -68.4053 0.0000 0.0000
3590.03 17.07.2018 16.50.01 37.03869 295.0825 -499.3347 -0.8002 -15.7581 19.9438 208.2345 100.9466 351.8578 429.7113 -67.1450 0.0000 0.0000
3600.03 17.07.2018 17.00.01 36.95614 294.8181 -617.0926 -0.9889 -15.2791 19.0536 198.2059 96.0762 349.8655 426.7075 -65.7063 0.0000 0.0000
3610.03 17.07.2018 17.10.01 36.84954 294.5389 -790.5400 -1.2669 -14.7386 17.9623 185.9493 90.1210 348.1587 423.5656 -63.8886 0.0000 0.0000
3620.03 17.07.2018 17.20.01 36.70062 294.2588 -3066.1611 -4.9137 -14.0906 12.2358 162.2183 80.7788 346.4385 419.7608 -60.9129 0.0000 0.0000
3630.03 17.07.2018 17.30.01 36.16433 293.9720 -1915.9037 -3.0704 -11.5656 11.3270 149.7004 74.5308 344.6623 416.5056 -58.6038 0.0000 0.0000
3640.03 17.07.2018 17.40.01 35.81542 293.6910 -1561.5469 -2.5025 -10.1281 10.1675 134.1556 66.8060 342.9191 413.1523 -55.6951 0.0000 0.0000
3650.03 17.07.2018 17.50.01 35.52258 293.4094 -1448.1680 -2.3208 -9.0452 8.9659 118.4876 59.0396 341.1268 409.7494 -52.5560 0.0000 0.0000
3660.03 17.07.2018 18.00.01 35.24590 293.1263 -1431.9010 -2.2947 -8.0978 7.7375 102.6577 51.1960 339.3271 406.3197 -49.2461 0.0000 0.0000
3670.03 17.07.2018 18.10.01 34.96972 292.7917 -1299.9990 -2.0833 -7.1953 6.8159 84.4385 41.4910 337.9708 402.6343 -43.5822 0.0000 0.0000
3680.03 17.07.2018 18.20.01 34.71414 292.4573 -1253.7936 -2.0093 -6.4294 5.8935 73.1632 35.9530 336.6688 399.8104 -39.8819 0.0000 0.0000
3690.03 17.07.2018 18.30.01 34.46481 292.1331 -1236.6986 -1.9819 -5.7219 4.9867 62.1227 30.5437 335.4459 397.0954 -36.5459 0.0000 0.0000
3700.03 17.07.2018 18.40.01 34.21609 291.8145 -1420.4143 -2.2763 -5.0469 3.6941 47.0598 23.2629 334.2589 394.2975 -33.0370 0.0000 0.0000
3710.03 17.07.2018 18.50.01 33.93420 291.4944 -1524.1931 -2.4426 -4.2346 2.3893 31.6445 15.7811 333.0004 391.3534 -29.5959 0.0000 0.0000
3720.03 17.07.2018 19.00.01 33.63223 291.1754 -1579.9011 -2.5319 -3.3589 1.1026 16.2545 8.2996 331.7256 388.3319 -26.3385 0.0000 0.0000
3730.03 17.07.2018 19.10.01 33.32021 290.7876 -1124.6996 -1.8024 -2.4649 0.8834 12.9311 6.5520 330.2947 385.6389 -25.1072 0.0000 0.0000
3740.03 17.07.2018 19.20.01 33.08367 290.4023 -993.5583 -1.5922 -1.9884 0.5283 10.2178 5.2703 329.0313 383.2413 -24.3070 0.0000 0.0000
3750.03 17.07.2018 19.30.01 32.86901 290.0161 -822.4362 -1.3180 -1.6378 0.4264 8.2817 4.2635 327.8190 380.9937 -23.7247 0.0000 0.0000
3760.03 17.07.2018 19.40.01 32.68282 289.6306 -763.4206 -1.2234 -1.4426 0.2922 5.6713 2.9261 326.6335 378.8129 -23.1867 0.0000 0.0000
3770.03 17.07.2018 19.50.01 32.50628 289.2439 -739.6141 -1.1853 -1.3034 0.1575 3.0253 1.5680 325.4473 376.6624 -22.7599 0.0000 0.0000
3780.03 17.07.2018 20.00.01 32.33334 288.8573 -730.9071 -1.1713 -1.1904 0.0255 0.3872 0.2123 324.2685 374.5649 -22.3617 0.0000 0.0000
3790.03 17.07.2018 20.10.01 32.16168 288.4553 -678.8146 -1.0878 -1.0913 0.0046 0.0698 0.0383 323.2116 372.6365 -22.1437 0.0000 0.0000
3800.03 17.07.2018 20.20.01 31.99853 288.0552 -649.2828 -1.0405 -1.0411 0.0008 0.0125 0.0069 322.2225 370.8557 -22.1249 0.0000 0.0000
3810.03 17.07.2018 20.30.01 31.84020 287.6632 -635.7496 -1.0188 -1.0189 0.0001 0.0023 0.0012 321.2778 369.1789 -22.1302 0.0000 0.0000
3820.03 17.07.2018 20.40.01 31.68411 287.2779 -630.7803 -1.0109 -1.0109 0.0000 0.0004 0.0002 320.3659 367.5964 -22.1145 0.0000 0.0000
3830.03 17.07.2018 20.50.01 31.52856 286.9005 -628.7465 -1.0076 -1.0076 0.0000 0.0001 0.0000 319.4769 366.0710 -22.1835 0.0000 0.0000
3840.03 17.07.2018 21.00.01 31.37332 286.5361 -628.8832 -1.0078 -1.0078 0.0000 0.0000 0.0000 318.6220 364.6527 -22.1123 0.0000 0.0000
3850.03 17.07.2018 21.10.01 31.21823 286.4170 -627.3892 -1.0054 -1.0054 0.0000 0.0000 0.0000 318.1754 363.6947 -20.6706 0.0000 0.0000
3860.03 17.07.2018 21.20.01 31.06439 286.5263 -618.7738 -0.9916 -0.9916 0.0000 0.0000 0.0000 317.8290 363.0119 -18.7861 0.0000 0.0000
3870.03 17.07.2018 21.30.01 30.91305 286.8343 -607.3487 -0.9733 -0.9733 0.0000 0.0000 0.0000 317.6322 362.6338 -16.3923 0.0000 0.0000
3880.03 17.07.2018 21.40.01 30.76434 286.2011 -598.9657 -0.9599 -0.9599 0.0000 0.0000 0.0000 317.3290 361.2535 -18.0662 0.0000 0.0000
3890.03 17.07.2018 21.50.01 30.61694 286.0521 -596.9500 -0.9567 -0.9567 0.0000 0.0000 0.0000 317.0187 360.3185 -18.0281 0.0000 0.0000
3900.03 17.07.2018 22.00.01 30.46957 285.9476 -596.3015 -0.9556 -0.9556 0.0000 0.0000 0.0000 316.7269 359.4662 -17.8740 0.0000 0.0000
3910.03 17.07.2018 22.10.01 30.32220 285.8758 -596.2615 -0.9555 -0.9555 0.0000 0.0000 0.0000 316.3666 358.7223 -17.3927 0.0000 0.0000
3920.03 17.07.2018 22.20.01 30.17480 285.7776 -597.8270 -0.9581 -0.9581 0.0000 0.0000 0.0000 316.0030 357.9715 -17.0773 0.0000 0.0000
3930.03 17.07.2018 22.30.01 30.02688 285.6654 -599.7352 -0.9611 -0.9611 0.0000 0.0000 0.0000 315.6426 357.2256 -16.8616 0.0000 0.0000
3940.03 17.07.2018 22.40.01 29.87856 285.5651 -602.6267 -0.9657 -0.9657 0.0000 0.0000 0.0000 315.2951 356.5004 -16.6710 0.0000 0.0000
3950.03 17.07.2018 22.50.01 29.72936 285.4627 -604.5939 -0.9689 -0.9689 0.0000 0.0000 0.0000 314.9558 355.7904 -16.5141 0.0000 0.0000
3960.03 17.07.2018 23.00.01 29.57974 285.3568 -607.1836 -0.9731 -0.9731 0.0000 0.0000 0.0000 314.6191 355.0903 -16.3939 0.0000 0.0000
3970.03 17.07.2018 23.10.01 29.42959 285.3072 -609.8082 -0.9773 -0.9773 0.0000 0.0000 0.0000 314.2499 354.4518 -16.0720 0.0000 0.0000
3980.03 17.07.2018 23.20.01 29.27865 284.8536 -612.0104 -0.9808 -0.9808 0.0000 0.0000 0.0000 313.7177 353.4891 -17.0268 0.0000 0.0000
3990.03 17.07.2018 23.30.01 29.12692 284.6774 -617.6144 -0.9898 -0.9898 0.0000 0.0000 0.0000 313.2381 352.7002 -17.1523 0.0000 0.0000
4000.03 17.07.2018 23.40.01 28.97402 284.5319 -620.9084 -0.9950 -0.9950 0.0000 0.0000 0.0000 312.7986 351.9626 -17.1116 0.0000 0.0000
4010.03 17.07.2018 23.50.01 28.82034 284.3902 -621.6979 -0.9963 -0.9963 0.0000 0.0000 0.0000 312.3613 351.2230 -17.1354 0.0000 0.0000
4020.03 18.07.2018 00.00.01 28.66653 284.2356 -622.7820 -0.9980 -0.9980 0.0000 0.0000 0.0000 311.9211 350.4530 -17.3046 0.0000 0.0000
4030.03 18.07.2018 00.10.01 28.51272 284.2471 -623.7249 -0.9996 -0.9996 0.0000 0.0000 0.0000 311.6212 349.9865 -16.3276 0.0000 0.0000
4040.03 18.07.2018 00.20.01 28.35891 284.1921 -623.2429 -0.9988 -0.9988 0.0000 0.0000 0.0000 311.2776 349.4383 -15.8958 0.0000 0.0000
4050.03 18.07.2018 00.30.01 28.20510 284.1452 -623.9047 -0.9998 -0.9998 0.0000 0.0000 0.0000 310.9789 348.8999 -15.5946 0.0000 0.0000
4060.03 18.07.2018 00.40.01 28.05120 284.0961 -625.1327 -1.0018 -1.0018 0.0000 0.0000 0.0000 310.6915 348.4243 -15.0959 0.0000 0.0000
4070.03 18.07.2018 00.50.01 27.89721 284.0294 -624.9443 -1.0015 -1.0015 0.0000 0.0000 0.0000 310.3673 347.9250 -14.7119 0.0000 0.0000
4080.03 18.07.2018 01.00.01 27.74337 283.9885 -623.0034 -0.9984 -0.9984 0.0000 0.0000 0.0000 310.0631 347.4341 -14.3475 0.0000 0.0000
4090.03 18.07.2018 01.10.01 27.59005 283.8726 -620.6206 -0.9946 -0.9946 0.0000 0.0000 0.0000 309.7195 346.8062 -14.6195 0.0000 0.0000
4100.03 18.07.2018 01.20.01 27.43713 283.7445 -619.9223 -0.9935 -0.9935 0.0000 0.0000 0.0000 309.3626 346.1423 -14.9878 0.0000 0.0000
4110.03 18.07.2018 01.30.01 27.28420 283.6139 -621.1713 -0.9955 -0.9955 0.0000 0.0000 0.0000 308.9728 345.4556 -15.3610 0.0000 0.0000
4120.03 18.07.2018 01.40.01 27.13046 283.4955 -621.6687 -0.9963 -0.9963 0.0000 0.0000 0.0000 308.6008 344.7859 -15.6162 0.0000 0.0000
4130.03 18.07.2018 01.50.01 26.97665 283.3798 -622.5989 -0.9978 -0.9978 0.0000 0.0000 0.0000 308.2419 344.1084 -15.8929 0.0000 0.0000
4140.03 18.07.2018 02.00.01 26.82284 283.2676 -623.6546 -0.9994 -0.9995 0.0000 0.0004 0.0002 307.8627 343.4172 -16.1737 0.0000 0.0000
4150.03 18.07.2018 02.10.01 26.66906 283.3269 -617.7568 -0.9900 -0.9992 0.0123 0.2623 0.1379 307.6712 342.9811 -15.5709 0.0000 0.0000
4160.03 18.07.2018 02.20.01 26.51672 283.3922 -610.1995 -0.9779 -0.9982 0.0270 0.5635 0.2973 307.5210 342.6089 -14.9727 0.0000 0.0000
4170.03 18.07.2018 02.30.01 26.36624 283.4586 -602.7610 -0.9660 -0.9977 0.0423 0.8713 0.4602 307.3923 342.2811 -14.3827 0.0000 0.0000
4180.03 18.07.2018 02.40.01 26.21752 283.5281 -595.1751 -0.9538 -0.9970 0.0575 1.1803 0.6238 307.2836 341.9993 -13.7581 0.0000 0.0000
4190.03 18.07.2018 02.50.01 26.07076 283.5934 -587.6776 -0.9418 -0.9964 0.0728 1.4895 0.7875 307.1911 341.7490 -13.1713 0.0000 0.0000
4200.03 18.07.2018 03.00.01 25.92587 283.6620 -580.2199 -0.9298 -0.9961 0.0883 1.8025 0.9532 307.1083 341.5339 -12.5839 0.0000 0.0000
4210.03 18.07.2018 03.10.01 25.78311 283.9848 -521.2500 -0.8353 -0.9931 0.2104 4.3922 2.3159 307.4183 341.9181 -10.8161 0.0000 0.0000
4220.03 18.07.2018 03.20.01 25.65167 284.2914 -473.5163 -0.7588 -1.0246 0.3543 7.3255 3.8678 307.8821 342.4592 -9.4273 0.0000 0.0000
4230.03 18.07.2018 03.30.01 25.52981 284.6227 -439.7624 -0.7047 -1.0813 0.5020 10.3152 5.4505 308.4078 343.1308 -8.0903 0.0000 0.0000
4240.03 18.07.2018 03.40.01 25.41519 284.9619 -414.1293 -0.6637 -1.1515 0.6505 13.3156 7.0391 308.9807 343.9015 -6.8459 0.0000 0.0000
4250.03 18.07.2018 03.50.01 25.30630 285.3046 -392.4003 -0.6288 -1.2281 0.7990 16.3179 8.6287 309.6058 344.7537 -5.7039 0.0000 0.0000
4260.03 18.07.2018 04.00.01 25.20248 285.6499 -373.1124 -0.5979 -1.3086 0.9476 19.3210 10.2187 310.2654 345.6742 -4.6513 0.0000 0.0000
4270.03 18.07.2018 04.10.01 25.10330 285.9886 -350.1044 -0.5611 -1.3915 1.1073 22.5601 11.9328 311.4028 346.7402 -3.8731 0.0000 0.0000
4280.03 18.07.2018 04.20.01 25.00936 286.3286 -328.6379 -0.5267 -1.4785 1.2692 25.8349 13.6666 312.5973 347.8808 -3.2118 0.0000 0.0000
4290.03 18.07.2018 04.30.01 24.92047 286.6703 -309.0126 -0.4952 -1.5688 1.4315 29.1156 15.4036 313.8228 349.0779 -2.6341 0.0000 0.0000
4300.03 18.07.2018 04.40.01 24.83630 287.0178 -290.4983 -0.4655 -1.6609 1.5939 32.3974 17.1412 315.0710 350.3307 -2.0934 0.0000 0.0000
4310.03 18.07.2018 04.50.01 24.75652 287.3604 -272.5122 -0.4367 -1.7539 1.7563 88.9883 48.7571 316.3363 356.3864 -6.5052 0.0000 0.0000
4320.03 18.07.2018 05.00.01 24.68136 287.7569 -196.8912 -0.3155 -1.8479 2.0431 103.0802 56.5386 318.1055 360.0574 -8.0833 0.0000 0.0000
4330.03 18.07.2018 05.10.01 24.62042 288.2168 -204.6381 -0.3279 -1.9898 2.2159 414.0331 230.8898 319.8162 392.8445 -34.5216 0.0000 0.0000
4340.03 18.07.2018 05.20.01 24.56121 288.9985 147.0200 0.2356 -2.1068 3.1232 736.0033 411.2594 324.6323 438.2042 -69.0332 0.0000 0.0000
4350.03 18.07.2018 05.30.01 24.56539 289.7781 427.0455 0.6844 -2.4905 4.2331 1059.1423 592.1988 330.9711 492.5537 -111.7085 0.0000 0.0000
4360.03 18.07.2018 05.40.01 24.62261 290.4767 639.9137 1.0255 -3.0565 5.4427 1001.0791 559.2976 338.5326 506.9883 -124.9721 0.0000 0.0000
4370.03 18.07.2018 05.50.01 24.72085 290.9456 315.9923 0.5064 -3.7299 5.6485 926.7307 517.4316 341.9457 511.8435 -131.1847 0.0000 0.0000
4380.03 18.07.2018 06.00.01 24.76907 291.3284 99.1110 0.1588 -4.0599 5.6250 848.3732 473.3363 344.0859 511.9207 -134.1347 0.0000 0.0000
4390.03 18.07.2018 06.10.01 24.78463 291.6778 50.7683 0.0814 -4.1531 5.6459 809.3145 451.2261 345.4832 513.5458 -136.6737 0.0000 0.0000
4400.03 18.07.2018 06.20.01 24.79617 292.0382 88.5662 0.1419 -4.1562 5.7309 772.0443 430.1380 346.8916 514.0741 -137.9860 0.0000 0.0000
4410.03 18.07.2018 06.30.01 24.81896 292.3904 159.8601 0.2562 -4.1381 5.8590 734.0649 408.5901 348.3698 513.0740 -138.0373 0.0000 0.0000
4420.03 18.07.2018 06.40.01 24.85912 292.7214 241.5123 0.3870 -4.1219 6.0119 710.9381 395.3384 349.7987 512.7827 -138.2108 0.0000 0.0000
4430.03 18.07.2018 06.50.01 24.91854 293.0520 315.5231 0.5056 -4.1146 6.1604 692.5330 384.9245 351.2483 512.5720 -138.6042 0.0000 0.0000
4440.03 18.07.2018 07.00.01 24.99600 293.3804 389.8777 0.6248 -4.1114 6.3150 674.1787 374.5353 352.6825 511.8313 -138.5148 0.0000 0.0000
4450.03 18.07.2018 07.10.01 25.09142 293.6306 543.7347 0.8714 -4.1159 6.6497 650.2288 360.8771 354.0232 509.6131 -137.3452 0.0000 0.0000
4460.03 18.07.2018 07.20.01 25.21789 293.8805 653.2321 1.0468 -4.2016 6.9979 625.9542 347.0127 355.2879 506.8021 -135.9085 0.0000 0.0000
4470.03 18.07.2018 07.30.01 25.36740 294.1111 720.8103 1.1551 -4.3331 7.3176 600.9265 332.7188 356.4212 503.5177 -134.0071 0.0000 0.0000
4480.03 18.07.2018 07.40.01 25.53250 294.3288 794.9800 1.2740 -4.4795 7.6713 585.3654 323.6955 357.3949 501.0527 -132.1781 0.0000 0.0000
4490.03 18.07.2018 07.50.01 25.71368 294.5535 848.5486 1.3599 -4.6522 8.0160 569.4795 314.4857 358.5190 498.6591 -130.1899 0.0000 0.0000
4500.03 18.07.2018 08.00.01 25.90698 294.7793 888.7396 1.4243 -4.8376 8.3491 552.8359 304.8313 359.6562 496.1543 -127.9179 0.0000 0.0000
4510.03 18.07.2018 08.10.01 26.11001 294.8685 983.5710 1.5762 -5.0309 8.8095 516.0053 283.8321 360.8262 491.3513 -123.6059 0.0000 0.0000
4520.03 18.07.2018 08.20.01 26.33093 294.9542 992.9092 1.5912 -5.2846 9.1678 477.9992 262.2082 361.6382 485.7874 -118.4598 0.0000 0.0000
4530.03 18.07.2018 08.30.01 26.55505 295.0428 1010.0182 1.6186 -5.5307 9.5324 440.5868 240.9338 362.3610 479.9571 -113.0419 0.0000 0.0000
4540.03 18.07.2018 08.40.01 26.78301 295.1299 1007.1139 1.6140 -5.7804 9.8591 413.0029 225.1678 362.9749 474.9173 -108.1621 0.0000 0.0000
4550.03 18.07.2018 08.50.01 27.01129 295.2209 1026.5138 1.6451 -6.0220 10.2228 386.5378 210.0439 363.6621 470.0557 -103.6236 0.0000 0.0000
4560.03 18.07.2018 09.00.01 27.24316 295.3122 1043.9441 1.6730 -6.2773 10.6004 360.8408 195.3678 364.3443 465.2622 -99.2422 0.0000 0.0000
4570.03 18.07.2018 09.10.01 27.47744 295.3803 923.5438 1.4800 -6.5471 10.7028 354.4232 191.5953 365.3024 462.8412 -95.0605 0.0000 0.0000
4580.03 18.07.2018 09.20.01 27.69103 295.4837 900.3724 1.4429 -6.7167 10.8795 349.1872 188.4731 366.4630 461.0625 -91.8936 0.0000 0.0000
4590.03 18.07.2018 09.30.01 27.90014 295.5965 908.4453 1.4558 -6.8749 11.1076 344.8263 185.8352 367.7071 459.7485 -89.1732 0.0000 0.0000
4600.03 18.07.2018 09.40.01 28.10983 295.7108 904.7305 1.4499 -7.0497 11.3328 341.8075 183.9441 369.0522 458.8866 -86.6733 0.0000 0.0000
4610.03 18.07.2018 09.50.01 28.31796 295.8317 906.1075 1.4521 -7.2318 11.5786 339.2639 182.3229 370.4414 458.3852 -84.3991 0.0000 0.0000
4620.03 18.07.2018 10.00.01 28.52526 295.9560 889.1733 1.4250 -7.4265 11.8019 336.3757 180.5109 371.7938 458.0543 -82.2073 0.0000 0.0000
4630.03 18.07.2018 10.10.01 28.72878 296.1110 894.1667 1.4330 -7.6180 12.0680 343.8464 184.3864 373.7560 458.7058 -82.7898 0.0000 0.0000
4640.03 18.07.2018 10.20.01 28.93252 296.2835 920.6821 1.4755 -7.8230 12.3979 349.4615 187.0984 375.9164 459.4190 -83.6080 0.0000 0.0000
4650.03 18.07.2018 10.30.01 29.14013 296.4586 913.1742 1.4634 -8.0578 12.6950 356.6510 190.7802 377.9936 460.6213 -84.6610 0.0000 0.0000
4660.03 18.07.2018 10.40.01 29.34594 296.6448 935.6026 1.4994 -8.2927 13.0561 360.9374 192.6803 380.2520 461.7768 -84.0805 0.0000 0.0000
4670.03 18.07.2018 10.50.01 29.55599 296.7289 928.6195 1.4882 -8.5491 13.3830 368.0761 196.3175 382.8354 464.0882 -82.8811 0.0000 0.0000
4680.03 18.07.2018 11.00.01 29.76470 296.9352 919.0151 1.4728 -8.8025 13.7003 374.6659 199.6351 385.1468 466.3060 -82.3676 0.0000 0.0000
4690.03 18.07.2018 11.10.01 29.97082 296.9483 780.3710 1.2506 -9.0509 13.7354 358.8066 190.9910 385.8695 466.9690 -78.7691 0.0000 0.0000
4700.03 18.07.2018 11.20.01 30.15109 296.9604 574.8998 0.9213 -9.1933 13.4861 340.0038 180.7992 385.8582 466.3913 -74.6627 0.0000 0.0000
4710.03 18.07.2018 11.30.01 30.29351 296.9921 443.9863 0.7115 -9.1825 13.1920 320.9458 170.4900 385.4309 465.1423 -71.0988 0.0000 0.0000
4720.03 18.07.2018 11.40.01 30.41094 297.0188 369.5136 0.5922 -9.0901 12.9097 301.9378 160.1427 384.8122 463.3089 -67.6929 0.0000 0.0000
4730.03 18.07.2018 11.50.01 30.51284 297.0681 306.5083 0.4912 -8.9630 12.6056 283.4201 150.1059 383.9246 461.2191 -64.2350 0.0000 0.0000
4740.03 18.07.2018 12.00.01 30.60134 297.0037 258.6474 0.4145 -8.8099 12.2992 267.5583 141.6621 382.9395 459.0311 -61.8222 0.0000 0.0000
4750.03 18.07.2018 12.10.01 30.67861 297.1905 97.1703 0.1557 -8.6411 11.7291 262.8293 138.9763 381.6602 456.7092 -60.5513 0.0000 0.0000
4760.03 18.07.2018 12.20.01 30.72607 297.6249 164.9409 0.2643 -8.3681 11.5099 262.1954 138.4822 380.8318 455.4901 -60.1234 0.0000 0.0000
4770.03 18.07.2018 12.30.01 30.78338 297.6229 313.4350 0.5023 -8.1819 11.5789 263.7673 139.0925 380.1895 453.9987 -62.5399 0.0000 0.0000
4780.03 18.07.2018 12.40.01 30.86532 297.7471 439.0848 0.7037 -8.1396 11.7911 264.3216 138.9795 379.7548 453.0787 -62.3481 0.0000 0.0000
4790.03 18.07.2018 12.50.01 30.96877 297.8577 538.0765 0.8623 -8.2090 12.0950 265.1335 138.9517 379.3164 452.2651 -62.9093 0.0000 0.0000
4800.03 18.07.2018 13.00.01 31.08984 297.9646 660.7752 1.0589 -8.3632 12.5628 266.9564 139.4082 378.9885 451.7326 -63.4604 0.0000 0.0000
4810.03 18.07.2018 13.10.01 31.23208 297.9087 635.4390 1.0183 -8.6167 12.8467 263.1583 137.4301 381.0477 454.1494 -53.7110 0.0000 0.0000
4820.03 18.07.2018 13.20.01 31.37020 297.8054 496.6891 0.7960 -8.8349 12.8412 255.6205 133.4273 382.6319 455.2068 -51.7245 0.0000 0.0000
4830.03 18.07.2018 13.30.01 31.48492 297.9068 401.0680 0.6427 -8.9253 12.7573 246.8444 128.7421 383.9131 454.7472 -54.5700 0.0000 0.0000
4840.03 18.07.2018 13.40.01 31.58270 297.9299 304.0656 0.4873 -8.9330 12.5603 238.6281 124.4805 385.0511 454.5431 -50.2525 0.0000 0.0000
4850.03 18.07.2018 13.50.01 31.66308 298.4363 207.3264 0.3323 -8.8638 12.2614 229.8431 119.9549 385.7950 454.4572 -46.3556 0.0000 0.0000
4860.03 18.07.2018 14.00.01 31.72540 298.4813 97.7439 0.1566 -8.7258 11.8432 220.2010 115.0055 386.1106 452.3222 -49.4509 0.0000 0.0000
4870.03 18.07.2018 14.10.01 31.76553 298.3127 -157.7478 -0.2528 -8.5183 11.0206 202.8972 106.0526 384.6881 450.7751 -45.3882 0.0000 0.0000
4880.03 18.07.2018 14.20.01 31.75854 298.1916 -374.0862 -0.5995 -8.1186 10.0254 183.8105 96.1627 383.0390 448.6015 -41.3865 0.0000 0.0000
4890.03 18.07.2018 14.30.01 31.71099 298.0394 -538.2509 -0.8626 -7.5668 8.9390 164.1740 86.0123 381.2820 445.8820 -38.1164 0.0000 0.0000
4900.03 18.07.2018 14.40.01 31.63146 297.7902 -703.6116 -1.1276 -6.9119 7.7125 143.3101 75.2634 379.3344 442.3499 -34.9283 0.0000 0.0000
4910.03 18.07.2018 14.50.01 31.51916 297.4423 -844.3744 -1.3532 -6.1616 6.4113 122.1337 64.3838 377.1469 438.2087 -32.6527 0.0000 0.0000
4920.03 18.07.2018 15.00.01 31.37811 297.4624 -975.3707 -1.5631 -5.3387 5.0342 100.5655 53.3252 374.7980 434.0300 -29.4683 0.0000 0.0000
4930.03 18.07.2018 15.10.01 31.21237 297.1754 -588.0896 -0.9425 -4.4634 4.6946 94.4947 50.0542 371.6478 430.7824 -27.6415 0.0000 0.0000
4940.03 18.07.2018 15.20.01 31.11242 296.9318 -355.0486 -0.5690 -3.9433 4.4990 90.7019 48.0381 368.7300 427.6797 -27.2445 0.0000 0.0000
4950.03 18.07.2018 15.30.01 31.05074 296.7326 -248.2861 -0.3979 -3.6440 4.3281 87.2746 46.2218 365.8455 424.5233 -27.5767 0.0000 0.0000
4960.03 18.07.2018 15.40.01 31.00567 296.4862 -210.7248 -0.3377 -3.4590 4.1618 83.9177 44.4442 362.9615 421.3782 -27.2246 0.0000 0.0000
4970.03 18.07.2018 15.50.01 30.96502 296.2497 -206.9813 -0.3317 -3.3289 3.9962 80.5730 42.6732 360.0703 418.2855 -27.2314 0.0000 0.0000
4980.03 18.07.2018 16.00.01 30.92318 296.0353 -217.2884 -0.3482 -3.2231 3.8332 77.2550 40.9151 357.1870 415.3109 -27.1117 0.0000 0.0000
4990.03 18.07.2018 16.10.01 30.88094 296.2064 456.6830 0.7319 -3.1213 5.1376 88.7724 46.2244 356.9112 414.7636 -24.2965 0.0000 0.0000
5000.03 18.07.2018 16.20.01 30.95571 296.4120 859.3112 1.3771 -3.5805 6.6102 102.1826 52.5398 357.2689 415.1539 -22.7291 0.0000 0.0000
5010.03 18.07.2018 16.30.01 31.10314 296.6378 1104.9725 1.7708 -4.3480 8.1583 116.1085 59.1067 357.8805 416.0571 -21.8792 0.0000 0.0000
5020.03 18.07.2018 16.40.01 31.29727 296.8823 1432.3623 2.2955 -5.2846 10.1067 128.8268 64.4887 358.6369 416.9528 -20.8005 0.0000 0.0000
5030.03 18.07.2018 16.50.01 31.55154 297.1311 1641.6818 2.6309 -6.4591 12.1200 145.4286 72.1516 359.5275 418.7375 -20.7522 0.0000 0.0000
5040.03 18.07.2018 17.00.01 31.84591 297.3972 1777.6055 2.8487 -7.7678 14.1554 162.2150 79.9100 360.5362 420.9191 -21.0421 0.0000 0.0000
5050.03 18.07.2018 17.10.01 32.16195 297.0821 540.6419 0.8664 -9.1530 13.3593 153.9656 76.0592 360.3740 420.2236 -25.6019 0.0000 0.0000
5060.03 18.07.2018 17.20.01 32.26061 296.7336 -1496.4375 -2.3981 -9.4731 9.4333 135.9355 68.7058 359.3741 417.9769 -28.4976 0.0000 0.0000
5070.03 18.07.2018 17.30.01 32.01077 296.3793 -1017.6862 -1.6309 -8.1077 8.6357 124.8483 63.1596 358.0296 415.6688 -30.9431 0.0000 0.0000
5080.03 18.07.2018 17.40.01 31.83404 296.0312 -954.9600 -1.5304 -7.2453 7.6199 111.1684 56.3512 356.5658 412.9390 -32.1620 0.0000 0.0000
5090.03 18.07.2018 17.50.01 31.66229 295.6802 -980.9576 -1.5720 -6.5003 6.5710 97.3098 49.4612 354.9950 409.9710 -32.6425 0.0000 0.0000
5100.03 18.07.2018 18.00.01 31.48116 295.3273 -1033.0624 -1.6555 -5.7864 5.5078 83.3650 42.5300 353.3767 406.8574 -32.4543 0.0000 0.0000
5110.03 18.07.2018 18.10.01 31.28756 294.9703 -925.0667 -1.4825 -5.0732 4.7877 69.4092 35.1344 351.2578 403.6706 -29.4147 0.0000 0.0000
5120.03 18.07.2018 18.20.01 31.10925 294.6149 -897.1885 -1.4378 -4.4885 4.0676 59.0198 29.8785 349.1670 400.8177 -27.3711 0.0000 0.0000
5130.03 18.07.2018 18.30.01 30.93322 294.2631 -897.7238 -1.4387 -3.9558 3.3562 48.7561 24.6912 347.1059 397.9618 -25.3709 0.0000 0.0000
5140.03 18.07.2018 18.40.01 30.75454 293.9156 -1016.7938 -1.6295 -3.4474 2.4239 36.1875 18.4315 345.0566 395.0255 -23.0330 0.0000 0.0000
5150.03 18.07.2018 18.50.01 30.55331 293.5686 -1089.8182 -1.7465 -2.8605 1.4854 23.4212 12.0584 342.9692 391.9881 -20.5595 0.0000 0.0000
5160.03 18.07.2018 19.00.01 30.33721 293.2123 -1134.7242 -1.8185 -2.2372 0.5583 10.6735 5.6870 340.8589 388.8698 -18.1493 0.0000 0.0000
5170.03 18.07.2018 19.10.01 30.11273 292.9651 -811.7095 -1.3008 -1.6002 0.3992 7.8900 4.1883 340.7174 386.6988 -16.1529 0.0000 0.0000
5180.03 18.07.2018 19.20.01 29.94259 292.7359 -634.6718 -1.0171 -1.2504 0.3111 6.1871 3.2823 340.8916 384.9641 -14.9345 0.0000 0.0000
5190.03 18.07.2018 19.30.01 29.80303 292.5192 -546.0975 -0.8752 -1.0520 0.2357 4.6781 2.4825 341.1702 383.4297 -14.0590 0.0000 0.0000
5200.03 18.07.2018 19.40.01 29.67895 292.3895 -501.8670 -0.8043 -0.9263 0.1627 3.2040 1.7019 341.5436 382.1823 -12.9513 0.0000 0.0000
5210.03 18.07.2018 19.50.01 29.56274 292.1826 -479.4302 -0.7683 -0.8358 0.0900 1.7361 0.9246 341.9414 380.9251 -12.4776 0.0000 0.0000
5220.03 18.07.2018 20.00.01 29.45052 291.8492 -468.3833 -0.7506 -0.7638 0.0175 0.2714 0.1491 342.3170 379.5626 -12.8373 0.0000 0.0000
5230.03 18.07.2018 20.10.01 29.34033 291.7704 -435.9886 -0.6987 -0.7010 0.0031 0.0464 0.0254 344.0361 378.9663 -11.9555 0.0000 0.0000
5240.03 18.07.2018 20.20.01 29.23614 291.6539 -411.7408 -0.6598 -0.6603 0.0006 0.0086 0.0047 345.8867 378.4928 -11.7321 0.0000 0.0000
5250.03 18.07.2018 20.30.01 29.13665 291.5489 -396.1328 -0.6348 -0.6349 0.0001 0.0015 0.0008 347.7928 378.1551 -11.6816 0.0000 0.0000
5260.03 18.07.2018 20.40.01 29.04025 291.4531 -385.9733 -0.6185 -0.6186 0.0000 0.0003 0.0002 349.7378 377.9311 -11.7450 0.0000 0.0000
5270.03 18.07.2018 20.50.01 28.94592 291.3641 -379.1896 -0.6077 -0.6077 0.0000 0.0000 0.0000 351.7153 377.7918 -11.9545 0.0000 0.0000
5280.03 18.07.2018 21.00.01 28.85302 291.2812 -374.6355 -0.6004 -0.6004 0.0000 0.0000 0.0000 353.7128 377.7236 -12.2868 0.0000 0.0000
5290.03 18.07.2018 21.10.01 28.76104 291.2063 -371.8324 -0.5959 -0.5959 0.0000 0.0000 0.0000 353.5199 377.4127 -12.3250 0.0000 0.0000
5300.03 18.07.2018 21.20.01 28.66934 291.1254 -372.9438 -0.5977 -0.5977 0.0000 0.0000 0.0000 353.2352 377.0406 -12.2980 0.0000 0.0000
5310.03 18.07.2018 21.30.01 28.57687 291.0424 -376.0753 -0.6027 -0.6027 0.0000 0.0000 0.0000 352.9404 376.6500 -12.2626 0.0000 0.0000
5320.03 18.07.2018 21.40.01 28.48354 290.9586 -379.8457 -0.6087 -0.6087 0.0000 0.0000 0.0000 352.6435 376.2498 -12.2158 0.0000 0.0000
5330.03 18.07.2018 21.50.01 28.38928 290.8741 -383.3941 -0.6144 -0.6144 0.0000 0.0000 0.0000 352.3463 375.8414 -12.1659 0.0000 0.0000
5340.03 18.07.2018 22.00.01 28.29418 290.7896 -386.1731 -0.6189 -0.6189 0.0000 0.0000 0.0000 352.0509 375.4293 -12.1102 0.0000 0.0000
5350.03 18.07.2018 22.10.01 28.19845 290.7244 -388.3190 -0.6223 -0.6223 0.0000 0.0000 0.0000 351.1932 374.9491 -11.9137 0.0000 0.0000
5360.03 18.07.2018 22.20.01 28.10232 290.6599 -391.3745 -0.6272 -0.6272 0.0000 0.0000 0.0000 350.3084 374.4436 -11.6715 0.0000 0.0000
5370.03 18.07.2018 22.30.01 28.00527 290.5945 -393.3660 -0.6304 -0.6304 0.0000 0.0000 0.0000 349.4173 373.9245 -11.4008 0.0000 0.0000
5380.03 18.07.2018 22.40.01 27.90783 290.5282 -395.4164 -0.6337 -0.6337 0.0000 0.0000 0.0000 348.5214 373.3943 -11.1105 0.0000 0.0000
5390.03 18.07.2018 22.50.01 27.80990 290.4615 -396.7643 -0.6358 -0.6358 0.0000 0.0000 0.0000 347.6222 372.8561 -10.8008 0.0000 0.0000
5400.03 18.07.2018 23.00.01 27.71194 290.3937 -398.4871 -0.6386 -0.6386 0.0000 0.0000 0.0000 346.7205 372.3099 -10.4852 0.0000 0.0000
5410.03 18.07.2018 23.10.01 27.61331 290.2139 -399.0350 -0.6395 -0.6395 0.0000 0.0000 0.0000 345.6430 371.6089 -10.6753 0.0000 0.0000
5420.03 18.07.2018 23.20.01 27.51443 290.0289 -401.3520 -0.6432 -0.6432 0.0000 0.0000 0.0000 344.5386 370.8880 -10.7529 0.0000 0.0000
5430.03 18.07.2018 23.30.01 27.41494 289.8465 -403.9021 -0.6473 -0.6473 0.0000 0.0000 0.0000 343.4248 370.1480 -10.7856 0.0000 0.0000
5440.03 18.07.2018 23.40.01 27.31490 289.6618 -406.4524 -0.6514 -0.6514 0.0000 0.0000 0.0000 342.3050 369.3710 -10.8915 0.0000 0.0000
5450.03 18.07.2018 23.50.01 27.21420 289.4809 -408.1718 -0.6541 -0.6541 0.0000 0.0000 0.0000 341.1865 368.6058 -10.8589 0.0000 0.0000
5460.03 19.07.2018 00.00.01 27.11318 289.2990 -409.9498 -0.6570 -0.6570 0.0000 0.0000 0.0000 340.0648 367.8292 -10.8068 0.0000 0.0000
5470.03 19.07.2018 00.10.01 27.01159 289.0898 -411.0064 -0.6587 -0.6587 0.0000 0.0000 0.0000 339.1802 367.0366 -10.9714 0.0000 0.0000
5480.03 19.07.2018 00.20.01 26.90997 288.8905 -412.6939 -0.6614 -0.6614 0.0000 0.0000 0.0000 338.3133 366.2586 -11.0884 0.0000 0.0000
5490.03 19.07.2018 00.30.01 26.80795 288.6919 -413.6482 -0.6629 -0.6629 0.0000 0.0000 0.0000 337.4424 365.4827 -11.1702 0.0000 0.0000
5500.03 19.07.2018 00.40.01 26.70550 288.4939 -413.6955 -0.6630 -0.6630 0.0000 0.0000 0.0000 336.5681 364.7119 -11.2148 0.0000 0.0000
5510.03 19.07.2018 00.50.01 26.60296 288.2954 -413.6395 -0.6629 -0.6629 0.0000 0.0000 0.0000 335.6916 363.9420 -11.2444 0.0000 0.0000
5520.03 19.07.2018 01.00.01 26.50042 288.0995 -413.6991 -0.6630 -0.6630 0.0000 0.0000 0.0000 334.8136 363.1761 -11.2533 0.0000 0.0000
5530.03 19.07.2018 01.10.01 26.39794 288.0010 -413.6436 -0.6629 -0.6629 0.0000 0.0000 0.0000 334.6611 362.5855 -11.0096 0.0000 0.0000
5540.03 19.07.2018 01.20.01 26.29614 287.8888 -413.0591 -0.6620 -0.6620 0.0000 0.0000 0.0000 334.5508 362.0271 -10.8857 0.0000 0.0000
5550.03 19.07.2018 01.30.01 26.19451 287.7894 -409.8221 -0.6568 -0.6568 0.0000 0.0000 0.0000 334.4437 361.5121 -10.7429 0.0000 0.0000
5560.03 19.07.2018 01.40.01 26.09377 287.7009 -406.3176 -0.6512 -0.6512 0.0000 0.0000 0.0000 334.3449 361.0600 -10.4925 0.0000 0.0000
5570.03 19.07.2018 01.50.01 25.99401 287.6621 -402.1680 -0.6445 -0.6445 0.0000 0.0000 0.0000 334.2741 360.7432 -9.9387 0.0000 0.0000
5580.03 19.07.2018 02.00.01 25.89547 287.6167 -397.0195 -0.6362 -0.6363 0.0000 0.0003 0.0002 334.2542 360.3878 -9.6777 0.0000 0.0000
5590.03 19.07.2018 02.10.01 25.79815 287.5780 -389.4491 -0.6241 -0.6309 0.0091 0.1946 0.1023 333.6103 359.9473 -9.5561 0.0000 0.0000
5600.03 19.07.2018 02.20.01 25.70165 287.4170 -387.2009 -0.6205 -0.6356 0.0201 0.4181 0.2206 332.8780 359.2920 -10.1549 0.0000 0.0000
5610.03 19.07.2018 02.30.01 25.60519 287.3135 -389.2062 -0.6237 -0.6472 0.0313 0.6465 0.3414 332.1443 358.6428 -10.5600 0.0000 0.0000
5620.03 19.07.2018 02.40.01 25.50799 287.2140 -391.7903 -0.6279 -0.6599 0.0427 0.8757 0.4628 331.3844 358.0242 -10.6887 0.0000 0.0000
5630.03 19.07.2018 02.50.01 25.41039 287.1021 -393.4694 -0.6306 -0.6711 0.0540 1.1051 0.5843 330.5699 357.3828 -10.8583 0.0000 0.0000
5640.03 19.07.2018 03.00.01 25.31234 286.9683 -394.8036 -0.6327 -0.6819 0.0656 1.3399 0.7086 329.7128 356.7119 -11.0635 0.0000 0.0000
5650.03 19.07.2018 03.10.01 25.21423 286.9950 -325.2078 -0.5212 -0.6925 0.2284 4.8042 2.5308 329.2810 356.6148 -10.5293 0.0000 0.0000
5660.03 19.07.2018 03.20.01 25.12841 287.0296 -276.1805 -0.4426 -0.7593 0.4223 8.7559 4.6214 329.0259 356.6954 -10.3077 0.0000 0.0000
5670.03 19.07.2018 03.30.01 25.05157 287.0648 -246.8055 -0.3955 -0.8616 0.6215 12.7877 6.7557 328.8402 356.8554 -10.2911 0.0000 0.0000
5680.03 19.07.2018 03.40.01 24.98046 287.1021 -228.2153 -0.3657 -0.9820 0.8217 16.8347 8.8984 328.6935 357.0860 -10.3734 0.0000 0.0000
5690.03 19.07.2018 03.50.01 24.91317 287.1425 -214.4111 -0.3436 -1.1101 1.0220 20.8843 11.0426 328.5685 357.3682 -10.5578 0.0000 0.0000
5700.03 19.07.2018 04.00.01 24.84893 287.1876 -203.2159 -0.3257 -1.2427 1.2227 24.9399 13.1899 328.4631 357.7029 -10.7982 0.0000 0.0000
5710.03 19.07.2018 04.10.01 24.78765 287.5427 -119.7880 -0.1920 -1.3746 1.5769 32.2756 17.0617 329.0122 358.8030 -9.8609 0.0000 0.0000
5720.03 19.07.2018 04.20.01 24.74233 287.9078 -54.9006 -0.0880 -1.5600 1.9627 40.1064 21.2061 329.7721 360.1871 -9.2436 0.0000 0.0000
5730.03 19.07.2018 04.30.01 24.70999 288.2777 -9.3318 -0.0150 -1.7804 2.3539 48.0185 25.3949 330.6304 361.7446 -8.8300 0.0000 0.0000
5740.03 19.07.2018 04.40.01 24.68731 288.6514 25.1635 0.0403 -2.0192 2.7461 55.9461 29.5922 331.5511 363.4435 -8.5715 0.0000 0.0000
5750.03 19.07.2018 04.50.01 24.67239 289.0280 53.6871 0.0860 -2.2678 3.1385 80.1006 42.8844 332.5181 366.7303 -9.9797 0.0000 0.0000
5760.03 19.07.2018 05.00.01 24.66412 289.4338 96.7471 0.1550 -2.5214 3.5686 92.0225 49.3154 333.6875 369.4388 -10.7048 0.0000 0.0000
5770.03 19.07.2018 05.10.01 24.66488 289.8319 118.1392 0.1893 -2.7921 3.9753 165.1138 90.0641 334.8314 377.8996 -17.1204 0.0000 0.0000
5780.03 19.07.2018 05.20.01 24.67135 290.3972 210.7097 0.3377 -3.0613 4.5319 240.6303 132.1470 336.6547 388.5706 -24.8270 0.0000 0.0000
5790.03 19.07.2018 05.30.01 24.69576 290.9635 289.5854 0.4641 -3.3857 5.1330 316.2736 174.2780 338.8083 400.5526 -33.6690 0.0000 0.0000
5800.03 19.07.2018 05.40.01 24.73629 291.5474 353.6161 0.5667 -3.7488 5.7540 297.1949 163.2735 341.1425 404.2251 -34.3562 0.0000 0.0000
5810.03 19.07.2018 05.50.01 24.79019 291.8665 286.1032 0.4585 -4.1351 6.1248 274.2014 150.1210 342.5687 405.5915 -34.0781 0.0000 0.0000
5820.03 19.07.2018 06.00.01 24.83486 292.2464 243.2189 0.3898 -4.4357 6.4340 250.3635 136.5060 343.6926 406.0132 -32.6475 0.0000 0.0000
5830.03 19.07.2018 06.10.01 24.87390 292.5026 132.8562 0.2129 -4.6759 6.5184 283.6275 155.0625 345.1258 412.1470 -32.8458 0.0000 0.0000
5840.03 19.07.2018 06.20.01 24.89602 292.8259 158.1088 0.2534 -4.8001 6.7380 318.6198 174.5476 347.1055 419.9234 -34.2702 0.0000 0.0000
5850.03 19.07.2018 06.30.01 24.92434 293.2078 202.7205 0.3249 -4.9236 6.9980 353.3603 193.8516 348.8068 425.8129 -44.6317 0.0000 0.0000
5860.03 19.07.2018 06.40.01 24.96240 293.9256 239.8054 0.3843 -5.0614 7.2609 372.0418 204.1391 351.0967 433.3876 -41.0909 0.0000 0.0000
5870.03 19.07.2018 06.50.01 25.00942 294.1203 265.5448 0.4256 -5.2000 7.5008 392.0860 215.2625 353.1835 438.7790 -47.1835 0.0000 0.0000
5880.03 19.07.2018 07.00.01 25.06368 294.4963 289.6835 0.4642 -5.3281 7.7231 411.6811 226.1316 355.0783 444.0282 -55.2318 0.0000 0.0000
5890.03 19.07.2018 07.10.01 25.12505 294.7057 385.9996 0.6186 -5.4467 8.0871 411.9133 226.0590 356.8895 448.3296 -54.1271 0.0000 0.0000
5900.03 19.07.2018 07.20.01 25.20513 294.7759 423.8527 0.6793 -5.6246 8.4052 411.1840 225.4455 357.8411 449.8268 -63.9619 0.0000 0.0000
5910.03 19.07.2018 07.30.01 25.29370 294.8021 445.5776 0.7141 -5.8108 8.6999 409.8787 224.5050 358.4799 450.2237 -73.8448 0.0000 0.0000
5920.03 19.07.2018 07.40.01 25.38824 295.0944 479.4574 0.7684 -5.9904 9.0117 410.5090 224.6322 360.7897 457.0540 -57.0806 0.0000 0.0000
5930.03 19.07.2018 07.50.01 25.49130 295.9243 511.1935 0.8192 -6.1643 9.3113 410.7890 224.5597 361.8530 457.8427 -65.9909 0.0000 0.0000
5940.03 19.07.2018 08.00.01 25.60284 295.9022 541.3992 0.8676 -6.3340 9.6022 410.5723 224.1948 361.6395 454.7232 -85.2926 0.0000 0.0000
5950.03 19.07.2018 08.10.01 25.72128 296.0758 518.1243 0.8303 -6.5091 9.7859 427.8604 233.6781 362.0712 457.2273 -87.2847 0.0000 0.0000
5960.03 19.07.2018 08.20.01 25.83764 296.3046 550.3251 0.8819 -6.6427 10.0329 445.5703 243.3648 362.9946 460.3740 -89.8311 0.0000 0.0000
5970.03 19.07.2018 08.30.01 25.96151 296.5490 596.3626 0.9557 -6.7823 10.3174 463.2340 252.9940 364.1015 463.8142 -92.6518 0.0000 0.0000
5980.03 19.07.2018 08.40.01 26.09518 296.7959 627.2866 1.0053 -6.9389 10.5922 477.1047 260.4879 365.2760 467.0670 -95.4039 0.0000 0.0000
5990.03 19.07.2018 08.50.01 26.23602 297.0442 646.8351 1.0366 -7.1006 10.8496 490.1111 267.4769 366.4526 470.3066 -97.9855 0.0000 0.0000
6000.03 19.07.2018 09.00.01 26.38214 297.2854 675.5936 1.0827 -7.2592 11.1226 502.4325 274.0430 367.6128 473.4740 -100.7546 0.0000 0.0000
6010.03 19.07.2018 09.10.01 26.53494 297.5464 732.6072 1.1741 -7.4237 11.4637 499.3634 272.0055 369.1986 475.8070 -99.6897 0.0000 0.0000
6020.03 19.07.2018 09.20.01 26.69891 297.7835 728.4719 1.1674 -7.6179 11.7138 494.7378 269.1048 370.6457 477.7612 -97.5434 0.0000 0.0000
6030.03 19.07.2018 09.30.01 26.86401 297.9910 771.3738 1.2362 -7.7908 12.0359 491.1130 266.7479 372.1365 479.4768 -96.8277 0.0000 0.0000
6040.03 19.07.2018 09.40.01 27.03787 298.2166 788.1953 1.2631 -7.9833 12.3285 488.2154 264.7880 373.6558 481.3727 -94.8852 0.0000 0.0000
6050.03 19.07.2018 09.50.01 27.21618 298.4563 825.8738 1.3235 -8.1732 12.6623 486.0057 263.2112 375.3063 483.3433 -93.0214 0.0000 0.0000
6060.03 19.07.2018 10.00.01 27.40240 298.6735 838.1511 1.3432 -8.3790 12.9629 482.8846 261.1128 376.9100 484.9281 -92.1704 0.0000 0.0000
6070.03 19.07.2018 10.10.01 27.59216 298.6035 878.7816 1.4083 -8.5801 13.3178 465.8499 251.2991 380.5147 488.5412 -84.0327 0.0000 0.0000
6080.03 19.07.2018 10.20.01 27.79016 298.6291 834.9999 1.3381 -8.7973 13.5140 445.7043 239.7411 383.9340 488.0707 -87.0502 0.0000 0.0000
6090.03 19.07.2018 10.30.01 27.98193 298.6746 779.2023 1.2487 -8.9595 13.6110 427.9320 229.6838 385.3270 484.3792 -95.5482 0.0000 0.0000
6100.03 19.07.2018 10.40.01 28.16534 298.8218 799.1143 1.2806 -9.0662 13.7958 409.6407 219.1342 387.0344 483.3667 -82.0116 0.0000 0.0000
6110.03 19.07.2018 10.50.01 28.35305 298.9298 791.4100 1.2683 -9.1845 13.9370 396.9024 211.9484 388.6880 482.5437 -76.6845 0.0000 0.0000
6120.03 19.07.2018 11.00.01 28.53958 299.2083 782.3304 1.2537 -9.2947 14.0646 384.4743 204.9603 390.0113 480.5247 -81.1216 0.0000 0.0000
6130.03 19.07.2018 11.10.01 28.72357 299.0387 504.7899 0.8090 -9.3891 13.5974 355.7932 189.4570 392.4789 481.1318 -69.6466 0.0000 0.0000
6140.03 19.07.2018 11.20.01 28.85870 298.9987 269.6386 0.4321 -9.2470 12.9055 325.3219 173.0523 394.2393 478.5023 -71.4671 0.0000 0.0000
6150.03 19.07.2018 11.30.01 28.95226 298.9546 140.7420 0.2255 -8.9117 12.1830 294.4657 156.4410 395.0136 473.5401 -75.2141 0.0000 0.0000
6160.03 19.07.2018 11.40.01 29.02203 298.9042 73.1317 0.1172 -8.4861 11.4711 265.1882 140.6994 395.6584 470.6277 -60.5545 0.0000 0.0000
6170.03 19.07.2018 11.50.01 29.07794 299.1433 19.8016 0.0317 -8.0275 10.7456 236.4985 125.3201 395.5853 466.4413 -53.4924 0.0000 0.0000
6180.03 19.07.2018 12.00.01 29.12191 299.2967 -25.9621 -0.0416 -7.5568 10.0203 210.3335 111.4530 395.2494 461.1945 -55.1642 0.0000 0.0000
6190.03 19.07.2018 12.10.01 29.15524 299.1393 76.3361 0.1223 -7.0887 9.6148 203.2184 107.5583 393.5701 457.7930 -53.0845 0.0000 0.0000
6200.03 19.07.2018 12.20.01 29.20406 299.0531 235.7762 0.3778 -6.7418 9.4928 200.3578 105.9995 392.5235 455.5096 -51.6843 0.0000 0.0000
6210.03 19.07.2018 12.30.01 29.27871 298.9916 337.2005 0.5404 -6.5540 9.4592 198.4726 104.9573 391.7774 453.6492 -50.5631 0.0000 0.0000
6220.03 19.07.2018 12.40.01 29.36965 298.9426 381.9143 0.6120 -6.4675 9.4394 196.3519 103.7605 391.1494 451.9570 -49.5939 0.0000 0.0000
6230.03 19.07.2018 12.50.01 29.46725 298.8961 394.9821 0.6330 -6.4308 9.4184 194.2819 102.5951 390.5719 450.4461 -48.6726 0.0000 0.0000
6240.03 19.07.2018 13.00.01 29.56609 298.8571 399.6836 0.6405 -6.4169 9.4099 192.3825 101.5206 390.0297 449.0760 -47.9299 0.0000 0.0000
6250.03 19.07.2018 13.10.01 29.66677 298.8304 757.2648 1.2136 -6.4283 10.1892 208.4532 109.4975 387.4688 448.5062 -49.0818 0.0000 0.0000
6260.03 19.07.2018 13.20.01 29.82913 298.8382 1110.4946 1.7796 -6.7580 11.3835 229.0175 119.8545 385.3693 448.7539 -52.8284 0.0000 0.0000
6270.03 19.07.2018 13.30.01 30.05355 298.8903 1394.4669 2.2347 -7.3877 12.8299 250.2146 130.3993 383.5727 449.2565 -57.3846 0.0000 0.0000
6280.03 19.07.2018 13.40.01 30.32903 298.8926 1649.5896 2.6436 -8.2466 14.5202 274.1020 142.3264 381.9349 450.3623 -62.6366 0.0000 0.0000
6290.03 19.07.2018 13.50.01 30.65109 298.9886 1878.8269 3.0109 -9.3028 16.4184 299.1747 154.8076 380.4699 452.0142 -67.8265 0.0000 0.0000
6300.03 19.07.2018 14.00.01 31.01556 299.0842 2062.6206 3.3055 -10.5281 18.4448 324.3004 167.2265 378.9787 453.8905 -73.0825 0.0000 0.0000
6310.03 19.07.2018 14.10.01 31.41018 299.0175 1251.3401 2.0054 -11.8633 18.4915 318.1161 164.2344 379.4641 454.3968 -73.8500 0.0000 0.0000
6320.03 19.07.2018 14.20.01 31.66454 298.9091 638.6479 1.0235 -12.4880 18.0153 304.9577 157.4590 378.8663 453.0839 -74.0455 0.0000 0.0000
6330.03 19.07.2018 14.30.01 31.81069 298.7798 254.2880 0.4075 -12.6096 17.3561 290.3098 149.9308 377.8251 451.1505 -73.8654 0.0000 0.0000
6340.03 19.07.2018 14.40.01 31.88644 298.6458 -46.0526 -0.0738 -12.4394 16.4875 273.7904 141.4726 376.5786 448.8485 -72.3108 0.0000 0.0000
6350.03 19.07.2018 14.50.01 31.90609 298.5170 -258.1333 -0.4137 -12.0561 15.5232 257.0702 132.9668 375.2664 446.3497 -70.3654 0.0000 0.0000
6360.03 19.07.2018 15.00.01 31.88461 298.4260 -447.6625 -0.7174 -11.5352 14.4238 239.5478 124.0814 373.8811 443.6837 -67.6220 0.0000 0.0000
6370.03 19.07.2018 15.10.01 31.82702 298.2306 -431.6746 -0.6918 -10.9088 13.6226 225.9584 117.0867 372.6578 441.2781 -64.8183 0.0000 0.0000
6380.03 19.07.2018 15.20.01 31.77004 298.0425 -445.4061 -0.7138 -10.3291 12.8204 213.0873 110.5229 371.5841 438.9142 -62.2000 0.0000 0.0000
6390.03 19.07.2018 15.30.01 31.70767 297.8560 -496.0449 -0.7949 -9.7710 11.9681 199.5134 103.5752 370.5475 436.4290 -59.4774 0.0000 0.0000
6400.03 19.07.2018 15.40.01 31.63351 297.6651 -624.1015 -1.0002 -9.1995 10.9325 183.8369 95.5551 369.4579 433.7126 -56.3559 0.0000 0.0000
6410.03 19.07.2018 15.50.01 31.53454 297.4765 -728.3083 -1.1672 -8.5486 9.8419 168.8609 87.9973 368.3468 431.0120 -53.3048 0.0000 0.0000
6420.03 19.07.2018 16.00.01 31.41479 297.2890 -819.8455 -1.3139 -7.8407 8.7025 153.9866 80.5356 367.2613 428.2902 -50.2018 0.0000 0.0000
6430.03 19.07.2018 16.10.01 31.27950 297.1764 -134.4088 -0.2154 -7.0862 9.1611 155.2455 80.7543 365.5589 426.2643 -48.8441 0.0000 0.0000
6440.03 19.07.2018 16.20.01 31.26013 297.0700 238.2049 0.3817 -6.9403 9.7627 158.4142 82.0082 364.1074 424.6563 -48.7917 0.0000 0.0000
6450.03 19.07.2018 16.30.01 31.30499 296.9680 433.7280 0.6951 -7.1127 10.4103 162.0012 83.4775 362.7831 423.2838 -49.0246 0.0000 0.0000
6460.03 19.07.2018 16.40.01 31.38467 296.8716 626.7615 1.0044 -7.4431 11.2634 163.4282 83.4128 361.4916 421.8319 -47.9350 0.0000 0.0000
6470.03 19.07.2018 16.50.01 31.49859 296.7717 736.9568 1.1810 -7.9272 12.1443 168.4099 85.4599 360.2374 420.7527 -48.6038 0.0000 0.0000
6480.03 19.07.2018 17.00.01 31.63271 296.6764 798.3468 1.2794 -8.4928 13.0296 173.4686 87.5508 359.0303 419.8038 -49.4924 0.0000 0.0000
6490.03 19.07.2018 17.10.01 31.77493 296.4450 5.6410 0.0090 -9.1008 12.1465 160.2523 80.8873 357.8048 417.9740 -48.2085 0.0000 0.0000
6500.03 19.07.2018 17.20.01 31.77627 296.2030 -1456.8973 -2.3348 -9.0373 8.9367 139.6202 71.5332 356.2675 415.4011 -44.9857 0.0000 0.0000
6510.03 19.07.2018 17.30.01 31.52697 295.9557 -1097.5487 -1.7589 -7.7666 8.0103 124.0282 63.4818 354.5966 412.7818 -42.0574 0.0000 0.0000
6520.03 19.07.2018 17.40.01 31.33279 295.7160 -1037.5856 -1.6628 -6.8710 6.9443 106.7606 54.6118 352.9253 410.1024 -37.9293 0.0000 0.0000
6530.03 19.07.2018 17.50.01 31.14489 295.4810 -1047.3311 -1.6784 -6.0701 5.8555 89.3875 45.6961 351.2060 407.2564 -33.7679 0.0000 0.0000
6540.03 19.07.2018 18.00.01 30.95211 295.2654 -1080.0569 -1.7309 -5.2978 4.7559 71.9633 36.7574 349.4875 404.3383 -29.3767 0.0000 0.0000
6550.03 19.07.2018 18.10.01 30.75155 294.9094 -917.2224 -1.4699 -4.5323 4.0832 59.1530 29.9484 348.0573 401.3457 -26.0897 0.0000 0.0000
6560.03 19.07.2018 18.20.01 30.57604 294.5566 -837.5049 -1.3422 -3.9386 3.4619 50.1914 25.4085 346.7173 398.7487 -24.0687 0.0000 0.0000
6570.03 19.07.2018 18.30.01 30.41216 294.2102 -808.1636 -1.2951 -3.4377 2.8568 41.4651 20.9971 345.4304 396.2177 -22.0948 0.0000 0.0000
6580.03 19.07.2018 18.40.01 30.25109 293.8667 -894.6984 -1.4338 -2.9817 2.0639 30.7926 15.6828 344.1599 393.6250 -20.0539 0.0000 0.0000
6590.03 19.07.2018 18.50.01 30.07357 293.5235 -950.2881 -1.5229 -2.4722 1.2658 19.9539 10.2731 342.8520 390.9750 -17.9071 0.0000 0.0000
6600.03 19.07.2018 19.00.01 29.88452 293.1802 -985.3750 -1.5791 -1.9372 0.4774 9.1313 4.8650 341.5397 388.2905 -15.7933 0.0000 0.0000
6610.03 19.07.2018 19.10.01 29.68859 292.8098 -710.6262 -1.1388 -1.3953 0.3420 6.7599 3.5884 340.0770 385.9382 -14.8103 0.0000 0.0000
6620.03 19.07.2018 19.20.01 29.53808 292.4435 -567.6002 -0.9096 -1.1096 0.2666 5.3027 2.8131 338.7577 383.8507 -14.2662 0.0000 0.0000
6630.03 19.07.2018 19.30.01 29.41122 292.0790 -503.1785 -0.8064 -0.9579 0.2021 4.0097 2.1278 337.4854 381.8703 -13.9067 0.0000 0.0000
6640.03 19.07.2018 19.40.01 29.29473 291.7163 -476.6684 -0.7639 -0.8685 0.1394 2.7462 1.4587 336.2364 379.9671 -13.6547 0.0000 0.0000
6650.03 19.07.2018 19.50.01 29.18224 291.3541 -468.4020 -0.7506 -0.8085 0.0772 1.4881 0.7926 335.0038 378.1235 -13.4948 0.0000 0.0000
6660.03 19.07.2018 20.00.01 29.07061 290.9941 -468.7513 -0.7512 -0.7625 0.0150 0.2326 0.1278 333.7805 376.3303 -13.3947 0.0000 0.0000
6670.03 19.07.2018 20.10.01 28.95852 290.8174 -448.8617 -0.7193 -0.7213 0.0026 0.0398 0.0218 332.9951 374.9606 -12.4277 0.0000 0.0000
6680.03 19.07.2018 20.20.01 28.84979 290.6448 -435.1132 -0.6973 -0.6977 0.0005 0.0074 0.0040 332.3037 373.7248 -11.7042 0.0000 0.0000
6690.03 19.07.2018 20.30.01 28.74343 290.4746 -427.9012 -0.6857 -0.6858 0.0001 0.0013 0.0007 331.6507 372.5780 -11.1272 0.0000 0.0000
6700.03 19.07.2018 20.40.01 28.63818 290.3068 -424.7027 -0.6806 -0.6806 0.0000 0.0002 0.0001 331.0279 371.5050 -10.6563 0.0000 0.0000
6710.03 19.07.2018 20.50.01 28.53347 290.1421 -424.7561 -0.6807 -0.6807 0.0000 0.0000 0.0000 330.4295 370.4920 -10.2772 0.0000 0.0000
6720.03 19.07.2018 21.00.01 28.42822 289.9782 -425.1973 -0.6814 -0.6814 0.0000 0.0000 0.0000 329.8486 369.5268 -9.9771 0.0000 0.0000
6730.03 19.07.2018 21.10.01 28.32287 289.7692 -428.6799 -0.6870 -0.6870 0.0000 0.0000 0.0000 329.4985 368.5548 -10.1143 0.0000 0.0000
6740.03 19.07.2018 21.20.01 28.21642 289.5603 -433.3389 -0.6945 -0.6945 0.0000 0.0000 0.0000 329.1532 367.6127 -10.2989 0.0000 0.0000
6750.03 19.07.2018 21.30.01 28.10879 289.3536 -438.9164 -0.7034 -0.7034 0.0000 0.0000 0.0000 328.8126 366.6978 -10.5081 0.0000 0.0000
6760.03 19.07.2018 21.40.01 27.99972 289.1470 -444.3661 -0.7121 -0.7121 0.0000 0.0000 0.0000 328.4764 365.8043 -10.7475 0.0000 0.0000
6770.03 19.07.2018 21.50.01 27.88934 288.9397 -449.8000 -0.7208 -0.7208 0.0000 0.0000 0.0000 328.1452 364.9288 -11.0126 0.0000 0.0000
6780.03 19.07.2018 22.00.01 27.77767 288.7340 -454.9543 -0.7291 -0.7291 0.0000 0.0000 0.0000 327.8185 364.0711 -11.2968 0.0000 0.0000
6790.03 19.07.2018 22.10.01 27.66473 288.5307 -459.4052 -0.7362 -0.7362 0.0000 0.0000 0.0000 326.4853 363.1261 -11.2755 0.0000 0.0000
6800.03 19.07.2018 22.20.01 27.55071 288.3177 -464.1127 -0.7438 -0.7438 0.0000 0.0000 0.0000 325.1161 362.1547 -11.1823 0.0000 0.0000
6810.03 19.07.2018 22.30.01 27.43560 288.1070 -469.0385 -0.7517 -0.7517 0.0000 0.0000 0.0000 323.7402 361.1567 -11.1474 0.0000 0.0000
6820.03 19.07.2018 22.40.01 27.31918 287.8999 -473.4817 -0.7588 -0.7588 0.0000 0.0000 0.0000 322.3743 360.1765 -11.0025 0.0000 0.0000
6830.03 19.07.2018 22.50.01 27.20172 287.6993 -477.6273 -0.7654 -0.7654 0.0000 0.0000 0.0000 321.0124 359.1977 -10.8239 0.0000 0.0000
6840.03 19.07.2018 23.00.01 27.08328 287.4997 -481.5264 -0.7717 -0.7717 0.0000 0.0000 0.0000 319.6529 358.2187 -10.6314 0.0000 0.0000
6850.03 19.07.2018 23.10.01 26.96392 287.2793 -485.2523 -0.7776 -0.7776 0.0000 0.0000 0.0000 318.7907 357.2629 -10.7244 0.0000 0.0000
6860.03 19.07.2018 23.20.01 26.84365 287.0781 -488.6121 -0.7830 -0.7830 0.0000 0.0000 0.0000 317.9510 356.3468 -10.7642 0.0000 0.0000
6870.03 19.07.2018 23.30.01 26.72262 286.8734 -491.8507 -0.7882 -0.7882 0.0000 0.0000 0.0000 317.1014 355.4276 -10.8492 0.0000 0.0000
6880.03 19.07.2018 23.40.01 26.60082 286.6574 -495.3519 -0.7938 -0.7938 0.0000 0.0000 0.0000 316.2411 354.4949 -11.0027 0.0000 0.0000
6890.03 19.07.2018 23.50.01 26.47814 286.4257 -498.6589 -0.7991 -0.7991 0.0000 0.0000 0.0000 315.3698 353.5318 -11.2362 0.0000 0.0000
6900.03 20.07.2018 00.00.01 26.35455 286.1907 -501.7298 -0.8041 -0.8041 0.0000 0.0000 0.0000 314.4955 352.5630 -11.4759 0.0000 0.0000
6910.03 20.07.2018 00.10.01 26.23022 286.0397 -504.6018 -0.8087 -0.8087 0.0000 0.0000 0.0000 313.5249 351.6727 -11.3238 0.0000 0.0000
6920.03 20.07.2018 00.20.01 26.10525 285.8863 -507.2377 -0.8129 -0.8129 0.0000 0.0000 0.0000 312.5542 350.7898 -11.1822 0.0000 0.0000
6930.03 20.07.2018 00.30.01 25.97979 285.7333 -510.1914 -0.8176 -0.8176 0.0000 0.0000 0.0000 311.5838 349.9134 -11.0565 0.0000 0.0000
6940.03 20.07.2018 00.40.01 25.85345 285.5789 -511.9332 -0.8204 -0.8204 0.0000 0.0000 0.0000 310.6159 349.0450 -10.9314 0.0000 0.0000
6950.03 20.07.2018 00.50.01 25.72674 285.4242 -514.2378 -0.8241 -0.8241 0.0000 0.0000 0.0000 309.6493 348.1826 -10.8120 0.0000 0.0000
6960.03 20.07.2018 01.00.01 25.59948 285.2715 -516.3264 -0.8274 -0.8274 0.0000 0.0000 0.0000 308.6879 347.3271 -10.7003 0.0000 0.0000
6970.03 20.07.2018 01.10.01 25.47167 285.1245 -517.6503 -0.8296 -0.8296 0.0000 0.0000 0.0000 308.0948 346.5710 -10.4804 0.0000 0.0000
6980.03 20.07.2018 01.20.01 25.34374 284.9773 -517.4937 -0.8293 -0.8293 0.0000 0.0000 0.0000 307.5361 345.8373 -10.3257 0.0000 0.0000
6990.03 20.07.2018 01.30.01 25.21627 284.8319 -517.4191 -0.8292 -0.8292 0.0000 0.0000 0.0000 306.9916 345.1283 -10.1698 0.0000 0.0000
7000.03 20.07.2018 01.40.01 25.08895 284.6839 -516.7097 -0.8281 -0.8281 0.0000 0.0000 0.0000 306.4565 344.4254 -10.0727 0.0000 0.0000
7010.03 20.07.2018 01.50.01 24.96169 284.5348 -515.2373 -0.8257 -0.8257 0.0000 0.0000 0.0000 305.9337 343.7392 -9.9746 0.0000 0.0000
7020.03 20.07.2018 02.00.01 24.83465 284.3838 -513.7564 -0.8233 -0.8233 0.0000 0.0004 0.0002 305.4165 343.0556 -9.9252 0.0000 0.0000
7030.03 20.07.2018 02.10.01 24.70818 284.2518 -508.9603 -0.8156 -0.8234 0.0103 0.2200 0.1156 305.2666 342.4354 -10.0036 0.0000 0.0000
7040.03 20.07.2018 02.20.01 24.58218 284.1306 -504.6244 -0.8087 -0.8257 0.0227 0.4726 0.2493 305.1374 341.8590 -10.0882 0.0000 0.0000
7050.03 20.07.2018 02.30.01 24.45703 284.0077 -502.8524 -0.8059 -0.8324 0.0354 0.7308 0.3860 305.0131 341.2999 -10.2073 0.0000 0.0000
7060.03 20.07.2018 02.40.01 24.33215 283.8822 -501.7083 -0.8040 -0.8402 0.0483 0.9899 0.5232 304.8874 340.7500 -10.3695 0.0000 0.0000
7070.03 20.07.2018 02.50.01 24.20751 283.7553 -501.1752 -0.8032 -0.8490 0.0611 1.2493 0.6605 304.7678 340.2146 -10.5448 0.0000 0.0000
7080.03 20.07.2018 03.00.01 24.08303 283.6261 -500.7416 -0.8025 -0.8581 0.0741 1.5133 0.8003 304.6451 339.6833 -10.7610 0.0000 0.0000
7090.03 20.07.2018 03.10.01 23.95898 283.6799 -437.3370 -0.7009 -0.8648 0.2186 4.5852 2.4163 304.3532 339.5994 -10.1262 0.0000 0.0000
7100.03 20.07.2018 03.20.01 23.84652 283.7346 -390.1688 -0.6253 -0.9179 0.3901 8.0809 4.2657 304.1841 339.6768 -9.6898 0.0000 0.0000
7110.03 20.07.2018 03.30.01 23.74310 283.7890 -359.9066 -0.5768 -1.0015 0.5663 11.6462 6.1531 304.0758 339.8287 -9.4358 0.0000 0.0000
7120.03 20.07.2018 03.40.01 23.64578 283.8467 -339.0497 -0.5433 -1.1008 0.7433 15.2248 8.0478 304.0063 340.0613 -9.2275 0.0000 0.0000
7130.03 20.07.2018 03.50.01 23.55291 283.9103 -323.2743 -0.5181 -1.2084 0.9205 18.8057 9.9437 303.9657 340.3544 -9.0853 0.0000 0.0000
7140.03 20.07.2018 04.00.01 23.46359 283.9627 -310.1016 -0.4970 -1.3202 1.0977 22.3865 11.8396 303.9436 340.6714 -9.0952 0.0000 0.0000
7150.03 20.07.2018 04.10.01 23.37734 284.3005 -302.7643 -0.4852 -1.4319 1.2622 25.6975 13.5937 304.4247 341.3982 -7.7343 0.0000 0.0000
7160.03 20.07.2018 04.20.01 23.29382 284.6464 -290.2121 -0.4651 -1.5332 1.4242 28.9679 15.3254 304.9928 342.2255 -6.5262 0.0000 0.0000
7170.03 20.07.2018 04.30.01 23.21386 284.9908 -274.6640 -0.4402 -1.6295 1.5857 32.2316 17.0535 305.5980 343.1308 -5.4344 0.0000 0.0000
7180.03 20.07.2018 04.40.01 23.13790 285.3322 -258.3936 -0.4141 -1.7244 1.7471 35.4939 18.7808 306.2381 344.1055 -4.4401 0.0000 0.0000
7190.03 20.07.2018 04.50.01 23.06591 285.6759 -241.9501 -0.3877 -1.8192 1.9086 38.7561 20.5080 306.9043 345.1452 -3.5172 0.0000 0.0000
