# simtime date time IndoorTemp Av_Tair_at_facade Energyflux.toIndoor.sum  Energyflux.toIndoor.average Energyflux.Conduction.average Energyflux.SW.transmission.average Shortwave.availabe Shortwave.absorbed Longwave.available Longwave.emittedFacade Sensible.outside Vapour.fromGreening Vapour.fromSubstrate
10.02 15.07.2018 05.10.00 19.91604 288.2769 129.5491 0.5682 -0.6385 1.6090 514.9278 285.0372 322.4227 409.1337 -60.4809 0.0000 0.0000
20.02 15.07.2018 05.20.00 19.95699 289.0802 222.6096 0.9764 -1.1573 2.8448 919.1875 509.1484 326.7720 459.8939 -106.7853 0.0000 0.0000
30.03 15.07.2018 05.30.01 20.04852 289.8470 331.9211 1.4558 -1.7820 4.3171 1325.2334 734.1575 332.5233 523.1078 -160.3083 0.0000 0.0000
40.03 15.07.2018 05.40.01 20.20013 290.6755 435.7747 1.9113 -2.5619 5.9642 1242.7385 687.5641 339.5257 538.0145 -173.4828 0.0000 0.0000
50.03 15.07.2018 05.50.01 20.40038 291.2478 269.6511 1.1827 -3.4415 6.1656 1146.5077 633.8762 342.6968 541.4224 -180.8852 0.0000 0.0000
60.03 15.07.2018 06.00.01 20.53240 291.7842 153.2991 0.6724 -3.8654 6.0504 1046.5877 578.2153 344.5102 539.3004 -184.5970 0.0000 0.0000
70.03 15.07.2018 06.10.01 20.61715 292.1074 107.1048 0.4698 -3.9742 5.9253 1000.5304 552.5173 345.7994 540.0098 -189.1347 0.0000 0.0000
80.03 15.07.2018 06.20.01 20.68563 292.4809 120.2847 0.5276 -3.9333 5.9478 954.0259 526.4357 347.3349 538.9855 -192.1106 0.0000 0.0000
90.03 15.07.2018 06.30.01 20.76385 292.8141 131.7056 0.5777 -3.8672 5.9265 906.8376 499.9760 348.6552 536.1979 -193.6700 0.0000 0.0000
100.03 15.07.2018 06.40.01 20.85168 293.1617 161.8836 0.7100 -3.7723 5.9765 876.1714 482.6307 350.0128 534.3161 -193.6026 0.0000 0.0000
110.03 15.07.2018 06.50.01 20.95715 293.5057 187.7067 0.8233 -3.6895 6.0170 848.3129 466.9788 351.3582 532.2478 -193.5010 0.0000 0.0000
120.03 15.07.2018 07.00.01 21.07818 293.8443 213.8862 0.9381 -3.6121 6.0670 821.2148 451.7740 352.6753 529.7611 -192.8076 0.0000 0.0000
130.03 15.07.2018 07.10.01 21.21453 294.1184 233.9274 1.0260 -3.5462 6.0962 802.4061 441.1485 354.1979 529.3026 -188.1219 0.0000 0.0000
140.03 15.07.2018 07.20.01 21.36321 294.4048 264.1065 1.1584 -3.4858 6.1922 783.7299 430.5494 355.8685 528.8281 -183.3145 0.0000 0.0000
150.03 15.07.2018 07.30.01 21.52804 294.6936 283.4396 1.2432 -3.4565 6.2662 764.5296 419.6538 357.5677 528.1720 -178.3693 0.0000 0.0000
160.03 15.07.2018 07.40.01 21.70416 294.9970 310.1749 1.3604 -3.4401 6.4007 749.8957 411.2307 359.3112 528.0066 -173.0362 0.0000 0.0000
170.03 15.07.2018 07.50.01 21.89407 295.2987 318.9780 1.3990 -3.4567 6.4743 734.4093 402.3456 361.1162 527.7237 -167.8860 0.0000 0.0000
180.03 15.07.2018 08.00.01 22.08959 295.5928 330.4771 1.4495 -3.4714 6.5612 718.4659 393.1762 362.9029 527.2500 -162.9252 0.0000 0.0000
190.03 15.07.2018 08.10.01 22.29144 295.7964 337.7580 1.4814 -3.4992 6.6408 701.4234 383.3955 364.8060 528.5070 -151.2177 0.0000 0.0000
200.03 15.07.2018 08.20.01 22.49691 296.1082 338.3884 1.4842 -3.5350 6.6922 683.8528 373.3200 366.4591 527.5429 -146.6962 0.0000 0.0000
210.03 15.07.2018 08.30.01 22.70410 296.4328 352.8610 1.5476 -3.5557 6.8044 666.6020 363.3876 367.8863 524.8406 -145.4626 0.0000 0.0000
220.03 15.07.2018 08.40.01 22.91836 296.6820 348.0798 1.5267 -3.5983 6.8333 651.4421 354.6164 369.2655 524.0028 -135.8891 0.0000 0.0000
230.03 15.07.2018 08.50.01 23.13098 296.9472 352.7242 1.5470 -3.6277 6.8996 636.4472 345.9151 370.6508 522.5149 -134.2626 0.0000 0.0000
240.03 15.07.2018 09.00.01 23.34600 297.2285 365.8864 1.6048 -3.6664 7.0282 621.6304 337.2713 371.9348 520.2202 -136.5758 0.0000 0.0000
250.03 15.07.2018 09.10.01 23.56704 297.3677 378.8083 1.6614 -3.7370 7.1979 604.0220 327.0697 373.6695 521.4125 -122.6829 0.0000 0.0000
260.03 15.07.2018 09.20.01 23.79370 297.6456 389.3384 1.7076 -3.8380 7.3941 586.8355 317.1011 375.7260 521.1775 -119.9659 0.0000 0.0000
270.03 15.07.2018 09.30.01 24.02566 297.7309 403.2983 1.7689 -3.9581 7.6359 569.9818 307.2936 377.2006 516.4562 -131.6994 0.0000 0.0000
280.03 15.07.2018 09.40.01 24.26412 298.4692 418.1965 1.8342 -4.1060 7.9203 556.5275 299.3331 378.6427 516.6871 -112.1318 0.0000 0.0000
290.03 15.07.2018 09.50.01 24.51074 298.9658 449.9192 1.9733 -4.2787 8.3360 544.9529 292.4020 380.2279 515.4307 -112.8124 0.0000 0.0000
300.03 15.07.2018 10.00.01 24.77105 298.9563 448.0660 1.9652 -4.5199 8.6467 532.0435 284.7495 380.7305 510.4418 -129.4252 0.0000 0.0000
310.03 15.07.2018 10.10.01 25.02926 299.1892 409.6318 1.7966 -4.7621 8.7450 521.1384 278.2984 381.6325 507.8976 -125.0425 0.0000 0.0000
320.03 15.07.2018 10.20.01 25.26916 299.3759 371.0939 1.6276 -4.9276 8.7402 508.7075 271.0096 382.5558 505.2761 -121.8618 0.0000 0.0000
330.03 15.07.2018 10.30.01 25.49035 299.5368 324.7053 1.4241 -5.0180 8.5895 494.5149 262.7771 383.1264 502.4007 -119.2183 0.0000 0.0000
340.03 15.07.2018 10.40.01 25.69058 299.6833 339.7747 1.4902 -5.0282 8.6912 484.4674 256.7680 384.1803 500.2273 -116.9433 0.0000 0.0000
350.03 15.07.2018 10.50.01 25.89599 299.8332 314.9534 1.3814 -5.0764 8.6104 471.7956 249.3215 385.0016 497.7403 -114.9482 0.0000 0.0000
360.03 15.07.2018 11.00.01 26.08886 299.9803 302.4344 1.3265 -5.0855 8.5492 459.1882 241.8996 385.8094 495.2650 -113.4334 0.0000 0.0000
370.03 15.07.2018 11.10.01 26.27532 300.1096 318.0593 1.3950 -5.0884 8.6445 446.0621 234.2310 386.8782 493.3951 -110.1024 0.0000 0.0000
380.03 15.07.2018 11.20.01 26.46679 300.2083 292.9930 1.2851 -5.1441 8.5723 430.7670 225.3864 387.7226 491.1458 -106.8653 0.0000 0.0000
390.03 15.07.2018 11.30.01 26.64562 300.2854 274.7081 1.2049 -5.1626 8.4899 415.6485 216.6572 388.4618 488.7869 -104.0001 0.0000 0.0000
400.03 15.07.2018 11.40.01 26.81466 300.3657 273.4934 1.1995 -5.1602 8.4796 402.5967 209.0293 389.3713 486.6440 -101.1437 0.0000 0.0000
410.03 15.07.2018 11.50.01 26.98184 300.4278 255.3777 1.1201 -5.1752 8.3938 388.7217 200.9653 390.1086 484.2712 -98.4905 0.0000 0.0000
420.03 15.07.2018 12.00.01 27.13925 300.4808 225.7364 0.9901 -5.1673 8.2098 373.6968 192.2858 390.6435 481.6303 -95.8196 0.0000 0.0000
430.03 15.07.2018 12.10.01 27.28253 300.6732 257.7363 1.1304 -5.1199 8.3338 361.4371 185.1531 391.7151 480.2185 -88.9280 0.0000 0.0000
440.03 15.07.2018 12.20.01 27.44012 300.7832 436.9576 1.9165 -5.1725 9.4519 358.5925 182.9161 392.4062 479.3709 -87.7228 0.0000 0.0000
450.03 15.07.2018 12.30.01 27.67837 300.8053 693.9997 3.0439 -5.6374 11.5751 365.8062 185.9536 392.8262 479.1909 -91.3999 0.0000 0.0000
460.03 15.07.2018 12.40.01 28.03100 300.7775 816.8609 3.5827 -6.6599 13.6568 373.4844 189.2229 393.4027 479.5544 -92.5300 0.0000 0.0000
470.03 15.07.2018 12.50.01 28.43917 300.6734 838.1071 3.6759 -7.9345 15.4805 378.3769 191.0161 393.5425 479.4342 -94.3783 0.0000 0.0000
480.03 15.07.2018 13.00.01 28.85842 300.6011 870.5646 3.8183 -9.2383 17.4088 385.3898 194.0039 393.9322 479.6756 -97.1850 0.0000 0.0000
490.03 15.07.2018 13.10.01 29.29330 300.6416 867.9621 3.8069 -10.5943 19.2016 389.4457 195.5106 394.1776 480.2978 -95.3038 0.0000 0.0000
500.03 15.07.2018 13.20.01 29.72830 300.6856 835.9362 3.6664 -11.9214 20.7837 391.6733 196.0810 394.1891 480.7555 -93.7933 0.0000 0.0000
510.03 15.07.2018 13.30.01 30.14984 300.6595 778.8660 3.4161 -13.1599 22.1013 391.2783 195.2778 393.7402 480.7543 -92.4466 0.0000 0.0000
520.03 15.07.2018 13.40.01 30.54690 300.6662 762.9155 3.3461 -14.2665 23.4835 392.8426 195.5485 393.3643 481.0461 -91.2578 0.0000 0.0000
530.03 15.07.2018 13.50.01 30.93691 300.6777 746.7559 3.2752 -15.3344 24.8129 394.3874 195.8466 393.0711 481.4236 -90.1924 0.0000 0.0000
540.03 15.07.2018 14.00.01 31.31939 300.6419 697.8580 3.0608 -16.3609 25.8955 393.5099 194.8772 392.5320 481.4192 -89.0129 0.0000 0.0000
550.03 15.07.2018 14.10.01 31.67916 300.6384 550.4072 2.4141 -17.2731 26.2495 384.4977 190.3169 393.0816 482.1925 -83.7278 0.0000 0.0000
560.03 15.07.2018 14.20.01 31.97259 300.6453 404.6188 1.7746 -17.8575 26.1762 372.1111 184.0563 393.2545 482.4187 -78.0830 0.0000 0.0000
570.03 15.07.2018 14.30.01 32.19988 300.6640 290.3797 1.2736 -18.1319 25.8740 358.8085 177.4199 393.2788 482.4505 -72.4940 0.0000 0.0000
580.03 15.07.2018 14.40.01 32.37383 300.6737 152.6744 0.6696 -18.1719 25.1221 341.5956 168.8337 393.1369 481.8384 -66.4742 0.0000 0.0000
590.03 15.07.2018 14.50.01 32.48443 300.7286 57.3768 0.2517 -17.9348 24.2487 324.8511 160.6214 393.1542 481.2126 -60.6742 0.0000 0.0000
600.03 15.07.2018 15.00.01 32.54974 300.8554 -42.5701 -0.1867 -17.5168 23.1067 306.6335 151.7268 392.9440 480.2193 -54.7658 0.0000 0.0000
610.03 15.07.2018 15.10.01 32.56878 300.8332 28.9379 0.1269 -16.9290 22.7412 297.6848 147.1494 392.0147 478.4084 -55.8403 0.0000 0.0000
620.03 15.07.2018 15.20.01 32.61801 300.7459 76.0429 0.3335 -16.5275 22.4813 290.8041 143.7309 391.3395 476.4689 -57.7469 0.0000 0.0000
630.03 15.07.2018 15.30.01 32.68563 300.6345 78.3660 0.3437 -16.2579 22.1355 280.9724 138.6065 390.6345 473.6566 -59.4039 0.0000 0.0000
640.03 15.07.2018 15.40.01 32.75213 300.6158 25.3777 0.1113 -16.0142 21.5007 268.6316 132.2492 389.6276 470.5177 -58.9935 0.0000 0.0000
650.03 15.07.2018 15.50.01 32.79354 300.4730 -13.6170 -0.0597 -15.6760 20.8217 254.3092 124.7368 388.7473 466.9252 -58.6054 0.0000 0.0000
660.03 15.07.2018 16.00.01 32.81527 300.3352 -56.7028 -0.2487 -15.2816 20.0439 242.5636 118.8451 387.7546 463.6498 -58.6548 0.0000 0.0000
670.03 15.07.2018 16.10.01 32.81652 300.1404 -3.7671 -0.0165 -14.8217 19.7402 233.8687 114.2820 385.5855 461.0274 -56.4396 0.0000 0.0000
680.03 15.07.2018 16.20.01 32.83892 299.9502 15.5081 0.0680 -14.5032 19.4283 225.4404 109.8848 383.4938 458.5133 -54.1834 0.0000 0.0000
690.03 15.07.2018 16.30.01 32.86828 299.7613 14.9980 0.0658 -14.2451 19.0812 216.9379 105.4695 381.3967 455.9893 -51.9915 0.0000 0.0000
700.03 15.07.2018 16.40.01 32.89099 299.4424 -499.4900 -2.1907 -14.0035 15.7504 196.0379 95.8846 379.1820 452.0439 -49.9414 0.0000 0.0000
710.03 15.07.2018 16.50.01 32.68990 299.2036 -271.8777 -1.1924 -12.6605 15.2908 186.9090 91.1966 376.9638 449.1217 -48.5595 0.0000 0.0000
720.03 15.07.2018 17.00.01 32.58386 298.9530 -179.7132 -0.7882 -11.8800 14.7890 177.5840 86.4220 374.7507 446.2127 -46.3705 0.0000 0.0000
730.03 15.07.2018 17.10.01 32.51568 298.7485 -144.1998 -0.6325 -11.3348 14.2698 169.5474 82.3954 373.0293 443.2489 -45.1400 0.0000 0.0000
740.03 15.07.2018 17.20.01 32.45184 298.5304 -1056.1603 -4.6323 -10.8912 8.3452 150.4545 75.8131 371.3443 439.9063 -42.0542 0.0000 0.0000
750.03 15.07.2018 17.30.01 31.99380 298.3217 -575.8147 -2.5255 -8.4763 7.9345 142.5381 71.7773 369.6448 437.0865 -39.8582 0.0000 0.0000
760.03 15.07.2018 17.40.01 31.73898 298.1107 -369.1172 -1.6189 -7.2132 7.4591 133.4723 67.1791 367.9901 434.2765 -37.7824 0.0000 0.0000
770.03 15.07.2018 17.50.01 31.57208 297.9091 -278.4166 -1.2211 -6.4429 6.9624 123.2415 61.8980 366.3315 431.3565 -35.4206 0.0000 0.0000
780.03 15.07.2018 18.00.01 31.44357 297.6945 -241.5580 -1.0595 -5.8923 6.4437 113.7671 57.0881 364.6626 428.5404 -33.1721 0.0000 0.0000
790.03 15.07.2018 18.10.01 31.32980 297.1772 -264.4798 -1.1600 -5.4383 5.7044 92.4377 45.6016 362.9258 424.0100 -30.8651 0.0000 0.0000
800.03 15.07.2018 18.20.01 31.20431 296.6525 -289.2266 -1.2685 -4.9524 4.9118 79.7498 39.3418 360.9856 420.5190 -29.4119 0.0000 0.0000
810.03 15.07.2018 18.30.01 31.06625 296.1309 -304.6391 -1.3361 -4.4359 4.1331 67.1960 33.1519 359.0622 416.9988 -27.9663 0.0000 0.0000
820.03 15.07.2018 18.40.01 30.91885 295.6102 -369.1605 -1.6191 -3.9105 3.0551 49.7732 24.6361 357.1158 413.2496 -26.1355 0.0000 0.0000
830.03 15.07.2018 18.50.01 30.74093 295.0889 -411.2827 -1.8039 -3.2692 1.9538 32.0867 15.9811 355.0669 409.2865 -23.9915 0.0000 0.0000
840.03 15.07.2018 19.00.01 30.54177 294.5677 -462.5588 -2.0288 -2.5669 0.7175 14.2962 7.3638 353.0121 405.2298 -21.6525 0.0000 0.0000
850.03 15.07.2018 19.10.01 30.31915 293.9565 -319.9998 -1.4035 -1.7865 0.5107 11.0565 5.6652 351.0648 401.6049 -20.2444 0.0000 0.0000
860.03 15.07.2018 19.20.01 30.15630 293.3676 -259.4765 -1.1381 -1.3555 0.2900 8.7631 4.5418 349.4294 398.4704 -19.5974 0.0000 0.0000
870.03 15.07.2018 19.30.01 30.01885 292.7996 -207.5314 -0.9102 -1.0773 0.2228 6.9071 3.5648 347.8399 395.5461 -19.1536 0.0000 0.0000
880.03 15.07.2018 19.40.01 29.90322 292.1928 -184.1129 -0.8075 -0.9270 0.1593 4.3881 2.2615 346.2673 392.7573 -18.8516 0.0000 0.0000
890.03 15.07.2018 19.50.01 29.79702 291.5833 -175.2244 -0.7685 -0.8385 0.0933 2.1048 1.0899 344.7234 390.0711 -18.7988 0.0000 0.0000
900.03 15.07.2018 20.00.01 29.69396 290.9758 -173.2292 -0.7598 -0.7803 0.0273 0.2901 0.1528 343.1682 387.4566 -19.0540 0.0000 0.0000
910.03 15.07.2018 20.10.01 29.59106 290.5550 -167.0504 -0.7327 -0.7364 0.0049 0.0522 0.0275 341.5894 385.1822 -18.7989 0.0000 0.0000
920.03 15.07.2018 20.20.01 29.49029 290.1321 -162.4796 -0.7126 -0.7133 0.0009 0.0094 0.0049 340.0813 383.0471 -18.7619 0.0000 0.0000
930.03 15.07.2018 20.30.01 29.39114 289.7102 -161.4301 -0.7080 -0.7081 0.0002 0.0017 0.0009 338.6032 381.0048 -18.8437 0.0000 0.0000
940.03 15.07.2018 20.40.01 29.29168 289.2933 -162.1455 -0.7112 -0.7112 0.0000 0.0003 0.0002 337.1486 379.0932 -18.7441 0.0000 0.0000
950.03 15.07.2018 20.50.01 29.19149 288.8791 -163.8613 -0.7187 -0.7187 0.0000 0.0001 0.0000 335.6862 377.2565 -18.6778 0.0000 0.0000
960.03 15.07.2018 21.00.01 29.09017 288.4811 -166.1102 -0.7286 -0.7286 0.0000 0.0000 0.0000 334.2396 375.4998 -18.5913 0.0000 0.0000
970.03 15.07.2018 21.10.01 28.98763 288.1643 -167.0549 -0.7327 -0.7327 0.0000 0.0000 0.0000 333.0188 374.3897 -15.8741 0.0000 0.0000
980.03 15.07.2018 21.20.01 28.88598 287.9937 -163.2024 -0.7158 -0.7158 0.0000 0.0000 0.0000 331.7798 373.2513 -14.3407 0.0000 0.0000
990.03 15.07.2018 21.30.01 28.78680 288.0124 -160.4057 -0.7035 -0.7035 0.0000 0.0000 0.0000 330.7617 371.6501 -15.7031 0.0000 0.0000
1000.03 15.07.2018 21.40.01 28.68792 288.0037 -160.4937 -0.7039 -0.7039 0.0000 0.0000 0.0000 329.8274 371.0349 -12.3085 0.0000 0.0000
1010.03 15.07.2018 21.50.01 28.58953 286.9928 -161.4002 -0.7079 -0.7079 0.0000 0.0000 0.0000 328.3067 368.8827 -16.0692 0.0000 0.0000
1020.03 15.07.2018 22.00.01 28.48782 286.6032 -171.0268 -0.7501 -0.7501 0.0000 0.0000 0.0000 327.2437 366.6892 -20.1312 0.0000 0.0000
1030.03 15.07.2018 22.10.01 28.37875 286.4517 -183.3188 -0.8040 -0.8040 0.0000 0.0000 0.0000 326.5214 365.3734 -19.5071 0.0000 0.0000
1040.03 15.07.2018 22.20.01 28.26403 286.3226 -189.2259 -0.8299 -0.8299 0.0000 0.0000 0.0000 325.8261 364.1858 -18.8772 0.0000 0.0000
1050.03 15.07.2018 22.30.01 28.14706 286.1815 -191.4232 -0.8396 -0.8396 0.0000 0.0000 0.0000 325.1245 363.0515 -18.3780 0.0000 0.0000
1060.03 15.07.2018 22.40.01 28.02899 286.0355 -191.7595 -0.8411 -0.8411 0.0000 0.0000 0.0000 324.4407 361.9758 -17.9378 0.0000 0.0000
1070.03 15.07.2018 22.50.01 27.91091 285.8881 -191.7977 -0.8412 -0.8412 0.0000 0.0000 0.0000 323.7713 360.9477 -17.5632 0.0000 0.0000
1080.03 15.07.2018 23.00.01 27.79284 285.7396 -191.7646 -0.8411 -0.8411 0.0000 0.0000 0.0000 323.1150 359.9601 -17.2430 0.0000 0.0000
1090.03 15.07.2018 23.10.01 27.67520 285.7098 -190.0577 -0.8336 -0.8336 0.0000 0.0000 0.0000 322.7467 359.7660 -13.9027 0.0000 0.0000
1100.03 15.07.2018 23.20.01 27.56048 285.9180 -182.9650 -0.8025 -0.8025 0.0000 0.0000 0.0000 322.2821 359.4448 -11.5249 0.0000 0.0000
1110.03 15.07.2018 23.30.01 27.45028 285.7895 -177.3854 -0.7780 -0.7780 0.0000 0.0000 0.0000 321.7322 358.1930 -13.7864 0.0000 0.0000
1120.03 15.07.2018 23.40.01 27.34130 285.9034 -177.7080 -0.7794 -0.7794 0.0000 0.0000 0.0000 321.4320 358.0518 -11.1885 0.0000 0.0000
1130.03 15.07.2018 23.50.01 27.23287 285.3095 -175.2170 -0.7685 -0.7685 0.0000 0.0000 0.0000 320.9397 356.9672 -13.2503 0.0000 0.0000
1140.03 16.07.2018 00.00.01 27.12444 284.9846 -178.8827 -0.7846 -0.7846 0.0000 0.0000 0.0000 320.4235 355.4979 -16.2283 0.0000 0.0000
1150.03 16.07.2018 00.10.01 27.01214 284.9792 -186.2561 -0.8169 -0.8169 0.0000 0.0000 0.0000 320.0489 354.8560 -15.1735 0.0000 0.0000
1160.03 16.07.2018 00.20.01 26.89663 284.9887 -188.8035 -0.8281 -0.8281 0.0000 0.0000 0.0000 319.7677 354.3140 -14.1859 0.0000 0.0000
1170.03 16.07.2018 00.30.01 26.78060 284.9935 -188.4308 -0.8265 -0.8265 0.0000 0.0000 0.0000 319.5168 353.8174 -13.3263 0.0000 0.0000
1180.03 16.07.2018 00.40.01 26.66525 285.0052 -187.0471 -0.8204 -0.8204 0.0000 0.0000 0.0000 319.2800 353.3737 -12.4989 0.0000 0.0000
1190.03 16.07.2018 00.50.01 26.55099 284.9761 -185.3232 -0.8128 -0.8128 0.0000 0.0000 0.0000 319.0019 352.9172 -11.9201 0.0000 0.0000
1200.03 16.07.2018 01.00.01 26.43752 284.9903 -184.0045 -0.8070 -0.8070 0.0000 0.0000 0.0000 318.7414 352.5189 -11.1955 0.0000 0.0000
1210.03 16.07.2018 01.10.01 26.32488 284.8906 -183.5590 -0.8051 -0.8051 0.0000 0.0000 0.0000 318.3689 351.9335 -11.4591 0.0000 0.0000
1220.03 16.07.2018 01.20.01 26.21172 284.8129 -184.8899 -0.8109 -0.8109 0.0000 0.0000 0.0000 317.9989 351.3346 -11.6798 0.0000 0.0000
1230.03 16.07.2018 01.30.01 26.09734 284.6950 -187.5541 -0.8226 -0.8226 0.0000 0.0000 0.0000 317.6109 350.6747 -12.1151 0.0000 0.0000
1240.03 16.07.2018 01.40.01 25.98113 284.5948 -190.6027 -0.8360 -0.8360 0.0000 0.0000 0.0000 317.2253 350.0925 -12.1687 0.0000 0.0000
1250.03 16.07.2018 01.50.01 25.86331 284.4977 -192.8688 -0.8459 -0.8459 0.0000 0.0000 0.0000 316.8480 349.5153 -12.2189 0.0000 0.0000
1260.03 16.07.2018 02.00.01 25.74432 284.3957 -194.5004 -0.8531 -0.8531 0.0000 0.0006 0.0003 316.4592 348.9300 -12.3084 0.0000 0.0000
1270.03 16.07.2018 02.10.01 25.62469 284.3174 -191.2687 -0.8389 -0.8499 0.0147 0.3565 0.1862 316.1468 348.8276 -10.4499 0.0000 0.0000
1280.03 16.07.2018 02.20.01 25.50836 284.2846 -183.3898 -0.8043 -0.8294 0.0335 0.7585 0.3966 315.7113 348.5475 -9.3364 0.0000 0.0000
1290.03 16.07.2018 02.30.01 25.39712 284.4697 -176.1690 -0.7727 -0.8124 0.0529 1.1675 0.6106 315.3763 348.0799 -9.7820 0.0000 0.0000
1300.03 16.07.2018 02.40.01 25.28869 284.6402 -172.8529 -0.7581 -0.8125 0.0725 1.5778 0.8253 315.1443 348.2646 -7.2347 0.0000 0.0000
1310.03 16.07.2018 02.50.01 25.18252 284.0175 -170.1667 -0.7463 -0.8154 0.0921 1.9884 1.0402 314.6499 347.3473 -10.1383 0.0000 0.0000
1320.03 16.07.2018 03.00.01 25.07519 283.7850 -176.8238 -0.7755 -0.8594 0.1119 2.4022 1.2567 314.2644 346.2289 -13.1498 0.0000 0.0000
1330.03 16.07.2018 03.10.01 24.96273 283.9215 -171.4420 -0.7519 -0.9104 0.2113 4.7477 2.4821 314.1743 346.0669 -12.1487 0.0000 0.0000
1340.03 16.07.2018 03.20.01 24.85330 284.0798 -162.4596 -0.7125 -0.9622 0.3329 7.3434 3.8405 314.2288 346.1063 -11.2488 0.0000 0.0000
1350.03 16.07.2018 03.30.01 24.74896 284.2434 -154.0291 -0.6756 -1.0193 0.4583 9.9770 5.2186 314.3473 346.2594 -10.4385 0.0000 0.0000
1360.03 16.07.2018 03.40.01 24.64950 284.4093 -146.5192 -0.6426 -1.0809 0.5843 12.6182 6.6008 314.5035 346.4984 -9.7242 0.0000 0.0000
1370.03 16.07.2018 03.50.01 24.55441 284.5787 -139.7960 -0.6131 -1.1460 0.7105 15.2606 7.9836 314.6890 346.8152 -9.0711 0.0000 0.0000
1380.03 16.07.2018 04.00.01 24.46325 284.7527 -133.6400 -0.5861 -1.2136 0.8367 17.9029 9.3664 314.9000 347.1975 -8.4761 0.0000 0.0000
1390.03 16.07.2018 04.10.01 24.37615 285.5450 -127.0910 -0.5574 -1.2717 0.9523 20.2900 10.6159 316.5757 348.8297 -3.8913 0.0000 0.0000
1400.03 16.07.2018 04.20.01 24.29559 286.4355 -114.0686 -0.5003 -1.2991 1.0650 22.6441 11.8478 318.3340 350.4053 -0.5155 0.0000 0.0000
1410.03 16.07.2018 04.30.01 24.22335 287.1511 -100.9731 -0.4429 -1.3258 1.1773 24.9932 13.0771 320.1045 351.7979 1.6387 0.0000 0.0000
1420.03 16.07.2018 04.40.01 24.15795 287.9745 -91.1950 -0.4000 -1.3670 1.2894 27.3413 14.3059 321.9287 353.5711 3.4702 0.0000 0.0000
1430.03 16.07.2018 04.50.01 24.09838 288.6264 -82.1686 -0.3604 -1.4115 1.4015 102.7205 56.0807 323.7286 361.3952 -0.4789 0.0000 0.0000
1440.03 16.07.2018 05.00.01 24.04421 289.4560 -43.7833 -0.1920 -1.4625 1.6940 118.4374 64.6842 326.0663 366.1170 -0.8263 0.0000 0.0000
1450.03 16.07.2018 05.10.01 24.00829 290.0804 -41.0265 -0.1799 -1.5768 1.8625 498.3532 275.6871 327.9756 402.8361 -36.7614 0.0000 0.0000
1460.03 16.07.2018 05.20.01 23.97698 290.9898 129.6560 0.5687 -1.6762 2.9932 886.7517 491.0130 332.4868 453.1602 -84.6820 0.0000 0.0000
1470.03 16.07.2018 05.30.01 24.02389 291.8912 273.5127 1.1996 -2.1132 4.4171 1276.9611 707.2353 338.5589 512.6451 -144.8290 0.0000 0.0000
1480.03 16.07.2018 05.40.01 24.13943 292.8635 391.1709 1.7157 -2.8018 6.0233 1196.9607 662.0405 345.6002 525.0386 -170.3532 0.0000 0.0000
1490.03 16.07.2018 05.50.01 24.31130 293.5683 232.2806 1.0188 -3.6562 6.2333 1103.7304 610.0157 348.7806 526.6464 -186.7116 0.0000 0.0000
1500.03 16.07.2018 06.00.01 24.41998 294.2048 121.0791 0.5310 -4.0768 6.1438 1007.0224 556.1316 350.8065 523.4286 -197.4865 0.0000 0.0000
1510.03 16.07.2018 06.10.01 24.48416 294.5466 73.1209 0.3207 -4.1961 6.0225 965.4528 532.9314 352.3469 526.1720 -198.2267 0.0000 0.0000
1520.03 16.07.2018 06.20.01 24.53066 294.9261 84.1019 0.3689 -4.1688 6.0502 923.4922 509.3801 354.1463 527.8201 -196.6934 0.0000 0.0000
1530.03 16.07.2018 06.30.01 24.58535 295.2874 92.8576 0.4073 -4.1206 6.0372 880.8509 485.4504 355.7502 527.9639 -193.8290 0.0000 0.0000
1540.03 16.07.2018 06.40.01 24.64785 295.6487 120.7723 0.5297 -4.0423 6.0961 852.9376 469.6400 357.3514 528.5667 -190.7839 0.0000 0.0000
1550.03 16.07.2018 06.50.01 24.72650 296.0123 144.1379 0.6322 -3.9759 6.1441 827.9098 455.5708 358.9806 529.0282 -187.5872 0.0000 0.0000
1560.03 16.07.2018 07.00.01 24.81939 296.3732 167.1978 0.7333 -3.9117 6.1934 803.2770 441.7354 360.5647 528.9875 -183.8134 0.0000 0.0000
1570.03 16.07.2018 07.10.01 24.92611 296.6867 184.4743 0.8091 -3.8529 6.2160 786.9072 432.4767 362.3050 529.2948 -180.8169 0.0000 0.0000
1580.03 16.07.2018 07.20.01 25.04382 297.0035 212.7065 0.9329 -3.7908 6.2983 770.5622 423.1853 364.1252 529.5231 -177.4051 0.0000 0.0000
1590.03 16.07.2018 07.30.01 25.17690 297.3214 230.8751 1.0126 -3.7536 6.3549 753.6169 413.5545 365.9304 529.5983 -173.2828 0.0000 0.0000
1600.03 16.07.2018 07.40.01 25.32086 297.6525 258.4615 1.1336 -3.7229 6.4754 740.4573 405.9640 367.7788 530.3259 -167.7178 0.0000 0.0000
1610.03 16.07.2018 07.50.01 25.47930 297.9847 267.5376 1.1734 -3.7252 6.5314 726.3721 397.8703 369.6774 531.1061 -161.6874 0.0000 0.0000
1620.03 16.07.2018 08.00.01 25.64361 298.3186 275.1061 1.2066 -3.7211 6.5702 711.4542 389.2902 371.5642 531.7284 -155.6357 0.0000 0.0000
1630.03 16.07.2018 08.10.01 25.81326 298.5861 290.9465 1.2761 -3.7131 6.6522 697.1160 381.0126 373.0562 531.3574 -152.0779 0.0000 0.0000
1640.03 16.07.2018 08.20.01 25.99114 298.8682 295.0154 1.2939 -3.7224 6.6884 681.9514 372.2744 374.4062 530.7102 -148.5916 0.0000 0.0000
1650.03 16.07.2018 08.30.01 26.17187 299.1741 311.0377 1.3642 -3.7269 6.7881 667.0763 363.6593 375.7511 529.9535 -145.3480 0.0000 0.0000
1660.03 16.07.2018 08.40.01 26.36041 299.4655 310.1663 1.3604 -3.7585 6.8252 653.8241 355.9406 377.0300 529.8982 -139.7862 0.0000 0.0000
1670.03 16.07.2018 08.50.01 26.54907 299.7437 313.5321 1.3751 -3.7826 6.8770 640.4365 348.1293 378.3223 529.6776 -135.6760 0.0000 0.0000
1680.03 16.07.2018 09.00.01 26.73962 300.0146 324.4933 1.4232 -3.8104 6.9782 626.9654 340.2280 379.6143 529.1702 -132.7405 0.0000 0.0000
1690.03 16.07.2018 09.10.01 26.93527 300.2148 341.9285 1.4997 -3.8600 7.1463 612.5682 331.7764 380.8363 527.7744 -132.2851 0.0000 0.0000
1700.03 16.07.2018 09.20.01 27.13879 300.3837 356.9320 1.5655 -3.9476 7.3507 598.5380 323.5172 382.0422 526.0392 -132.3117 0.0000 0.0000
1710.03 16.07.2018 09.30.01 27.34908 300.5056 373.3966 1.6377 -4.0670 7.6063 584.7458 315.3578 383.0639 522.9691 -136.6940 0.0000 0.0000
1720.03 16.07.2018 09.40.01 27.56680 300.5786 389.7129 1.7093 -4.2222 7.9087 573.7451 308.7062 384.2717 520.4264 -138.4140 0.0000 0.0000
1730.03 16.07.2018 09.50.01 27.79193 300.6133 420.2662 1.8433 -4.4132 8.3420 564.4965 303.0079 385.7454 517.9739 -140.5345 0.0000 0.0000
1740.03 16.07.2018 10.00.01 28.03045 300.6398 417.6370 1.8317 -4.6701 8.6691 553.7059 296.4659 387.1442 515.2126 -142.1122 0.0000 0.0000
1750.03 16.07.2018 10.10.01 28.26827 300.8742 441.3699 1.9358 -4.9216 9.1432 535.1226 285.7377 388.9727 514.0207 -131.1383 0.0000 0.0000
1760.03 16.07.2018 10.20.01 28.51592 301.0082 420.7487 1.8454 -5.2284 9.4317 514.9183 274.1786 390.5941 512.2449 -123.6651 0.0000 0.0000
1770.03 16.07.2018 10.30.01 28.75393 301.0876 373.0128 1.6360 -5.4923 9.5044 492.9255 261.7123 391.5969 509.6614 -118.9643 0.0000 0.0000
1780.03 16.07.2018 10.40.01 28.97091 301.1843 391.3291 1.7164 -5.6573 9.8315 477.4327 252.7826 393.1487 508.4127 -112.9250 0.0000 0.0000
1790.03 16.07.2018 10.50.01 29.19610 301.2534 372.8192 1.6352 -5.8629 9.9974 460.3545 243.0221 394.5647 506.7718 -108.2196 0.0000 0.0000
1800.03 16.07.2018 11.00.01 29.41284 301.2793 364.9096 1.6005 -6.0343 10.1797 444.1544 233.7750 395.9399 504.9950 -105.0418 0.0000 0.0000
1810.03 16.07.2018 11.10.01 29.62451 301.5982 306.8418 1.3458 -6.1988 10.0595 437.0415 229.3816 397.0551 506.0910 -89.4734 0.0000 0.0000
1820.03 16.07.2018 11.20.01 29.80920 301.6508 275.8042 1.2097 -6.2500 9.9463 429.4076 224.6688 397.9580 504.9607 -93.4825 0.0000 0.0000
1830.03 16.07.2018 11.30.01 29.97958 301.4549 259.4440 1.1379 -6.2471 9.8467 421.5969 219.8405 398.4376 501.4584 -105.5874 0.0000 0.0000
1840.03 16.07.2018 11.40.01 30.14068 301.6366 260.5007 1.1425 -6.2297 9.8297 414.9262 215.5921 400.1246 503.2464 -88.8817 0.0000 0.0000
1850.03 16.07.2018 11.50.01 30.30007 301.9243 243.5722 1.0683 -6.2330 9.7351 406.8753 210.5750 401.5969 501.4014 -87.5126 0.0000 0.0000
1860.03 16.07.2018 12.00.01 30.45132 301.4691 214.4850 0.9407 -6.2166 9.5431 397.1711 204.6416 401.0329 496.4491 -95.8693 0.0000 0.0000
1870.03 16.07.2018 12.10.01 30.58782 301.4688 269.9103 1.1838 -6.1725 9.8084 383.9045 197.0946 401.2127 494.0250 -96.5469 0.0000 0.0000
1880.03 16.07.2018 12.20.01 30.74862 301.4782 427.1263 1.8734 -6.2783 10.8689 378.0227 193.3754 401.0482 492.2326 -97.4709 0.0000 0.0000
1890.03 16.07.2018 12.30.01 30.98000 301.4900 650.0802 2.8512 -6.7493 12.8007 381.2393 194.4564 400.6596 491.4068 -99.6383 0.0000 0.0000
1900.03 16.07.2018 12.40.01 31.31030 301.5088 741.7742 3.2534 -7.7053 14.6116 384.4722 195.5624 400.1637 490.5630 -100.9784 0.0000 0.0000
1910.03 16.07.2018 12.50.01 31.68215 301.5240 740.7886 3.2491 -8.8428 16.1225 384.8845 195.2026 399.2675 489.2843 -102.1900 0.0000 0.0000
1920.03 16.07.2018 13.00.01 32.05499 301.5583 747.5002 3.2785 -9.9612 17.6530 386.8643 195.7706 398.5519 488.2292 -103.8632 0.0000 0.0000
1930.03 16.07.2018 13.10.01 32.43133 301.5206 713.1259 3.1277 -11.0809 18.9449 384.9362 194.7528 398.5611 487.9410 -103.1984 0.0000 0.0000
1940.03 16.07.2018 13.20.01 32.79186 301.4730 588.7971 2.5824 -12.1101 19.5901 377.2251 190.7538 398.0152 486.7946 -101.5152 0.0000 0.0000
1950.03 16.07.2018 13.30.01 33.09713 301.4350 502.1202 2.2023 -12.8656 20.0905 370.4068 187.4020 397.6165 485.7367 -100.1948 0.0000 0.0000
1960.03 16.07.2018 13.40.01 33.36230 301.3982 397.6403 1.7440 -13.4383 20.2431 361.4960 183.0657 397.1866 484.4310 -98.4199 0.0000 0.0000
1970.03 16.07.2018 13.50.01 33.57922 301.3833 288.4110 1.2650 -13.7955 20.0807 351.0375 178.0392 396.7067 482.9403 -96.1593 0.0000 0.0000
1980.03 16.07.2018 14.00.01 33.74520 301.3366 167.9379 0.7366 -13.9317 19.5577 338.3776 171.9625 396.1263 481.1243 -93.5760 0.0000 0.0000
1990.03 16.07.2018 14.10.01 33.85626 301.2494 178.6705 0.7836 -13.8384 19.4960 330.2436 167.7240 395.0992 478.3790 -94.2081 0.0000 0.0000
2000.03 16.07.2018 14.20.01 33.96887 301.1659 164.0650 0.7196 -13.8036 19.3643 322.1487 163.5623 394.0247 475.6810 -94.4757 0.0000 0.0000
2010.03 16.07.2018 14.30.01 34.07272 301.0788 135.6991 0.5952 -13.7664 19.1487 313.7972 159.3098 392.9891 473.0121 -94.1863 0.0000 0.0000
2020.03 16.07.2018 14.40.01 34.16152 300.9946 82.9966 0.3640 -13.6898 18.7384 303.7542 154.2118 391.8684 470.2788 -92.8807 0.0000 0.0000
2030.03 16.07.2018 14.50.01 34.22488 300.9154 43.2928 0.1899 -13.5202 18.2802 293.9824 149.3132 390.8325 467.6880 -91.1914 0.0000 0.0000
2040.03 16.07.2018 15.00.01 34.26849 300.8335 -2.1804 -0.0096 -13.2868 17.7030 283.5526 144.1085 389.8109 465.1203 -89.0264 0.0000 0.0000
2050.03 16.07.2018 15.10.01 34.29199 300.7923 169.7532 0.7445 -12.9823 18.3025 282.2187 142.8036 388.3266 463.2895 -85.1153 0.0000 0.0000
2060.03 16.07.2018 15.20.01 34.39062 300.7613 281.6026 1.2351 -13.0704 19.0740 282.5811 142.3858 387.1529 462.0876 -81.5583 0.0000 0.0000
2070.03 16.07.2018 15.30.01 34.53869 300.7307 348.2930 1.5276 -13.4045 19.9094 281.3614 140.9699 386.0703 460.7908 -78.7810 0.0000 0.0000
2080.03 16.07.2018 15.40.01 34.71713 300.6937 407.7483 1.7884 -13.8781 20.8886 280.8235 139.7521 384.9176 459.6727 -75.7198 0.0000 0.0000
2090.03 16.07.2018 15.50.01 34.92269 300.6631 456.1992 2.0009 -14.4721 21.9640 278.1264 137.1661 383.8480 458.4601 -72.4142 0.0000 0.0000
2100.03 16.07.2018 16.00.01 35.15066 300.6364 486.3106 2.1329 -15.1607 23.0582 277.3279 135.7073 382.8039 457.5445 -69.8269 0.0000 0.0000
2110.03 16.07.2018 16.10.01 35.38973 300.4805 202.6152 0.8887 -15.9053 22.3920 265.2369 129.6187 381.7174 456.1675 -68.2312 0.0000 0.0000
2120.03 16.07.2018 16.20.01 35.50390 300.3227 43.5189 0.1909 -16.0253 21.6215 252.5286 123.2392 380.4788 454.4466 -65.9837 0.0000 0.0000
2130.03 16.07.2018 16.30.01 35.54583 300.1649 -52.9235 -0.2321 -15.8204 20.7844 239.5873 116.7707 379.1807 452.5651 -63.4076 0.0000 0.0000
2140.03 16.07.2018 16.40.01 35.53692 300.0024 -656.7084 -2.8803 -15.4377 16.7431 212.7275 104.4455 377.8219 449.4660 -58.6960 0.0000 0.0000
2150.03 16.07.2018 16.50.01 35.26394 299.8293 -447.0559 -1.9608 -13.7728 15.7493 198.3108 97.2877 376.3939 447.0643 -55.7451 0.0000 0.0000
2160.03 16.07.2018 17.00.01 35.07635 299.6639 -370.4022 -1.6246 -12.6510 14.7019 183.6664 90.0327 374.9697 444.5584 -52.5952 0.0000 0.0000
2170.03 16.07.2018 17.10.01 34.91885 299.4382 -307.2704 -1.3477 -11.7474 13.8663 172.3126 84.4208 373.6723 442.1234 -49.9142 0.0000 0.0000
2180.03 16.07.2018 17.20.01 34.77773 299.2129 -1097.7849 -4.8148 -11.0211 8.2751 151.3557 76.6347 372.4107 439.3387 -46.4921 0.0000 0.0000
2190.03 16.07.2018 17.30.01 34.29434 298.9831 -644.0651 -2.8248 -8.5985 7.6982 140.5774 71.1731 371.1355 436.8479 -43.8616 0.0000 0.0000
2200.03 16.07.2018 17.40.01 34.00265 298.7562 -458.0618 -2.0090 -7.2652 7.0082 127.7661 64.7128 369.8809 434.2649 -41.0345 0.0000 0.0000
2210.03 16.07.2018 17.50.01 33.78988 298.5298 -378.5594 -1.6603 -6.3793 6.2919 113.9744 57.6844 368.5971 431.4741 -37.9837 0.0000 0.0000
2220.03 16.07.2018 18.00.01 33.61041 298.3004 -346.7247 -1.5207 -5.6893 5.5581 100.7980 51.0384 367.3103 428.7276 -34.9546 0.0000 0.0000
2230.03 16.07.2018 18.10.01 33.44375 297.9215 -324.9476 -1.4252 -5.0866 4.8818 82.8373 41.4153 365.7813 425.2820 -30.4748 0.0000 0.0000
2240.03 16.07.2018 18.20.01 33.28515 297.5450 -321.5808 -1.4104 -4.5509 4.1873 71.1193 35.5521 364.1877 422.4102 -27.7544 0.0000 0.0000
2250.03 16.07.2018 18.30.01 33.12673 297.2060 -321.5815 -1.4104 -4.0409 3.5072 59.5493 29.7667 362.6577 419.5845 -24.9938 0.0000 0.0000
2260.03 16.07.2018 18.40.01 32.96661 296.8210 -362.1433 -1.5883 -3.5476 2.6124 44.4910 22.3147 361.0992 416.5820 -22.1497 0.0000 0.0000
2270.03 16.07.2018 18.50.01 32.78729 296.3931 -388.8105 -1.7053 -2.9825 1.7029 29.2648 14.7739 359.4558 413.3529 -19.4689 0.0000 0.0000
2280.03 16.07.2018 19.00.01 32.59435 296.0022 -419.4182 -1.8396 -2.3792 0.7195 13.9899 7.2583 357.8114 410.0525 -16.7680 0.0000 0.0000
2290.03 16.07.2018 19.10.01 32.38745 295.2453 -306.9702 -1.3464 -1.7352 0.5184 10.8326 5.6023 356.2991 406.8174 -16.4508 0.0000 0.0000
2300.03 16.07.2018 19.20.01 32.22750 294.5091 -253.5272 -1.1120 -1.3707 0.3449 8.4975 4.4161 354.8956 403.8674 -16.8939 0.0000 0.0000
2310.03 16.07.2018 19.30.01 32.08969 293.7832 -215.2020 -0.9439 -1.1418 0.2639 6.6560 3.4561 353.5343 401.0239 -17.6798 0.0000 0.0000
2320.03 16.07.2018 19.40.01 31.96789 293.0594 -198.1853 -0.8692 -1.0088 0.1861 4.3603 2.2631 352.2049 398.2747 -18.3487 0.0000 0.0000
2330.03 16.07.2018 19.50.01 31.85305 292.3254 -191.3450 -0.8392 -0.9195 0.1070 2.1991 1.1452 350.9068 395.5714 -19.1755 0.0000 0.0000
2340.03 16.07.2018 20.00.01 31.74090 291.6079 -189.0392 -0.8291 -0.8502 0.0281 0.3028 0.1598 349.6159 392.9211 -20.0814 0.0000 0.0000
2350.03 16.07.2018 20.10.01 31.62951 291.4423 -178.9299 -0.7848 -0.7885 0.0050 0.0522 0.0274 350.7808 391.2597 -19.8410 0.0000 0.0000
2360.03 16.07.2018 20.20.01 31.52288 291.2786 -169.7637 -0.7446 -0.7453 0.0009 0.0096 0.0051 352.1099 389.8485 -19.8933 0.0000 0.0000
2370.03 16.07.2018 20.30.01 31.42074 291.1203 -163.3138 -0.7163 -0.7164 0.0002 0.0017 0.0009 353.4683 388.6368 -19.9749 0.0000 0.0000
2380.03 16.07.2018 20.40.01 31.32195 291.0050 -158.3564 -0.6945 -0.6946 0.0000 0.0003 0.0002 354.8798 387.6862 -19.5704 0.0000 0.0000
2390.03 16.07.2018 20.50.01 31.22631 290.8860 -153.1347 -0.6716 -0.6716 0.0000 0.0001 0.0000 356.3100 386.8958 -19.2921 0.0000 0.0000
2400.03 16.07.2018 21.00.01 31.13375 290.7373 -148.2471 -0.6502 -0.6502 0.0000 0.0000 0.0000 357.7394 386.2085 -19.2482 0.0000 0.0000
2410.03 16.07.2018 21.10.01 31.04397 291.1301 -144.5538 -0.6340 -0.6340 0.0000 0.0000 0.0000 357.7347 386.1013 -16.3245 0.0000 0.0000
2420.03 16.07.2018 21.20.01 30.95580 291.5040 -143.1632 -0.6279 -0.6279 0.0000 0.0000 0.0000 357.8398 386.0594 -13.6870 0.0000 0.0000
2430.03 16.07.2018 21.30.01 30.86791 291.9041 -142.4885 -0.6249 -0.6249 0.0000 0.0000 0.0000 357.9876 386.1192 -11.1056 0.0000 0.0000
2440.03 16.07.2018 21.40.01 30.78076 292.3225 -142.1860 -0.6236 -0.6236 0.0000 0.0000 0.0000 358.1906 386.2320 -8.7952 0.0000 0.0000
2450.03 16.07.2018 21.50.01 30.69378 292.7414 -141.2263 -0.6194 -0.6194 0.0000 0.0000 0.0000 358.4356 386.4393 -6.5196 0.0000 0.0000
2460.03 16.07.2018 22.00.01 30.60754 293.1706 -139.4666 -0.6117 -0.6117 0.0000 0.0000 0.0000 358.7300 386.8251 -4.0248 0.0000 0.0000
2470.03 16.07.2018 22.10.01 30.52264 292.8572 -136.9508 -0.6007 -0.6007 0.0000 0.0000 0.0000 359.0554 386.8267 -5.0161 0.0000 0.0000
2480.03 16.07.2018 22.20.01 30.43972 292.9783 -132.7378 -0.5822 -0.5822 0.0000 0.0000 0.0000 359.3670 386.6593 -5.3319 0.0000 0.0000
2490.03 16.07.2018 22.30.01 30.35845 292.3810 -133.8464 -0.5870 -0.5870 0.0000 0.0000 0.0000 359.2176 385.0650 -10.8515 0.0000 0.0000
2500.03 16.07.2018 22.40.01 30.27383 292.0872 -140.8990 -0.6180 -0.6180 0.0000 0.0000 0.0000 359.2921 385.0358 -9.4799 0.0000 0.0000
2510.03 16.07.2018 22.50.01 30.18743 291.7937 -138.9375 -0.6094 -0.6094 0.0000 0.0000 0.0000 359.5304 384.9884 -8.8994 0.0000 0.0000
2520.03 16.07.2018 23.00.01 30.10201 291.3730 -141.3375 -0.6199 -0.6199 0.0000 0.0000 0.0000 359.4310 383.4687 -14.0179 0.0000 0.0000
2530.03 16.07.2018 23.10.01 30.01193 291.2636 -151.4940 -0.6644 -0.6644 0.0000 0.0000 0.0000 359.2346 382.8673 -14.0549 0.0000 0.0000
2540.03 16.07.2018 23.20.01 29.91708 291.1556 -156.3693 -0.6858 -0.6858 0.0000 0.0000 0.0000 359.1545 382.3224 -14.1477 0.0000 0.0000
2550.03 16.07.2018 23.30.01 29.82037 291.0480 -157.6798 -0.6916 -0.6916 0.0000 0.0000 0.0000 359.1112 381.8006 -14.2859 0.0000 0.0000
2560.03 16.07.2018 23.40.01 29.72335 290.9514 -157.2133 -0.6895 -0.6895 0.0000 0.0000 0.0000 359.0998 381.3372 -14.2817 0.0000 0.0000
2570.03 16.07.2018 23.50.01 29.62722 290.8453 -156.0187 -0.6843 -0.6843 0.0000 0.0000 0.0000 359.1076 380.8806 -14.3719 0.0000 0.0000
2580.03 17.07.2018 00.00.01 29.53188 290.7395 -154.4216 -0.6773 -0.6773 0.0000 0.0000 0.0000 359.1199 380.4354 -14.4836 0.0000 0.0000
2590.03 17.07.2018 00.10.01 29.43768 290.7986 -152.1991 -0.6675 -0.6675 0.0000 0.0000 0.0000 358.8927 380.2557 -13.3307 0.0000 0.0000
2600.03 17.07.2018 00.20.01 29.34533 290.8596 -148.2076 -0.6500 -0.6500 0.0000 0.0000 0.0000 358.6911 380.1071 -12.2707 0.0000 0.0000
2610.03 17.07.2018 00.30.01 29.25564 290.9207 -143.6728 -0.6301 -0.6301 0.0000 0.0000 0.0000 358.4839 379.9739 -11.2926 0.0000 0.0000
2620.03 17.07.2018 00.40.01 29.16873 290.9364 -139.3228 -0.6111 -0.6111 0.0000 0.0000 0.0000 358.2252 379.8680 -10.2868 0.0000 0.0000
2630.03 17.07.2018 00.50.01 29.08450 291.0049 -135.1617 -0.5928 -0.5928 0.0000 0.0000 0.0000 357.9958 379.7077 -9.5341 0.0000 0.0000
2640.03 17.07.2018 01.00.01 29.00250 291.0722 -132.6794 -0.5819 -0.5819 0.0000 0.0000 0.0000 357.7829 379.4073 -9.5849 0.0000 0.0000
2650.03 17.07.2018 01.10.01 28.92083 291.1363 -133.7137 -0.5865 -0.5865 0.0000 0.0000 0.0000 357.0712 379.3215 -8.5146 0.0000 0.0000
2660.03 17.07.2018 01.20.01 28.83804 291.0997 -135.6474 -0.5949 -0.5949 0.0000 0.0000 0.0000 356.3134 379.0155 -8.5638 0.0000 0.0000
2670.03 17.07.2018 01.30.01 28.75372 290.9076 -138.9041 -0.6092 -0.6092 0.0000 0.0000 0.0000 355.1878 378.2248 -9.9486 0.0000 0.0000
2680.03 17.07.2018 01.40.01 28.66763 290.8393 -140.4440 -0.6160 -0.6160 0.0000 0.0000 0.0000 354.3739 378.4838 -6.5618 0.0000 0.0000
2690.03 17.07.2018 01.50.01 28.58264 290.7359 -137.5021 -0.6031 -0.6031 0.0000 0.0000 0.0000 353.5414 377.4837 -9.0109 0.0000 0.0000
2700.03 17.07.2018 02.00.01 28.49667 290.6054 -143.8078 -0.6307 -0.6308 0.0000 0.0007 0.0004 352.3325 376.2329 -11.6522 0.0000 0.0000
2710.03 17.07.2018 02.10.01 28.40533 290.2877 -150.0385 -0.6581 -0.6708 0.0170 0.4114 0.2148 349.1644 375.2002 -11.6141 0.0000 0.0000
2720.03 17.07.2018 02.20.01 28.31118 289.9582 -152.2758 -0.6679 -0.6968 0.0386 0.8752 0.4576 345.9916 374.0154 -11.8443 0.0000 0.0000
2730.03 17.07.2018 02.30.01 28.21603 289.6187 -153.4113 -0.6729 -0.7187 0.0611 1.3471 0.7045 342.7669 372.7189 -12.0933 0.0000 0.0000
2740.03 17.07.2018 02.40.01 28.12023 289.3364 -153.6529 -0.6739 -0.7367 0.0837 1.8206 0.9523 339.6503 371.7178 -10.7300 0.0000 0.0000
2750.03 17.07.2018 02.50.01 28.02517 289.0943 -150.9737 -0.6622 -0.7419 0.1063 2.2944 1.2002 336.5631 370.7677 -9.1783 0.0000 0.0000
2760.03 17.07.2018 03.00.01 27.93255 288.8348 -146.9255 -0.6444 -0.7412 0.1291 2.7725 1.4504 333.4039 369.4917 -8.5608 0.0000 0.0000
2770.03 17.07.2018 03.10.01 27.84216 288.8130 -124.9347 -0.5480 -0.7419 0.2586 5.8383 3.0521 333.1561 368.8740 -8.0602 0.0000 0.0000
2780.03 17.07.2018 03.20.01 27.76156 288.8232 -109.7083 -0.4812 -0.7947 0.4180 9.2395 4.8319 333.1127 368.4876 -8.0825 0.0000 0.0000
2790.03 17.07.2018 03.30.01 27.68759 288.8162 -101.6556 -0.4459 -0.8826 0.5823 12.6914 6.6383 333.1192 368.1946 -8.4248 0.0000 0.0000
2800.03 17.07.2018 03.40.01 27.61706 288.7929 -97.7092 -0.4285 -0.9892 0.7475 16.1534 8.4501 333.1616 368.0234 -8.7291 0.0000 0.0000
2810.03 17.07.2018 03.50.01 27.54849 288.7791 -95.0793 -0.4170 -1.1017 0.9129 19.6172 10.2627 333.2358 367.9431 -9.0854 0.0000 0.0000
2820.03 17.07.2018 04.00.01 27.48135 288.7815 -93.0050 -0.4079 -1.2167 1.0784 23.0831 12.0765 333.3380 367.9536 -9.4443 0.0000 0.0000
2830.03 17.07.2018 04.10.01 27.41564 289.1384 -82.2804 -0.3609 -1.3273 1.2886 27.6332 14.4565 333.4970 368.6105 -7.7103 0.0000 0.0000
2840.03 17.07.2018 04.20.01 27.35607 289.4955 -70.6502 -0.3099 -1.4434 1.5113 32.3240 16.9112 333.7693 369.4378 -6.1974 0.0000 0.0000
2850.03 17.07.2018 04.30.01 27.30309 289.8549 -60.3839 -0.2648 -1.5669 1.7361 37.0360 19.3771 334.0978 370.3977 -4.8273 0.0000 0.0000
2860.03 17.07.2018 04.40.01 27.25601 290.2157 -51.3577 -0.2253 -1.6962 1.9613 41.7522 21.8452 334.4722 371.4950 -3.5055 0.0000 0.0000
2870.03 17.07.2018 04.50.01 27.21414 290.5729 -43.2330 -0.1896 -1.8295 2.1865 79.3174 42.5507 334.8789 375.4292 -5.5522 0.0000 0.0000
2880.03 17.07.2018 05.00.01 27.17715 290.9507 -22.1033 -0.0969 -1.9663 2.4925 91.4310 49.1029 335.5199 378.1400 -6.2311 0.0000 0.0000
2890.03 17.07.2018 05.10.01 27.15038 291.3175 -30.0311 -0.1317 -2.1343 2.6701 360.8032 198.6747 336.6648 404.4973 -29.4059 0.0000 0.0000
2900.03 17.07.2018 05.20.01 27.12267 291.7879 84.2445 0.3695 -2.2682 3.5169 636.0362 351.2295 339.7196 441.1101 -58.3217 0.0000 0.0000
2910.03 17.07.2018 05.30.01 27.14761 292.3218 182.6645 0.8012 -2.6253 4.5686 912.5991 504.4473 343.8192 483.6035 -96.1476 0.0000 0.0000
2920.03 17.07.2018 05.40.01 27.21981 292.9401 264.8545 1.1616 -3.1496 5.7483 889.9543 491.3014 348.5924 496.2221 -116.3408 0.0000 0.0000
2930.03 17.07.2018 05.50.01 27.33157 293.4166 169.6501 0.7441 -3.7914 6.0473 858.7122 473.6967 350.9851 502.5952 -129.7352 0.0000 0.0000
2940.03 17.07.2018 06.00.01 27.40585 293.8311 103.9169 0.4558 -4.1675 6.1644 824.9625 454.7273 352.7179 506.1012 -139.7121 0.0000 0.0000
2950.03 17.07.2018 06.10.01 27.45458 294.0764 85.4630 0.3748 -4.3563 6.3082 801.9007 441.7117 354.4457 510.5627 -144.2924 0.0000 0.0000
2960.03 17.07.2018 06.20.01 27.49832 294.3170 89.7988 0.3939 -4.4632 6.4761 777.5608 427.9116 356.1513 513.5166 -147.2024 0.0000 0.0000
2970.03 17.07.2018 06.30.01 27.54733 294.5466 93.5440 0.4103 -4.5351 6.5939 752.3727 413.6403 357.6493 515.1084 -148.5699 0.0000 0.0000
2980.03 17.07.2018 06.40.01 27.60180 294.7778 115.7068 0.5075 -4.5689 6.7685 735.8242 404.1191 359.1690 516.7366 -149.4207 0.0000 0.0000
2990.03 17.07.2018 06.50.01 27.66955 295.0024 133.9013 0.5873 -4.6040 6.9217 721.6298 396.0285 360.6344 518.1362 -149.9053 0.0000 0.0000
3000.03 17.07.2018 07.00.01 27.74902 295.2244 153.8136 0.6746 -4.6323 7.0759 707.5281 387.9909 362.0633 518.9942 -149.7491 0.0000 0.0000
3010.03 17.07.2018 07.10.01 27.84069 295.4296 158.4452 0.6949 -4.6608 7.1409 699.6723 383.4631 363.1600 519.8179 -152.5730 0.0000 0.0000
3020.03 17.07.2018 07.20.01 27.93774 295.6320 176.0389 0.7721 -4.6591 7.2416 691.6019 378.7776 364.2633 520.2064 -154.3668 0.0000 0.0000
3030.03 17.07.2018 07.30.01 28.04528 295.8297 188.8356 0.8282 -4.6602 7.3179 682.9033 373.7351 365.2857 520.1810 -155.7867 0.0000 0.0000
3040.03 17.07.2018 07.40.01 28.16119 296.0524 210.8348 0.9247 -4.6570 7.4423 675.5842 369.4095 366.3257 520.1580 -156.3404 0.0000 0.0000
3050.03 17.07.2018 07.50.01 28.28909 296.2555 220.3553 0.9665 -4.6739 7.5205 667.5133 364.6708 367.3178 519.7957 -156.3143 0.0000 0.0000
3060.03 17.07.2018 08.00.01 28.42324 296.4533 228.6758 1.0030 -4.6862 7.5855 658.6399 359.4601 368.2627 519.0949 -156.3333 0.0000 0.0000
3070.03 17.07.2018 08.10.01 28.56262 296.5810 224.2488 0.9835 -4.6957 7.5723 652.5716 355.8485 369.1741 518.1591 -157.3011 0.0000 0.0000
3080.03 17.07.2018 08.20.01 28.70141 296.6974 219.3535 0.9621 -4.6793 7.5218 645.5380 351.6861 369.9687 516.7626 -159.5299 0.0000 0.0000
3090.03 17.07.2018 08.30.01 28.83911 296.8305 228.9015 1.0040 -4.6400 7.5253 638.4787 347.4650 370.8209 515.3659 -161.1663 0.0000 0.0000
3100.03 17.07.2018 08.40.01 28.98171 296.9514 229.4020 1.0061 -4.6127 7.4919 630.9588 342.9826 371.5912 513.9308 -160.4011 0.0000 0.0000
3110.03 17.07.2018 08.50.01 29.12509 297.0662 230.2823 1.0100 -4.5796 7.4528 622.8768 338.1673 372.3153 512.1627 -161.3952 0.0000 0.0000
3120.03 17.07.2018 09.00.01 29.26931 297.2011 238.9737 1.0481 -4.5436 7.4556 614.3790 333.0704 373.1005 510.3657 -161.9735 0.0000 0.0000
3130.03 17.07.2018 09.10.01 29.41879 297.1928 354.0338 1.5528 -4.5247 8.1034 582.9336 315.0972 374.3873 506.4483 -158.0936 0.0000 0.0000
3140.03 17.07.2018 09.20.01 29.61883 297.1653 400.4122 1.7562 -4.7576 8.6850 551.9082 297.4277 375.4651 501.8705 -152.5280 0.0000 0.0000
3150.03 17.07.2018 09.30.01 29.84008 297.1525 431.4024 1.8921 -5.0845 9.3021 522.2400 280.5421 376.5531 497.4222 -146.8639 0.0000 0.0000
3160.03 17.07.2018 09.40.01 30.07559 297.1141 446.8154 1.9597 -5.4719 9.9089 499.9599 267.7291 377.3432 492.4145 -143.6473 0.0000 0.0000
3170.03 17.07.2018 09.50.01 30.31835 297.0595 471.5260 2.0681 -5.8917 10.6131 480.1974 256.3547 378.4002 488.7354 -142.0407 0.0000 0.0000
3180.03 17.07.2018 10.00.01 30.57168 297.0395 467.5739 2.0508 -6.3669 11.2235 460.2824 244.9586 379.6283 485.8466 -136.7041 0.0000 0.0000
3190.03 17.07.2018 10.10.01 30.82253 297.1069 369.3156 1.6198 -6.8307 11.2673 444.2892 235.9787 380.1358 483.4227 -131.5380 0.0000 0.0000
3200.03 17.07.2018 10.20.01 31.03018 297.1703 307.5443 1.3489 -7.0780 11.2358 427.7201 226.7101 380.5059 480.9502 -126.5785 0.0000 0.0000
3210.03 17.07.2018 10.30.01 31.20953 297.2246 249.9599 1.0963 -7.2010 11.0631 409.9128 216.8069 380.5779 478.2633 -121.5504 0.0000 0.0000
3220.03 17.07.2018 10.40.01 31.36230 297.2911 244.6458 1.0730 -7.2162 11.0523 396.1498 209.1044 380.8943 476.0122 -117.3745 0.0000 0.0000
3230.03 17.07.2018 10.50.01 31.51144 297.3496 221.6420 0.9721 -7.2361 10.9443 381.4269 200.8984 381.0846 473.6863 -112.8581 0.0000 0.0000
3240.03 17.07.2018 11.00.01 31.64868 297.4102 206.6082 0.9062 -7.2291 10.8471 367.2578 193.0151 381.2640 471.4841 -108.5863 0.0000 0.0000
3250.03 17.07.2018 11.10.01 31.77767 297.5298 210.8682 0.9249 -7.2133 10.8509 367.6335 192.7962 381.7211 470.8405 -103.9761 0.0000 0.0000
3260.03 17.07.2018 11.20.01 31.90695 297.6549 228.1800 1.0008 -7.2258 10.9688 368.7945 192.9597 382.4889 470.9568 -100.0005 0.0000 0.0000
3270.03 17.07.2018 11.30.01 32.04278 297.7834 237.4672 1.0415 -7.2932 11.1130 369.8776 193.0567 383.3642 471.2647 -96.8857 0.0000 0.0000
3280.03 17.07.2018 11.40.01 32.18182 297.9416 252.6078 1.1079 -7.3939 11.3357 371.7493 193.5501 384.4249 471.8182 -94.7753 0.0000 0.0000
3290.03 17.07.2018 11.50.01 32.32665 298.0918 242.4379 1.0633 -7.5368 11.4668 372.0782 193.1879 385.3447 471.9370 -93.7101 0.0000 0.0000
3300.03 17.07.2018 12.00.01 32.46615 298.2241 227.3319 0.9971 -7.6667 11.5518 371.4295 192.2767 386.1113 471.5853 -93.7242 0.0000 0.0000
3310.03 17.07.2018 12.10.01 32.59863 298.2349 272.8664 1.1968 -7.7794 11.9683 361.1806 186.6601 387.4461 471.5664 -93.1992 0.0000 0.0000
3320.03 17.07.2018 12.20.01 32.75085 298.2106 345.7448 1.5164 -8.0084 12.6997 353.9388 182.6087 388.1363 471.4154 -92.5017 0.0000 0.0000
3330.03 17.07.2018 12.30.01 32.93530 298.1745 445.3206 1.9532 -8.4119 13.8201 351.4898 181.1396 388.5674 471.7021 -92.2339 0.0000 0.0000
3340.03 17.07.2018 12.40.01 33.16314 298.1331 458.8674 2.0126 -9.0373 14.7332 348.4105 179.3977 388.8814 471.7670 -91.7981 0.0000 0.0000
3350.03 17.07.2018 12.50.01 33.39651 298.0787 412.9705 1.8113 -9.6881 15.3325 342.9634 176.4722 388.8468 471.3773 -90.9040 0.0000 0.0000
3360.03 17.07.2018 13.00.01 33.60931 298.0307 374.1417 1.6410 -10.2389 15.8398 338.1295 173.9839 389.0116 471.0732 -90.1186 0.0000 0.0000
3370.03 17.07.2018 13.10.01 33.80428 297.9223 345.8084 1.5167 -10.7119 16.3048 335.7525 172.3502 388.2788 469.4689 -91.8304 0.0000 0.0000
3380.03 17.07.2018 13.20.01 33.98550 297.8045 332.0477 1.4563 -11.1391 16.7939 333.7044 170.8973 387.4007 467.7526 -93.8447 0.0000 0.0000
3390.03 17.07.2018 13.30.01 34.15948 297.6908 338.5560 1.4849 -11.5543 17.3855 332.8572 170.0873 386.6284 466.1452 -95.9913 0.0000 0.0000
3400.03 17.07.2018 13.40.01 34.33511 297.5786 342.8298 1.5036 -11.9994 18.0040 332.3341 169.4176 385.8605 464.4830 -98.0269 0.0000 0.0000
3410.03 17.07.2018 13.50.01 34.51168 297.4709 345.0937 1.5136 -12.4664 18.6400 331.9163 168.7979 385.0892 462.7992 -100.1479 0.0000 0.0000
3420.03 17.07.2018 14.00.01 34.68829 297.3614 336.5637 1.4762 -12.9488 19.2332 330.8774 167.8365 384.2300 460.9623 -102.2571 0.0000 0.0000
3430.03 17.07.2018 14.10.01 34.86138 297.2353 413.9277 1.8155 -13.4246 20.3201 334.5008 168.9602 381.9534 459.5241 -103.7891 0.0000 0.0000
3440.03 17.07.2018 14.20.01 35.06869 297.1129 472.6923 2.0732 -14.0747 21.5306 338.9053 170.4594 379.5940 458.0376 -105.5456 0.0000 0.0000
3450.03 17.07.2018 14.30.01 35.30258 296.9832 522.7662 2.2928 -14.8523 22.8602 344.0388 172.3057 377.1914 456.4695 -107.5802 0.0000 0.0000
3460.03 17.07.2018 14.40.01 35.55953 296.8539 570.4383 2.5019 -15.7332 24.3134 349.9729 174.4366 374.6539 454.8944 -109.2441 0.0000 0.0000
3470.03 17.07.2018 14.50.01 35.83898 296.7301 629.5503 2.7612 -16.7089 25.9601 357.6658 177.4774 372.2606 453.6582 -111.0501 0.0000 0.0000
3480.03 17.07.2018 15.00.01 36.14584 296.6028 667.8167 2.9290 -17.8002 27.6390 365.3040 180.4621 369.8698 452.5104 -112.7833 0.0000 0.0000
3490.03 17.07.2018 15.10.01 36.46807 296.4069 418.5782 1.8359 -18.9393 27.7002 357.8331 176.5095 368.2887 450.9877 -111.7060 0.0000 0.0000
3500.03 17.07.2018 15.20.01 36.67874 296.2156 276.0532 1.2108 -19.5354 27.6616 349.9825 172.4055 366.6979 449.2488 -110.3781 0.0000 0.0000
3510.03 17.07.2018 15.30.01 36.82504 296.0206 181.6794 0.7968 -19.8345 27.5085 338.0567 165.9436 365.0786 446.9734 -107.9555 0.0000 0.0000
3520.03 17.07.2018 15.40.01 36.92721 295.8178 80.9545 0.3551 -19.9518 27.0758 319.9951 156.0383 363.1826 443.9192 -104.0314 0.0000 0.0000
3530.03 17.07.2018 15.50.01 36.98248 295.6195 17.3741 0.0762 -19.8782 26.6059 305.9766 148.5892 361.2714 441.1951 -100.8559 0.0000 0.0000
3540.03 17.07.2018 16.00.01 37.00683 295.4259 -31.7568 -0.1393 -19.6991 26.0798 292.1938 141.3220 359.4827 438.4913 -97.6318 0.0000 0.0000
3550.03 17.07.2018 16.10.01 37.00668 295.1648 -68.9377 -0.3024 -19.4481 25.5277 282.1564 136.2540 357.3954 435.7744 -96.2766 0.0000 0.0000
3560.03 17.07.2018 16.20.01 36.98699 294.9061 -97.4857 -0.4276 -19.1549 24.9698 272.6904 131.5324 355.3954 433.1079 -94.9721 0.0000 0.0000
3570.03 17.07.2018 16.30.01 36.95165 294.6491 -128.7364 -0.5646 -18.8358 24.3615 263.2015 126.8345 353.4476 430.4372 -93.5201 0.0000 0.0000
3580.03 17.07.2018 16.40.01 36.89269 294.3910 -844.9713 -3.7060 -18.4820 19.7013 236.3671 114.8599 351.4895 426.6876 -88.3676 0.0000 0.0000
3590.03 17.07.2018 16.50.01 36.52197 294.1242 -550.5334 -2.4146 -16.5956 18.9080 225.3513 109.4598 349.4797 423.8404 -85.9625 0.0000 0.0000
3600.03 17.07.2018 17.00.01 36.27340 293.8641 -434.5599 -1.9060 -15.4440 18.0508 214.0613 103.9425 347.4957 421.0014 -83.3182 0.0000 0.0000
3610.03 17.07.2018 17.10.01 36.07180 293.5906 -418.2654 -1.8345 -14.5945 17.0133 200.3936 97.2639 345.8235 418.0904 -80.1349 0.0000 0.0000
3620.03 17.07.2018 17.20.01 35.86358 293.3160 -1498.2295 -6.5712 -13.8149 9.6583 173.4228 87.3702 344.1407 414.7411 -75.3441 0.0000 0.0000
3630.03 17.07.2018 17.30.01 35.18820 293.0376 -915.6257 -4.0159 -10.7058 8.9199 159.7852 80.4857 342.4129 411.6966 -71.7735 0.0000 0.0000
3640.03 17.07.2018 17.40.01 34.75927 292.7622 -679.4993 -2.9803 -8.9935 8.0176 142.2979 71.6076 340.7113 408.4720 -67.4645 0.0000 0.0000
3650.03 17.07.2018 17.50.01 34.43057 292.4873 -578.7658 -2.5384 -7.8457 7.0763 125.3601 63.0895 338.9695 405.2571 -63.0274 0.0000 0.0000
3660.03 17.07.2018 18.00.01 34.14431 292.2105 -537.0396 -2.3554 -6.9435 6.1174 108.3368 54.5329 337.2224 402.0077 -58.4539 0.0000 0.0000
3670.03 17.07.2018 18.10.01 33.87551 291.8839 -482.5800 -2.1166 -6.1500 5.3779 88.2524 43.7219 335.9504 398.5660 -50.6821 0.0000 0.0000
3680.03 17.07.2018 18.20.01 33.62975 291.5596 -457.5404 -2.0068 -5.4890 4.6430 76.3606 37.8231 334.7331 395.8700 -46.0335 0.0000 0.0000
3690.03 17.07.2018 18.30.01 33.39437 291.2424 -443.4397 -1.9449 -4.8924 3.9299 64.6952 32.0432 333.5816 393.2781 -41.8023 0.0000 0.0000
3700.03 17.07.2018 18.40.01 33.16409 290.9274 -482.6086 -2.1167 -4.3347 2.9573 48.8066 24.2474 332.4637 390.6290 -37.4812 0.0000 0.0000
3710.03 17.07.2018 18.50.01 32.91595 290.6099 -507.6524 -2.2265 -3.6998 1.9644 32.6929 16.3329 331.2928 387.8468 -33.2767 0.0000 0.0000
3720.03 17.07.2018 19.00.01 32.65542 290.2925 -552.3950 -2.4228 -3.0233 0.8007 16.4113 8.4450 330.1092 384.9896 -29.3246 0.0000 0.0000
3730.03 17.07.2018 19.10.01 32.37536 289.8987 -415.4885 -1.8223 -2.2676 0.5937 12.9704 6.6400 328.7750 382.3004 -27.6491 0.0000 0.0000
3740.03 17.07.2018 19.20.01 32.15328 289.5078 -362.3555 -1.5893 -1.8413 0.3360 10.1483 5.2419 327.5686 379.8954 -26.6130 0.0000 0.0000
3750.03 17.07.2018 19.30.01 31.95388 289.1167 -308.2201 -1.3518 -1.5462 0.2591 8.1855 4.2226 326.4054 377.6504 -25.9238 0.0000 0.0000
3760.03 17.07.2018 19.40.01 31.77755 288.7264 -282.7730 -1.2402 -1.3795 0.1857 5.1897 2.6731 325.2654 375.4695 -25.2829 0.0000 0.0000
3770.03 17.07.2018 19.50.01 31.61199 288.3346 -271.8226 -1.1922 -1.2739 0.1090 2.4794 1.2834 324.1258 373.3322 -24.8214 0.0000 0.0000
3780.03 17.07.2018 20.00.01 31.45095 287.9429 -267.4757 -1.1731 -1.1973 0.0322 0.3415 0.1798 322.9926 371.2583 -24.4171 0.0000 0.0000
3790.03 17.07.2018 20.10.01 31.29162 287.5433 -257.4640 -1.1292 -1.1336 0.0058 0.0617 0.0325 321.9891 369.3543 -24.0989 0.0000 0.0000
3800.03 17.07.2018 20.20.01 31.13662 287.1451 -248.9342 -1.0918 -1.0926 0.0010 0.0111 0.0058 321.0437 367.5865 -24.0113 0.0000 0.0000
3810.03 17.07.2018 20.30.01 30.98544 286.7551 -244.0389 -1.0703 -1.0705 0.0002 0.0020 0.0010 320.1385 365.9259 -23.9395 0.0000 0.0000
3820.03 17.07.2018 20.40.01 30.83645 286.3691 -241.4488 -1.0590 -1.0590 0.0000 0.0004 0.0002 319.2647 364.3529 -23.8805 0.0000 0.0000
3830.03 17.07.2018 20.50.01 30.68868 285.9876 -240.0004 -1.0526 -1.0526 0.0000 0.0001 0.0000 318.4103 362.8387 -23.9292 0.0000 0.0000
3840.03 17.07.2018 21.00.01 30.54162 285.6123 -239.0063 -1.0483 -1.0483 0.0000 0.0000 0.0000 317.5889 361.4425 -23.7360 0.0000 0.0000
3850.03 17.07.2018 21.10.01 30.39541 285.4460 -236.7495 -1.0384 -1.0384 0.0000 0.0000 0.0000 317.1825 360.4031 -22.3626 0.0000 0.0000
3860.03 17.07.2018 21.20.01 30.25152 285.3611 -231.3625 -1.0147 -1.0147 0.0000 0.0000 0.0000 316.8676 359.4733 -21.1490 0.0000 0.0000
3870.03 17.07.2018 21.30.01 30.11141 285.5502 -224.9035 -0.9864 -0.9864 0.0000 0.0000 0.0000 316.6924 358.9516 -19.0735 0.0000 0.0000
3880.03 17.07.2018 21.40.01 29.97546 285.4937 -217.7784 -0.9552 -0.9552 0.0000 0.0000 0.0000 316.4248 358.3536 -17.8211 0.0000 0.0000
3890.03 17.07.2018 21.50.01 29.84341 285.4707 -212.6229 -0.9326 -0.9326 0.0000 0.0000 0.0000 316.1440 357.6969 -16.9886 0.0000 0.0000
3900.03 17.07.2018 22.00.01 29.71386 285.4963 -209.3467 -0.9182 -0.9182 0.0000 0.0000 0.0000 315.8786 357.0990 -16.0477 0.0000 0.0000
3910.03 17.07.2018 22.10.01 29.58605 285.4292 -207.3367 -0.9094 -0.9094 0.0000 0.0000 0.0000 315.5365 356.4759 -15.5384 0.0000 0.0000
3920.03 17.07.2018 22.20.01 29.45880 285.3272 -206.4335 -0.9054 -0.9054 0.0000 0.0000 0.0000 315.1917 355.8240 -15.2433 0.0000 0.0000
3930.03 17.07.2018 22.30.01 29.33172 285.2099 -206.4836 -0.9056 -0.9056 0.0000 0.0000 0.0000 314.8502 355.1662 -15.0531 0.0000 0.0000
3940.03 17.07.2018 22.40.01 29.20449 285.1342 -206.9754 -0.9078 -0.9078 0.0000 0.0000 0.0000 314.5198 354.5485 -14.7265 0.0000 0.0000
3950.03 17.07.2018 22.50.01 29.07723 285.0590 -207.7391 -0.9111 -0.9111 0.0000 0.0000 0.0000 314.1966 353.9507 -14.4192 0.0000 0.0000
3960.03 17.07.2018 23.00.01 28.94946 284.9757 -207.9219 -0.9119 -0.9119 0.0000 0.0000 0.0000 313.8755 353.3621 -14.1647 0.0000 0.0000
3970.03 17.07.2018 23.10.01 28.82137 285.0312 -207.9301 -0.9120 -0.9120 0.0000 0.0000 0.0000 313.5102 352.9061 -13.3241 0.0000 0.0000
3980.03 17.07.2018 23.20.01 28.69332 284.1233 -208.6714 -0.9152 -0.9152 0.0000 0.0000 0.0000 313.0070 351.5877 -16.6785 0.0000 0.0000
3990.03 17.07.2018 23.30.01 28.56408 283.9481 -212.2452 -0.9309 -0.9309 0.0000 0.0000 0.0000 312.5438 350.8169 -16.7874 0.0000 0.0000
4000.03 17.07.2018 23.40.01 28.43273 283.8073 -215.2708 -0.9442 -0.9442 0.0000 0.0000 0.0000 312.1174 350.0928 -16.8349 0.0000 0.0000
4010.03 17.07.2018 23.50.01 28.29955 283.6533 -218.2531 -0.9573 -0.9572 0.0000 0.0000 0.0000 311.6932 349.3664 -16.9063 0.0000 0.0000
4020.03 18.07.2018 00.00.01 28.16464 283.4900 -220.5421 -0.9673 -0.9673 0.0000 0.0000 0.0000 311.2663 348.6339 -17.0081 0.0000 0.0000
4030.03 18.07.2018 00.10.01 28.02892 283.5074 -221.1428 -0.9699 -0.9699 0.0000 0.0000 0.0000 310.9766 348.1974 -15.8081 0.0000 0.0000
4040.03 18.07.2018 00.20.01 27.89385 283.4431 -218.5400 -0.9585 -0.9585 0.0000 0.0000 0.0000 310.6455 347.7024 -15.1288 0.0000 0.0000
4050.03 18.07.2018 00.30.01 27.76058 283.3893 -215.3635 -0.9446 -0.9446 0.0000 0.0000 0.0000 310.3547 347.2200 -14.5298 0.0000 0.0000
4060.03 18.07.2018 00.40.01 27.62927 283.3406 -212.5101 -0.9321 -0.9321 0.0000 0.0000 0.0000 310.0762 346.7886 -13.9329 0.0000 0.0000
4070.03 18.07.2018 00.50.01 27.49926 283.2787 -210.8902 -0.9250 -0.9250 0.0000 0.0000 0.0000 309.7611 346.3603 -13.4357 0.0000 0.0000
4080.03 18.07.2018 01.00.01 27.37014 283.2199 -210.5921 -0.9236 -0.9236 0.0000 0.0000 0.0000 309.4670 345.9504 -13.0306 0.0000 0.0000
4090.03 18.07.2018 01.10.01 27.24105 283.1691 -210.0238 -0.9212 -0.9212 0.0000 0.0000 0.0000 309.1324 345.4733 -12.7688 0.0000 0.0000
4100.03 18.07.2018 01.20.01 27.11248 283.1004 -209.1575 -0.9174 -0.9174 0.0000 0.0000 0.0000 308.7859 344.9491 -12.7719 0.0000 0.0000
4110.03 18.07.2018 01.30.01 26.98422 283.0358 -209.4766 -0.9188 -0.9188 0.0000 0.0000 0.0000 308.4047 344.3719 -12.9887 0.0000 0.0000
4120.03 18.07.2018 01.40.01 26.85510 282.9624 -210.9840 -0.9254 -0.9254 0.0000 0.0000 0.0000 308.0413 343.7695 -13.3082 0.0000 0.0000
4130.03 18.07.2018 01.50.01 26.72485 282.8478 -212.9152 -0.9338 -0.9338 0.0000 0.0000 0.0000 307.6924 343.1375 -13.8191 0.0000 0.0000
4140.03 18.07.2018 02.00.01 26.59341 282.7568 -214.8927 -0.9425 -0.9425 0.0000 0.0005 0.0002 307.3219 342.5052 -14.1805 0.0000 0.0000
4150.03 18.07.2018 02.10.01 26.46087 282.7945 -214.2965 -0.9399 -0.9487 0.0117 0.2834 0.1480 307.1417 342.0692 -13.7433 0.0000 0.0000
4160.03 18.07.2018 02.20.01 26.32861 282.8431 -213.2317 -0.9352 -0.9552 0.0266 0.6029 0.3152 307.0006 341.6995 -13.2671 0.0000 0.0000
4170.03 18.07.2018 02.30.01 26.19702 282.8957 -212.2931 -0.9311 -0.9627 0.0421 0.9280 0.4853 306.8792 341.3727 -12.7794 0.0000 0.0000
4180.03 18.07.2018 02.40.01 26.06603 282.9480 -211.2881 -0.9267 -0.9699 0.0576 1.2542 0.6560 306.7775 341.0896 -12.2595 0.0000 0.0000
4190.03 18.07.2018 02.50.01 25.93566 283.0049 -209.8969 -0.9206 -0.9755 0.0732 1.5806 0.8268 306.6904 340.8446 -11.7277 0.0000 0.0000
4200.03 18.07.2018 03.00.01 25.80615 283.0675 -208.3836 -0.9140 -0.9807 0.0890 1.9111 0.9998 306.6122 340.6373 -11.1711 0.0000 0.0000
4210.03 18.07.2018 03.10.01 25.67819 283.3803 -189.0067 -0.8290 -0.9836 0.2062 4.7016 2.4575 306.9302 341.0209 -9.2962 0.0000 0.0000
4220.03 18.07.2018 03.20.01 25.55972 283.6854 -171.1415 -0.7506 -1.0144 0.3518 7.8111 4.0847 307.3903 341.5851 -7.7685 0.0000 0.0000
4230.03 18.07.2018 03.30.01 25.45022 284.0008 -158.1528 -0.6937 -1.0702 0.5020 10.9688 5.7372 307.9069 342.2702 -6.3761 0.0000 0.0000
4240.03 18.07.2018 03.40.01 25.34765 284.3303 -148.0633 -0.6494 -1.1393 0.6532 14.1361 7.3947 308.4663 343.0655 -5.0720 0.0000 0.0000
4250.03 18.07.2018 03.50.01 25.25073 284.6645 -139.4439 -0.6116 -1.2150 0.8045 17.3051 9.0530 309.0750 343.9481 -3.8905 0.0000 0.0000
4260.03 18.07.2018 04.00.01 25.15881 285.0012 -131.7974 -0.5781 -1.2950 0.9559 20.4748 10.7118 309.7164 344.9033 -2.8183 0.0000 0.0000
4270.03 18.07.2018 04.10.01 25.07144 285.3378 -122.8590 -0.5389 -1.3772 1.1178 23.8996 12.5038 310.8698 346.0043 -2.0288 0.0000 0.0000
4280.03 18.07.2018 04.20.01 24.98928 285.6778 -114.2391 -0.5010 -1.4630 1.2826 27.3575 14.3134 312.0759 347.1865 -1.3682 0.0000 0.0000
4290.03 18.07.2018 04.30.01 24.91219 286.0206 -106.2505 -0.4660 -1.5519 1.4479 30.8204 16.1256 313.3104 348.4290 -0.8021 0.0000 0.0000
4300.03 18.07.2018 04.40.01 24.83987 286.3669 -98.7300 -0.4330 -1.6430 1.6133 34.2843 17.9383 314.5662 349.7256 -0.3043 0.0000 0.0000
4310.03 18.07.2018 04.50.01 24.77203 286.7120 -91.5385 -0.4015 -1.7355 1.7787 98.0794 53.2464 315.8380 355.7259 -6.3831 0.0000 0.0000
4320.03 18.07.2018 05.00.01 24.70880 287.1302 -59.3556 -0.2603 -1.8292 2.0919 113.0115 61.3838 317.4900 359.4910 -8.5096 0.0000 0.0000
4330.03 18.07.2018 05.10.01 24.66079 287.5937 -60.3946 -0.2649 -1.9774 2.2833 463.5262 256.0377 319.1579 391.3937 -44.6674 0.0000 0.0000
4340.03 18.07.2018 05.20.01 24.61535 288.4733 93.3917 0.4096 -2.1053 3.3532 821.6924 454.5822 323.1921 435.5552 -90.1683 0.0000 0.0000
4350.03 18.07.2018 05.30.01 24.64034 289.3427 224.0266 0.9826 -2.5360 4.6914 1179.6457 652.8254 328.5212 488.4631 -143.6835 0.0000 0.0000
4360.03 18.07.2018 05.40.01 24.72796 290.1316 326.0773 1.4302 -3.1893 6.1593 1108.1137 612.4662 334.8711 504.6843 -154.5430 0.0000 0.0000
4370.03 18.07.2018 05.50.01 24.86498 290.5102 189.9056 0.8329 -3.9817 6.4194 1023.4161 565.1682 338.1228 511.4524 -157.7258 0.0000 0.0000
4380.03 18.07.2018 06.00.01 24.94778 290.7956 87.8737 0.3854 -4.4006 6.3814 935.2659 516.0251 340.2821 513.6961 -157.3184 0.0000 0.0000
4390.03 18.07.2018 06.10.01 24.98989 291.1070 54.9483 0.2410 -4.5435 6.3793 891.2714 491.3462 341.7359 516.0166 -160.1486 0.0000 0.0000
4400.03 18.07.2018 06.20.01 25.02111 291.4334 62.3995 0.2737 -4.5683 6.4560 849.2234 467.7731 343.1822 517.1493 -161.5247 0.0000 0.0000
4410.03 18.07.2018 06.30.01 25.05944 291.7563 87.0181 0.3817 -4.5607 6.5898 806.3945 443.6867 344.7011 516.6524 -161.1696 0.0000 0.0000
4420.03 18.07.2018 06.40.01 25.11288 292.0847 115.4404 0.5063 -4.5533 6.7461 780.0384 428.7022 346.1497 516.9458 -160.1394 0.0000 0.0000
4430.03 18.07.2018 06.50.01 25.18316 292.4055 142.1510 0.6235 -4.5526 6.9014 756.7809 415.5790 347.6247 517.1144 -158.8259 0.0000 0.0000
4440.03 18.07.2018 07.00.01 25.26968 292.7266 168.2079 0.7378 -4.5568 7.0594 733.4772 402.4251 349.0715 516.6910 -156.7302 0.0000 0.0000
4450.03 18.07.2018 07.10.01 25.37209 292.9541 222.0354 0.9738 -4.5676 7.3886 704.0505 385.7540 350.4735 513.7228 -155.6633 0.0000 0.0000
4460.03 18.07.2018 07.20.01 25.50182 293.1886 261.8828 1.1486 -4.6507 7.7325 674.5962 369.0541 351.8031 510.2253 -153.8256 0.0000 0.0000
4470.03 18.07.2018 07.30.01 25.65255 293.4167 285.8067 1.2535 -4.7787 8.0430 644.8799 352.2231 353.0293 506.3648 -151.2601 0.0000 0.0000
4480.03 18.07.2018 07.40.01 25.81698 293.6433 312.9821 1.3727 -4.9205 8.3910 625.6285 341.1509 354.1220 503.2441 -148.8156 0.0000 0.0000
4490.03 18.07.2018 07.50.01 25.99609 293.8840 332.8746 1.4600 -5.0897 8.7330 606.4599 330.1347 355.3358 500.2760 -146.1975 0.0000 0.0000
4500.03 18.07.2018 08.00.01 26.18624 294.1399 346.4742 1.5196 -5.2739 9.0580 586.9062 318.9016 356.5490 497.3077 -143.1651 0.0000 0.0000
4510.03 18.07.2018 08.10.01 26.38464 294.2486 379.6195 1.6650 -5.4648 9.5064 545.7752 295.7358 357.8020 492.5700 -137.0629 0.0000 0.0000
4520.03 18.07.2018 08.20.01 26.59875 294.3451 377.8822 1.6574 -5.7117 9.8254 504.1234 272.3585 358.7531 487.1989 -130.1020 0.0000 0.0000
4530.03 18.07.2018 08.30.01 26.81317 294.4436 380.6824 1.6697 -5.9425 10.1496 463.4425 249.5577 359.6138 481.6617 -122.7987 0.0000 0.0000
4540.03 18.07.2018 08.40.01 27.02929 294.5353 375.6436 1.6476 -6.1731 10.4275 433.7437 232.8455 360.3766 476.9038 -116.1407 0.0000 0.0000
4550.03 18.07.2018 08.50.01 27.24352 294.6324 381.4483 1.6730 -6.3906 10.7515 405.4130 216.9179 361.1929 472.4153 -109.8165 0.0000 0.0000
4560.03 18.07.2018 09.00.01 27.46038 294.7317 386.5116 1.6952 -6.6229 11.0909 378.1483 201.6154 361.9973 468.0642 -103.6923 0.0000 0.0000
4570.03 18.07.2018 09.10.01 27.67864 294.8319 343.0625 1.5047 -6.8692 11.1651 371.2886 197.6400 363.0511 466.8161 -94.8827 0.0000 0.0000
4580.03 18.07.2018 09.20.01 27.87762 294.9786 336.2787 1.4749 -7.0242 11.3321 365.5396 194.2584 364.2634 466.2642 -87.8480 0.0000 0.0000
4590.03 18.07.2018 09.30.01 28.07308 295.1268 341.8097 1.4992 -7.1737 11.5638 360.6458 191.3392 365.5483 465.7928 -82.8354 0.0000 0.0000
4600.03 18.07.2018 09.40.01 28.27023 295.2115 341.5764 1.4981 -7.3453 11.7913 357.2253 189.2292 366.9456 464.8769 -80.6286 0.0000 0.0000
4610.03 18.07.2018 09.50.01 28.46652 295.3502 344.4445 1.5107 -7.5259 12.0488 354.4001 187.4541 368.3922 464.1358 -79.1534 0.0000 0.0000
4620.03 18.07.2018 10.00.01 28.66326 295.5066 338.2771 1.4837 -7.7225 12.2749 351.3182 185.5475 369.7914 463.5577 -77.7263 0.0000 0.0000
4630.03 18.07.2018 10.10.01 28.85665 295.7479 341.6772 1.4986 -7.9141 12.5502 359.0651 189.4646 371.8674 463.3546 -80.9108 0.0000 0.0000
4640.03 18.07.2018 10.20.01 29.05111 296.0058 355.7816 1.5604 -8.1197 12.9068 367.3749 193.6563 374.1067 463.6142 -84.5140 0.0000 0.0000
4650.03 18.07.2018 10.30.01 29.25121 296.1634 354.0002 1.5526 -8.3622 13.2197 374.8349 197.3715 376.2669 463.5965 -89.3078 0.0000 0.0000
4660.03 18.07.2018 10.40.01 29.45007 296.2852 366.1209 1.6058 -8.6097 13.6206 382.9596 201.4299 378.6111 463.7959 -93.3326 0.0000 0.0000
4670.03 18.07.2018 10.50.01 29.65432 296.2497 362.8364 1.5914 -8.8893 13.9742 390.1477 204.9619 381.2276 466.3324 -90.9360 0.0000 0.0000
4680.03 18.07.2018 11.00.01 29.85723 296.3520 358.0370 1.5703 -9.1663 14.3155 396.8306 208.2033 383.6163 467.0534 -94.4825 0.0000 0.0000
4690.03 18.07.2018 11.10.01 30.05670 296.3865 310.7907 1.3631 -9.4394 14.4034 379.2216 198.7248 384.2161 468.1322 -88.2335 0.0000 0.0000
4700.03 18.07.2018 11.20.01 30.23385 296.3783 221.6090 0.9720 -9.6129 14.1132 357.9986 187.3671 384.1347 468.2337 -80.4735 0.0000 0.0000
4710.03 18.07.2018 11.30.01 30.37057 296.4436 163.8615 0.7187 -9.6073 13.7680 337.2153 176.3165 383.6964 467.9904 -73.1401 0.0000 0.0000
4720.03 18.07.2018 11.40.01 30.47955 296.4750 132.7041 0.5820 -9.4967 13.4384 318.4790 166.4065 383.0842 467.2768 -67.2647 0.0000 0.0000
4730.03 18.07.2018 11.50.01 30.57250 296.4559 105.6321 0.4633 -9.3450 13.0777 300.2429 156.8199 382.1934 466.1798 -61.8409 0.0000 0.0000
4740.03 18.07.2018 12.00.01 30.65124 296.4903 85.2608 0.3740 -9.1608 12.7130 282.8780 147.7564 381.2250 464.3993 -58.6641 0.0000 0.0000
4750.03 18.07.2018 12.10.01 30.71847 296.5748 28.0602 0.1231 -8.9559 12.1054 277.9814 144.9223 379.9796 461.2217 -60.0742 0.0000 0.0000
4760.03 18.07.2018 12.20.01 30.75878 297.3403 67.2556 0.2950 -8.6600 11.9399 277.4538 144.3755 379.2015 459.6481 -61.3712 0.0000 0.0000
4770.03 18.07.2018 12.30.01 30.81469 297.6053 135.4104 0.5939 -8.4842 12.1042 279.3797 145.0504 378.5714 457.7556 -65.8165 0.0000 0.0000
4780.03 18.07.2018 12.40.01 30.89959 297.8691 192.0619 0.8424 -8.4816 12.4320 282.2055 146.1360 378.1072 456.5619 -67.2167 0.0000 0.0000
4790.03 18.07.2018 12.50.01 31.00897 298.1038 235.4643 1.0327 -8.6085 12.8550 285.0588 147.1663 377.6276 455.5888 -68.2308 0.0000 0.0000
4800.03 18.07.2018 13.00.01 31.13818 298.3221 290.9195 1.2760 -8.8300 13.4747 289.3398 148.9064 377.2541 455.0671 -68.9533 0.0000 0.0000
4810.03 18.07.2018 13.10.01 31.29199 298.0017 274.0517 1.2020 -9.1657 13.8236 284.4332 146.3608 379.3630 456.6981 -61.6376 0.0000 0.0000
4820.03 18.07.2018 13.20.01 31.43856 297.5193 206.4081 0.9053 -9.4448 13.8001 275.6725 141.7844 380.9828 457.5736 -56.3063 0.0000 0.0000
4830.03 18.07.2018 13.30.01 31.55633 297.5277 163.0040 0.7149 -9.5589 13.6984 266.9826 137.3110 382.3449 458.4536 -54.0512 0.0000 0.0000
4840.03 18.07.2018 13.40.01 31.65487 297.7144 119.6714 0.5249 -9.5737 13.4648 257.4764 132.4503 383.5771 459.3015 -46.8942 0.0000 0.0000
4850.03 18.07.2018 13.50.01 31.73321 297.5199 74.8179 0.3281 -9.5081 13.1151 247.3943 127.3320 384.4799 456.9861 -52.0571 0.0000 0.0000
4860.03 18.07.2018 14.00.01 31.78887 297.3503 21.3499 0.0936 -9.3757 12.6258 236.4331 121.7922 384.9845 453.6150 -60.5130 0.0000 0.0000
4870.03 18.07.2018 14.10.01 31.81713 297.1668 -77.8098 -0.3413 -9.1570 11.7543 217.2588 111.9869 383.4776 451.7479 -55.4295 0.0000 0.0000
4880.03 18.07.2018 14.20.01 31.79891 297.0744 -168.3102 -0.7382 -8.7431 10.6732 196.3571 101.3055 381.7965 449.5400 -49.5219 0.0000 0.0000
4890.03 18.07.2018 14.30.01 31.73812 297.0256 -237.5538 -1.0419 -8.1581 9.4883 174.9252 90.3849 380.0187 446.9591 -44.1896 0.0000 0.0000
4900.03 18.07.2018 14.40.01 31.64391 297.0493 -306.4730 -1.3442 -7.4499 8.1410 152.1446 78.8192 378.0749 444.0833 -37.6599 0.0000 0.0000
4910.03 18.07.2018 14.50.01 31.51623 296.9338 -362.4916 -1.5899 -6.6232 6.7111 129.0710 67.1402 375.9348 440.6855 -32.3334 0.0000 0.0000
4920.03 18.07.2018 15.00.01 31.36047 296.9589 -414.6167 -1.8185 -5.7146 5.1948 105.5921 55.2818 373.6290 436.7152 -28.1968 0.0000 0.0000
4930.03 18.07.2018 15.10.01 31.18017 296.5715 -262.8105 -1.1527 -4.7537 4.8014 99.5400 52.0951 370.4816 432.9287 -28.8500 0.0000 0.0000
4940.03 18.07.2018 15.20.01 31.06472 296.1602 -165.2223 -0.7247 -4.1711 4.5952 95.6265 50.0470 367.5397 429.0659 -31.1278 0.0000 0.0000
4950.03 18.07.2018 15.30.01 30.98925 295.7988 -120.0925 -0.5267 -3.8415 4.4197 92.0225 48.1606 364.6199 425.2996 -32.9772 0.0000 0.0000
4960.03 18.07.2018 15.40.01 30.93142 295.5042 -102.7625 -0.4507 -3.6382 4.2500 88.4820 46.3077 361.6890 421.7375 -33.4055 0.0000 0.0000
4970.03 18.07.2018 15.50.01 30.87942 295.2634 -99.2589 -0.4353 -3.4963 4.0813 84.9522 44.4605 358.7444 418.2781 -33.9009 0.0000 0.0000
4980.03 18.07.2018 16.00.01 30.82742 295.0507 -101.3536 -0.4445 -3.3812 3.9155 81.4520 42.6273 355.8011 414.9494 -34.0650 0.0000 0.0000
4990.03 18.07.2018 16.10.01 30.77630 295.2504 179.4803 0.7872 -3.2705 5.4103 94.6893 48.6506 355.5934 414.1556 -30.2877 0.0000 0.0000
5000.03 18.07.2018 16.20.01 30.85043 295.4806 358.9518 1.5743 -3.7598 7.1122 109.7077 55.5838 355.9607 414.3955 -27.9440 0.0000 0.0000
5010.03 18.07.2018 16.30.01 31.00723 295.7259 473.1584 2.0753 -4.6012 8.9019 125.2099 62.7399 356.5596 415.2054 -26.5214 0.0000 0.0000
5020.03 18.07.2018 16.40.01 31.21658 295.9824 372.2594 1.6327 -5.6451 9.7037 138.7165 69.2410 357.2919 416.1952 -25.0563 0.0000 0.0000
5030.03 18.07.2018 16.50.01 31.38711 296.2440 514.9712 2.2586 -6.4213 11.5732 156.7897 77.6761 358.1461 418.0027 -24.7860 0.0000 0.0000
5040.03 18.07.2018 17.00.01 31.62304 296.5235 596.3827 2.6157 -7.4808 13.4621 174.9264 86.1368 359.0983 420.2139 -24.9794 0.0000 0.0000
5050.03 18.07.2018 17.10.01 31.89315 296.2003 202.1695 0.8867 -8.6872 12.7653 165.2476 81.4969 358.8675 419.5486 -30.4318 0.0000 0.0000
5060.03 18.07.2018 17.20.01 31.98315 295.8522 -719.7852 -3.1570 -9.0197 7.8170 144.8296 73.6253 357.8879 417.3422 -34.0172 0.0000 0.0000
5070.03 18.07.2018 17.30.01 31.67129 295.5015 -454.6182 -1.9939 -7.3714 7.1700 132.8063 67.5473 356.5952 414.9804 -37.0328 0.0000 0.0000
5080.03 18.07.2018 17.40.01 31.46682 295.1525 -372.0887 -1.6320 -6.4140 6.3761 117.6527 59.8672 355.1842 412.1072 -38.6526 0.0000 0.0000
5090.03 18.07.2018 17.50.01 31.29339 294.8066 -351.5402 -1.5418 -5.7045 5.5502 102.7615 52.3693 353.6738 409.0181 -39.3405 0.0000 0.0000
5100.03 18.07.2018 18.00.01 31.12493 294.4616 -354.0835 -1.5530 -5.0899 4.7159 87.8467 44.8632 352.1195 405.7842 -39.1104 0.0000 0.0000
5110.03 18.07.2018 18.10.01 30.95245 294.1073 -327.5977 -1.4368 -4.5093 4.0966 72.6940 36.7976 350.0164 402.5084 -35.3180 0.0000 0.0000
5120.03 18.07.2018 18.20.01 30.78909 293.7550 -320.9443 -1.4077 -4.0174 3.4797 61.7378 31.2482 347.9444 399.6318 -32.6968 0.0000 0.0000
5130.03 18.07.2018 18.30.01 30.62664 293.4046 -321.1807 -1.4087 -3.5647 2.8747 50.9064 25.7644 345.8970 396.7517 -30.1407 0.0000 0.0000
5140.03 18.07.2018 18.40.01 30.46215 293.0591 -351.8672 -1.5433 -3.1340 2.1209 37.6547 19.1252 343.8607 393.8206 -27.2058 0.0000 0.0000
5150.03 18.07.2018 18.50.01 30.28250 292.7080 -373.6984 -1.6390 -2.6561 1.3561 24.2764 12.4189 341.7970 390.8032 -24.1479 0.0000 0.0000
5160.03 18.07.2018 19.00.01 30.09146 292.3546 -388.3388 -1.7032 -2.1528 0.5993 10.9504 5.7368 339.7144 387.7452 -21.0321 0.0000 0.0000
5170.03 18.07.2018 19.10.01 29.89337 292.1125 -302.0519 -1.3248 -1.6367 0.4159 8.2380 4.3134 339.7434 385.5965 -18.1936 0.0000 0.0000
5180.03 18.07.2018 19.20.01 29.73266 291.8824 -245.3261 -1.0760 -1.3178 0.3223 6.4815 3.3936 340.0468 383.8963 -16.3608 0.0000 0.0000
5190.03 18.07.2018 19.30.01 29.59713 291.6605 -213.8682 -0.9380 -1.1217 0.2449 4.8961 2.5637 340.4455 382.4053 -15.0040 0.0000 0.0000
5200.03 18.07.2018 19.40.01 29.47579 291.5074 -196.6476 -0.8625 -0.9902 0.1703 3.3415 1.7501 340.9319 381.1833 -13.6063 0.0000 0.0000
5210.03 18.07.2018 19.50.01 29.36242 291.2857 -187.1344 -0.8208 -0.8930 0.0963 1.7924 0.9395 341.4424 379.9873 -12.8481 0.0000 0.0000
5220.03 18.07.2018 20.00.01 29.25347 291.0069 -181.7679 -0.7972 -0.8141 0.0225 0.2466 0.1305 341.9307 378.7951 -12.5922 0.0000 0.0000
5230.03 18.07.2018 20.10.01 29.14715 290.9155 -168.9753 -0.7411 -0.7440 0.0039 0.0403 0.0211 343.8478 378.2290 -11.6211 0.0000 0.0000
5240.03 18.07.2018 20.20.01 29.04711 290.8119 -158.1161 -0.6935 -0.6940 0.0007 0.0077 0.0040 345.8838 377.8219 -11.2471 0.0000 0.0000
5250.03 18.07.2018 20.30.01 28.95251 290.7136 -150.5337 -0.6602 -0.6603 0.0001 0.0013 0.0007 347.9706 377.5323 -11.1621 0.0000 0.0000
5260.03 18.07.2018 20.40.01 28.86172 290.6214 -145.2698 -0.6371 -0.6372 0.0000 0.0002 0.0001 350.0941 377.3557 -11.2306 0.0000 0.0000
5270.03 18.07.2018 20.50.01 28.77374 290.5323 -141.5900 -0.6210 -0.6210 0.0000 0.0000 0.0000 352.2479 377.2646 -11.4753 0.0000 0.0000
5280.03 18.07.2018 21.00.01 28.68768 290.4475 -138.8708 -0.6091 -0.6091 0.0000 0.0000 0.0000 354.4187 377.2474 -11.8606 0.0000 0.0000
5290.03 18.07.2018 21.10.01 28.60305 290.3701 -136.9592 -0.6007 -0.6007 0.0000 0.0000 0.0000 354.2189 377.0028 -11.9440 0.0000 0.0000
5300.03 18.07.2018 21.20.01 28.51885 290.2912 -136.4124 -0.5983 -0.5983 0.0000 0.0000 0.0000 353.9391 376.6974 -11.9164 0.0000 0.0000
5310.03 18.07.2018 21.30.01 28.43463 290.2085 -137.1527 -0.6015 -0.6015 0.0000 0.0000 0.0000 353.6500 376.3659 -11.8841 0.0000 0.0000
5320.03 18.07.2018 21.40.01 28.34994 290.1276 -138.3622 -0.6069 -0.6069 0.0000 0.0000 0.0000 353.3589 376.0217 -11.8296 0.0000 0.0000
5330.03 18.07.2018 21.50.01 28.26455 290.0460 -139.5627 -0.6121 -0.6121 0.0000 0.0000 0.0000 353.0678 375.6658 -11.7684 0.0000 0.0000
5340.03 18.07.2018 22.00.01 28.17849 289.9640 -140.4571 -0.6160 -0.6160 0.0000 0.0000 0.0000 352.7779 375.2992 -11.7083 0.0000 0.0000
5350.03 18.07.2018 22.10.01 28.09185 289.9019 -141.0048 -0.6184 -0.6184 0.0000 0.0000 0.0000 351.8792 374.8607 -11.5005 0.0000 0.0000
5360.03 18.07.2018 22.20.01 28.00488 289.8389 -141.6874 -0.6214 -0.6214 0.0000 0.0000 0.0000 350.9565 374.3851 -11.2642 0.0000 0.0000
5370.03 18.07.2018 22.30.01 27.91754 289.7759 -142.4268 -0.6247 -0.6247 0.0000 0.0000 0.0000 350.0278 373.8920 -10.9909 0.0000 0.0000
5380.03 18.07.2018 22.40.01 27.82964 289.7116 -142.9213 -0.6268 -0.6268 0.0000 0.0000 0.0000 349.0947 373.3824 -10.7026 0.0000 0.0000
5390.03 18.07.2018 22.50.01 27.74175 289.6472 -143.6208 -0.6299 -0.6299 0.0000 0.0000 0.0000 348.1581 372.8622 -10.3876 0.0000 0.0000
5400.03 18.07.2018 23.00.01 27.65334 289.5816 -143.8452 -0.6309 -0.6309 0.0000 0.0000 0.0000 347.2194 372.3305 -10.0700 0.0000 0.0000
5410.03 18.07.2018 23.10.01 27.56457 289.4012 -144.0846 -0.6319 -0.6319 0.0000 0.0000 0.0000 346.1022 371.6537 -10.2797 0.0000 0.0000
5420.03 18.07.2018 23.20.01 27.47576 289.2169 -145.3321 -0.6374 -0.6374 0.0000 0.0000 0.0000 344.9601 370.9491 -10.3708 0.0000 0.0000
5430.03 18.07.2018 23.30.01 27.38604 289.0356 -146.3295 -0.6418 -0.6418 0.0000 0.0000 0.0000 343.8095 370.2130 -10.4396 0.0000 0.0000
5440.03 18.07.2018 23.40.01 27.29571 288.8526 -147.3010 -0.6461 -0.6461 0.0000 0.0000 0.0000 342.6535 369.4423 -10.5701 0.0000 0.0000
5450.03 18.07.2018 23.50.01 27.20492 288.6735 -148.3539 -0.6507 -0.6507 0.0000 0.0000 0.0000 341.4995 368.6670 -10.5886 0.0000 0.0000
5460.03 19.07.2018 00.00.01 27.11337 288.4936 -148.9067 -0.6531 -0.6531 0.0000 0.0000 0.0000 340.3421 367.8749 -10.5934 0.0000 0.0000
5470.03 19.07.2018 00.10.01 27.02175 288.2860 -149.8271 -0.6571 -0.6571 0.0000 0.0000 0.0000 339.4442 367.0787 -10.7767 0.0000 0.0000
5480.03 19.07.2018 00.20.01 26.92932 288.0847 -150.0853 -0.6583 -0.6583 0.0000 0.0000 0.0000 338.5621 366.2960 -10.9143 0.0000 0.0000
5490.03 19.07.2018 00.30.01 26.83685 287.8855 -150.7340 -0.6611 -0.6611 0.0000 0.0000 0.0000 337.6760 365.5095 -11.0306 0.0000 0.0000
5500.03 19.07.2018 00.40.01 26.74407 287.6842 -151.2847 -0.6635 -0.6635 0.0000 0.0000 0.0000 336.7864 364.7168 -11.1446 0.0000 0.0000
5510.03 19.07.2018 00.50.01 26.65069 287.4817 -151.4255 -0.6641 -0.6641 0.0000 0.0000 0.0000 335.8947 363.9205 -11.2529 0.0000 0.0000
5520.03 19.07.2018 01.00.01 26.55731 287.2779 -151.8136 -0.6658 -0.6658 0.0000 0.0000 0.0000 335.0017 363.1202 -11.3603 0.0000 0.0000
5530.03 19.07.2018 01.10.01 26.46392 287.1808 -152.3192 -0.6681 -0.6681 0.0000 0.0000 0.0000 334.8830 362.5264 -11.0663 0.0000 0.0000
5540.03 19.07.2018 01.20.01 26.37054 287.0754 -152.2274 -0.6677 -0.6677 0.0000 0.0000 0.0000 334.8014 361.9651 -10.9389 0.0000 0.0000
5550.03 19.07.2018 01.30.01 26.27715 286.9779 -151.4921 -0.6644 -0.6644 0.0000 0.0000 0.0000 334.7218 361.4382 -10.8411 0.0000 0.0000
5560.03 19.07.2018 01.40.01 26.18444 286.8874 -151.0893 -0.6627 -0.6627 0.0000 0.0000 0.0000 334.6493 360.9549 -10.6976 0.0000 0.0000
5570.03 19.07.2018 01.50.01 26.09197 286.8343 -150.3096 -0.6593 -0.6593 0.0000 0.0000 0.0000 334.5981 360.5620 -10.3342 0.0000 0.0000
5580.03 19.07.2018 02.00.01 26.00012 286.7764 -148.9939 -0.6535 -0.6535 0.0000 0.0003 0.0002 334.6014 360.1518 -10.2004 0.0000 0.0000
5590.03 19.07.2018 02.10.01 25.90911 286.7559 -146.6507 -0.6432 -0.6497 0.0087 0.2103 0.1098 333.9262 359.7652 -9.9012 0.0000 0.0000
5600.03 19.07.2018 02.20.01 25.81860 286.6550 -146.0569 -0.6406 -0.6554 0.0197 0.4473 0.2339 333.1689 359.2124 -10.2234 0.0000 0.0000
5610.03 19.07.2018 02.30.01 25.72790 286.5184 -147.1494 -0.6454 -0.6688 0.0312 0.6885 0.3601 332.4165 358.5213 -10.8762 0.0000 0.0000
5620.03 19.07.2018 02.40.01 25.63635 286.3474 -148.5611 -0.6516 -0.6837 0.0428 0.9305 0.4867 331.6384 357.8044 -11.3774 0.0000 0.0000
5630.03 19.07.2018 02.50.01 25.54415 286.2279 -149.4451 -0.6555 -0.6962 0.0543 1.1727 0.6135 330.8059 357.1236 -11.6317 0.0000 0.0000
5640.03 19.07.2018 03.00.01 25.45144 286.1183 -149.9984 -0.6579 -0.7075 0.0661 1.4207 0.7432 329.9327 356.4484 -11.7688 0.0000 0.0000
5650.03 19.07.2018 03.10.01 25.35870 286.1411 -125.9408 -0.5524 -0.7188 0.2219 5.1583 2.6955 329.4957 356.2957 -11.3067 0.0000 0.0000
5660.03 19.07.2018 03.20.01 25.27679 286.1736 -106.4247 -0.4668 -0.7801 0.4178 9.3484 4.8882 329.2199 356.3299 -11.1355 0.0000 0.0000
5670.03 19.07.2018 03.30.01 25.20397 286.2106 -94.0541 -0.4125 -0.8778 0.6204 13.6068 7.1166 329.0078 356.4588 -11.1289 0.0000 0.0000
5680.03 19.07.2018 03.40.01 25.13723 286.2516 -85.8083 -0.3764 -0.9946 0.8243 17.8790 9.3523 328.8317 356.6738 -11.1930 0.0000 0.0000
5690.03 19.07.2018 03.50.01 25.07479 286.2950 -79.7469 -0.3498 -1.1211 1.0284 22.1534 11.5892 328.6756 356.9519 -11.3486 0.0000 0.0000
5700.03 19.07.2018 04.00.01 25.01574 286.3411 -74.8216 -0.3282 -1.2528 1.2328 26.4342 13.8294 328.5380 357.2847 -11.5764 0.0000 0.0000
5710.03 19.07.2018 04.10.01 24.95986 286.7032 -44.7098 -0.1961 -1.3836 1.5834 34.2593 17.9207 329.0735 358.3746 -10.4686 0.0000 0.0000
5720.03 19.07.2018 04.20.01 24.91882 287.0730 -18.0758 -0.0793 -1.5604 1.9748 42.5440 22.2561 329.7999 359.7582 -9.7360 0.0000 0.0000
5730.03 19.07.2018 04.30.01 24.89126 287.4468 1.4014 0.0061 -1.7736 2.3730 50.8981 26.6279 330.6167 361.3229 -9.2484 0.0000 0.0000
5740.03 19.07.2018 04.40.01 24.87408 287.8232 16.3299 0.0716 -2.0077 2.7725 59.2661 31.0070 331.4918 363.0372 -8.9503 0.0000 0.0000
5750.03 19.07.2018 04.50.01 24.86529 288.2019 28.5327 0.1251 -2.2540 3.1722 85.9964 45.5807 332.4096 366.4049 -10.5301 0.0000 0.0000
5760.03 19.07.2018 05.00.01 24.86346 288.6012 47.0655 0.2064 -2.5061 3.6167 98.6476 52.3241 333.4878 369.1626 -11.4195 0.0000 0.0000
5770.03 19.07.2018 05.10.01 24.87148 289.0016 56.4612 0.2476 -2.7788 4.0353 180.4609 97.5029 334.5616 377.9533 -18.4591 0.0000 0.0000
5780.03 19.07.2018 05.20.01 24.88552 289.5465 96.6460 0.4239 -3.0509 4.6330 264.0461 143.6020 336.1614 389.0702 -27.0021 0.0000 0.0000
5790.03 19.07.2018 05.30.01 24.91921 290.0631 132.0448 0.5791 -3.3879 5.2894 347.4299 189.5431 338.0512 401.6001 -36.7300 0.0000 0.0000
5800.03 19.07.2018 05.40.01 24.97076 290.5985 160.7502 0.7050 -3.7738 5.9718 324.1449 176.2265 340.1024 405.5271 -37.7686 0.0000 0.0000
5810.03 19.07.2018 05.50.01 25.03692 290.8980 131.0176 0.5746 -4.1901 6.3530 297.7674 161.2939 341.4682 407.0951 -37.4465 0.0000 0.0000
5820.03 19.07.2018 06.00.01 25.09240 291.2780 109.2482 0.4792 -4.5112 6.6538 270.7293 146.0220 342.5731 407.6638 -35.7889 0.0000 0.0000
5830.03 19.07.2018 06.10.01 25.13995 291.6392 66.9496 0.2936 -4.7597 6.7377 307.9296 166.5606 343.9920 413.6232 -36.6701 0.0000 0.0000
5840.03 19.07.2018 06.20.01 25.17095 292.1178 79.6249 0.3492 -4.8895 6.9850 346.3842 187.7221 345.8192 421.3398 -38.6429 0.0000 0.0000
5850.03 19.07.2018 06.30.01 25.20956 292.8028 100.8649 0.4424 -5.0222 7.2861 384.4184 208.5916 347.4578 427.3776 -50.2266 0.0000 0.0000
5860.03 19.07.2018 06.40.01 25.25970 293.4873 118.4012 0.5193 -5.1742 7.5913 404.4733 219.4674 349.5630 435.4010 -46.0659 0.0000 0.0000
5870.03 19.07.2018 06.50.01 25.31985 293.5909 129.1940 0.5666 -5.3337 7.8671 425.0539 230.6815 351.5120 441.4476 -51.2966 0.0000 0.0000
5880.03 19.07.2018 07.00.01 25.38720 293.7028 137.5137 0.6031 -5.4879 8.1213 445.0407 241.5581 353.3224 447.5125 -58.2694 0.0000 0.0000
5890.03 19.07.2018 07.10.01 25.46020 294.1410 170.0163 0.7457 -5.6375 8.5109 443.4175 240.3692 355.0154 450.8878 -60.9617 0.0000 0.0000
5900.03 19.07.2018 07.20.01 25.54971 294.4318 183.0846 0.8030 -5.8289 8.8426 441.0109 238.7555 356.0038 451.6466 -73.3310 0.0000 0.0000
5910.03 19.07.2018 07.30.01 25.64678 294.5000 189.6614 0.8318 -6.0275 9.1457 438.1896 236.9154 356.6941 450.7533 -87.7332 0.0000 0.0000
5920.03 19.07.2018 07.40.01 25.74841 294.7675 201.1005 0.8820 -6.2189 9.4679 437.4751 236.2219 358.7672 459.4388 -60.0758 0.0000 0.0000
5930.03 19.07.2018 07.50.01 25.85739 294.9708 211.3452 0.9270 -6.4064 9.7778 436.5792 235.4301 359.8905 459.4501 -75.2683 0.0000 0.0000
5940.03 19.07.2018 08.00.01 25.97225 294.7783 218.0253 0.9563 -6.6002 10.0753 435.3319 234.4351 359.8301 453.7589 -104.9555 0.0000 0.0000
5950.03 19.07.2018 08.10.01 26.09118 294.9633 207.9247 0.9120 -6.7928 10.2731 452.8647 243.8414 360.2395 455.2942 -107.2474 0.0000 0.0000
5960.03 19.07.2018 08.20.01 26.20724 295.1911 221.1603 0.9700 -6.9431 10.5508 470.5897 253.3007 361.0945 457.5667 -110.0270 0.0000 0.0000
5970.03 19.07.2018 08.30.01 26.33096 295.4273 240.1918 1.0535 -7.1024 10.8745 488.0639 262.5735 362.1146 460.1265 -113.1844 0.0000 0.0000
5980.03 19.07.2018 08.40.01 26.46459 295.6646 252.8411 1.1090 -7.2825 11.1887 501.5383 269.6240 363.2046 462.5319 -116.4893 0.0000 0.0000
5990.03 19.07.2018 08.50.01 26.60531 295.9035 259.9212 1.1400 -7.4704 11.4805 514.1196 276.1560 364.3004 464.9813 -119.4246 0.0000 0.0000
6000.03 19.07.2018 09.00.01 26.75067 296.1335 270.4947 1.1864 -7.6559 11.7897 526.0078 282.2593 365.3848 467.3466 -122.7677 0.0000 0.0000
6010.03 19.07.2018 09.10.01 26.90212 296.3723 290.5027 1.2741 -7.8492 12.1644 521.7389 279.4927 366.9042 469.3202 -121.1861 0.0000 0.0000
6020.03 19.07.2018 09.20.01 27.06341 296.5852 283.9473 1.2454 -8.0705 12.4212 516.1133 276.0032 368.3067 471.0698 -118.1158 0.0000 0.0000
6030.03 19.07.2018 09.30.01 27.22320 296.7757 299.7060 1.3145 -8.2625 12.7693 511.4671 273.0300 369.7651 472.5512 -116.7572 0.0000 0.0000
6040.03 19.07.2018 09.40.01 27.39086 296.9763 303.6463 1.3318 -8.4763 13.0774 507.6945 270.5321 371.2353 474.3206 -113.8094 0.0000 0.0000
6050.03 19.07.2018 09.50.01 27.56149 297.1870 319.0909 1.3995 -8.6859 13.4473 504.8496 268.5454 372.8542 476.2303 -110.9562 0.0000 0.0000
6060.03 19.07.2018 10.00.01 27.73986 297.3974 321.3435 1.4094 -8.9169 13.7684 501.2050 266.1164 374.4177 477.7492 -109.4549 0.0000 0.0000
6070.03 19.07.2018 10.10.01 27.92016 297.3801 337.4669 1.4801 -9.1402 14.1604 484.9571 256.9356 377.9138 482.1407 -97.6195 0.0000 0.0000
6080.03 19.07.2018 10.20.01 28.10851 297.6543 313.3608 1.3744 -9.3823 14.3423 467.0096 246.8960 381.1899 484.7282 -92.8649 0.0000 0.0000
6090.03 19.07.2018 10.30.01 28.28768 297.9938 284.3369 1.2471 -9.5486 14.3943 448.4124 236.5662 382.8033 483.2431 -95.6955 0.0000 0.0000
6100.03 19.07.2018 10.40.01 28.45538 298.3900 293.1910 1.2859 -9.6395 14.5672 434.4058 228.7527 384.6948 483.7519 -80.1431 0.0000 0.0000
6110.03 19.07.2018 10.50.01 28.62829 298.7381 289.0743 1.2679 -9.7397 14.6768 420.2788 220.9139 386.5127 483.1527 -77.5635 0.0000 0.0000
6120.03 19.07.2018 11.00.01 28.79882 298.8705 282.1570 1.2375 -9.8381 14.7675 406.6829 213.4095 388.0002 480.5075 -88.2119 0.0000 0.0000
6130.03 19.07.2018 11.10.01 28.96493 298.8665 184.9599 0.8112 -9.9202 14.3085 375.6262 196.8606 390.4938 481.6791 -73.4725 0.0000 0.0000
6140.03 19.07.2018 11.20.01 29.08727 298.7987 86.2381 0.3782 -9.7847 13.5506 342.1499 179.0885 392.3379 480.2909 -70.7801 0.0000 0.0000
6150.03 19.07.2018 11.30.01 29.16549 298.6231 29.3279 0.1286 -9.4381 12.7556 309.5400 161.8654 393.2912 476.6046 -73.7417 0.0000 0.0000
6160.03 19.07.2018 11.40.01 29.21639 298.4422 -3.4451 -0.0151 -8.9955 11.9738 279.3347 145.9860 394.1606 473.0879 -62.8786 0.0000 0.0000
6170.03 19.07.2018 11.50.01 29.24963 298.1197 -32.9865 -0.1447 -8.5235 11.1717 249.9759 130.6292 394.4197 467.3871 -63.6506 0.0000 0.0000
6180.03 19.07.2018 12.00.01 29.26586 298.0286 -59.2428 -0.2598 -8.0357 10.3678 221.7409 115.9450 394.3788 461.0026 -69.4886 0.0000 0.0000
6190.03 19.07.2018 12.10.01 29.26766 297.9207 -28.9420 -0.1269 -7.5318 9.8731 214.5123 112.0682 392.7862 457.1012 -66.5206 0.0000 0.0000
6200.03 19.07.2018 12.20.01 29.28130 297.8611 41.8438 0.1835 -7.1268 9.7471 211.6046 110.5028 391.8092 454.4400 -64.3406 0.0000 0.0000
6210.03 19.07.2018 12.30.01 29.32498 297.8182 90.3112 0.3961 -6.8973 9.7246 209.6638 109.4377 391.0942 452.2551 -62.5751 0.0000 0.0000
6220.03 19.07.2018 12.40.01 29.38928 297.7817 114.6951 0.5030 -6.7860 9.7188 207.8935 108.4587 390.4872 450.3496 -61.1511 0.0000 0.0000
6230.03 19.07.2018 12.50.01 29.46380 297.7496 124.5965 0.5465 -6.7359 9.7099 206.0308 107.4266 389.9235 448.6703 -59.7785 0.0000 0.0000
6240.03 19.07.2018 13.00.01 29.54214 297.7217 130.5457 0.5726 -6.7153 9.7172 204.3651 106.4979 389.3950 447.1699 -58.7010 0.0000 0.0000
6250.03 19.07.2018 13.10.01 29.62451 297.7547 277.0254 1.2150 -6.7244 10.5858 223.0636 115.6782 386.6917 446.2982 -59.9407 0.0000 0.0000
6260.03 19.07.2018 13.20.01 29.77194 297.8048 435.3689 1.9095 -7.0659 11.9673 246.2590 127.1670 384.4287 446.3359 -63.9571 0.0000 0.0000
6270.03 19.07.2018 13.30.01 29.99063 297.8783 565.2501 2.4792 -7.7517 13.6411 271.2102 139.4866 382.4320 446.8564 -69.1917 0.0000 0.0000
6280.03 19.07.2018 13.40.01 30.26907 297.9241 681.5385 2.9892 -8.7048 15.5920 298.1008 152.7000 380.5759 447.9795 -74.7613 0.0000 0.0000
6290.03 19.07.2018 13.50.01 30.60177 298.0388 786.1349 3.4480 -9.8872 17.7802 326.1951 166.4561 378.8748 449.6075 -80.6236 0.0000 0.0000
6300.03 19.07.2018 14.00.01 30.98397 298.1544 868.7772 3.8104 -11.2661 20.1020 354.3230 180.1352 377.1290 451.4505 -86.7442 0.0000 0.0000
6310.03 19.07.2018 14.10.01 31.40148 298.0575 547.9487 2.4033 -12.7739 20.2363 346.0593 176.0464 377.4855 451.7568 -89.1048 0.0000 0.0000
6320.03 19.07.2018 14.20.01 31.67724 297.9403 279.7252 1.2269 -13.5506 19.7033 330.8988 168.3297 376.8512 450.4013 -89.6720 0.0000 0.0000
6330.03 19.07.2018 14.30.01 31.83233 297.8126 106.1729 0.4657 -13.7526 18.9577 314.3899 159.9670 375.8260 448.4484 -89.3859 0.0000 0.0000
6340.03 19.07.2018 14.40.01 31.90701 297.6882 -30.6785 -0.1346 -13.6090 17.9659 295.8523 150.6177 374.6048 446.1479 -87.2640 0.0000 0.0000
6350.03 19.07.2018 14.50.01 31.91717 297.5679 -126.2487 -0.5537 -13.2088 16.8734 277.1903 141.2701 373.3364 443.6193 -84.6678 0.0000 0.0000
6360.03 19.07.2018 15.00.01 31.88088 297.4630 -211.1974 -0.9263 -12.6453 15.6253 257.6882 131.5357 371.9992 440.8591 -81.3072 0.0000 0.0000
6370.03 19.07.2018 15.10.01 31.80358 297.2761 -209.6126 -0.9194 -11.9546 14.7136 242.8076 124.0072 370.8455 438.3915 -77.7185 0.0000 0.0000
6380.03 19.07.2018 15.20.01 31.72485 297.0946 -215.4421 -0.9449 -11.3052 13.8137 228.6318 116.8919 369.8327 435.9947 -74.2877 0.0000 0.0000
6390.03 19.07.2018 15.30.01 31.64047 296.9146 -235.9859 -1.0350 -10.6799 12.8599 213.5576 109.2782 368.8602 433.5065 -70.6178 0.0000 0.0000
6400.03 19.07.2018 15.40.01 31.54406 296.7342 -290.0258 -1.2720 -10.0406 11.6914 196.1107 100.4680 367.8357 430.8368 -66.3874 0.0000 0.0000
6410.03 19.07.2018 15.50.01 31.42141 296.5548 -333.6912 -1.4636 -9.3122 10.4649 179.6552 92.2972 366.8049 428.2397 -62.2491 0.0000 0.0000
6420.03 19.07.2018 16.00.01 31.27691 296.3763 -371.8270 -1.6308 -8.5183 9.1833 163.3380 84.2485 365.7928 425.6451 -58.0144 0.0000 0.0000
6430.03 19.07.2018 16.10.01 31.11639 296.2740 -86.8003 -0.3807 -7.6710 9.7205 165.3669 84.8168 364.1128 423.6310 -56.0515 0.0000 0.0000
6440.03 19.07.2018 16.20.01 31.07946 296.1751 80.1821 0.3517 -7.4768 10.4380 169.1807 86.3171 362.6479 422.0156 -55.7368 0.0000 0.0000
6450.03 19.07.2018 16.30.01 31.11627 296.0810 172.8280 0.7580 -7.6496 11.2102 173.3737 88.0029 361.2928 420.6471 -55.7930 0.0000 0.0000
6460.03 19.07.2018 16.40.01 31.19314 295.9907 53.0090 0.2325 -8.0146 10.9962 174.6082 88.5511 359.9694 419.2892 -54.6845 0.0000 0.0000
6470.03 19.07.2018 16.50.01 31.22003 295.8968 169.1095 0.7417 -8.1052 11.7958 180.1062 90.8926 358.6792 418.2293 -55.3869 0.0000 0.0000
6480.03 19.07.2018 17.00.01 31.29788 295.8062 227.4381 0.9975 -8.4519 12.5992 185.6055 93.2334 357.4270 417.2922 -56.3663 0.0000 0.0000
6490.03 19.07.2018 17.10.01 31.39916 295.5761 -19.8023 -0.0869 -8.9219 11.7801 170.9441 85.8290 356.1513 415.6629 -54.3773 0.0000 0.0000
6500.03 19.07.2018 17.20.01 31.38625 295.3396 -683.6714 -2.9986 -8.8485 7.7999 148.1614 75.9401 354.6110 413.3774 -50.0986 0.0000 0.0000
6510.03 19.07.2018 17.30.01 31.08422 295.0993 -484.8226 -2.1264 -7.3455 6.9588 131.4812 67.3456 352.9587 411.0370 -45.9962 0.0000 0.0000
6520.03 19.07.2018 17.40.01 30.86337 294.8638 -418.3953 -1.8351 -6.3528 6.0236 112.7393 57.6897 351.3083 408.5619 -40.8138 0.0000 0.0000
6530.03 19.07.2018 17.50.01 30.66836 294.6326 -398.5373 -1.7480 -5.5479 5.0666 94.2109 48.1787 349.6183 405.9529 -35.6232 0.0000 0.0000
6540.03 19.07.2018 18.00.01 30.47958 294.4180 -396.7608 -1.7402 -4.8177 4.1034 75.6709 38.6648 347.9348 403.2580 -30.3030 0.0000 0.0000
6550.03 19.07.2018 18.10.01 30.29003 294.0668 -341.2982 -1.4969 -4.1205 3.4981 61.9169 31.3440 346.5891 400.3440 -26.4530 0.0000 0.0000
6560.03 19.07.2018 18.20.01 30.12267 293.7201 -308.4440 -1.3528 -3.5741 2.9617 52.4981 26.5711 345.3201 397.8594 -24.1398 0.0000 0.0000
6570.03 19.07.2018 18.30.01 29.96816 293.3783 -293.3762 -1.2867 -3.1214 2.4462 43.2935 21.9104 344.0941 395.4175 -21.9234 0.0000 0.0000
6580.03 19.07.2018 18.40.01 29.81869 293.0388 -311.1367 -1.3646 -2.7187 1.8055 32.0419 16.2740 342.8833 392.9072 -19.7282 0.0000 0.0000
6590.03 19.07.2018 18.50.01 29.66009 292.6989 -325.0801 -1.4258 -2.2924 1.1554 20.6837 10.5811 341.6439 390.3259 -17.4470 0.0000 0.0000
6600.03 19.07.2018 19.00.01 29.49407 292.3590 -334.8536 -1.4687 -1.8529 0.5123 9.3703 4.9089 340.4023 387.6937 -15.2472 0.0000 0.0000
6610.03 19.07.2018 19.10.01 29.32314 291.9909 -260.6205 -1.1431 -1.4103 0.3563 7.0585 3.6958 339.0039 385.3380 -14.1666 0.0000 0.0000
6620.03 19.07.2018 19.20.01 29.18344 291.6233 -214.9330 -0.9427 -1.1499 0.2763 5.5551 2.9085 337.7227 383.2397 -13.5682 0.0000 0.0000
6630.03 19.07.2018 19.30.01 29.06301 291.2586 -192.4727 -0.8442 -1.0016 0.2099 4.1966 2.1974 336.4814 381.2511 -13.1513 0.0000 0.0000
6640.03 19.07.2018 19.40.01 28.95193 290.8937 -182.5865 -0.8008 -0.9103 0.1460 2.8641 1.5001 335.2608 379.3414 -12.8561 0.0000 0.0000
6650.03 19.07.2018 19.50.01 28.84469 290.5280 -179.0663 -0.7854 -0.8473 0.0825 1.5364 0.8053 334.0552 377.4899 -12.6732 0.0000 0.0000
6660.03 19.07.2018 20.00.01 28.73852 290.1657 -178.7551 -0.7840 -0.7984 0.0192 0.2113 0.1119 332.8574 375.6897 -12.5607 0.0000 0.0000
6670.03 19.07.2018 20.10.01 28.63210 289.9959 -171.5075 -0.7522 -0.7547 0.0033 0.0345 0.0181 332.1091 374.3269 -11.4383 0.0000 0.0000
6680.03 19.07.2018 20.20.01 28.52889 289.8289 -165.5069 -0.7259 -0.7264 0.0006 0.0066 0.0035 331.4474 373.1025 -10.5830 0.0000 0.0000
6690.03 19.07.2018 20.30.01 28.42843 289.6633 -162.0154 -0.7106 -0.7107 0.0001 0.0011 0.0006 330.8199 371.9650 -9.9097 0.0000 0.0000
6700.03 19.07.2018 20.40.01 28.32943 289.4966 -160.2045 -0.7027 -0.7027 0.0000 0.0002 0.0001 330.2209 370.8961 -9.3868 0.0000 0.0000
6710.03 19.07.2018 20.50.01 28.23141 289.3323 -159.8155 -0.7009 -0.7009 0.0000 0.0000 0.0000 329.6448 369.8861 -8.9800 0.0000 0.0000
6720.03 19.07.2018 21.00.01 28.13342 289.1693 -159.9718 -0.7016 -0.7016 0.0000 0.0000 0.0000 329.0849 368.9238 -8.6705 0.0000 0.0000
6730.03 19.07.2018 21.10.01 28.03488 288.9582 -160.4500 -0.7037 -0.7037 0.0000 0.0000 0.0000 328.7775 367.9571 -8.8237 0.0000 0.0000
6740.03 19.07.2018 21.20.01 27.93588 288.7498 -161.9071 -0.7101 -0.7101 0.0000 0.0000 0.0000 328.4730 367.0250 -9.0215 0.0000 0.0000
6750.03 19.07.2018 21.30.01 27.83581 288.5416 -163.6601 -0.7178 -0.7178 0.0000 0.0000 0.0000 328.1725 366.1188 -9.2590 0.0000 0.0000
6760.03 19.07.2018 21.40.01 27.73461 288.3342 -165.5190 -0.7260 -0.7260 0.0000 0.0000 0.0000 327.8752 365.2359 -9.5263 0.0000 0.0000
6770.03 19.07.2018 21.50.01 27.63235 288.1264 -167.4584 -0.7345 -0.7345 0.0000 0.0000 0.0000 327.5829 364.3724 -9.8221 0.0000 0.0000
6780.03 19.07.2018 22.00.01 27.52886 287.9189 -169.2907 -0.7425 -0.7425 0.0000 0.0000 0.0000 327.2938 363.5263 -10.1401 0.0000 0.0000
6790.03 19.07.2018 22.10.01 27.42428 287.7131 -170.8958 -0.7495 -0.7495 0.0000 0.0000 0.0000 325.9149 362.5999 -10.1281 0.0000 0.0000
6800.03 19.07.2018 22.20.01 27.31875 287.5016 -172.4036 -0.7562 -0.7562 0.0000 0.0000 0.0000 324.5060 361.6527 -10.0060 0.0000 0.0000
6810.03 19.07.2018 22.30.01 27.21230 287.2936 -173.8856 -0.7627 -0.7627 0.0000 0.0000 0.0000 323.0912 360.6712 -9.9591 0.0000 0.0000
6820.03 19.07.2018 22.40.01 27.10494 287.0888 -175.3576 -0.7691 -0.7691 0.0000 0.0000 0.0000 321.6865 359.6997 -9.8167 0.0000 0.0000
6830.03 19.07.2018 22.50.01 26.99676 286.8903 -176.7797 -0.7753 -0.7753 0.0000 0.0000 0.0000 320.2854 358.7182 -9.6708 0.0000 0.0000
6840.03 19.07.2018 23.00.01 26.88775 286.6921 -178.1619 -0.7814 -0.7814 0.0000 0.0000 0.0000 318.8876 357.7299 -9.5218 0.0000 0.0000
6850.03 19.07.2018 23.10.01 26.77789 286.4699 -179.5021 -0.7873 -0.7873 0.0000 0.0000 0.0000 318.0277 356.7541 -9.7045 0.0000 0.0000
6860.03 19.07.2018 23.20.01 26.66711 286.2677 -181.0996 -0.7943 -0.7943 0.0000 0.0000 0.0000 317.1876 355.7948 -9.9004 0.0000 0.0000
6870.03 19.07.2018 23.30.01 26.55532 286.0677 -182.7460 -0.8015 -0.8015 0.0000 0.0000 0.0000 316.3369 354.8451 -10.0846 0.0000 0.0000
6880.03 19.07.2018 23.40.01 26.44250 285.8610 -184.3835 -0.8087 -0.8087 0.0000 0.0000 0.0000 315.4749 353.8915 -10.3114 0.0000 0.0000
6890.03 19.07.2018 23.50.01 26.32870 285.6253 -185.9424 -0.8155 -0.8155 0.0000 0.0000 0.0000 314.6026 352.9139 -10.6070 0.0000 0.0000
6900.03 20.07.2018 00.00.01 26.21392 285.3786 -187.4276 -0.8221 -0.8221 0.0000 0.0000 0.0000 313.7285 351.9241 -10.9208 0.0000 0.0000
6910.03 20.07.2018 00.10.01 26.09832 285.2264 -188.6790 -0.8275 -0.8275 0.0000 0.0000 0.0000 312.7413 351.0240 -10.7385 0.0000 0.0000
6920.03 20.07.2018 00.20.01 25.98205 285.0714 -189.7096 -0.8321 -0.8321 0.0000 0.0000 0.0000 311.7540 350.1318 -10.5751 0.0000 0.0000
6930.03 20.07.2018 00.30.01 25.86511 284.9180 -190.3960 -0.8351 -0.8351 0.0000 0.0000 0.0000 310.7666 349.2478 -10.4310 0.0000 0.0000
6940.03 20.07.2018 00.40.01 25.74792 284.7615 -191.3164 -0.8391 -0.8391 0.0000 0.0000 0.0000 309.7817 348.3710 -10.2982 0.0000 0.0000
6950.03 20.07.2018 00.50.01 25.62997 284.6063 -191.8139 -0.8413 -0.8413 0.0000 0.0000 0.0000 308.7975 347.5020 -10.1715 0.0000 0.0000
6960.03 20.07.2018 01.00.01 25.51187 284.4514 -192.7061 -0.8452 -0.8452 0.0000 0.0000 0.0000 307.8188 346.6378 -10.0623 0.0000 0.0000
6970.03 20.07.2018 01.10.01 25.39309 284.3077 -193.0870 -0.8469 -0.8469 0.0000 0.0000 0.0000 307.2358 345.8902 -9.7860 0.0000 0.0000
6980.03 20.07.2018 01.20.01 25.27435 284.1640 -193.0145 -0.8466 -0.8466 0.0000 0.0000 0.0000 306.6857 345.1712 -9.5760 0.0000 0.0000
6990.03 20.07.2018 01.30.01 25.15615 284.0218 -192.9080 -0.8461 -0.8461 0.0000 0.0000 0.0000 306.1487 344.4832 -9.3542 0.0000 0.0000
7000.03 20.07.2018 01.40.01 25.03802 283.8732 -192.3229 -0.8435 -0.8435 0.0000 0.0000 0.0000 305.6211 343.7936 -9.2320 0.0000 0.0000
7010.03 20.07.2018 01.50.01 24.92004 283.7217 -191.4973 -0.8399 -0.8399 0.0000 0.0000 0.0000 305.1056 343.1191 -9.1211 0.0000 0.0000
7020.03 20.07.2018 02.00.01 24.80282 283.5701 -191.2079 -0.8386 -0.8386 0.0000 0.0004 0.0002 304.5954 342.4445 -9.0728 0.0000 0.0000
7030.03 20.07.2018 02.10.01 24.68566 283.4392 -189.1906 -0.8298 -0.8371 0.0098 0.2377 0.1241 304.4808 341.8337 -9.1452 0.0000 0.0000
7040.03 20.07.2018 02.20.01 24.56930 283.3238 -187.9181 -0.8242 -0.8409 0.0223 0.5057 0.2644 304.3826 341.2672 -9.2338 0.0000 0.0000
7050.03 20.07.2018 02.30.01 24.45330 283.2053 -187.1121 -0.8207 -0.8471 0.0353 0.7783 0.4071 304.2883 340.7158 -9.3743 0.0000 0.0000
7060.03 20.07.2018 02.40.01 24.33761 283.0851 -186.7654 -0.8191 -0.8554 0.0483 1.0519 0.5502 304.1923 340.1724 -9.5718 0.0000 0.0000
7070.03 20.07.2018 02.50.01 24.22210 282.9591 -186.6489 -0.8186 -0.8647 0.0614 1.3256 0.6935 304.1022 339.6423 -9.7897 0.0000 0.0000
7080.03 20.07.2018 03.00.01 24.10662 282.8299 -186.6536 -0.8187 -0.8747 0.0747 1.6045 0.8394 304.0088 339.1139 -10.0586 0.0000 0.0000
7090.03 20.07.2018 03.10.01 23.99160 282.8850 -164.7577 -0.7226 -0.8825 0.2131 4.9174 2.5699 303.7123 339.0322 -9.3538 0.0000 0.0000
7100.03 20.07.2018 03.20.01 23.88680 282.9408 -145.8211 -0.6396 -0.9294 0.3865 8.6236 4.5094 303.5281 339.1197 -8.8451 0.0000 0.0000
7110.03 20.07.2018 03.30.01 23.79116 282.9879 -132.9892 -0.5833 -1.0076 0.5657 12.3894 6.4800 303.3998 339.2718 -8.5849 0.0000 0.0000
7120.03 20.07.2018 03.40.01 23.70208 283.0391 -123.9160 -0.5435 -1.1030 0.7460 16.1670 8.4569 303.3074 339.5086 -8.3787 0.0000 0.0000
7130.03 20.07.2018 03.50.01 23.61788 283.0988 -117.1572 -0.5138 -1.2087 0.9264 19.9466 10.4348 303.2418 339.8070 -8.2555 0.0000 0.0000
7140.03 20.07.2018 04.00.01 23.53741 283.1481 -111.5069 -0.4891 -1.3193 1.1069 23.7261 12.4127 303.1940 340.1336 -8.2921 0.0000 0.0000
7150.03 20.07.2018 04.10.01 23.46023 283.4910 -107.9372 -0.4734 -1.4300 1.2754 27.2141 14.2383 303.6600 340.8480 -6.9159 0.0000 0.0000
7160.03 20.07.2018 04.20.01 23.38601 283.8427 -102.7997 -0.4509 -1.5313 1.4405 30.6643 16.0439 304.2078 341.6755 -5.6868 0.0000 0.0000
7170.03 20.07.2018 04.30.01 23.31539 284.1895 -96.5795 -0.4236 -1.6274 1.6051 34.1088 17.8465 304.7903 342.5839 -4.5887 0.0000 0.0000
7180.03 20.07.2018 04.40.01 23.24868 284.5297 -89.8893 -0.3943 -1.7214 1.7695 37.5521 19.6484 305.4061 343.5631 -3.6027 0.0000 0.0000
7190.03 20.07.2018 04.50.01 23.18615 284.8729 -83.2942 -0.3653 -1.8158 1.9339 40.9953 21.4503 306.0463 344.6117 -2.6870 0.0000 0.0000
