# simtime date time IndoorTemp Av_Tair_at_facade Energyflux.toIndoor.sum  Energyflux.toIndoor.average Energyflux.Conduction.average Energyflux.SW.transmission.average Shortwave.availabe Shortwave.absorbed Longwave.available Longwave.emittedFacade Sensible.outside Vapour.fromGreening Vapour.fromSubstrate
10.02 15.07.2018 05.10.00 19.90078 289.0957 240.7759 0.4300 -0.5079 1.2504 358.4803 190.8040 322.8585 386.1940 -32.6475 0.0000 0.0000
20.02 15.07.2018 05.20.00 19.92944 289.9017 357.8792 0.6391 -0.9157 2.0731 622.3102 330.3265 326.2202 410.9508 -53.7756 0.0000 0.0000
30.03 15.07.2018 05.30.01 19.98553 290.7989 522.6707 0.9333 -1.3510 3.0459 765.5951 397.4138 330.4387 422.5045 -64.7698 0.0000 0.0000
40.03 15.07.2018 05.40.01 20.07861 291.6478 652.7642 1.1657 -1.8637 4.0392 709.3829 367.1412 335.2039 436.2198 -73.5455 0.0000 0.0000
50.03 15.07.2018 05.50.01 20.19665 292.3166 390.0226 0.6965 -2.4067 4.1376 644.1834 332.3061 337.8386 442.9518 -78.9563 0.0000 0.0000
60.03 15.07.2018 06.00.01 20.27130 292.8495 207.2924 0.3702 -2.6646 4.0463 579.6105 298.0043 339.7390 446.4566 -83.5649 0.0000 0.0000
70.03 15.07.2018 06.10.01 20.31582 293.0984 131.7960 0.2354 -2.7355 3.9611 544.3683 278.8650 341.2926 448.4861 -87.6954 0.0000 0.0000
80.03 15.07.2018 06.20.01 20.34875 293.3494 171.5146 0.3063 -2.7277 4.0454 512.6235 261.6808 343.2915 449.7265 -91.2675 0.0000 0.0000
90.03 15.07.2018 06.30.01 20.38964 293.5884 186.4975 0.3330 -2.7388 4.0958 492.0201 251.2041 345.1805 451.4090 -94.9452 0.0000 0.0000
100.03 15.07.2018 06.40.01 20.43450 293.8637 224.8700 0.4016 -2.7469 4.1980 469.9617 239.0371 347.1350 451.0733 -95.7902 0.0000 0.0000
110.03 15.07.2018 06.50.01 20.49331 294.1527 895.9750 1.6000 -2.8006 5.8675 467.0502 237.1660 349.2152 452.4654 -98.6309 0.0000 0.0000
120.03 15.07.2018 07.00.01 20.67483 294.4512 1448.1171 2.5859 -3.4291 8.0200 470.8786 238.9589 351.3151 454.3825 -101.8144 0.0000 0.0000
130.03 15.07.2018 07.10.01 20.95724 294.7758 1702.6450 3.0404 -4.4959 10.0484 477.1006 241.8612 352.9076 456.8245 -97.7901 0.0000 0.0000
140.03 15.07.2018 07.20.01 21.28884 295.0994 1842.5917 3.2903 -5.7336 12.0319 483.4876 244.8936 354.8199 459.5610 -95.4004 0.0000 0.0000
150.03 15.07.2018 07.30.01 21.64865 295.4193 1881.7103 3.3602 -7.0385 13.8649 488.6121 247.2729 356.9094 462.2597 -93.8648 0.0000 0.0000
160.03 15.07.2018 07.40.01 22.01931 295.7555 1930.1322 3.4467 -8.3277 15.6992 496.4474 251.0591 359.0350 465.2598 -92.6701 0.0000 0.0000
170.03 15.07.2018 07.50.01 22.40099 296.0836 1869.1904 3.3378 -9.6086 17.2619 503.1110 254.3482 361.0924 468.2661 -91.9707 0.0000 0.0000
180.03 15.07.2018 08.00.01 22.77389 296.4006 1741.2489 3.1094 -10.7896 18.5320 507.7289 256.6295 363.0260 471.0617 -91.4386 0.0000 0.0000
190.03 15.07.2018 08.10.01 23.12750 296.6089 1788.3807 3.1935 -11.8298 20.0311 513.5156 259.4770 365.4154 474.7607 -86.8450 0.0000 0.0000
200.03 15.07.2018 08.20.01 23.49136 296.6114 1821.7255 3.2531 -12.8839 21.5160 518.0267 261.5813 367.6103 477.5630 -89.5376 0.0000 0.0000
210.03 15.07.2018 08.30.01 23.86248 296.8936 1765.5845 3.1528 -13.9336 22.7819 521.7991 263.3989 369.9098 479.6298 -96.4768 0.0000 0.0000
220.03 15.07.2018 08.40.01 24.22576 297.1362 1726.3679 3.0828 -14.9019 23.9796 526.5241 265.6832 372.1214 482.4929 -95.9916 0.0000 0.0000
230.03 15.07.2018 08.50.01 24.58361 297.3639 1680.7903 3.0014 -15.8104 25.0824 530.7778 267.7580 374.2618 485.2693 -96.5270 0.0000 0.0000
240.03 15.07.2018 09.00.01 24.93530 297.3809 1702.7859 3.0407 -16.6597 26.2672 534.5127 269.4567 376.3428 487.7000 -98.1266 0.0000 0.0000
250.03 15.07.2018 09.10.01 25.29009 297.8252 1514.7643 2.7049 -17.5010 26.9412 533.8120 269.0456 378.0044 491.0856 -83.8369 0.0000 0.0000
260.03 15.07.2018 09.20.01 25.61398 298.4340 1432.7864 2.5585 -18.1415 27.6000 533.5879 268.9352 379.5353 493.0050 -88.1329 0.0000 0.0000
270.03 15.07.2018 09.30.01 25.92486 298.8926 1380.8706 2.4658 -18.6881 28.2053 533.7679 269.0986 380.5877 492.5477 -104.6828 0.0000 0.0000
280.03 15.07.2018 09.40.01 26.22729 299.1224 1355.1794 2.4200 -19.1808 28.8011 535.2942 269.9190 382.4928 495.2096 -103.0179 0.0000 0.0000
290.03 15.07.2018 09.50.01 26.52505 299.0272 1308.7588 2.3371 -19.6455 29.3101 536.3203 270.5041 384.5588 497.2993 -105.0390 0.0000 0.0000
300.03 15.07.2018 10.00.01 26.81408 298.9232 1204.4905 2.1509 -20.0600 29.6145 536.0356 270.4591 385.7526 496.3797 -115.4889 0.0000 0.0000
310.03 15.07.2018 10.10.01 27.08569 299.2145 1238.3226 2.2113 -20.3833 30.1261 537.0449 270.8396 386.6215 497.1491 -111.9671 0.0000 0.0000
320.03 15.07.2018 10.20.01 27.36407 299.5931 1270.5801 2.2689 -20.7248 30.6583 538.8571 271.6793 387.9466 498.6265 -108.6999 0.0000 0.0000
330.03 15.07.2018 10.30.01 27.64889 299.9146 1234.0377 2.2036 -21.0744 31.0375 538.9905 271.6337 388.9907 499.7997 -106.5041 0.0000 0.0000
340.03 15.07.2018 10.40.01 27.92855 300.0012 1234.8224 2.2050 -21.3779 31.4439 540.2875 272.1934 389.9303 500.9636 -102.7613 0.0000 0.0000
350.03 15.07.2018 10.50.01 28.20815 300.2373 1216.6982 2.1727 -21.6583 31.7747 541.0068 272.4638 390.7410 501.5442 -103.3438 0.0000 0.0000
360.03 15.07.2018 11.00.01 28.48498 300.5165 1148.6801 2.0512 -21.9115 31.9503 540.8803 272.3439 391.4888 502.0292 -104.0353 0.0000 0.0000
370.03 15.07.2018 11.10.01 28.75009 300.6156 1034.6858 1.8477 -22.0961 31.9251 537.6052 270.6799 392.3696 503.5571 -101.0840 0.0000 0.0000
380.03 15.07.2018 11.20.01 28.99474 300.7091 945.8596 1.6890 -22.1819 31.8279 533.8309 268.7719 393.2468 505.0428 -98.3262 0.0000 0.0000
390.03 15.07.2018 11.30.01 29.22317 300.8207 867.3840 1.5489 -22.1930 31.6558 529.5280 266.6031 394.0393 506.4287 -95.7287 0.0000 0.0000
400.03 15.07.2018 11.40.01 29.43737 300.8589 816.1458 1.4574 -22.1403 31.4636 525.6027 264.5913 394.5085 506.3676 -98.3456 0.0000 0.0000
410.03 15.07.2018 11.50.01 29.64178 300.8574 772.5398 1.3795 -22.0520 31.2420 521.8530 262.7099 394.9349 505.8164 -99.9645 0.0000 0.0000
420.03 15.07.2018 12.00.01 29.83734 300.8569 657.4480 1.1740 -21.9348 30.8117 516.4366 259.9830 395.2869 504.8824 -101.5177 0.0000 0.0000
430.03 15.07.2018 12.10.01 30.01150 301.1898 552.2983 0.9862 -21.7244 30.2808 509.5791 256.6014 395.7945 506.6482 -94.0940 0.0000 0.0000
440.03 15.07.2018 12.20.01 30.16665 301.3960 470.3080 0.8398 -21.4262 29.6881 502.4265 253.0902 396.0870 507.3909 -89.0280 0.0000 0.0000
450.03 15.07.2018 12.30.01 30.30657 301.6141 393.7554 0.7031 -21.0623 29.0206 494.6283 249.2434 395.9076 505.9629 -91.8459 0.0000 0.0000
460.03 15.07.2018 12.40.01 30.43218 301.7140 358.8469 0.6408 -20.6447 28.3807 487.7882 245.8690 395.7363 504.5377 -92.2515 0.0000 0.0000
470.03 15.07.2018 12.50.01 30.55032 301.7422 381.3003 0.6809 -20.2190 27.8665 483.3777 243.8579 395.9989 503.1304 -96.5788 0.0000 0.0000
480.03 15.07.2018 13.00.01 30.67016 301.7799 258.8146 0.4622 -19.8317 27.0585 475.6129 240.0516 396.0161 500.9649 -101.6367 0.0000 0.0000
490.03 15.07.2018 13.10.01 30.76666 301.8374 142.9982 0.2554 -19.3569 26.1497 464.9526 234.7829 395.9159 500.1653 -98.8434 0.0000 0.0000
500.03 15.07.2018 13.20.01 30.84088 301.8837 26.0405 0.0465 -18.8002 25.1289 452.8039 228.7049 395.7411 499.1921 -95.3624 0.0000 0.0000
510.03 15.07.2018 13.30.01 30.89254 301.9191 -70.2226 -0.1254 -18.1643 24.0519 418.0444 211.3082 395.4497 497.4490 -91.0657 0.0000 0.0000
520.03 15.07.2018 13.40.01 30.92513 301.9510 -130.6040 -0.2332 -17.4705 22.9831 406.2991 205.4239 395.0698 495.4620 -86.4969 0.0000 0.0000
530.03 15.07.2018 13.50.01 30.94509 301.9855 -167.6651 -0.2994 -16.7526 21.9376 395.4554 200.0616 394.7842 494.0061 -82.5419 0.0000 0.0000
540.03 15.07.2018 14.00.01 30.95602 302.0142 -266.9457 -0.4767 -16.0283 20.7354 382.8383 193.7533 394.3968 492.3301 -78.5944 0.0000 0.0000
550.03 15.07.2018 14.10.01 30.94650 301.9629 -529.9664 -0.9464 -15.2413 19.0600 356.9107 180.9896 394.7373 490.7851 -71.8945 0.0000 0.0000
560.03 15.07.2018 14.20.01 30.88778 301.9277 -731.3176 -1.3059 -14.2544 17.2647 333.9573 169.5865 394.5651 488.5049 -65.4977 0.0000 0.0000
570.03 15.07.2018 14.30.01 30.79055 301.9220 -797.8296 -1.4247 -13.1332 15.6113 312.5676 159.0109 394.5120 486.3166 -59.9531 0.0000 0.0000
580.03 15.07.2018 14.40.01 30.67870 301.9395 -797.0713 -1.4233 -11.9984 14.1001 292.3838 149.0993 394.7138 484.3981 -54.1828 0.0000 0.0000
590.03 15.07.2018 14.50.01 30.56387 301.8923 -830.0973 -1.4823 -10.9033 12.5613 270.9380 138.4497 394.6386 481.9709 -49.0710 0.0000 0.0000
600.03 15.07.2018 15.00.01 30.44039 301.8426 -845.6744 -1.5101 -9.8175 11.0765 249.8992 128.0055 394.3813 479.3388 -44.5170 0.0000 0.0000
610.03 15.07.2018 15.10.01 30.31198 301.8706 -691.0939 -1.2341 -8.7709 10.0491 237.3612 121.7299 393.4880 476.0496 -45.3252 0.0000 0.0000
620.03 15.07.2018 15.20.01 30.21081 301.9266 -567.3624 -1.0131 -7.8778 9.1528 226.3133 116.2447 392.7601 472.9066 -45.9430 0.0000 0.0000
630.03 15.07.2018 15.30.01 30.12982 301.8454 -502.4003 -0.8971 -7.1152 8.2908 215.3703 110.7968 391.9619 469.4240 -47.8312 0.0000 0.0000
640.03 15.07.2018 15.40.01 30.05865 301.6641 -439.2632 -0.7844 -6.4334 7.5321 205.2530 105.8129 391.2071 465.9907 -49.8820 0.0000 0.0000
650.03 15.07.2018 15.50.01 29.99697 301.4672 -416.2574 -0.7433 -5.8293 6.7814 194.7013 100.5593 390.3435 462.3621 -51.2982 0.0000 0.0000
660.03 15.07.2018 16.00.01 29.93774 301.2548 -404.2383 -0.7219 -5.2663 6.0592 184.3736 95.4203 389.3228 458.7015 -51.9445 0.0000 0.0000
670.03 15.07.2018 16.10.01 29.87878 301.0702 -449.7038 -0.8030 -4.7366 5.2448 172.3377 89.2109 386.9962 454.9984 -47.5053 0.0000 0.0000
680.03 15.07.2018 16.20.01 29.81014 300.8866 -479.2395 -0.8558 -4.1911 4.4470 160.5204 83.1240 384.5921 451.4082 -44.0083 0.0000 0.0000
690.03 15.07.2018 16.30.01 29.73449 300.7182 -461.1074 -0.8234 -3.6443 3.7611 150.1192 77.8009 382.3238 448.0926 -41.1766 0.0000 0.0000
700.03 15.07.2018 16.40.01 29.66088 300.5562 -305.2519 -0.5451 -3.1372 3.4561 133.1481 69.2621 380.0573 445.0658 -38.4182 0.0000 0.0000
710.03 15.07.2018 16.50.01 29.61318 300.3817 -234.0672 -0.4180 -2.7858 3.1571 126.1192 65.6579 377.8211 441.9065 -35.9118 0.0000 0.0000
720.03 15.07.2018 17.00.01 29.57681 300.1589 -224.3068 -0.4005 -2.5122 2.8155 118.5293 61.7481 375.4568 438.7881 -33.9952 0.0000 0.0000
730.03 15.07.2018 17.10.01 29.54113 299.9123 -167.3866 -0.2989 -2.2620 2.6174 112.9318 58.8749 373.6348 436.0115 -32.3099 0.0000 0.0000
740.03 15.07.2018 17.20.01 29.51443 299.6707 -144.8057 -0.2586 -2.0760 2.4232 107.3973 56.0342 371.8788 433.3573 -30.6911 0.0000 0.0000
750.03 15.07.2018 17.30.01 29.49081 299.4314 -143.9045 -0.2570 -1.9224 2.2206 101.2105 52.8087 370.1309 430.6986 -28.9706 0.0000 0.0000
760.03 15.07.2018 17.40.01 29.46642 299.1990 -141.4578 -0.2526 -1.7814 2.0384 98.9696 51.8356 368.4359 428.5500 -27.7290 0.0000 0.0000
770.03 15.07.2018 17.50.01 29.44152 298.9731 -156.0325 -0.2786 -1.6547 1.8348 86.0872 45.2720 366.7247 425.9612 -25.8617 0.0000 0.0000
780.03 15.07.2018 18.00.01 29.41311 298.7385 -173.8822 -0.3105 -1.5277 1.6229 81.4952 43.0473 364.9838 423.5391 -24.1918 0.0000 0.0000
790.03 15.07.2018 18.10.01 29.38055 298.2219 -174.2765 -0.3112 -1.4013 1.4535 73.2136 38.7525 363.2207 420.6103 -23.6610 0.0000 0.0000
800.03 15.07.2018 18.20.01 29.34619 297.6973 -199.0081 -0.3554 -1.2960 1.2542 65.3722 34.7487 361.3551 417.6483 -23.1170 0.0000 0.0000
810.03 15.07.2018 18.30.01 29.30590 297.1710 -226.9518 -0.4053 -1.1900 1.0463 54.8929 29.4473 359.4800 414.6055 -22.4858 0.0000 0.0000
820.03 15.07.2018 18.40.01 29.25924 296.6431 -244.1947 -0.4361 -1.0791 0.8574 41.8094 22.4622 357.5928 410.9836 -20.9879 0.0000 0.0000
830.03 15.07.2018 18.50.01 29.20806 296.1087 -271.0912 -0.4841 -0.9719 0.6504 28.5293 15.3762 355.6456 407.2434 -19.4309 0.0000 0.0000
840.03 15.07.2018 19.00.01 29.15078 295.5711 -293.1826 -0.5235 -0.8589 0.4471 13.8471 7.4449 353.6906 403.2430 -17.5062 0.0000 0.0000
850.03 15.07.2018 19.10.01 29.08834 294.9276 -291.1502 -0.5199 -0.7445 0.2995 10.9788 5.9174 351.8282 399.9386 -16.9296 0.0000 0.0000
860.03 15.07.2018 19.20.01 29.02511 294.2950 -266.3914 -0.4757 -0.6490 0.2310 9.2053 4.9763 350.1271 397.0048 -16.7904 0.0000 0.0000
870.03 15.07.2018 19.30.01 28.96511 293.6642 -255.1444 -0.4556 -0.5893 0.1782 7.5655 4.1018 348.5062 394.2297 -16.8248 0.0000 0.0000
880.03 15.07.2018 19.40.01 28.90624 293.0471 -254.9689 -0.4553 -0.5513 0.1280 5.2780 2.8623 346.9397 391.5550 -16.6275 0.0000 0.0000
890.03 15.07.2018 19.50.01 28.84655 292.4262 -261.5948 -0.4671 -0.5235 0.0752 2.8471 1.5439 345.3980 388.9490 -16.5568 0.0000 0.0000
900.03 15.07.2018 20.00.01 28.78497 291.8122 -270.7301 -0.4834 -0.5002 0.0223 0.3086 0.1655 343.8635 386.3944 -16.5778 0.0000 0.0000
910.03 15.07.2018 20.10.01 28.72106 291.3382 -266.1468 -0.4753 -0.4783 0.0040 0.0552 0.0296 342.3033 384.1832 -16.3342 0.0000 0.0000
920.03 15.07.2018 20.20.01 28.65743 290.8543 -262.8414 -0.4694 -0.4699 0.0007 0.0100 0.0053 340.8074 382.0991 -16.3335 0.0000 0.0000
930.03 15.07.2018 20.30.01 28.59335 290.3798 -264.2646 -0.4719 -0.4720 0.0001 0.0018 0.0010 339.3370 380.1149 -16.3943 0.0000 0.0000
940.03 15.07.2018 20.40.01 28.52865 289.9551 -270.1723 -0.4825 -0.4825 0.0000 0.0003 0.0002 337.8916 378.2710 -16.2122 0.0000 0.0000
950.03 15.07.2018 20.50.01 28.46227 289.5110 -277.2747 -0.4951 -0.4951 0.0000 0.0001 0.0000 336.4492 376.4748 -16.2162 0.0000 0.0000
960.03 15.07.2018 21.00.01 28.39401 289.0685 -285.6169 -0.5100 -0.5100 0.0000 0.0000 0.0000 334.9966 374.7190 -16.3296 0.0000 0.0000
970.03 15.07.2018 21.10.01 28.32363 288.8191 -294.5159 -0.5259 -0.5259 0.0000 0.0000 0.0000 333.6570 373.3461 -14.8683 0.0000 0.0000
980.03 15.07.2018 21.20.01 28.25115 288.4900 -303.4483 -0.5419 -0.5419 0.0000 0.0000 0.0000 332.0570 372.0407 -13.9484 0.0000 0.0000
990.03 15.07.2018 21.30.01 28.17617 288.1771 -315.0410 -0.5626 -0.5626 0.0000 0.0000 0.0000 331.1425 370.2798 -16.0699 0.0000 0.0000
1000.03 15.07.2018 21.40.01 28.09826 288.1902 -326.9284 -0.5838 -0.5838 0.0000 0.0000 0.0000 330.2678 369.4378 -13.1753 0.0000 0.0000
1010.03 15.07.2018 21.50.01 28.01782 287.5956 -338.8893 -0.6052 -0.6052 0.0000 0.0000 0.0000 328.8573 367.4339 -16.2468 0.0000 0.0000
1020.03 15.07.2018 22.00.01 27.93319 287.3401 -357.5396 -0.6385 -0.6385 0.0000 0.0000 0.0000 327.8281 365.8457 -17.7118 0.0000 0.0000
1030.03 15.07.2018 22.10.01 27.84503 287.1892 -368.8177 -0.6586 -0.6586 0.0000 0.0000 0.0000 327.0898 364.5842 -17.1299 0.0000 0.0000
1040.03 15.07.2018 22.20.01 27.75442 286.9643 -377.9299 -0.6749 -0.6749 0.0000 0.0000 0.0000 326.3406 363.2984 -17.0705 0.0000 0.0000
1050.03 15.07.2018 22.30.01 27.66174 286.8253 -386.0235 -0.6893 -0.6893 0.0000 0.0000 0.0000 325.6370 362.1696 -16.6765 0.0000 0.0000
1060.03 15.07.2018 22.40.01 27.56722 286.6894 -392.7630 -0.7014 -0.7014 0.0000 0.0000 0.0000 324.9579 361.1002 -16.3441 0.0000 0.0000
1070.03 15.07.2018 22.50.01 27.47119 286.5552 -399.0444 -0.7126 -0.7126 0.0000 0.0000 0.0000 324.3007 360.0794 -16.0784 0.0000 0.0000
1080.03 15.07.2018 23.00.01 27.37365 286.4217 -404.8770 -0.7230 -0.7230 0.0000 0.0000 0.0000 323.6526 359.0978 -15.8643 0.0000 0.0000
1090.03 15.07.2018 23.10.01 27.27471 286.3631 -411.0301 -0.7340 -0.7340 0.0000 0.0000 0.0000 323.1978 358.3840 -14.8293 0.0000 0.0000
1100.03 15.07.2018 23.20.01 27.17404 286.1380 -419.3046 -0.7488 -0.7488 0.0000 0.0000 0.0000 322.6962 357.4753 -15.3468 0.0000 0.0000
1110.03 15.07.2018 23.30.01 27.07128 285.8681 -427.6731 -0.7637 -0.7637 0.0000 0.0000 0.0000 322.0948 356.3548 -16.3923 0.0000 0.0000
1120.03 15.07.2018 23.40.01 26.96697 286.0008 -430.8699 -0.7694 -0.7694 0.0000 0.0000 0.0000 321.6841 356.2764 -12.6504 0.0000 0.0000
1130.03 15.07.2018 23.50.01 26.86367 286.2305 -419.2932 -0.7487 -0.7487 0.0000 0.0000 0.0000 321.3282 356.0069 -10.4309 0.0000 0.0000
1140.03 16.07.2018 00.00.01 26.76370 285.9518 -408.5080 -0.7295 -0.7295 0.0000 0.0000 0.0000 320.7591 354.8134 -13.0878 0.0000 0.0000
1150.03 16.07.2018 00.10.01 26.66442 285.9720 -410.8895 -0.7337 -0.7337 0.0000 0.0000 0.0000 320.3718 354.2541 -12.2970 0.0000 0.0000
1160.03 16.07.2018 00.20.01 26.56439 286.0029 -413.8792 -0.7391 -0.7391 0.0000 0.0000 0.0000 320.0737 353.7681 -11.5474 0.0000 0.0000
1170.03 16.07.2018 00.30.01 26.46368 286.0304 -415.6201 -0.7422 -0.7422 0.0000 0.0000 0.0000 319.8031 353.3177 -10.8738 0.0000 0.0000
1180.03 16.07.2018 00.40.01 26.36279 286.0549 -417.2525 -0.7451 -0.7451 0.0000 0.0000 0.0000 319.5515 352.9053 -10.2235 0.0000 0.0000
1190.03 16.07.2018 00.50.01 26.26125 286.0738 -417.2898 -0.7452 -0.7452 0.0000 0.0000 0.0000 319.3139 352.5143 -9.6398 0.0000 0.0000
1200.03 16.07.2018 01.00.01 26.15966 286.0849 -417.3954 -0.7453 -0.7453 0.0000 0.0000 0.0000 319.0862 352.1377 -9.1249 0.0000 0.0000
1210.03 16.07.2018 01.10.01 26.05807 285.9266 -417.3344 -0.7452 -0.7452 0.0000 0.0000 0.0000 318.7224 351.6279 -9.1667 0.0000 0.0000
1220.03 16.07.2018 01.20.01 25.95690 285.7461 -417.2747 -0.7451 -0.7451 0.0000 0.0000 0.0000 318.3471 351.0876 -9.3263 0.0000 0.0000
1230.03 16.07.2018 01.30.01 25.85607 285.5626 -417.2006 -0.7450 -0.7450 0.0000 0.0000 0.0000 317.9562 350.5340 -9.4991 0.0000 0.0000
1240.03 16.07.2018 01.40.01 25.75533 285.4633 -415.8684 -0.7426 -0.7426 0.0000 0.0000 0.0000 317.5484 350.0930 -9.1535 0.0000 0.0000
1250.03 16.07.2018 01.50.01 25.65490 285.2399 -413.4483 -0.7383 -0.7383 0.0000 0.0000 0.0000 317.1649 349.4854 -9.5778 0.0000 0.0000
1260.03 16.07.2018 02.00.01 25.55428 285.0702 -415.3577 -0.7417 -0.7417 0.0000 0.0006 0.0003 316.7761 348.8389 -10.0834 0.0000 0.0000
1270.03 16.07.2018 02.10.01 25.45297 285.1719 -415.8900 -0.7427 -0.7514 0.0116 0.3391 0.1791 316.4430 348.5669 -9.0633 0.0000 0.0000
1280.03 16.07.2018 02.20.01 25.35134 285.1589 -415.0514 -0.7412 -0.7612 0.0266 0.7261 0.3841 315.9516 348.3190 -8.0930 0.0000 0.0000
1290.03 16.07.2018 02.30.01 25.24981 284.7762 -415.8915 -0.7427 -0.7743 0.0422 1.1208 0.5932 315.5675 347.5190 -9.8702 0.0000 0.0000
1300.03 16.07.2018 02.40.01 25.14770 284.8321 -418.8843 -0.7480 -0.7914 0.0579 1.5169 0.8031 315.3425 347.2586 -9.1260 0.0000 0.0000
1310.03 16.07.2018 02.50.01 25.04504 284.6348 -421.2070 -0.7522 -0.8074 0.0736 1.9133 1.0132 314.9014 346.5684 -10.1184 0.0000 0.0000
1320.03 16.07.2018 03.00.01 24.94158 284.4460 -424.0738 -0.7573 -0.8244 0.0894 2.3128 1.2248 314.5163 345.8049 -11.2954 0.0000 0.0000
1330.03 16.07.2018 03.10.01 24.83782 284.6051 -397.7687 -0.7103 -0.8365 0.1683 4.5497 2.4070 314.4699 345.7328 -10.2136 0.0000 0.0000
1340.03 16.07.2018 03.20.01 24.73928 284.7742 -372.6247 -0.6654 -0.8646 0.2656 7.0496 3.7315 314.5639 345.8292 -9.3256 0.0000 0.0000
1350.03 16.07.2018 03.30.01 24.64581 284.9499 -353.7725 -0.6317 -0.9062 0.3660 9.5913 5.0781 314.7198 346.0331 -8.5421 0.0000 0.0000
1360.03 16.07.2018 03.40.01 24.55633 285.1274 -339.1259 -0.6056 -0.9558 0.4670 12.1411 6.4291 314.9123 346.3141 -7.8774 0.0000 0.0000
1370.03 16.07.2018 03.50.01 24.47006 285.3051 -327.0337 -0.5840 -1.0100 0.5681 14.6922 7.7809 315.1308 346.6626 -7.2917 0.0000 0.0000
1380.03 16.07.2018 04.00.01 24.38647 285.4861 -316.4549 -0.5651 -1.0670 0.6691 17.2432 9.1326 315.3329 347.0625 -6.7651 0.0000 0.0000
1390.03 16.07.2018 04.10.01 24.30541 286.2804 -308.9610 -0.5517 -1.1231 0.7619 19.5516 10.3561 316.9325 348.3406 -4.0560 0.0000 0.0000
1400.03 16.07.2018 04.20.01 24.22698 286.9891 -296.2205 -0.5290 -1.1681 0.8522 21.8252 11.5608 318.6533 349.7252 -0.9178 0.0000 0.0000
1410.03 16.07.2018 04.30.01 24.15222 287.6929 -278.9733 -0.4982 -1.2048 0.9421 24.0933 12.7626 320.3632 351.3040 2.8813 0.0000 0.0000
1420.03 16.07.2018 04.40.01 24.08209 288.4768 -258.5780 -0.4617 -1.2357 1.0320 26.3603 13.9639 322.1705 352.9747 3.8264 0.0000 0.0000
1430.03 16.07.2018 04.50.01 24.01711 289.2858 -236.6741 -0.4226 -1.2640 1.1218 80.4599 42.8891 324.0244 357.7358 2.0017 0.0000 0.0000
1440.03 16.07.2018 05.00.01 23.95748 290.1416 -167.1846 -0.2985 -1.2952 1.3289 91.2230 48.5555 326.2542 361.6047 3.4838 0.0000 0.0000
1450.03 16.07.2018 05.10.01 23.91122 290.7490 -157.4409 -0.2811 -1.3694 1.4510 348.2849 185.3534 328.1047 379.2118 -12.9560 0.0000 0.0000
1460.03 16.07.2018 05.20.01 23.86917 291.6629 124.4204 0.2222 -1.4328 2.2067 601.5360 319.2607 331.6906 404.4736 -35.5427 0.0000 0.0000
1470.03 16.07.2018 05.30.01 23.87905 292.6716 359.8395 0.6426 -1.7124 3.1400 739.2776 383.7602 336.2238 416.2762 -50.5891 0.0000 0.0000
1480.03 16.07.2018 05.40.01 23.93392 293.6021 519.4070 0.9275 -2.1513 4.1051 685.0232 354.5561 341.2212 431.1464 -65.2597 0.0000 0.0000
1490.03 16.07.2018 05.50.01 24.01956 294.2872 274.3150 0.4898 -2.6740 4.2185 622.2884 321.0542 344.1592 438.3431 -75.9540 0.0000 0.0000
1500.03 16.07.2018 06.00.01 24.06555 294.8587 97.8149 0.1747 -2.9361 4.1476 560.2035 288.0954 346.3330 442.0978 -85.6140 0.0000 0.0000
1510.03 16.07.2018 06.10.01 24.08273 295.2200 17.3478 0.0310 -3.0178 4.0650 527.7694 270.4385 348.0711 444.9904 -86.1760 0.0000 0.0000
1520.03 16.07.2018 06.20.01 24.08734 295.5967 53.9250 0.0963 -3.0155 4.1491 498.6829 254.6497 350.2430 447.5778 -85.8607 0.0000 0.0000
1530.03 16.07.2018 06.30.01 24.09918 295.9649 68.0206 0.1215 -3.0279 4.1992 480.2149 245.2545 352.2911 450.7251 -86.2666 0.0000 0.0000
1540.03 16.07.2018 06.40.01 24.11511 296.3529 111.9177 0.1999 -3.0342 4.3121 459.9156 234.0195 354.4165 452.0703 -84.1175 0.0000 0.0000
1550.03 16.07.2018 06.50.01 24.14294 296.7437 823.2906 1.4702 -3.0587 6.0385 459.1846 233.2990 356.6361 455.2471 -84.5768 0.0000 0.0000
1560.03 16.07.2018 07.00.01 24.29827 297.1333 1347.7205 2.4066 -3.6785 8.1135 463.5182 235.3388 358.8161 458.7567 -85.5271 0.0000 0.0000
1570.03 16.07.2018 07.10.01 24.54946 297.4602 1606.6409 2.8690 -4.7094 10.1045 470.6292 238.6962 360.7278 462.0477 -85.6846 0.0000 0.0000
1580.03 16.07.2018 07.20.01 24.85037 297.7864 1748.7590 3.1228 -5.9112 12.0454 477.6828 242.0536 362.8718 465.4949 -85.8571 0.0000 0.0000
1590.03 16.07.2018 07.30.01 25.18035 298.1172 1797.5776 3.2100 -7.1810 13.8546 483.5434 244.7861 365.1646 468.8579 -85.6947 0.0000 0.0000
1600.03 16.07.2018 07.40.01 25.52322 298.4646 1856.5385 3.3152 -8.4393 15.6728 491.9675 248.8713 367.5217 472.5520 -85.0886 0.0000 0.0000
1610.03 16.07.2018 07.50.01 25.87979 298.8127 1803.0946 3.2198 -9.6987 17.2247 499.1006 252.3831 369.8189 476.2956 -84.1747 0.0000 0.0000
1620.03 16.07.2018 08.00.01 26.23019 299.1449 1676.6497 2.9940 -10.8659 18.4799 504.0851 254.8295 371.9514 479.8171 -83.2068 0.0000 0.0000
1630.03 16.07.2018 08.10.01 26.56176 299.4295 1752.8579 3.1301 -11.8839 20.0187 511.3006 258.3805 374.1734 483.2520 -86.6162 0.0000 0.0000
1640.03 16.07.2018 08.20.01 26.90887 299.6995 1733.0870 3.0948 -12.9370 21.3757 516.8376 261.0725 376.1482 486.2109 -89.9844 0.0000 0.0000
1650.03 16.07.2018 08.30.01 27.25521 299.9306 1802.4182 3.2186 -13.9407 22.8791 522.3674 263.6414 378.2942 488.9473 -93.2980 0.0000 0.0000
1660.03 16.07.2018 08.40.01 27.61559 300.1150 1760.7029 3.1441 -14.9750 24.1588 528.7917 266.7921 380.3072 492.0124 -93.4871 0.0000 0.0000
1670.03 16.07.2018 08.50.01 27.97076 300.3209 1717.4167 3.0668 -15.9436 25.3472 534.4678 269.5637 382.2415 495.1219 -93.4595 0.0000 0.0000
1680.03 16.07.2018 09.00.01 28.32028 300.4451 1678.6946 2.9977 -16.8476 26.4604 537.1545 270.5959 383.8191 497.5221 -93.8622 0.0000 0.0000
1690.03 16.07.2018 09.10.01 28.66458 300.5134 1607.9369 2.8713 -17.6936 27.4199 541.3386 272.7189 385.3788 499.5857 -97.2061 0.0000 0.0000
1700.03 16.07.2018 09.20.01 28.99813 300.5632 1543.3761 2.7560 -18.4546 28.2809 544.4170 274.2469 386.8912 501.0251 -100.8968 0.0000 0.0000
1710.03 16.07.2018 09.30.01 29.32177 300.6060 1502.5790 2.6832 -19.1374 29.0940 547.9187 276.0587 388.5682 502.0739 -106.7880 0.0000 0.0000
1720.03 16.07.2018 09.40.01 29.63955 300.5875 1482.0493 2.6465 -19.7655 29.8827 552.3629 278.3265 389.9522 502.8691 -109.9798 0.0000 0.0000
1730.03 16.07.2018 09.50.01 29.95483 300.5658 1445.0927 2.5805 -20.3602 30.5876 556.3386 280.3762 391.2649 503.4501 -113.7061 0.0000 0.0000
1740.03 16.07.2018 10.00.01 30.26425 300.5838 1337.4460 2.3883 -20.9090 31.0631 558.5327 281.5331 392.4344 503.6956 -117.4012 0.0000 0.0000
1750.03 16.07.2018 10.10.01 30.55480 300.9570 1054.8066 1.8836 -21.3488 30.9765 551.6987 278.3264 394.1224 506.6555 -107.6847 0.0000 0.0000
1760.03 16.07.2018 10.20.01 30.79696 301.2775 877.3978 1.5668 -21.5230 30.7863 544.2285 274.8109 395.9933 509.5885 -99.5618 0.0000 0.0000
1770.03 16.07.2018 10.30.01 31.00808 301.4703 689.8203 1.2318 -21.5353 30.3562 534.1916 269.9475 397.2962 511.9196 -91.4098 0.0000 0.0000
1780.03 16.07.2018 10.40.01 31.18646 301.6618 634.0933 1.1323 -21.3831 30.0206 526.8010 266.4269 398.2778 513.6242 -85.7034 0.0000 0.0000
1790.03 16.07.2018 10.50.01 31.35555 301.8773 573.6606 1.0244 -21.1737 29.5975 518.8550 262.6380 399.1386 514.3655 -84.5130 0.0000 0.0000
1800.03 16.07.2018 11.00.01 31.51235 302.0985 469.5039 0.8384 -20.9232 29.0154 510.0204 258.4340 400.0124 514.3144 -86.4097 0.0000 0.0000
1810.03 16.07.2018 11.10.01 31.65164 301.8956 829.2850 1.4809 -20.6040 29.4465 513.6882 260.0726 401.0621 518.8247 -73.4035 0.0000 0.0000
1820.03 16.07.2018 11.20.01 31.85320 301.8526 1021.7176 1.8245 -20.6154 29.9198 518.3252 262.2561 401.7285 517.2092 -87.7787 0.0000 0.0000
1830.03 16.07.2018 11.30.01 32.08822 301.6675 1103.4453 1.9704 -20.8075 30.3706 523.0250 264.4918 401.5450 513.3945 -108.0120 0.0000 0.0000
1840.03 16.07.2018 11.40.01 32.33709 301.8246 1130.2300 2.0183 -21.0759 30.7922 527.8628 266.7902 402.1260 512.9633 -113.5556 0.0000 0.0000
1850.03 16.07.2018 11.50.01 32.59149 301.8037 1132.3633 2.0221 -21.3547 31.1691 532.5786 269.0519 402.8781 511.6850 -124.6194 0.0000 0.0000
1860.03 16.07.2018 12.00.01 32.84689 301.8655 1054.5597 1.8831 -21.6192 31.3365 535.5491 270.4238 402.9976 510.0729 -134.7114 0.0000 0.0000
1870.03 16.07.2018 12.10.01 33.08761 301.9356 626.1747 1.1182 -21.7970 30.5535 524.9911 265.3189 403.1387 508.9773 -132.4353 0.0000 0.0000
1880.03 16.07.2018 12.20.01 33.25240 302.0524 342.2888 0.6112 -21.5988 29.6134 512.5638 259.2168 403.0268 507.5594 -129.6567 0.0000 0.0000
1890.03 16.07.2018 12.30.01 33.36575 302.1055 156.3948 0.2793 -21.1668 28.5948 499.3906 252.7248 402.6892 505.8016 -127.2157 0.0000 0.0000
1900.03 16.07.2018 12.40.01 33.44424 302.1531 62.0859 0.1109 -20.5984 27.6124 487.1321 246.6751 402.2831 504.1484 -124.4192 0.0000 0.0000
1910.03 16.07.2018 12.50.01 33.50417 302.2067 51.3552 0.0917 -19.9777 26.7592 477.2146 241.9322 402.2356 502.8522 -122.0863 0.0000 0.0000
1920.03 16.07.2018 13.00.01 33.55963 302.2532 -74.5720 -0.1332 -19.3720 25.6517 464.3043 235.5825 401.9624 501.1057 -119.2983 0.0000 0.0000
1930.03 16.07.2018 13.10.01 33.58978 302.2264 -389.3741 -0.6953 -18.6779 23.9768 444.1825 225.9788 402.0068 499.6552 -112.7899 0.0000 0.0000
1940.03 16.07.2018 13.20.01 33.56155 302.1831 -606.3419 -1.0828 -17.7400 22.2096 422.2140 215.3351 401.7503 497.6495 -106.9020 0.0000 0.0000
1950.03 16.07.2018 13.30.01 33.49209 302.1357 -716.5654 -1.2796 -16.6539 20.4992 385.7029 197.4289 401.3595 495.0260 -101.2549 0.0000 0.0000
1960.03 16.07.2018 13.40.01 33.39993 302.0793 -781.3352 -1.3952 -15.5153 18.8267 366.0280 187.9297 400.6352 492.2154 -95.1430 0.0000 0.0000
1970.03 16.07.2018 13.50.01 33.29312 302.0257 -804.9886 -1.4375 -14.3629 17.2339 347.0605 178.7945 400.1054 489.5958 -90.4029 0.0000 0.0000
1980.03 16.07.2018 14.00.01 33.17928 301.9731 -812.0883 -1.4502 -13.2305 15.7072 328.4913 169.8475 399.6298 486.9538 -85.9836 0.0000 0.0000
1990.03 16.07.2018 14.10.01 33.06240 301.9118 -606.8749 -1.0837 -12.1326 14.7318 312.4319 161.7380 398.6147 483.6806 -84.8229 0.0000 0.0000
2000.03 16.07.2018 14.20.01 32.97933 301.8353 -502.2595 -0.8969 -11.2463 13.7992 299.3515 155.1437 397.4622 480.3937 -83.2331 0.0000 0.0000
2010.03 16.07.2018 14.30.01 32.91311 301.7512 -431.0202 -0.7697 -10.4773 12.9435 287.1419 149.0089 396.4427 477.2586 -81.3392 0.0000 0.0000
2020.03 16.07.2018 14.40.01 32.85800 301.6083 -378.5787 -0.6760 -9.7923 12.1550 275.5615 143.2194 395.5884 474.3303 -79.4014 0.0000 0.0000
2030.03 16.07.2018 14.50.01 32.81060 301.4728 -370.8920 -0.6623 -9.1745 11.3495 263.3710 137.0758 394.6579 470.5643 -82.5094 0.0000 0.0000
2040.03 16.07.2018 15.00.01 32.76327 301.4062 -368.5231 -0.6581 -8.5796 10.5621 251.3224 131.0041 393.7074 467.3802 -79.5197 0.0000 0.0000
2050.03 16.07.2018 15.10.01 32.71569 301.3813 -262.8294 -0.4693 -8.0114 10.0561 244.1577 127.0688 392.3016 464.5783 -73.7915 0.0000 0.0000
2060.03 16.07.2018 15.20.01 32.68652 301.3454 -217.6371 -0.3886 -7.5468 9.5442 237.4551 123.4151 391.1002 462.1815 -68.5409 0.0000 0.0000
2070.03 16.07.2018 15.30.01 32.66409 301.3268 -235.0045 -0.4197 -7.1349 8.9537 230.1482 119.4582 389.8982 459.9070 -64.5147 0.0000 0.0000
2080.03 16.07.2018 15.40.01 32.63766 301.3043 -249.7571 -0.4460 -6.7206 8.3661 224.1756 116.2072 388.8301 457.9336 -60.5448 0.0000 0.0000
2090.03 16.07.2018 15.50.01 32.60745 301.2816 -309.4378 -0.5526 -6.3072 7.6728 217.2969 112.4900 387.7919 455.9977 -57.0817 0.0000 0.0000
2100.03 16.07.2018 16.00.01 32.56545 301.2699 -402.7956 -0.7193 -5.8564 6.8496 209.5461 108.3506 386.7738 454.0236 -54.1815 0.0000 0.0000
2110.03 16.07.2018 16.10.01 32.50567 301.1262 -472.8266 -0.8443 -5.3418 5.9966 195.8045 101.3624 385.6709 451.8566 -52.3088 0.0000 0.0000
2120.03 16.07.2018 16.20.01 32.43179 300.9684 -538.2662 -0.9612 -4.7888 5.1035 181.0883 93.8219 384.3084 449.2709 -49.9605 0.0000 0.0000
2130.03 16.07.2018 16.30.01 32.34460 300.8201 -533.7999 -0.9532 -4.2043 4.3348 167.8660 87.0836 383.0271 446.7769 -47.5695 0.0000 0.0000
2140.03 16.07.2018 16.40.01 32.25698 300.6623 -358.3121 -0.6398 -3.6496 4.0130 147.8015 76.9947 381.5618 444.3412 -45.5812 0.0000 0.0000
2150.03 16.07.2018 16.50.01 32.19842 300.5028 -281.3727 -0.5025 -3.2722 3.6930 138.1287 72.0444 380.0351 441.6971 -42.7494 0.0000 0.0000
2160.03 16.07.2018 17.00.01 32.15200 300.3401 -265.7806 -0.4746 -2.9790 3.3392 127.9303 66.8027 378.3649 439.1144 -40.0175 0.0000 0.0000
2170.03 16.07.2018 17.10.01 32.10735 300.1189 -220.8027 -0.3943 -2.7155 3.0949 120.2037 62.8169 376.8652 436.6316 -37.9079 0.0000 0.0000
2180.03 16.07.2018 17.20.01 32.06945 299.8934 -197.7723 -0.3532 -2.5074 2.8724 112.7491 58.9752 375.4089 434.2520 -35.8320 0.0000 0.0000
2190.03 16.07.2018 17.30.01 32.03448 299.6724 -195.6175 -0.3493 -2.3338 2.6460 104.7290 54.7970 373.9637 431.8409 -33.6712 0.0000 0.0000
2200.03 16.07.2018 17.40.01 31.99883 299.4473 -193.9977 -0.3464 -2.1755 2.4388 99.2443 52.1008 372.5693 429.7581 -32.0860 0.0000 0.0000
2210.03 16.07.2018 17.50.01 31.96243 299.2271 -210.2943 -0.3755 -2.0323 2.2090 85.1671 44.8709 371.1493 427.3080 -29.5142 0.0000 0.0000
2220.03 16.07.2018 18.00.01 31.92211 299.0031 -228.6028 -0.4082 -1.8883 1.9735 77.4762 40.9607 369.7001 424.9291 -27.1157 0.0000 0.0000
2230.03 16.07.2018 18.10.01 31.87747 298.6047 -248.9540 -0.4446 -1.7433 1.7317 68.7542 36.4033 368.0680 422.4105 -24.6973 0.0000 0.0000
2240.03 16.07.2018 18.20.01 31.82800 298.2196 -270.2848 -0.4827 -1.5961 1.4846 60.5455 32.1587 366.4113 419.9597 -22.5286 0.0000 0.0000
2250.03 16.07.2018 18.30.01 31.77368 297.8387 -290.0512 -0.5179 -1.4454 1.2366 50.3171 26.8961 364.7228 417.4393 -20.3496 0.0000 0.0000
2260.03 16.07.2018 18.40.01 31.71472 297.4660 -303.8514 -0.5426 -1.2921 0.9994 38.6727 20.7059 363.0245 414.5496 -17.8206 0.0000 0.0000
2270.03 16.07.2018 18.50.01 31.65222 297.0956 -324.7402 -0.5799 -1.1432 0.7511 26.6352 14.2902 361.3504 411.5867 -15.1091 0.0000 0.0000
2280.03 16.07.2018 19.00.01 31.58474 296.7157 -343.2231 -0.6129 -0.9917 0.5051 13.3318 7.1236 359.6529 408.2715 -12.8246 0.0000 0.0000
2290.03 16.07.2018 19.10.01 31.51284 295.9853 -323.3954 -0.5775 -0.8429 0.3539 10.6426 5.6969 358.0692 405.2913 -13.2705 0.0000 0.0000
2300.03 16.07.2018 19.20.01 31.44296 295.2417 -294.5040 -0.5259 -0.7328 0.2759 8.6749 4.6545 356.5584 402.3392 -14.8415 0.0000 0.0000
2310.03 16.07.2018 19.30.01 31.37640 294.5620 -287.1899 -0.5128 -0.6715 0.2116 6.9403 3.7309 355.1189 399.5500 -15.9763 0.0000 0.0000
2320.03 16.07.2018 19.40.01 31.30959 293.9081 -293.0784 -0.5234 -0.6356 0.1496 4.8064 2.5848 353.7250 396.9253 -16.5707 0.0000 0.0000
2330.03 16.07.2018 19.50.01 31.24053 293.2038 -306.5038 -0.5473 -0.6121 0.0863 2.5936 1.3953 352.3420 394.2917 -17.4028 0.0000 0.0000
2340.03 16.07.2018 20.00.01 31.16763 292.4777 -323.8163 -0.5782 -0.5956 0.0231 0.3219 0.1730 351.0140 391.6553 -18.6402 0.0000 0.0000
2350.03 16.07.2018 20.10.01 31.09030 292.2795 -323.9144 -0.5784 -0.5815 0.0041 0.0559 0.0300 352.0547 389.8809 -18.9932 0.0000 0.0000
2360.03 16.07.2018 20.20.01 31.01226 292.0892 -323.5676 -0.5778 -0.5784 0.0007 0.0103 0.0055 353.2564 388.3754 -19.5526 0.0000 0.0000
2370.03 16.07.2018 20.30.01 30.93353 291.9053 -325.7323 -0.5817 -0.5818 0.0001 0.0018 0.0010 354.4044 387.0232 -20.1631 0.0000 0.0000
2380.03 16.07.2018 20.40.01 30.85397 291.7369 -330.5367 -0.5902 -0.5903 0.0000 0.0003 0.0002 355.5862 385.8995 -20.5134 0.0000 0.0000
2390.03 16.07.2018 20.50.01 30.77310 291.5671 -335.8481 -0.5997 -0.5997 0.0000 0.0001 0.0000 356.7956 384.8885 -21.0716 0.0000 0.0000
2400.03 16.07.2018 21.00.01 30.69097 291.3943 -341.8111 -0.6104 -0.6104 0.0000 0.0000 0.0000 358.0092 383.9771 -21.7265 0.0000 0.0000
2410.03 16.07.2018 21.10.01 30.60766 291.8043 -344.1042 -0.6145 -0.6145 0.0000 0.0000 0.0000 357.8824 383.7860 -18.4353 0.0000 0.0000
2420.03 16.07.2018 21.20.01 30.52477 292.2148 -338.5331 -0.6045 -0.6045 0.0000 0.0000 0.0000 357.8634 383.7679 -15.4100 0.0000 0.0000
2430.03 16.07.2018 21.30.01 30.44369 292.6305 -329.8323 -0.5890 -0.5890 0.0000 0.0000 0.0000 357.9411 383.9231 -12.4517 0.0000 0.0000
2440.03 16.07.2018 21.40.01 30.36489 293.0425 -320.2484 -0.5719 -0.5719 0.0000 0.0000 0.0000 358.1118 384.2436 -9.4546 0.0000 0.0000
2450.03 16.07.2018 21.50.01 30.28842 293.4716 -310.6612 -0.5548 -0.5548 0.0000 0.0000 0.0000 358.3633 384.7179 -6.3989 0.0000 0.0000
2460.03 16.07.2018 22.00.01 30.21423 293.9036 -301.5681 -0.5385 -0.5385 0.0000 0.0000 0.0000 358.6863 385.3215 -3.3549 0.0000 0.0000
2470.03 16.07.2018 22.10.01 30.14208 293.5939 -294.2720 -0.5255 -0.5255 0.0000 0.0000 0.0000 359.0390 385.3235 -4.4748 0.0000 0.0000
2480.03 16.07.2018 22.20.01 30.07137 293.2790 -289.0364 -0.5161 -0.5161 0.0000 0.0000 0.0000 359.2935 385.2976 -4.4095 0.0000 0.0000
2490.03 16.07.2018 22.30.01 30.00170 292.9662 -289.3989 -0.5168 -0.5168 0.0000 0.0000 0.0000 359.1979 384.4574 -7.3057 0.0000 0.0000
2500.03 16.07.2018 22.40.01 29.93020 292.6942 -300.7528 -0.5371 -0.5371 0.0000 0.0000 0.0000 359.2922 384.1195 -7.7886 0.0000 0.0000
2510.03 16.07.2018 22.50.01 29.85610 292.4340 -309.3206 -0.5524 -0.5524 0.0000 0.0000 0.0000 359.4929 383.8233 -8.0729 0.0000 0.0000
2520.03 16.07.2018 23.00.01 29.78051 292.0465 -313.3159 -0.5595 -0.5595 0.0000 0.0000 0.0000 359.4341 382.9523 -10.7969 0.0000 0.0000
2530.03 16.07.2018 23.10.01 29.70391 291.9224 -319.2520 -0.5701 -0.5701 0.0000 0.0000 0.0000 359.2692 382.3919 -11.0958 0.0000 0.0000
2540.03 16.07.2018 23.20.01 29.62570 291.8363 -325.3999 -0.5811 -0.5811 0.0000 0.0000 0.0000 359.1900 381.8796 -11.3722 0.0000 0.0000
2550.03 16.07.2018 23.30.01 29.54604 291.7507 -331.2014 -0.5914 -0.5914 0.0000 0.0000 0.0000 359.1266 381.3718 -11.6972 0.0000 0.0000
2560.03 16.07.2018 23.40.01 29.46502 291.6712 -336.1047 -0.6002 -0.6002 0.0000 0.0000 0.0000 359.0740 380.8888 -11.9514 0.0000 0.0000
2570.03 16.07.2018 23.50.01 29.38293 291.5917 -340.3210 -0.6077 -0.6077 0.0000 0.0000 0.0000 359.0239 380.4138 -12.2176 0.0000 0.0000
2580.03 17.07.2018 00.00.01 29.29986 291.5128 -343.8392 -0.6140 -0.6140 0.0000 0.0000 0.0000 358.9717 379.9463 -12.4832 0.0000 0.0000
2590.03 17.07.2018 00.10.01 29.21603 291.6368 -346.2113 -0.6182 -0.6182 0.0000 0.0000 0.0000 358.6808 379.6854 -11.6739 0.0000 0.0000
2600.03 17.07.2018 00.20.01 29.13180 291.7250 -347.4019 -0.6204 -0.6204 0.0000 0.0000 0.0000 358.3837 379.4115 -11.1179 0.0000 0.0000
2610.03 17.07.2018 00.30.01 29.04754 291.8002 -349.3169 -0.6238 -0.6238 0.0000 0.0000 0.0000 358.0849 379.1496 -10.6270 0.0000 0.0000
2620.03 17.07.2018 00.40.01 28.96285 291.8864 -349.1459 -0.6235 -0.6235 0.0000 0.0000 0.0000 357.8618 379.0212 -9.7338 0.0000 0.0000
2630.03 17.07.2018 00.50.01 28.87863 291.9003 -347.5584 -0.6206 -0.6206 0.0000 0.0000 0.0000 357.6103 378.7510 -9.4860 0.0000 0.0000
2640.03 17.07.2018 01.00.01 28.79449 291.9231 -345.3554 -0.6167 -0.6167 0.0000 0.0000 0.0000 357.3300 378.4885 -9.1176 0.0000 0.0000
2650.03 17.07.2018 01.10.01 28.71136 291.8525 -339.4681 -0.6062 -0.6062 0.0000 0.0000 0.0000 356.7082 378.7126 -6.7780 0.0000 0.0000
2660.03 17.07.2018 01.20.01 28.63094 291.6762 -322.7846 -0.5764 -0.5764 0.0000 0.0000 0.0000 355.9872 378.3288 -7.2524 0.0000 0.0000
2670.03 17.07.2018 01.30.01 28.55337 291.4952 -322.0235 -0.5750 -0.5750 0.0000 0.0000 0.0000 354.8296 377.1000 -10.3542 0.0000 0.0000
2680.03 17.07.2018 01.40.01 28.47338 291.4666 -336.0140 -0.6000 -0.6000 0.0000 0.0000 0.0000 354.0140 376.9569 -8.2577 0.0000 0.0000
2690.03 17.07.2018 01.50.01 28.39190 291.4138 -334.5319 -0.5974 -0.5974 0.0000 0.0000 0.0000 353.2699 376.7119 -7.4284 0.0000 0.0000
2700.03 17.07.2018 02.00.01 28.31207 291.2696 -323.2091 -0.5772 -0.5772 0.0000 0.0007 0.0003 352.2557 376.1331 -7.6140 0.0000 0.0000
2710.03 17.07.2018 02.10.01 28.23483 290.9733 -310.7579 -0.5549 -0.5650 0.0134 0.3913 0.2067 349.3180 375.0440 -8.6769 0.0000 0.0000
2720.03 17.07.2018 02.20.01 28.15832 290.7207 -315.0269 -0.5625 -0.5856 0.0307 0.8378 0.4432 346.2929 373.7236 -9.8900 0.0000 0.0000
2730.03 17.07.2018 02.30.01 28.07913 290.3978 -331.5308 -0.5920 -0.6286 0.0487 1.2932 0.6845 343.1878 372.1931 -11.2830 0.0000 0.0000
2740.03 17.07.2018 02.40.01 27.99517 290.0856 -352.0673 -0.6287 -0.6788 0.0668 1.7503 0.9267 340.0672 370.8063 -11.5466 0.0000 0.0000
2750.03 17.07.2018 02.50.01 27.90676 289.7707 -367.9752 -0.6571 -0.7208 0.0849 2.2077 1.1691 336.9183 369.3792 -11.7960 0.0000 0.0000
2760.03 17.07.2018 03.00.01 27.81509 289.4262 -379.4115 -0.6775 -0.7549 0.1032 2.6692 1.4136 333.6907 367.8235 -12.3382 0.0000 0.0000
2770.03 17.07.2018 03.10.01 27.72119 289.3836 -350.6667 -0.6262 -0.7807 0.2059 5.5922 2.9583 333.2893 367.2419 -10.9788 0.0000 0.0000
2780.03 17.07.2018 03.20.01 27.63339 289.3537 -316.7624 -0.5656 -0.8157 0.3334 8.8676 4.6935 333.1814 366.9582 -10.0469 0.0000 0.0000
2790.03 17.07.2018 03.30.01 27.55297 289.3272 -288.0622 -0.5144 -0.8631 0.4650 12.1990 6.4586 333.1588 366.8329 -9.3350 0.0000 0.0000
2800.03 17.07.2018 03.40.01 27.47875 289.2977 -265.0994 -0.4734 -0.9214 0.5973 15.5412 8.2295 333.2027 366.8491 -8.7483 0.0000 0.0000
2810.03 17.07.2018 03.50.01 27.40948 289.2890 -246.6131 -0.4404 -0.9878 0.7298 18.8852 10.0014 333.3200 366.9850 -8.3134 0.0000 0.0000
2820.03 17.07.2018 04.00.01 27.34426 289.2913 -231.5009 -0.4134 -1.0602 0.8624 22.2313 11.7744 333.4780 367.2137 -8.0013 0.0000 0.0000
2830.03 17.07.2018 04.10.01 27.28246 289.6584 -204.1912 -0.3646 -1.1374 1.0304 26.6088 14.0921 333.6701 367.8183 -6.6513 0.0000 0.0000
2840.03 17.07.2018 04.20.01 27.22595 290.0312 -182.3788 -0.3257 -1.2322 1.2087 31.1340 16.4898 333.9468 368.5821 -5.5156 0.0000 0.0000
2850.03 17.07.2018 04.30.01 27.17382 290.4090 -166.1743 -0.2967 -1.3383 1.3888 35.6827 18.8999 334.2748 369.4830 -4.4691 0.0000 0.0000
2860.03 17.07.2018 04.40.01 27.12533 290.7911 -152.9341 -0.2731 -1.4500 1.5692 40.2358 21.3125 334.6458 370.4996 -3.5350 0.0000 0.0000
2870.03 17.07.2018 04.50.01 27.07986 291.1750 -140.2996 -0.2505 -1.5627 1.7496 68.0627 36.1710 335.0556 372.9987 -4.3905 0.0000 0.0000
2880.03 17.07.2018 05.00.01 27.03753 291.5693 -105.4776 -0.1884 -1.6751 1.9823 77.4319 41.1234 335.6192 375.0805 -4.8735 0.0000 0.0000
2890.03 17.07.2018 05.10.01 27.00213 291.9474 -120.4394 -0.2151 -1.8049 2.1198 260.2281 138.4084 336.7020 387.2094 -17.4767 0.0000 0.0000
2900.03 17.07.2018 05.20.01 26.96597 292.3943 61.9823 0.1107 -1.9065 2.6896 440.1280 233.5419 338.9276 404.1892 -35.8438 0.0000 0.0000
2910.03 17.07.2018 05.30.01 26.96353 292.8717 219.2571 0.3915 -2.1471 3.3849 540.3193 280.7753 341.8076 412.1501 -47.4562 0.0000 0.0000
2920.03 17.07.2018 05.40.01 26.99102 293.3526 325.6107 0.5814 -2.4947 4.1016 521.2171 270.1029 344.9771 422.5016 -57.3535 0.0000 0.0000
2930.03 17.07.2018 05.50.01 27.03903 293.7744 175.7640 0.3139 -2.8992 4.2841 496.0898 256.3126 346.9892 428.8684 -62.3125 0.0000 0.0000
2940.03 17.07.2018 06.00.01 27.06320 294.1746 71.5276 0.1277 -3.1414 4.3588 470.8591 242.5522 348.6430 433.7381 -65.8606 0.0000 0.0000
2950.03 17.07.2018 06.10.01 27.07064 294.4110 39.5043 0.0705 -3.2707 4.4551 451.5725 231.8963 350.3026 437.5278 -68.3872 0.0000 0.0000
2960.03 17.07.2018 06.20.01 27.07369 294.6433 63.3558 0.1131 -3.3585 4.6288 434.0437 222.2346 352.1684 440.6673 -70.3586 0.0000 0.0000
2970.03 17.07.2018 06.30.01 27.08196 294.8713 67.9939 0.1214 -3.4516 4.7640 424.7792 217.5594 353.9047 444.3313 -72.4613 0.0000 0.0000
2980.03 17.07.2018 06.40.01 27.09240 295.1005 102.0692 0.1823 -3.5326 4.9531 412.3712 210.5468 355.6894 446.2821 -73.3296 0.0000 0.0000
2990.03 17.07.2018 06.50.01 27.11245 295.3367 720.3282 1.2863 -3.6267 6.5506 416.8389 212.5905 357.5042 449.5669 -76.9676 0.0000 0.0000
3000.03 17.07.2018 07.00.01 27.24316 295.5670 1138.9137 2.0338 -4.2391 8.3639 424.5845 216.4253 359.2749 452.8590 -81.0357 0.0000 0.0000
3010.03 17.07.2018 07.10.01 27.45046 295.7837 1342.0836 2.3966 -5.1768 10.0978 433.9264 220.9576 360.4045 455.3141 -87.1915 0.0000 0.0000
3020.03 17.07.2018 07.20.01 27.69708 296.0013 1461.1488 2.6092 -6.2456 11.8064 443.2279 225.4827 361.5896 457.5207 -92.9911 0.0000 0.0000
3030.03 17.07.2018 07.30.01 27.96807 296.2079 1511.1168 2.6984 -7.3727 13.4281 451.4991 229.4485 362.8302 459.3176 -98.7750 0.0000 0.0000
3040.03 17.07.2018 07.40.01 28.25121 296.4185 1558.9653 2.7839 -8.4994 15.0444 461.1075 234.1531 364.0053 461.0045 -104.4651 0.0000 0.0000
3050.03 17.07.2018 07.50.01 28.54559 296.6331 1531.0507 2.7340 -9.6276 16.4822 469.9949 238.5591 365.1661 462.5397 -109.2886 0.0000 0.0000
3060.03 17.07.2018 08.00.01 28.83746 296.8376 1430.3806 2.5543 -10.6944 17.6649 477.1365 242.1097 366.1473 463.7015 -114.0131 0.0000 0.0000
3070.03 17.07.2018 08.10.01 29.11462 296.9722 1526.6913 2.7262 -11.6429 19.1589 487.3297 247.0911 367.4245 465.0084 -118.2437 0.0000 0.0000
3080.03 17.07.2018 08.20.01 29.41036 297.1035 1539.3745 2.7489 -12.6510 20.5332 496.2794 251.4265 368.4204 465.9827 -123.3807 0.0000 0.0000
3090.03 17.07.2018 08.30.01 29.71066 297.2322 1636.0156 2.9215 -13.6445 22.0879 505.5245 255.7955 369.5831 466.9763 -128.4089 0.0000 0.0000
3100.03 17.07.2018 08.40.01 30.02944 297.3668 1610.4758 2.8759 -14.6964 23.4297 514.5651 260.1934 370.5822 468.0845 -131.6587 0.0000 0.0000
3110.03 17.07.2018 08.50.01 30.34585 297.4946 1587.3333 2.8345 -15.7001 24.7128 523.0500 264.3025 371.5068 468.9190 -136.3445 0.0000 0.0000
3120.03 17.07.2018 09.00.01 30.65981 297.6129 1565.5781 2.7957 -16.6597 25.9405 528.6079 266.6976 372.2099 469.3634 -140.5893 0.0000 0.0000
3130.03 17.07.2018 09.10.01 30.96948 297.6170 1079.4021 1.9275 -17.5815 26.0120 518.8089 262.2518 373.5834 470.0837 -140.3154 0.0000 0.0000
3140.03 17.07.2018 09.20.01 31.19415 297.6137 702.2816 1.2541 -18.0672 25.7617 505.7999 256.1230 374.8252 470.2415 -138.3390 0.0000 0.0000
3150.03 17.07.2018 09.30.01 31.35177 297.6116 428.8945 0.7659 -18.2275 25.3246 492.0241 249.6733 376.1418 470.1078 -136.6320 0.0000 0.0000
3160.03 17.07.2018 09.40.01 31.46047 297.6245 314.5464 0.5617 -18.1615 24.9643 482.2695 245.2060 377.2975 469.9613 -134.9726 0.0000 0.0000
3170.03 17.07.2018 09.50.01 31.54757 297.6574 187.2582 0.3344 -18.0105 24.4599 471.6485 240.3261 378.4989 469.8918 -132.5679 0.0000 0.0000
3180.03 17.07.2018 10.00.01 31.61077 297.6498 24.6175 0.0440 -17.7609 23.7399 459.6778 234.7998 379.5998 469.6309 -130.1706 0.0000 0.0000
3190.03 17.07.2018 10.10.01 31.64523 297.7134 127.8391 0.2283 -17.3825 23.4811 450.7362 230.3014 379.8435 468.8339 -127.2865 0.0000 0.0000
3200.03 17.07.2018 10.20.01 31.69674 297.7767 163.2313 0.2915 -17.1084 23.1999 442.0316 225.9584 380.2335 468.1405 -124.6812 0.0000 0.0000
3210.03 17.07.2018 10.30.01 31.75356 297.8376 114.3525 0.2042 -16.8719 22.7681 431.6767 220.7445 380.3823 467.2332 -121.7262 0.0000 0.0000
3220.03 17.07.2018 10.40.01 31.80157 297.8977 112.4198 0.2007 -16.5983 22.3988 423.0077 216.3899 380.5143 466.3554 -119.2231 0.0000 0.0000
3230.03 17.07.2018 10.50.01 31.84902 297.9574 90.5047 0.1616 -16.3210 21.9768 414.0068 211.8750 380.6364 465.4757 -116.3623 0.0000 0.0000
3240.03 17.07.2018 11.00.01 31.89141 298.0185 33.6829 0.0601 -16.0324 21.4568 404.4694 207.1104 380.7647 464.6004 -113.4437 0.0000 0.0000
3250.03 17.07.2018 11.10.01 31.92520 298.1304 424.3637 0.7578 -15.7079 21.9543 411.9162 210.7566 380.9778 464.7717 -111.4836 0.0000 0.0000
3260.03 17.07.2018 11.20.01 32.02807 298.2486 673.9390 1.2035 -15.7235 22.5692 421.2482 215.4345 381.5767 465.8892 -109.8355 0.0000 0.0000
3270.03 17.07.2018 11.30.01 32.17654 298.3713 810.2943 1.4470 -15.9432 23.1868 430.8628 220.2763 382.3452 467.4270 -108.7889 0.0000 0.0000
3280.03 17.07.2018 11.40.01 32.35067 298.4931 881.2545 1.5737 -16.2620 23.7809 440.3982 225.0710 383.1364 469.2972 -107.4967 0.0000 0.0000
3290.03 17.07.2018 11.50.01 32.53881 298.6135 916.1935 1.6361 -16.6228 24.3451 449.8697 229.8516 383.9409 471.2934 -107.5119 0.0000 0.0000
3300.03 17.07.2018 12.00.01 32.73428 298.7330 885.9380 1.5820 -16.9952 24.7696 458.1771 234.0401 384.7443 473.2887 -107.8425 0.0000 0.0000
3310.03 17.07.2018 12.10.01 32.92278 298.7096 292.3759 0.5221 -17.3162 23.7844 445.1454 227.8561 385.7582 474.2914 -107.3960 0.0000 0.0000
3320.03 17.07.2018 12.20.01 33.00594 298.6809 -94.5676 -0.1689 -17.1180 22.5989 429.3492 220.1747 386.3037 474.3617 -105.7647 0.0000 0.0000
3330.03 17.07.2018 12.30.01 33.01898 298.6465 -325.4594 -0.5812 -16.6035 21.3631 412.9535 212.1734 386.6544 473.9668 -103.7009 0.0000 0.0000
3340.03 17.07.2018 12.40.01 32.98879 298.6106 -441.0620 -0.7876 -15.9169 20.1723 397.2869 204.5227 386.9340 473.2757 -101.4284 0.0000 0.0000
3350.03 17.07.2018 12.50.01 32.93585 298.5756 -516.9042 -0.9230 -15.1605 18.9833 381.5979 196.8574 387.1539 472.3527 -98.8711 0.0000 0.0000
3360.03 17.07.2018 13.00.01 32.86733 298.5415 -543.4296 -0.9704 -14.3675 17.8628 367.1986 189.9138 387.5109 471.3963 -96.5424 0.0000 0.0000
3370.03 17.07.2018 13.10.01 32.79330 298.4667 -272.7823 -0.4871 -13.5844 17.4630 360.3714 186.2472 386.7520 469.6421 -97.3208 0.0000 0.0000
3380.03 17.07.2018 13.20.01 32.76544 298.3960 -126.1469 -0.2253 -13.0637 17.1179 354.7245 183.2484 386.0388 467.9360 -98.4254 0.0000 0.0000
3390.03 17.07.2018 13.30.01 32.76238 298.3188 -70.0884 -0.1252 -12.6844 16.7457 339.3334 175.3714 385.3277 465.7778 -99.2590 0.0000 0.0000
3400.03 17.07.2018 13.40.01 32.76861 298.2350 -50.9063 -0.0909 -12.3621 16.3616 333.4809 172.2618 384.5601 463.4187 -99.6575 0.0000 0.0000
3410.03 17.07.2018 13.50.01 32.77770 298.1470 -56.2674 -0.1005 -12.0623 15.9491 327.6274 169.1725 383.7841 461.1437 -99.9397 0.0000 0.0000
3420.03 17.07.2018 14.00.01 32.78530 298.0518 -89.4897 -0.1598 -11.7631 15.4711 321.3127 165.8555 383.0147 458.7968 -99.9367 0.0000 0.0000
3430.03 17.07.2018 14.10.01 32.78695 297.9198 -2.7332 -0.0049 -11.4454 15.2541 315.3818 162.5348 380.6564 456.1630 -98.4555 0.0000 0.0000
3440.03 17.07.2018 14.20.01 32.80279 297.7828 -3.8737 -0.0069 -11.2167 14.9464 311.4058 160.2075 378.1055 453.4218 -97.7661 0.0000 0.0000
3450.03 17.07.2018 14.30.01 32.81750 297.6508 -28.5122 -0.0509 -10.9987 14.5971 307.4971 157.9480 375.6472 450.8295 -97.3022 0.0000 0.0000
3460.03 17.07.2018 14.40.01 32.82696 297.5203 -31.4229 -0.0561 -10.7715 14.2872 305.3678 156.6339 373.3212 448.5564 -96.7132 0.0000 0.0000
3470.03 17.07.2018 14.50.01 32.83465 297.3900 -110.0862 -0.1966 -10.5532 13.8088 301.5400 154.4257 370.9035 446.2576 -95.6008 0.0000 0.0000
3480.03 17.07.2018 15.00.01 32.82705 297.2596 -232.3380 -0.4149 -10.2790 13.1521 296.5203 151.6406 368.4504 443.9732 -94.0511 0.0000 0.0000
3490.03 17.07.2018 15.10.01 32.79589 297.0700 -465.5326 -0.8313 -9.9202 12.1186 283.7699 145.2992 367.0659 442.0974 -91.4516 0.0000 0.0000
3500.03 17.07.2018 15.20.01 32.72283 296.8807 -631.6259 -1.1279 -9.3742 10.9951 269.2858 137.9870 365.5321 439.7824 -88.3225 0.0000 0.0000
3510.03 17.07.2018 15.30.01 32.61849 296.6914 -740.7752 -1.3228 -8.7102 9.8499 254.2976 130.3955 363.8187 437.2618 -85.0393 0.0000 0.0000
3520.03 17.07.2018 15.40.01 32.49267 296.4994 -771.1439 -1.3770 -7.9819 8.8065 240.4335 123.4217 362.2444 434.7711 -81.9045 0.0000 0.0000
3530.03 17.07.2018 15.50.01 32.35906 296.3084 -820.0051 -1.4643 -7.2592 7.7265 225.6935 115.9507 360.5537 432.0872 -78.4145 0.0000 0.0000
3540.03 17.07.2018 16.00.01 32.21459 296.1189 -855.6132 -1.5279 -6.5239 6.6613 211.2973 108.6749 358.8775 429.3655 -74.8353 0.0000 0.0000
3550.03 17.07.2018 16.10.01 32.06167 295.8629 -859.7927 -1.5353 -5.7880 5.6702 197.8177 101.8320 356.9026 426.3926 -72.0817 0.0000 0.0000
3560.03 17.07.2018 16.20.01 31.90573 295.6066 -855.4327 -1.5276 -5.0799 4.7364 184.8822 95.2730 354.8966 423.4063 -69.2237 0.0000 0.0000
3570.03 17.07.2018 16.30.01 31.74853 295.3515 -807.1917 -1.4414 -4.4047 3.9511 173.8214 89.7226 353.0815 420.5977 -66.6796 0.0000 0.0000
3580.03 17.07.2018 16.40.01 31.59872 295.0937 -568.6431 -1.0154 -3.7975 3.7095 153.9933 79.8786 351.1969 417.9233 -64.5388 0.0000 0.0000
3590.03 17.07.2018 16.50.01 31.48925 294.8343 -444.0393 -0.7929 -3.4201 3.5029 147.7420 76.7699 349.3010 415.0734 -62.0617 0.0000 0.0000
3600.03 17.07.2018 17.00.01 31.40072 294.5740 -407.0650 -0.7269 -3.1647 3.2504 140.5769 73.1459 347.2877 412.3536 -59.7238 0.0000 0.0000
3610.03 17.07.2018 17.10.01 31.31796 294.3005 -379.0290 -0.6768 -2.9514 3.0328 132.3206 68.9481 345.6625 409.7517 -57.2505 0.0000 0.0000
3620.03 17.07.2018 17.20.01 31.23940 294.0274 -380.1802 -0.6789 -2.7713 2.7899 123.3894 64.3645 344.0104 407.1011 -54.6452 0.0000 0.0000
3630.03 17.07.2018 17.30.01 31.15997 293.7540 -391.3969 -0.6989 -2.5989 2.5333 113.5959 59.2754 342.3362 404.3865 -51.8195 0.0000 0.0000
3640.03 17.07.2018 17.40.01 31.07787 293.4801 -392.6200 -0.7011 -2.4263 2.3003 98.6691 51.7406 340.7002 401.7570 -48.8260 0.0000 0.0000
3650.03 17.07.2018 17.50.01 30.99465 293.2068 -412.3942 -0.7364 -2.2631 2.0356 89.0545 46.8539 339.0238 399.0093 -45.6797 0.0000 0.0000
3660.03 17.07.2018 18.00.01 30.90719 292.9308 -431.0865 -0.7698 -2.0942 1.7659 79.4430 41.9740 337.3151 396.3762 -42.6131 0.0000 0.0000
3670.03 17.07.2018 18.10.01 30.81561 292.6112 -429.9850 -0.7678 -1.9205 1.5368 70.8584 37.5034 336.1066 393.9790 -38.3279 0.0000 0.0000
3680.03 17.07.2018 18.20.01 30.72354 292.2925 -429.3788 -0.7667 -1.7562 1.3193 60.2904 32.1242 334.9763 391.7499 -34.6541 0.0000 0.0000
3690.03 17.07.2018 18.30.01 30.63094 291.9757 -431.7229 -0.7709 -1.6003 1.1059 53.3575 28.5904 333.8902 389.6180 -31.3318 0.0000 0.0000
3700.03 17.07.2018 18.40.01 30.53741 291.6596 -431.1451 -0.7699 -1.4516 0.9089 41.3110 22.1673 332.8316 387.1845 -27.5755 0.0000 0.0000
3710.03 17.07.2018 18.50.01 30.44311 291.3413 -442.4784 -0.7901 -1.3128 0.6969 29.1616 15.6964 331.7366 384.6825 -23.9696 0.0000 0.0000
3720.03 17.07.2018 19.00.01 30.34609 291.0235 -452.9803 -0.8089 -1.1751 0.4883 15.3170 8.2293 330.6340 381.9472 -20.2817 0.0000 0.0000
3730.03 17.07.2018 19.10.01 30.24645 290.6268 -439.1839 -0.7843 -1.0408 0.3420 12.8671 6.9375 329.3611 379.5452 -19.4645 0.0000 0.0000
3740.03 17.07.2018 19.20.01 30.14810 290.2338 -410.9968 -0.7339 -0.9346 0.2675 10.7786 5.8332 328.1754 377.3660 -19.0227 0.0000 0.0000
3750.03 17.07.2018 19.30.01 30.05358 289.8409 -399.0359 -0.7126 -0.8680 0.2072 8.9838 4.8729 327.0235 375.2726 -18.7149 0.0000 0.0000
3760.03 17.07.2018 19.40.01 29.96023 289.4495 -399.1273 -0.7127 -0.8246 0.1491 6.2735 3.4036 325.8847 373.1826 -18.3828 0.0000 0.0000
3770.03 17.07.2018 19.50.01 29.86596 289.0569 -407.0427 -0.7269 -0.7927 0.0878 3.3841 1.8358 324.7425 371.1103 -18.0914 0.0000 0.0000
3780.03 17.07.2018 20.00.01 29.76940 288.6638 -417.2314 -0.7451 -0.7648 0.0263 0.3628 0.1946 323.6020 369.0605 -17.8094 0.0000 0.0000
3790.03 17.07.2018 20.10.01 29.67031 288.2690 -411.2637 -0.7344 -0.7379 0.0047 0.0651 0.0349 322.6159 367.3758 -17.3499 0.0000 0.0000
3800.03 17.07.2018 20.20.01 29.57177 287.8809 -404.8970 -0.7230 -0.7237 0.0008 0.0117 0.0063 321.6929 365.8194 -17.1306 0.0000 0.0000
3810.03 17.07.2018 20.30.01 29.47381 287.4993 -403.5299 -0.7206 -0.7207 0.0002 0.0021 0.0011 320.8049 364.3649 -16.9294 0.0000 0.0000
3820.03 17.07.2018 20.40.01 29.37570 287.1167 -406.3781 -0.7257 -0.7257 0.0000 0.0004 0.0002 319.9396 362.9760 -16.8058 0.0000 0.0000
3830.03 17.07.2018 20.50.01 29.27654 286.7422 -411.0849 -0.7341 -0.7341 0.0000 0.0001 0.0000 319.0906 361.6389 -16.7803 0.0000 0.0000
3840.03 17.07.2018 21.00.01 29.17614 286.3703 -417.5282 -0.7456 -0.7456 0.0000 0.0000 0.0000 318.2532 360.3626 -16.7443 0.0000 0.0000
3850.03 17.07.2018 21.10.01 29.07406 286.2216 -423.9477 -0.7571 -0.7570 0.0000 0.0000 0.0000 317.8449 359.3985 -15.9162 0.0000 0.0000
3860.03 17.07.2018 21.20.01 28.97061 286.0578 -429.0314 -0.7661 -0.7661 0.0000 0.0000 0.0000 317.4968 358.4997 -15.3610 0.0000 0.0000
3870.03 17.07.2018 21.30.01 28.86596 285.8794 -433.5391 -0.7742 -0.7742 0.0000 0.0000 0.0000 317.0875 357.6280 -14.9922 0.0000 0.0000
3880.03 17.07.2018 21.40.01 28.76034 285.6798 -436.7485 -0.7799 -0.7799 0.0000 0.0000 0.0000 316.7064 356.8850 -14.2468 0.0000 0.0000
3890.03 17.07.2018 21.50.01 28.65405 285.5090 -440.2831 -0.7862 -0.7862 0.0000 0.0000 0.0000 316.3412 356.0927 -13.9439 0.0000 0.0000
3900.03 17.07.2018 22.00.01 28.54669 285.3940 -444.7388 -0.7942 -0.7942 0.0000 0.0000 0.0000 316.0415 355.3406 -13.6593 0.0000 0.0000
3910.03 17.07.2018 22.10.01 28.43823 285.3387 -448.9875 -0.8018 -0.8018 0.0000 0.0000 0.0000 315.7137 354.6507 -13.1950 0.0000 0.0000
3920.03 17.07.2018 22.20.01 28.32897 285.2666 -451.6191 -0.8065 -0.8065 0.0000 0.0000 0.0000 315.3793 353.9697 -12.8623 0.0000 0.0000
3930.03 17.07.2018 22.30.01 28.21911 285.1961 -453.1053 -0.8091 -0.8091 0.0000 0.0000 0.0000 315.0427 353.3107 -12.5639 0.0000 0.0000
3940.03 17.07.2018 22.40.01 28.10909 285.1353 -455.1495 -0.8128 -0.8128 0.0000 0.0000 0.0000 314.6992 352.6735 -12.2897 0.0000 0.0000
3950.03 17.07.2018 22.50.01 27.99835 285.0611 -456.8723 -0.8158 -0.8158 0.0000 0.0000 0.0000 314.3505 352.0344 -12.1117 0.0000 0.0000
3960.03 17.07.2018 23.00.01 27.88717 284.9788 -459.4269 -0.8204 -0.8204 0.0000 0.0000 0.0000 313.9971 351.3951 -12.0022 0.0000 0.0000
3970.03 17.07.2018 23.10.01 27.77542 284.8508 -462.8890 -0.8266 -0.8266 0.0000 0.0000 0.0000 313.5612 350.6780 -12.2183 0.0000 0.0000
3980.03 17.07.2018 23.20.01 27.66256 284.7190 -467.3419 -0.8345 -0.8345 0.0000 0.0000 0.0000 313.1396 350.0095 -12.2751 0.0000 0.0000
3990.03 17.07.2018 23.30.01 27.54858 284.5896 -472.1453 -0.8431 -0.8431 0.0000 0.0000 0.0000 312.7009 349.2750 -12.6203 0.0000 0.0000
4000.03 17.07.2018 23.40.01 27.43350 284.4640 -477.1088 -0.8520 -0.8520 0.0000 0.0000 0.0000 312.3081 348.6011 -12.7438 0.0000 0.0000
4010.03 17.07.2018 23.50.01 27.31725 284.3585 -481.5489 -0.8599 -0.8599 0.0000 0.0000 0.0000 311.9271 347.9405 -12.8378 0.0000 0.0000
4020.03 18.07.2018 00.00.01 27.20007 284.2850 -485.1356 -0.8663 -0.8663 0.0000 0.0000 0.0000 311.5449 347.3121 -12.8223 0.0000 0.0000
4030.03 18.07.2018 00.10.01 27.08218 284.2320 -484.9359 -0.8660 -0.8660 0.0000 0.0000 0.0000 311.2351 346.9658 -11.7365 0.0000 0.0000
4040.03 18.07.2018 00.20.01 26.96530 284.1774 -479.4212 -0.8561 -0.8561 0.0000 0.0000 0.0000 310.9075 346.6210 -10.8172 0.0000 0.0000
4050.03 18.07.2018 00.30.01 26.85006 284.2073 -471.2421 -0.8415 -0.8415 0.0000 0.0000 0.0000 310.5304 346.3313 -9.8169 0.0000 0.0000
4060.03 18.07.2018 00.40.01 26.73681 284.1773 -463.7125 -0.8281 -0.8281 0.0000 0.0000 0.0000 310.2021 345.9188 -9.5197 0.0000 0.0000
4070.03 18.07.2018 00.50.01 26.62481 284.0050 -462.6800 -0.8262 -0.8262 0.0000 0.0000 0.0000 310.0025 345.2433 -10.4863 0.0000 0.0000
4080.03 18.07.2018 01.00.01 26.51202 283.8991 -467.5779 -0.8350 -0.8350 0.0000 0.0000 0.0000 309.7570 344.5900 -11.2592 0.0000 0.0000
4090.03 18.07.2018 01.10.01 26.39773 283.7679 -474.5153 -0.8473 -0.8473 0.0000 0.0000 0.0000 309.4574 344.0430 -11.3313 0.0000 0.0000
4100.03 18.07.2018 01.20.01 26.28222 283.6055 -477.7624 -0.8531 -0.8531 0.0000 0.0000 0.0000 309.0907 343.4527 -11.4951 0.0000 0.0000
4110.03 18.07.2018 01.30.01 26.16598 283.4967 -478.0663 -0.8537 -0.8537 0.0000 0.0000 0.0000 308.7071 342.9105 -11.4593 0.0000 0.0000
4120.03 18.07.2018 01.40.01 26.05013 283.4549 -477.3591 -0.8524 -0.8524 0.0000 0.0000 0.0000 308.3348 342.4971 -10.9036 0.0000 0.0000
4130.03 18.07.2018 01.50.01 25.93481 283.4055 -473.6304 -0.8458 -0.8458 0.0000 0.0000 0.0000 307.9583 342.0921 -10.4419 0.0000 0.0000
4140.03 18.07.2018 02.00.01 25.82052 283.3122 -469.4697 -0.8383 -0.8384 0.0000 0.0004 0.0002 307.5590 341.6254 -10.2584 0.0000 0.0000
4150.03 18.07.2018 02.10.01 25.70724 283.4549 -461.5814 -0.8243 -0.8312 0.0093 0.2696 0.1424 307.3630 341.4446 -9.0269 0.0000 0.0000
4160.03 18.07.2018 02.20.01 25.59561 283.5303 -453.7290 -0.8102 -0.8261 0.0212 0.5772 0.3053 307.2207 341.1972 -8.4353 0.0000 0.0000
4170.03 18.07.2018 02.30.01 25.48577 283.5540 -449.0703 -0.8019 -0.8271 0.0336 0.8909 0.4716 307.1448 340.9348 -8.1388 0.0000 0.0000
4180.03 18.07.2018 02.40.01 25.37661 283.5459 -446.2072 -0.7968 -0.8313 0.0460 1.2058 0.6384 307.1204 340.6577 -8.1004 0.0000 0.0000
4190.03 18.07.2018 02.50.01 25.26785 283.6091 -445.1834 -0.7950 -0.8389 0.0585 1.5208 0.8053 307.0854 340.4508 -7.7720 0.0000 0.0000
4200.03 18.07.2018 03.00.01 25.15923 283.6993 -444.1992 -0.7932 -0.8466 0.0711 1.8399 0.9744 307.0433 340.2899 -7.3357 0.0000 0.0000
4210.03 18.07.2018 03.10.01 25.05123 284.0318 -408.3916 -0.7293 -0.8523 0.1641 4.4990 2.3794 307.3717 340.6459 -5.8621 0.0000 0.0000
4220.03 18.07.2018 03.20.01 24.95010 284.3580 -375.5281 -0.6706 -0.8809 0.2805 7.4932 3.9657 307.8507 341.1755 -4.6763 0.0000 0.0000
4230.03 18.07.2018 03.30.01 24.85549 284.6851 -351.7100 -0.6281 -0.9287 0.4008 10.5405 5.5803 308.3982 341.8168 -3.6347 0.0000 0.0000
4240.03 18.07.2018 03.40.01 24.76583 285.0146 -333.4462 -0.5954 -0.9869 0.5219 13.5982 7.2004 308.9872 342.5502 -2.6994 0.0000 0.0000
4250.03 18.07.2018 03.50.01 24.68017 285.3460 -318.3606 -0.5685 -1.0508 0.6431 16.6576 8.8215 309.6094 343.3615 -1.8536 0.0000 0.0000
4260.03 18.07.2018 04.00.01 24.59796 285.6798 -304.9916 -0.5446 -1.1179 0.7644 19.7178 10.4430 310.2598 344.2416 -1.0795 0.0000 0.0000
4270.03 18.07.2018 04.10.01 24.51891 286.0055 -288.5590 -0.5153 -1.1858 0.8940 23.0206 12.1926 311.3859 345.2718 -0.4701 0.0000 0.0000
4280.03 18.07.2018 04.20.01 24.44375 286.3320 -272.0312 -0.4858 -1.2553 1.0260 26.3582 13.9611 312.5632 346.3766 -0.0007 0.0000 0.0000
4290.03 18.07.2018 04.30.01 24.37243 286.6595 -256.3524 -0.4578 -1.3266 1.1584 29.7014 15.7325 313.7570 347.5359 0.3746 0.0000 0.0000
4300.03 18.07.2018 04.40.01 24.30480 286.9824 -241.8033 -0.4318 -1.4000 1.2909 33.0456 17.5045 314.9799 348.7355 0.6216 0.0000 0.0000
4310.03 18.07.2018 04.50.01 24.24056 287.3024 -228.0544 -0.4072 -1.4748 1.4234 79.0523 42.0857 316.2312 352.5444 -1.6016 0.0000 0.0000
4320.03 18.07.2018 05.00.01 24.17974 287.6490 -174.7743 -0.3121 -1.5506 1.6514 89.8054 47.7581 317.7857 355.4436 -2.9714 0.0000 0.0000
4330.03 18.07.2018 05.10.01 24.12911 288.1218 -175.6199 -0.3136 -1.6602 1.7955 326.8722 173.8945 319.3874 371.6904 -15.8633 0.0000 0.0000
4340.03 18.07.2018 05.20.01 24.08035 288.7326 70.4933 0.1259 -1.7545 2.5072 560.1727 297.2284 322.7441 394.7809 -35.4892 0.0000 0.0000
4350.03 18.07.2018 05.30.01 24.07675 289.4037 278.4207 0.4972 -2.0412 3.3845 687.5939 356.9383 326.9503 405.2636 -49.6269 0.0000 0.0000
4360.03 18.07.2018 05.40.01 24.11245 289.9507 407.2351 0.7272 -2.4712 4.2646 638.3373 330.4457 331.2632 418.1350 -61.1651 0.0000 0.0000
4370.03 18.07.2018 05.50.01 24.17300 290.4764 191.7323 0.3424 -2.9677 4.4134 581.7454 300.2381 333.8067 424.8793 -67.2251 0.0000 0.0000
4380.03 18.07.2018 06.00.01 24.19879 290.9402 33.2829 0.0594 -3.2364 4.3945 525.7849 270.5458 335.6723 429.0559 -72.2923 0.0000 0.0000
4390.03 18.07.2018 06.10.01 24.19875 291.2746 -23.2539 -0.0415 -3.3393 4.3971 494.7028 253.7119 337.0951 432.2925 -74.7081 0.0000 0.0000
4400.03 18.07.2018 06.20.01 24.19052 291.6186 12.2206 0.0218 -3.3733 4.5269 466.7363 238.6373 338.8359 434.9877 -76.3062 0.0000 0.0000
4410.03 18.07.2018 06.30.01 24.19006 291.9686 54.9577 0.0981 -3.4178 4.6880 449.2242 229.8081 340.6505 438.2580 -77.9831 0.0000 0.0000
4420.03 18.07.2018 06.40.01 24.19885 292.3222 100.9182 0.1802 -3.4767 4.8759 431.6242 220.1064 342.4375 439.5795 -77.9902 0.0000 0.0000
4430.03 18.07.2018 06.50.01 24.22030 292.6889 817.3293 1.4595 -3.5524 6.6825 433.6988 220.9808 344.2996 442.5526 -80.9675 0.0000 0.0000
4440.03 18.07.2018 07.00.01 24.36978 293.0440 1204.3358 2.1506 -4.2252 8.5010 436.7388 222.4127 345.9181 445.2096 -83.9216 0.0000 0.0000
4450.03 18.07.2018 07.10.01 24.59109 293.2977 1444.6349 2.5797 -5.1887 10.3579 438.4096 223.3121 347.5424 447.6911 -87.1704 0.0000 0.0000
4460.03 18.07.2018 07.20.01 24.85809 293.5444 1490.5348 2.6617 -6.3129 11.9660 438.0314 223.1651 349.1889 449.3258 -91.4153 0.0000 0.0000
4470.03 18.07.2018 07.30.01 25.13659 293.7773 1439.3345 2.5702 -7.4280 13.3310 435.7400 222.0491 350.8875 450.2737 -95.7790 0.0000 0.0000
4480.03 18.07.2018 07.40.01 25.40942 293.9451 1422.9144 2.5409 -8.4549 14.6611 438.6907 223.6075 352.4360 450.8656 -101.0867 0.0000 0.0000
4490.03 18.07.2018 07.50.01 25.68191 294.1910 1341.1422 2.3949 -9.4311 15.7680 440.9949 224.9428 354.0741 451.2951 -106.0287 0.0000 0.0000
4500.03 18.07.2018 08.00.01 25.94198 294.4282 1178.7073 2.1048 -10.3031 16.5440 440.7517 225.0026 355.5149 451.3433 -109.5152 0.0000 0.0000
4510.03 18.07.2018 08.10.01 26.17483 294.5449 937.1219 1.6734 -11.0081 16.9087 426.8200 218.3109 357.1627 450.9518 -110.6033 0.0000 0.0000
4520.03 18.07.2018 08.20.01 26.36572 294.6548 652.2034 1.1646 -11.4869 16.8687 409.2533 209.7556 358.3776 449.7073 -109.7635 0.0000 0.0000
4530.03 18.07.2018 08.30.01 26.50656 294.7608 436.7461 0.7799 -11.7105 16.6539 389.8486 200.2291 359.4985 448.0437 -107.7021 0.0000 0.0000
4540.03 18.07.2018 08.40.01 26.60925 294.8635 303.6172 0.5422 -11.7484 16.3875 376.0715 193.5706 360.3802 446.3414 -105.1891 0.0000 0.0000
4550.03 18.07.2018 08.50.01 26.68777 294.9680 169.0925 0.3020 -11.6762 15.9709 361.6033 186.6084 361.2764 444.6886 -102.3080 0.0000 0.0000
4560.03 18.07.2018 09.00.01 26.74160 295.0671 -18.6708 -0.0333 -11.4936 15.2803 344.8074 178.4539 362.0278 442.7929 -98.6972 0.0000 0.0000
4570.03 18.07.2018 09.10.01 26.76315 295.1744 247.7508 0.4424 -11.1558 15.4642 343.9698 178.0399 362.9504 442.0101 -92.4040 0.0000 0.0000
4580.03 18.07.2018 09.20.01 26.83071 295.2896 361.8172 0.6461 -11.0594 15.6073 343.8566 178.0820 364.1527 441.9188 -87.9393 0.0000 0.0000
4590.03 18.07.2018 09.30.01 26.91882 295.4101 413.6886 0.7387 -11.0594 15.7308 343.9273 178.2457 365.4955 442.1876 -84.5274 0.0000 0.0000
4600.03 18.07.2018 09.40.01 27.01647 295.5329 448.6193 0.8011 -11.0948 15.8612 344.7244 178.7612 366.8385 442.7333 -81.8163 0.0000 0.0000
4610.03 18.07.2018 09.50.01 27.12100 295.6607 459.9301 0.8213 -11.1510 15.9631 345.4235 179.2393 368.2260 443.5113 -79.6519 0.0000 0.0000
4620.03 18.07.2018 10.00.01 27.22814 295.7925 440.7464 0.7870 -11.2074 15.9925 345.6149 179.4668 369.6112 444.4170 -77.7988 0.0000 0.0000
4630.03 18.07.2018 10.10.01 27.33361 295.9633 690.4762 1.2330 -11.2378 16.6278 356.5691 185.0412 371.5507 445.7611 -78.1798 0.0000 0.0000
4640.03 18.07.2018 10.20.01 27.48388 296.2029 867.9218 1.5499 -11.4764 17.3684 369.0477 191.4408 373.8131 447.6295 -80.6139 0.0000 0.0000
4650.03 18.07.2018 10.30.01 27.66680 296.5254 958.3481 1.7113 -11.8511 18.0832 381.1755 197.6498 376.1602 449.7053 -83.8991 0.0000 0.0000
4660.03 18.07.2018 10.40.01 27.86733 296.7805 1015.1060 1.8127 -12.2820 18.7929 393.2926 203.8678 378.6191 452.0796 -87.2241 0.0000 0.0000
4670.03 18.07.2018 10.50.01 28.08035 296.7196 1049.3521 1.8738 -12.7419 19.4877 405.2816 210.0204 380.9777 454.4210 -91.0552 0.0000 0.0000
4680.03 18.07.2018 11.00.01 28.30181 296.8439 1058.8156 1.8907 -13.2052 20.1279 416.9061 215.9985 383.3416 456.8335 -95.6999 0.0000 0.0000
4690.03 18.07.2018 11.10.01 28.52334 296.9212 399.3969 0.7132 -13.6443 19.1433 398.8745 207.0931 383.9233 458.7961 -88.2012 0.0000 0.0000
4700.03 18.07.2018 11.20.01 28.62808 296.9485 -59.6522 -0.1065 -13.5009 17.8592 376.7888 196.0015 383.7574 459.5243 -80.8288 0.0000 0.0000
4710.03 18.07.2018 11.30.01 28.64999 296.8925 -334.9454 -0.5981 -12.9775 16.5059 354.0012 184.5472 383.2435 459.5241 -74.5397 0.0000 0.0000
4720.03 18.07.2018 11.40.01 28.62072 296.8267 -474.8459 -0.8479 -12.2447 15.1956 332.1375 173.5379 382.5251 458.9195 -69.4733 0.0000 0.0000
4730.03 18.07.2018 11.50.01 28.56417 296.8434 -568.0238 -1.0143 -11.4232 13.8785 310.2815 162.5382 381.6970 457.8199 -65.1468 0.0000 0.0000
4740.03 18.07.2018 12.00.01 28.48867 296.8337 -638.3223 -1.1399 -10.5516 12.5489 288.3729 151.5129 380.8187 456.2102 -61.3676 0.0000 0.0000
4750.03 18.07.2018 12.10.01 28.40161 296.9293 -9.6414 -0.0172 -9.6608 12.8581 290.1075 151.9283 379.8183 455.0844 -62.4881 0.0000 0.0000
4760.03 18.07.2018 12.20.01 28.42468 297.0063 377.2141 0.6736 -9.3361 13.3463 294.7048 153.9156 379.3318 454.2801 -65.9640 0.0000 0.0000
4770.03 18.07.2018 12.30.01 28.51730 297.0473 578.0369 1.0322 -9.3447 13.8358 299.5029 156.0169 378.9442 453.5522 -68.8830 0.0000 0.0000
4780.03 18.07.2018 12.40.01 28.64617 297.2327 681.8904 1.2177 -9.5091 14.3024 304.2466 158.0965 378.8022 453.6983 -66.9008 0.0000 0.0000
4790.03 18.07.2018 12.50.01 28.79513 297.4807 729.0532 1.3019 -9.7408 14.7235 308.6458 160.0034 378.7642 454.2405 -64.8104 0.0000 0.0000
4800.03 18.07.2018 13.00.01 28.95413 297.6940 755.0547 1.3483 -9.9911 15.1192 313.3961 162.1420 378.7154 455.0508 -63.2282 0.0000 0.0000
4810.03 18.07.2018 13.10.01 29.11688 297.6180 309.2535 0.5522 -10.2416 14.3918 301.7958 156.4050 380.4735 455.4997 -57.7166 0.0000 0.0000
4820.03 18.07.2018 13.20.01 29.20028 297.6456 24.6878 0.0441 -10.1063 13.5338 288.1771 149.5622 381.6792 454.5887 -57.0459 0.0000 0.0000
4830.03 18.07.2018 13.30.01 29.23168 297.9369 -136.9805 -0.2446 -9.7439 12.6657 268.6481 139.7458 382.4869 452.3921 -60.3325 0.0000 0.0000
4840.03 18.07.2018 13.40.01 29.23248 297.8243 -229.3617 -0.4096 -9.2639 11.8058 255.3235 133.0255 383.6732 450.7931 -60.2839 0.0000 0.0000
4850.03 18.07.2018 13.50.01 29.21572 297.8261 -274.5262 -0.4902 -8.7203 10.9735 242.1729 126.3889 384.7260 449.1839 -60.7681 0.0000 0.0000
4860.03 18.07.2018 14.00.01 29.18984 297.8918 -296.7075 -0.5298 -8.1517 10.1624 229.2684 119.8845 385.7007 447.4490 -60.6665 0.0000 0.0000
4870.03 18.07.2018 14.10.01 29.15847 297.7907 -403.3325 -0.7202 -7.5799 9.1462 207.9907 108.9392 384.2469 445.3662 -51.3117 0.0000 0.0000
4880.03 18.07.2018 14.20.01 29.10586 297.6690 -499.5409 -0.8920 -6.9463 8.0724 186.5389 97.8493 382.2949 442.6262 -44.7976 0.0000 0.0000
4890.03 18.07.2018 14.30.01 29.03353 297.5431 -549.4748 -0.9812 -6.2646 7.0446 165.4321 86.9322 380.2187 439.5261 -40.7083 0.0000 0.0000
4900.03 18.07.2018 14.40.01 28.94976 297.4223 -582.4128 -1.0400 -5.5746 6.0461 144.2378 75.9771 378.1714 436.3757 -36.6214 0.0000 0.0000
4910.03 18.07.2018 14.50.01 28.85784 297.2817 -602.2258 -1.0754 -4.8856 5.0803 123.0767 65.0170 376.0417 432.8992 -33.2073 0.0000 0.0000
4920.03 18.07.2018 15.00.01 28.76037 297.0988 -604.1926 -1.0789 -4.2083 4.1725 102.3298 54.2607 373.7717 428.9883 -31.1523 0.0000 0.0000
4930.03 18.07.2018 15.10.01 28.66155 296.8994 -380.8748 -0.6801 -3.5668 3.8489 96.2097 50.9855 370.6063 425.6259 -28.3608 0.0000 0.0000
4940.03 18.07.2018 15.20.01 28.60137 296.6610 -212.6964 -0.3798 -3.1421 3.6830 92.3885 48.9597 367.6718 422.5283 -28.2314 0.0000 0.0000
4950.03 18.07.2018 15.30.01 28.56924 296.4065 -126.7345 -0.2263 -2.8829 3.5422 88.9006 47.1109 364.8126 419.4738 -28.6827 0.0000 0.0000
4960.03 18.07.2018 15.40.01 28.55132 296.2061 -88.0126 -0.1572 -2.7118 3.4062 85.4811 45.2989 362.0897 416.7445 -28.0714 0.0000 0.0000
4970.03 18.07.2018 15.50.01 28.53976 295.9912 -71.8675 -0.1283 -2.5816 3.2711 82.0729 43.4930 359.4257 414.0657 -27.2666 0.0000 0.0000
4980.03 18.07.2018 16.00.01 28.53039 295.7786 -68.3719 -0.1221 -2.4744 3.1364 78.6839 41.6969 356.7661 411.4559 -26.1167 0.0000 0.0000
4990.03 18.07.2018 16.10.01 28.52111 295.9892 -3.9020 -0.0070 -2.3797 3.1637 85.2158 44.8922 356.5175 410.2624 -21.8932 0.0000 0.0000
5000.03 18.07.2018 16.20.01 28.52288 296.2203 32.6353 0.0583 -2.3450 3.2044 92.8199 48.7154 356.7850 409.8797 -19.2365 0.0000 0.0000
5010.03 18.07.2018 16.30.01 28.53103 296.4647 17.5399 0.0313 -2.3407 3.1626 100.0624 52.3807 357.3331 409.8977 -17.4111 0.0000 0.0000
5020.03 18.07.2018 16.40.01 28.53683 296.7141 39.9726 0.0714 -2.3204 3.1891 105.2701 55.0874 357.9922 410.3532 -16.1052 0.0000 0.0000
5030.03 18.07.2018 16.50.01 28.54699 296.9694 67.3479 0.1203 -2.3195 3.2530 114.7835 59.9966 358.7923 411.1757 -15.3510 0.0000 0.0000
5040.03 18.07.2018 17.00.01 28.56179 297.2256 70.4474 0.1258 -2.3397 3.2874 124.2282 64.8870 359.6167 412.3021 -15.0316 0.0000 0.0000
5050.03 18.07.2018 17.10.01 28.57705 296.9199 55.1386 0.0985 -2.3649 3.2845 119.4378 62.5236 359.4117 412.0287 -18.9270 0.0000 0.0000
5060.03 18.07.2018 17.20.01 28.58840 296.5894 -40.6874 -0.0727 -2.3905 3.0905 111.5716 58.4679 358.4973 410.6697 -22.0393 0.0000 0.0000
5070.03 18.07.2018 17.30.01 28.58154 296.2488 -113.0402 -0.2019 -2.3507 2.8652 102.8458 53.9257 357.2609 408.8043 -24.4666 0.0000 0.0000
5080.03 18.07.2018 17.40.01 28.56033 295.9050 -158.8307 -0.2836 -2.2688 2.6469 88.1534 46.3258 355.9424 406.5282 -25.7222 0.0000 0.0000
5090.03 18.07.2018 17.50.01 28.52938 295.5569 -203.8588 -0.3640 -2.1672 2.4042 81.2503 42.8682 354.5248 404.2832 -26.5613 0.0000 0.0000
5100.03 18.07.2018 18.00.01 28.48907 295.2092 -236.3529 -0.4221 -2.0460 2.1652 71.9033 38.0415 353.0671 401.8195 -26.6163 0.0000 0.0000
5110.03 18.07.2018 18.10.01 28.44149 294.8500 -283.9588 -0.5071 -1.9144 1.8765 62.7574 33.2240 351.0878 399.3417 -24.3224 0.0000 0.0000
5120.03 18.07.2018 18.20.01 28.38433 294.4932 -315.3505 -0.5631 -1.7573 1.5922 52.9452 28.1477 349.1153 396.9001 -22.3505 0.0000 0.0000
5130.03 18.07.2018 18.30.01 28.32040 294.1366 -338.1955 -0.6039 -1.5884 1.3126 44.7754 23.8845 347.1271 394.4221 -20.2830 0.0000 0.0000
5140.03 18.07.2018 18.40.01 28.25128 293.7815 -355.0437 -0.6340 -1.4145 1.0406 33.7927 18.0376 345.1529 391.7392 -17.8792 0.0000 0.0000
5150.03 18.07.2018 18.50.01 28.17809 293.4227 -375.5934 -0.6707 -1.2403 0.7594 22.6158 12.0827 343.1347 388.9500 -15.3884 0.0000 0.0000
5160.03 18.07.2018 19.00.01 28.10027 293.0626 -393.4939 -0.7027 -1.0625 0.4797 10.6924 5.6781 341.1002 386.0146 -12.6743 0.0000 0.0000
5170.03 18.07.2018 19.10.01 28.01840 292.8070 -354.5074 -0.6330 -0.8832 0.3335 7.9919 4.2385 341.0560 384.0221 -10.7231 0.0000 0.0000
5180.03 18.07.2018 19.20.01 27.94262 292.5619 -311.0464 -0.5554 -0.7496 0.2588 6.2847 3.3327 341.2807 382.3495 -10.0524 0.0000 0.0000
5190.03 18.07.2018 19.30.01 27.87390 292.3265 -287.3907 -0.5132 -0.6608 0.1968 4.7516 2.5201 341.5921 380.9081 -9.1401 0.0000 0.0000
5200.03 18.07.2018 19.40.01 27.80895 292.0956 -276.8636 -0.4944 -0.5972 0.1371 3.2503 1.7246 341.9457 379.6104 -8.4199 0.0000 0.0000
5210.03 18.07.2018 19.50.01 27.74557 291.8665 -273.7003 -0.4888 -0.5471 0.0778 1.7547 0.9321 342.3221 378.4193 -7.9257 0.0000 0.0000
5220.03 18.07.2018 20.00.01 27.68240 291.6406 -274.7908 -0.4907 -0.5047 0.0187 0.2622 0.1413 342.7504 377.3421 -7.5233 0.0000 0.0000
5230.03 18.07.2018 20.10.01 27.61862 291.5555 -260.5393 -0.4652 -0.4677 0.0032 0.0440 0.0235 344.5152 376.6337 -7.3083 0.0000 0.0000
5240.03 18.07.2018 20.20.01 27.55700 291.4734 -250.9220 -0.4481 -0.4485 0.0006 0.0082 0.0044 346.4395 376.1332 -7.3876 0.0000 0.0000
5250.03 18.07.2018 20.30.01 27.49673 291.4017 -247.4607 -0.4419 -0.4420 0.0001 0.0014 0.0008 348.3586 375.7498 -7.6558 0.0000 0.0000
5260.03 18.07.2018 20.40.01 27.43688 291.3403 -247.4010 -0.4418 -0.4418 0.0000 0.0003 0.0001 350.3166 375.4874 -8.0153 0.0000 0.0000
5270.03 18.07.2018 20.50.01 27.37649 291.2702 -247.7884 -0.4425 -0.4425 0.0000 0.0000 0.0000 352.3788 375.3104 -8.5784 0.0000 0.0000
5280.03 18.07.2018 21.00.01 27.31606 291.1945 -250.0754 -0.4466 -0.4466 0.0000 0.0000 0.0000 354.4251 375.1877 -9.2698 0.0000 0.0000
5290.03 18.07.2018 21.10.01 27.25497 291.1122 -251.7369 -0.4495 -0.4495 0.0000 0.0000 0.0000 354.2161 374.8959 -9.4169 0.0000 0.0000
5300.03 18.07.2018 21.20.01 27.19363 291.0263 -254.7698 -0.4549 -0.4549 0.0000 0.0000 0.0000 353.9176 374.5561 -9.4427 0.0000 0.0000
5310.03 18.07.2018 21.30.01 27.13137 290.9405 -258.0120 -0.4607 -0.4607 0.0000 0.0000 0.0000 353.6047 374.2037 -9.4381 0.0000 0.0000
5320.03 18.07.2018 21.40.01 27.06829 290.8551 -261.6075 -0.4672 -0.4672 0.0000 0.0000 0.0000 353.2751 373.8416 -9.4110 0.0000 0.0000
5330.03 18.07.2018 21.50.01 27.00436 290.7704 -265.0396 -0.4733 -0.4733 0.0000 0.0000 0.0000 352.9136 373.4694 -9.3581 0.0000 0.0000
5340.03 18.07.2018 22.00.01 26.93960 290.6862 -268.2657 -0.4790 -0.4790 0.0000 0.0000 0.0000 352.5705 373.0977 -9.2977 0.0000 0.0000
5350.03 18.07.2018 22.10.01 26.87408 290.6185 -270.9968 -0.4839 -0.4839 0.0000 0.0000 0.0000 351.6590 372.6751 -9.0453 0.0000 0.0000
5360.03 18.07.2018 22.20.01 26.80804 290.5501 -274.0588 -0.4894 -0.4894 0.0000 0.0000 0.0000 350.7352 372.2223 -8.7765 0.0000 0.0000
5370.03 18.07.2018 22.30.01 26.74120 290.4812 -276.7732 -0.4942 -0.4942 0.0000 0.0000 0.0000 349.8383 371.7631 -8.4855 0.0000 0.0000
5380.03 18.07.2018 22.40.01 26.67367 290.4124 -278.9635 -0.4981 -0.4981 0.0000 0.0000 0.0000 348.9599 371.2937 -8.1970 0.0000 0.0000
5390.03 18.07.2018 22.50.01 26.60577 290.3440 -281.4426 -0.5026 -0.5026 0.0000 0.0000 0.0000 348.0607 370.8145 -7.8806 0.0000 0.0000
5400.03 18.07.2018 23.00.01 26.53713 290.2747 -283.1391 -0.5056 -0.5056 0.0000 0.0000 0.0000 347.1502 370.3225 -7.5669 0.0000 0.0000
5410.03 18.07.2018 23.10.01 26.46813 290.0969 -285.6112 -0.5100 -0.5100 0.0000 0.0000 0.0000 346.0610 369.6630 -7.8521 0.0000 0.0000
5420.03 18.07.2018 23.20.01 26.39843 289.9204 -289.1904 -0.5164 -0.5164 0.0000 0.0000 0.0000 344.9423 368.9752 -8.0309 0.0000 0.0000
5430.03 18.07.2018 23.30.01 26.32778 289.7445 -293.2000 -0.5236 -0.5236 0.0000 0.0000 0.0000 343.8125 368.2637 -8.1563 0.0000 0.0000
5440.03 18.07.2018 23.40.01 26.25616 289.5674 -297.1736 -0.5307 -0.5307 0.0000 0.0000 0.0000 342.6726 367.5232 -8.2989 0.0000 0.0000
5450.03 18.07.2018 23.50.01 26.18356 289.3923 -301.0124 -0.5375 -0.5375 0.0000 0.0000 0.0000 341.5320 366.7800 -8.3441 0.0000 0.0000
5460.03 19.07.2018 00.00.01 26.11007 289.2176 -304.6656 -0.5440 -0.5440 0.0000 0.0000 0.0000 340.3863 366.0243 -8.3589 0.0000 0.0000
5470.03 19.07.2018 00.10.01 26.03573 289.0179 -308.3425 -0.5506 -0.5506 0.0000 0.0000 0.0000 339.4868 365.2540 -8.5719 0.0000 0.0000
5480.03 19.07.2018 00.20.01 25.96060 288.8249 -311.6647 -0.5565 -0.5565 0.0000 0.0000 0.0000 338.6020 364.4932 -8.7425 0.0000 0.0000
5490.03 19.07.2018 00.30.01 25.88461 288.6311 -314.3644 -0.5614 -0.5614 0.0000 0.0000 0.0000 337.7088 363.7279 -8.8901 0.0000 0.0000
5500.03 19.07.2018 00.40.01 25.80795 288.4356 -316.8353 -0.5658 -0.5658 0.0000 0.0000 0.0000 336.8121 362.9594 -9.0193 0.0000 0.0000
5510.03 19.07.2018 00.50.01 25.73074 288.2347 -319.5996 -0.5707 -0.5707 0.0000 0.0000 0.0000 335.9138 362.1844 -9.1664 0.0000 0.0000
5520.03 19.07.2018 01.00.01 25.65292 288.0332 -322.7309 -0.5763 -0.5763 0.0000 0.0000 0.0000 335.0161 361.4069 -9.3141 0.0000 0.0000
5530.03 19.07.2018 01.10.01 25.57418 287.9400 -324.3038 -0.5791 -0.5791 0.0000 0.0000 0.0000 334.8637 360.8779 -8.8933 0.0000 0.0000
5540.03 19.07.2018 01.20.01 25.49545 287.8464 -323.6811 -0.5780 -0.5780 0.0000 0.0000 0.0000 334.7616 360.4085 -8.5526 0.0000 0.0000
5550.03 19.07.2018 01.30.01 25.41726 287.7576 -322.1864 -0.5753 -0.5753 0.0000 0.0000 0.0000 334.6585 359.9764 -8.2509 0.0000 0.0000
5560.03 19.07.2018 01.40.01 25.33944 287.6726 -319.9815 -0.5714 -0.5714 0.0000 0.0000 0.0000 334.5749 359.5677 -8.0274 0.0000 0.0000
5570.03 19.07.2018 01.50.01 25.26220 287.6012 -318.7119 -0.5691 -0.5691 0.0000 0.0000 0.0000 334.5159 359.1942 -7.8165 0.0000 0.0000
5580.03 19.07.2018 02.00.01 25.18530 287.5335 -317.9871 -0.5678 -0.5678 0.0000 0.0003 0.0002 334.4704 358.8421 -7.6260 0.0000 0.0000
5590.03 19.07.2018 02.10.01 25.10839 287.4556 -314.0352 -0.5608 -0.5659 0.0069 0.2000 0.1056 333.8039 358.3296 -7.8902 0.0000 0.0000
5600.03 19.07.2018 02.20.01 25.03207 287.3863 -312.0214 -0.5572 -0.5690 0.0157 0.4282 0.2265 333.0161 357.7561 -8.1916 0.0000 0.0000
5610.03 19.07.2018 02.30.01 24.95568 287.2907 -313.7081 -0.5602 -0.5789 0.0249 0.6610 0.3499 332.2715 357.1459 -8.5897 0.0000 0.0000
5620.03 19.07.2018 02.40.01 24.87859 287.1598 -318.6972 -0.5691 -0.5947 0.0342 0.8946 0.4736 331.5586 356.4648 -9.2048 0.0000 0.0000
5630.03 19.07.2018 02.50.01 24.79989 287.0362 -326.7197 -0.5834 -0.6160 0.0434 1.1284 0.5975 330.7800 355.7555 -9.7674 0.0000 0.0000
5640.03 19.07.2018 03.00.01 24.71908 286.9270 -335.1081 -0.5984 -0.6381 0.0529 1.3677 0.7243 329.9543 355.0447 -10.2054 0.0000 0.0000
5650.03 19.07.2018 03.10.01 24.63668 286.9505 -292.9114 -0.5231 -0.6552 0.1762 4.9265 2.6045 329.5346 354.9138 -9.6492 0.0000 0.0000
5660.03 19.07.2018 03.20.01 24.56231 286.9783 -252.4599 -0.4508 -0.7005 0.3329 8.9606 4.7416 329.2847 354.9903 -9.3291 0.0000 0.0000
5670.03 19.07.2018 03.30.01 24.49584 287.0095 -223.9089 -0.3998 -0.7712 0.4952 13.0702 6.9190 329.1056 355.1756 -9.1583 0.0000 0.0000
5680.03 19.07.2018 03.40.01 24.43514 287.0402 -203.2552 -0.3630 -0.8568 0.6585 17.1943 9.1042 328.9650 355.4448 -9.0968 0.0000 0.0000
5690.03 19.07.2018 03.50.01 24.37881 287.0736 -187.6722 -0.3351 -0.9516 0.8220 21.3210 11.2908 328.8506 355.7843 -9.1205 0.0000 0.0000
5700.03 19.07.2018 04.00.01 24.32589 287.1088 -174.9342 -0.3124 -1.0517 0.9857 25.4537 13.4806 328.7569 356.1837 -9.2173 0.0000 0.0000
5710.03 19.07.2018 04.10.01 24.27612 287.4637 -114.8844 -0.2052 -1.1540 1.2652 32.9579 17.4512 329.2712 357.2831 -8.2526 0.0000 0.0000
5720.03 19.07.2018 04.20.01 24.23788 287.8269 -62.7608 -0.1121 -1.2959 1.5784 40.9450 21.6829 330.0062 358.6651 -7.6349 0.0000 0.0000
5730.03 19.07.2018 04.30.01 24.20989 288.1947 -25.2876 -0.0452 -1.4682 1.8974 49.0086 25.9554 330.8433 360.2223 -7.2377 0.0000 0.0000
5740.03 19.07.2018 04.40.01 24.18963 288.5656 3.0153 0.0054 -1.6577 2.2174 57.0871 30.2359 331.7417 361.9252 -7.0042 0.0000 0.0000
5750.03 19.07.2018 04.50.01 24.17556 288.9389 26.1296 0.0467 -1.8565 2.5376 78.1392 41.4519 332.6879 364.4815 -7.8984 0.0000 0.0000
5760.03 19.07.2018 05.00.01 24.16683 289.3208 58.4916 0.1044 -2.0605 2.8867 89.0245 47.2131 333.7576 366.9214 -8.5389 0.0000 0.0000
5770.03 19.07.2018 05.10.01 24.16488 289.7022 76.6826 0.1369 -2.2771 3.2187 146.4728 77.7496 334.8472 372.0070 -12.2004 0.0000 0.0000
5780.03 19.07.2018 05.20.01 24.16757 290.1137 143.9432 0.2570 -2.4930 3.6667 203.1637 107.7205 336.3260 378.4673 -17.0471 0.0000 0.0000
5790.03 19.07.2018 05.30.01 24.18353 290.5346 202.9338 0.3624 -2.7499 4.1497 236.7829 123.8293 338.0302 382.8201 -19.0173 0.0000 0.0000
5800.03 19.07.2018 05.40.01 24.21142 290.9334 244.7164 0.4370 -3.0378 4.6331 225.0824 117.6624 339.8345 387.1644 -21.1662 0.0000 0.0000
5810.03 19.07.2018 05.50.01 24.24807 291.3391 202.0063 0.3607 -3.3400 4.9343 211.9285 110.7942 341.2062 390.0976 -21.6652 0.0000 0.0000
5820.03 19.07.2018 06.00.01 24.27874 291.7396 172.7074 0.3084 -3.5834 5.1891 199.2265 104.2299 342.3887 392.4725 -21.4933 0.0000 0.0000
5830.03 19.07.2018 06.10.01 24.30538 292.1620 96.2286 0.1718 -3.7836 5.2739 217.8980 113.6095 343.8098 395.5962 -18.9843 0.0000 0.0000
5840.03 19.07.2018 06.20.01 24.32003 292.6044 109.4326 0.1954 -3.8992 5.4594 236.9425 123.1230 345.5435 399.3690 -20.2599 0.0000 0.0000
5850.03 19.07.2018 06.30.01 24.33831 292.9256 140.1833 0.2503 -4.0099 5.6803 255.4906 132.3132 347.3542 402.5245 -27.9792 0.0000 0.0000
5860.03 19.07.2018 06.40.01 24.36328 293.5488 174.8454 0.3122 -4.1311 5.9244 268.2608 138.8393 349.5181 407.3879 -23.4873 0.0000 0.0000
5870.03 19.07.2018 06.50.01 24.39700 293.9545 493.4166 0.8811 -4.2615 6.8568 285.4244 147.4824 351.5259 412.5832 -23.0094 0.0000 0.0000
5880.03 19.07.2018 07.00.01 24.48879 294.1942 714.3041 1.2755 -4.6464 7.8959 303.4055 156.5344 353.2550 416.8775 -31.5165 0.0000 0.0000
5890.03 19.07.2018 07.10.01 24.62185 294.8546 872.8668 1.5587 -5.1938 9.0033 312.3100 161.1379 355.0182 422.6085 -28.2987 0.0000 0.0000
5900.03 19.07.2018 07.20.01 24.78539 294.5789 914.6234 1.6333 -5.8462 9.9726 319.4933 164.8143 356.4334 425.1649 -44.2860 0.0000 0.0000
5910.03 19.07.2018 07.30.01 24.95822 294.5601 944.1807 1.6860 -6.5079 10.9253 326.8653 168.6150 357.5540 426.7928 -58.1888 0.0000 0.0000
5920.03 19.07.2018 07.40.01 25.13839 294.8690 957.5212 1.7099 -7.1670 11.8358 334.9188 172.7547 359.4551 432.1328 -39.2281 0.0000 0.0000
5930.03 19.07.2018 07.50.01 25.32299 294.9920 930.7749 1.6621 -7.8054 12.6234 342.2427 176.5487 360.8513 433.3693 -61.7372 0.0000 0.0000
5940.03 19.07.2018 08.00.01 25.50527 295.0555 901.5888 1.6100 -8.3902 13.3336 349.5289 180.3780 361.4929 433.5500 -78.1165 0.0000 0.0000
5950.03 19.07.2018 08.10.01 25.68505 295.2687 1117.1318 1.9949 -8.9276 14.5632 369.2346 190.2803 362.3584 435.9533 -76.5718 0.0000 0.0000
5960.03 19.07.2018 08.20.01 25.90438 295.3675 1286.6583 2.2976 -9.6336 15.9083 390.1200 200.8004 363.6018 438.7716 -80.1935 0.0000 0.0000
5970.03 19.07.2018 08.30.01 26.15594 295.6150 1467.6412 2.6208 -10.4570 17.4370 411.9297 211.7316 365.1160 442.1436 -83.6383 0.0000 0.0000
5980.03 19.07.2018 08.40.01 26.44195 295.8601 1521.1714 2.7164 -11.4006 18.8227 431.5010 221.6050 366.6459 445.6707 -87.3612 0.0000 0.0000
5990.03 19.07.2018 08.50.01 26.74050 296.0938 1547.9131 2.7641 -12.3514 20.1541 449.9537 230.8493 368.0181 449.1693 -91.0837 0.0000 0.0000
6000.03 19.07.2018 09.00.01 27.04662 296.3339 1584.1206 2.8288 -13.2880 21.4891 468.8460 240.3579 369.4694 452.8301 -95.3277 0.0000 0.0000
6010.03 19.07.2018 09.10.01 27.36114 296.5640 1449.3452 2.5881 -14.2211 22.4124 475.8261 243.9372 371.3552 456.5570 -95.7660 0.0000 0.0000
6020.03 19.07.2018 09.20.01 27.65399 296.7896 1268.0763 2.2644 -15.0032 23.0235 480.4671 246.3541 373.0799 459.9396 -95.2598 0.0000 0.0000
6030.03 19.07.2018 09.30.01 27.91680 297.0130 1170.7434 2.0906 -15.6014 23.5894 485.1321 248.8193 374.7576 463.2053 -96.1714 0.0000 0.0000
6040.03 19.07.2018 09.40.01 28.16384 297.2409 1119.5144 1.9991 -16.0963 24.1272 490.1085 251.4146 376.3342 466.5412 -95.5361 0.0000 0.0000
6050.03 19.07.2018 09.50.01 28.40301 297.4736 1085.4324 1.9383 -16.5312 24.6260 494.9504 253.9593 377.9190 469.8821 -94.8449 0.0000 0.0000
6060.03 19.07.2018 10.00.01 28.63702 297.7004 1018.4990 1.8187 -16.9222 24.9879 498.7825 256.0037 379.4278 472.9642 -95.3715 0.0000 0.0000
6070.03 19.07.2018 10.10.01 28.85891 298.0893 650.9742 1.1625 -17.2401 24.5368 488.6496 251.1751 381.7902 475.5802 -84.7349 0.0000 0.0000
6080.03 19.07.2018 10.20.01 29.01672 298.2178 395.2513 0.7058 -17.2316 23.9165 476.7501 245.4169 383.8095 475.8804 -92.6778 0.0000 0.0000
6090.03 19.07.2018 10.30.01 29.12826 298.3537 192.9559 0.3446 -17.0105 23.1400 463.3096 238.8605 384.8210 474.2391 -106.6461 0.0000 0.0000
6100.03 19.07.2018 10.40.01 29.20297 298.5454 113.5786 0.2028 -16.6285 22.4417 451.9445 233.3401 386.7612 477.0518 -98.0394 0.0000 0.0000
6110.03 19.07.2018 10.50.01 29.26400 298.7733 57.6863 0.1030 -16.1648 21.6904 440.3099 227.6972 389.1904 479.9586 -91.2592 0.0000 0.0000
6120.03 19.07.2018 11.00.01 29.31399 299.0916 -14.3550 -0.0256 -15.6566 20.8413 428.0311 221.7427 391.5658 482.0205 -86.3338 0.0000 0.0000
6130.03 19.07.2018 11.10.01 29.34921 299.1310 -404.3472 -0.7220 -15.0849 19.1505 395.9696 205.5386 393.3420 480.5079 -77.8974 0.0000 0.0000
6140.03 19.07.2018 11.20.01 29.31323 298.9150 -719.0921 -1.2841 -14.1994 17.2204 360.7807 187.6547 393.8904 476.1247 -76.0387 0.0000 0.0000
6150.03 19.07.2018 11.30.01 29.21761 298.7739 -931.8373 -1.6640 -13.0874 15.2313 325.0477 169.4934 393.8633 470.8268 -78.2176 0.0000 0.0000
6160.03 19.07.2018 11.40.01 29.08032 298.7468 -1046.1541 -1.8681 -11.8424 13.2990 290.4596 151.8853 394.5872 467.9800 -71.0703 0.0000 0.0000
6170.03 19.07.2018 11.50.01 28.92001 298.6509 -1123.7257 -2.0067 -10.5329 11.3683 255.9957 134.3501 395.3244 463.9708 -69.7898 0.0000 0.0000
6180.03 19.07.2018 12.00.01 28.74365 298.5901 -1181.4890 -2.1098 -9.1845 9.4329 221.5211 116.8081 395.7727 459.2580 -67.7038 0.0000 0.0000
6190.03 19.07.2018 12.10.01 28.55755 298.5382 -583.9648 -1.0428 -7.8337 9.0545 215.0339 113.3027 394.1823 455.8909 -62.8799 0.0000 0.0000
6200.03 19.07.2018 12.20.01 28.47473 298.5144 -194.8861 -0.3480 -7.0426 8.9261 212.2290 111.8002 393.2226 453.5442 -59.7828 0.0000 0.0000
6210.03 19.07.2018 12.30.01 28.45992 298.4994 11.5474 0.0206 -6.6047 8.8338 209.9267 110.5653 392.5579 451.6220 -57.2507 0.0000 0.0000
6220.03 19.07.2018 12.40.01 28.48168 298.4821 119.1391 0.2127 -6.3488 8.7487 207.7623 109.4033 391.9979 449.9794 -55.1218 0.0000 0.0000
6230.03 19.07.2018 12.50.01 28.52264 298.4628 173.7738 0.3103 -6.1847 8.6601 205.5789 108.2325 391.4870 448.5420 -53.3465 0.0000 0.0000
6240.03 19.07.2018 13.00.01 28.57336 298.4431 199.4207 0.3561 -6.0667 8.5638 203.3835 107.0577 391.0055 447.2529 -51.8754 0.0000 0.0000
6250.03 19.07.2018 13.10.01 28.63122 298.5222 770.7836 1.3764 -5.9836 9.8134 226.1919 118.3845 388.3942 446.7455 -54.3008 0.0000 0.0000
6260.03 19.07.2018 13.20.01 28.79043 298.5920 1130.8575 2.0194 -6.4018 11.2282 252.0134 131.3786 386.2723 447.1906 -58.3355 0.0000 0.0000
6270.03 19.07.2018 13.30.01 29.01452 298.6733 1305.3618 2.3310 -7.1172 12.5976 272.2119 141.5811 384.4057 447.8929 -62.9013 0.0000 0.0000
6280.03 19.07.2018 13.40.01 29.27136 298.7591 1392.4436 2.4865 -7.9598 13.9284 296.8769 154.0218 382.6549 448.7769 -67.3619 0.0000 0.0000
6290.03 19.07.2018 13.50.01 29.54547 298.8560 1410.4731 2.5187 -8.8530 15.1623 320.9600 166.1861 380.9875 449.8843 -73.0707 0.0000 0.0000
6300.03 19.07.2018 14.00.01 29.82418 298.9572 1366.4463 2.4401 -9.7364 16.2353 344.1260 177.9255 379.3622 451.1086 -79.3328 0.0000 0.0000
6310.03 19.07.2018 14.10.01 30.09313 298.8532 573.9191 1.0249 -10.5459 15.4276 328.3636 170.1904 379.8070 451.4014 -80.6136 0.0000 0.0000
6320.03 19.07.2018 14.20.01 30.22177 298.7168 7.6319 0.0136 -10.6528 14.2219 308.9126 160.3225 379.2658 450.1419 -79.5753 0.0000 0.0000
6330.03 19.07.2018 14.30.01 30.24850 298.5801 -287.5562 -0.5135 -10.2890 13.0340 289.3912 150.4060 378.4156 448.3995 -77.8852 0.0000 0.0000
6340.03 19.07.2018 14.40.01 30.22018 298.4538 -444.7180 -0.7941 -9.7046 11.8807 269.7941 140.4579 377.4266 446.4940 -74.7280 0.0000 0.0000
6350.03 19.07.2018 14.50.01 30.16116 298.3184 -510.8647 -0.9123 -9.0227 10.8139 250.9672 130.9065 376.3438 444.4259 -70.7385 0.0000 0.0000
6360.03 19.07.2018 15.00.01 30.08758 298.1839 -561.3879 -1.0025 -8.3204 9.7573 231.8575 121.1764 375.0973 442.0154 -67.2021 0.0000 0.0000
6370.03 19.07.2018 15.10.01 30.00259 297.9970 -510.0389 -0.9108 -7.6225 8.9489 217.2464 113.6787 374.0095 439.5605 -63.4476 0.0000 0.0000
6380.03 19.07.2018 15.20.01 29.92565 297.8182 -463.0924 -0.8270 -6.9959 8.2252 203.4597 106.6089 372.9828 437.1163 -60.2608 0.0000 0.0000
6390.03 19.07.2018 15.30.01 29.85482 297.6398 -429.5753 -0.7671 -6.4379 7.5610 190.1574 99.7847 371.9520 434.6726 -57.2290 0.0000 0.0000
6400.03 19.07.2018 15.40.01 29.78814 297.4584 -412.2819 -0.7362 -5.9330 6.9291 176.4803 92.7677 370.9148 432.1844 -54.2491 0.0000 0.0000
6410.03 19.07.2018 15.50.01 29.72299 297.2778 -385.5602 -0.6885 -5.4643 6.3677 163.3739 86.0409 369.8756 429.7014 -51.3347 0.0000 0.0000
6420.03 19.07.2018 16.00.01 29.66116 297.0974 -362.7396 -0.6477 -5.0386 5.8544 150.4991 79.4141 368.8099 427.1944 -48.4087 0.0000 0.0000
6430.03 19.07.2018 16.10.01 29.60232 297.0017 -268.1555 -0.4788 -4.6501 5.5617 148.3395 78.1370 367.0976 424.9346 -46.2285 0.0000 0.0000
6440.03 19.07.2018 16.20.01 29.55911 296.9102 -197.9201 -0.3534 -4.3604 5.3426 147.7384 77.7340 365.6119 423.0628 -45.3741 0.0000 0.0000
6450.03 19.07.2018 16.30.01 29.52722 296.8248 -177.6295 -0.3172 -4.1437 5.1020 147.2499 77.4108 364.3077 421.4057 -44.3188 0.0000 0.0000
6460.03 19.07.2018 16.40.01 29.49838 296.7342 -139.0578 -0.2483 -3.9545 4.9416 144.5243 76.0074 362.9951 419.9492 -43.2068 0.0000 0.0000
6470.03 19.07.2018 16.50.01 29.47564 296.6456 -107.2941 -0.1916 -3.8083 4.8223 145.8413 76.6533 361.7321 418.5707 -42.8669 0.0000 0.0000
6480.03 19.07.2018 17.00.01 29.45782 296.5530 -104.8630 -0.1873 -3.6981 4.6811 146.9914 77.2155 360.4565 417.2883 -42.9964 0.0000 0.0000
6490.03 19.07.2018 17.10.01 29.43957 296.3003 -182.2389 -0.3254 -3.5991 4.3649 135.7602 71.3862 359.1434 415.5621 -40.6149 0.0000 0.0000
6500.03 19.07.2018 17.20.01 29.40658 296.0544 -290.4658 -0.5187 -3.4447 3.9014 122.1825 64.2683 357.5243 413.3414 -38.0961 0.0000 0.0000
6510.03 19.07.2018 17.30.01 29.35333 295.7952 -365.6594 -0.6530 -3.2106 3.4102 107.9186 56.7642 355.7378 410.7617 -37.5941 0.0000 0.0000
6520.03 19.07.2018 17.40.01 29.28542 295.5570 -413.0504 -0.7376 -2.9303 2.9236 89.2518 47.0047 353.9423 407.9095 -33.9184 0.0000 0.0000
6530.03 19.07.2018 17.50.01 29.20767 295.3179 -455.6601 -0.8137 -2.6274 2.4183 76.4004 40.3310 352.0906 405.2666 -29.3171 0.0000 0.0000
6540.03 19.07.2018 18.00.01 29.12103 295.0818 -486.2516 -0.8683 -2.3064 1.9175 62.1357 32.8828 350.2165 402.5239 -25.2874 0.0000 0.0000
6550.03 19.07.2018 18.10.01 29.02776 294.7436 -433.2957 -0.7737 -1.9786 1.6064 53.4509 28.2962 348.7343 399.8235 -22.6633 0.0000 0.0000
6560.03 19.07.2018 18.20.01 28.94222 294.4092 -393.2364 -0.7022 -1.7179 1.3542 44.5750 23.7091 347.3745 397.3429 -20.6024 0.0000 0.0000
6570.03 19.07.2018 18.30.01 28.86242 294.0743 -377.0129 -0.6732 -1.5099 1.1156 38.0453 20.2929 346.0758 394.9117 -18.7470 0.0000 0.0000
6580.03 19.07.2018 18.40.01 28.78430 293.7414 -373.7399 -0.6674 -1.3310 0.8849 28.7315 15.3350 344.7983 392.3562 -16.7429 0.0000 0.0000
6590.03 19.07.2018 18.50.01 28.70562 293.4104 -383.0674 -0.6840 -1.1692 0.6468 19.2567 10.2874 343.5011 389.7633 -14.6573 0.0000 0.0000
6600.03 19.07.2018 19.00.01 28.62441 293.0777 -395.4614 -0.7062 -1.0136 0.4099 9.1475 4.8576 342.2025 387.0780 -12.5048 0.0000 0.0000
6610.03 19.07.2018 19.10.01 28.54000 292.7147 -362.1934 -0.6468 -0.8610 0.2857 6.8472 3.6314 340.7618 384.8146 -11.5906 0.0000 0.0000
6620.03 19.07.2018 19.20.01 28.46047 292.3561 -328.5170 -0.5866 -0.7530 0.2218 5.3864 2.8563 339.4216 382.7726 -11.1204 0.0000 0.0000
6630.03 19.07.2018 19.30.01 28.38583 291.9995 -314.3865 -0.5614 -0.6879 0.1687 4.0728 2.1601 338.1312 380.8254 -10.8579 0.0000 0.0000
6640.03 19.07.2018 19.40.01 28.31280 291.6428 -313.0310 -0.5590 -0.6471 0.1175 2.7860 1.4782 336.8597 378.9459 -10.7180 0.0000 0.0000
6650.03 19.07.2018 19.50.01 28.23913 291.2889 -318.6243 -0.5690 -0.6190 0.0667 1.5040 0.7990 335.5935 377.1159 -10.6801 0.0000 0.0000
6660.03 19.07.2018 20.00.01 28.16363 290.9347 -327.8502 -0.5854 -0.5974 0.0160 0.2248 0.1211 334.3223 375.3209 -10.7218 0.0000 0.0000
6670.03 19.07.2018 20.10.01 28.08575 290.7536 -322.2229 -0.5754 -0.5775 0.0028 0.0377 0.0202 333.5489 374.0017 -9.6365 0.0000 0.0000
6680.03 19.07.2018 20.20.01 28.00848 290.5771 -316.9582 -0.5660 -0.5664 0.0005 0.0071 0.0038 332.8521 372.8231 -8.7856 0.0000 0.0000
6690.03 19.07.2018 20.30.01 27.93188 290.4044 -315.4872 -0.5634 -0.5634 0.0001 0.0012 0.0007 332.1897 371.7330 -8.0967 0.0000 0.0000
6700.03 19.07.2018 20.40.01 27.85500 290.2345 -315.9329 -0.5642 -0.5642 0.0000 0.0002 0.0001 331.5506 370.7098 -7.5480 0.0000 0.0000
6710.03 19.07.2018 20.50.01 27.77804 290.0667 -319.3015 -0.5702 -0.5702 0.0000 0.0000 0.0000 330.9315 369.7430 -7.1047 0.0000 0.0000
6720.03 19.07.2018 21.00.01 27.70010 289.9018 -323.3590 -0.5774 -0.5774 0.0000 0.0000 0.0000 330.3313 368.8243 -6.7452 0.0000 0.0000
6730.03 19.07.2018 21.10.01 27.62109 289.6866 -328.1417 -0.5860 -0.5860 0.0000 0.0000 0.0000 329.9725 367.8872 -6.8724 0.0000 0.0000
6740.03 19.07.2018 21.20.01 27.54086 289.4738 -334.0975 -0.5966 -0.5966 0.0000 0.0000 0.0000 329.6223 366.9799 -7.0519 0.0000 0.0000
6750.03 19.07.2018 21.30.01 27.45907 289.2620 -339.9252 -0.6070 -0.6070 0.0000 0.0000 0.0000 329.2785 366.0997 -7.2581 0.0000 0.0000
6760.03 19.07.2018 21.40.01 27.37591 289.0489 -345.9679 -0.6178 -0.6178 0.0000 0.0000 0.0000 328.9424 365.2373 -7.5125 0.0000 0.0000
6770.03 19.07.2018 21.50.01 27.29125 288.8366 -351.6570 -0.6280 -0.6280 0.0000 0.0000 0.0000 328.6130 364.3956 -7.7846 0.0000 0.0000
6780.03 19.07.2018 22.00.01 27.20532 288.6250 -357.2987 -0.6380 -0.6380 0.0000 0.0000 0.0000 328.2874 363.5677 -8.0887 0.0000 0.0000
6790.03 19.07.2018 22.10.01 27.11797 288.4297 -362.4990 -0.6473 -0.6473 0.0000 0.0000 0.0000 326.9251 362.6468 -8.1403 0.0000 0.0000
6800.03 19.07.2018 22.20.01 27.02935 288.2352 -368.6279 -0.6583 -0.6583 0.0000 0.0000 0.0000 325.5329 361.7008 -8.1110 0.0000 0.0000
6810.03 19.07.2018 22.30.01 26.93914 288.0394 -375.0279 -0.6697 -0.6697 0.0000 0.0000 0.0000 324.1348 360.7327 -8.0791 0.0000 0.0000
6820.03 19.07.2018 22.40.01 26.84738 287.8479 -381.3063 -0.6809 -0.6809 0.0000 0.0000 0.0000 322.7415 359.7678 -7.9915 0.0000 0.0000
6830.03 19.07.2018 22.50.01 26.75414 287.6535 -387.5558 -0.6921 -0.6921 0.0000 0.0000 0.0000 321.3534 358.7939 -7.9035 0.0000 0.0000
6840.03 19.07.2018 23.00.01 26.65942 287.4589 -393.3093 -0.7023 -0.7023 0.0000 0.0000 0.0000 319.9668 357.8144 -7.8058 0.0000 0.0000
6850.03 19.07.2018 23.10.01 26.56335 287.2367 -398.9239 -0.7124 -0.7124 0.0000 0.0000 0.0000 319.0950 356.8399 -8.0190 0.0000 0.0000
6860.03 19.07.2018 23.20.01 26.46591 287.0246 -404.0464 -0.7215 -0.7215 0.0000 0.0000 0.0000 318.2474 355.8802 -8.2481 0.0000 0.0000
6870.03 19.07.2018 23.30.01 26.36733 286.8140 -408.9985 -0.7304 -0.7304 0.0000 0.0000 0.0000 317.3872 354.9139 -8.5180 0.0000 0.0000
6880.03 19.07.2018 23.40.01 26.26751 286.6063 -413.9705 -0.7392 -0.7392 0.0000 0.0000 0.0000 316.4858 353.9249 -8.8455 0.0000 0.0000
6890.03 19.07.2018 23.50.01 26.16641 286.3918 -419.3392 -0.7488 -0.7488 0.0000 0.0000 0.0000 315.5506 352.9213 -9.2016 0.0000 0.0000
6900.03 20.07.2018 00.00.01 26.06399 286.1687 -425.3152 -0.7595 -0.7595 0.0000 0.0000 0.0000 314.6752 351.9176 -9.6068 0.0000 0.0000
6910.03 20.07.2018 00.10.01 25.96011 286.0130 -430.7139 -0.7691 -0.7691 0.0000 0.0000 0.0000 313.6893 351.0289 -9.3718 0.0000 0.0000
6920.03 20.07.2018 00.20.01 25.85516 285.8554 -433.8622 -0.7748 -0.7748 0.0000 0.0000 0.0000 312.6911 350.1516 -9.1567 0.0000 0.0000
6930.03 20.07.2018 00.30.01 25.74966 285.6989 -436.2611 -0.7790 -0.7790 0.0000 0.0000 0.0000 311.6891 349.2869 -8.9477 0.0000 0.0000
6940.03 20.07.2018 00.40.01 25.64346 285.5424 -437.4616 -0.7812 -0.7812 0.0000 0.0000 0.0000 310.6994 348.4346 -8.7562 0.0000 0.0000
6950.03 20.07.2018 00.50.01 25.53726 285.3857 -439.6650 -0.7851 -0.7851 0.0000 0.0000 0.0000 309.7184 347.5929 -8.5798 0.0000 0.0000
6960.03 20.07.2018 01.00.01 25.43020 285.2283 -440.4450 -0.7865 -0.7865 0.0000 0.0000 0.0000 308.7553 346.7616 -8.4162 0.0000 0.0000
6970.03 20.07.2018 01.10.01 25.32308 285.0753 -442.1226 -0.7895 -0.7895 0.0000 0.0000 0.0000 308.1508 346.0008 -8.2710 0.0000 0.0000
6980.03 20.07.2018 01.20.01 25.21584 284.9232 -443.7046 -0.7923 -0.7923 0.0000 0.0000 0.0000 307.5770 345.2642 -8.1707 0.0000 0.0000
6990.03 20.07.2018 01.30.01 25.10803 284.7744 -443.6947 -0.7923 -0.7923 0.0000 0.0000 0.0000 307.0311 344.5569 -8.0678 0.0000 0.0000
7000.03 20.07.2018 01.40.01 25.00018 284.6265 -443.7298 -0.7924 -0.7924 0.0000 0.0000 0.0000 306.5163 343.8629 -8.0124 0.0000 0.0000
7010.03 20.07.2018 01.50.01 24.89224 284.4800 -443.6724 -0.7923 -0.7923 0.0000 0.0000 0.0000 306.0263 343.1928 -7.9567 0.0000 0.0000
7020.03 20.07.2018 02.00.01 24.78430 284.3341 -443.7102 -0.7923 -0.7923 0.0000 0.0004 0.0002 305.5302 342.5267 -7.9294 0.0000 0.0000
7030.03 20.07.2018 02.10.01 24.67629 284.2024 -440.4839 -0.7866 -0.7924 0.0078 0.2261 0.1194 305.3976 341.9179 -7.9837 0.0000 0.0000
7040.03 20.07.2018 02.20.01 24.56921 284.0754 -439.1188 -0.7841 -0.7975 0.0178 0.4841 0.2561 305.2645 341.3417 -8.0813 0.0000 0.0000
7050.03 20.07.2018 02.30.01 24.46221 283.9461 -437.9045 -0.7820 -0.8031 0.0282 0.7472 0.3955 305.1177 340.7802 -8.2160 0.0000 0.0000
7060.03 20.07.2018 02.40.01 24.35543 283.8171 -437.4813 -0.7812 -0.8102 0.0386 1.0113 0.5354 304.9656 340.2296 -8.3889 0.0000 0.0000
7070.03 20.07.2018 02.50.01 24.24871 283.6870 -437.4614 -0.7812 -0.8180 0.0491 1.2756 0.6755 304.8279 339.6972 -8.5819 0.0000 0.0000
7080.03 20.07.2018 03.00.01 24.14196 283.5552 -437.5456 -0.7813 -0.8261 0.0597 1.5447 0.8180 304.7043 339.1735 -8.8192 0.0000 0.0000
7090.03 20.07.2018 03.10.01 24.03539 283.6112 -395.5771 -0.7064 -0.8334 0.1694 4.6999 2.4851 304.3974 339.0754 -8.2279 0.0000 0.0000
7100.03 20.07.2018 03.20.01 23.93655 283.6679 -360.1018 -0.6430 -0.8741 0.3080 8.2684 4.3756 304.2177 339.1377 -7.8532 0.0000 0.0000
7110.03 20.07.2018 03.30.01 23.84435 283.7266 -336.6269 -0.6011 -0.9398 0.4516 11.9025 6.3010 304.1086 339.2832 -7.6335 0.0000 0.0000
7120.03 20.07.2018 03.40.01 23.75686 283.7885 -320.7432 -0.5728 -1.0197 0.5960 15.5493 8.2333 304.0555 339.5120 -7.4936 0.0000 0.0000
7130.03 20.07.2018 03.50.01 23.67263 283.8554 -308.7393 -0.5513 -1.1067 0.7405 19.1982 10.1668 304.0367 339.8045 -7.4247 0.0000 0.0000
7140.03 20.07.2018 04.00.01 23.59106 283.9231 -298.7777 -0.5335 -1.1974 0.8851 22.8471 12.1002 304.0275 340.1380 -7.4390 0.0000 0.0000
7150.03 20.07.2018 04.10.01 23.51177 284.2758 -293.4093 -0.5239 -1.2891 1.0202 26.2188 13.8872 304.4777 340.8291 -6.2014 0.0000 0.0000
7160.03 20.07.2018 04.20.01 23.43417 284.6278 -285.8448 -0.5104 -1.3748 1.1525 29.5507 15.6527 305.0063 341.6174 -5.1502 0.0000 0.0000
7170.03 20.07.2018 04.30.01 23.35870 284.9728 -276.2433 -0.4933 -1.4565 1.2843 32.8763 17.4148 305.5889 342.4851 -4.2193 0.0000 0.0000
7180.03 20.07.2018 04.40.01 23.28576 285.3157 -265.8174 -0.4747 -1.5367 1.4161 36.2007 19.1763 306.2162 343.4263 -3.3759 0.0000 0.0000
7190.03 20.07.2018 04.50.01 23.21536 285.6597 -254.5942 -0.4546 -1.6155 1.5478 39.5249 20.9377 306.8988 344.4393 -2.5956 0.0000 0.0000
