# simtime date time IndoorTemp Av_Tair_at_facade Energyflux.toIndoor.sum  Energyflux.toIndoor.average Energyflux.Conduction.average Energyflux.SW.transmission.average Shortwave.availabe Shortwave.absorbed Longwave.available Longwave.emittedFacade Sensible.outside Vapour.fromGreening Vapour.fromSubstrate
10.02 15.07.2018 05.10.00 19.91573 288.3596 119.7349 0.5252 -0.6413 1.5553 323.0686 169.9647 322.1686 381.2131 -30.3534 0.0000 0.0000
20.02 15.07.2018 05.20.00 19.95135 289.1176 173.5725 0.7613 -1.1446 2.5412 555.0551 290.9120 325.2512 400.1052 -49.4310 0.0000 0.0000
30.03 15.07.2018 05.30.01 20.01907 289.9643 251.5561 1.1033 -1.6787 3.7093 775.8781 405.0302 329.1389 423.0207 -72.3122 0.0000 0.0000
40.03 15.07.2018 05.40.01 20.13088 290.8327 312.9037 1.3724 -2.3058 4.9042 713.9090 371.1133 333.5774 435.5418 -80.5583 0.0000 0.0000
50.03 15.07.2018 05.50.01 20.27209 291.4617 182.6307 0.8010 -2.9700 5.0280 644.9527 333.8497 336.1803 441.1409 -85.3010 0.0000 0.0000
60.03 15.07.2018 06.00.01 20.35934 291.9994 93.2936 0.4092 -3.2834 4.9234 577.5103 297.6674 338.1164 443.8100 -88.2509 0.0000 0.0000
70.03 15.07.2018 06.10.01 20.40954 292.2598 57.4058 0.2518 -3.3681 4.8265 539.8005 276.9585 339.7231 445.2340 -90.9271 0.0000 0.0000
80.03 15.07.2018 06.20.01 20.44595 292.5123 77.3665 0.3393 -3.3612 4.9340 502.1577 256.1318 341.7389 445.4695 -92.5137 0.0000 0.0000
90.03 15.07.2018 06.30.01 20.49218 292.7474 84.4371 0.3703 -3.3798 5.0002 472.4398 240.0896 343.6559 445.5101 -93.9329 0.0000 0.0000
100.03 15.07.2018 06.40.01 20.54324 293.0196 102.3248 0.4488 -3.3970 5.1278 449.1119 227.0904 345.6269 444.8503 -93.4987 0.0000 0.0000
110.03 15.07.2018 06.50.01 20.61102 293.3040 436.1333 1.9129 -3.4706 7.1780 445.7584 224.6230 347.7248 446.0284 -95.3673 0.0000 0.0000
120.03 15.07.2018 07.00.01 20.83157 293.6067 706.4131 3.0983 -4.2666 9.8199 449.4673 225.9423 349.8133 447.8211 -97.7630 0.0000 0.0000
130.03 15.07.2018 07.10.01 21.17596 293.9286 827.1533 3.6279 -5.6054 12.3110 455.0618 228.0978 351.4491 449.9346 -94.0673 0.0000 0.0000
140.03 15.07.2018 07.20.01 21.57888 294.2424 891.7636 3.9112 -7.1480 14.7457 461.0242 230.5160 353.3645 452.3623 -91.8397 0.0000 0.0000
150.03 15.07.2018 07.30.01 22.01476 294.5620 907.0084 3.9781 -8.7680 16.9948 466.0138 232.4881 355.4019 454.8154 -90.3750 0.0000 0.0000
160.03 15.07.2018 07.40.01 22.46209 294.8967 928.3618 4.0718 -10.3624 19.2456 474.1406 236.1246 357.4980 457.6216 -89.2766 0.0000 0.0000
170.03 15.07.2018 07.50.01 22.92251 295.2204 923.2303 4.0493 -11.9478 21.3294 481.0102 239.1330 359.5304 460.4038 -88.6187 0.0000 0.0000
180.03 15.07.2018 08.00.01 23.38314 295.5454 875.4000 3.8395 -13.4673 23.0758 485.6231 241.0417 361.4279 462.9816 -88.0049 0.0000 0.0000
190.03 15.07.2018 08.10.01 23.82620 295.7338 882.6905 3.8714 -14.8438 24.9536 491.5500 243.6809 363.7394 466.4826 -83.5060 0.0000 0.0000
200.03 15.07.2018 08.20.01 24.27413 295.7605 857.0034 3.7588 -16.2005 26.6123 495.9549 245.5751 365.8934 469.2384 -85.1272 0.0000 0.0000
210.03 15.07.2018 08.30.01 24.71282 296.0391 837.5099 3.6733 -17.4649 28.1843 499.9449 247.2833 368.1338 471.4434 -90.6055 0.0000 0.0000
220.03 15.07.2018 08.40.01 25.14504 296.3072 821.5184 3.6031 -18.6531 29.6750 504.7278 249.3713 370.3002 474.3358 -89.6504 0.0000 0.0000
230.03 15.07.2018 08.50.01 25.57162 296.5556 799.6329 3.5072 -19.7794 31.0487 508.9504 251.2118 372.4026 477.1259 -89.8338 0.0000 0.0000
240.03 15.07.2018 09.00.01 25.98934 296.5318 758.4940 3.3267 -20.8342 32.2145 512.3522 252.7161 374.4395 479.4264 -92.3654 0.0000 0.0000
250.03 15.07.2018 09.10.01 26.38845 297.0174 686.1365 3.0094 -21.7760 33.0472 512.0331 252.3850 376.0760 482.4772 -80.1001 0.0000 0.0000
260.03 15.07.2018 09.20.01 26.75784 297.6045 655.0674 2.8731 -22.5220 33.8602 512.6731 252.6451 377.6168 484.3241 -83.9180 0.0000 0.0000
270.03 15.07.2018 09.30.01 27.11453 298.0454 631.8400 2.7712 -23.1831 34.6058 513.3248 252.9606 378.6924 484.0453 -99.4389 0.0000 0.0000
280.03 15.07.2018 09.40.01 27.46130 298.3066 619.4962 2.7171 -23.7887 35.3411 515.3041 253.9222 380.5552 486.9275 -95.4750 0.0000 0.0000
290.03 15.07.2018 09.50.01 27.80236 298.1524 596.0883 2.6144 -24.3628 35.9696 516.8151 254.6832 382.5748 489.0710 -97.4398 0.0000 0.0000
300.03 15.07.2018 10.00.01 28.13207 298.2146 543.4125 2.3834 -24.8770 36.3472 517.0175 254.8486 383.7929 488.7668 -106.1221 0.0000 0.0000
310.03 15.07.2018 10.10.01 28.43969 298.4381 559.5547 2.4542 -25.2756 36.9730 517.9114 255.0777 384.6270 489.6529 -103.6780 0.0000 0.0000
320.03 15.07.2018 10.20.01 28.75497 298.7872 573.3428 2.5147 -25.7019 37.6221 519.6074 255.7688 385.8762 491.1943 -101.0731 0.0000 0.0000
330.03 15.07.2018 10.30.01 29.07675 299.0031 552.5681 2.4235 -26.1403 38.0851 519.7029 255.6414 386.8846 492.2248 -99.9814 0.0000 0.0000
340.03 15.07.2018 10.40.01 29.39028 299.0693 549.6021 2.4105 -26.5256 38.5815 520.9632 256.1159 387.8245 492.8033 -98.9031 0.0000 0.0000
350.03 15.07.2018 10.50.01 29.70190 299.3866 538.0052 2.3597 -26.8793 38.9853 521.6765 256.3320 388.6438 493.2178 -99.6546 0.0000 0.0000
360.03 15.07.2018 11.00.01 30.00884 299.6491 502.2084 2.2027 -27.1959 39.1981 521.6088 256.2239 389.4004 493.5334 -100.6985 0.0000 0.0000
370.03 15.07.2018 11.10.01 30.29980 299.7294 443.8037 1.9465 -27.4281 39.1661 518.5719 254.7014 390.2661 494.8001 -98.2642 0.0000 0.0000
380.03 15.07.2018 11.20.01 30.56426 299.8044 398.5527 1.7480 -27.5364 39.0459 515.1156 252.9941 391.1297 496.0425 -96.0338 0.0000 0.0000
390.03 15.07.2018 11.30.01 30.80776 299.8857 358.6059 1.5728 -27.5525 38.8338 511.1478 251.0491 391.9142 497.2289 -93.8819 0.0000 0.0000
400.03 15.07.2018 11.40.01 31.03301 300.0960 333.4127 1.4623 -27.4859 38.5977 507.5505 249.2606 392.3956 498.8487 -91.0022 0.0000 0.0000
410.03 15.07.2018 11.50.01 31.24645 300.1824 312.8383 1.3721 -27.3720 38.3254 504.2086 247.6533 392.8535 498.8006 -91.9401 0.0000 0.0000
420.03 15.07.2018 12.00.01 31.44921 300.2417 256.0446 1.1230 -27.2247 37.7969 499.1356 245.2002 393.2277 498.3399 -92.8591 0.0000 0.0000
430.03 15.07.2018 12.10.01 31.62551 300.4902 204.3508 0.8963 -26.9639 37.1469 492.9402 242.2869 393.7425 499.8605 -87.6006 0.0000 0.0000
440.03 15.07.2018 12.20.01 31.77773 300.6222 162.5790 0.7131 -26.6027 36.4210 486.6588 239.3795 394.0763 498.3108 -90.7052 0.0000 0.0000
450.03 15.07.2018 12.30.01 31.90975 300.6977 122.0333 0.5352 -26.1672 35.6033 479.8896 236.2476 393.9557 496.3278 -95.5570 0.0000 0.0000
460.03 15.07.2018 12.40.01 32.02191 300.7717 101.3835 0.4447 -25.6694 34.8188 473.9647 233.5205 393.8289 494.8570 -96.2913 0.0000 0.0000
470.03 15.07.2018 12.50.01 32.12286 300.8216 110.0178 0.4825 -25.1574 34.1866 470.5275 232.1713 394.1401 493.6924 -99.3998 0.0000 0.0000
480.03 15.07.2018 13.00.01 32.22476 300.8763 47.6455 0.2090 -24.6873 33.1950 463.7131 229.0660 394.1779 492.0050 -102.4357 0.0000 0.0000
490.03 15.07.2018 13.10.01 32.29693 300.9335 -9.7456 -0.0427 -24.1012 32.0780 453.9131 224.4591 394.0741 491.4680 -99.1445 0.0000 0.0000
500.03 15.07.2018 13.20.01 32.34179 300.9835 -66.4691 -0.2915 -23.4100 30.8246 442.5880 219.0400 393.8885 490.7720 -95.3560 0.0000 0.0000
510.03 15.07.2018 13.30.01 32.35922 301.0243 -112.0050 -0.4912 -22.6182 29.5027 430.6819 213.3246 393.5944 489.9762 -91.5134 0.0000 0.0000
520.03 15.07.2018 13.40.01 32.35421 301.0631 -139.6348 -0.6124 -21.7558 28.1912 419.2877 207.8546 393.2209 489.1454 -87.7329 0.0000 0.0000
530.03 15.07.2018 13.50.01 32.33462 301.1030 -155.8555 -0.6836 -20.8642 26.9075 408.5457 202.7546 392.9395 488.3831 -84.2839 0.0000 0.0000
540.03 15.07.2018 14.00.01 32.30496 301.1355 -203.3491 -0.8919 -19.9658 25.4319 396.3714 196.9410 392.5525 487.3661 -80.8618 0.0000 0.0000
550.03 15.07.2018 14.10.01 32.25079 301.0997 -331.3563 -1.4533 -18.9887 23.3805 375.4609 187.0602 392.9297 486.5974 -74.4544 0.0000 0.0000
560.03 15.07.2018 14.20.01 32.13699 301.0807 -427.1189 -1.8733 -17.7624 21.1855 352.1096 175.8260 392.8287 485.1091 -68.2128 0.0000 0.0000
570.03 15.07.2018 14.30.01 31.97750 301.0893 -455.9370 -1.9997 -16.3722 19.1633 330.2444 165.3523 392.8382 483.5751 -62.6453 0.0000 0.0000
580.03 15.07.2018 14.40.01 31.80184 301.1359 -451.9899 -1.9824 -14.9680 17.3142 309.4459 155.4440 393.0967 482.2329 -56.9274 0.0000 0.0000
590.03 15.07.2018 14.50.01 31.62435 301.1425 -465.2680 -2.0406 -13.6150 15.4324 287.1949 144.6885 393.0727 480.3448 -51.6008 0.0000 0.0000
600.03 15.07.2018 15.00.01 31.43798 301.1307 -470.2416 -2.0625 -12.2755 13.6174 265.3652 134.1351 392.8810 478.1986 -46.7825 0.0000 0.0000
610.03 15.07.2018 15.10.01 31.24700 301.0844 -390.9859 -1.7148 -10.9861 12.3617 257.2228 130.7128 392.0530 475.9311 -48.6322 0.0000 0.0000
620.03 15.07.2018 15.20.01 31.09100 301.0757 -329.5710 -1.4455 -9.8945 11.2654 246.0169 125.3311 391.3842 473.1210 -49.7886 0.0000 0.0000
630.03 15.07.2018 15.30.01 30.96002 300.9929 -298.1198 -1.3075 -8.9659 10.2112 234.9119 119.9783 390.6509 469.9953 -51.6519 0.0000 0.0000
640.03 15.07.2018 15.40.01 30.84112 300.8309 -266.6668 -1.1696 -8.1317 9.2829 224.4455 114.9670 389.9596 466.8554 -53.6035 0.0000 0.0000
650.03 15.07.2018 15.50.01 30.73431 300.6545 -254.1537 -1.1147 -7.3882 8.3647 213.3910 109.5944 389.1474 463.4395 -55.2072 0.0000 0.0000
660.03 15.07.2018 16.00.01 30.63152 300.4568 -246.5397 -1.0813 -6.6926 7.4817 202.4534 104.2656 388.1883 459.9084 -56.1877 0.0000 0.0000
670.03 15.07.2018 16.10.01 30.53015 300.2713 -268.4257 -1.1773 -6.0356 6.4777 190.3131 98.1632 385.8535 456.3864 -52.1023 0.0000 0.0000
680.03 15.07.2018 16.20.01 30.41741 300.0924 -281.1250 -1.2330 -5.3540 5.4946 178.4165 92.1922 383.4587 452.9581 -48.7548 0.0000 0.0000
690.03 15.07.2018 16.30.01 30.29733 299.9304 -269.8097 -1.1834 -4.6693 4.6479 167.9618 86.9831 381.1981 449.7855 -46.0100 0.0000 0.0000
700.03 15.07.2018 16.40.01 30.18118 299.7705 -189.4977 -0.8311 -4.0332 4.2694 157.5956 81.4912 378.9244 446.5997 -43.0875 0.0000 0.0000
710.03 15.07.2018 16.50.01 30.09887 299.6005 -152.4121 -0.6685 -3.5918 3.8978 151.1513 78.3467 376.6756 443.9766 -41.1401 0.0000 0.0000
720.03 15.07.2018 17.00.01 30.03185 299.3859 -145.8211 -0.6396 -3.2455 3.4746 144.0406 74.8410 374.3001 441.2135 -39.5312 0.0000 0.0000
730.03 15.07.2018 17.10.01 29.96707 299.1447 -115.0186 -0.5045 -2.9262 3.2290 139.1200 72.4768 372.4905 438.7681 -38.1773 0.0000 0.0000
740.03 15.07.2018 17.20.01 29.91491 298.9094 -101.4087 -0.4448 -2.6858 2.9881 134.0171 69.9992 370.7409 436.3979 -36.8305 0.0000 0.0000
750.03 15.07.2018 17.30.01 29.86804 298.6757 -98.4852 -0.4320 -2.4845 2.7368 128.5791 67.3285 368.9963 434.0423 -35.4402 0.0000 0.0000
760.03 15.07.2018 17.40.01 29.82186 298.4480 -94.8411 -0.4160 -2.2989 2.5106 135.8908 72.3678 367.3069 433.7547 -35.8253 0.0000 0.0000
770.03 15.07.2018 17.50.01 29.77648 298.2243 -99.4795 -0.4363 -2.1301 2.2583 128.2605 68.4618 365.5993 431.4355 -34.2976 0.0000 0.0000
780.03 15.07.2018 18.00.01 29.72830 297.9942 -105.7084 -0.4636 -1.9608 1.9963 123.3583 66.2009 363.8664 429.4835 -33.0450 0.0000 0.0000
790.03 15.07.2018 18.10.01 29.67648 297.4766 -103.0173 -0.4518 -1.7919 1.7868 110.6107 59.4631 362.1231 426.3826 -32.2558 0.0000 0.0000
800.03 15.07.2018 18.20.01 29.62423 296.9517 -112.5925 -0.4938 -1.6500 1.5416 96.9727 52.2191 360.2844 422.9611 -31.0189 0.0000 0.0000
810.03 15.07.2018 18.30.01 29.56622 296.4251 -123.4404 -0.5414 -1.5061 1.2862 82.7709 44.6459 358.4368 419.3292 -29.5571 0.0000 0.0000
820.03 15.07.2018 18.40.01 29.50201 295.8972 -129.0547 -0.5660 -1.3564 1.0538 61.5033 33.1855 356.5833 415.0593 -27.1628 0.0000 0.0000
830.03 15.07.2018 18.50.01 29.43392 295.3625 -139.4337 -0.6116 -1.2113 0.7997 39.3067 21.1849 354.6786 410.4044 -24.3341 0.0000 0.0000
840.03 15.07.2018 19.00.01 29.36004 294.8248 -147.5234 -0.6470 -1.0597 0.5502 16.5143 8.8215 352.7688 405.4997 -21.1339 0.0000 0.0000
850.03 15.07.2018 19.10.01 29.28127 294.1839 -143.2098 -0.6281 -0.9061 0.3707 13.4405 7.2014 350.9622 401.8519 -19.8771 0.0000 0.0000
860.03 15.07.2018 19.20.01 29.20342 293.5559 -128.5221 -0.5637 -0.7784 0.2862 11.3302 6.0851 349.3010 398.6761 -19.2381 0.0000 0.0000
870.03 15.07.2018 19.30.01 29.13098 292.9310 -120.8784 -0.5302 -0.6956 0.2206 9.3869 5.0543 347.7151 395.7091 -18.8638 0.0000 0.0000
880.03 15.07.2018 19.40.01 29.06112 292.3201 -118.8840 -0.5214 -0.6400 0.1581 6.4173 3.4567 346.1809 392.8614 -18.2757 0.0000 0.0000
890.03 15.07.2018 19.50.01 28.99142 291.7065 -120.4504 -0.5283 -0.5977 0.0925 3.3725 1.8163 344.6713 390.1059 -17.8455 0.0000 0.0000
900.03 15.07.2018 20.00.01 28.92034 291.0850 -123.3398 -0.5410 -0.5611 0.0269 0.2858 0.1506 343.1675 387.4151 -17.5806 0.0000 0.0000
910.03 15.07.2018 20.10.01 28.84734 290.6511 -119.2751 -0.5231 -0.5267 0.0048 0.0511 0.0269 341.6268 385.1561 -16.9782 0.0000 0.0000
920.03 15.07.2018 20.20.01 28.77554 290.1601 -116.0219 -0.5089 -0.5095 0.0009 0.0092 0.0049 340.1463 382.9865 -16.8867 0.0000 0.0000
930.03 15.07.2018 20.30.01 28.70428 289.7035 -115.7016 -0.5075 -0.5076 0.0002 0.0017 0.0009 338.6895 380.9435 -16.8019 0.0000 0.0000
940.03 15.07.2018 20.40.01 28.63271 289.3053 -117.2685 -0.5143 -0.5144 0.0000 0.0003 0.0002 337.2543 379.0584 -16.4638 0.0000 0.0000
950.03 15.07.2018 20.50.01 28.55996 288.8826 -119.5618 -0.5244 -0.5244 0.0000 0.0001 0.0000 335.8224 377.2278 -16.3523 0.0000 0.0000
960.03 15.07.2018 21.00.01 28.48556 288.4393 -122.6465 -0.5379 -0.5379 0.0000 0.0000 0.0000 334.3799 375.4024 -16.5337 0.0000 0.0000
970.03 15.07.2018 21.10.01 28.40896 288.1707 -126.7819 -0.5561 -0.5561 0.0000 0.0000 0.0000 333.0463 373.8998 -15.5495 0.0000 0.0000
980.03 15.07.2018 21.20.01 28.32949 287.7901 -131.8358 -0.5782 -0.5782 0.0000 0.0000 0.0000 331.4482 372.5366 -14.5388 0.0000 0.0000
990.03 15.07.2018 21.30.01 28.24688 287.4206 -137.1146 -0.6014 -0.6014 0.0000 0.0000 0.0000 330.5561 370.6816 -16.8274 0.0000 0.0000
1000.03 15.07.2018 21.40.01 28.16097 287.4214 -142.0893 -0.6232 -0.6232 0.0000 0.0000 0.0000 329.6729 369.8173 -13.9224 0.0000 0.0000
1010.03 15.07.2018 21.50.01 28.07272 286.9793 -145.4929 -0.6381 -0.6381 0.0000 0.0000 0.0000 328.2702 368.1280 -15.5437 0.0000 0.0000
1020.03 15.07.2018 22.00.01 27.98171 286.7141 -150.3306 -0.6593 -0.6593 0.0000 0.0000 0.0000 327.2472 366.4784 -17.2938 0.0000 0.0000
1030.03 15.07.2018 22.10.01 27.88827 286.5738 -153.7012 -0.6741 -0.6741 0.0000 0.0000 0.0000 326.5239 365.2237 -16.7168 0.0000 0.0000
1040.03 15.07.2018 22.20.01 27.79281 286.3568 -157.2501 -0.6897 -0.6897 0.0000 0.0000 0.0000 325.7915 363.9490 -16.6289 0.0000 0.0000
1050.03 15.07.2018 22.30.01 27.69506 286.2154 -160.7223 -0.7049 -0.7049 0.0000 0.0000 0.0000 325.0995 362.8116 -16.2851 0.0000 0.0000
1060.03 15.07.2018 22.40.01 27.59530 286.0776 -163.9023 -0.7189 -0.7189 0.0000 0.0000 0.0000 324.4313 361.7337 -15.9878 0.0000 0.0000
1070.03 15.07.2018 22.50.01 27.49368 285.9430 -166.8351 -0.7317 -0.7317 0.0000 0.0000 0.0000 323.7842 360.7060 -15.7426 0.0000 0.0000
1080.03 15.07.2018 23.00.01 27.39031 285.8093 -169.5361 -0.7436 -0.7436 0.0000 0.0000 0.0000 323.1453 359.7178 -15.5429 0.0000 0.0000
1090.03 15.07.2018 23.10.01 27.28536 285.7936 -172.3471 -0.7559 -0.7559 0.0000 0.0000 0.0000 322.7021 359.0447 -14.3410 0.0000 0.0000
1100.03 15.07.2018 23.20.01 27.17831 285.5442 -176.5301 -0.7743 -0.7743 0.0000 0.0000 0.0000 322.2162 358.0809 -15.0420 0.0000 0.0000
1110.03 15.07.2018 23.30.01 27.06844 285.2450 -180.8796 -0.7933 -0.7933 0.0000 0.0000 0.0000 321.6350 356.8918 -16.2900 0.0000 0.0000
1120.03 15.07.2018 23.40.01 26.95648 285.4163 -182.4208 -0.8001 -0.8001 0.0000 0.0000 0.0000 321.2256 356.8563 -12.4165 0.0000 0.0000
1130.03 15.07.2018 23.50.01 26.84579 285.5863 -177.3240 -0.7777 -0.7777 0.0000 0.0000 0.0000 320.8788 356.4093 -10.8582 0.0000 0.0000
1140.03 16.07.2018 00.00.01 26.73885 285.2526 -171.6311 -0.7528 -0.7528 0.0000 0.0000 0.0000 320.3253 355.1209 -13.7681 0.0000 0.0000
1150.03 16.07.2018 00.10.01 26.63354 285.2582 -171.6897 -0.7530 -0.7530 0.0000 0.0000 0.0000 319.9498 354.5241 -13.0142 0.0000 0.0000
1160.03 16.07.2018 00.20.01 26.52767 285.2809 -172.4682 -0.7564 -0.7564 0.0000 0.0000 0.0000 319.6607 354.0079 -12.2717 0.0000 0.0000
1170.03 16.07.2018 00.30.01 26.42147 285.2976 -173.1511 -0.7594 -0.7594 0.0000 0.0000 0.0000 319.3985 353.5266 -11.6161 0.0000 0.0000
1180.03 16.07.2018 00.40.01 26.31490 285.3116 -173.6841 -0.7618 -0.7618 0.0000 0.0000 0.0000 319.1544 353.0842 -10.9814 0.0000 0.0000
1190.03 16.07.2018 00.50.01 26.20782 285.3216 -173.7282 -0.7620 -0.7620 0.0000 0.0000 0.0000 318.9244 352.6656 -10.4078 0.0000 0.0000
1200.03 16.07.2018 01.00.01 26.10073 285.3257 -173.9042 -0.7627 -0.7627 0.0000 0.0000 0.0000 318.7040 352.2638 -9.8986 0.0000 0.0000
1210.03 16.07.2018 01.10.01 25.99365 285.1848 -173.9358 -0.7629 -0.7629 0.0000 0.0000 0.0000 318.3447 351.7492 -9.8833 0.0000 0.0000
1220.03 16.07.2018 01.20.01 25.88699 285.0326 -173.5688 -0.7613 -0.7613 0.0000 0.0000 0.0000 317.9761 351.2134 -9.9292 0.0000 0.0000
1230.03 16.07.2018 01.30.01 25.78079 284.8761 -172.9854 -0.7587 -0.7587 0.0000 0.0000 0.0000 317.5923 350.6660 -10.0042 0.0000 0.0000
1240.03 16.07.2018 01.40.01 25.67480 284.7545 -171.9483 -0.7542 -0.7542 0.0000 0.0000 0.0000 317.1898 350.2031 -9.7069 0.0000 0.0000
1250.03 16.07.2018 01.50.01 25.56951 284.5972 -170.7616 -0.7490 -0.7490 0.0000 0.0000 0.0000 316.8131 349.7006 -9.6741 0.0000 0.0000
1260.03 16.07.2018 02.00.01 25.46453 284.4088 -170.8295 -0.7493 -0.7493 0.0000 0.0006 0.0003 316.4297 349.1020 -10.0366 0.0000 0.0000
1270.03 16.07.2018 02.10.01 25.35912 284.5380 -169.7984 -0.7447 -0.7558 0.0147 0.3565 0.1862 316.0944 348.8847 -8.8677 0.0000 0.0000
1280.03 16.07.2018 02.20.01 25.25408 284.4961 -168.8738 -0.7407 -0.7658 0.0335 0.7585 0.3966 315.6036 348.6544 -7.8870 0.0000 0.0000
1290.03 16.07.2018 02.30.01 25.14929 284.1871 -169.0214 -0.7413 -0.7810 0.0529 1.1675 0.6106 315.2311 347.9064 -9.2917 0.0000 0.0000
1300.03 16.07.2018 02.40.01 25.04403 284.3208 -169.6339 -0.7440 -0.7984 0.0725 1.5778 0.8253 315.0001 347.7412 -8.3544 0.0000 0.0000
1310.03 16.07.2018 02.50.01 24.93871 284.0234 -170.1122 -0.7461 -0.8152 0.0921 1.9884 1.0402 314.5638 347.0075 -9.7813 0.0000 0.0000
1320.03 16.07.2018 03.00.01 24.83245 283.8046 -171.9360 -0.7541 -0.8380 0.1119 2.4022 1.2567 314.1843 346.2199 -11.0949 0.0000 0.0000
1330.03 16.07.2018 03.10.01 24.72552 283.9584 -158.8763 -0.6968 -0.8553 0.2113 4.7477 2.4821 314.1466 346.1382 -10.0714 0.0000 0.0000
1340.03 16.07.2018 03.20.01 24.62499 284.1249 -146.7699 -0.6437 -0.8934 0.3329 7.3435 3.8405 314.2410 346.2275 -9.2232 0.0000 0.0000
1350.03 16.07.2018 03.30.01 24.53057 284.2979 -137.8390 -0.6046 -0.9483 0.4583 9.9772 5.2187 314.3934 346.4244 -8.4705 0.0000 0.0000
1360.03 16.07.2018 03.40.01 24.44094 284.4734 -130.9827 -0.5745 -1.0127 0.5843 12.6184 6.6009 314.5810 346.6998 -7.8280 0.0000 0.0000
1370.03 16.07.2018 03.50.01 24.35513 284.6479 -125.3097 -0.5496 -1.0825 0.7105 15.2608 7.9837 314.7928 347.0428 -7.2660 0.0000 0.0000
1380.03 16.07.2018 04.00.01 24.27249 284.8132 -120.3715 -0.5279 -1.1555 0.8367 17.9031 9.3665 314.9899 347.4283 -6.8065 0.0000 0.0000
1390.03 16.07.2018 04.10.01 24.19286 285.6458 -117.0066 -0.5132 -1.2274 0.9524 20.2903 10.6160 316.6141 348.7341 -4.0009 0.0000 0.0000
1400.03 16.07.2018 04.20.01 24.11630 286.3393 -111.0263 -0.4870 -1.2858 1.0651 22.6444 11.8480 318.3497 350.0866 -1.0291 0.0000 0.0000
1410.03 16.07.2018 04.30.01 24.04406 287.0107 -102.9415 -0.4515 -1.3345 1.1773 24.9936 13.0773 320.0720 351.6081 2.5693 0.0000 0.0000
1420.03 16.07.2018 04.40.01 23.97729 287.7933 -93.5278 -0.4102 -1.3773 1.2894 27.3417 14.3061 321.8923 353.2875 3.6412 0.0000 0.0000
1430.03 16.07.2018 04.50.01 23.91656 288.5979 -83.3870 -0.3657 -1.4169 1.4016 76.3625 40.2658 323.7543 357.4430 2.3391 0.0000 0.0000
1440.03 16.07.2018 05.00.01 23.86218 289.4346 -49.9506 -0.2191 -1.4592 1.6535 85.9415 45.2190 325.9292 361.0577 3.9684 0.0000 0.0000
1450.03 16.07.2018 05.10.01 23.82394 290.0356 -46.0477 -0.2020 -1.5545 1.8034 314.5236 165.4364 327.7572 374.7159 -10.0958 0.0000 0.0000
1460.03 16.07.2018 05.20.01 23.79046 290.8972 90.3029 0.3961 -1.6361 2.7096 537.1891 281.5024 331.0784 394.3818 -31.0847 0.0000 0.0000
1470.03 16.07.2018 05.30.01 23.81985 291.8583 202.8328 0.8896 -1.9839 3.8313 749.2176 391.0576 335.2859 417.1734 -57.5098 0.0000 0.0000
1480.03 16.07.2018 05.40.01 23.90304 292.7930 277.9355 1.2190 -2.5258 4.9931 689.4636 358.3653 339.9627 430.8856 -71.8905 0.0000 0.0000
1490.03 16.07.2018 05.50.01 24.02233 293.4780 155.2296 0.6808 -3.1710 5.1358 623.1534 322.5442 342.8595 437.1371 -81.2578 0.0000 0.0000
1500.03 16.07.2018 06.00.01 24.09170 294.0730 67.8772 0.2977 -3.4946 5.0564 558.3671 287.8053 345.0632 440.2111 -89.1419 0.0000 0.0000
1510.03 16.07.2018 06.10.01 24.12490 294.4298 28.1621 0.1235 -3.5982 4.9623 523.5634 268.6459 346.8211 442.5005 -89.0865 0.0000 0.0000
1520.03 16.07.2018 06.20.01 24.14178 294.7949 45.6192 0.2001 -3.6018 5.0692 488.4891 249.1687 348.9777 443.9980 -87.4809 0.0000 0.0000
1530.03 16.07.2018 06.30.01 24.16735 295.1480 50.1905 0.2201 -3.6309 5.1347 461.5225 234.5859 351.0211 445.5023 -86.2481 0.0000 0.0000
1540.03 16.07.2018 06.40.01 24.19644 295.5188 69.2597 0.3038 -3.6524 5.2749 439.9491 222.5197 353.1320 446.3239 -83.5299 0.0000 0.0000
1550.03 16.07.2018 06.50.01 24.23889 295.8934 421.5943 1.8491 -3.6970 7.3948 438.7718 221.1954 355.3401 449.0447 -83.6220 0.0000 0.0000
1560.03 16.07.2018 07.00.01 24.43920 296.2773 676.1201 2.9654 -4.4907 9.9415 442.9447 222.7549 357.4814 452.1834 -84.2374 0.0000 0.0000
1570.03 16.07.2018 07.10.01 24.75567 296.6052 797.8326 3.4993 -5.7901 12.3858 449.3633 225.3391 359.4111 455.0623 -84.1962 0.0000 0.0000
1580.03 16.07.2018 07.20.01 25.13085 296.9247 862.1702 3.7814 -7.2941 14.7674 455.8922 228.0358 361.5399 458.1015 -84.2998 0.0000 0.0000
1590.03 16.07.2018 07.30.01 25.53927 297.2522 881.2122 3.8650 -8.8752 16.9868 461.6037 230.3623 363.7705 461.1212 -84.1633 0.0000 0.0000
1600.03 16.07.2018 07.40.01 25.96111 297.5928 906.5145 3.9759 -10.4369 19.2171 470.1640 234.2120 366.0874 464.4962 -83.6591 0.0000 0.0000
1610.03 16.07.2018 07.50.01 26.39831 297.9308 904.2509 3.9660 -11.9982 21.2857 477.4217 237.4023 368.3468 467.8976 -82.8691 0.0000 0.0000
1620.03 16.07.2018 08.00.01 26.83801 298.2631 856.5206 3.7567 -13.5026 23.0123 482.3320 239.4420 370.4338 471.0838 -81.9196 0.0000 0.0000
1630.03 16.07.2018 08.10.01 27.26061 298.5354 877.1257 3.8470 -14.8575 24.9394 489.5619 242.7084 372.5784 474.3423 -84.2711 0.0000 0.0000
1640.03 16.07.2018 08.20.01 27.69485 298.7990 857.6896 3.7618 -16.2214 26.6442 495.0664 245.1100 374.5052 477.1974 -86.6845 0.0000 0.0000
1650.03 16.07.2018 08.30.01 28.12322 299.0343 848.5765 3.7218 -17.5074 28.3056 500.5900 247.5535 376.5787 479.9165 -89.2949 0.0000 0.0000
1660.03 16.07.2018 08.40.01 28.54992 299.2290 839.0887 3.6802 -18.7425 29.8969 506.7812 250.3251 378.5404 482.8510 -89.1799 0.0000 0.0000
1670.03 16.07.2018 08.50.01 28.97451 299.4129 821.3836 3.6026 -19.9294 31.3759 512.3580 252.8131 380.4236 485.8153 -89.1224 0.0000 0.0000
1680.03 16.07.2018 09.00.01 29.39251 299.5399 749.1523 3.2858 -21.0526 32.4512 514.5414 253.5689 381.9436 488.2266 -89.1103 0.0000 0.0000
1690.03 16.07.2018 09.10.01 29.78063 299.6916 736.2356 3.2291 -21.9954 33.6327 519.0071 255.6687 383.4870 490.6712 -91.2088 0.0000 0.0000
1700.03 16.07.2018 09.20.01 30.16424 299.8482 713.4484 3.1292 -22.8902 34.6924 522.7330 257.4151 384.9716 492.8193 -93.2050 0.0000 0.0000
1710.03 16.07.2018 09.30.01 30.53927 299.9617 696.4482 3.0546 -23.7146 35.6922 526.5164 259.2394 386.6058 494.4336 -97.1735 0.0000 0.0000
1720.03 16.07.2018 09.40.01 30.90823 299.9869 687.1591 3.0139 -24.4836 36.6632 531.2342 261.5168 387.9737 495.6993 -99.8122 0.0000 0.0000
1730.03 16.07.2018 09.50.01 31.27401 299.9949 668.0411 2.9300 -25.2186 37.5315 535.4731 263.5843 389.2876 496.6732 -103.1211 0.0000 0.0000
1740.03 16.07.2018 10.00.01 31.63186 300.0177 612.8358 2.6879 -25.9009 38.1184 538.0366 264.8601 390.4714 497.2778 -106.4834 0.0000 0.0000
1750.03 16.07.2018 10.10.01 31.96493 300.3971 470.9695 2.0657 -26.4480 38.0182 532.2569 262.2463 392.1016 500.3342 -97.8780 0.0000 0.0000
1760.03 16.07.2018 10.20.01 32.23681 300.6197 382.7090 1.6785 -26.6639 37.7900 525.8452 259.3486 393.9249 502.9298 -92.2372 0.0000 0.0000
1770.03 16.07.2018 10.30.01 32.46942 300.8315 288.7216 1.2663 -26.6862 37.2700 516.9818 255.2025 395.2343 503.5857 -90.2859 0.0000 0.0000
1780.03 16.07.2018 10.40.01 32.66036 300.9572 260.6596 1.1432 -26.5063 36.8660 510.6851 252.3387 396.2522 504.2774 -87.6778 0.0000 0.0000
1790.03 16.07.2018 10.50.01 32.83904 301.0787 228.6788 1.0030 -26.2629 36.3545 503.8466 249.2307 397.1559 504.6165 -87.7386 0.0000 0.0000
1800.03 16.07.2018 11.00.01 33.00073 301.2208 173.7244 0.7619 -25.9737 35.6476 496.1651 245.7629 398.0726 504.5027 -89.7517 0.0000 0.0000
1810.03 16.07.2018 11.10.01 33.13870 301.1797 350.2390 1.5361 -25.5945 36.1742 499.4253 247.1027 399.0507 509.5604 -72.9994 0.0000 0.0000
1820.03 16.07.2018 11.20.01 33.35418 301.3994 444.5236 1.9497 -25.6135 36.7509 503.7319 249.0314 399.6995 510.7688 -77.7450 0.0000 0.0000
1830.03 16.07.2018 11.30.01 33.61144 301.1388 485.9947 2.1316 -25.8429 37.2993 508.1578 251.0524 399.5823 507.5050 -98.0135 0.0000 0.0000
1840.03 16.07.2018 11.40.01 33.88595 301.3656 497.8032 2.1833 -26.1758 37.8122 512.7033 253.1302 400.1360 507.7258 -101.1613 0.0000 0.0000
1850.03 16.07.2018 11.50.01 34.16604 301.2330 495.8997 2.1750 -26.5277 38.2702 517.2056 255.2242 400.8778 506.5032 -112.7075 0.0000 0.0000
1860.03 16.07.2018 12.00.01 34.44528 301.2781 453.3386 1.9883 -26.8651 38.4713 520.0056 256.4916 400.9918 504.9526 -123.0170 0.0000 0.0000
1870.03 16.07.2018 12.10.01 34.70406 301.3432 237.5691 1.0420 -27.0917 37.5116 510.3032 252.0038 401.1187 503.9570 -122.0481 0.0000 0.0000
1880.03 16.07.2018 12.20.01 34.86678 301.4542 97.5595 0.4279 -26.8428 36.3610 499.0249 246.7159 401.0129 502.6379 -120.5308 0.0000 0.0000
1890.03 16.07.2018 12.30.01 34.96584 301.5050 7.2566 0.0318 -26.3038 35.1142 487.1251 241.1273 400.6844 500.9875 -119.3587 0.0000 0.0000
1900.03 16.07.2018 12.40.01 35.02242 301.5499 -37.8465 -0.1660 -25.5997 33.9116 476.0677 235.9356 400.2788 499.4040 -117.7268 0.0000 0.0000
1910.03 16.07.2018 12.50.01 35.05648 301.6174 -41.9259 -0.1839 -24.8331 32.8657 467.3452 232.0268 400.2373 498.1888 -116.4129 0.0000 0.0000
1920.03 16.07.2018 13.00.01 35.08557 301.6671 -103.8260 -0.4554 -24.0870 31.5089 455.5863 226.5306 399.9554 496.5241 -114.6016 0.0000 0.0000
1930.03 16.07.2018 13.10.01 35.08331 301.6376 -257.5975 -1.1298 -23.2293 29.4659 437.4932 218.3343 400.0349 495.2031 -109.3083 0.0000 0.0000
1940.03 16.07.2018 13.20.01 35.00988 301.5897 -361.8703 -1.5871 -22.0705 27.3112 417.4107 209.0282 399.8087 493.3859 -104.3556 0.0000 0.0000
1950.03 16.07.2018 13.30.01 34.88653 301.5373 -412.8434 -1.8107 -20.7305 25.2264 397.7473 199.9220 399.4649 491.4316 -99.9850 0.0000 0.0000
1960.03 16.07.2018 13.40.01 34.73660 301.4324 -442.0774 -1.9389 -19.3304 23.1886 377.9876 190.7320 398.7929 488.8534 -99.4154 0.0000 0.0000
1970.03 16.07.2018 13.50.01 34.56991 301.3703 -451.5375 -1.9804 -17.9169 21.2486 358.7199 181.7634 398.3150 486.2793 -96.4574 0.0000 0.0000
1980.03 16.07.2018 14.00.01 34.39562 301.3023 -453.0340 -1.9870 -16.5290 19.3893 339.9823 173.0508 397.8976 483.7182 -92.8040 0.0000 0.0000
1990.03 16.07.2018 14.10.01 34.21859 301.2193 -350.8753 -1.5389 -15.1844 18.1939 326.1857 166.2719 396.9330 480.5113 -92.0571 0.0000 0.0000
2000.03 16.07.2018 14.20.01 34.08410 301.1141 -299.5452 -1.3138 -14.1022 17.0512 312.9146 159.7695 395.8437 477.3403 -90.6021 0.0000 0.0000
2010.03 16.07.2018 14.30.01 33.97042 301.0103 -264.5624 -1.1604 -13.1618 16.0019 300.4311 153.6680 394.8719 474.3093 -88.6439 0.0000 0.0000
2020.03 16.07.2018 14.40.01 33.87057 300.8967 -238.3909 -1.0456 -12.3212 15.0342 288.5205 147.8707 394.0606 471.5259 -86.2275 0.0000 0.0000
2030.03 16.07.2018 14.50.01 33.78069 300.7807 -233.0182 -1.0220 -11.5567 14.0463 275.9116 141.6695 393.1663 468.7307 -83.2653 0.0000 0.0000
2040.03 16.07.2018 15.00.01 33.69219 300.7104 -229.9710 -1.0086 -10.8191 13.0806 263.4582 135.5440 392.2558 465.9366 -80.3314 0.0000 0.0000
2050.03 16.07.2018 15.10.01 33.60458 300.6796 -177.0450 -0.7765 -10.1135 12.4494 259.2750 133.4582 390.8601 463.7398 -75.6650 0.0000 0.0000
2060.03 16.07.2018 15.20.01 33.54034 300.6477 -154.4693 -0.6775 -9.5350 11.8100 253.4253 130.3787 389.6685 461.8018 -70.3924 0.0000 0.0000
2070.03 16.07.2018 15.30.01 33.48486 300.6216 -162.6414 -0.7133 -9.0191 11.0743 247.1325 127.1059 388.4805 459.9405 -66.8756 0.0000 0.0000
2080.03 16.07.2018 15.40.01 33.42477 300.6069 -168.7822 -0.7403 -8.4965 10.3416 242.4297 124.6817 387.4282 458.3782 -63.4966 0.0000 0.0000
2090.03 16.07.2018 15.50.01 33.36071 300.5908 -197.0252 -0.8641 -7.9735 9.4791 236.8402 121.8227 386.3959 456.8391 -60.5414 0.0000 0.0000
2100.03 16.07.2018 16.00.01 33.28292 300.5855 -241.6939 -1.0601 -7.4030 8.4572 230.4146 118.5843 385.3858 455.1401 -59.6025 0.0000 0.0000
2110.03 16.07.2018 16.10.01 33.18401 300.4439 -272.9171 -1.1970 -6.7517 7.4062 216.1741 111.4973 384.3080 453.1445 -57.9226 0.0000 0.0000
2120.03 16.07.2018 16.20.01 33.06942 300.2858 -302.2050 -1.3255 -6.0558 6.3071 200.9119 103.8340 382.9728 450.8289 -54.5157 0.0000 0.0000
2130.03 16.07.2018 16.30.01 32.94006 300.1396 -297.1061 -1.3031 -5.3229 5.3597 187.1112 96.9332 381.7210 448.5302 -52.0675 0.0000 0.0000
2140.03 16.07.2018 16.40.01 32.81173 299.9769 -206.8483 -0.9072 -4.6286 4.9619 173.1682 89.6092 380.2861 446.1054 -49.4929 0.0000 0.0000
2150.03 16.07.2018 16.50.01 32.72115 299.8297 -167.2026 -0.7333 -4.1577 4.5658 163.1049 84.6111 378.7840 443.9986 -47.3706 0.0000 0.0000
2160.03 16.07.2018 17.00.01 32.64669 299.6655 -158.1690 -0.6937 -3.7903 4.1287 152.2492 79.1679 377.1367 441.7006 -44.9796 0.0000 0.0000
2170.03 16.07.2018 17.10.01 32.57534 299.4463 -133.8303 -0.5870 -3.4573 3.8271 144.5068 75.3190 375.6717 439.3952 -44.2071 0.0000 0.0000
2180.03 16.07.2018 17.20.01 32.51367 299.2106 -120.6893 -0.5293 -3.1931 3.5517 136.7278 71.4278 374.2449 437.1891 -42.0338 0.0000 0.0000
2190.03 16.07.2018 17.30.01 32.45666 298.9902 -117.7953 -0.5166 -2.9703 3.2716 128.5568 67.3051 372.8243 434.9516 -40.0800 0.0000 0.0000
2200.03 16.07.2018 17.40.01 32.40011 298.7591 -115.0943 -0.5048 -2.7660 3.0150 129.5974 68.8280 371.4565 433.9944 -40.4065 0.0000 0.0000
2210.03 16.07.2018 17.50.01 32.34374 298.5387 -121.1164 -0.5312 -2.5794 2.7310 117.6575 62.5835 370.0618 431.5250 -37.4825 0.0000 0.0000
2220.03 16.07.2018 18.00.01 32.28381 298.3159 -127.9872 -0.5613 -2.3915 2.4403 107.4040 57.3564 368.6417 429.2292 -35.0254 0.0000 0.0000
2230.03 16.07.2018 18.10.01 32.21981 297.9247 -135.9536 -0.5963 -2.2019 2.1408 95.4407 51.0468 367.0315 426.5736 -31.8251 0.0000 0.0000
2240.03 16.07.2018 18.20.01 32.15118 297.5421 -144.1506 -0.6322 -2.0085 1.8351 83.0495 44.4855 365.4002 423.7526 -29.1151 0.0000 0.0000
2250.03 16.07.2018 18.30.01 32.07775 297.1535 -151.4126 -0.6641 -1.8103 1.5283 70.3253 37.7261 363.7393 420.7929 -26.2657 0.0000 0.0000
2260.03 16.07.2018 18.40.01 32.00021 296.7853 -156.0254 -0.6843 -1.6103 1.2347 52.5214 28.1733 362.0717 417.3805 -23.0406 0.0000 0.0000
2270.03 16.07.2018 18.50.01 31.91937 296.4011 -163.9266 -0.7190 -1.4148 0.9277 34.0779 18.2474 360.4331 413.6942 -19.4945 0.0000 0.0000
2280.03 16.07.2018 19.00.01 31.83380 296.0095 -171.0725 -0.7503 -1.2181 0.6237 15.2084 8.0622 358.7739 409.7508 -16.1722 0.0000 0.0000
2290.03 16.07.2018 19.10.01 31.74386 295.2818 -158.5629 -0.6955 -1.0249 0.4392 12.1584 6.4576 357.2553 406.5583 -15.8786 0.0000 0.0000
2300.03 16.07.2018 19.20.01 31.65801 294.5489 -141.9572 -0.6226 -0.8796 0.3427 10.0248 5.3343 355.7949 403.6154 -16.4845 0.0000 0.0000
2310.03 16.07.2018 19.30.01 31.57772 293.8640 -136.2855 -0.5977 -0.7947 0.2626 8.0466 4.2915 354.4007 400.7631 -17.2116 0.0000 0.0000
2320.03 16.07.2018 19.40.01 31.49822 293.2128 -137.4482 -0.6028 -0.7418 0.1853 5.4989 2.9337 353.0516 398.0410 -17.5311 0.0000 0.0000
2330.03 16.07.2018 19.50.01 31.41702 292.5908 -141.7051 -0.6215 -0.7014 0.1065 2.9105 1.5528 351.7116 395.4144 -17.7640 0.0000 0.0000
2340.03 16.07.2018 20.00.01 31.33282 291.8975 -147.4706 -0.6468 -0.6677 0.0278 0.3002 0.1585 350.4251 392.7631 -18.5248 0.0000 0.0000
2350.03 16.07.2018 20.10.01 31.24459 291.7091 -145.0032 -0.6360 -0.6397 0.0049 0.0515 0.0271 351.5947 390.9616 -18.8305 0.0000 0.0000
2360.03 16.07.2018 20.20.01 31.15658 291.5156 -142.8670 -0.6266 -0.6273 0.0009 0.0095 0.0050 352.9134 389.4099 -19.4966 0.0000 0.0000
2370.03 16.07.2018 20.30.01 31.06869 291.3215 -142.6997 -0.6259 -0.6260 0.0002 0.0017 0.0009 354.1782 387.9921 -20.3146 0.0000 0.0000
2380.03 16.07.2018 20.40.01 30.98049 291.1438 -144.4897 -0.6337 -0.6337 0.0000 0.0003 0.0002 355.4737 386.7789 -20.9345 0.0000 0.0000
2390.03 16.07.2018 20.50.01 30.89099 290.9624 -146.9379 -0.6445 -0.6445 0.0000 0.0001 0.0000 356.7943 385.6721 -21.7770 0.0000 0.0000
2400.03 16.07.2018 21.00.01 30.79989 290.7772 -149.5604 -0.6560 -0.6560 0.0000 0.0000 0.0000 358.1182 384.6450 -22.7986 0.0000 0.0000
2410.03 16.07.2018 21.10.01 30.70742 291.1706 -150.6408 -0.6607 -0.6607 0.0000 0.0000 0.0000 357.9932 384.3403 -19.7852 0.0000 0.0000
2420.03 16.07.2018 21.20.01 30.61547 291.5663 -148.0869 -0.6495 -0.6495 0.0000 0.0000 0.0000 357.9756 384.2329 -16.7998 0.0000 0.0000
2430.03 16.07.2018 21.30.01 30.52575 291.9698 -143.8465 -0.6309 -0.6309 0.0000 0.0000 0.0000 358.0510 384.3288 -13.7507 0.0000 0.0000
2440.03 16.07.2018 21.40.01 30.43890 292.3718 -138.8710 -0.6091 -0.6091 0.0000 0.0000 0.0000 358.2167 384.6215 -10.5928 0.0000 0.0000
2450.03 16.07.2018 21.50.01 30.35519 292.7933 -133.5329 -0.5857 -0.5857 0.0000 0.0000 0.0000 358.4599 385.0953 -7.3442 0.0000 0.0000
2460.03 16.07.2018 22.00.01 30.27487 293.2189 -128.1436 -0.5620 -0.5620 0.0000 0.0000 0.0000 358.7723 385.7143 -4.1286 0.0000 0.0000
2470.03 16.07.2018 22.10.01 30.19769 292.9135 -123.6315 -0.5422 -0.5422 0.0000 0.0000 0.0000 359.1565 385.6867 -5.3877 0.0000 0.0000
2480.03 16.07.2018 22.20.01 30.12280 292.5737 -120.6923 -0.5294 -0.5294 0.0000 0.0000 0.0000 359.4509 385.7258 -5.1388 0.0000 0.0000
2490.03 16.07.2018 22.30.01 30.04934 292.2622 -118.5200 -0.5198 -0.5198 0.0000 0.0000 0.0000 359.3922 385.0311 -7.5644 0.0000 0.0000
2500.03 16.07.2018 22.40.01 29.97561 291.9869 -121.6985 -0.5338 -0.5338 0.0000 0.0000 0.0000 359.5160 384.6836 -8.1225 0.0000 0.0000
2510.03 16.07.2018 22.50.01 29.89971 291.7208 -125.2136 -0.5492 -0.5492 0.0000 0.0000 0.0000 359.7483 384.3402 -8.6390 0.0000 0.0000
2520.03 16.07.2018 23.00.01 29.82195 291.3307 -127.7620 -0.5604 -0.5604 0.0000 0.0000 0.0000 359.7250 383.4148 -11.5980 0.0000 0.0000
2530.03 16.07.2018 23.10.01 29.74252 291.2048 -130.8967 -0.5741 -0.5741 0.0000 0.0000 0.0000 359.5842 382.8432 -11.9682 0.0000 0.0000
2540.03 16.07.2018 23.20.01 29.66113 291.1218 -133.9609 -0.5875 -0.5875 0.0000 0.0000 0.0000 359.5258 382.3169 -12.2971 0.0000 0.0000
2550.03 16.07.2018 23.30.01 29.57794 291.0375 -136.7620 -0.5998 -0.5998 0.0000 0.0000 0.0000 359.4833 381.7943 -12.6689 0.0000 0.0000
2560.03 16.07.2018 23.40.01 29.49316 290.9554 -139.3080 -0.6110 -0.6110 0.0000 0.0000 0.0000 359.4512 381.2930 -12.9809 0.0000 0.0000
2570.03 16.07.2018 23.50.01 29.40685 290.8725 -141.2881 -0.6197 -0.6197 0.0000 0.0000 0.0000 359.4217 380.7983 -13.3055 0.0000 0.0000
2580.03 17.07.2018 00.00.01 29.31942 290.7898 -143.1244 -0.6277 -0.6277 0.0000 0.0000 0.0000 359.3898 380.3092 -13.6298 0.0000 0.0000
2590.03 17.07.2018 00.10.01 29.23101 290.9022 -144.3157 -0.6330 -0.6330 0.0000 0.0000 0.0000 359.0951 380.0175 -12.8902 0.0000 0.0000
2600.03 17.07.2018 00.20.01 29.14221 290.9818 -145.2928 -0.6372 -0.6372 0.0000 0.0000 0.0000 358.7949 379.7168 -12.3772 0.0000 0.0000
2610.03 17.07.2018 00.30.01 29.05248 291.0545 -145.6547 -0.6388 -0.6388 0.0000 0.0000 0.0000 358.4928 379.4329 -11.8956 0.0000 0.0000
2620.03 17.07.2018 00.40.01 28.96276 291.1374 -145.5497 -0.6384 -0.6384 0.0000 0.0000 0.0000 358.2634 379.2863 -10.9687 0.0000 0.0000
2630.03 17.07.2018 00.50.01 28.87374 291.1540 -144.9594 -0.6358 -0.6358 0.0000 0.0000 0.0000 358.0083 379.0020 -10.7062 0.0000 0.0000
2640.03 17.07.2018 01.00.01 28.78494 291.1818 -144.0569 -0.6318 -0.6318 0.0000 0.0000 0.0000 357.7249 378.7410 -10.2752 0.0000 0.0000
2650.03 17.07.2018 01.10.01 28.69711 291.1209 -141.1076 -0.6189 -0.6189 0.0000 0.0000 0.0000 357.0781 379.0267 -7.5384 0.0000 0.0000
2660.03 17.07.2018 01.20.01 28.61279 290.9790 -132.9847 -0.5833 -0.5833 0.0000 0.0000 0.0000 356.3397 378.7268 -7.6574 0.0000 0.0000
2670.03 17.07.2018 01.30.01 28.53207 290.8100 -131.8681 -0.5784 -0.5784 0.0000 0.0000 0.0000 355.1534 377.4778 -10.9881 0.0000 0.0000
2680.03 17.07.2018 01.40.01 28.44903 290.7976 -137.7867 -0.6043 -0.6043 0.0000 0.0000 0.0000 354.3094 377.4005 -8.6303 0.0000 0.0000
2690.03 17.07.2018 01.50.01 28.36434 290.7270 -136.8812 -0.6004 -0.6004 0.0000 0.0000 0.0000 353.5463 377.1312 -7.8288 0.0000 0.0000
2700.03 17.07.2018 02.00.01 28.28161 290.5575 -132.3813 -0.5806 -0.5806 0.0000 0.0007 0.0004 352.5138 376.4694 -8.3870 0.0000 0.0000
2710.03 17.07.2018 02.10.01 28.20141 290.2628 -127.1604 -0.5577 -0.5704 0.0170 0.4114 0.2148 349.4658 375.4593 -9.1233 0.0000 0.0000
2720.03 17.07.2018 02.20.01 28.12176 290.0431 -129.3346 -0.5673 -0.5962 0.0386 0.8752 0.4576 346.3338 374.1874 -10.0974 0.0000 0.0000
2730.03 17.07.2018 02.30.01 28.03903 289.7534 -136.2702 -0.5977 -0.6435 0.0611 1.3471 0.7045 343.1215 372.6979 -11.3370 0.0000 0.0000
2740.03 17.07.2018 02.40.01 27.95129 289.4447 -145.1165 -0.6365 -0.6992 0.0837 1.8206 0.9523 339.8997 371.2929 -11.6442 0.0000 0.0000
2750.03 17.07.2018 02.50.01 27.85845 289.1278 -152.5000 -0.6689 -0.7486 0.1063 2.2944 1.2002 336.6512 369.7989 -12.1109 0.0000 0.0000
2760.03 17.07.2018 03.00.01 27.76147 288.7678 -158.9349 -0.6971 -0.7939 0.1291 2.7725 1.4504 333.3259 368.0904 -13.1773 0.0000 0.0000
2770.03 17.07.2018 03.10.01 27.66088 288.7148 -145.8389 -0.6396 -0.8336 0.2586 5.8383 3.0521 332.9545 367.4132 -11.9842 0.0000 0.0000
2780.03 17.07.2018 03.20.01 27.56710 288.6777 -130.5798 -0.5727 -0.8862 0.4180 9.2394 4.8319 332.8608 367.0482 -11.1905 0.0000 0.0000
2790.03 17.07.2018 03.30.01 27.48159 288.6455 -117.7751 -0.5166 -0.9533 0.5823 12.6914 6.6383 332.8482 366.8501 -10.6012 0.0000 0.0000
2800.03 17.07.2018 03.40.01 27.40313 288.6088 -107.4107 -0.4711 -1.0317 0.7475 16.1534 8.4501 332.9003 366.8183 -10.0364 0.0000 0.0000
2810.03 17.07.2018 03.50.01 27.33050 288.5984 -98.6433 -0.4326 -1.1173 0.9129 19.6171 10.2627 333.0224 366.9417 -9.5319 0.0000 0.0000
2820.03 17.07.2018 04.00.01 27.26296 288.5961 -90.7785 -0.3982 -1.2069 1.0784 23.0830 12.0765 333.1832 367.1758 -9.1278 0.0000 0.0000
2830.03 17.07.2018 04.10.01 27.19995 288.9631 -76.1481 -0.3340 -1.3004 1.2886 27.6332 14.4565 333.3562 367.7931 -7.6272 0.0000 0.0000
2840.03 17.07.2018 04.20.01 27.14440 289.3341 -64.0129 -0.2808 -1.4142 1.5113 32.3239 16.9112 333.6081 368.5898 -6.3050 0.0000 0.0000
2850.03 17.07.2018 04.30.01 27.09521 289.7106 -54.7188 -0.2400 -1.5421 1.7361 37.0359 19.3771 333.9083 369.5313 -5.0781 0.0000 0.0000
2860.03 17.07.2018 04.40.01 27.05120 290.0912 -46.9176 -0.2058 -1.6767 1.9613 41.7521 21.8451 334.2493 370.5920 -3.9796 0.0000 0.0000
2870.03 17.07.2018 04.50.01 27.01174 290.4746 -39.7570 -0.1744 -1.8143 2.1865 67.4253 35.4154 334.6272 372.8061 -4.7119 0.0000 0.0000
2880.03 17.07.2018 05.00.01 26.97668 290.8682 -22.2277 -0.0975 -1.9531 2.4741 76.2746 40.0237 335.1384 374.7774 -5.1333 0.0000 0.0000
2890.03 17.07.2018 05.10.01 26.95034 291.2462 -30.1153 -0.1321 -2.1147 2.6435 239.0258 125.6295 336.2055 383.9021 -17.6204 0.0000 0.0000
2900.03 17.07.2018 05.20.01 26.92285 291.6967 58.1103 0.2549 -2.2418 3.3289 397.3836 208.1886 338.2566 396.8891 -36.3739 0.0000 0.0000
2910.03 17.07.2018 05.30.01 26.93606 292.1818 133.2874 0.5846 -2.5401 4.1663 548.2430 286.1553 340.9166 411.8593 -57.4429 0.0000 0.0000
2920.03 17.07.2018 05.40.01 26.98507 292.6741 182.9936 0.8026 -2.9706 5.0310 525.5636 273.2402 343.8704 421.2039 -68.2405 0.0000 0.0000
2930.03 17.07.2018 05.50.01 27.05798 293.1015 107.5142 0.4716 -3.4708 5.2565 497.9152 257.8489 345.8250 426.6703 -72.9845 0.0000 0.0000
2940.03 17.07.2018 06.00.01 27.10037 293.5021 55.4817 0.2433 -3.7708 5.3522 470.5743 242.7421 347.4538 430.7117 -75.8364 0.0000 0.0000
2950.03 17.07.2018 06.10.01 27.12158 293.7420 39.0693 0.1714 -3.9351 5.4753 449.3504 230.8480 349.0996 433.5984 -78.7594 0.0000 0.0000
2960.03 17.07.2018 06.20.01 27.13677 293.9794 49.9864 0.2192 -4.0500 5.6923 426.4896 217.9004 350.9426 435.3772 -80.2829 0.0000 0.0000
2970.03 17.07.2018 06.30.01 27.15786 294.2068 50.7410 0.2225 -4.1743 5.8625 410.8170 209.3003 352.6657 437.2400 -81.9123 0.0000 0.0000
2980.03 17.07.2018 06.40.01 27.18063 294.4441 66.0592 0.2897 -4.2830 6.0970 397.2896 201.5485 354.4305 438.3491 -82.5449 0.0000 0.0000
2990.03 17.07.2018 06.50.01 27.21453 294.6854 373.2319 1.6370 -4.4078 8.0598 401.4079 203.0785 356.2295 440.8971 -85.9540 0.0000 0.0000
3000.03 17.07.2018 07.00.01 27.38586 294.9174 576.7117 2.5294 -5.1854 10.2864 408.9593 206.4657 357.9647 443.5494 -89.6878 0.0000 0.0000
3010.03 17.07.2018 07.10.01 27.65042 295.1397 671.8990 2.9469 -6.3637 12.4142 417.4816 210.2062 359.0818 445.3687 -95.5284 0.0000 0.0000
3020.03 17.07.2018 07.20.01 27.96133 295.3568 726.1169 3.1847 -7.6980 14.5103 426.2122 214.0951 360.2389 447.0085 -100.9869 0.0000 0.0000
3030.03 17.07.2018 07.30.01 28.30020 295.5638 746.7972 3.2754 -9.0990 16.4993 434.2828 217.6669 361.4182 448.3077 -106.7165 0.0000 0.0000
3040.03 17.07.2018 07.40.01 28.65206 295.7742 767.4532 3.3660 -10.4953 18.4818 443.7642 222.0203 362.5575 449.5431 -112.3126 0.0000 0.0000
3050.03 17.07.2018 07.50.01 29.01653 295.9890 775.0386 3.3993 -11.8921 20.3886 452.7212 226.1160 363.6836 450.6632 -117.0166 0.0000 0.0000
3060.03 17.07.2018 08.00.01 29.38723 296.1903 738.1934 3.2377 -13.2649 22.0035 459.5565 229.1586 364.6281 451.3837 -121.7495 0.0000 0.0000
3070.03 17.07.2018 08.10.01 29.74496 296.3254 771.3707 3.3832 -14.5215 23.8730 469.3184 233.6204 365.8480 452.3102 -125.6254 0.0000 0.0000
3080.03 17.07.2018 08.20.01 30.11926 296.4580 769.5147 3.3751 -15.8233 25.5978 477.7864 237.4172 366.8165 452.9179 -130.5797 0.0000 0.0000
3090.03 17.07.2018 08.30.01 30.49499 296.5872 778.0289 3.4124 -17.0928 27.3403 486.5675 241.3868 367.9287 453.5988 -135.5882 0.0000 0.0000
3100.03 17.07.2018 08.40.01 30.87640 296.7223 775.1998 3.4000 -18.3544 29.0059 494.9977 245.1901 368.9046 454.3690 -138.2387 0.0000 0.0000
3110.03 17.07.2018 08.50.01 31.25845 296.8502 767.2803 3.3653 -19.5847 30.5999 502.9459 248.7582 369.8087 454.8862 -142.7935 0.0000 0.0000
3120.03 17.07.2018 09.00.01 31.63818 296.9639 706.1462 3.0971 -20.7748 31.8292 507.6570 250.6611 370.4794 455.0804 -146.6083 0.0000 0.0000
3130.03 17.07.2018 09.10.01 31.99053 296.9692 486.9393 2.1357 -21.8136 31.9324 499.9843 247.3609 371.8864 455.5720 -147.7911 0.0000 0.0000
3140.03 17.07.2018 09.20.01 32.24630 296.9649 311.9816 1.3683 -22.3632 31.6420 489.3482 242.5796 373.1652 455.6489 -146.5703 0.0000 0.0000
3150.03 17.07.2018 09.30.01 32.42370 296.9608 183.1136 0.8031 -22.5381 31.1217 477.7296 237.3813 374.5096 455.6116 -144.4596 0.0000 0.0000
3160.03 17.07.2018 09.40.01 32.54290 296.9680 130.7281 0.5734 -22.4495 30.6972 469.9023 234.0195 375.7157 455.8513 -140.5941 0.0000 0.0000
3170.03 17.07.2018 09.50.01 32.63677 296.9921 68.8947 0.3022 -22.2694 30.0954 461.2808 230.3148 376.9634 456.2795 -136.4903 0.0000 0.0000
3180.03 17.07.2018 10.00.01 32.70107 296.9767 -11.8805 -0.0521 -21.9738 29.2289 451.3609 226.0303 378.1161 456.5567 -133.0501 0.0000 0.0000
3190.03 17.07.2018 10.10.01 32.72909 297.0408 37.0867 0.1627 -21.5215 28.9122 442.9114 221.8473 378.3718 456.2335 -130.4465 0.0000 0.0000
3200.03 17.07.2018 10.20.01 32.77688 297.1034 52.0431 0.2283 -21.1968 28.5668 434.7071 217.8322 378.7582 455.9572 -127.9954 0.0000 0.0000
3210.03 17.07.2018 10.30.01 32.83010 297.1637 25.4480 0.1116 -20.9170 28.0382 424.9094 213.0006 378.9241 455.4538 -125.1531 0.0000 0.0000
3220.03 17.07.2018 10.40.01 32.87094 297.2238 23.2747 0.1021 -20.5876 27.5863 416.7527 208.9925 379.0789 454.9633 -122.7317 0.0000 0.0000
3230.03 17.07.2018 10.50.01 32.91030 297.2828 11.0459 0.0484 -20.2537 27.0696 408.2710 204.8381 379.2241 454.4543 -119.9752 0.0000 0.0000
3240.03 17.07.2018 11.00.01 32.94259 297.3429 -18.4981 -0.0811 -19.9054 26.4324 399.2813 200.4682 379.3758 453.9257 -117.1682 0.0000 0.0000
3250.03 17.07.2018 11.10.01 32.96349 297.4526 176.3261 0.7734 -19.5113 27.0463 406.5350 203.9142 379.6141 454.2674 -115.5231 0.0000 0.0000
3260.03 17.07.2018 11.20.01 33.07076 297.5689 296.9447 1.3024 -19.5486 27.8013 415.6661 208.3776 380.2114 455.3812 -114.6750 0.0000 0.0000
3270.03 17.07.2018 11.30.01 33.23284 297.6904 361.2789 1.5846 -19.8346 28.5589 425.0667 212.9998 380.9664 456.8204 -114.5172 0.0000 0.0000
3280.03 17.07.2018 11.40.01 33.42526 297.8135 393.7910 1.7272 -20.2385 29.2876 434.4489 217.6156 381.7455 458.4515 -114.6904 0.0000 0.0000
3290.03 17.07.2018 11.50.01 33.63397 297.9365 409.0095 1.7939 -20.6909 29.9797 443.7892 222.2342 382.5430 460.1972 -115.6773 0.0000 0.0000
3300.03 17.07.2018 12.00.01 33.85067 298.0589 392.4995 1.7215 -21.1539 30.5005 451.9989 226.3056 383.3333 461.9725 -116.6822 0.0000 0.0000
3310.03 17.07.2018 12.10.01 34.05813 298.0359 95.9777 0.4210 -21.5504 29.2952 440.1459 220.9478 384.3515 462.9599 -116.4994 0.0000 0.0000
3320.03 17.07.2018 12.20.01 34.13375 298.0067 -93.1995 -0.4088 -21.2942 27.8472 425.7292 214.2373 384.9283 463.1854 -114.8167 0.0000 0.0000
3330.03 17.07.2018 12.30.01 34.12316 297.9716 -204.1513 -0.8954 -20.6491 26.3383 410.7721 207.2490 385.3185 463.0517 -112.5532 0.0000 0.0000
3340.03 17.07.2018 12.40.01 34.06045 297.9344 -258.6577 -1.1345 -19.7979 24.8845 396.4548 200.5527 385.6369 462.6864 -110.0149 0.0000 0.0000
3350.03 17.07.2018 12.50.01 33.97051 297.8984 -294.2147 -1.2904 -18.8652 23.4330 382.0408 193.7965 385.8962 462.1659 -107.0215 0.0000 0.0000
3360.03 17.07.2018 13.00.01 33.86193 297.8661 -305.8754 -1.3416 -17.8900 22.0645 368.9112 187.7476 386.2978 461.6339 -104.3604 0.0000 0.0000
3370.03 17.07.2018 13.10.01 33.74737 297.7884 -171.8693 -0.7538 -16.9305 21.5689 362.0438 184.1467 385.5412 460.3244 -103.8143 0.0000 0.0000
3380.03 17.07.2018 13.20.01 33.68994 297.7146 -100.6495 -0.4414 -16.2959 21.1393 356.3289 181.1878 384.8339 459.0314 -103.9287 0.0000 0.0000
3390.03 17.07.2018 13.30.01 33.66274 297.6339 -74.5116 -0.3268 -15.8340 20.6763 350.3974 178.1234 384.1252 457.5199 -104.4465 0.0000 0.0000
3400.03 17.07.2018 13.40.01 33.64630 297.5515 -66.2333 -0.2905 -15.4396 20.1989 344.6425 175.1426 383.3633 455.8785 -104.9114 0.0000 0.0000
3410.03 17.07.2018 13.50.01 33.63278 297.4689 -70.0313 -0.3072 -15.0721 19.6866 338.7841 172.1258 382.5930 454.1357 -105.2426 0.0000 0.0000
3420.03 17.07.2018 14.00.01 33.61688 297.3799 -87.5591 -0.3840 -14.7042 19.0935 332.6571 169.0083 381.8304 452.2962 -105.3210 0.0000 0.0000
3430.03 17.07.2018 14.10.01 33.59289 297.2548 -45.4422 -0.1993 -14.3106 18.8151 329.8685 167.3166 379.4131 450.0139 -105.2226 0.0000 0.0000
3440.03 17.07.2018 14.20.01 33.58615 297.1201 -47.1896 -0.2070 -14.0264 18.4259 326.5887 165.4147 376.8229 447.6141 -105.6064 0.0000 0.0000
3450.03 17.07.2018 14.30.01 33.57745 296.9895 -60.0951 -0.2636 -13.7520 17.9846 323.3729 163.5895 374.3144 445.2513 -106.1083 0.0000 0.0000
3460.03 17.07.2018 14.40.01 33.56207 296.8595 -61.4613 -0.2696 -13.4627 17.5908 322.1752 162.8369 371.9368 443.1610 -106.4876 0.0000 0.0000
3470.03 17.07.2018 14.50.01 33.54473 296.7274 -99.9424 -0.4383 -13.1813 16.9906 319.2373 161.1955 369.4600 441.0160 -106.2864 0.0000 0.0000
3480.03 17.07.2018 15.00.01 33.50887 296.5947 -159.1996 -0.6982 -12.8271 16.1718 315.2758 159.1070 366.9536 438.9117 -105.5194 0.0000 0.0000
3490.03 17.07.2018 15.10.01 33.44479 296.4035 -271.5430 -1.1910 -12.3661 14.9001 307.9742 156.2632 365.5662 437.9361 -104.1767 0.0000 0.0000
3500.03 17.07.2018 15.20.01 33.33035 296.2151 -349.8151 -1.5343 -11.6739 13.5195 293.5110 149.2052 364.0317 435.9011 -100.9180 0.0000 0.0000
3510.03 17.07.2018 15.30.01 33.17901 296.0248 -399.8307 -1.7536 -10.8388 12.1135 278.6141 141.9077 362.3366 433.6909 -97.2967 0.0000 0.0000
3520.03 17.07.2018 15.40.01 33.00320 295.8327 -411.5482 -1.8050 -9.9284 10.8312 264.7208 135.1443 360.7737 431.5080 -93.8512 0.0000 0.0000
3530.03 17.07.2018 15.50.01 32.81933 295.6405 -432.8106 -1.8983 -9.0270 9.5050 249.8719 127.8409 359.0961 429.1365 -89.9914 0.0000 0.0000
3540.03 17.07.2018 16.00.01 32.62350 295.4532 -447.8668 -1.9643 -8.1117 8.1965 235.2071 120.6345 357.4333 426.7137 -86.0612 0.0000 0.0000
3550.03 17.07.2018 16.10.01 32.41857 295.1965 -447.1345 -1.9611 -7.1966 6.9806 221.4801 113.8534 355.4713 424.0219 -82.9857 0.0000 0.0000
3560.03 17.07.2018 16.20.01 32.21136 294.9397 -442.7375 -1.9418 -6.3180 5.8349 208.2628 107.3254 353.4831 421.2964 -79.8636 0.0000 0.0000
3570.03 17.07.2018 16.30.01 32.00381 294.6880 -416.9282 -1.8286 -5.4810 4.8698 196.8405 101.7372 351.6779 418.7221 -77.0461 0.0000 0.0000
3580.03 17.07.2018 16.40.01 31.80657 294.4294 -296.1999 -1.2991 -4.7289 4.5731 185.2784 95.6339 349.7949 415.9141 -74.3482 0.0000 0.0000
3590.03 17.07.2018 16.50.01 31.66073 294.1691 -233.7126 -1.0251 -4.2644 4.3191 179.1356 92.7492 347.8954 413.7545 -72.5852 0.0000 0.0000
3600.03 17.07.2018 17.00.01 31.54144 293.9072 -214.8258 -0.9422 -3.9489 4.0090 172.0391 89.3344 345.8771 411.5043 -70.5505 0.0000 0.0000
3610.03 17.07.2018 17.10.01 31.42999 293.6330 -200.4099 -0.8790 -3.6835 3.7393 163.4188 85.1037 344.2621 409.2968 -68.1901 0.0000 0.0000
3620.03 17.07.2018 17.20.01 31.32418 293.3580 -199.8960 -0.8767 -3.4559 3.4388 153.9524 80.3886 342.6210 406.9964 -65.5339 0.0000 0.0000
3630.03 17.07.2018 17.30.01 31.21816 293.0835 -204.1610 -0.8954 -3.2368 3.1218 143.8426 75.3006 340.9572 404.6290 -62.6433 0.0000 0.0000
3640.03 17.07.2018 17.40.01 31.10964 292.8092 -203.1638 -0.8911 -3.0163 2.8337 145.4171 77.3951 339.3342 404.0130 -61.9989 0.0000 0.0000
3650.03 17.07.2018 17.50.01 31.00085 292.5384 -211.3973 -0.9272 -2.8077 2.5074 129.9385 69.2872 337.6724 401.3119 -58.0739 0.0000 0.0000
3660.03 17.07.2018 18.00.01 30.88760 292.2620 -218.6339 -0.9589 -2.5903 2.1751 116.5509 62.4384 335.9817 398.8400 -54.1720 0.0000 0.0000
3670.03 17.07.2018 18.10.01 30.77050 291.9428 -215.9856 -0.9473 -2.3672 1.8932 104.1921 55.9167 334.8110 396.3696 -49.1222 0.0000 0.0000
3680.03 17.07.2018 18.20.01 30.65392 291.6251 -213.7558 -0.9375 -2.1564 1.6252 91.5502 49.2145 333.7148 393.9575 -44.3945 0.0000 0.0000
3690.03 17.07.2018 18.30.01 30.53802 291.3089 -213.0698 -0.9345 -1.9563 1.3624 78.5719 42.3075 332.6620 391.5305 -39.8485 0.0000 0.0000
3700.03 17.07.2018 18.40.01 30.42199 290.9928 -210.5640 -0.9235 -1.7631 1.1194 59.4581 32.0262 331.6381 388.7081 -34.6689 0.0000 0.0000
3710.03 17.07.2018 18.50.01 30.30651 290.6742 -213.5490 -0.9366 -1.5805 0.8585 39.5486 21.2816 330.5845 385.6423 -29.3427 0.0000 0.0000
3720.03 17.07.2018 19.00.01 30.18932 290.3556 -215.7041 -0.9461 -1.3973 0.6017 19.1259 10.2246 329.5252 382.3925 -24.0408 0.0000 0.0000
3730.03 17.07.2018 19.10.01 30.07073 289.9591 -205.5216 -0.9014 -1.2190 0.4234 15.8606 8.5028 328.2977 379.7605 -22.6853 0.0000 0.0000
3740.03 17.07.2018 19.20.01 29.95544 289.5676 -189.5145 -0.8312 -1.0798 0.3314 13.4638 7.2348 327.1435 377.4289 -21.9199 0.0000 0.0000
3750.03 17.07.2018 19.30.01 29.84606 289.1763 -182.1785 -0.7990 -0.9914 0.2565 11.2081 6.0383 326.0191 375.2124 -21.3545 0.0000 0.0000
3760.03 17.07.2018 19.40.01 29.73885 288.7865 -180.9909 -0.7938 -0.9319 0.1842 7.6647 4.1309 324.9064 372.9922 -20.7426 0.0000 0.0000
3770.03 17.07.2018 19.50.01 29.63122 288.3952 -183.7061 -0.8057 -0.8867 0.1079 4.0261 2.1695 323.7908 370.7934 -20.2035 0.0000 0.0000
3780.03 17.07.2018 20.00.01 29.52154 288.0037 -187.6990 -0.8232 -0.8469 0.0316 0.3358 0.1768 322.6768 368.6287 -19.6891 0.0000 0.0000
3790.03 17.07.2018 20.10.01 29.40939 287.6106 -183.2299 -0.8036 -0.8079 0.0057 0.0603 0.0317 321.7229 366.8818 -19.0081 0.0000 0.0000
3800.03 17.07.2018 20.20.01 29.29882 287.2239 -178.4213 -0.7825 -0.7833 0.0010 0.0109 0.0057 320.8269 365.2895 -18.5921 0.0000 0.0000
3810.03 17.07.2018 20.30.01 29.19015 286.8437 -176.1924 -0.7728 -0.7729 0.0002 0.0019 0.0010 319.9631 363.8255 -18.1595 0.0000 0.0000
3820.03 17.07.2018 20.40.01 29.08212 286.4656 -175.5921 -0.7701 -0.7702 0.0000 0.0004 0.0002 319.1211 362.4499 -17.7939 0.0000 0.0000
3830.03 17.07.2018 20.50.01 28.97408 286.0953 -176.0521 -0.7722 -0.7722 0.0000 0.0001 0.0000 318.2939 361.1417 -17.5251 0.0000 0.0000
3840.03 17.07.2018 21.00.01 28.86556 285.7287 -177.0044 -0.7763 -0.7763 0.0000 0.0000 0.0000 317.4774 359.9254 -17.1575 0.0000 0.0000
3850.03 17.07.2018 21.10.01 28.75634 285.5884 -178.7253 -0.7839 -0.7839 0.0000 0.0000 0.0000 317.0934 358.9440 -16.4581 0.0000 0.0000
3860.03 17.07.2018 21.20.01 28.64575 285.4284 -181.4027 -0.7956 -0.7956 0.0000 0.0000 0.0000 316.7674 358.0351 -15.9049 0.0000 0.0000
3870.03 17.07.2018 21.30.01 28.53350 285.2299 -183.8711 -0.8065 -0.8065 0.0000 0.0000 0.0000 316.3813 357.1299 -15.5878 0.0000 0.0000
3880.03 17.07.2018 21.40.01 28.42001 285.0317 -184.2079 -0.8079 -0.8079 0.0000 0.0000 0.0000 316.0195 356.4826 -14.3294 0.0000 0.0000
3890.03 17.07.2018 21.50.01 28.30724 284.8522 -183.5757 -0.8052 -0.8052 0.0000 0.0000 0.0000 315.6761 355.7849 -13.6232 0.0000 0.0000
3900.03 17.07.2018 22.00.01 28.19482 284.7320 -182.4823 -0.8004 -0.8004 0.0000 0.0000 0.0000 315.3984 355.1821 -12.8447 0.0000 0.0000
3910.03 17.07.2018 22.10.01 28.08312 284.6644 -182.0476 -0.7985 -0.7985 0.0000 0.0000 0.0000 315.0838 354.5129 -12.5040 0.0000 0.0000
3920.03 17.07.2018 22.20.01 27.97140 284.5784 -182.6015 -0.8009 -0.8009 0.0000 0.0000 0.0000 314.7618 353.8396 -12.2951 0.0000 0.0000
3930.03 17.07.2018 22.30.01 27.85882 284.4922 -183.1450 -0.8033 -0.8033 0.0000 0.0000 0.0000 314.4373 353.1842 -12.0972 0.0000 0.0000
3940.03 17.07.2018 22.40.01 27.74597 284.4129 -184.2026 -0.8079 -0.8079 0.0000 0.0000 0.0000 314.1060 352.5772 -11.7926 0.0000 0.0000
3950.03 17.07.2018 22.50.01 27.63244 284.3177 -185.0089 -0.8114 -0.8114 0.0000 0.0000 0.0000 313.7698 351.9643 -11.5955 0.0000 0.0000
3960.03 17.07.2018 23.00.01 27.51840 284.2199 -185.8413 -0.8151 -0.8151 0.0000 0.0000 0.0000 313.4289 351.3402 -11.4942 0.0000 0.0000
3970.03 17.07.2018 23.10.01 27.40392 284.0592 -187.1418 -0.8208 -0.8208 0.0000 0.0000 0.0000 313.0037 350.6268 -11.7969 0.0000 0.0000
3980.03 17.07.2018 23.20.01 27.28832 283.9302 -189.0285 -0.8291 -0.8291 0.0000 0.0000 0.0000 312.5914 349.9479 -11.9388 0.0000 0.0000
3990.03 17.07.2018 23.30.01 27.17150 283.8298 -191.5010 -0.8399 -0.8399 0.0000 0.0000 0.0000 312.1623 349.2199 -12.2459 0.0000 0.0000
4000.03 17.07.2018 23.40.01 27.05303 283.7300 -193.8859 -0.8504 -0.8504 0.0000 0.0000 0.0000 311.7775 348.5572 -12.3257 0.0000 0.0000
4010.03 17.07.2018 23.50.01 26.93331 283.6359 -195.9374 -0.8594 -0.8594 0.0000 0.0000 0.0000 311.4039 347.8936 -12.4371 0.0000 0.0000
4020.03 18.07.2018 00.00.01 26.81243 283.5547 -197.5715 -0.8665 -0.8665 0.0000 0.0000 0.0000 311.0288 347.2410 -12.5218 0.0000 0.0000
4030.03 18.07.2018 00.10.01 26.69070 283.5063 -197.4418 -0.8660 -0.8660 0.0000 0.0000 0.0000 310.7257 346.9037 -11.4017 0.0000 0.0000
4040.03 18.07.2018 00.20.01 26.57015 283.4238 -195.0709 -0.8556 -0.8556 0.0000 0.0000 0.0000 310.4037 346.5448 -10.5697 0.0000 0.0000
4050.03 18.07.2018 00.30.01 26.45135 283.3838 -191.8902 -0.8416 -0.8416 0.0000 0.0000 0.0000 310.0309 346.1510 -10.0624 0.0000 0.0000
4060.03 18.07.2018 00.40.01 26.33404 283.3418 -190.6961 -0.8364 -0.8364 0.0000 0.0000 0.0000 309.7079 345.6177 -10.1587 0.0000 0.0000
4070.03 18.07.2018 00.50.01 26.21676 283.2509 -191.6450 -0.8405 -0.8405 0.0000 0.0000 0.0000 309.5152 344.9751 -10.7485 0.0000 0.0000
4080.03 18.07.2018 01.00.01 26.09844 283.2154 -193.4938 -0.8487 -0.8487 0.0000 0.0000 0.0000 309.2721 344.3933 -11.1775 0.0000 0.0000
4090.03 18.07.2018 01.10.01 25.97885 283.0991 -195.3692 -0.8569 -0.8569 0.0000 0.0000 0.0000 308.9789 343.8672 -11.1152 0.0000 0.0000
4100.03 18.07.2018 01.20.01 25.85888 282.9338 -195.8970 -0.8592 -0.8592 0.0000 0.0000 0.0000 308.6216 343.2855 -11.2316 0.0000 0.0000
4110.03 18.07.2018 01.30.01 25.73892 282.8133 -195.5780 -0.8578 -0.8578 0.0000 0.0000 0.0000 308.2468 342.7493 -11.1885 0.0000 0.0000
4120.03 18.07.2018 01.40.01 25.61917 282.7259 -194.1674 -0.8516 -0.8516 0.0000 0.0000 0.0000 307.8830 342.3190 -10.7619 0.0000 0.0000
4130.03 18.07.2018 01.50.01 25.50060 282.6129 -191.9888 -0.8421 -0.8421 0.0000 0.0000 0.0000 307.5153 341.8804 -10.4665 0.0000 0.0000
4140.03 18.07.2018 02.00.01 25.38336 282.4847 -189.8753 -0.8328 -0.8328 0.0000 0.0005 0.0002 307.1243 341.4217 -10.2776 0.0000 0.0000
4150.03 18.07.2018 02.10.01 25.26742 282.6206 -185.7315 -0.8146 -0.8234 0.0117 0.2834 0.1480 306.9352 341.2434 -9.0166 0.0000 0.0000
4160.03 18.07.2018 02.20.01 25.15383 282.6894 -182.0003 -0.7982 -0.8182 0.0266 0.6029 0.3152 306.7976 340.9841 -8.5052 0.0000 0.0000
4170.03 18.07.2018 02.30.01 25.04174 282.7158 -180.1367 -0.7901 -0.8216 0.0421 0.9280 0.4853 306.7260 340.7045 -8.2628 0.0000 0.0000
4180.03 18.07.2018 02.40.01 24.93038 282.7319 -180.0145 -0.7895 -0.8328 0.0576 1.2542 0.6560 306.7059 340.4270 -8.1796 0.0000 0.0000
4190.03 18.07.2018 02.50.01 24.81881 282.8305 -180.2744 -0.7907 -0.8456 0.0732 1.5806 0.8268 306.6729 340.2354 -7.7361 0.0000 0.0000
4200.03 18.07.2018 03.00.01 24.70721 282.9260 -180.0868 -0.7899 -0.8566 0.0890 1.9111 0.9998 306.6323 340.0698 -7.3058 0.0000 0.0000
4210.03 18.07.2018 03.10.01 24.59603 283.2567 -161.6324 -0.7089 -0.8636 0.2062 4.7016 2.4575 306.9661 340.4202 -5.8267 0.0000 0.0000
4220.03 18.07.2018 03.20.01 24.49383 283.5870 -145.4362 -0.6379 -0.9017 0.3518 7.8111 4.0847 307.4420 340.9545 -4.6020 0.0000 0.0000
4230.03 18.07.2018 03.30.01 24.39971 283.9196 -133.7980 -0.5868 -0.9634 0.5020 10.9688 5.7371 307.9823 341.6056 -3.5142 0.0000 0.0000
4240.03 18.07.2018 03.40.01 24.31173 284.2543 -124.9389 -0.5480 -1.0379 0.6532 14.1361 7.3947 308.5621 342.3513 -2.5374 0.0000 0.0000
4250.03 18.07.2018 03.50.01 24.22869 284.5907 -117.5783 -0.5157 -1.1191 0.8045 17.3051 9.0530 309.1734 343.1771 -1.6537 0.0000 0.0000
4260.03 18.07.2018 04.00.01 24.14987 284.9290 -111.0084 -0.4869 -1.2038 0.9559 20.4747 10.7118 309.8118 344.0729 -0.8488 0.0000 0.0000
4270.03 18.07.2018 04.10.01 24.07501 285.2577 -102.9182 -0.4514 -1.2897 1.1178 23.8996 12.5038 310.9498 345.1200 -0.2311 0.0000 0.0000
4280.03 18.07.2018 04.20.01 24.00491 285.5901 -94.9178 -0.4163 -1.3782 1.2826 27.3575 14.3133 312.1358 346.2446 0.2483 0.0000 0.0000
4290.03 18.07.2018 04.30.01 23.93957 285.9254 -87.5524 -0.3840 -1.4699 1.4479 30.8204 16.1256 313.3366 347.4253 0.6366 0.0000 0.0000
4300.03 18.07.2018 04.40.01 23.87850 286.2556 -80.6517 -0.3537 -1.5637 1.6133 34.2843 17.9383 314.5647 348.6463 0.8941 0.0000 0.0000
4310.03 18.07.2018 04.50.01 23.82153 286.5796 -74.2552 -0.3257 -1.6597 1.7787 76.1648 40.0976 315.8204 351.9880 -0.9389 0.0000 0.0000
4320.03 18.07.2018 05.00.01 23.76861 286.9288 -48.6624 -0.2134 -1.7568 2.0579 85.9250 45.1591 317.3325 354.6904 -2.2171 0.0000 0.0000
4330.03 18.07.2018 05.10.01 23.72790 287.3984 -49.6358 -0.2177 -1.8942 2.2353 296.7783 156.0272 318.9193 367.4047 -12.9932 0.0000 0.0000
4340.03 18.07.2018 05.20.01 23.68945 288.0099 69.7860 0.3061 -2.0115 3.0902 501.9256 262.9328 322.0133 385.5134 -30.8055 0.0000 0.0000
4350.03 18.07.2018 05.30.01 23.70580 288.7094 169.6154 0.7439 -2.3655 4.1459 696.8423 363.5793 325.9000 406.2246 -53.6203 0.0000 0.0000
4360.03 18.07.2018 05.40.01 23.76940 289.2670 230.1140 1.0093 -2.8956 5.2065 642.6791 333.9664 329.9319 418.0568 -65.3999 0.0000 0.0000
4370.03 18.07.2018 05.50.01 23.86224 289.8040 122.3660 0.5367 -3.5080 5.3930 582.8746 301.6612 332.4450 423.8689 -71.3185 0.0000 0.0000
4380.03 18.07.2018 06.00.01 23.91085 290.2905 44.0348 0.1931 -3.8395 5.3768 524.4822 270.3558 334.3299 427.1931 -76.0618 0.0000 0.0000
4390.03 18.07.2018 06.10.01 23.92727 290.6348 15.9193 0.0698 -3.9724 5.3896 491.3603 252.1910 335.7743 429.6243 -78.9063 0.0000 0.0000
4400.03 18.07.2018 06.20.01 23.93298 290.9835 32.2694 0.1415 -4.0251 5.5554 457.7075 233.5888 337.5052 431.0081 -80.3046 0.0000 0.0000
4410.03 18.07.2018 06.30.01 23.94741 291.3319 51.3735 0.2253 -4.0940 5.7591 433.0997 220.3832 339.3157 432.3966 -82.0604 0.0000 0.0000
4420.03 18.07.2018 06.40.01 23.97210 291.6921 71.5219 0.3137 -4.1816 5.9938 414.8521 210.2055 341.0899 432.9501 -82.5866 0.0000 0.0000
4430.03 18.07.2018 06.50.01 24.01113 292.0622 426.7927 1.8719 -4.2891 8.2146 416.9012 210.7056 342.9411 435.2030 -86.0859 0.0000 0.0000
4440.03 18.07.2018 07.00.01 24.20889 292.4170 613.3239 2.6900 -5.1473 10.4497 420.0111 211.8286 344.5338 437.1897 -89.5322 0.0000 0.0000
4450.03 18.07.2018 07.10.01 24.49337 292.6737 727.5708 3.1911 -6.3614 12.7366 422.0146 212.5358 346.1707 439.0390 -92.9492 0.0000 0.0000
4460.03 18.07.2018 07.20.01 24.83242 292.9157 745.3278 3.2690 -7.7695 14.7180 422.2561 212.4150 347.8060 440.3127 -96.3922 0.0000 0.0000
4470.03 18.07.2018 07.30.01 25.18328 293.1451 716.1951 3.1412 -9.1593 16.4006 421.1486 211.7085 349.4634 441.1127 -99.8647 0.0000 0.0000
4480.03 18.07.2018 07.40.01 25.52532 293.2919 705.6831 3.0951 -10.4358 18.0411 425.0004 213.5219 351.0037 441.6423 -104.1006 0.0000 0.0000
4490.03 18.07.2018 07.50.01 25.86559 293.5393 683.0425 2.9958 -11.6494 19.5270 428.3770 215.1660 352.6250 442.2051 -107.6285 0.0000 0.0000
4500.03 18.07.2018 08.00.01 26.19811 293.7750 611.5279 2.6821 -12.7779 20.6134 428.9017 215.4025 354.0506 442.4137 -110.1619 0.0000 0.0000
4510.03 18.07.2018 08.10.01 26.50033 293.8936 474.9366 2.0831 -13.7210 21.0720 416.9457 209.7303 355.6772 442.2919 -111.2365 0.0000 0.0000
4520.03 18.07.2018 08.20.01 26.74279 294.0036 324.8989 1.4250 -14.3472 21.0296 401.3684 202.2662 356.9104 441.4065 -110.2989 0.0000 0.0000
4530.03 18.07.2018 08.30.01 26.91885 294.1083 194.3372 0.8524 -14.6414 20.6583 384.0438 194.0011 358.0513 440.2018 -108.1089 0.0000 0.0000
4540.03 18.07.2018 08.40.01 27.03674 294.2090 136.4557 0.5985 -14.6564 20.3399 371.9577 188.3034 358.9768 438.9739 -105.2484 0.0000 0.0000
4550.03 18.07.2018 08.50.01 27.12759 294.3108 71.9898 0.3157 -14.5593 19.8334 359.2468 182.3721 359.9160 437.8480 -102.0171 0.0000 0.0000
4560.03 18.07.2018 09.00.01 27.18826 294.4060 -21.4450 -0.0941 -14.3349 18.9879 344.2499 175.3232 360.7068 436.5271 -98.0953 0.0000 0.0000
4570.03 18.07.2018 09.10.01 27.20815 294.5095 96.2555 0.4222 -13.9214 19.1248 343.8355 175.1664 361.6816 436.1036 -92.3773 0.0000 0.0000
4580.03 18.07.2018 09.20.01 27.27850 294.6235 158.8643 0.6968 -13.7823 19.3054 344.2686 175.4829 362.9125 436.3236 -88.3244 0.0000 0.0000
4590.03 18.07.2018 09.30.01 27.37658 294.7438 185.5610 0.8139 -13.7821 19.4613 344.7699 175.8580 364.2727 436.8463 -85.2769 0.0000 0.0000
4600.03 18.07.2018 09.40.01 27.48675 294.8663 202.2413 0.8870 -13.8325 19.6261 345.9741 176.5707 365.6353 437.6071 -82.8809 0.0000 0.0000
4610.03 18.07.2018 09.50.01 27.60488 294.9933 206.5049 0.9057 -13.9110 19.7556 347.0970 177.2610 367.0408 438.5620 -81.0721 0.0000 0.0000
4620.03 18.07.2018 10.00.01 27.72549 295.1244 195.5756 0.8578 -13.9895 19.7964 347.7277 177.7221 368.4433 439.6082 -79.6201 0.0000 0.0000
4630.03 18.07.2018 10.10.01 27.84329 295.2955 319.2520 1.4002 -14.0362 20.5819 358.6658 183.1687 370.4426 440.9800 -80.6593 0.0000 0.0000
4640.03 18.07.2018 10.20.01 28.01641 295.5523 404.8072 1.7755 -14.3453 21.4944 371.0688 189.3961 372.7332 442.9316 -82.8089 0.0000 0.0000
4650.03 18.07.2018 10.30.01 28.22885 295.8801 447.1050 1.9610 -14.8206 22.3754 383.1280 195.4409 375.1041 445.1142 -85.5933 0.0000 0.0000
4660.03 18.07.2018 10.40.01 28.46209 296.1756 472.7135 2.0733 -15.3642 23.2501 395.2017 201.5104 377.5798 447.7032 -87.7243 0.0000 0.0000
4670.03 18.07.2018 10.50.01 28.70941 296.0330 487.6502 2.1388 -15.9410 24.1065 407.1598 207.5243 379.9600 449.9203 -92.0110 0.0000 0.0000
4680.03 18.07.2018 11.00.01 28.96615 296.1477 490.5338 2.1515 -16.5204 24.8958 418.7796 213.3885 382.3462 452.4541 -95.9369 0.0000 0.0000
4690.03 18.07.2018 11.10.01 29.22198 296.2265 158.1093 0.6935 -17.0676 23.6815 401.3962 205.0267 382.8286 454.3615 -90.2547 0.0000 0.0000
4700.03 18.07.2018 11.20.01 29.33035 296.2498 -68.1525 -0.2989 -16.8774 22.1047 380.1266 194.6115 382.6226 455.0826 -84.1767 0.0000 0.0000
4710.03 18.07.2018 11.30.01 29.33599 296.1972 -201.7507 -0.8849 -16.2180 20.4442 358.2035 183.8687 382.0969 455.1595 -78.7185 0.0000 0.0000
4720.03 18.07.2018 11.40.01 29.27917 296.1386 -268.7354 -1.1787 -15.3064 18.8369 337.1510 173.5329 381.3785 454.7936 -73.5763 0.0000 0.0000
4730.03 18.07.2018 11.50.01 29.18899 296.1737 -313.3016 -1.3741 -14.2900 17.2212 316.0982 163.2033 380.5553 454.0105 -68.7438 0.0000 0.0000
4740.03 18.07.2018 12.00.01 29.07574 296.1607 -347.3594 -1.5235 -13.2160 15.5900 294.9577 152.8299 379.6840 452.8464 -63.8679 0.0000 0.0000
4750.03 18.07.2018 12.10.01 28.94848 296.2434 -33.8683 -0.1485 -12.1212 15.9635 295.8360 152.7215 378.6852 452.1793 -61.8521 0.0000 0.0000
4760.03 18.07.2018 12.20.01 28.95876 296.3323 154.2980 0.6767 -11.7382 16.5532 299.5661 154.1583 378.1784 451.7190 -63.9968 0.0000 0.0000
4770.03 18.07.2018 12.30.01 29.05334 296.3970 250.3326 1.0979 -11.7597 17.1436 303.5318 155.7347 377.7569 451.1465 -67.2202 0.0000 0.0000
4780.03 18.07.2018 12.40.01 29.19210 296.5823 298.4319 1.3089 -11.9702 17.7055 307.4836 157.3189 377.5548 451.3636 -65.5277 0.0000 0.0000
4790.03 18.07.2018 12.50.01 29.35436 296.7966 319.7973 1.4026 -12.2561 18.2117 311.1531 158.7758 377.4442 451.8059 -63.9899 0.0000 0.0000
4800.03 18.07.2018 13.00.01 29.52831 296.9513 331.2632 1.4529 -12.5615 18.6859 315.2651 160.5239 377.3368 452.4321 -63.0669 0.0000 0.0000
4810.03 18.07.2018 13.10.01 29.70623 296.9672 109.2491 0.4792 -12.8632 17.7899 304.1432 155.1888 379.1660 453.1094 -58.3017 0.0000 0.0000
4820.03 18.07.2018 13.20.01 29.78542 296.9720 -28.8369 -0.1265 -12.6786 16.7361 290.9461 148.7291 380.4726 451.9905 -59.3470 0.0000 0.0000
4830.03 18.07.2018 13.30.01 29.80148 297.3911 -105.1878 -0.4613 -12.2144 15.6707 277.4735 142.1140 381.3975 450.3157 -61.6216 0.0000 0.0000
4840.03 18.07.2018 13.40.01 29.78124 297.1793 -147.8144 -0.6483 -11.6100 14.6156 263.9020 135.4350 382.6590 449.3123 -59.7145 0.0000 0.0000
4850.03 18.07.2018 13.50.01 29.74050 297.1476 -167.8415 -0.7361 -10.9319 13.5944 250.4945 128.8289 383.7902 448.2699 -58.7848 0.0000 0.0000
4860.03 18.07.2018 14.00.01 29.68945 297.1924 -177.6330 -0.7791 -10.2285 12.5992 237.2506 122.3020 384.8453 446.7800 -59.1580 0.0000 0.0000
4870.03 18.07.2018 14.10.01 29.63207 297.1313 -231.8054 -1.0167 -9.5230 11.3417 216.0378 111.5656 383.3650 445.0049 -50.5610 0.0000 0.0000
4880.03 18.07.2018 14.20.01 29.54788 297.0322 -278.8843 -1.2232 -8.7349 10.0156 193.7525 100.2396 381.4285 442.5099 -44.1444 0.0000 0.0000
4890.03 18.07.2018 14.30.01 29.43954 296.9349 -302.6588 -1.3275 -7.8870 8.7460 171.7686 89.0521 379.3732 439.6242 -39.5676 0.0000 0.0000
4900.03 18.07.2018 14.40.01 29.31725 296.8325 -317.9895 -1.3947 -7.0289 7.5123 149.6143 77.7764 377.3398 436.6007 -35.2653 0.0000 0.0000
4910.03 18.07.2018 14.50.01 29.18536 296.7084 -327.2908 -1.4355 -6.1747 6.3189 127.4492 66.4637 375.2266 433.1860 -31.8348 0.0000 0.0000
4920.03 18.07.2018 15.00.01 29.04675 296.5080 -327.7440 -1.4375 -5.3351 5.1968 105.6582 55.3203 372.9799 429.2550 -29.9490 0.0000 0.0000
4930.03 18.07.2018 15.10.01 28.90667 296.3012 -213.8988 -0.9382 -4.5388 4.8009 99.5298 52.0893 369.8038 425.7725 -28.4204 0.0000 0.0000
4940.03 18.07.2018 15.20.01 28.81603 296.0344 -130.4883 -0.5723 -4.0188 4.5953 95.6272 50.0474 366.8424 422.5318 -29.0071 0.0000 0.0000
4950.03 18.07.2018 15.30.01 28.76046 295.7686 -88.6356 -0.3888 -3.7035 4.4197 92.0226 48.1606 363.9465 419.3815 -29.5563 0.0000 0.0000
4960.03 18.07.2018 15.40.01 28.72234 295.5496 -69.5631 -0.3051 -3.4926 4.2500 88.4823 46.3079 361.1764 416.6012 -28.6859 0.0000 0.0000
4970.03 18.07.2018 15.50.01 28.69229 295.3251 -60.9795 -0.2675 -3.3285 4.0814 84.9524 44.4606 358.4632 413.9128 -27.6702 0.0000 0.0000
4980.03 18.07.2018 16.00.01 28.66552 295.1085 -58.0996 -0.2548 -3.1898 3.9133 81.4446 42.6245 355.7543 411.3049 -26.4357 0.0000 0.0000
4990.03 18.07.2018 16.10.01 28.63979 295.3119 -23.8594 -0.1046 -3.0641 3.9459 89.6514 46.7327 355.5592 410.2363 -22.4128 0.0000 0.0000
5000.03 18.07.2018 16.20.01 28.62914 295.5501 -4.0447 -0.0177 -3.0124 3.9928 98.9989 51.5131 355.8572 410.0239 -20.0783 0.0000 0.0000
5010.03 18.07.2018 16.30.01 28.62762 295.7998 -9.8965 -0.0434 -2.9969 3.9380 108.0553 56.1946 356.4231 410.2783 -18.2838 0.0000 0.0000
5020.03 18.07.2018 16.40.01 28.62432 296.0509 3.3520 0.0147 -2.9606 3.9671 118.9200 61.6947 357.0937 410.9319 -16.9881 0.0000 0.0000
5030.03 18.07.2018 16.50.01 28.62744 296.3076 19.1122 0.0838 -2.9475 4.0418 132.4812 68.7779 357.8968 412.3065 -16.8423 0.0000 0.0000
5040.03 18.07.2018 17.00.01 28.63790 296.5649 22.0781 0.0968 -2.9634 4.0803 146.4651 76.1443 358.7146 414.0490 -17.3062 0.0000 0.0000
5050.03 18.07.2018 17.10.01 28.64987 296.2676 15.3395 0.0673 -2.9854 4.0702 140.9349 73.4762 358.4839 414.0507 -22.3406 0.0000 0.0000
5060.03 18.07.2018 17.20.01 28.65746 295.9352 -30.7897 -0.1350 -3.0066 3.8288 132.2132 69.0700 357.5685 412.8115 -26.2859 0.0000 0.0000
5070.03 18.07.2018 17.30.01 28.64312 295.5918 -64.8160 -0.2843 -2.9467 3.5499 122.7523 64.2500 356.3485 411.0229 -29.3568 0.0000 0.0000
5080.03 18.07.2018 17.40.01 28.61190 295.2446 -85.7919 -0.3763 -2.8361 3.2798 110.8755 58.1400 355.0504 408.8533 -31.1629 0.0000 0.0000
5090.03 18.07.2018 17.50.01 28.56948 294.8945 -106.6142 -0.4676 -2.7028 2.9802 105.2159 55.7832 353.6587 407.1921 -33.1630 0.0000 0.0000
5100.03 18.07.2018 18.00.01 28.51611 294.5458 -121.2284 -0.5317 -2.5457 2.6853 92.0011 48.8893 352.2289 404.4973 -32.8539 0.0000 0.0000
5110.03 18.07.2018 18.10.01 28.45458 294.1846 -144.0004 -0.6316 -2.3769 2.3271 80.7175 42.9478 350.2459 401.8597 -30.0393 0.0000 0.0000
5120.03 18.07.2018 18.20.01 28.38165 293.8264 -158.4508 -0.6950 -2.1757 1.9743 69.2410 36.8864 348.2739 399.1727 -27.4122 0.0000 0.0000
5130.03 18.07.2018 18.30.01 28.30096 293.4567 -168.4413 -0.7388 -1.9591 1.6271 57.6032 30.7243 346.2898 396.3458 -25.6165 0.0000 0.0000
5140.03 18.07.2018 18.40.01 28.21465 293.0959 -175.4406 -0.7695 -1.7364 1.2892 42.4375 22.6229 344.3192 393.2362 -22.6939 0.0000 0.0000
5150.03 18.07.2018 18.50.01 28.12408 292.7274 -184.2908 -0.8083 -1.5135 0.9402 26.8117 14.2542 342.3095 389.9804 -18.9534 0.0000 0.0000
5160.03 18.07.2018 19.00.01 28.02834 292.3595 -191.6578 -0.8406 -1.2855 0.5931 10.8925 5.7070 340.2860 386.6298 -15.0461 0.0000 0.0000
5170.03 18.07.2018 19.10.01 27.92855 292.1118 -169.7788 -0.7446 -1.0556 0.4146 8.2235 4.3057 340.3476 384.5019 -12.3594 0.0000 0.0000
5180.03 18.07.2018 19.20.01 27.83773 291.8619 -146.0990 -0.6408 -0.8824 0.3221 6.4794 3.3924 340.6578 382.7724 -10.9665 0.0000 0.0000
5190.03 18.07.2018 19.30.01 27.75704 291.6273 -132.5811 -0.5815 -0.7651 0.2448 4.8956 2.5635 341.0484 381.2692 -9.7607 0.0000 0.0000
5200.03 18.07.2018 19.40.01 27.68215 291.3953 -125.9110 -0.5522 -0.6800 0.1703 3.3414 1.7501 341.4784 379.9118 -8.9542 0.0000 0.0000
5210.03 18.07.2018 19.50.01 27.61001 291.1659 -123.1355 -0.5401 -0.6123 0.0963 1.7924 0.9395 341.9288 378.6617 -8.4444 0.0000 0.0000
5220.03 18.07.2018 20.00.01 27.53884 290.9380 -122.6721 -0.5380 -0.5549 0.0225 0.2466 0.1305 342.4282 377.4928 -8.1768 0.0000 0.0000
5230.03 18.07.2018 20.10.01 27.46752 290.8516 -114.0319 -0.5001 -0.5030 0.0039 0.0403 0.0211 344.3232 376.8615 -7.5739 0.0000 0.0000
5240.03 18.07.2018 20.20.01 27.39980 290.7718 -107.9122 -0.4733 -0.4738 0.0007 0.0077 0.0040 346.3653 376.4069 -7.4612 0.0000 0.0000
5250.03 18.07.2018 20.30.01 27.33465 290.6963 -104.9406 -0.4603 -0.4604 0.0001 0.0013 0.0007 348.3986 376.0560 -7.6598 0.0000 0.0000
5260.03 18.07.2018 20.40.01 27.27056 290.6359 -103.7033 -0.4548 -0.4549 0.0000 0.0002 0.0001 350.4703 375.8187 -7.9972 0.0000 0.0000
5270.03 18.07.2018 20.50.01 27.20709 290.5639 -103.5922 -0.4544 -0.4544 0.0000 0.0000 0.0000 352.6468 375.6575 -8.5826 0.0000 0.0000
5280.03 18.07.2018 21.00.01 27.14346 290.5014 -103.6245 -0.4545 -0.4545 0.0000 0.0000 0.0000 354.8046 375.5685 -9.2516 0.0000 0.0000
5290.03 18.07.2018 21.10.01 27.07968 290.4201 -103.6099 -0.4544 -0.4544 0.0000 0.0000 0.0000 354.5901 375.2874 -9.4372 0.0000 0.0000
5300.03 18.07.2018 21.20.01 27.01559 290.3333 -104.0649 -0.4564 -0.4564 0.0000 0.0000 0.0000 354.2940 374.9513 -9.5001 0.0000 0.0000
5310.03 18.07.2018 21.30.01 26.95120 290.2468 -105.5167 -0.4628 -0.4628 0.0000 0.0000 0.0000 353.9843 374.6008 -9.5267 0.0000 0.0000
5320.03 18.07.2018 21.40.01 26.88583 290.1609 -107.0784 -0.4696 -0.4696 0.0000 0.0000 0.0000 353.6575 374.2392 -9.5250 0.0000 0.0000
5330.03 18.07.2018 21.50.01 26.81951 290.0761 -108.5556 -0.4761 -0.4761 0.0000 0.0000 0.0000 353.2983 373.8663 -9.4923 0.0000 0.0000
5340.03 18.07.2018 22.00.01 26.75231 289.9921 -110.0077 -0.4825 -0.4825 0.0000 0.0000 0.0000 352.9582 373.4934 -9.4465 0.0000 0.0000
5350.03 18.07.2018 22.10.01 26.68432 289.9255 -111.2233 -0.4878 -0.4878 0.0000 0.0000 0.0000 352.0191 373.0653 -9.2049 0.0000 0.0000
5360.03 18.07.2018 22.20.01 26.61566 289.8579 -112.5302 -0.4936 -0.4936 0.0000 0.0000 0.0000 351.0702 372.6061 -8.9393 0.0000 0.0000
5370.03 18.07.2018 22.30.01 26.54608 289.7887 -113.5997 -0.4982 -0.4982 0.0000 0.0000 0.0000 350.1495 372.1375 -8.6528 0.0000 0.0000
5380.03 18.07.2018 22.40.01 26.47585 289.7213 -114.6340 -0.5028 -0.5028 0.0000 0.0000 0.0000 349.2472 371.6604 -8.3583 0.0000 0.0000
5390.03 18.07.2018 22.50.01 26.40505 289.6545 -115.6538 -0.5073 -0.5073 0.0000 0.0000 0.0000 348.3235 371.1731 -8.0334 0.0000 0.0000
5400.03 18.07.2018 23.00.01 26.33364 289.5852 -116.4748 -0.5109 -0.5109 0.0000 0.0000 0.0000 347.3884 370.6711 -7.7155 0.0000 0.0000
5410.03 18.07.2018 23.10.01 26.26171 289.4083 -117.4871 -0.5153 -0.5153 0.0000 0.0000 0.0000 346.2726 370.0057 -7.9922 0.0000 0.0000
5420.03 18.07.2018 23.20.01 26.18899 289.2329 -119.0720 -0.5222 -0.5222 0.0000 0.0000 0.0000 345.1285 369.3124 -8.1575 0.0000 0.0000
5430.03 18.07.2018 23.30.01 26.11523 289.0581 -120.8450 -0.5300 -0.5300 0.0000 0.0000 0.0000 343.9737 368.5951 -8.2677 0.0000 0.0000
5440.03 18.07.2018 23.40.01 26.04043 288.8820 -122.6345 -0.5379 -0.5379 0.0000 0.0000 0.0000 342.8091 367.8478 -8.3967 0.0000 0.0000
5450.03 18.07.2018 23.50.01 25.96456 288.7084 -124.3707 -0.5455 -0.5455 0.0000 0.0000 0.0000 341.6440 367.0983 -8.4248 0.0000 0.0000
5460.03 19.07.2018 00.00.01 25.88766 288.5353 -125.9184 -0.5523 -0.5523 0.0000 0.0000 0.0000 340.4740 366.3361 -8.4229 0.0000 0.0000
5470.03 19.07.2018 00.10.01 25.80984 288.3377 -127.4719 -0.5591 -0.5591 0.0000 0.0000 0.0000 339.5645 365.5628 -8.6119 0.0000 0.0000
5480.03 19.07.2018 00.20.01 25.73110 288.1486 -128.7540 -0.5647 -0.5647 0.0000 0.0000 0.0000 338.6680 364.7995 -8.7585 0.0000 0.0000
5490.03 19.07.2018 00.30.01 25.65151 287.9608 -129.7543 -0.5691 -0.5691 0.0000 0.0000 0.0000 337.7633 364.0334 -8.8833 0.0000 0.0000
5500.03 19.07.2018 00.40.01 25.57137 287.7690 -130.7251 -0.5734 -0.5734 0.0000 0.0000 0.0000 336.8547 363.2612 -9.0052 0.0000 0.0000
5510.03 19.07.2018 00.50.01 25.49081 287.5756 -131.9358 -0.5787 -0.5787 0.0000 0.0000 0.0000 335.9454 362.4868 -9.1226 0.0000 0.0000
5520.03 19.07.2018 01.00.01 25.40933 287.3825 -132.9364 -0.5831 -0.5831 0.0000 0.0000 0.0000 335.0368 361.7118 -9.2277 0.0000 0.0000
5530.03 19.07.2018 01.10.01 25.32723 287.2891 -133.6343 -0.5861 -0.5861 0.0000 0.0000 0.0000 334.9063 361.1690 -8.8362 0.0000 0.0000
5540.03 19.07.2018 01.20.01 25.24511 287.1900 -133.3866 -0.5850 -0.5850 0.0000 0.0000 0.0000 334.8227 360.6760 -8.5667 0.0000 0.0000
5550.03 19.07.2018 01.30.01 25.16357 287.0893 -132.7003 -0.5820 -0.5820 0.0000 0.0000 0.0000 334.7363 360.2042 -8.3740 0.0000 0.0000
5560.03 19.07.2018 01.40.01 25.08248 286.9929 -131.6154 -0.5773 -0.5773 0.0000 0.0000 0.0000 334.6684 359.7611 -8.2248 0.0000 0.0000
5570.03 19.07.2018 01.50.01 25.00192 286.9175 -130.5398 -0.5725 -0.5725 0.0000 0.0000 0.0000 334.6243 359.3638 -8.0434 0.0000 0.0000
5580.03 19.07.2018 02.00.01 24.92214 286.8478 -129.8278 -0.5694 -0.5694 0.0000 0.0003 0.0002 334.5930 358.9915 -7.8867 0.0000 0.0000
5590.03 19.07.2018 02.10.01 24.84258 286.7710 -127.4244 -0.5589 -0.5654 0.0087 0.2103 0.1098 333.9082 358.5174 -7.9780 0.0000 0.0000
5600.03 19.07.2018 02.20.01 24.76391 286.7297 -126.0438 -0.5528 -0.5676 0.0197 0.4473 0.2339 333.1014 357.9969 -8.0670 0.0000 0.0000
5610.03 19.07.2018 02.30.01 24.68572 286.6384 -126.5059 -0.5549 -0.5783 0.0312 0.6885 0.3601 332.3439 357.4011 -8.4097 0.0000 0.0000
5620.03 19.07.2018 02.40.01 24.60687 286.5269 -128.3900 -0.5631 -0.5952 0.0428 0.9305 0.4867 331.6178 356.7542 -8.9164 0.0000 0.0000
5630.03 19.07.2018 02.50.01 24.52633 286.4060 -131.8258 -0.5782 -0.6189 0.0543 1.1727 0.6134 330.8254 356.0566 -9.4821 0.0000 0.0000
5640.03 19.07.2018 03.00.01 24.44344 286.2955 -135.7736 -0.5955 -0.6451 0.0661 1.4207 0.7432 329.9856 355.3436 -9.9659 0.0000 0.0000
5650.03 19.07.2018 03.10.01 24.35861 286.3119 -113.8351 -0.4993 -0.6657 0.2219 5.1583 2.6955 329.5630 355.1982 -9.4878 0.0000 0.0000
5660.03 19.07.2018 03.20.01 24.28414 286.3331 -93.9305 -0.4120 -0.7253 0.4178 9.3483 4.8881 329.3003 355.2612 -9.2391 0.0000 0.0000
5670.03 19.07.2018 03.30.01 24.21929 286.3605 -80.2587 -0.3520 -0.8173 0.6204 13.6068 7.1166 329.1044 355.4364 -9.1200 0.0000 0.0000
5680.03 19.07.2018 03.40.01 24.16140 286.3889 -70.7016 -0.3101 -0.9283 0.8243 17.8788 9.3522 328.9447 355.6985 -9.0989 0.0000 0.0000
5690.03 19.07.2018 03.50.01 24.10870 286.4202 -63.5183 -0.2786 -1.0499 1.0284 22.1532 11.5891 328.8103 356.0321 -9.1587 0.0000 0.0000
5700.03 19.07.2018 04.00.01 24.05993 286.4533 -57.5599 -0.2525 -1.1770 1.2328 26.4340 13.8293 328.6960 356.4268 -9.2889 0.0000 0.0000
5710.03 19.07.2018 04.10.01 24.01479 286.7981 -27.0166 -0.1185 -1.3060 1.5834 34.2591 17.9205 329.2050 357.5256 -8.3664 0.0000 0.0000
5720.03 19.07.2018 04.20.01 23.98440 287.1566 -1.2625 -0.0055 -1.4866 1.9748 42.5436 22.2559 329.9202 358.9135 -7.7637 0.0000 0.0000
5730.03 19.07.2018 04.30.01 23.96682 287.5212 16.9402 0.0743 -1.7054 2.3730 50.8977 26.6277 330.7306 360.4801 -7.3749 0.0000 0.0000
5740.03 19.07.2018 04.40.01 23.95883 287.8895 30.5234 0.1339 -1.9454 2.7724 59.2656 31.0068 331.5998 362.1941 -7.1565 0.0000 0.0000
5750.03 19.07.2018 04.50.01 23.95834 288.2602 41.6400 0.1826 -2.1965 3.1721 79.3135 41.5710 332.5141 364.6327 -7.8969 0.0000 0.0000
5760.03 19.07.2018 05.00.01 23.96417 288.6371 57.3844 0.2517 -2.4530 3.6062 90.0934 47.1999 333.5371 367.0172 -8.5469 0.0000 0.0000
5770.03 19.07.2018 05.10.01 23.97854 289.0114 65.7882 0.2885 -2.7265 4.0200 142.2647 74.5973 334.5868 371.4846 -11.5585 0.0000 0.0000
5780.03 19.07.2018 05.20.01 23.99819 289.4057 98.1843 0.4306 -2.9985 4.5722 193.2396 101.1667 335.9748 377.1190 -15.8884 0.0000 0.0000
5790.03 19.07.2018 05.30.01 24.03384 289.8138 126.1548 0.5533 -3.3219 5.1669 241.9988 126.3823 337.5713 383.3116 -20.7858 0.0000 0.0000
5800.03 19.07.2018 05.40.01 24.08364 290.2244 145.6266 0.6387 -3.6830 5.7623 229.4195 119.5587 339.2668 387.3870 -22.9182 0.0000 0.0000
5810.03 19.07.2018 05.50.01 24.14364 290.6300 123.8669 0.5433 -4.0616 6.1398 215.8928 112.3390 340.5943 390.1115 -23.1963 0.0000 0.0000
5820.03 19.07.2018 06.00.01 24.19589 291.0284 108.8653 0.4775 -4.3685 6.4613 203.0806 105.5861 341.7482 392.3351 -22.8381 0.0000 0.0000
5830.03 19.07.2018 06.10.01 24.24279 291.4687 68.9660 0.3025 -4.6238 6.5683 221.3199 114.7301 343.1554 395.5745 -19.4387 0.0000 0.0000
5840.03 19.07.2018 06.20.01 24.27371 291.9304 74.2602 0.3257 -4.7715 6.7963 238.4648 123.1227 344.8359 399.2728 -19.6198 0.0000 0.0000
5850.03 19.07.2018 06.30.01 24.30853 292.2621 88.3155 0.3873 -4.9131 7.0672 256.9711 132.3011 346.6118 402.4663 -27.1707 0.0000 0.0000
5860.03 19.07.2018 06.40.01 24.35092 292.9011 104.2724 0.4573 -5.0673 7.3662 265.7565 136.4223 348.6956 406.7718 -22.3475 0.0000 0.0000
5870.03 19.07.2018 06.50.01 24.40350 293.2426 261.8944 1.1487 -5.2343 8.5106 282.1379 144.4635 350.6524 411.5811 -22.5452 0.0000 0.0000
5880.03 19.07.2018 07.00.01 24.52758 293.4831 368.1812 1.6148 -5.7246 9.7859 299.3437 152.9013 352.3492 415.6445 -30.7710 0.0000 0.0000
5890.03 19.07.2018 07.10.01 24.70132 294.1540 443.7617 1.9463 -6.4152 11.1488 308.1405 157.2305 354.0636 421.2540 -26.9602 0.0000 0.0000
5900.03 19.07.2018 07.20.01 24.91125 293.9688 461.7445 2.0252 -7.2322 12.3432 315.3645 160.7436 355.4520 423.8956 -41.7222 0.0000 0.0000
5910.03 19.07.2018 07.30.01 25.13165 293.9049 474.3295 2.0804 -8.0570 13.5165 323.0479 164.5475 356.5475 425.4831 -55.6540 0.0000 0.0000
5920.03 19.07.2018 07.40.01 25.35995 294.2571 478.7505 2.0998 -8.8793 14.6388 331.3918 168.6854 358.3641 430.7586 -37.5418 0.0000 0.0000
5930.03 19.07.2018 07.50.01 25.59280 294.3173 474.5223 2.0812 -9.6760 15.6764 339.0753 172.4908 359.7258 432.0900 -58.8030 0.0000 0.0000
5940.03 19.07.2018 08.00.01 25.82626 294.2695 464.6620 2.0380 -10.4316 16.6262 346.5708 176.2482 360.3697 432.0005 -77.2328 0.0000 0.0000
5950.03 19.07.2018 08.10.01 26.05804 294.4668 565.0471 2.4783 -11.1461 18.1658 365.6754 185.5832 361.1738 434.0407 -76.6243 0.0000 0.0000
5960.03 19.07.2018 08.20.01 26.33593 294.6521 644.2667 2.8257 -12.0608 19.8487 385.9177 195.4920 362.3470 436.8296 -78.3023 0.0000 0.0000
5970.03 19.07.2018 08.30.01 26.65145 294.8870 711.8693 3.1222 -13.1143 21.6487 406.9272 205.7718 363.7693 439.9836 -81.6101 0.0000 0.0000
5980.03 19.07.2018 08.40.01 27.00005 295.1363 741.2063 3.2509 -14.2745 23.3672 425.8224 215.0146 365.2129 443.3565 -84.3535 0.0000 0.0000
5990.03 19.07.2018 08.50.01 27.36495 295.3651 754.8739 3.3108 -15.4552 25.0214 443.5998 223.6354 366.4984 446.6264 -88.1750 0.0000 0.0000
6000.03 19.07.2018 09.00.01 27.73925 295.5999 771.8317 3.3852 -16.6247 26.6799 461.9335 232.5887 367.8658 450.0847 -92.2899 0.0000 0.0000
6010.03 19.07.2018 09.10.01 28.12280 295.8237 668.7536 2.9331 -17.7922 27.6337 468.8937 236.1215 369.6766 453.6785 -92.5935 0.0000 0.0000
6020.03 19.07.2018 09.20.01 28.46359 296.0490 591.4136 2.5939 -18.6968 28.3876 473.9712 238.6771 371.3361 456.9676 -92.0698 0.0000 0.0000
6030.03 19.07.2018 09.30.01 28.77215 296.2756 548.7915 2.4070 -19.4072 29.0855 478.8989 241.1846 372.9496 460.1616 -92.8416 0.0000 0.0000
6040.03 19.07.2018 09.40.01 29.06323 296.5069 525.6584 2.3055 -20.0070 29.7501 484.1507 243.8335 374.4751 463.4105 -92.3378 0.0000 0.0000
6050.03 19.07.2018 09.50.01 29.34515 296.7399 509.0948 2.2329 -20.5420 30.3666 489.3053 246.4605 376.0113 466.6683 -91.8006 0.0000 0.0000
6060.03 19.07.2018 10.00.01 29.62039 296.9700 475.1482 2.0840 -21.0274 30.8152 493.4914 248.6346 377.4763 469.6936 -92.3858 0.0000 0.0000
6070.03 19.07.2018 10.10.01 29.88000 297.4805 290.8860 1.2758 -21.4237 30.2661 484.4336 244.4773 379.9061 472.7325 -80.8487 0.0000 0.0000
6080.03 19.07.2018 10.20.01 30.05917 297.6471 165.7642 0.7270 -21.4059 29.5105 473.6514 239.4416 381.9960 473.3663 -87.9624 0.0000 0.0000
6090.03 19.07.2018 10.30.01 30.18130 297.7773 66.6275 0.2922 -21.1315 28.5650 461.4161 233.6795 383.1248 471.3911 -104.7589 0.0000 0.0000
6100.03 19.07.2018 10.40.01 30.25771 297.9658 27.5775 0.1210 -20.6658 27.7156 451.1641 228.8882 385.0823 473.7133 -97.5143 0.0000 0.0000
6110.03 19.07.2018 10.50.01 30.31655 298.1463 -1.3797 -0.0061 -20.1068 26.8010 440.6451 223.9857 387.5105 476.4222 -91.1380 0.0000 0.0000
6120.03 19.07.2018 11.00.01 30.36050 298.3476 -38.8835 -0.1705 -19.4952 25.7662 429.4951 218.7967 389.8583 479.2089 -85.0327 0.0000 0.0000
6130.03 19.07.2018 11.10.01 30.38506 298.4004 -238.1337 -1.0444 -18.8051 23.6809 398.0686 203.2520 391.7522 477.3162 -79.3119 0.0000 0.0000
6140.03 19.07.2018 11.20.01 30.31786 298.2452 -395.3287 -1.7339 -17.7133 21.3059 363.6573 186.1387 392.4907 473.1342 -79.6868 0.0000 0.0000
6150.03 19.07.2018 11.30.01 30.17581 298.1623 -500.5434 -2.1954 -16.3398 18.8593 328.7325 168.7723 392.6679 467.9323 -83.1357 0.0000 0.0000
6160.03 19.07.2018 11.40.01 29.98199 298.1202 -555.7925 -2.4377 -14.7998 16.4829 294.8799 151.9076 393.5179 465.4672 -72.8378 0.0000 0.0000
6170.03 19.07.2018 11.50.01 29.75994 297.9604 -593.0982 -2.6013 -13.1824 14.1081 261.1350 135.1061 394.3868 462.1322 -68.6435 0.0000 0.0000
6180.03 19.07.2018 12.00.01 29.51812 297.8308 -621.6856 -2.7267 -11.5224 11.7276 227.3357 118.2735 394.9759 457.8970 -66.7148 0.0000 0.0000
6190.03 19.07.2018 12.10.01 29.26403 297.7134 -321.8066 -1.4114 -9.8619 11.2673 220.9272 114.8640 393.4719 454.7203 -63.0279 0.0000 0.0000
6200.03 19.07.2018 12.20.01 29.13964 297.6958 -132.0875 -0.5793 -8.9109 11.1088 218.0893 113.3649 392.5544 452.5326 -60.6072 0.0000 0.0000
6210.03 19.07.2018 12.30.01 29.09826 297.6817 -33.3378 -0.1462 -8.3912 10.9933 215.7104 112.1070 391.9083 450.7172 -58.5665 0.0000 0.0000
6220.03 19.07.2018 12.40.01 29.10085 297.6651 17.4644 0.0766 -8.0883 10.8866 213.4623 110.9176 391.3610 449.1516 -56.8365 0.0000 0.0000
6230.03 19.07.2018 12.50.01 29.12640 297.6472 43.1896 0.1894 -7.8922 10.7755 211.1987 109.7221 390.8599 447.7709 -55.2947 0.0000 0.0000
6240.03 19.07.2018 13.00.01 29.16375 297.6289 55.4569 0.2432 -7.7479 10.6549 208.9268 108.5263 390.3866 446.5265 -54.0261 0.0000 0.0000
6250.03 19.07.2018 13.10.01 29.21002 297.7742 342.4437 1.5019 -7.6424 12.1924 231.2200 119.3589 387.6969 446.0506 -56.4052 0.0000 0.0000
6260.03 19.07.2018 13.20.01 29.38433 297.8881 519.9352 2.2804 -8.1657 13.9281 256.4843 131.8209 385.4675 446.4738 -60.2579 0.0000 0.0000
6270.03 19.07.2018 13.30.01 29.63922 297.9974 604.8399 2.6528 -9.0524 15.6069 281.7074 144.2995 383.4684 447.2681 -64.7517 0.0000 0.0000
6280.03 19.07.2018 13.40.01 29.93450 298.1195 647.1138 2.8382 -10.0906 17.2384 307.3348 156.9957 381.5785 448.3934 -68.5971 0.0000 0.0000
6290.03 19.07.2018 13.50.01 30.25103 298.2255 655.9330 2.8769 -11.1860 18.7505 332.4871 169.4968 379.7668 449.6924 -73.9702 0.0000 0.0000
6300.03 19.07.2018 14.00.01 30.57366 298.3287 634.0418 2.7809 -12.2680 20.0652 356.6817 181.5764 377.9911 450.9936 -80.7220 0.0000 0.0000
6310.03 19.07.2018 14.10.01 30.88427 298.2259 237.1643 1.0402 -13.2568 19.0627 342.6336 174.8766 378.3660 451.3301 -83.0511 0.0000 0.0000
6320.03 19.07.2018 14.20.01 31.01885 298.0868 -39.5292 -0.1734 -13.3583 17.5799 322.5340 164.9150 377.8164 450.1005 -82.6646 0.0000 0.0000
6330.03 19.07.2018 14.30.01 31.02853 297.9464 -180.3970 -0.7912 -12.8813 16.1201 302.3425 154.8829 376.9803 448.3588 -81.2761 0.0000 0.0000
6340.03 19.07.2018 14.40.01 30.97198 297.8190 -253.7345 -1.1129 -12.1399 14.7027 281.9831 144.7622 376.0115 446.4683 -78.1844 0.0000 0.0000
6350.03 19.07.2018 14.50.01 30.87942 297.6565 -283.3058 -1.2426 -11.2860 13.3912 262.3689 135.0087 374.9648 444.2362 -76.6588 0.0000 0.0000
6360.03 19.07.2018 15.00.01 30.77007 297.5080 -306.3031 -1.3434 -10.4129 12.0926 242.3942 125.0284 373.7467 441.4988 -74.6025 0.0000 0.0000
6370.03 19.07.2018 15.10.01 30.64761 297.2956 -278.7870 -1.2227 -9.5470 11.0990 228.8146 118.3422 372.7049 439.1188 -70.1798 0.0000 0.0000
6380.03 19.07.2018 15.20.01 30.53610 297.1161 -254.4428 -1.1160 -8.7724 10.2085 214.3068 111.0206 371.7195 436.7178 -65.8794 0.0000 0.0000
6390.03 19.07.2018 15.30.01 30.43289 296.9322 -236.9834 -1.0394 -8.0826 9.3910 200.2390 103.9080 370.7330 434.2900 -62.2831 0.0000 0.0000
6400.03 19.07.2018 15.40.01 30.33538 296.7471 -227.4573 -0.9976 -7.4572 8.6128 185.5923 96.4829 369.7377 431.8074 -58.7554 0.0000 0.0000
6410.03 19.07.2018 15.50.01 30.24038 296.5657 -212.9793 -0.9341 -6.8750 7.9212 171.4508 89.2960 368.7442 429.3225 -55.2964 0.0000 0.0000
6420.03 19.07.2018 16.00.01 30.15023 296.3893 -200.3583 -0.8788 -6.3453 7.2887 157.4468 82.1450 367.7207 426.8084 -51.7882 0.0000 0.0000
6430.03 19.07.2018 16.10.01 30.06472 296.2897 -151.8723 -0.6661 -5.8618 6.9276 156.1072 81.3693 366.0182 424.5976 -49.4507 0.0000 0.0000
6440.03 19.07.2018 16.20.01 29.99935 296.1937 -116.3040 -0.5101 -5.5010 6.6546 156.3495 81.4749 364.5378 422.8055 -48.5598 0.0000 0.0000
6450.03 19.07.2018 16.30.01 29.94872 296.1228 -105.7995 -0.4640 -5.2299 6.3544 156.7223 81.6782 363.2255 421.1401 -48.4008 0.0000 0.0000
6460.03 19.07.2018 16.40.01 29.90219 296.0148 -85.7541 -0.3761 -4.9908 6.1529 157.8973 82.1821 361.9049 419.7558 -47.1068 0.0000 0.0000
6470.03 19.07.2018 16.50.01 29.86392 295.9337 -69.2866 -0.3039 -4.8050 6.0015 161.3686 84.0256 360.6304 418.6953 -47.1880 0.0000 0.0000
6480.03 19.07.2018 17.00.01 29.83227 295.8434 -67.2184 -0.2948 -4.6624 5.8234 164.9671 85.9671 359.3384 417.6680 -48.5341 0.0000 0.0000
6490.03 19.07.2018 17.10.01 29.80062 295.5981 -105.9961 -0.4649 -4.5321 5.4230 153.0163 79.8735 358.0096 416.1780 -46.0665 0.0000 0.0000
6500.03 19.07.2018 17.20.01 29.75079 295.3436 -158.3083 -0.6943 -4.3276 4.8444 138.6947 72.4939 356.3877 414.1153 -43.3350 0.0000 0.0000
6510.03 19.07.2018 17.30.01 29.67672 295.1058 -193.0329 -0.8466 -4.0212 4.2327 123.8047 64.7995 354.6081 411.7598 -40.6545 0.0000 0.0000
6520.03 19.07.2018 17.40.01 29.58593 294.8700 -213.9362 -0.9383 -3.6584 3.6268 107.4003 56.2970 352.8294 409.2294 -36.7086 0.0000 0.0000
6530.03 19.07.2018 17.50.01 29.48419 294.6299 -232.9697 -1.0218 -3.2705 2.9983 96.0836 50.8646 350.9973 407.1271 -33.6607 0.0000 0.0000
6540.03 19.07.2018 18.00.01 29.37240 294.3895 -246.3832 -1.0806 -2.8621 2.3753 79.1332 42.0473 349.1434 404.2967 -29.7180 0.0000 0.0000
6550.03 19.07.2018 18.10.01 29.25335 294.0466 -217.3661 -0.9534 -2.4471 1.9917 68.6884 36.5443 347.7115 401.6360 -26.3747 0.0000 0.0000
6560.03 19.07.2018 18.20.01 29.14535 293.7167 -195.8880 -0.8592 -2.1185 1.6791 58.8329 31.3400 346.3910 399.0821 -23.8967 0.0000 0.0000
6570.03 19.07.2018 18.30.01 29.04540 293.3805 -186.3056 -0.8171 -1.8543 1.3829 48.9586 26.1122 345.1270 396.5281 -21.5615 0.0000 0.0000
6580.03 19.07.2018 18.40.01 28.94857 293.0427 -183.2755 -0.8038 -1.6260 1.0963 36.0879 19.2372 343.8839 393.7561 -19.0227 0.0000 0.0000
6590.03 19.07.2018 18.50.01 28.85198 292.7140 -186.3003 -0.8171 -1.4177 0.8008 22.8291 12.1362 342.6244 390.8739 -16.2416 0.0000 0.0000
6600.03 19.07.2018 19.00.01 28.75298 292.3831 -190.5318 -0.8357 -1.2158 0.5069 9.3201 4.8831 341.3642 387.8993 -13.3993 0.0000 0.0000
6610.03 19.07.2018 19.10.01 28.65133 292.0198 -171.4419 -0.7519 -1.0183 0.3551 7.0460 3.6892 339.9572 385.5512 -12.1614 0.0000 0.0000
6620.03 19.07.2018 19.20.01 28.55718 291.6631 -152.9276 -0.6707 -0.8778 0.2761 5.5532 2.9075 338.6396 383.4680 -11.4257 0.0000 0.0000
6630.03 19.07.2018 19.30.01 28.47018 291.3091 -144.3559 -0.6331 -0.7905 0.2099 4.1962 2.1972 337.3679 381.4857 -10.9726 0.0000 0.0000
6640.03 19.07.2018 19.40.01 28.38604 290.9503 -142.2646 -0.6240 -0.7335 0.1460 2.8640 1.5001 336.1129 379.5728 -10.7012 0.0000 0.0000
6650.03 19.07.2018 19.50.01 28.30200 290.5939 -143.5991 -0.6298 -0.6917 0.0825 1.5363 0.8053 334.8621 377.7109 -10.5956 0.0000 0.0000
6660.03 19.07.2018 20.00.01 28.21649 290.2344 -146.8086 -0.6439 -0.6583 0.0192 0.2113 0.1119 333.6062 375.8836 -10.5883 0.0000 0.0000
6670.03 19.07.2018 20.10.01 28.12881 290.0591 -142.4664 -0.6249 -0.6273 0.0033 0.0345 0.0181 332.8584 374.5389 -9.4658 0.0000 0.0000
6680.03 19.07.2018 20.20.01 28.04272 289.8856 -138.9499 -0.6094 -0.6099 0.0006 0.0066 0.0035 332.1806 373.3348 -8.6047 0.0000 0.0000
6690.03 19.07.2018 20.30.01 27.95803 289.7154 -137.5834 -0.6034 -0.6035 0.0001 0.0011 0.0006 331.5353 372.2202 -7.9206 0.0000 0.0000
6700.03 19.07.2018 20.40.01 27.87380 289.5510 -137.7289 -0.6041 -0.6041 0.0000 0.0002 0.0001 330.9116 371.1773 -7.3748 0.0000 0.0000
6710.03 19.07.2018 20.50.01 27.78881 289.3840 -138.1789 -0.6060 -0.6061 0.0000 0.0000 0.0000 330.3069 370.1832 -6.9750 0.0000 0.0000
6720.03 19.07.2018 21.00.01 27.70349 289.2243 -139.5980 -0.6123 -0.6123 0.0000 0.0000 0.0000 329.7203 369.2391 -6.6550 0.0000 0.0000
6730.03 19.07.2018 21.10.01 27.61715 289.0078 -141.3287 -0.6199 -0.6199 0.0000 0.0000 0.0000 329.3896 368.2820 -6.8106 0.0000 0.0000
6740.03 19.07.2018 21.20.01 27.52966 288.7944 -143.4580 -0.6292 -0.6292 0.0000 0.0000 0.0000 329.0661 367.3582 -7.0155 0.0000 0.0000
6750.03 19.07.2018 21.30.01 27.44079 288.5808 -145.6225 -0.6387 -0.6387 0.0000 0.0000 0.0000 328.7486 366.4585 -7.2705 0.0000 0.0000
6760.03 19.07.2018 21.40.01 27.35058 288.3666 -147.8225 -0.6483 -0.6483 0.0000 0.0000 0.0000 328.4385 365.5782 -7.5599 0.0000 0.0000
6770.03 19.07.2018 21.50.01 27.25909 288.1533 -150.0213 -0.6580 -0.6580 0.0000 0.0000 0.0000 328.1344 364.7167 -7.8815 0.0000 0.0000
6780.03 19.07.2018 22.00.01 27.16622 287.9399 -152.1215 -0.6672 -0.6672 0.0000 0.0000 0.0000 327.8340 363.8701 -8.2373 0.0000 0.0000
6790.03 19.07.2018 22.10.01 27.07217 287.7447 -154.2216 -0.6764 -0.6764 0.0000 0.0000 0.0000 326.4415 362.9333 -8.3149 0.0000 0.0000
6800.03 19.07.2018 22.20.01 26.97665 287.5514 -156.4826 -0.6863 -0.6863 0.0000 0.0000 0.0000 325.0230 361.9689 -8.3049 0.0000 0.0000
6810.03 19.07.2018 22.30.01 26.87966 287.3549 -159.1730 -0.6981 -0.6981 0.0000 0.0000 0.0000 323.5992 360.9832 -8.2800 0.0000 0.0000
6820.03 19.07.2018 22.40.01 26.78106 287.1607 -161.8728 -0.7100 -0.7100 0.0000 0.0000 0.0000 322.1797 359.9949 -8.2211 0.0000 0.0000
6830.03 19.07.2018 22.50.01 26.68081 286.9672 -164.4023 -0.7211 -0.7211 0.0000 0.0000 0.0000 320.7656 359.0015 -8.1422 0.0000 0.0000
6840.03 19.07.2018 23.00.01 26.57900 286.7726 -166.7216 -0.7312 -0.7312 0.0000 0.0000 0.0000 319.3532 358.0019 -8.0570 0.0000 0.0000
6850.03 19.07.2018 23.10.01 26.47589 286.5687 -168.9800 -0.7411 -0.7411 0.0000 0.0000 0.0000 318.4826 357.0699 -8.0268 0.0000 0.0000
6860.03 19.07.2018 23.20.01 26.37155 286.3583 -170.2994 -0.7469 -0.7469 0.0000 0.0000 0.0000 317.6335 356.1498 -8.0555 0.0000 0.0000
6870.03 19.07.2018 23.30.01 26.26650 286.1349 -171.0522 -0.7502 -0.7502 0.0000 0.0000 0.0000 316.7713 355.2078 -8.2061 0.0000 0.0000
6880.03 19.07.2018 23.40.01 26.16122 285.9150 -172.1978 -0.7553 -0.7553 0.0000 0.0000 0.0000 315.8681 354.2404 -8.4387 0.0000 0.0000
6890.03 19.07.2018 23.50.01 26.05502 285.7000 -173.3669 -0.7604 -0.7604 0.0000 0.0000 0.0000 314.9314 353.2539 -8.7381 0.0000 0.0000
6900.03 20.07.2018 00.00.01 25.94796 285.4864 -175.1928 -0.7684 -0.7684 0.0000 0.0000 0.0000 314.0561 352.2683 -9.0932 0.0000 0.0000
6910.03 20.07.2018 00.10.01 25.83969 285.3321 -176.9628 -0.7762 -0.7762 0.0000 0.0000 0.0000 313.0592 351.3804 -8.8738 0.0000 0.0000
6920.03 20.07.2018 00.20.01 25.73049 285.1737 -178.2688 -0.7819 -0.7819 0.0000 0.0000 0.0000 312.0499 350.5004 -8.6766 0.0000 0.0000
6930.03 20.07.2018 00.30.01 25.62063 285.0155 -179.2639 -0.7862 -0.7862 0.0000 0.0000 0.0000 311.0364 349.6302 -8.4876 0.0000 0.0000
6940.03 20.07.2018 00.40.01 25.51010 284.8568 -180.0526 -0.7897 -0.7897 0.0000 0.0000 0.0000 310.0356 348.7708 -8.3153 0.0000 0.0000
6950.03 20.07.2018 00.50.01 25.39929 284.6989 -181.1250 -0.7944 -0.7944 0.0000 0.0000 0.0000 309.0439 347.9217 -8.1502 0.0000 0.0000
6960.03 20.07.2018 01.00.01 25.28759 284.5409 -181.7144 -0.7970 -0.7970 0.0000 0.0000 0.0000 308.0695 347.0828 -7.9961 0.0000 0.0000
6970.03 20.07.2018 01.10.01 25.17578 284.3891 -182.6074 -0.8009 -0.8009 0.0000 0.0000 0.0000 307.4722 346.3164 -7.8627 0.0000 0.0000
6980.03 20.07.2018 01.20.01 25.06320 284.2406 -182.8013 -0.8018 -0.8018 0.0000 0.0000 0.0000 306.9039 345.5773 -7.7609 0.0000 0.0000
6990.03 20.07.2018 01.30.01 24.95062 284.0922 -183.0375 -0.8028 -0.8028 0.0000 0.0000 0.0000 306.3630 344.8625 -7.6770 0.0000 0.0000
7000.03 20.07.2018 01.40.01 24.83804 283.9469 -183.2885 -0.8039 -0.8039 0.0000 0.0000 0.0000 305.8537 344.1637 -7.6238 0.0000 0.0000
7010.03 20.07.2018 01.50.01 24.72540 283.8028 -183.4968 -0.8048 -0.8048 0.0000 0.0000 0.0000 305.3687 343.4864 -7.5832 0.0000 0.0000
7020.03 20.07.2018 02.00.01 24.61276 283.6575 -183.6817 -0.8056 -0.8056 0.0000 0.0004 0.0002 304.8773 342.8118 -7.5718 0.0000 0.0000
7030.03 20.07.2018 02.10.01 24.50015 283.5267 -182.2329 -0.7993 -0.8066 0.0098 0.2377 0.1241 304.7675 342.2042 -7.5912 0.0000 0.0000
7040.03 20.07.2018 02.20.01 24.38787 283.3996 -180.4461 -0.7914 -0.8082 0.0223 0.5057 0.2644 304.6543 341.6309 -7.6654 0.0000 0.0000
7050.03 20.07.2018 02.30.01 24.27651 283.2670 -179.3095 -0.7864 -0.8129 0.0353 0.7783 0.4071 304.5273 341.0697 -7.7980 0.0000 0.0000
7060.03 20.07.2018 02.40.01 24.16583 283.1377 -178.8705 -0.7845 -0.8208 0.0483 1.0519 0.5502 304.3940 340.5223 -7.9596 0.0000 0.0000
7070.03 20.07.2018 02.50.01 24.05529 283.0071 -178.5934 -0.7833 -0.8294 0.0614 1.3256 0.6935 304.2757 339.9926 -8.1521 0.0000 0.0000
7080.03 20.07.2018 03.00.01 23.94488 282.8735 -178.3015 -0.7820 -0.8380 0.0747 1.6045 0.8394 304.1719 339.4706 -8.3965 0.0000 0.0000
7090.03 20.07.2018 03.10.01 23.83483 282.9307 -156.3791 -0.6859 -0.8457 0.2131 4.9174 2.5699 303.8629 339.3747 -7.8198 0.0000 0.0000
7100.03 20.07.2018 03.20.01 23.73486 282.9873 -138.6320 -0.6080 -0.8979 0.3865 8.6236 4.5093 303.6737 339.4379 -7.4722 0.0000 0.0000
7110.03 20.07.2018 03.30.01 23.64324 283.0464 -127.2495 -0.5581 -0.9824 0.5657 12.3893 6.4799 303.5517 339.5855 -7.2665 0.0000 0.0000
7120.03 20.07.2018 03.40.01 23.55724 283.1103 -119.5772 -0.5245 -1.0839 0.7460 16.1669 8.4568 303.4843 339.8163 -7.1436 0.0000 0.0000
7130.03 20.07.2018 03.50.01 23.47534 283.1788 -113.9350 -0.4997 -1.1945 0.9264 19.9465 10.4348 303.4496 340.1104 -7.0931 0.0000 0.0000
7140.03 20.07.2018 04.00.01 23.39651 283.2478 -109.1805 -0.4789 -1.3091 1.1069 23.7260 12.4126 303.4237 340.4469 -7.1199 0.0000 0.0000
7150.03 20.07.2018 04.10.01 23.32043 283.6009 -106.6645 -0.4678 -1.4244 1.2754 27.2140 14.2383 303.8637 341.1408 -5.8426 0.0000 0.0000
7160.03 20.07.2018 04.20.01 23.24648 283.9581 -102.9856 -0.4517 -1.5321 1.4405 30.6641 16.0438 304.3787 341.9392 -4.7264 0.0000 0.0000
7170.03 20.07.2018 04.30.01 23.17526 284.3097 -98.3195 -0.4312 -1.6350 1.6051 34.1086 17.8464 304.9473 342.8186 -3.7593 0.0000 0.0000
7180.03 20.07.2018 04.40.01 23.10705 284.6591 -93.2178 -0.4088 -1.7360 1.7695 37.5519 19.6483 305.5596 343.7710 -2.9079 0.0000 0.0000
7190.03 20.07.2018 04.50.01 23.04205 285.0064 -88.0022 -0.3860 -1.8364 1.9339 40.9951 21.4502 306.2261 344.7911 -2.1528 0.0000 0.0000
