# simtime date time IndoorTemp Av_Tair_at_facade Energyflux.toIndoor.sum  Energyflux.toIndoor.average Energyflux.Conduction.average Energyflux.SW.transmission.average Shortwave.availabe Shortwave.absorbed Longwave.available Longwave.emittedFacade Sensible.outside Vapour.fromGreening Vapour.fromSubstrate
10.02 15.07.2018 05.10.00 19.88625 288.6375 91.2015 0.2591 -0.3551 0.8189 231.6214 116.3849 325.2359 371.2687 -15.9800 0.0361 0.0000
20.02 15.07.2018 05.20.00 19.90328 289.3767 133.1313 0.3782 -0.6186 1.3291 409.3817 205.3810 328.7997 382.1019 -23.8074 0.1005 0.0000
30.03 15.07.2018 05.30.01 19.93746 290.3025 191.3738 0.5437 -0.8977 1.9218 596.3573 299.0687 334.0587 398.0487 -35.7821 0.2746 0.0000
40.03 15.07.2018 05.40.01 20.02102 291.2153 1955.4020 5.5551 -1.3508 9.2079 577.7184 285.8756 339.4548 412.9608 -46.8954 0.5605 0.0000
50.03 15.07.2018 05.50.01 20.60772 291.8308 1211.0364 3.4404 -4.2824 10.2971 549.0716 271.0301 343.9407 422.3414 -54.8190 0.9499 0.0000
60.03 15.07.2018 06.00.01 20.97726 292.2959 580.4556 1.6490 -5.9739 10.1639 520.5286 258.6898 346.5302 431.6179 -66.1429 1.6905 0.0000
70.03 15.07.2018 06.10.01 21.15493 292.5148 -210.4902 -0.5980 -6.6427 8.0596 491.8859 245.6190 347.6972 435.9976 -72.9662 2.4756 0.0000
80.03 15.07.2018 06.20.01 21.09881 292.7544 -515.2526 -1.4638 -6.1273 6.2180 468.4744 235.1209 349.2592 439.2916 -78.3652 3.2255 0.0000
90.03 15.07.2018 06.30.01 20.95022 293.0570 -630.6149 -1.7915 -5.1850 4.5247 447.4738 225.6992 350.9119 441.4672 -81.8393 3.9653 0.0000
100.03 15.07.2018 06.40.01 20.76534 293.4001 -642.3499 -1.8249 -4.1060 3.0415 435.9760 220.9441 352.7288 443.1782 -83.7713 4.7084 0.0000
110.03 15.07.2018 06.50.01 20.57897 293.7697 -375.0953 -1.0656 -3.0605 2.6599 446.9574 228.7903 354.6590 447.4728 -88.2706 5.4475 0.0000
120.03 15.07.2018 07.00.01 20.47207 294.0099 -131.3139 -0.3731 -2.4466 2.7647 444.6714 228.2976 355.6174 449.4610 -90.7779 6.1665 0.0000
130.03 15.07.2018 07.10.01 20.43694 294.2342 -34.8456 -0.0990 -2.2024 2.8045 444.9442 229.0511 355.9847 451.9523 -85.7070 6.6341 0.0000
140.03 15.07.2018 07.20.01 20.43124 294.5654 24.5427 0.0697 -2.0962 2.8879 506.3413 266.4105 357.4856 464.3786 -89.3576 7.0153 0.0000
150.03 15.07.2018 07.30.01 20.44409 295.0037 53.9516 0.1533 -2.0673 2.9607 514.0691 271.5780 359.3501 469.3242 -87.6951 7.4101 0.0000
160.03 15.07.2018 07.40.01 20.46703 295.3811 79.9190 0.2270 -2.0681 3.0602 527.8083 280.1089 361.0864 474.7390 -87.5437 7.8134 0.0000
170.03 15.07.2018 07.50.01 20.49883 295.7701 93.0265 0.2643 -2.0911 3.1404 535.1549 284.8342 362.8819 479.3240 -87.0962 8.1745 0.0000
180.03 15.07.2018 08.00.01 20.53585 296.1523 95.6292 0.2717 -2.1154 3.1828 537.6816 286.7248 364.6508 483.1500 -86.5804 8.5481 0.0000
190.03 15.07.2018 08.10.01 20.57540 296.5863 123.1185 0.3498 -2.1266 3.3018 541.3505 289.2203 366.8688 488.1615 -81.3368 8.9242 0.0000
200.03 15.07.2018 08.20.01 20.62448 297.0131 131.6017 0.3739 -2.1591 3.3773 543.3737 290.8029 368.9361 492.1286 -85.0705 9.3026 0.0000
210.03 15.07.2018 08.30.01 20.67803 297.1985 149.7917 0.4255 -2.1826 3.4776 545.0925 292.1587 371.1547 494.6152 -93.1069 9.6844 0.0000
220.03 15.07.2018 08.40.01 20.73885 297.4673 157.4987 0.4474 -2.2086 3.5413 547.7924 294.0137 373.5111 497.2559 -95.0176 10.0584 0.0000
230.03 15.07.2018 08.50.01 20.80380 297.7191 168.5142 0.4787 -2.2238 3.6034 549.8222 295.4701 375.7247 499.5086 -97.7010 10.4166 0.0000
240.03 15.07.2018 09.00.01 20.87368 297.5883 185.4294 0.5268 -2.2350 3.6824 550.8437 296.2937 377.6603 500.9264 -102.3391 10.7655 0.0000
250.03 15.07.2018 09.10.01 20.94998 297.8423 192.7182 0.5475 -2.2502 3.7303 547.5571 294.7479 379.0868 504.0287 -84.6111 11.1251 0.0000
260.03 15.07.2018 09.20.01 21.03124 299.1148 219.3444 0.6231 -2.2495 3.8301 544.9871 293.5554 379.9840 506.1042 -85.7520 11.5201 0.0000
270.03 15.07.2018 09.30.01 21.12283 298.5416 250.7281 0.7123 -2.2612 3.9646 542.4244 292.3074 380.7359 503.8441 -105.5461 11.9777 0.0000
280.03 15.07.2018 09.40.01 21.22564 298.5453 266.9574 0.7584 -2.2972 4.0741 541.3766 291.8598 383.1201 504.4679 -107.2372 12.4186 0.0000
290.03 15.07.2018 09.50.01 21.33428 298.6155 279.8851 0.7951 -2.3461 4.1883 539.8303 291.1054 385.8859 503.8778 -113.0673 12.7992 0.0000
300.03 15.07.2018 10.00.01 21.44781 298.5632 288.8587 0.8206 -2.4001 4.2942 536.8730 289.5183 386.7751 501.6219 -122.6485 13.1375 0.0000
310.03 15.07.2018 10.10.01 21.56484 298.8122 261.9539 0.7442 -2.4473 4.2553 536.0218 289.2034 387.8470 502.1294 -119.1932 13.5106 0.0000
320.03 15.07.2018 10.20.01 21.67547 299.1720 268.1017 0.7617 -2.4384 4.2667 535.8493 289.2138 389.6506 503.1312 -116.2636 13.8662 0.0000
330.03 15.07.2018 10.30.01 21.78906 299.5457 264.0565 0.7502 -2.4214 4.2288 534.0629 288.3357 391.2256 504.0754 -114.1699 14.2018 0.0000
340.03 15.07.2018 10.40.01 21.90264 299.7294 270.1372 0.7674 -2.3839 4.2018 533.3812 288.0367 391.4910 505.8388 -108.9239 14.5478 0.0000
350.03 15.07.2018 10.50.01 22.01937 299.9278 277.3537 0.7879 -2.3391 4.1694 532.0929 287.3822 391.8327 506.7156 -109.4123 15.2970 0.0000
360.03 15.07.2018 11.00.01 22.13922 300.1162 286.7783 0.8147 -2.2952 4.1465 529.8639 286.1489 392.3351 507.1390 -110.5831 16.1108 0.0000
370.03 15.07.2018 11.10.01 22.26232 300.2330 294.4767 0.8366 -2.2599 4.1286 524.4135 283.1591 393.2923 507.6464 -109.3770 16.9341 0.0000
380.03 15.07.2018 11.20.01 22.38784 300.3539 297.9848 0.8465 -2.2356 4.1096 518.5180 279.9047 394.3015 507.9554 -108.3648 17.7359 0.0000
390.03 15.07.2018 11.30.01 22.51446 300.4789 298.8686 0.8491 -2.2164 4.0873 512.1129 276.3493 395.3277 508.0473 -107.5075 18.5070 0.0000
400.03 15.07.2018 11.40.01 22.64129 300.3992 292.6737 0.8315 -2.1996 4.0415 506.1467 273.0147 395.5054 507.0038 -109.9297 19.2468 0.0000
410.03 15.07.2018 11.50.01 22.76608 300.3358 293.9235 0.8350 -2.1756 4.0142 500.3246 269.7403 395.3555 506.6157 -108.8744 20.0388 0.0000
420.03 15.07.2018 12.00.01 22.89111 300.3424 288.8715 0.8207 -2.1547 3.9671 492.8157 265.4821 395.3863 505.9254 -107.7397 20.8722 0.0000
430.03 15.07.2018 12.10.01 23.01461 300.6947 297.4283 0.8450 -2.1267 3.9622 483.9666 260.4881 396.6367 506.5587 -100.6612 21.6813 0.0000
440.03 15.07.2018 12.20.01 23.14071 301.0802 302.0968 0.8582 -2.1077 3.9546 475.9639 256.0066 397.1776 507.2024 -96.3932 22.4189 0.0000
450.03 15.07.2018 12.30.01 23.26867 301.0719 303.9833 0.8636 -2.0897 3.9377 468.4169 251.8093 396.3996 505.7403 -100.5716 23.2523 0.0000
460.03 15.07.2018 12.40.01 23.39752 301.1209 305.2763 0.8673 -2.0757 3.9239 461.7463 248.0586 395.6768 504.8247 -98.9603 24.1858 0.0000
470.03 15.07.2018 12.50.01 23.52676 301.2178 329.8525 0.9371 -2.0671 4.0056 457.2639 245.4754 395.5036 504.0085 -99.0947 25.2481 0.0000
480.03 15.07.2018 13.00.01 23.66259 301.3223 320.3264 0.9100 -2.0966 4.0088 449.6569 241.1341 395.2650 502.7023 -99.2471 26.4379 0.0000
490.03 15.07.2018 13.10.01 23.79531 301.3579 302.1821 0.8585 -2.1172 3.9676 439.2765 235.3670 395.1573 501.8960 -95.5312 27.6344 0.0000
500.03 15.07.2018 13.20.01 23.92169 301.4025 280.3221 0.7964 -2.1177 3.8855 427.5715 228.8672 395.0085 500.8611 -91.5189 28.8157 0.0000
510.03 15.07.2018 13.30.01 24.04110 301.4157 262.2386 0.7450 -2.0968 3.7890 380.3096 204.5610 394.7579 498.5673 -86.7036 29.9694 0.0000
520.03 15.07.2018 13.40.01 24.15426 301.4257 248.7726 0.7067 -2.0581 3.6864 369.1560 198.3216 394.4421 495.8357 -81.6525 31.0906 0.0000
530.03 15.07.2018 13.50.01 24.26260 301.4412 246.2861 0.6997 -2.0096 3.6123 358.5338 192.3564 394.2093 493.7512 -77.3921 32.1778 0.0000
540.03 15.07.2018 14.00.01 24.36935 301.4553 235.7675 0.6698 -1.9668 3.5154 346.5293 185.5968 393.8901 491.5373 -73.2475 33.2371 0.0000
550.03 15.07.2018 14.10.01 24.47244 301.5122 253.6907 0.7207 -1.9189 3.5195 304.8013 162.2148 394.3183 487.1447 -62.6468 34.2431 0.0000
560.03 15.07.2018 14.20.01 24.57995 301.5078 232.4695 0.6604 -1.9060 3.4218 285.5977 151.6750 394.3225 484.4668 -55.6703 35.1896 0.0000
570.03 15.07.2018 14.30.01 24.68054 301.5540 230.1272 0.6538 -1.8702 3.3653 267.7662 141.8933 394.4031 481.9226 -50.3601 36.0648 0.0000
580.03 15.07.2018 14.40.01 24.77975 301.6199 239.9362 0.6816 -1.8409 3.3634 251.1165 132.7764 394.7580 479.4268 -45.7269 36.8513 0.0000
590.03 15.07.2018 14.50.01 24.88058 301.6530 225.3287 0.6401 -1.8326 3.2970 233.2378 123.0195 394.8144 476.5943 -41.8165 37.5907 0.0000
600.03 15.07.2018 15.00.01 24.97680 301.6590 213.7727 0.6073 -1.8159 3.2310 215.7264 113.4838 394.6309 473.5823 -38.6142 38.2847 0.0000
610.03 15.07.2018 15.10.01 25.06814 301.6050 195.0583 0.5541 -1.7941 3.1310 205.0261 107.6033 393.7572 470.8360 -37.3364 38.6317 0.0000
620.03 15.07.2018 15.20.01 25.15316 301.6804 195.6368 0.5558 -1.7561 3.0825 194.8664 101.9651 392.8703 467.9723 -36.9014 38.9977 0.0000
630.03 15.07.2018 15.30.01 25.23718 301.5054 189.8880 0.5395 -1.7322 3.0288 182.8847 95.2417 391.9334 464.1898 -37.9709 39.3867 0.0000
640.03 15.07.2018 15.40.01 25.31857 301.2725 193.2962 0.5491 -1.7119 3.0147 175.0879 91.0071 391.1712 460.8045 -39.7920 39.7917 0.0000
650.03 15.07.2018 15.50.01 25.39996 301.0540 183.6960 0.5219 -1.7095 2.9752 165.5822 85.7839 390.3111 457.0910 -41.0347 40.2107 0.0000
660.03 15.07.2018 16.00.01 25.47753 300.7775 174.3503 0.4953 -1.7063 2.9355 157.8633 81.6342 389.2675 453.5561 -42.0541 40.6689 0.0000
670.03 15.07.2018 16.10.01 25.55062 300.5762 121.8289 0.3461 -1.7025 2.7315 148.1367 76.4276 387.0573 450.2441 -38.4331 41.1527 0.0000
680.03 15.07.2018 16.20.01 25.60699 300.3942 91.1992 0.2591 -1.6377 2.5291 138.6018 71.3365 384.6098 446.9278 -35.7422 41.7352 0.0000
690.03 15.07.2018 16.30.01 25.65286 300.2385 85.3062 0.2423 -1.5466 2.3852 130.6537 67.1266 382.1942 443.8293 -33.5680 42.4414 0.0000
700.03 15.07.2018 16.40.01 25.69583 300.0965 138.5615 0.3936 -1.4661 2.4796 107.3522 55.1462 380.0457 440.5600 -30.9133 43.1577 0.0000
710.03 15.07.2018 16.50.01 25.75268 299.9852 154.9090 0.4401 -1.4854 2.5673 100.5455 51.4178 377.9430 437.1416 -28.0784 43.8665 0.0000
720.03 15.07.2018 17.00.01 25.81301 299.8077 152.6096 0.4336 -1.5446 2.6376 93.5975 47.5875 375.7806 433.8854 -25.8108 44.5606 0.0000
730.03 15.07.2018 17.10.01 25.87161 299.5350 159.5859 0.4534 -1.6133 2.7556 89.5228 45.2961 374.0801 430.9885 -24.0443 45.2356 0.0000
740.03 15.07.2018 17.20.01 25.93127 299.2711 154.4366 0.4387 -1.7046 2.8577 85.6863 43.1320 372.4627 428.2633 -22.4214 45.8939 0.0000
750.03 15.07.2018 17.30.01 25.98840 299.0132 141.9171 0.4032 -1.7987 2.9358 81.8051 40.9525 370.8573 425.6494 -20.8974 46.5389 0.0000
760.03 15.07.2018 17.40.01 26.04089 298.7614 123.7243 0.3515 -1.8848 2.9817 80.2630 39.9845 369.2988 423.2220 -19.5630 47.1712 0.0000
770.03 15.07.2018 17.50.01 26.08706 298.5119 100.8918 0.2866 -1.9548 2.9885 68.3370 33.8305 367.7316 420.7040 -18.0346 47.7884 0.0000
780.03 15.07.2018 18.00.01 26.12554 298.2613 80.3629 0.2283 -2.0022 2.9740 63.9490 31.4548 366.1341 418.1070 -16.3317 48.3872 0.0000
790.03 15.07.2018 18.10.01 26.15661 297.7236 29.4219 0.0836 -2.0327 2.8218 57.8658 28.3576 364.3671 415.4165 -16.5128 48.9601 0.0000
800.03 15.07.2018 18.20.01 26.17031 297.1878 -139.1806 -0.3954 -2.0058 2.1472 48.5035 23.9254 362.5533 412.5758 -16.3862 49.4738 0.0000
810.03 15.07.2018 18.30.01 26.13290 296.6601 -221.1735 -0.6283 -1.7455 1.4896 37.4464 18.6358 360.9120 409.6043 -15.9513 49.8588 0.0000
820.03 15.07.2018 18.40.01 26.06994 296.1291 -178.8974 -0.5082 -1.3867 1.1713 27.1174 13.5146 359.0877 406.5229 -15.2739 50.1766 0.0000
830.03 15.07.2018 18.50.01 26.01650 295.6022 -284.1899 -0.8074 -1.1157 0.4111 17.8113 9.1686 357.3888 403.3987 -14.5080 50.3662 0.0000
840.03 15.07.2018 19.00.01 25.93160 295.0692 -174.0171 -0.4944 -0.7067 0.2831 10.2146 5.2904 355.5278 400.2688 -13.7399 50.4913 0.0000
850.03 15.07.2018 19.10.01 25.87716 294.4215 -119.9530 -0.3408 -0.4850 0.1923 7.4938 3.8808 353.6367 397.2314 -13.5770 50.5718 0.0000
860.03 15.07.2018 19.20.01 25.83743 293.7853 -87.4973 -0.2486 -0.3601 0.1488 6.1331 3.1710 351.8369 394.4296 -13.6384 50.6228 0.0000
870.03 15.07.2018 19.30.01 25.80624 293.1633 -73.6905 -0.2093 -0.2953 0.1146 4.8269 2.4929 350.0605 391.7655 -13.7609 50.6627 0.0000
880.03 15.07.2018 19.40.01 25.77838 292.5405 -70.0084 -0.1989 -0.2603 0.0819 3.4073 1.7587 348.3273 389.2090 -13.8111 50.6917 0.0000
890.03 15.07.2018 19.50.01 25.75088 291.9250 -71.4364 -0.2029 -0.2386 0.0476 1.6567 0.8590 346.6184 386.7173 -13.8915 50.7142 0.0000
900.03 15.07.2018 20.00.01 25.72241 291.3265 -74.8512 -0.2126 -0.2226 0.0133 0.2845 0.1484 344.9124 384.2974 -13.9550 50.7312 0.0000
910.03 15.07.2018 20.10.01 25.69238 290.8987 -72.5173 -0.2060 -0.2078 0.0024 0.0509 0.0266 343.2631 382.1234 -13.4277 50.7432 0.0000
920.03 15.07.2018 20.20.01 25.66271 290.4578 -71.2402 -0.2024 -0.2027 0.0004 0.0092 0.0048 341.6544 380.0520 -13.1860 50.7504 0.0000
930.03 15.07.2018 20.30.01 25.63256 290.0046 -71.6341 -0.2035 -0.2036 0.0001 0.0016 0.0009 340.0684 378.0282 -13.1488 50.7563 0.0000
940.03 15.07.2018 20.40.01 25.60201 289.5956 -74.0435 -0.2104 -0.2104 0.0000 0.0003 0.0002 338.5524 376.1159 -12.9201 50.7608 0.0000
950.03 15.07.2018 20.50.01 25.57037 289.1383 -77.0672 -0.2189 -0.2189 0.0000 0.0001 0.0000 337.0161 374.2276 -13.0046 50.7644 0.0000
960.03 15.07.2018 21.00.01 25.53735 288.6931 -80.4793 -0.2286 -0.2286 0.0000 0.0000 0.0000 335.4682 372.3906 -13.1575 50.7680 0.0000
970.03 15.07.2018 21.10.01 25.50289 288.4573 -84.2501 -0.2393 -0.2393 0.0000 0.0000 0.0000 334.0365 370.8651 -11.7936 50.7716 0.0000
980.03 15.07.2018 21.20.01 25.46691 288.0777 -86.9763 -0.2471 -0.2471 0.0000 0.0000 0.0000 332.4379 369.1410 -12.5173 50.7745 0.0000
990.03 15.07.2018 21.30.01 25.42974 287.7355 -90.8861 -0.2582 -0.2582 0.0000 0.0000 0.0000 331.5264 367.2541 -14.5440 50.7776 0.0000
1000.03 15.07.2018 21.40.01 25.39074 287.8096 -95.1767 -0.2704 -0.2704 0.0000 0.0000 0.0000 330.6662 366.2895 -11.2558 50.7804 0.0000
1010.03 15.07.2018 21.50.01 25.35018 287.3315 -98.6357 -0.2802 -0.2802 0.0000 0.0000 0.0000 329.3307 364.8303 -12.1846 50.7835 0.0000
1020.03 15.07.2018 22.00.01 25.30752 287.1585 -104.6496 -0.2973 -0.2973 0.0000 0.0000 0.0000 328.3870 363.3697 -12.7947 50.7870 0.0000
1030.03 15.07.2018 22.10.01 25.26272 286.9570 -108.9520 -0.3095 -0.3095 0.0000 0.0000 0.0000 327.6134 362.1171 -12.4012 50.7902 0.0000
1040.03 15.07.2018 22.20.01 25.21624 286.6014 -112.9229 -0.3208 -0.3208 0.0000 0.0000 0.0000 326.7260 360.7993 -12.8155 50.7925 0.0000
1050.03 15.07.2018 22.30.01 25.16812 286.4296 -116.6394 -0.3314 -0.3314 0.0000 0.0000 0.0000 325.9999 359.6419 -12.4602 50.7944 0.0000
1060.03 15.07.2018 22.40.01 25.11855 286.2647 -119.5998 -0.3398 -0.3398 0.0000 0.0000 0.0000 325.3016 358.5342 -12.1544 50.7957 0.0000
1070.03 15.07.2018 22.50.01 25.06780 286.1000 -122.2477 -0.3473 -0.3473 0.0000 0.0000 0.0000 324.6278 357.4621 -11.9282 50.7971 0.0000
1080.03 15.07.2018 23.00.01 25.01599 285.9361 -124.6744 -0.3542 -0.3542 0.0000 0.0000 0.0000 323.9674 356.4219 -11.7601 50.7980 0.0000
1090.03 15.07.2018 23.10.01 24.96322 285.8620 -127.0542 -0.3609 -0.3609 0.0000 0.0000 0.0000 323.4518 355.4391 -11.2994 50.7989 0.0000
1100.03 15.07.2018 23.20.01 24.90945 285.7686 -129.4405 -0.3677 -0.3677 0.0000 0.0000 0.0000 322.9537 354.4582 -11.5715 50.7997 0.0000
1110.03 15.07.2018 23.30.01 24.85473 285.4984 -131.2465 -0.3729 -0.3729 0.0000 0.0000 0.0000 322.3635 353.1632 -13.0637 50.8006 0.0000
1120.03 15.07.2018 23.40.01 24.79968 285.5905 -132.0980 -0.3753 -0.3753 0.0000 0.0000 0.0000 321.8263 352.7855 -9.9585 50.8011 0.0000
1130.03 15.07.2018 23.50.01 24.74508 285.7906 -128.4710 -0.3650 -0.3650 0.0000 0.0000 0.0000 321.5238 352.2686 -8.1491 50.8008 0.0000
1140.03 16.07.2018 00.00.01 24.69195 285.6541 -125.7246 -0.3572 -0.3572 0.0000 0.0000 0.0000 321.2480 351.4492 -8.7848 50.8008 0.0000
1150.03 16.07.2018 00.10.01 24.63888 285.6127 -126.9671 -0.3607 -0.3607 0.0000 0.0000 0.0000 320.8930 350.8743 -8.3276 50.8008 0.0000
1160.03 16.07.2018 00.20.01 24.58520 285.6025 -128.9768 -0.3664 -0.3664 0.0000 0.0000 0.0000 320.6086 350.3677 -7.8197 50.8008 0.0000
1170.03 16.07.2018 00.30.01 24.53069 285.5839 -130.7591 -0.3715 -0.3715 0.0000 0.0000 0.0000 320.3455 349.8869 -7.4076 50.8008 0.0000
1180.03 16.07.2018 00.40.01 24.47555 285.5599 -132.4810 -0.3764 -0.3764 0.0000 0.0000 0.0000 320.0905 349.4314 -7.0406 50.8008 0.0000
1190.03 16.07.2018 00.50.01 24.41970 285.5303 -134.0941 -0.3809 -0.3809 0.0000 0.0000 0.0000 319.8426 348.9885 -6.7288 50.8008 0.0000
1200.03 16.07.2018 01.00.01 24.36309 285.5033 -135.3181 -0.3844 -0.3844 0.0000 0.0000 0.0000 319.5999 348.5541 -6.4156 50.8008 0.0000
1210.03 16.07.2018 01.10.01 24.30621 285.4119 -136.6667 -0.3883 -0.3883 0.0000 0.0000 0.0000 319.2325 348.0918 -6.0418 50.8008 0.0000
1220.03 16.07.2018 01.20.01 24.24893 285.3222 -136.6462 -0.3882 -0.3882 0.0000 0.0000 0.0000 318.8407 347.6266 -5.6694 50.8008 0.0000
1230.03 16.07.2018 01.30.01 24.19198 285.2197 -136.6075 -0.3881 -0.3881 0.0000 0.0000 0.0000 318.4017 347.1688 -5.4330 50.8008 0.0000
1240.03 16.07.2018 01.40.01 24.13519 285.1652 -136.3226 -0.3873 -0.3873 0.0000 0.0000 0.0000 317.8897 346.7698 -4.9863 50.8002 0.0000
1250.03 16.07.2018 01.50.01 24.07842 284.9798 -135.5335 -0.3850 -0.3850 0.0000 0.0000 0.0000 317.4032 346.3149 -5.2407 50.7966 0.0000
1260.03 16.07.2018 02.00.01 24.02160 284.8018 -136.7860 -0.3886 -0.3886 0.0000 0.0005 0.0003 317.0892 345.8003 -5.7161 50.7930 0.0000
1270.03 16.07.2018 02.10.01 23.96383 284.8455 -136.9585 -0.3891 -0.3950 0.0079 0.3089 0.1610 316.7764 345.4322 -5.3342 50.7896 0.0000
1280.03 16.07.2018 02.20.01 23.90582 284.5190 -136.6062 -0.3881 -0.4014 0.0178 0.6619 0.3451 316.2531 344.7665 -6.3068 50.7854 0.0000
1290.03 16.07.2018 02.30.01 23.84783 284.2729 -137.3908 -0.3903 -0.4113 0.0280 1.0219 0.5330 315.8125 344.0222 -7.7777 50.7809 0.0000
1300.03 16.07.2018 02.40.01 23.78918 284.3696 -139.4548 -0.3962 -0.4249 0.0383 1.3833 0.7215 315.6260 343.8368 -6.4411 50.7759 0.0000
1310.03 16.07.2018 02.50.01 23.72982 284.1879 -141.1056 -0.4009 -0.4373 0.0486 1.7449 0.9102 315.2500 343.4036 -6.6275 50.7725 0.0000
1320.03 16.07.2018 03.00.01 23.66955 283.9438 -143.3867 -0.4073 -0.4516 0.0590 2.1094 1.1004 314.8591 342.7214 -7.7563 50.7695 0.0000
1330.03 16.07.2018 03.10.01 23.60861 284.0838 -133.4949 -0.3792 -0.4635 0.1123 4.1476 2.1626 314.8664 342.5731 -6.6747 50.7651 0.0000
1340.03 16.07.2018 03.20.01 23.55081 284.2508 -124.6969 -0.3543 -0.4865 0.1763 6.4278 3.3524 315.0480 342.6029 -5.6721 50.7597 0.0000
1350.03 16.07.2018 03.30.01 23.49597 284.4180 -118.4606 -0.3365 -0.5181 0.2421 8.7465 4.5622 315.3028 342.7369 -4.7999 50.7542 0.0000
1360.03 16.07.2018 03.40.01 23.44332 284.5983 -113.9032 -0.3236 -0.5549 0.3083 11.0727 5.7758 315.5985 342.9729 -3.9957 50.7489 0.0000
1370.03 16.07.2018 03.50.01 23.39242 284.7828 -110.3128 -0.3134 -0.5943 0.3746 13.4001 6.9901 315.9221 343.2881 -3.2783 50.7440 0.0000
1380.03 16.07.2018 04.00.01 23.34289 284.9647 -107.1945 -0.3045 -0.6352 0.4409 15.7273 8.2044 316.2372 343.6630 -2.6460 50.7397 0.0000
1390.03 16.07.2018 04.10.01 23.29470 285.7061 -105.0175 -0.2983 -0.6745 0.5015 17.8336 9.3034 317.9707 344.5380 -0.5821 50.7354 0.0000
1400.03 16.07.2018 04.20.01 23.24801 286.5520 -100.1731 -0.2846 -0.7051 0.5607 19.9078 10.3857 319.8885 345.7883 2.7176 50.7339 0.0000
1410.03 16.07.2018 04.30.01 23.20382 287.2857 -93.6019 -0.2659 -0.7306 0.6196 21.9770 11.4653 321.8050 347.2337 6.5786 50.7346 0.0000
1420.03 16.07.2018 04.40.01 23.16256 288.0404 -86.3190 -0.2452 -0.7541 0.6785 24.0453 12.5443 323.5436 348.7166 6.9551 50.7331 0.0000
1430.03 16.07.2018 04.50.01 23.12435 288.7826 -79.2965 -0.2253 -0.7783 0.7374 26.1133 13.6233 325.2656 350.2100 8.3345 50.7235 0.0000
1440.03 16.07.2018 05.00.01 23.08914 289.5206 -53.2637 -0.1513 -0.8041 0.8704 29.5366 15.3839 328.0365 352.1637 12.1382 50.7217 0.0000
1450.03 16.07.2018 05.10.01 23.06225 290.1244 -52.4132 -0.1489 -0.8589 0.9466 226.7399 114.0354 330.1437 357.7232 8.7476 50.7302 0.0000
1460.03 16.07.2018 05.20.01 23.03723 290.9851 56.1894 0.1596 -0.9039 1.4181 395.5484 198.5420 333.6989 370.3010 -0.8623 50.7519 0.0000
1470.03 16.07.2018 05.30.01 23.04556 292.0339 139.7487 0.3970 -1.0938 1.9878 577.0088 289.4700 338.3324 387.2611 -14.9621 50.8094 0.0000
1480.03 16.07.2018 05.40.01 23.08666 292.8583 1032.9546 2.9345 -1.3800 5.7526 554.4307 276.4682 344.6825 403.7330 -32.5334 51.0985 0.0000
1490.03 16.07.2018 05.50.01 23.39333 293.5034 1584.2960 4.5008 -2.9722 9.9640 530.8931 262.2617 347.9157 413.8819 -46.5164 51.4947 0.0000
1500.03 16.07.2018 06.00.01 23.85909 294.2532 717.0616 2.0371 -5.3309 9.8240 503.2883 250.3289 352.0382 423.6203 -61.4530 52.2623 0.0000
1510.03 16.07.2018 06.10.01 24.07266 294.6392 -160.4082 -0.4557 -6.3277 7.8293 477.1244 238.4348 353.8121 429.1292 -65.4004 53.0963 0.0000
1520.03 16.07.2018 06.20.01 24.03011 294.9904 -506.9098 -1.4401 -5.9996 6.0793 456.0045 229.0298 355.5272 433.8870 -68.1158 53.9052 0.0000
1530.03 16.07.2018 06.30.01 23.88400 295.3740 -644.0693 -1.8297 -5.1758 4.4614 437.1312 220.6281 357.3131 437.6559 -69.7275 54.7128 0.0000
1540.03 16.07.2018 06.40.01 23.69537 295.7886 -666.9051 -1.8946 -4.1755 3.0411 426.9569 216.5067 359.3020 441.0031 -69.9830 55.5342 0.0000
1550.03 16.07.2018 06.50.01 23.49975 296.2150 -390.5247 -1.1094 -3.1667 2.7430 438.8631 224.7388 361.3014 446.8639 -73.2018 56.3599 0.0000
1560.03 16.07.2018 07.00.01 23.38430 296.6214 -162.3376 -0.4612 -2.5908 2.8395 437.2722 224.5700 363.2823 450.4919 -73.9460 57.1835 0.0000
1570.03 16.07.2018 07.10.01 23.33550 296.8155 -70.3319 -0.1998 -2.3591 2.8791 438.5539 225.8281 363.6811 453.7459 -73.7203 57.7424 0.0000
1580.03 16.07.2018 07.20.01 23.31445 297.1211 -15.5880 -0.0443 -2.2576 2.9511 499.3959 262.7703 365.1956 466.6227 -80.3497 58.2016 0.0000
1590.03 16.07.2018 07.30.01 23.31048 297.5319 12.6157 0.0358 -2.2248 3.0142 508.1199 268.4493 367.3052 472.1451 -80.4252 58.6705 0.0000
1600.03 16.07.2018 07.40.01 23.31628 297.9051 39.2523 0.1115 -2.2184 3.1066 522.4554 277.2846 369.5030 478.1205 -81.4745 59.1422 0.0000
1610.03 16.07.2018 07.50.01 23.33129 298.2756 52.3944 0.1488 -2.2336 3.1766 530.4196 282.3316 371.4461 483.3280 -81.2753 59.5587 0.0000
1620.03 16.07.2018 08.00.01 23.35177 298.6436 53.9610 0.1533 -2.2489 3.2030 533.4883 284.5079 373.4695 487.7938 -80.5619 59.9798 0.0000
1630.03 16.07.2018 08.10.01 23.37454 298.8278 84.2786 0.2394 -2.2459 3.3138 538.8116 287.8911 375.6245 491.4432 -85.7355 60.3932 0.0000
1640.03 16.07.2018 08.20.01 23.40771 299.0179 92.0470 0.2615 -2.2673 3.3717 542.3129 290.2699 377.6362 494.4297 -90.8376 60.7957 0.0000
1650.03 16.07.2018 08.30.01 23.44503 299.1795 113.0487 0.3212 -2.2780 3.4656 545.8931 292.6350 379.7607 496.9969 -95.8042 61.1844 0.0000
1660.03 16.07.2018 08.40.01 23.49041 299.3807 123.4741 0.3508 -2.2981 3.5318 550.2436 295.3891 381.8442 499.7817 -97.5277 61.5611 0.0000
1670.03 16.07.2018 08.50.01 23.54070 299.6079 135.3853 0.3846 -2.3103 3.5932 553.8772 297.7211 383.8897 502.3128 -99.6538 61.9268 0.0000
1680.03 16.07.2018 09.00.01 23.59643 299.8354 129.6225 0.3682 -2.3185 3.5823 554.1750 298.1604 385.8586 504.2140 -101.7019 62.2729 0.0000
1690.03 16.07.2018 09.10.01 23.65240 299.9861 166.4261 0.4728 -2.2967 3.6926 555.7581 299.2711 387.6998 505.8968 -105.4531 62.5889 0.0000
1700.03 16.07.2018 09.20.01 23.72082 300.0112 191.6345 0.5444 -2.3100 3.8059 556.6131 299.9362 388.8747 507.2113 -109.0715 62.9048 0.0000
1710.03 16.07.2018 09.30.01 23.79839 300.0192 218.6981 0.6213 -2.3403 3.9489 557.4652 300.5496 389.9599 507.7476 -114.8819 63.2441 0.0000
1720.03 16.07.2018 09.40.01 23.88568 300.0317 232.3552 0.6601 -2.3892 4.0657 559.3698 301.7150 390.7108 508.7758 -116.1598 63.6276 0.0000
1730.03 16.07.2018 09.50.01 23.97897 300.1206 247.5154 0.7032 -2.4352 4.1845 560.7369 302.5550 391.6836 509.7798 -117.3550 64.0454 0.0000
1740.03 16.07.2018 10.00.01 24.07858 300.2072 257.7289 0.7322 -2.4814 4.2848 560.3270 302.3592 392.5165 510.4936 -118.6821 64.4946 0.0000
1750.03 16.07.2018 10.10.01 24.18298 300.4304 285.6684 0.8116 -2.5248 4.4485 550.3596 296.9260 394.3979 512.4635 -109.9378 64.9466 0.0000
1760.03 16.07.2018 10.20.01 24.29678 300.7799 306.5292 0.8708 -2.5952 4.6214 539.8899 291.1736 396.7250 514.3556 -102.6733 65.3767 0.0000
1770.03 16.07.2018 10.30.01 24.41815 301.3249 303.3810 0.8619 -2.6771 4.7186 527.1353 284.1739 398.9694 515.9428 -96.9277 65.7737 0.0000
1780.03 16.07.2018 10.40.01 24.54037 301.4888 312.1643 0.8868 -2.7336 4.8272 517.1558 278.6612 399.3397 516.6965 -94.0165 66.1885 0.0000
1790.03 16.07.2018 10.50.01 24.66720 301.6550 323.3804 0.9187 -2.7840 4.9369 506.7390 272.8838 399.7901 516.9003 -93.2650 67.0979 0.0000
1800.03 16.07.2018 11.00.01 24.79846 301.7681 334.2708 0.9496 -2.8401 5.0529 495.5173 266.6120 400.2744 516.4524 -93.6574 68.0798 0.0000
1810.03 16.07.2018 11.10.01 24.93292 301.8748 281.5756 0.7999 -2.9059 4.9411 497.5895 267.7859 402.3306 519.5184 -83.1716 69.0016 0.0000
1820.03 16.07.2018 11.20.01 25.05187 301.4164 268.6905 0.7633 -2.8979 4.8817 500.4939 269.3753 401.3574 518.6162 -96.2461 69.9274 0.0000
1830.03 16.07.2018 11.30.01 25.16671 301.3419 267.8036 0.7608 -2.8696 4.8405 503.3709 270.9188 400.1210 516.8793 -107.4103 71.0889 0.0000
1840.03 16.07.2018 11.40.01 25.28179 301.5951 266.3716 0.7567 -2.8359 4.7902 506.2698 272.4505 400.4783 519.0249 -103.9339 72.4161 0.0000
1850.03 16.07.2018 11.50.01 25.39645 301.7590 268.1089 0.7617 -2.7992 4.7478 508.9359 273.8322 401.1070 520.0223 -108.4000 73.7813 0.0000
1860.03 16.07.2018 12.00.01 25.51187 301.7281 265.3667 0.7539 -2.7607 4.6861 509.8096 274.1678 401.2840 518.3277 -119.0582 75.1743 0.0000
1870.03 16.07.2018 12.10.01 25.62695 301.7680 297.1832 0.8443 -2.7179 4.7496 497.2834 267.1535 401.4373 516.4145 -117.4827 76.5720 0.0000
1880.03 16.07.2018 12.20.01 25.75115 301.8275 295.6177 0.8398 -2.7241 4.7519 484.2475 259.9312 401.3628 514.2652 -116.0797 77.9696 0.0000
1890.03 16.07.2018 12.30.01 25.87426 301.8493 290.1249 0.8242 -2.7273 4.7353 471.5076 252.9140 401.1166 511.8800 -114.8994 79.3578 0.0000
1900.03 16.07.2018 12.40.01 25.99615 301.8646 286.4261 0.8137 -2.7254 4.7188 459.6630 246.3615 400.8442 509.4595 -113.5843 80.7262 0.0000
1910.03 16.07.2018 12.50.01 26.11733 301.8835 306.8075 0.8716 -2.7212 4.7904 449.9129 240.9306 400.8820 507.1741 -112.5745 82.0672 0.0000
1920.03 16.07.2018 13.00.01 26.24398 301.9160 297.9959 0.8466 -2.7452 4.7891 437.3822 233.9413 400.7252 504.4369 -111.0957 83.3963 0.0000
1930.03 16.07.2018 13.10.01 26.36828 301.8382 342.8280 0.9739 -2.7586 4.9768 417.5292 222.9113 400.8439 501.4209 -106.0077 84.6625 0.0000
1940.03 16.07.2018 13.20.01 26.50561 301.7830 345.0646 0.9803 -2.8413 5.0955 396.0657 211.0192 400.7184 498.2033 -100.5469 85.9117 0.0000
1950.03 16.07.2018 13.30.01 26.64346 301.7320 346.1369 0.9833 -2.9291 5.2167 351.2038 187.4761 400.4595 494.3259 -94.0330 87.1372 0.0000
1960.03 16.07.2018 13.40.01 26.78140 301.6520 343.1432 0.9748 -3.0218 5.3289 333.0573 177.3184 399.9384 490.3912 -86.5872 88.3393 0.0000
1970.03 16.07.2018 13.50.01 26.91808 301.5934 340.7245 0.9680 -3.1148 5.4437 315.4625 167.4875 399.5754 486.6669 -81.3461 89.5125 0.0000
1980.03 16.07.2018 14.00.01 27.05367 301.5308 340.1187 0.9662 -3.2105 5.5690 298.4529 157.9909 399.2658 483.0411 -76.5955 90.6572 0.0000
1990.03 16.07.2018 14.10.01 27.18795 301.4673 269.4969 0.7656 -3.3094 5.4334 275.3114 145.1464 398.4622 478.3312 -73.9763 91.7737 0.0000
2000.03 16.07.2018 14.20.01 27.30047 301.3925 235.0803 0.6678 -3.3119 5.3063 264.1166 139.0716 397.5195 474.8529 -71.7905 92.8407 0.0000
2010.03 16.07.2018 14.30.01 27.40185 301.3194 221.4947 0.6292 -3.2766 5.2078 253.7120 133.4238 396.6893 471.6578 -69.4809 93.8579 0.0000
2020.03 16.07.2018 14.40.01 27.49813 301.2347 216.6192 0.6154 -3.2368 5.1363 243.9172 128.1159 396.0616 468.6540 -67.2612 94.8068 0.0000
2030.03 16.07.2018 14.50.01 27.59176 301.1315 200.9873 0.5710 -3.2054 5.0352 233.5314 122.4978 395.3924 465.8714 -64.2585 95.6908 0.0000
2040.03 16.07.2018 15.00.01 27.67941 301.0775 188.0349 0.5342 -3.1662 4.9338 223.2752 116.9582 394.6705 463.1866 -61.2928 96.5142 0.0000
2050.03 16.07.2018 15.10.01 27.76129 301.0493 121.0523 0.3439 -3.1238 4.6236 216.2261 113.1727 393.4605 461.0117 -56.9539 96.9151 0.0000
2060.03 16.07.2018 15.20.01 27.82238 300.9986 92.9043 0.2639 -2.9962 4.3469 209.0828 109.2794 392.3342 459.0275 -52.5275 97.3027 0.0000
2070.03 16.07.2018 15.30.01 27.87365 300.9698 72.0359 0.2046 -2.8443 4.0652 199.8127 104.1178 391.1889 456.6875 -49.2066 97.6739 0.0000
2080.03 16.07.2018 15.40.01 27.91738 300.9317 61.9248 0.1759 -2.6796 3.8074 193.9475 100.8867 390.1515 454.8540 -46.1136 98.0285 0.0000
2090.03 16.07.2018 15.50.01 27.95663 300.8963 48.0533 0.1365 -2.5179 3.5392 186.0720 96.4637 389.1562 452.7932 -43.1598 98.3705 0.0000
2100.03 16.07.2018 16.00.01 27.99032 300.8916 34.7563 0.0987 -2.3525 3.2683 179.0392 92.5527 388.2829 450.9507 -40.2848 98.7159 0.0000
2110.03 16.07.2018 16.10.01 28.01888 300.7489 50.6288 0.1438 -2.1847 3.1046 168.2352 86.8153 387.1784 449.0843 -38.4664 99.0562 0.0000
2120.03 16.07.2018 16.20.01 28.05047 300.5991 39.9072 0.1134 -2.0585 2.8958 156.4533 80.5617 385.9985 446.8845 -36.5299 99.4447 0.0000
2130.03 16.07.2018 16.30.01 28.07754 300.4507 40.8181 0.1160 -1.9330 2.7320 146.5207 75.3531 384.7926 444.8065 -34.5720 99.8893 0.0000
2140.03 16.07.2018 16.40.01 28.10400 300.2771 103.5650 0.2942 -1.8258 2.8267 120.4525 61.9783 383.2848 442.2550 -32.4866 100.3195 0.0000
2150.03 16.07.2018 16.50.01 28.14733 300.0963 118.7971 0.3375 -1.8277 2.8869 111.8575 57.3580 381.7022 439.4142 -29.7880 100.7344 0.0000
2160.03 16.07.2018 17.00.01 28.19415 299.9125 111.0161 0.3154 -1.8654 2.9077 103.1546 52.6736 380.0184 436.7144 -27.5410 101.1282 0.0000
2170.03 16.07.2018 17.10.01 28.23776 299.6783 110.0369 0.3126 -1.9036 2.9550 97.3887 49.5439 378.4735 434.1763 -25.8008 101.5033 0.0000
2180.03 16.07.2018 17.20.01 28.27999 299.4431 100.2029 0.2847 -1.9529 2.9834 92.0151 46.6362 377.0165 431.7459 -24.2517 101.8620 0.0000
2190.03 16.07.2018 17.30.01 28.31829 299.2144 82.1437 0.2334 -1.9996 2.9773 86.5557 43.7025 375.5841 429.3694 -22.7338 102.2107 0.0000
2200.03 16.07.2018 17.40.01 28.35015 298.9804 53.0428 0.1507 -2.0313 2.9093 82.4449 41.5025 374.1949 427.0870 -21.4476 102.5496 0.0000
2210.03 16.07.2018 17.50.01 28.37234 298.7498 19.9607 0.0567 -2.0311 2.7837 69.9675 35.1370 372.7781 424.6950 -19.7489 102.8757 0.0000
2220.03 16.07.2018 18.00.01 28.38369 298.5165 -11.0658 -0.0314 -1.9947 2.6176 63.3940 31.7475 371.3211 422.2118 -17.8989 103.1860 0.0000
2230.03 16.07.2018 18.10.01 28.38476 298.1265 -36.2647 -0.1030 -1.9258 2.4304 56.4788 28.1944 369.7459 419.6603 -16.5941 103.4655 0.0000
2240.03 16.07.2018 18.20.01 28.37640 297.7447 -147.1481 -0.4180 -1.8351 1.8894 47.7081 23.9294 368.0929 417.0886 -15.2087 103.7027 0.0000
2250.03 16.07.2018 18.30.01 28.33416 297.3633 -200.9669 -0.5709 -1.5938 1.3639 37.3737 18.8767 366.3931 414.4385 -13.7315 103.8762 0.0000
2260.03 16.07.2018 18.40.01 28.27499 296.9887 -172.0273 -0.4887 -1.2911 1.0698 27.7226 14.0311 364.6571 411.7406 -12.1805 104.0036 0.0000
2270.03 16.07.2018 18.50.01 28.22216 296.5865 -243.3110 -0.6912 -1.0509 0.4796 18.8118 9.7330 362.7213 409.0147 -10.6846 104.0781 0.0000
2280.03 16.07.2018 19.00.01 28.14782 296.1969 -168.4773 -0.4786 -0.7202 0.3220 10.8668 5.6528 360.9559 406.1961 -9.5984 104.1343 0.0000
2290.03 16.07.2018 19.10.01 28.09390 295.4786 -122.8317 -0.3490 -0.5204 0.2286 8.3018 4.3155 359.1092 403.3970 -9.9888 104.1748 0.0000
2300.03 16.07.2018 19.20.01 28.05218 294.8065 -95.4663 -0.2712 -0.4051 0.1786 6.6171 3.4383 357.6185 400.7759 -10.7064 104.2066 0.0000
2310.03 16.07.2018 19.30.01 28.01730 294.1565 -85.6531 -0.2433 -0.3458 0.1367 5.1696 2.6833 356.1595 398.1480 -11.6954 104.2369 0.0000
2320.03 16.07.2018 19.40.01 27.98422 293.4715 -85.1529 -0.2419 -0.3141 0.0962 3.5968 1.8663 354.6190 395.5642 -12.5830 104.2666 0.0000
2330.03 16.07.2018 19.50.01 27.95031 292.7949 -89.4637 -0.2542 -0.2953 0.0549 1.8397 0.9572 353.0502 393.0457 -13.4785 104.2811 0.0000
2340.03 16.07.2018 20.00.01 27.91406 292.2027 -95.6509 -0.2717 -0.2820 0.0136 0.2965 0.1552 351.5094 390.6212 -14.2983 104.2953 0.0000
2350.03 16.07.2018 20.10.01 27.87512 292.2614 -94.5244 -0.2685 -0.2704 0.0024 0.0516 0.0269 352.2335 389.0333 -13.5864 104.3026 0.0000
2360.03 16.07.2018 20.20.01 27.83584 291.9339 -93.4340 -0.2654 -0.2658 0.0004 0.0095 0.0049 353.1849 387.2095 -14.4876 104.3099 0.0000
2370.03 16.07.2018 20.30.01 27.79650 291.6817 -93.6796 -0.2661 -0.2662 0.0001 0.0017 0.0009 354.1105 385.6116 -15.0857 104.3180 0.0000
2380.03 16.07.2018 20.40.01 27.75701 291.4960 -95.2238 -0.2705 -0.2705 0.0000 0.0003 0.0002 355.0646 384.2145 -15.4847 104.3275 0.0000
2390.03 16.07.2018 20.50.01 27.71673 291.3206 -96.7704 -0.2749 -0.2749 0.0000 0.0001 0.0000 356.0479 382.9613 -15.9792 104.3387 0.0000
2400.03 16.07.2018 21.00.01 27.67568 291.1489 -98.5396 -0.2799 -0.2799 0.0000 0.0000 0.0000 357.0346 381.8323 -16.5086 104.3513 0.0000
2410.03 16.07.2018 21.10.01 27.63406 291.5087 -99.4624 -0.2826 -0.2826 0.0000 0.0000 0.0000 357.1733 381.4136 -12.7948 104.3653 0.0000
2420.03 16.07.2018 21.20.01 27.59283 291.8934 -98.0558 -0.2786 -0.2786 0.0000 0.0000 0.0000 357.4197 381.2057 -9.4205 104.3797 0.0000
2430.03 16.07.2018 21.30.01 27.55236 292.2929 -94.9932 -0.2699 -0.2699 0.0000 0.0000 0.0000 357.7641 381.1828 -6.2069 104.3942 0.0000
2440.03 16.07.2018 21.40.01 27.51336 292.7023 -91.5618 -0.2601 -0.2601 0.0000 0.0000 0.0000 358.1960 381.3422 -3.0030 104.4086 0.0000
2450.03 16.07.2018 21.50.01 27.47585 293.1260 -87.7792 -0.2494 -0.2494 0.0000 0.0000 0.0000 358.7019 381.6725 0.1903 104.4231 0.0000
2460.03 16.07.2018 22.00.01 27.43987 293.5563 -83.9303 -0.2384 -0.2384 0.0000 0.0000 0.0000 359.2722 382.1715 3.3723 104.4398 0.0000
2470.03 16.07.2018 22.10.01 27.40515 293.2223 -82.0198 -0.2330 -0.2330 0.0000 0.0000 0.0000 359.2279 382.0149 0.1464 104.4555 0.0000
2480.03 16.07.2018 22.20.01 27.37036 292.9101 -83.6540 -0.2377 -0.2377 0.0000 0.0000 0.0000 358.9697 381.6198 -1.6427 104.4648 0.0000
2490.03 16.07.2018 22.30.01 27.33483 292.5493 -84.5973 -0.2403 -0.2403 0.0000 0.0000 0.0000 358.6432 380.7133 -4.1500 104.4714 0.0000
2500.03 16.07.2018 22.40.01 27.29885 292.3317 -87.2184 -0.2478 -0.2478 0.0000 0.0000 0.0000 358.6210 380.3956 -4.5523 104.4786 0.0000
2510.03 16.07.2018 22.50.01 27.26165 292.0830 -90.3747 -0.2567 -0.2567 0.0000 0.0000 0.0000 358.5689 380.1734 -4.5158 104.4858 0.0000
2520.03 16.07.2018 23.00.01 27.22326 291.6871 -92.9998 -0.2642 -0.2642 0.0000 0.0000 0.0000 358.4147 379.4258 -6.5041 104.4930 0.0000
2530.03 16.07.2018 23.10.01 27.18362 291.5000 -95.9562 -0.2726 -0.2726 0.0000 0.0000 0.0000 358.2156 378.8951 -6.8183 104.5003 0.0000
2540.03 16.07.2018 23.20.01 27.14276 291.4131 -98.9104 -0.2810 -0.2810 0.0000 0.0000 0.0000 358.1451 378.4294 -6.8317 104.5075 0.0000
2550.03 16.07.2018 23.30.01 27.10079 291.3287 -101.3182 -0.2878 -0.2878 0.0000 0.0000 0.0000 358.0901 377.9707 -6.9166 104.5147 0.0000
2560.03 16.07.2018 23.40.01 27.05786 291.2446 -103.4044 -0.2938 -0.2938 0.0000 0.0000 0.0000 358.0342 377.5278 -7.0109 104.5219 0.0000
2570.03 16.07.2018 23.50.01 27.01406 291.1675 -105.1326 -0.2987 -0.2987 0.0000 0.0000 0.0000 357.9798 377.0950 -7.1153 104.5288 0.0000
2580.03 17.07.2018 00.00.01 26.96957 291.0942 -106.7444 -0.3033 -0.3033 0.0000 0.0000 0.0000 357.9207 376.6738 -7.2297 104.5360 0.0000
2590.03 17.07.2018 00.10.01 26.92455 291.2113 -108.3417 -0.3078 -0.3078 0.0000 0.0000 0.0000 357.7500 376.3872 -6.4643 104.5432 0.0000
2600.03 17.07.2018 00.20.01 26.87878 291.3001 -109.1518 -0.3101 -0.3101 0.0000 0.0000 0.0000 357.5463 376.1116 -5.9271 104.5505 0.0000
2610.03 17.07.2018 00.30.01 26.83291 291.3850 -110.4533 -0.3138 -0.3138 0.0000 0.0000 0.0000 357.3314 375.8708 -5.3981 104.5577 0.0000
2620.03 17.07.2018 00.40.01 26.78625 291.5657 -110.7670 -0.3147 -0.3147 0.0000 0.0000 0.0000 357.1655 375.7911 -4.1935 104.5649 0.0000
2630.03 17.07.2018 00.50.01 26.73962 291.5591 -110.4198 -0.3137 -0.3137 0.0000 0.0000 0.0000 357.0251 375.5167 -3.9704 104.5721 0.0000
2640.03 17.07.2018 01.00.01 26.69363 291.6075 -110.3626 -0.3135 -0.3135 0.0000 0.0000 0.0000 356.8424 375.3311 -3.4517 104.5794 0.0000
2650.03 17.07.2018 01.10.01 26.64782 291.4129 -108.5859 -0.3085 -0.3085 0.0000 0.0000 0.0000 355.9748 375.1212 -3.6486 104.5865 0.0000
2660.03 17.07.2018 01.20.01 26.60336 291.2194 -103.5171 -0.2941 -0.2941 0.0000 0.0000 0.0000 355.1068 374.5055 -4.6251 104.5870 0.0000
2670.03 17.07.2018 01.30.01 26.56030 291.2038 -102.7744 -0.2920 -0.2920 0.0000 0.0000 0.0000 354.4330 373.8781 -5.1477 104.5923 0.0000
2680.03 17.07.2018 01.40.01 26.51620 291.1139 -107.1876 -0.3045 -0.3045 0.0000 0.0000 0.0000 353.5576 373.7528 -4.1124 104.5995 0.0000
2690.03 17.07.2018 01.50.01 26.47119 290.9782 -108.0721 -0.3070 -0.3070 0.0000 0.0000 0.0000 352.7163 373.3817 -3.7696 104.6041 0.0000
2700.03 17.07.2018 02.00.01 26.42651 290.8027 -105.4784 -0.2997 -0.2997 0.0000 0.0006 0.0003 351.4498 372.8342 -3.9722 104.6044 0.0000
2710.03 17.07.2018 02.10.01 26.38284 290.5369 -101.4554 -0.2882 -0.2951 0.0091 0.3565 0.1857 348.9799 372.0266 -4.6036 104.6044 0.0000
2720.03 17.07.2018 02.20.01 26.33944 290.2571 -103.2979 -0.2935 -0.3089 0.0205 0.7637 0.3982 346.3194 370.9485 -5.6973 104.6046 0.0000
2730.03 17.07.2018 02.30.01 26.29424 290.0108 -109.5069 -0.3111 -0.3354 0.0323 1.1791 0.6150 343.5475 369.7818 -6.5483 104.6111 0.0000
2740.03 17.07.2018 02.40.01 26.24612 289.7105 -116.5227 -0.3310 -0.3642 0.0442 1.5961 0.8325 340.6668 368.5682 -6.9211 104.6183 0.0000
2750.03 17.07.2018 02.50.01 26.19540 289.4246 -121.9649 -0.3465 -0.3886 0.0561 2.0134 1.0503 337.7629 367.2721 -7.3361 104.6255 0.0000
2760.03 17.07.2018 03.00.01 26.14266 289.1262 -126.3620 -0.3590 -0.4100 0.0681 2.4345 1.2699 334.8191 365.8021 -8.2715 104.6327 0.0000
2770.03 17.07.2018 03.10.01 26.08828 289.0904 -114.5954 -0.3256 -0.4287 0.1376 5.0978 2.6579 334.4060 365.0605 -7.2284 104.6399 0.0000
2780.03 17.07.2018 03.20.01 26.03781 289.0618 -102.7595 -0.2919 -0.4580 0.2214 8.0853 4.2168 334.2917 364.5772 -6.5604 104.6473 0.0000
2790.03 17.07.2018 03.30.01 25.99154 289.0373 -93.6195 -0.2660 -0.4967 0.3077 11.1244 5.8024 334.2688 364.2414 -6.1079 104.6559 0.0000
2800.03 17.07.2018 03.40.01 25.94857 289.0117 -86.5228 -0.2458 -0.5417 0.3945 14.1734 7.3932 334.2920 364.0483 -5.7530 104.6665 0.0000
2810.03 17.07.2018 03.50.01 25.90838 288.9917 -80.6904 -0.2292 -0.5902 0.4814 17.2242 8.9849 334.3948 363.9574 -5.5688 104.6771 0.0000
2820.03 17.07.2018 04.00.01 25.87039 288.9841 -75.8444 -0.2155 -0.6417 0.5683 20.2768 10.5776 334.5441 363.9604 -5.4877 104.6870 0.0000
2830.03 17.07.2018 04.10.01 25.83431 289.3546 -65.2333 -0.1853 -0.6948 0.6793 24.2691 12.6599 334.9395 364.4177 -3.6890 104.6992 0.0000
2840.03 17.07.2018 04.20.01 25.80184 289.7360 -56.5487 -0.1606 -0.7579 0.7963 28.3971 14.8137 335.4286 365.0779 -2.0825 104.7159 0.0000
2850.03 17.07.2018 04.30.01 25.77249 290.1198 -50.0673 -0.1422 -0.8280 0.9144 32.5468 16.9788 335.9646 365.8989 -0.6095 104.7470 0.0000
2860.03 17.07.2018 04.40.01 25.74557 290.5067 -44.5705 -0.1266 -0.9011 1.0326 36.7007 19.1461 336.5362 366.8658 0.7585 104.7875 0.0000
2870.03 17.07.2018 04.50.01 25.72079 290.8950 -39.6044 -0.1125 -0.9757 1.1509 40.8552 21.3137 337.1386 367.9622 2.0714 104.8376 0.0000
2880.03 17.07.2018 05.00.01 25.69814 291.2857 -26.2353 -0.0745 -1.0512 1.3023 45.6117 23.7838 337.8671 369.2229 3.2737 104.8987 0.0000
2890.03 17.07.2018 05.10.01 25.67980 291.6595 -34.3476 -0.0976 -1.1394 1.3891 165.5907 83.8323 339.0179 372.7739 1.1737 104.9757 0.0000
2900.03 17.07.2018 05.20.01 25.66030 292.0628 35.9194 0.1020 -1.2077 1.7463 297.3761 149.8160 341.1112 380.9654 -6.7229 105.0718 0.0000
2910.03 17.07.2018 05.30.01 25.66232 292.4859 91.1638 0.2590 -1.3706 2.1728 426.1274 214.3492 343.8134 392.3680 -18.3708 105.1970 0.0000
2920.03 17.07.2018 05.40.01 25.68600 292.9551 723.0374 2.0541 -1.6021 4.8749 425.2304 212.6971 347.4229 403.7164 -29.2744 105.4818 0.0000
2930.03 17.07.2018 05.50.01 25.89767 293.3797 1185.1326 3.3669 -2.7608 8.1702 425.0466 210.7567 349.5854 411.7912 -36.6696 105.8480 0.0000
2940.03 17.07.2018 06.00.01 26.24313 293.8123 614.3793 1.7454 -4.5687 8.4188 423.4500 211.2996 352.3522 420.7967 -44.4834 106.4968 0.0000
2950.03 17.07.2018 06.10.01 26.42245 294.0851 -82.0594 -0.2331 -5.4707 6.9834 408.6452 204.8797 354.0944 426.5023 -47.9746 107.2207 0.0000
2960.03 17.07.2018 06.20.01 26.39898 294.3260 -370.3097 -1.0520 -5.3153 5.6844 397.0676 200.0544 355.6387 431.4084 -50.7029 107.9386 0.0000
2970.03 17.07.2018 06.30.01 26.28976 294.5755 -492.0404 -1.3978 -4.7426 4.4597 387.0603 195.9295 357.1707 435.5168 -52.8915 108.6643 0.0000
2980.03 17.07.2018 06.40.01 26.14324 294.8201 -521.5363 -1.4816 -4.0080 3.3684 382.5808 194.5259 358.8072 439.1170 -55.0408 109.4099 0.0000
2990.03 17.07.2018 06.50.01 25.98809 295.0687 -288.6218 -0.8199 -3.2481 3.2375 396.4971 203.4031 360.4140 444.7528 -59.7919 110.1667 0.0000
3000.03 17.07.2018 07.00.01 25.90051 295.3096 -112.6968 -0.3202 -2.8509 3.3743 399.0874 205.2763 361.9934 448.3398 -62.9297 110.9293 0.0000
3010.03 17.07.2018 07.10.01 25.86431 295.4772 -50.8333 -0.1444 -2.7172 3.4303 403.3679 207.9792 362.1947 451.0594 -67.9708 111.4817 0.0000
3020.03 17.07.2018 07.20.01 25.84701 295.6875 -13.7466 -0.0391 -2.6685 3.5060 457.9950 240.8584 362.9885 461.4093 -78.7922 111.9662 0.0000
3030.03 17.07.2018 07.30.01 25.84164 295.9228 4.4634 0.0127 -2.6654 3.5708 469.1191 247.6476 364.1137 465.2636 -84.6919 112.4684 0.0000
3040.03 17.07.2018 07.40.01 25.84249 296.1388 22.4729 0.0638 -2.6751 3.6519 483.9556 256.5759 365.0654 469.0905 -91.2281 112.9328 0.0000
3050.03 17.07.2018 07.50.01 25.84991 296.3593 35.5949 0.1011 -2.6973 3.7312 493.8699 262.5530 366.1651 472.1174 -96.3060 113.4174 0.0000
3060.03 17.07.2018 08.00.01 25.86242 296.5724 35.8492 0.1018 -2.7229 3.7663 499.4589 266.0025 367.1110 474.3063 -100.8237 113.9159 0.0000
3070.03 17.07.2018 08.10.01 25.87649 296.7218 46.7972 0.1329 -2.7320 3.8200 508.7140 271.4580 368.2749 476.7351 -104.9668 114.4248 0.0000
3080.03 17.07.2018 08.20.01 25.89504 296.8605 45.1005 0.1281 -2.7408 3.8253 516.5625 276.1504 369.2169 478.7787 -109.7930 114.9476 0.0000
3090.03 17.07.2018 08.30.01 25.91470 297.0002 59.2889 0.1684 -2.7296 3.8641 524.7439 280.9861 370.2860 480.7584 -114.4542 115.4780 0.0000
3100.03 17.07.2018 08.40.01 25.93987 297.1405 67.3780 0.1914 -2.7214 3.8837 532.4341 285.5466 371.2251 482.7359 -117.7160 116.0170 0.0000
3110.03 17.07.2018 08.50.01 25.96899 297.2749 75.6877 0.2150 -2.7069 3.8959 539.5326 289.7636 372.0989 484.4003 -121.9641 116.5633 0.0000
3120.03 17.07.2018 09.00.01 26.00195 297.4042 66.3942 0.1886 -2.6869 3.8340 543.4149 292.1653 372.7866 485.5981 -125.9896 117.1199 0.0000
3130.03 17.07.2018 09.10.01 26.03442 297.4182 182.0819 0.5173 -2.6365 4.2051 528.8316 284.3018 373.9860 486.3343 -121.9684 117.6727 0.0000
3140.03 17.07.2018 09.20.01 26.10183 297.4194 226.8282 0.6444 -2.7453 4.5196 511.5806 274.9242 375.1021 486.5464 -117.7349 118.2418 0.0000
3150.03 17.07.2018 09.30.01 26.18401 297.4285 257.0498 0.7303 -2.9031 4.8445 493.4933 265.0275 376.2768 486.2170 -114.5115 118.8176 0.0000
3160.03 17.07.2018 09.40.01 26.27657 297.4204 269.6906 0.7662 -3.0870 5.1376 479.9141 257.5400 377.3254 485.9467 -111.6538 119.3998 0.0000
3170.03 17.07.2018 09.50.01 26.37435 297.4069 283.9922 0.8068 -3.2714 5.4376 465.6998 249.6597 378.4140 485.1687 -109.6024 119.9891 0.0000
3180.03 17.07.2018 10.00.01 26.47781 297.3909 296.0218 0.8410 -3.4604 5.7352 450.3103 241.0783 379.4239 483.7464 -108.3162 120.5853 0.0000
3190.03 17.07.2018 10.10.01 26.58560 297.4481 219.9521 0.6249 -3.6517 5.7021 439.8858 235.4904 379.6970 482.5350 -105.8325 121.1924 0.0000
3200.03 17.07.2018 10.20.01 26.67236 297.5086 196.4507 0.5581 -3.7144 5.6967 429.7253 230.0160 380.0487 481.3517 -103.5178 121.7999 0.0000
3210.03 17.07.2018 10.30.01 26.75286 297.5658 175.9483 0.4999 -3.7325 5.6432 418.0945 223.7368 380.2066 479.9624 -101.0028 122.4103 0.0000
3220.03 17.07.2018 10.40.01 26.82794 297.6221 171.1036 0.4861 -3.7133 5.5992 408.2199 218.3996 380.3385 478.6084 -98.8279 123.0198 0.0000
3230.03 17.07.2018 10.50.01 26.90234 297.6774 171.3077 0.4867 -3.6805 5.5562 398.0842 212.9036 380.4576 477.2157 -96.3452 124.2191 0.0000
3240.03 17.07.2018 11.00.01 26.97704 297.7348 173.4186 0.4927 -3.6454 5.5174 387.4617 207.1075 380.5919 475.7654 -93.8018 125.4174 0.0000
3250.03 17.07.2018 11.10.01 27.05248 297.8389 179.2016 0.5091 -3.6111 5.4936 393.7017 210.4801 380.8208 475.8353 -91.9263 126.6198 0.0000
3260.03 17.07.2018 11.20.01 27.13012 297.9492 204.5342 0.5811 -3.5841 5.5536 401.6091 214.7173 381.3826 476.7525 -90.2547 127.8388 0.0000
3270.03 17.07.2018 11.30.01 27.21505 298.0656 223.4694 0.6349 -3.5906 5.6339 409.6652 219.0100 382.0976 477.9611 -89.6888 129.0879 0.0000
3280.03 17.07.2018 11.40.01 27.30624 298.1911 231.7451 0.6584 -3.6246 5.7106 417.6038 223.2216 382.8323 479.4704 -89.1632 130.3736 0.0000
3290.03 17.07.2018 11.50.01 27.40011 298.3228 237.9624 0.6760 -3.6677 5.7917 425.3490 227.3118 383.5830 481.0612 -89.5929 131.6922 0.0000
3300.03 17.07.2018 12.00.01 27.49597 298.4537 238.5336 0.6777 -3.7179 5.8608 431.8738 230.6893 384.3306 482.6017 -90.2869 133.0452 0.0000
3310.03 17.07.2018 12.10.01 27.59228 298.4329 264.6402 0.7518 -3.7698 6.0289 417.5696 222.7021 385.1950 482.4213 -89.7167 134.4249 0.0000
3320.03 17.07.2018 12.20.01 27.69595 298.4013 249.5967 0.7091 -3.8617 6.0944 401.5870 213.8719 385.6637 481.4955 -88.5623 135.8171 0.0000
3330.03 17.07.2018 12.30.01 27.79501 298.3667 235.9753 0.6704 -3.9325 6.1371 385.6713 205.1179 385.9560 480.1863 -87.2375 137.2099 0.0000
3340.03 17.07.2018 12.40.01 27.88973 298.3251 227.9148 0.6475 -3.9858 6.1777 370.4731 196.7494 386.1863 478.5796 -85.8051 138.5983 0.0000
3350.03 17.07.2018 12.50.01 27.98187 298.2894 222.3625 0.6317 -4.0298 6.2154 355.2466 188.3683 386.3658 476.7256 -84.1845 139.9829 0.0000
3360.03 17.07.2018 13.00.01 28.07214 298.2450 231.5208 0.6577 -4.0690 6.3023 341.1942 180.6157 386.6598 474.7700 -82.5949 141.3627 0.0000
3370.03 17.07.2018 13.10.01 28.16439 298.1467 156.1717 0.4437 -4.1226 6.0884 334.9465 177.2753 385.9546 472.5945 -84.7467 142.7270 0.0000
3380.03 17.07.2018 13.20.01 28.23397 298.0510 129.9956 0.3693 -4.0703 5.9195 329.7120 174.4745 385.2779 470.5463 -86.3644 144.0616 0.0000
3390.03 17.07.2018 13.30.01 28.29504 297.9554 115.2199 0.3273 -3.9875 5.7532 309.1735 163.9975 384.6043 468.0335 -86.9863 145.3802 0.0000
3400.03 17.07.2018 13.40.01 28.35085 297.8550 103.2704 0.2934 -3.8923 5.5809 303.6226 161.0097 383.8828 465.3470 -86.9425 146.6740 0.0000
3410.03 17.07.2018 13.50.01 28.40234 297.7509 94.8196 0.2694 -3.7892 5.4114 297.9188 157.9255 383.1537 462.8966 -86.8079 147.9488 0.0000
3420.03 17.07.2018 14.00.01 28.45056 297.6527 88.8083 0.2523 -3.6840 5.2484 291.8822 154.6314 382.4309 460.4671 -86.4072 149.2006 0.0000
3430.03 17.07.2018 14.10.01 28.49578 297.5556 50.5420 0.1436 -3.5790 4.9634 276.1380 145.8598 380.3114 456.9794 -83.3809 150.4336 0.0000
3440.03 17.07.2018 14.20.01 28.52871 297.4349 26.0681 0.0741 -3.4302 4.6723 271.7922 143.5387 378.0255 454.4728 -81.4489 151.6364 0.0000
3450.03 17.07.2018 14.30.01 28.55313 297.3166 16.1089 0.0458 -3.2596 4.4071 267.5680 141.2481 375.8215 452.1033 -79.5623 152.8100 0.0000
3460.03 17.07.2018 14.40.01 28.57354 297.2008 16.1993 0.0460 -3.0883 4.1790 264.8864 139.7507 373.7309 449.9264 -77.8996 153.9259 0.0000
3470.03 17.07.2018 14.50.01 28.59286 297.0904 2.8706 0.0082 -2.9293 3.9166 260.6877 137.3941 371.5665 447.6760 -76.0692 155.0164 0.0000
3480.03 17.07.2018 15.00.01 28.60723 296.9737 -8.5893 -0.0244 -2.7624 3.6506 255.4953 134.4493 369.3726 445.3473 -74.1153 156.0715 0.0000
3490.03 17.07.2018 15.10.01 28.61758 296.7784 29.6349 0.0842 -2.5933 3.5700 244.5055 128.4076 368.0658 443.1032 -71.4747 156.5903 0.0000
3500.03 17.07.2018 15.20.01 28.63821 296.5747 27.6156 0.0785 -2.4928 3.4284 230.8703 120.8729 366.6210 440.2324 -68.9494 157.1126 0.0000
3510.03 17.07.2018 15.30.01 28.65734 296.3750 15.2765 0.0434 -2.4006 3.2587 217.1679 113.3455 365.0241 437.2272 -66.5114 157.6209 0.0000
3520.03 17.07.2018 15.40.01 28.67199 296.1799 17.5368 0.0498 -2.3012 3.1347 202.7504 105.3362 363.5377 433.9840 -63.8922 158.1134 0.0000
3530.03 17.07.2018 15.50.01 28.68624 295.9836 4.2746 0.0121 -2.2167 2.9718 190.3178 98.5777 361.9578 430.9824 -61.4872 158.5919 0.0000
3540.03 17.07.2018 16.00.01 28.69567 295.7903 -2.4664 -0.0070 -2.1244 2.8232 177.7305 91.7047 360.3746 427.9031 -58.8519 159.0931 0.0000
3550.03 17.07.2018 16.10.01 28.70202 295.5290 -12.4401 -0.0353 -2.0346 2.6656 167.1400 85.9941 358.5185 424.8670 -57.2929 159.5929 0.0000
3560.03 17.07.2018 16.20.01 28.70419 295.2670 -20.0453 -0.0569 -1.9451 2.5175 157.5462 80.8676 356.6013 421.9199 -55.6043 160.1380 0.0000
3570.03 17.07.2018 16.30.01 28.70303 295.0086 -13.2930 -0.0378 -1.8596 2.4291 150.1102 76.9416 354.7566 419.2103 -53.9788 160.8301 0.0000
3580.03 17.07.2018 16.40.01 28.70318 294.7488 69.9875 0.1988 -1.7987 2.6633 122.1591 62.6350 352.9808 416.1425 -51.5518 161.4961 0.0000
3590.03 17.07.2018 16.50.01 28.72662 294.4861 101.4216 0.2881 -1.8758 2.8853 116.4041 59.4376 351.1843 412.8640 -48.6582 162.1375 0.0000
3600.03 17.07.2018 17.00.01 28.75839 294.2237 102.5889 0.2914 -2.0095 3.0679 110.4935 56.1392 349.2923 409.9142 -46.2787 162.7503 0.0000
3610.03 17.07.2018 17.10.01 28.78970 293.9466 84.3888 0.2397 -2.1541 3.1918 104.4903 52.8589 347.7205 407.1407 -44.0859 163.3330 0.0000
3620.03 17.07.2018 17.20.01 28.81481 293.6700 57.0037 0.1619 -2.2809 3.2572 98.2734 49.4843 346.1382 404.4243 -41.9694 163.8920 0.0000
3630.03 17.07.2018 17.30.01 28.83093 293.3946 26.4627 0.0752 -2.3764 3.2688 91.8276 46.0184 344.5403 401.7625 -39.9128 164.4240 0.0000
3640.03 17.07.2018 17.40.01 28.83706 293.1198 -15.1971 -0.0432 -2.4366 3.1912 78.9543 39.4206 342.9737 399.0736 -37.5641 164.9327 0.0000
3650.03 17.07.2018 17.50.01 28.82986 292.8442 -60.5509 -0.1720 -2.4465 3.0326 71.3023 35.4599 341.3711 396.3117 -35.0087 165.4103 0.0000
3660.03 17.07.2018 18.00.01 28.80816 292.5688 -101.1535 -0.2874 -2.4008 2.8179 63.2518 31.3337 339.7376 393.6582 -32.5837 165.8535 0.0000
3670.03 17.07.2018 18.10.01 28.77340 292.2426 -114.1871 -0.3244 -2.3080 2.6449 56.4633 27.8540 338.5101 391.2041 -29.7576 166.2570 0.0000
3680.03 17.07.2018 18.20.01 28.73290 291.9229 -240.7502 -0.6839 -2.2097 2.0343 44.9298 22.2810 337.3765 388.8124 -26.9559 166.6091 0.0000
3690.03 17.07.2018 18.30.01 28.65411 291.6067 -300.4864 -0.8537 -1.9341 1.4406 37.3506 18.6826 336.3071 386.4559 -24.2962 166.8868 0.0000
3700.03 17.07.2018 18.40.01 28.55700 291.2916 -255.1275 -0.7248 -1.5864 1.1487 28.3014 14.1753 335.2376 384.1788 -21.8283 167.1049 0.0000
3710.03 17.07.2018 18.50.01 28.47097 290.9782 -349.2038 -0.9921 -1.3239 0.4424 18.7881 9.6843 334.1495 381.8705 -19.4240 167.2543 0.0000
3720.03 17.07.2018 19.00.01 28.35720 290.6678 -246.7200 -0.7009 -0.9335 0.3101 11.1523 5.7807 333.0605 379.5774 -17.2104 167.3410 0.0000
3730.03 17.07.2018 19.10.01 28.27221 290.2733 -193.5325 -0.5498 -0.7146 0.2198 8.6869 4.4970 331.7519 377.3131 -16.6434 167.3997 0.0000
3740.03 17.07.2018 19.20.01 28.20156 289.8806 -162.2985 -0.4611 -0.5903 0.1723 7.0193 3.6304 330.5058 375.2137 -16.3790 167.4397 0.0000
3750.03 17.07.2018 19.30.01 28.13912 289.4883 -149.6352 -0.4251 -0.5250 0.1332 5.6703 2.9271 329.2713 373.1915 -16.2302 167.4753 0.0000
3760.03 17.07.2018 19.40.01 28.07952 289.0991 -146.6687 -0.4167 -0.4882 0.0954 4.0094 2.0685 328.0459 371.2270 -16.1278 167.5053 0.0000
3770.03 17.07.2018 19.50.01 28.02014 288.7076 -148.9214 -0.4231 -0.4647 0.0555 1.9409 1.0060 326.8184 369.2806 -16.0850 167.5219 0.0000
3780.03 17.07.2018 20.00.01 27.95941 288.3166 -152.8851 -0.4343 -0.4460 0.0156 0.3345 0.1745 325.5915 367.3655 -16.0605 167.5361 0.0000
3790.03 17.07.2018 20.10.01 27.89697 287.9177 -150.0599 -0.4263 -0.4284 0.0028 0.0601 0.0313 324.4933 365.5790 -15.9105 167.5433 0.0000
3800.03 17.07.2018 20.20.01 27.83499 287.5249 -147.6278 -0.4194 -0.4198 0.0005 0.0108 0.0056 323.4536 363.8987 -15.9072 167.5505 0.0000
3810.03 17.07.2018 20.30.01 27.77358 287.1392 -147.4649 -0.4189 -0.4190 0.0001 0.0019 0.0010 322.4465 362.2970 -15.9015 167.5578 0.0000
3820.03 17.07.2018 20.40.01 27.71160 286.7561 -147.6266 -0.4194 -0.4194 0.0000 0.0003 0.0002 321.4595 360.7545 -15.9571 167.5650 0.0000
3830.03 17.07.2018 20.50.01 27.64935 286.3790 -148.5890 -0.4221 -0.4221 0.0000 0.0001 0.0000 320.4914 359.2663 -16.0678 167.5722 0.0000
3840.03 17.07.2018 21.00.01 27.58676 286.0081 -149.9748 -0.4261 -0.4261 0.0000 0.0000 0.0000 319.5332 357.8268 -16.1255 167.5794 0.0000
3850.03 17.07.2018 21.10.01 27.52358 285.8187 -150.9317 -0.4288 -0.4288 0.0000 0.0000 0.0000 319.0260 356.6992 -15.2459 167.5849 0.0000
3860.03 17.07.2018 21.20.01 27.46032 285.6369 -151.9362 -0.4316 -0.4316 0.0000 0.0000 0.0000 318.5880 355.6190 -14.6701 167.5865 0.0000
3870.03 17.07.2018 21.30.01 27.39623 285.4678 -152.0702 -0.4320 -0.4320 0.0000 0.0000 0.0000 318.1191 354.5841 -14.1856 167.5865 0.0000
3880.03 17.07.2018 21.40.01 27.33254 285.3396 -151.9086 -0.4316 -0.4316 0.0000 0.0000 0.0000 317.6417 353.6780 -13.2552 167.5865 0.0000
3890.03 17.07.2018 21.50.01 27.26934 285.2134 -151.4098 -0.4301 -0.4301 0.0000 0.0000 0.0000 317.2154 352.7295 -12.9420 167.5865 0.0000
3900.03 17.07.2018 22.00.01 27.20617 285.1142 -149.9533 -0.4260 -0.4260 0.0000 0.0000 0.0000 316.8413 351.8611 -12.5834 167.5855 0.0000
3910.03 17.07.2018 22.10.01 27.14379 285.0631 -149.4853 -0.4247 -0.4247 0.0000 0.0000 0.0000 316.4972 351.1191 -12.0720 167.5821 0.0000
3920.03 17.07.2018 22.20.01 27.08105 284.9849 -149.8468 -0.4257 -0.4257 0.0000 0.0000 0.0000 316.1450 350.3887 -11.7369 167.5775 0.0000
3930.03 17.07.2018 22.30.01 27.01788 284.9066 -151.3157 -0.4299 -0.4299 0.0000 0.0000 0.0000 315.7938 349.6860 -11.4412 167.5703 0.0000
3940.03 17.07.2018 22.40.01 26.95403 284.8210 -153.0635 -0.4348 -0.4348 0.0000 0.0000 0.0000 315.4355 348.9945 -11.1878 167.5613 0.0000
3950.03 17.07.2018 22.50.01 26.88949 284.7263 -154.7487 -0.4396 -0.4396 0.0000 0.0000 0.0000 315.0678 348.3204 -10.9897 167.5495 0.0000
3960.03 17.07.2018 23.00.01 26.82433 284.6256 -156.4672 -0.4445 -0.4445 0.0000 0.0000 0.0000 314.6908 347.6634 -10.8275 167.5355 0.0000
3970.03 17.07.2018 23.10.01 26.75842 284.4890 -157.4333 -0.4473 -0.4473 0.0000 0.0000 0.0000 314.1705 346.9951 -10.6580 167.5211 0.0000
3980.03 17.07.2018 23.20.01 26.69250 284.3382 -157.8639 -0.4485 -0.4485 0.0000 0.0000 0.0000 313.5801 346.3459 -10.5048 167.5066 0.0000
3990.03 17.07.2018 23.30.01 26.62658 284.2042 -157.9180 -0.4486 -0.4486 0.0000 0.0000 0.0000 313.0924 345.6983 -10.5232 167.4906 0.0000
4000.03 17.07.2018 23.40.01 26.56024 284.0911 -159.1216 -0.4521 -0.4520 0.0000 0.0000 0.0000 312.7658 345.1265 -10.4282 167.4742 0.0000
4010.03 17.07.2018 23.50.01 26.49291 283.9929 -162.4655 -0.4615 -0.4616 0.0000 0.0000 0.0000 312.4540 344.5721 -10.3503 167.4583 0.0000
4020.03 18.07.2018 00.00.01 26.42401 283.9073 -166.1739 -0.4721 -0.4721 0.0000 0.0000 0.0000 312.1245 344.0286 -10.2565 167.4434 0.0000
4030.03 18.07.2018 00.10.01 26.35372 283.8209 -169.0329 -0.4802 -0.4802 0.0000 0.0000 0.0000 311.7405 343.5430 -9.7630 167.4282 0.0000
4040.03 18.07.2018 00.20.01 26.28262 283.7234 -169.4503 -0.4814 -0.4814 0.0000 0.0000 0.0000 311.3040 343.0346 -9.5094 167.4106 0.0000
4050.03 18.07.2018 00.30.01 26.21176 283.6087 -169.3911 -0.4812 -0.4812 0.0000 0.0000 0.0000 310.8824 342.4981 -9.4391 167.3936 0.0000
4060.03 18.07.2018 00.40.01 26.14062 283.5574 -169.5343 -0.4816 -0.4816 0.0000 0.0000 0.0000 310.6014 342.0617 -9.0890 167.3763 0.0000
4070.03 18.07.2018 00.50.01 26.06921 283.5084 -171.6626 -0.4877 -0.4877 0.0000 0.0000 0.0000 310.5177 341.6389 -9.0093 167.3577 0.0000
4080.03 18.07.2018 01.00.01 25.99651 283.4182 -175.3811 -0.4982 -0.4982 0.0000 0.0000 0.0000 310.3026 341.1661 -9.2808 167.3380 0.0000
4090.03 18.07.2018 01.10.01 25.92214 283.2912 -179.1331 -0.5089 -0.5089 0.0000 0.0000 0.0000 309.9763 340.6278 -9.4815 167.3177 0.0000
4100.03 18.07.2018 01.20.01 25.84661 283.1705 -180.6691 -0.5133 -0.5133 0.0000 0.0000 0.0000 309.5942 340.0827 -9.6284 167.2968 0.0000
4110.03 18.07.2018 01.30.01 25.77065 283.0545 -180.9532 -0.5141 -0.5141 0.0000 0.0000 0.0000 309.1982 339.5381 -9.7495 167.2754 0.0000
4120.03 18.07.2018 01.40.01 25.69470 282.9571 -180.6512 -0.5132 -0.5132 0.0000 0.0000 0.0000 308.7965 339.0270 -9.6432 167.2545 0.0000
4130.03 18.07.2018 01.50.01 25.61935 282.8558 -180.1111 -0.5117 -0.5117 0.0000 0.0000 0.0000 308.3717 338.5191 -9.5710 167.2345 0.0000
4140.03 18.07.2018 02.00.01 25.54427 282.7538 -178.7230 -0.5077 -0.5077 0.0000 0.0004 0.0002 307.8964 338.0093 -9.5381 167.2150 0.0000
4150.03 18.07.2018 02.10.01 25.46990 282.8591 -175.4385 -0.4984 -0.5031 0.0063 0.2456 0.1279 307.6735 337.7008 -8.5608 167.1963 0.0000
4160.03 18.07.2018 02.20.01 25.39669 282.9400 -172.0593 -0.4888 -0.4994 0.0142 0.5261 0.2743 307.5819 337.4337 -7.8744 167.1747 0.0000
4170.03 18.07.2018 02.30.01 25.32440 283.0073 -170.3871 -0.4841 -0.5008 0.0223 0.8123 0.4236 307.5793 337.2094 -7.3375 167.1495 0.0000
4180.03 18.07.2018 02.40.01 25.25247 283.0552 -170.5754 -0.4846 -0.5074 0.0305 1.0996 0.5735 307.6588 337.0231 -6.9424 167.1206 0.0000
4190.03 18.07.2018 02.50.01 25.18035 283.1451 -171.7153 -0.4878 -0.5168 0.0386 1.3870 0.7235 307.7436 336.8779 -6.4140 167.0869 0.0000
4200.03 18.07.2018 03.00.01 25.10772 283.2428 -172.3704 -0.4897 -0.5249 0.0469 1.6781 0.8754 307.8163 336.7688 -5.8591 167.0502 0.0000
4210.03 18.07.2018 03.10.01 25.03497 283.5707 -157.8367 -0.4484 -0.5308 0.1099 4.1008 2.1379 308.2513 337.0716 -4.2813 167.0060 0.0000
4220.03 18.07.2018 03.20.01 24.96691 283.9072 -146.0076 -0.4148 -0.5546 0.1865 6.8318 3.5629 308.8735 337.5585 -2.9097 166.9556 0.0000
4230.03 18.07.2018 03.30.01 24.90280 284.2473 -138.0580 -0.3922 -0.5913 0.2654 9.6118 5.0133 309.5746 338.1703 -1.6811 166.9024 0.0000
4240.03 18.07.2018 03.40.01 24.84152 284.5894 -132.1900 -0.3755 -0.6341 0.3448 12.4012 6.4687 310.3165 338.8860 -0.5742 166.8475 0.0000
4250.03 18.07.2018 03.50.01 24.78234 284.9324 -127.3504 -0.3618 -0.6800 0.4243 15.1923 7.9250 311.0900 339.6914 0.4308 166.7920 0.0000
4260.03 18.07.2018 04.00.01 24.72512 285.2764 -123.1830 -0.3500 -0.7278 0.5038 17.9841 9.3816 311.8906 340.5762 1.3483 166.7364 0.0000
4270.03 18.07.2018 04.10.01 24.66958 285.6015 -117.5717 -0.3340 -0.7757 0.5889 20.9970 10.9534 313.0432 341.5598 1.8743 166.6828 0.0000
4280.03 18.07.2018 04.20.01 24.61630 285.9270 -112.0776 -0.3184 -0.8250 0.6755 24.0418 12.5420 314.2484 342.6195 2.2850 166.6339 0.0000
4290.03 18.07.2018 04.30.01 24.56518 286.2480 -106.9078 -0.3037 -0.8755 0.7623 27.0918 14.1333 315.4660 343.7332 2.6035 166.5899 0.0000
4300.03 18.07.2018 04.40.01 24.51608 286.5739 -102.1831 -0.2903 -0.9272 0.8492 30.1427 15.7251 316.7159 344.9079 2.9104 166.5535 0.0000
4310.03 18.07.2018 04.50.01 24.46893 286.9001 -97.8120 -0.2779 -0.9799 0.9361 33.1938 17.3170 318.0038 346.1355 3.2022 166.5276 0.0000
4320.03 18.07.2018 05.00.01 24.42367 287.2430 -77.6501 -0.2206 -1.0331 1.0833 37.3441 19.4611 319.5875 347.5148 3.4282 166.5079 0.0000
4330.03 18.07.2018 05.10.01 24.38488 287.7085 -80.3613 -0.2283 -1.1090 1.1743 144.2667 72.9835 321.4649 350.9598 2.1615 166.5002 0.0000
4340.03 18.07.2018 05.20.01 24.34658 288.1925 14.9225 0.0424 -1.1724 1.6198 372.2405 187.0751 324.6404 360.8077 -6.3121 166.5016 0.0000
4350.03 18.07.2018 05.30.01 24.33740 288.7819 88.3945 0.2511 -1.3668 2.1572 539.4934 270.8931 328.8236 376.6682 -21.2705 166.5239 0.0000
4360.03 18.07.2018 05.40.01 24.35674 289.5510 886.4763 2.5184 -1.6507 5.5588 517.4644 258.3385 334.6036 391.8581 -32.6626 166.7384 0.0000
4370.03 18.07.2018 05.50.01 24.61709 290.0114 1956.4888 5.5582 -3.1041 11.5497 501.5313 246.8654 337.0670 401.7641 -41.3786 167.0064 0.0000
4380.03 18.07.2018 06.00.01 25.18105 290.6201 288.9598 0.8209 -6.1014 9.2297 472.7350 235.5637 341.2269 411.8526 -50.6697 167.6296 0.0000
4390.03 18.07.2018 06.10.01 25.26428 290.9632 -334.8369 -0.9512 -6.5178 7.4221 447.8321 224.2519 342.2686 417.6883 -54.6958 168.2645 0.0000
4400.03 18.07.2018 06.20.01 25.16445 291.2942 -568.7833 -1.6159 -6.0043 5.8513 427.3103 215.0680 343.3997 422.6008 -57.8924 168.8899 0.0000
4410.03 18.07.2018 06.30.01 24.99413 291.6534 -640.0161 -1.8182 -5.1645 4.4617 409.7040 207.2516 344.7938 426.5358 -60.0366 169.5283 0.0000
4420.03 18.07.2018 06.40.01 24.80093 292.0203 -632.3199 -1.7964 -4.2426 3.2616 401.0222 203.8023 346.2774 429.8606 -61.5003 170.1973 0.0000
4430.03 18.07.2018 06.50.01 24.61028 292.3941 -337.8130 -0.9597 -3.3527 3.1907 412.6497 211.6445 347.7907 435.3624 -65.5986 170.8911 0.0000
4440.03 18.07.2018 07.00.01 24.50521 292.7408 -153.9092 -0.4372 -2.9172 3.3066 410.5148 211.1100 348.9610 438.5445 -67.4953 171.5714 0.0000
4450.03 18.07.2018 07.10.01 24.45443 292.9505 -35.3148 -0.1003 -2.7549 3.5395 407.2727 210.0483 349.6412 441.0691 -70.1198 172.0872 0.0000
4460.03 18.07.2018 07.20.01 24.43939 293.1890 20.5159 0.0583 -2.7607 3.7587 450.5576 236.9203 350.8350 450.1718 -79.4591 172.5347 0.0000
4470.03 18.07.2018 07.30.01 24.44195 293.4693 49.3096 0.1401 -2.8340 3.9654 449.0667 236.9425 352.4277 452.6001 -83.4888 172.9894 0.0000
4480.03 18.07.2018 07.40.01 24.45449 293.7110 70.1727 0.1994 -2.9316 4.1746 456.9278 242.1126 353.7299 455.1653 -88.6628 173.4124 0.0000
4490.03 18.07.2018 07.50.01 24.47491 293.9683 91.8218 0.2609 -3.0407 4.4020 456.5086 242.2841 355.2859 456.4539 -92.2433 173.8549 0.0000
4500.03 18.07.2018 08.00.01 24.50323 294.2126 95.9209 0.2725 -3.1620 4.5794 453.2206 240.8137 356.6734 457.1564 -94.7783 174.3118 0.0000
4510.03 18.07.2018 08.10.01 24.53466 294.3381 134.1542 0.3811 -3.2696 4.8676 434.6783 231.0983 358.1629 456.7260 -94.8406 174.7815 0.0000
4520.03 18.07.2018 08.20.01 24.57879 294.4486 137.8945 0.3917 -3.4153 5.0760 412.7192 219.4636 359.2969 455.3066 -93.7028 175.2702 0.0000
4530.03 18.07.2018 08.30.01 24.62563 294.5522 145.8300 0.4143 -3.5461 5.2805 389.1847 206.8890 360.3254 453.2642 -91.8024 175.7672 0.0000
4540.03 18.07.2018 08.40.01 24.67642 294.6507 147.4271 0.4188 -3.6693 5.4509 371.9777 197.6577 361.1572 451.2092 -89.8805 176.2727 0.0000
4550.03 18.07.2018 08.50.01 24.72933 294.7507 160.0735 0.4548 -3.7768 5.6421 354.2198 188.0621 361.9991 449.0116 -87.6124 176.7898 0.0000
4560.03 18.07.2018 09.00.01 24.78726 294.8479 163.3759 0.4641 -3.8855 5.7995 334.3862 177.2706 362.7257 446.4689 -84.6751 177.3175 0.0000
4570.03 18.07.2018 09.10.01 24.84738 294.9512 141.5184 0.4020 -3.9832 5.8470 332.2891 176.1720 363.5900 445.6408 -79.9531 177.8507 0.0000
4580.03 18.07.2018 09.20.01 24.90243 295.0680 149.6870 0.4252 -4.0338 5.9455 331.0263 175.4894 364.6891 445.3569 -76.9634 178.3879 0.0000
4590.03 18.07.2018 09.30.01 24.96093 295.1904 162.2875 0.4610 -4.0843 6.0605 329.8470 174.8290 365.9249 445.3234 -74.7626 178.9318 0.0000
4600.03 18.07.2018 09.40.01 25.02410 295.3152 169.6998 0.4821 -4.1422 6.1658 329.5102 174.6160 367.1796 445.5556 -72.8693 179.4813 0.0000
4610.03 18.07.2018 09.50.01 25.09033 295.4428 178.1719 0.5062 -4.2011 6.2763 329.0933 174.3470 368.4746 445.9776 -71.2187 180.0362 0.0000
4620.03 18.07.2018 10.00.01 25.15978 295.5730 184.2553 0.5235 -4.2637 6.3828 328.1937 173.7937 369.7740 446.4958 -69.6639 180.5961 0.0000
4630.03 18.07.2018 10.10.01 25.23171 295.7197 194.1938 0.5517 -4.3273 6.5053 338.2904 179.2153 371.4616 447.8441 -71.0147 181.1713 0.0000
4640.03 18.07.2018 10.20.01 25.30734 295.8918 218.0990 0.6196 -4.3986 6.6910 349.7285 185.3382 373.4636 449.6963 -73.0240 181.7711 0.0000
4650.03 18.07.2018 10.30.01 25.39050 296.0462 229.0001 0.6506 -4.4987 6.8657 360.7790 191.2454 375.5766 451.7158 -75.8027 182.3915 0.0000
4660.03 18.07.2018 10.40.01 25.47766 296.1979 239.0604 0.6791 -4.6071 7.0484 371.7312 197.0923 377.8342 454.1513 -77.8759 183.0265 0.0000
4670.03 18.07.2018 10.50.01 25.56878 296.3439 246.6231 0.7006 -4.7213 7.2292 382.4968 202.8301 380.0921 456.8357 -79.4990 184.2914 0.0000
4680.03 18.07.2018 11.00.01 25.66299 296.4680 253.4822 0.7201 -4.8381 7.4110 392.8227 208.3052 382.2928 459.1800 -83.2288 185.5709 0.0000
4690.03 18.07.2018 11.10.01 25.75948 296.5472 215.7453 0.6129 -4.9570 7.4266 374.1702 198.1567 382.9782 460.1947 -75.9696 186.8480 0.0000
4700.03 18.07.2018 11.20.01 25.84487 296.6032 159.9745 0.4545 -5.0143 7.2917 351.9893 186.1356 383.0284 460.1163 -69.1024 188.0771 0.0000
4710.03 18.07.2018 11.30.01 25.91378 296.6603 127.2988 0.3616 -4.9875 7.1322 329.3341 173.8718 382.7752 459.3848 -63.5518 189.2254 0.0000
4720.03 18.07.2018 11.40.01 25.97286 296.7092 108.5755 0.3085 -4.9135 6.9626 307.7958 162.2227 382.3748 458.2234 -59.0706 190.3089 0.0000
4730.03 18.07.2018 11.50.01 26.02618 296.7850 99.6576 0.2831 -4.8136 6.7956 286.4457 150.6825 381.8312 456.3511 -56.2197 191.3389 0.0000
4740.03 18.07.2018 12.00.01 26.07665 296.8093 94.6241 0.2688 -4.7024 6.6283 265.2186 139.2134 381.2620 454.2244 -53.0805 192.2975 0.0000
4750.03 18.07.2018 12.10.01 26.12521 296.9487 52.6583 0.1496 -4.5846 6.3123 267.2193 140.4802 380.6197 453.2257 -54.6383 193.1927 0.0000
4760.03 18.07.2018 12.20.01 26.16143 297.0605 61.9675 0.1760 -4.4061 6.1096 271.8566 143.1484 380.3583 452.4690 -57.9005 194.0480 0.0000
4770.03 18.07.2018 12.30.01 26.20025 297.0829 69.9618 0.1988 -4.2452 5.9252 276.8102 145.9742 380.0730 451.6772 -61.0893 194.8760 0.0000
4780.03 18.07.2018 12.40.01 26.24114 297.2638 73.7222 0.2094 -4.0993 5.7450 281.6967 148.7478 380.4509 451.7444 -60.3472 195.6694 0.0000
4790.03 18.07.2018 12.50.01 26.28298 297.5275 74.3243 0.2111 -3.9607 5.5625 286.2501 151.3249 381.4318 452.0212 -60.0706 196.3760 0.0000
4800.03 18.07.2018 13.00.01 26.32491 297.6263 81.9674 0.2329 -3.8261 5.4119 291.0721 154.0163 381.3124 452.2552 -61.2975 197.0269 0.0000
4810.03 18.07.2018 13.10.01 26.36910 297.6556 120.0548 0.3411 -3.7073 5.3978 279.9760 147.9917 381.9709 453.3325 -50.5786 197.6833 0.0000
4820.03 18.07.2018 13.20.01 26.42410 297.5213 115.3769 0.3278 -3.6496 5.3031 267.0062 140.9709 382.1095 452.7880 -50.5997 198.4731 0.0000
4830.03 18.07.2018 13.30.01 26.47723 297.4414 106.9629 0.3039 -3.5901 5.1919 244.8814 129.3775 382.1123 450.7972 -55.1617 199.3656 0.0000
4840.03 18.07.2018 13.40.01 26.52734 297.5066 99.3027 0.2821 -3.5236 5.0742 232.6447 122.7372 383.2911 449.6279 -53.5622 200.2829 0.0000
4850.03 18.07.2018 13.50.01 26.57498 297.5228 95.0973 0.2702 -3.4475 4.9569 220.5933 116.2074 384.4540 448.0122 -52.9436 201.1392 0.0000
4860.03 18.07.2018 14.00.01 26.62121 297.5956 93.3276 0.2651 -3.3672 4.8431 208.7266 109.7836 385.5689 446.0393 -52.7253 201.9428 0.0000
4870.03 18.07.2018 14.10.01 26.66622 297.4575 39.7783 0.1130 -3.2865 4.5327 186.4676 97.8232 384.1487 443.2801 -45.8677 202.7095 0.0000
4880.03 18.07.2018 14.20.01 26.69442 297.2872 -4.0987 -0.0116 -3.1372 4.1674 167.5670 87.8212 382.2109 440.1711 -41.6427 203.4201 0.0000
4890.03 18.07.2018 14.30.01 26.70837 297.1035 -29.3931 -0.0835 -2.9371 3.8048 148.9683 77.9963 380.1593 436.9760 -37.6829 204.0922 0.0000
4900.03 18.07.2018 14.40.01 26.71362 296.9507 -45.1759 -0.1283 -2.7145 3.4482 130.3152 68.1598 378.3034 433.8734 -32.9574 204.7116 0.0000
4910.03 18.07.2018 14.50.01 26.71307 296.8393 -60.2729 -0.1712 -2.4822 3.0813 111.6729 58.3454 376.3550 430.5770 -29.1713 205.2711 0.0000
4920.03 18.07.2018 15.00.01 26.70681 296.7351 -71.6605 -0.2036 -2.2402 2.7155 93.3840 48.7403 374.2391 426.9035 -27.1626 205.7522 0.0000
4930.03 18.07.2018 15.10.01 26.69634 296.5051 -38.9837 -0.1107 -1.9994 2.5182 87.7829 45.8004 371.3204 424.0468 -24.9351 205.9740 0.0000
4940.03 18.07.2018 15.20.01 26.69479 296.2040 -5.0515 -0.0144 -1.8226 2.4110 84.2919 43.9809 368.5211 421.1385 -25.5039 206.1889 0.0000
4950.03 18.07.2018 15.30.01 26.70196 295.9413 9.9422 0.0282 -1.7111 2.3191 81.1092 42.3201 365.8261 418.1802 -26.1365 206.4043 0.0000
4960.03 18.07.2018 15.40.01 26.71255 295.7083 13.5607 0.0385 -1.6340 2.2300 77.9894 40.6924 363.3605 415.4649 -25.6296 206.6168 0.0000
4970.03 18.07.2018 15.50.01 26.72332 295.5047 11.5642 0.0329 -1.5732 2.1415 74.8801 39.0701 360.9670 412.8784 -24.6267 206.8179 0.0000
4980.03 18.07.2018 16.00.01 26.73266 295.3352 7.0947 0.0202 -1.5196 2.0530 71.7864 37.4558 358.5758 410.4229 -23.3000 207.0067 0.0000
4990.03 18.07.2018 16.10.01 26.73995 295.5169 10.9853 0.0312 -1.4685 1.9995 76.6811 39.8957 358.3222 408.9356 -19.4272 207.1895 0.0000
5000.03 18.07.2018 16.20.01 26.74807 295.7209 28.8275 0.0819 -1.4270 2.0118 82.8331 42.9858 358.5445 408.1060 -16.8167 207.3985 0.0000
5010.03 18.07.2018 16.30.01 26.76129 295.9512 40.3354 0.1146 -1.4139 2.0380 89.0811 46.1097 358.9908 407.7403 -14.7012 207.6601 0.0000
5020.03 18.07.2018 16.40.01 26.77804 296.1914 77.3376 0.2197 -1.4187 2.1846 89.1469 46.0779 359.6050 407.6590 -12.6406 207.9653 0.0000
5030.03 18.07.2018 16.50.01 26.80581 296.4432 123.3450 0.3504 -1.4796 2.4400 95.2833 49.0315 360.3530 407.8294 -10.8513 208.3169 0.0000
5040.03 18.07.2018 17.00.01 26.84734 296.7066 168.0353 0.4774 -1.6089 2.7817 101.4920 51.9357 361.1418 408.2963 -9.4673 208.7138 0.0000
5050.03 18.07.2018 17.10.01 26.90164 296.4653 137.1442 0.3896 -1.8053 2.9265 98.3342 50.2359 360.8009 408.0119 -12.2557 209.1647 0.0000
5060.03 18.07.2018 17.20.01 26.94616 296.1674 81.8635 0.2326 -1.9619 2.9259 92.6163 47.1881 359.8459 406.8751 -14.8019 209.6363 0.0000
5070.03 18.07.2018 17.30.01 26.97354 295.8447 36.4727 0.1036 -2.0469 2.8673 86.4360 43.9288 358.6472 405.3745 -16.9988 210.1072 0.0000
5080.03 18.07.2018 17.40.01 26.98629 295.5141 -11.3757 -0.0323 -2.0770 2.7262 74.3462 37.7766 357.3859 403.5961 -18.2966 210.5612 0.0000
5090.03 18.07.2018 17.50.01 26.98373 295.1840 -56.7077 -0.1611 -2.0492 2.5175 68.5339 34.7888 356.0445 401.6032 -18.8313 210.9853 0.0000
5100.03 18.07.2018 18.00.01 26.96655 294.8449 -95.2216 -0.2705 -1.9679 2.2631 60.8507 30.8980 354.6677 399.5133 -19.2370 211.3660 0.0000
5110.03 18.07.2018 18.10.01 26.93685 294.4965 -107.1273 -0.3043 -1.8427 2.0511 53.2701 26.9860 352.7949 397.3053 -18.1390 211.7075 0.0000
5120.03 18.07.2018 18.20.01 26.90249 294.1405 -123.5775 -0.3511 -1.7134 1.8164 43.9889 22.2408 350.9245 394.9823 -16.9735 211.9990 0.0000
5130.03 18.07.2018 18.30.01 26.86193 293.7805 -189.0821 -0.5372 -1.5724 1.3803 35.8788 18.2113 349.0348 392.6155 -15.4794 212.2460 0.0000
5140.03 18.07.2018 18.40.01 26.80108 293.4240 -228.8360 -0.6501 -1.3448 0.9263 26.7064 13.6679 347.1735 390.1971 -14.0047 212.4386 0.0000
5150.03 18.07.2018 18.50.01 26.72747 293.0585 -248.2490 -0.7053 -1.0707 0.4873 17.7273 9.2069 345.2866 387.7089 -12.4100 212.5676 0.0000
5160.03 18.07.2018 19.00.01 26.64758 292.6883 -193.9566 -0.5510 -0.7809 0.3065 9.7705 5.0993 343.3478 385.1927 -10.7615 212.6454 0.0000
5170.03 18.07.2018 19.10.01 26.58264 292.4166 -148.2937 -0.4213 -0.5834 0.2162 7.2957 3.8071 343.0993 383.2369 -8.9169 212.6831 0.0000
5180.03 18.07.2018 19.20.01 26.53076 292.1408 -117.2077 -0.3330 -0.4591 0.1682 5.7362 2.9936 343.0368 381.6032 -7.6880 212.7040 0.0000
5190.03 18.07.2018 19.30.01 26.48794 291.8792 -101.2393 -0.2876 -0.3834 0.1277 4.3372 2.2637 343.0612 380.1164 -6.8440 212.7185 0.0000
5200.03 18.07.2018 19.40.01 26.44970 291.6350 -93.9257 -0.2668 -0.3333 0.0886 2.9675 1.5490 343.1331 378.7498 -6.2199 212.7328 0.0000
5210.03 18.07.2018 19.50.01 26.41342 291.3929 -91.1235 -0.2589 -0.2962 0.0497 1.6030 0.8371 343.2051 377.4704 -5.8106 212.7423 0.0000
5220.03 18.07.2018 20.00.01 26.37774 291.1545 -90.6315 -0.2575 -0.2657 0.0109 0.2414 0.1267 343.3121 376.3183 -5.4041 212.7423 0.0000
5230.03 18.07.2018 20.10.01 26.34203 291.0791 -83.7867 -0.2380 -0.2395 0.0019 0.0406 0.0211 344.8705 375.5320 -4.8743 212.7423 0.0000
5240.03 18.07.2018 20.20.01 26.30807 291.0189 -79.8340 -0.2268 -0.2271 0.0004 0.0076 0.0040 346.6124 374.9769 -4.5259 212.7423 0.0000
5250.03 18.07.2018 20.30.01 26.27508 290.9791 -78.5762 -0.2232 -0.2233 0.0001 0.0013 0.0007 348.3386 374.5322 -4.4002 212.7423 0.0000
5260.03 18.07.2018 20.40.01 26.24212 290.9108 -78.3635 -0.2226 -0.2226 0.0000 0.0002 0.0001 350.0681 374.1604 -4.5553 212.7423 0.0000
5270.03 18.07.2018 20.50.01 26.20916 290.8422 -79.2945 -0.2253 -0.2253 0.0000 0.0000 0.0000 351.8752 373.8948 -4.8342 212.7423 0.0000
5280.03 18.07.2018 21.00.01 26.17556 290.7802 -80.1784 -0.2278 -0.2278 0.0000 0.0000 0.0000 353.6678 373.7161 -5.1801 212.7423 0.0000
5290.03 18.07.2018 21.10.01 26.14169 290.7063 -81.5616 -0.2317 -0.2317 0.0000 0.0000 0.0000 353.4721 373.4116 -5.2420 212.7423 0.0000
5300.03 18.07.2018 21.20.01 26.10711 290.6220 -82.6978 -0.2349 -0.2349 0.0000 0.0000 0.0000 353.1559 373.0541 -5.2649 212.7423 0.0000
5310.03 18.07.2018 21.30.01 26.07208 290.5387 -84.4858 -0.2400 -0.2400 0.0000 0.0000 0.0000 352.8244 372.6851 -5.2759 212.7423 0.0000
5320.03 18.07.2018 21.40.01 26.03634 290.4557 -86.4100 -0.2455 -0.2455 0.0000 0.0000 0.0000 352.4791 372.3048 -5.2856 212.7423 0.0000
5330.03 18.07.2018 21.50.01 25.99972 290.3735 -87.9170 -0.2498 -0.2498 0.0000 0.0000 0.0000 352.1073 371.9125 -5.2906 212.7423 0.0000
5340.03 18.07.2018 22.00.01 25.96246 290.2893 -89.3603 -0.2539 -0.2539 0.0000 0.0000 0.0000 351.7493 371.5134 -5.3098 212.7423 0.0000
5350.03 18.07.2018 22.10.01 25.92471 290.2223 -90.8730 -0.2582 -0.2582 0.0000 0.0000 0.0000 350.9084 371.0764 -5.1790 212.7423 0.0000
5360.03 18.07.2018 22.20.01 25.88625 290.1505 -92.1411 -0.2618 -0.2618 0.0000 0.0000 0.0000 350.0469 370.6061 -5.0524 212.7423 0.0000
5370.03 18.07.2018 22.30.01 25.84725 290.0735 -93.4787 -0.2656 -0.2656 0.0000 0.0000 0.0000 349.2050 370.1190 -4.9307 212.7423 0.0000
5380.03 18.07.2018 22.40.01 25.80789 289.9994 -95.1153 -0.2702 -0.2702 0.0000 0.0000 0.0000 348.3801 369.6261 -4.7880 212.7423 0.0000
5390.03 18.07.2018 22.50.01 25.76760 289.9278 -95.9367 -0.2725 -0.2725 0.0000 0.0000 0.0000 347.5376 369.1242 -4.6196 212.7423 0.0000
5400.03 18.07.2018 23.00.01 25.72720 289.8552 -97.2972 -0.2764 -0.2764 0.0000 0.0000 0.0000 346.6847 368.6132 -4.4450 212.7423 0.0000
5410.03 18.07.2018 23.10.01 25.68603 289.6797 -98.1922 -0.2790 -0.2790 0.0000 0.0000 0.0000 345.6400 367.9936 -4.7498 212.7423 0.0000
5420.03 18.07.2018 23.20.01 25.64449 289.5029 -99.8932 -0.2838 -0.2838 0.0000 0.0000 0.0000 344.5613 367.3312 -5.0083 212.7423 0.0000
5430.03 18.07.2018 23.30.01 25.60232 289.3263 -101.7295 -0.2890 -0.2890 0.0000 0.0000 0.0000 343.4719 366.6419 -5.2194 212.7423 0.0000
5440.03 18.07.2018 23.40.01 25.55929 289.1490 -103.4739 -0.2940 -0.2940 0.0000 0.0000 0.0000 342.3751 365.9319 -5.4095 212.7423 0.0000
5450.03 18.07.2018 23.50.01 25.51550 288.9732 -104.9343 -0.2981 -0.2981 0.0000 0.0000 0.0000 341.2743 365.2025 -5.5521 212.7423 0.0000
5460.03 19.07.2018 00.00.01 25.47115 288.7978 -106.5171 -0.3026 -0.3026 0.0000 0.0000 0.0000 340.1692 364.4578 -5.6667 212.7423 0.0000
5470.03 19.07.2018 00.10.01 25.42626 288.6013 -108.2566 -0.3075 -0.3075 0.0000 0.0000 0.0000 339.2734 363.7210 -5.8668 212.7423 0.0000
5480.03 19.07.2018 00.20.01 25.38049 288.4170 -109.4465 -0.3109 -0.3109 0.0000 0.0000 0.0000 338.3991 362.9999 -5.9999 212.7423 0.0000
5490.03 19.07.2018 00.30.01 25.33422 288.2330 -110.8689 -0.3150 -0.3150 0.0000 0.0000 0.0000 337.5155 362.2679 -6.1435 212.7423 0.0000
5500.03 19.07.2018 00.40.01 25.28753 288.0459 -112.6438 -0.3200 -0.3200 0.0000 0.0000 0.0000 336.6250 361.5210 -6.3034 212.7423 0.0000
5510.03 19.07.2018 00.50.01 25.23992 287.8519 -113.7875 -0.3233 -0.3233 0.0000 0.0000 0.0000 335.7311 360.7622 -6.4842 212.7423 0.0000
5520.03 19.07.2018 01.00.01 25.19186 287.6570 -115.2214 -0.3273 -0.3273 0.0000 0.0000 0.0000 334.8374 359.9968 -6.6628 212.7420 0.0000
5530.03 19.07.2018 01.10.01 25.14333 287.5493 -116.5352 -0.3311 -0.3311 0.0000 0.0000 0.0000 334.6017 359.3653 -6.4424 212.7390 0.0000
5540.03 19.07.2018 01.20.01 25.09478 287.4428 -116.9120 -0.3321 -0.3321 0.0000 0.0000 0.0000 334.4170 358.7842 -6.2938 212.7340 0.0000
5550.03 19.07.2018 01.30.01 25.04623 287.3413 -116.2695 -0.3303 -0.3303 0.0000 0.0000 0.0000 334.2184 358.2379 -6.1791 212.7267 0.0000
5560.03 19.07.2018 01.40.01 24.99771 287.2511 -115.0675 -0.3269 -0.3269 0.0000 0.0000 0.0000 334.0505 357.7331 -6.0701 212.7182 0.0000
5570.03 19.07.2018 01.50.01 24.94979 287.1811 -114.7654 -0.3260 -0.3260 0.0000 0.0000 0.0000 333.9279 357.2841 -5.8979 212.7086 0.0000
5580.03 19.07.2018 02.00.01 24.90209 287.1185 -114.7211 -0.3259 -0.3259 0.0000 0.0003 0.0002 333.8122 356.8517 -5.7669 212.6983 0.0000
5590.03 19.07.2018 02.10.01 24.85427 287.0619 -113.5511 -0.3226 -0.3261 0.0047 0.1822 0.0949 333.2860 356.4498 -5.5521 212.6881 0.0000
5600.03 19.07.2018 02.20.01 24.80645 287.0194 -113.5941 -0.3227 -0.3306 0.0105 0.3903 0.2035 332.6354 356.0313 -5.5399 212.6787 0.0000
5610.03 19.07.2018 02.30.01 24.75814 286.8263 -115.7520 -0.3288 -0.3412 0.0165 0.6027 0.3143 331.9410 355.3951 -6.3223 212.6698 0.0000
5620.03 19.07.2018 02.40.01 24.70861 286.6969 -118.7903 -0.3375 -0.3544 0.0226 0.8158 0.4255 331.3086 354.7633 -6.8745 212.6609 0.0000
5630.03 19.07.2018 02.50.01 24.65777 286.5993 -122.2130 -0.3472 -0.3687 0.0287 1.0291 0.5368 330.6344 354.1334 -7.2431 212.6537 0.0000
5640.03 19.07.2018 03.00.01 24.60546 286.5089 -125.4162 -0.3563 -0.3824 0.0349 1.2474 0.6507 329.9100 353.5079 -7.5216 212.6501 0.0000
5650.03 19.07.2018 03.10.01 24.55212 286.5229 -107.1159 -0.3043 -0.3933 0.1186 4.4897 2.3401 329.5362 353.3029 -6.9173 212.6474 0.0000
5660.03 19.07.2018 03.20.01 24.50451 286.5528 -91.8909 -0.2611 -0.4274 0.2217 8.1690 4.2601 329.3598 353.2995 -6.4494 212.6474 0.0000
5670.03 19.07.2018 03.30.01 24.46185 286.5812 -82.0567 -0.2331 -0.4793 0.3282 11.9180 6.2161 329.2647 353.4051 -6.1381 212.6474 0.0000
5680.03 19.07.2018 03.40.01 24.42251 286.6222 -75.2393 -0.2137 -0.5402 0.4353 15.6805 8.1791 329.2087 353.6170 -5.8905 212.6474 0.0000
5690.03 19.07.2018 03.50.01 24.38558 286.6720 -70.3997 -0.2000 -0.6068 0.5425 19.4452 10.1433 329.1813 353.9143 -5.7184 212.6474 0.0000
5700.03 19.07.2018 04.00.01 24.35046 286.7258 -66.4185 -0.1887 -0.6760 0.6498 23.2155 12.1105 329.1768 354.2758 -5.6420 212.6474 0.0000
5710.03 19.07.2018 04.10.01 24.31704 287.0749 -41.8108 -0.1188 -0.7457 0.8359 30.0571 15.6778 329.8421 355.1565 -4.5016 212.6485 0.0000
5720.03 19.07.2018 04.20.01 24.29156 287.4423 -22.2012 -0.0631 -0.8443 1.0417 37.3427 19.4793 330.7560 356.3216 -3.6588 212.6630 0.0000
5730.03 19.07.2018 04.30.01 24.27258 287.8180 -8.8487 -0.0251 -0.9633 1.2509 44.6991 23.3174 331.7763 357.6841 -3.0342 212.6774 0.0000
5740.03 19.07.2018 04.40.01 24.25829 288.1972 0.8695 0.0025 -1.0930 1.4607 52.0690 27.1626 332.8534 359.2109 -2.6037 212.6948 0.0000
5750.03 19.07.2018 04.50.01 24.24764 288.5787 8.5843 0.0244 -1.2285 1.6706 59.4413 31.0091 333.9729 360.8819 -2.3360 212.7211 0.0000
5760.03 19.07.2018 05.00.01 24.24005 288.9664 20.0263 0.0569 -1.3672 1.8988 67.1463 35.0226 335.1980 362.7119 -2.2179 212.7523 0.0000
5770.03 19.07.2018 05.10.01 24.23654 289.3505 25.4830 0.0724 -1.5143 2.1155 92.9798 48.1021 336.4408 364.9709 -2.8310 212.7918 0.0000
5780.03 19.07.2018 05.20.01 24.23547 289.7604 50.7247 0.1441 -1.6595 2.4048 154.7750 79.1710 338.0088 368.7456 -5.2088 212.8545 0.0000
5790.03 19.07.2018 05.30.01 24.24267 290.1849 71.2672 0.2025 -1.8327 2.7135 196.9920 100.4693 339.8254 373.8877 -8.9603 212.9328 0.0000
5800.03 19.07.2018 05.40.01 24.25686 290.6708 84.5679 0.2402 -2.0256 3.0211 191.4785 97.9105 342.2316 378.6948 -11.4505 213.0578 0.0000
5810.03 19.07.2018 05.50.01 24.27862 291.1009 489.9685 1.3920 -2.2268 4.8250 187.9450 95.3257 343.8608 382.3165 -12.5476 213.1958 0.0000
5820.03 19.07.2018 06.00.01 24.41638 291.6316 106.1119 0.3015 -3.0232 4.4329 180.6217 92.4272 346.1328 385.9073 -12.9655 213.4013 0.0000
5830.03 19.07.2018 06.10.01 24.44460 292.0212 38.1348 0.1083 -3.2186 4.4359 198.0584 101.3069 347.3670 389.2165 -11.3719 213.6104 0.0000
5840.03 19.07.2018 06.20.01 24.45318 292.4407 -10.2550 -0.0291 -3.3047 4.3674 216.6458 110.8668 349.2362 393.2186 -14.0138 213.8408 0.0000
5850.03 19.07.2018 06.30.01 24.44778 292.7514 -59.9083 -0.1702 -3.3115 4.1884 235.9170 120.8684 351.0023 396.6238 -22.0408 214.1194 0.0000
5860.03 19.07.2018 06.40.01 24.42806 293.4597 -112.9780 -0.3210 -3.2398 3.8917 247.6356 127.1486 354.0075 401.5162 -17.8343 214.4270 0.0000
5870.03 19.07.2018 06.50.01 24.39395 294.0148 -36.0490 -0.1024 -3.0824 3.9734 267.4382 137.9971 356.4904 407.2974 -18.4727 214.7509 0.0000
5880.03 19.07.2018 07.00.01 24.38284 294.3434 13.5770 0.0386 -3.0361 4.0995 282.3206 145.8713 358.3480 412.2344 -23.1919 215.0677 0.0000
5890.03 19.07.2018 07.10.01 24.38693 294.4939 63.1309 0.1793 -3.0570 4.3152 288.3145 149.2604 359.4258 416.9249 -25.6717 215.3346 0.0000
5900.03 19.07.2018 07.20.01 24.40630 294.2761 77.1394 0.2191 -3.1445 4.4849 318.7061 167.3594 359.4909 422.8722 -44.1796 215.5916 0.0000
5910.03 19.07.2018 07.30.01 24.43029 294.3293 91.6548 0.2604 -3.2467 4.6761 324.7566 170.8198 360.2544 424.7540 -55.7642 215.8762 0.0000
5920.03 19.07.2018 07.40.01 24.45938 294.8232 98.4061 0.2796 -3.3607 4.8537 335.6277 177.0990 361.7183 431.8145 -37.4707 216.1632 0.0000
5930.03 19.07.2018 07.50.01 24.49133 294.9633 102.5647 0.2914 -3.4720 5.0178 341.8166 180.5890 362.9550 434.2596 -55.9457 216.4735 0.0000
5940.03 19.07.2018 08.00.01 24.52584 294.9241 112.1316 0.3186 -3.5754 5.1920 347.6736 183.8638 363.5940 434.8859 -73.0137 216.8021 0.0000
5950.03 19.07.2018 08.10.01 24.56405 295.0844 109.7964 0.3119 -3.6806 5.3234 367.5462 194.6902 364.5528 438.2449 -71.6555 217.1373 0.0000
5960.03 19.07.2018 08.20.01 24.60269 295.2472 121.2504 0.3445 -3.7694 5.4851 388.4237 206.0713 365.8462 441.9434 -73.2071 217.4806 0.0000
5970.03 19.07.2018 08.30.01 24.64596 295.5089 137.8574 0.3916 -3.8606 5.6696 410.0067 217.8373 367.3759 446.1420 -75.6618 217.8338 0.0000
5980.03 19.07.2018 08.40.01 24.69546 295.7627 150.2534 0.4269 -3.9596 5.8486 429.0201 228.2326 368.9181 450.4370 -78.5039 218.2026 0.0000
5990.03 19.07.2018 08.50.01 24.74999 296.0136 150.2319 0.4268 -4.0593 5.9814 446.9103 238.0255 370.3081 454.7021 -81.7750 218.5912 0.0000
6000.03 19.07.2018 09.00.01 24.80605 296.2641 163.6599 0.4649 -4.1413 6.1417 465.0589 247.9342 371.7348 459.0895 -85.3648 219.0013 0.0000
6010.03 19.07.2018 09.10.01 24.86767 296.5063 190.2873 0.5406 -4.2261 6.3556 469.8960 250.6203 373.5811 463.0301 -85.0061 219.4263 0.0000
6020.03 19.07.2018 09.20.01 24.93841 296.7440 193.6885 0.5503 -4.3324 6.5102 472.9141 252.3097 375.3202 466.5928 -83.9703 219.8620 0.0000
6030.03 19.07.2018 09.30.01 25.01183 296.9732 203.7331 0.5788 -4.4252 6.6720 475.7362 253.8701 376.9653 469.9220 -84.5071 220.3062 0.0000
6040.03 19.07.2018 09.40.01 25.08969 297.2110 208.5703 0.5925 -4.5150 6.8101 478.9900 255.6535 378.5645 473.3093 -83.4926 220.7599 0.0000
6050.03 19.07.2018 09.50.01 25.17047 297.4531 218.8428 0.6217 -4.5942 6.9546 482.0890 257.3346 380.1623 476.6068 -82.4698 221.2255 0.0000
6060.03 19.07.2018 10.00.01 25.25564 297.6899 227.7754 0.6471 -4.6711 7.0910 484.1607 258.4136 381.6690 479.6439 -82.7262 221.7032 0.0000
6070.03 19.07.2018 10.10.01 25.34496 297.8672 242.7567 0.6896 -4.7437 7.2444 471.8240 251.6467 382.8181 481.6061 -71.5194 222.2235 0.0000
6080.03 19.07.2018 10.20.01 25.43994 298.4705 243.5944 0.6920 -4.8235 7.3541 457.9850 244.0473 383.8191 481.2208 -80.4371 222.8255 0.0000
6090.03 19.07.2018 10.30.01 25.53631 298.1460 237.8594 0.6757 -4.8892 7.4199 442.8466 235.7413 384.2351 478.7761 -92.4538 223.5131 0.0000
6100.03 19.07.2018 10.40.01 25.63214 298.3434 239.4316 0.6802 -4.9341 7.4858 429.9727 228.6554 386.5509 479.3977 -89.3391 224.2093 0.0000
6110.03 19.07.2018 10.50.01 25.72982 298.6625 246.8404 0.7013 -4.9659 7.5562 416.9720 221.4858 389.9039 479.2972 -88.7654 225.4013 0.0000
6120.03 19.07.2018 11.00.01 25.83071 299.1054 254.4099 0.7228 -4.9968 7.6261 403.4774 214.0217 393.9335 478.7849 -86.1401 226.4209 0.0000
6130.03 19.07.2018 11.10.01 25.93411 298.9075 175.0017 0.4972 -5.0269 7.3654 371.6280 196.8731 394.0656 478.0570 -72.7648 227.4274 0.0000
6140.03 19.07.2018 11.20.01 26.01406 298.6143 108.2103 0.3074 -4.9358 6.9910 337.1467 178.3305 393.1292 475.2582 -70.4789 228.5718 0.0000
6150.03 19.07.2018 11.30.01 26.07345 298.4771 68.3008 0.1940 -4.7556 6.5995 302.3836 159.6483 392.3093 470.6475 -74.8303 229.8367 0.0000
6160.03 19.07.2018 11.40.01 26.11987 298.4218 42.3162 0.1202 -4.5280 6.1977 269.0027 141.7273 393.1385 467.5268 -68.6195 231.0749 0.0000
6170.03 19.07.2018 11.50.01 26.15798 298.3780 29.2671 0.0831 -4.2684 5.8020 235.9618 124.0005 394.1991 463.1667 -65.0046 232.1480 0.0000
6180.03 19.07.2018 12.00.01 26.19171 298.4207 20.8193 0.0591 -3.9951 5.4057 203.1349 106.3999 395.1534 457.8859 -62.5134 233.0573 0.0000
6190.03 19.07.2018 12.10.01 26.22259 298.3067 54.3922 0.1545 -3.7185 5.1641 197.1093 103.2275 393.7367 454.5898 -58.0042 233.8727 0.0000
6200.03 19.07.2018 12.20.01 26.26260 298.2558 102.6107 0.2915 -3.5091 5.0675 194.5076 101.8751 392.8489 452.1940 -54.7665 234.6584 0.0000
6210.03 19.07.2018 12.30.01 26.31582 298.2203 127.4554 0.3621 -3.3844 4.9953 192.4209 100.7897 392.2527 450.2166 -52.0577 235.4257 0.0000
6220.03 19.07.2018 12.40.01 26.37563 298.1874 136.9057 0.3889 -3.3069 4.9277 190.4611 99.7694 391.7589 448.5099 -49.8177 236.1696 0.0000
6230.03 19.07.2018 12.50.01 26.43749 298.1547 138.4440 0.3933 -3.2523 4.8608 188.4829 98.7370 391.3070 446.9911 -47.9610 236.8922 0.0000
6240.03 19.07.2018 13.00.01 26.49914 298.1232 136.0510 0.3865 -3.2094 4.7945 186.4872 97.6908 390.8820 445.6262 -46.4303 237.6001 0.0000
6250.03 19.07.2018 13.10.01 26.55953 298.1371 159.1863 0.4522 -3.1735 4.8343 208.1976 109.3644 388.2477 445.7607 -48.5061 238.3258 0.0000
6260.03 19.07.2018 13.20.01 26.62591 298.1814 200.8544 0.5706 -3.1858 5.0086 232.6107 122.4425 386.0796 446.3943 -52.3156 239.1457 0.0000
6270.03 19.07.2018 13.30.01 26.70388 298.2586 222.7383 0.6328 -3.2704 5.2042 248.1055 131.0142 384.2577 447.2294 -55.9491 240.0584 0.0000
6280.03 19.07.2018 13.40.01 26.78787 298.3475 231.1015 0.6565 -3.3930 5.3994 270.4063 142.9634 382.5437 448.1784 -59.3417 241.1001 0.0000
6290.03 19.07.2018 13.50.01 26.87399 298.4718 234.8098 0.6671 -3.5315 5.5980 292.1123 154.5499 380.9942 449.5628 -62.9133 242.2710 0.0000
6300.03 19.07.2018 14.00.01 26.96102 298.5918 235.8203 0.6699 -3.6775 5.7967 312.7386 165.4920 379.6195 451.1508 -66.5842 243.5338 0.0000
6310.03 19.07.2018 14.10.01 27.04797 298.4454 197.2124 0.5603 -3.8263 5.8487 289.8829 152.7985 379.9602 450.3522 -65.3393 244.8424 0.0000
6320.03 19.07.2018 14.20.01 27.12274 298.3104 112.8854 0.3207 -3.9172 5.6505 273.1520 143.7879 379.4627 449.2588 -63.7337 246.1347 0.0000
6330.03 19.07.2018 14.30.01 27.17220 298.2025 66.0382 0.1876 -3.8874 5.4334 256.3428 134.7643 378.6814 447.5484 -62.1925 247.3796 0.0000
6340.03 19.07.2018 14.40.01 27.20703 298.0876 42.1857 0.1198 -3.7960 5.2211 239.4806 125.7341 377.7936 445.1561 -60.8687 248.5706 0.0000
6350.03 19.07.2018 14.50.01 27.23400 297.9280 31.0670 0.0883 -3.6782 5.0220 223.3045 117.0954 376.8056 442.4146 -59.3242 249.7061 0.0000
6360.03 19.07.2018 15.00.01 27.25683 297.8026 17.4111 0.0495 -3.5531 4.8034 206.8531 108.3202 375.7035 439.5993 -57.0862 250.7925 0.0000
6370.03 19.07.2018 15.10.01 27.27490 297.6151 7.0508 0.0200 -3.4195 4.5861 194.0977 101.5316 374.6784 437.2505 -53.8107 251.3173 0.0000
6380.03 19.07.2018 15.20.01 27.28927 297.4342 5.2881 0.0150 -3.2788 4.3918 181.8092 94.9860 373.6919 434.8354 -50.7437 251.8184 0.0000
6390.03 19.07.2018 15.30.01 27.30239 297.2551 2.8578 0.0081 -3.1451 4.2042 170.3421 88.9226 372.7181 432.4978 -47.8347 252.2942 0.0000
6400.03 19.07.2018 15.40.01 27.31405 297.0734 -1.0223 -0.0029 -3.0170 4.0188 157.8332 82.2775 371.7504 430.0390 -44.8687 252.7416 0.0000
6410.03 19.07.2018 15.50.01 27.32375 296.8911 -4.4759 -0.0127 -2.8919 3.8389 146.6750 76.4351 370.7875 427.7363 -42.1008 253.1592 0.0000
6420.03 19.07.2018 16.00.01 27.33178 296.7092 -10.7005 -0.0304 -2.7713 3.6545 135.6805 70.6957 369.8016 425.4398 -39.3953 253.5516 0.0000
6430.03 19.07.2018 16.10.01 27.33718 296.6053 -14.1170 -0.0401 -2.6503 3.4803 133.2802 69.3495 368.1942 423.3320 -37.5987 253.9222 0.0000
6440.03 19.07.2018 16.20.01 27.34091 296.5034 -0.3600 -0.0010 -2.5341 3.3775 132.5136 68.8705 366.7534 421.5376 -36.7507 254.3008 0.0000
6450.03 19.07.2018 16.30.01 27.34786 296.4142 8.0403 0.0228 -2.4480 3.2945 132.1407 68.5946 365.4171 420.0360 -35.5289 254.7231 0.0000
6460.03 19.07.2018 16.40.01 27.35674 296.3204 33.1116 0.0941 -2.3831 3.3029 126.0807 65.4296 364.1516 418.4619 -34.2299 255.1614 0.0000
6470.03 19.07.2018 16.50.01 27.37249 296.2253 60.5225 0.1719 -2.3641 3.3813 125.8379 65.1444 362.9222 416.9084 -33.2966 255.6145 0.0000
6480.03 19.07.2018 17.00.01 27.39575 296.1331 82.8280 0.2353 -2.3927 3.5040 125.5976 64.8092 361.6985 415.5072 -32.5798 256.0878 0.0000
6490.03 19.07.2018 17.10.01 27.42465 295.8965 33.7426 0.0959 -2.4610 3.4092 116.1045 59.8078 360.5818 413.6701 -31.3066 256.5576 0.0000
6500.03 19.07.2018 17.20.01 27.43832 295.6534 -19.9080 -0.0566 -2.4619 3.2071 104.6804 53.7888 359.2632 411.5215 -29.2200 256.9589 0.0000
6510.03 19.07.2018 17.30.01 27.43557 295.4102 -59.6506 -0.1695 -2.3924 2.9639 92.8866 47.5951 357.8000 409.2793 -26.9452 257.2912 0.0000
6520.03 19.07.2018 17.40.01 27.42007 295.1828 -96.1823 -0.2732 -2.2748 2.6688 76.7134 39.2514 356.2820 406.9256 -23.5811 257.5562 0.0000
6530.03 19.07.2018 17.50.01 27.39266 294.9465 -129.6235 -0.3682 -2.1152 2.3292 65.3604 33.3320 354.5762 404.3675 -20.4512 257.7683 0.0000
6540.03 19.07.2018 18.00.01 27.35433 294.7204 -157.2268 -0.4467 -1.9190 1.9631 52.6525 26.7564 352.8789 401.7857 -17.5879 257.9398 0.0000
6550.03 19.07.2018 18.10.01 27.30688 294.3615 -135.9027 -0.3861 -1.6954 1.7457 45.3713 22.9892 351.2367 399.3494 -15.9696 258.0750 0.0000
6560.03 19.07.2018 18.20.01 27.26446 294.0103 -127.9689 -0.3635 -1.5193 1.5409 36.7180 18.5707 349.7308 396.9703 -14.5507 258.1867 0.0000
6570.03 19.07.2018 18.30.01 27.22296 293.6635 -172.3693 -0.4897 -1.3682 1.1714 30.3731 15.4187 348.3093 394.6045 -13.2296 258.2855 0.0000
6580.03 19.07.2018 18.40.01 27.16735 293.3189 -201.6512 -0.5729 -1.1630 0.7868 22.7111 11.6239 346.8867 392.2476 -12.0714 258.3577 0.0000
6590.03 19.07.2018 18.50.01 27.10198 292.9756 -216.8181 -0.6160 -0.9273 0.4151 15.1030 7.8440 345.4454 389.8432 -10.8758 258.4041 0.0000
6600.03 19.07.2018 19.00.01 27.03149 292.6347 -171.4698 -0.4871 -0.6836 0.2620 8.3587 4.3624 344.0386 387.4308 -9.7400 258.4312 0.0000
6610.03 19.07.2018 19.10.01 26.97323 292.2747 -134.7782 -0.3829 -0.5218 0.1852 6.2507 3.2618 342.5529 385.2116 -9.0868 258.4456 0.0000
6620.03 19.07.2018 19.20.01 26.92477 291.9231 -112.0702 -0.3184 -0.4265 0.1441 4.9162 2.5657 341.1853 383.1697 -8.6751 258.4600 0.0000
6630.03 19.07.2018 19.30.01 26.88217 291.5730 -103.0693 -0.2928 -0.3749 0.1095 3.7175 1.9402 339.8771 381.2147 -8.4161 258.4744 0.0000
6640.03 19.07.2018 19.40.01 26.84152 291.2205 -101.4957 -0.2883 -0.3453 0.0759 2.5435 1.3277 338.5778 379.3188 -8.2645 258.4807 0.0000
6650.03 19.07.2018 19.50.01 26.80068 290.8743 -103.5775 -0.2943 -0.3262 0.0426 1.3740 0.7175 337.2838 377.4778 -8.1763 258.4807 0.0000
6660.03 19.07.2018 20.00.01 26.75860 290.5227 -107.3159 -0.3049 -0.3119 0.0094 0.2069 0.1086 335.9809 375.6701 -8.1766 258.4807 0.0000
6670.03 19.07.2018 20.10.01 26.71487 290.3230 -104.6980 -0.2974 -0.2987 0.0017 0.0348 0.0181 335.1244 374.1388 -7.3483 258.4807 0.0000
6680.03 19.07.2018 20.20.01 26.67159 290.1410 -103.0615 -0.2928 -0.2930 0.0003 0.0065 0.0034 334.3599 372.7576 -6.6563 258.4807 0.0000
6690.03 19.07.2018 20.30.01 26.62853 289.9631 -102.9723 -0.2925 -0.2926 0.0001 0.0011 0.0006 333.6321 371.4795 -6.0819 258.4807 0.0000
6700.03 19.07.2018 20.40.01 26.58523 289.7875 -103.9558 -0.2953 -0.2953 0.0000 0.0002 0.0001 332.9279 370.2854 -5.6091 258.4807 0.0000
6710.03 19.07.2018 20.50.01 26.54128 289.6126 -105.4411 -0.2995 -0.2995 0.0000 0.0000 0.0000 332.2379 369.1595 -5.2294 258.4807 0.0000
6720.03 19.07.2018 21.00.01 26.49661 289.4420 -107.3422 -0.3049 -0.3049 0.0000 0.0000 0.0000 331.5626 368.0934 -4.9180 258.4807 0.0000
6730.03 19.07.2018 21.10.01 26.45114 289.2259 -109.6001 -0.3114 -0.3114 0.0000 0.0000 0.0000 331.1083 367.0597 -4.9486 258.4807 0.0000
6740.03 19.07.2018 21.20.01 26.40469 289.0138 -112.1731 -0.3187 -0.3187 0.0000 0.0000 0.0000 330.6723 366.0689 -5.0177 258.4807 0.0000
6750.03 19.07.2018 21.30.01 26.35720 288.8014 -114.7732 -0.3261 -0.3261 0.0000 0.0000 0.0000 330.2403 365.1124 -5.1272 258.4807 0.0000
6760.03 19.07.2018 21.40.01 26.30856 288.5886 -117.1708 -0.3329 -0.3329 0.0000 0.0000 0.0000 329.8179 364.1845 -5.2818 258.4807 0.0000
6770.03 19.07.2018 21.50.01 26.25894 288.3775 -119.5731 -0.3397 -0.3397 0.0000 0.0000 0.0000 329.4036 363.2838 -5.4574 258.4782 0.0000
6780.03 19.07.2018 22.00.01 26.20831 288.1677 -121.8620 -0.3462 -0.3462 0.0000 0.0000 0.0000 328.9964 362.4060 -5.6564 258.4740 0.0000
6790.03 19.07.2018 22.10.01 26.15676 287.9701 -124.0336 -0.3524 -0.3524 0.0000 0.0000 0.0000 327.6970 361.4582 -5.7104 258.4669 0.0000
6800.03 19.07.2018 22.20.01 26.10424 287.7689 -126.4249 -0.3592 -0.3592 0.0000 0.0000 0.0000 326.3354 360.4790 -5.7403 258.4586 0.0000
6810.03 19.07.2018 22.30.01 26.05068 287.5690 -128.9474 -0.3663 -0.3663 0.0000 0.0000 0.0000 324.9831 359.4887 -5.7454 258.4483 0.0000
6820.03 19.07.2018 22.40.01 25.99609 287.3724 -131.6050 -0.3739 -0.3739 0.0000 0.0000 0.0000 323.6281 358.4911 -5.7319 258.4350 0.0000
6830.03 19.07.2018 22.50.01 25.94042 287.1732 -134.2035 -0.3813 -0.3813 0.0000 0.0000 0.0000 322.2753 357.4880 -5.7252 258.4193 0.0000
6840.03 19.07.2018 23.00.01 25.88372 286.9737 -136.5732 -0.3880 -0.3880 0.0000 0.0000 0.0000 320.9307 356.4809 -5.7166 258.4028 0.0000
6850.03 19.07.2018 23.10.01 25.82601 286.7616 -138.8783 -0.3945 -0.3945 0.0000 0.0000 0.0000 320.0525 355.5435 -5.7142 258.3855 0.0000
6860.03 19.07.2018 23.20.01 25.76736 286.5723 -141.1501 -0.4010 -0.4010 0.0000 0.0000 0.0000 319.2604 354.6473 -5.6788 258.3648 0.0000
6870.03 19.07.2018 23.30.01 25.70773 286.3878 -143.4834 -0.4076 -0.4076 0.0000 0.0000 0.0000 318.4654 353.7526 -5.7246 258.3432 0.0000
6880.03 19.07.2018 23.40.01 25.64709 286.2108 -145.8727 -0.4144 -0.4144 0.0000 0.0000 0.0000 317.6504 352.8589 -5.8365 258.3186 0.0000
6890.03 19.07.2018 23.50.01 25.58535 285.9898 -148.5580 -0.4220 -0.4220 0.0000 0.0000 0.0000 316.7726 351.9102 -6.1914 258.2941 0.0000
6900.03 20.07.2018 00.00.01 25.52249 285.7440 -151.5718 -0.4306 -0.4306 0.0000 0.0000 0.0000 315.9207 350.9403 -6.6573 258.2652 0.0000
6910.03 20.07.2018 00.10.01 25.45846 285.5931 -154.2393 -0.4382 -0.4382 0.0000 0.0000 0.0000 314.9692 350.0682 -6.4227 258.2344 0.0000
6920.03 20.07.2018 00.20.01 25.39346 285.4492 -155.6714 -0.4422 -0.4422 0.0000 0.0000 0.0000 314.0065 349.2152 -6.1830 258.2035 0.0000
6930.03 20.07.2018 00.30.01 25.32791 285.3073 -156.4046 -0.4443 -0.4443 0.0000 0.0000 0.0000 313.0409 348.3786 -5.9468 258.1711 0.0000
6940.03 20.07.2018 00.40.01 25.26199 285.1480 -156.9374 -0.4458 -0.4458 0.0000 0.0000 0.0000 312.0855 347.5360 -5.7918 258.1333 0.0000
6950.03 20.07.2018 00.50.01 25.19607 284.9883 -157.9476 -0.4487 -0.4487 0.0000 0.0000 0.0000 311.1381 346.7037 -5.6524 258.0954 0.0000
6960.03 20.07.2018 01.00.01 25.12960 284.8272 -158.5204 -0.4503 -0.4503 0.0000 0.0000 0.0000 310.2053 345.8817 -5.5250 258.0576 0.0000
6970.03 20.07.2018 01.10.01 25.06280 284.6702 -159.0766 -0.4519 -0.4519 0.0000 0.0000 0.0000 309.5703 345.1005 -5.4437 258.0193 0.0000
6980.03 20.07.2018 01.20.01 24.99597 284.5164 -159.7892 -0.4539 -0.4539 0.0000 0.0000 0.0000 308.9701 344.3405 -5.4025 257.9808 0.0000
6990.03 20.07.2018 01.30.01 24.92910 284.3627 -160.4042 -0.4557 -0.4557 0.0000 0.0000 0.0000 308.3901 343.5926 -5.4046 257.9421 0.0000
7000.03 20.07.2018 01.40.01 24.86199 284.2085 -160.6519 -0.4564 -0.4564 0.0000 0.0000 0.0000 307.8416 342.8627 -5.4320 257.9032 0.0000
7010.03 20.07.2018 01.50.01 24.79464 284.0493 -160.6696 -0.4564 -0.4564 0.0000 0.0000 0.0000 307.3094 342.1402 -5.5051 257.8643 0.0000
7020.03 20.07.2018 02.00.01 24.72717 283.8990 -160.6854 -0.4565 -0.4565 0.0000 0.0003 0.0002 306.7777 341.4401 -5.5501 257.8258 0.0000
7030.03 20.07.2018 02.10.01 24.65948 283.7783 -159.3481 -0.4527 -0.4567 0.0053 0.2060 0.1073 306.6027 340.8501 -5.4419 257.7869 0.0000
7040.03 20.07.2018 02.20.01 24.59228 283.6672 -159.2513 -0.4524 -0.4613 0.0119 0.4413 0.2301 306.4444 340.2999 -5.3833 257.7483 0.0000
7050.03 20.07.2018 02.30.01 24.52502 283.5521 -159.5140 -0.4532 -0.4672 0.0187 0.6813 0.3553 306.2723 339.7677 -5.3923 257.7098 0.0000
7060.03 20.07.2018 02.40.01 24.45757 283.4297 -160.1509 -0.4550 -0.4741 0.0255 0.9222 0.4810 306.0971 339.2464 -5.4667 257.6713 0.0000
7070.03 20.07.2018 02.50.01 24.38995 283.3005 -160.9917 -0.4574 -0.4817 0.0324 1.1633 0.6068 305.9284 338.7349 -5.5950 257.6338 0.0000
7080.03 20.07.2018 03.00.01 24.32189 283.1704 -161.5937 -0.4591 -0.4886 0.0394 1.4088 0.7349 305.7729 338.2375 -5.7631 257.5991 0.0000
7090.03 20.07.2018 03.10.01 24.25372 283.2130 -144.1191 -0.4094 -0.4948 0.1138 4.2835 2.2328 305.5065 338.0208 -5.2478 257.5611 0.0000
7100.03 20.07.2018 03.20.01 24.19091 283.2701 -130.8273 -0.3717 -0.5254 0.2050 7.5382 3.9312 305.4083 337.9582 -4.8672 257.5256 0.0000
7110.03 20.07.2018 03.30.01 24.13229 283.3345 -122.8008 -0.3489 -0.5732 0.2992 10.8534 5.6609 305.4032 338.0020 -4.5774 257.4928 0.0000
7120.03 20.07.2018 03.40.01 24.07629 283.3999 -117.5685 -0.3340 -0.6294 0.3939 14.1804 7.3967 305.4514 338.1240 -4.4118 257.4625 0.0000
7130.03 20.07.2018 03.50.01 24.02215 283.4694 -113.9581 -0.3237 -0.6902 0.4886 17.5093 9.1335 305.5373 338.3195 -4.3214 257.4338 0.0000
7140.03 20.07.2018 04.00.01 23.96932 283.5473 -110.9679 -0.3152 -0.7528 0.5834 20.8382 10.8704 305.6421 338.5899 -4.2486 257.4099 0.0000
7150.03 20.07.2018 04.10.01 23.91760 283.9114 -110.0109 -0.3125 -0.8163 0.6717 23.9145 12.4756 306.2648 339.1832 -2.9447 257.3861 0.0000
7160.03 20.07.2018 04.20.01 23.86654 284.2679 -108.4113 -0.3080 -0.8768 0.7584 26.9543 14.0616 306.9655 339.8784 -1.8563 257.3618 0.0000
7170.03 20.07.2018 04.30.01 23.81637 284.6092 -106.0652 -0.3013 -0.9350 0.8449 29.9883 15.6446 307.7121 340.6527 -0.9414 257.3374 0.0000
7180.03 20.07.2018 04.40.01 23.76730 284.9450 -103.3060 -0.2935 -0.9919 0.9312 33.0211 17.2269 308.5027 341.5042 -0.1304 257.3130 0.0000
7190.03 20.07.2018 04.50.01 23.71945 285.2788 -100.0500 -0.2842 -1.0474 1.0176 36.0538 18.8092 309.3469 342.4337 0.6189 257.2886 0.0000
