# simtime date time IndoorTemp Av_Tair_at_facade Energyflux.toIndoor.sum  Energyflux.toIndoor.average Energyflux.Conduction.average Energyflux.SW.transmission.average Shortwave.availabe Shortwave.absorbed Longwave.available Longwave.emittedFacade Sensible.outside Vapour.fromGreening Vapour.fromSubstrate
10.02 15.07.2018 05.10.00 20.23690 288.7556 3716.3853 11.9115 -2.3491 19.0142 269.3264 123.9054 327.3185 373.1436 -18.3568 0.1920 0.0000
20.02 15.07.2018 05.20.00 21.54388 289.7327 4515.8403 14.4738 -9.3525 31.7685 461.1525 212.4847 332.9627 384.2622 -26.4696 0.9692 0.0000
30.03 15.07.2018 05.30.01 23.15984 290.7234 4228.1445 13.5517 -17.4731 41.3665 647.5214 300.3997 339.2319 400.2400 -39.9536 2.2910 0.0000
40.03 15.07.2018 05.40.01 24.65533 291.6049 741.0264 2.3751 -24.6026 35.9702 599.1158 280.2116 344.0256 414.6189 -51.0115 3.2907 0.0000
50.03 15.07.2018 05.50.01 24.94152 291.9288 -1029.9351 -3.3011 -25.1910 29.1866 541.1041 255.4898 345.4880 422.4859 -60.2634 4.2484 0.0000
60.03 15.07.2018 06.00.01 24.60629 292.2260 -1657.0253 -5.3110 -22.6249 23.0853 505.6426 243.5543 346.4116 430.6304 -69.6878 5.1310 0.0000
70.03 15.07.2018 06.10.01 24.04556 292.4093 -1656.3013 -5.3087 -19.0760 18.3565 474.4203 230.7412 347.2703 434.0356 -74.3248 5.9381 0.0000
80.03 15.07.2018 06.20.01 23.47531 292.6349 -1557.9623 -4.9935 -15.6762 14.2436 448.8124 220.4734 348.7509 436.6311 -77.7415 6.7054 0.0000
90.03 15.07.2018 06.30.01 22.93099 292.8884 -1474.3278 -4.7254 -12.5672 10.4557 425.9826 211.3636 350.2506 438.2559 -79.6903 7.4563 0.0000
100.03 15.07.2018 06.40.01 22.41046 293.1855 -1356.3000 -4.3471 -9.7015 7.1392 412.5152 206.7068 351.9734 439.5695 -80.2316 8.1946 0.0000
110.03 15.07.2018 06.50.01 21.93636 293.4926 -757.2830 -2.4272 -7.1658 6.3181 406.7746 204.7597 353.8455 441.1387 -80.9551 8.9290 0.0000
120.03 15.07.2018 07.00.01 21.67297 293.7186 -264.4701 -0.8477 -5.7797 6.5761 403.3371 203.3850 354.8877 442.5376 -81.9452 9.6460 0.0000
130.03 15.07.2018 07.10.01 21.58135 293.9463 -89.9341 -0.2883 -5.2860 6.6637 403.3820 203.9169 355.3379 444.5010 -77.3978 10.1316 0.0000
140.03 15.07.2018 07.20.01 21.55319 294.2347 17.4552 0.0559 -5.0931 6.8655 423.5198 216.3865 356.7877 449.6046 -76.7309 10.5176 0.0000
150.03 15.07.2018 07.30.01 21.56475 294.5827 62.8381 0.2014 -5.0693 7.0276 475.1236 247.7762 358.6498 460.3658 -80.7878 10.9174 0.0000
160.03 15.07.2018 07.40.01 21.59521 294.9931 109.5382 0.3511 -5.1010 7.2694 477.9764 249.6416 360.4249 464.0395 -79.0466 11.3275 0.0000
170.03 15.07.2018 07.50.01 21.64431 295.3658 127.0908 0.4073 -5.1882 7.4607 486.3787 254.8891 362.2315 468.4291 -78.8361 11.7105 0.0000
180.03 15.07.2018 08.00.01 21.70162 295.7553 119.7872 0.3839 -5.2774 7.5485 495.8982 260.9142 364.0075 473.0288 -79.3515 12.1078 0.0000
190.03 15.07.2018 08.10.01 21.75958 296.1627 168.7195 0.5408 -5.3337 7.8327 496.8203 261.6151 366.1838 476.7952 -77.2951 12.5104 0.0000
200.03 15.07.2018 08.20.01 21.83615 296.4466 173.7773 0.5570 -5.4538 8.0144 496.2933 261.5525 368.1933 479.4238 -81.9223 12.9185 0.0000
210.03 15.07.2018 08.30.01 21.91693 296.6604 196.3530 0.6293 -5.5593 8.2516 495.7098 261.3984 370.3340 481.0143 -88.9148 13.3308 0.0000
220.03 15.07.2018 08.40.01 22.00759 296.9231 194.4295 0.6232 -5.6776 8.4011 496.0248 261.7345 372.6812 482.8977 -88.2164 13.7351 0.0000
230.03 15.07.2018 08.50.01 22.10003 297.2837 201.4756 0.6458 -5.7652 8.5479 495.8547 261.7823 375.0718 484.7914 -87.5690 14.1179 0.0000
240.03 15.07.2018 09.00.01 22.19750 297.6359 222.2135 0.7122 -5.8400 8.7364 495.0881 261.4293 377.3825 486.4504 -87.9658 14.4835 0.0000
250.03 15.07.2018 09.10.01 22.30389 297.5801 211.7139 0.6786 -5.9290 8.8100 490.6398 259.1121 378.4965 488.3326 -78.3669 14.8546 0.0000
260.03 15.07.2018 09.20.01 22.40823 298.1406 243.0233 0.7789 -5.9919 9.0277 487.1031 257.1928 379.4534 489.0380 -80.9518 15.2542 0.0000
270.03 15.07.2018 09.30.01 22.52581 298.0796 284.1759 0.9108 -6.0846 9.3272 483.8314 255.3475 380.2470 487.1606 -95.4193 15.7124 0.0000
280.03 15.07.2018 09.40.01 22.66042 298.2368 297.1484 0.9524 -6.2241 9.5686 481.9091 254.2316 382.7614 488.1989 -92.1680 16.1557 0.0000
290.03 15.07.2018 09.50.01 22.80099 298.4226 309.4992 0.9920 -6.3743 9.8217 479.6923 252.9271 385.5297 488.0986 -96.6660 16.5409 0.0000
300.03 15.07.2018 10.00.01 22.94671 298.5965 313.7723 1.0057 -6.5361 10.0558 476.4622 251.0340 386.7997 486.5198 -104.8431 16.8828 0.0000
310.03 15.07.2018 10.10.01 23.09420 298.9040 250.8599 0.8040 -6.6801 9.9788 474.1397 249.8654 388.2978 487.0219 -101.4236 17.2394 0.0000
320.03 15.07.2018 10.20.01 23.22146 299.2122 256.4771 0.8220 -6.6992 10.0283 472.6350 249.0567 390.0549 487.9160 -98.6758 17.5690 0.0000
330.03 15.07.2018 10.30.01 23.35119 299.3769 234.4369 0.7514 -6.7138 9.9536 469.6532 247.4899 390.8294 488.6125 -96.9594 17.9027 0.0000
340.03 15.07.2018 10.40.01 23.47445 299.5016 236.5884 0.7583 -6.6752 9.9113 467.6989 246.4429 390.7744 489.6846 -93.3139 18.2753 0.0000
350.03 15.07.2018 10.50.01 23.60031 299.6264 239.9858 0.7692 -6.6219 9.8548 465.2742 245.1282 391.1264 490.4564 -92.6063 19.0657 0.0000
360.03 15.07.2018 11.00.01 23.72762 299.7887 247.9351 0.7947 -6.5730 9.8236 462.2630 243.4357 391.5901 490.9270 -92.4737 19.9090 0.0000
370.03 15.07.2018 11.10.01 23.85778 299.8838 251.3700 0.8057 -6.5399 9.7941 456.6204 240.3219 392.5233 491.1667 -91.4886 20.7618 0.0000
380.03 15.07.2018 11.20.01 23.98879 300.0429 251.8307 0.8071 -6.5151 9.7630 450.6801 237.0311 393.4751 491.2223 -90.7922 21.6020 0.0000
390.03 15.07.2018 11.30.01 24.11987 300.2044 249.4193 0.7994 -6.4931 9.7233 444.3816 233.5342 394.4090 491.0510 -90.3942 22.4265 0.0000
400.03 15.07.2018 11.40.01 24.24978 300.4102 233.2598 0.7476 -6.4696 9.6230 438.4256 230.2315 395.3979 490.5586 -90.5931 23.2006 0.0000
410.03 15.07.2018 11.50.01 24.37356 300.5626 236.4985 0.7580 -6.4243 9.5765 432.7307 227.0297 396.0202 490.1637 -90.3878 23.9386 0.0000
420.03 15.07.2018 12.00.01 24.49780 300.7629 223.0733 0.7150 -6.3894 9.4725 425.7381 223.1089 396.5936 489.5337 -89.9009 24.6514 0.0000
430.03 15.07.2018 12.10.01 24.61730 300.6817 237.9875 0.7628 -6.3335 9.4618 417.9116 218.6972 396.2044 489.7301 -85.6066 25.4048 0.0000
440.03 15.07.2018 12.20.01 24.74209 300.5933 243.1823 0.7794 -6.3043 9.4449 412.5671 215.7810 395.5940 489.9277 -84.2496 26.2712 0.0000
450.03 15.07.2018 12.30.01 24.86810 300.5723 236.6057 0.7584 -6.2897 9.3975 409.1852 214.0739 394.7957 489.2440 -86.8091 27.2646 0.0000
460.03 15.07.2018 12.40.01 24.99127 300.6959 232.2734 0.7445 -6.2707 9.3536 406.5177 212.7252 394.3130 488.7875 -85.9453 28.3846 0.0000
470.03 15.07.2018 12.50.01 25.11297 300.8340 287.9256 0.9228 -6.2526 9.5672 406.0060 212.4037 394.3345 488.2799 -87.5802 29.6164 0.0000
480.03 15.07.2018 13.00.01 25.25311 300.9329 261.3874 0.8378 -6.3351 9.5639 402.6484 210.5994 394.2954 487.1934 -90.2113 30.9555 0.0000
490.03 15.07.2018 13.10.01 25.38357 301.0080 229.4179 0.7353 -6.3726 9.4772 396.4826 207.3665 394.2075 486.6866 -87.7163 32.3235 0.0000
500.03 15.07.2018 13.20.01 25.50201 301.0625 186.9315 0.5991 -6.3606 9.2797 388.9831 203.4481 394.0628 486.0269 -84.9183 33.6894 0.0000
510.03 15.07.2018 13.30.01 25.60449 301.1002 157.2014 0.5039 -6.2816 9.0473 380.9133 199.2234 393.8083 485.2874 -81.9736 35.0429 0.0000
520.03 15.07.2018 13.40.01 25.69549 301.1422 137.3852 0.4403 -6.1609 8.8016 373.2227 195.1924 393.4847 484.5636 -78.8239 36.3807 0.0000
530.03 15.07.2018 13.50.01 25.77850 301.1866 142.1826 0.4557 -6.0174 8.6308 366.0040 191.3670 393.2429 483.9053 -75.7108 37.6999 0.0000
540.03 15.07.2018 14.00.01 25.86205 301.2226 126.0523 0.4040 -5.8937 8.3969 357.5195 186.8485 392.9170 483.0880 -72.5790 39.0021 0.0000
550.03 15.07.2018 14.10.01 25.93945 301.2764 165.7329 0.5312 -5.7538 8.3800 324.3878 167.9640 393.2594 479.7667 -63.7628 40.2641 0.0000
560.03 15.07.2018 14.20.01 26.02923 301.2835 120.4684 0.3861 -5.6912 8.1031 307.0903 158.8490 393.1763 478.4704 -58.1398 41.4744 0.0000
570.03 15.07.2018 14.30.01 26.10275 301.3108 122.2584 0.3919 -5.5572 7.9321 290.7081 150.1737 393.1900 477.0964 -53.2559 42.6156 0.0000
580.03 15.07.2018 14.40.01 26.17626 301.3554 152.6387 0.4892 -5.4389 7.9041 274.9370 141.7669 393.4537 475.7233 -48.4822 43.6924 0.0000
590.03 15.07.2018 14.50.01 26.25915 301.3872 122.8858 0.3939 -5.3814 7.7004 257.4899 132.5364 393.4833 473.9879 -44.0585 44.7111 0.0000
600.03 15.07.2018 15.00.01 26.33102 301.4133 108.3504 0.3473 -5.2789 7.5015 239.9834 123.2642 393.3495 471.9819 -40.0650 45.6618 0.0000
610.03 15.07.2018 15.10.01 26.39630 301.3704 81.3847 0.2608 -5.1661 7.2359 230.3074 118.1822 392.4712 469.6128 -40.9966 46.1337 0.0000
620.03 15.07.2018 15.20.01 26.45144 301.2519 95.8989 0.3074 -5.0196 7.1027 218.5546 111.7169 391.6795 466.5490 -42.0334 46.6365 0.0000
630.03 15.07.2018 15.30.01 26.50994 301.0655 93.7542 0.3005 -4.9163 6.9557 200.3016 101.3658 390.8662 462.1754 -42.3351 47.1454 0.0000
640.03 15.07.2018 15.40.01 26.56664 300.8629 113.0726 0.3624 -4.8225 6.9132 192.5018 97.2257 390.1693 459.2680 -43.4459 47.6540 0.0000
650.03 15.07.2018 15.50.01 26.62875 300.6730 100.8960 0.3234 -4.7756 6.7986 184.1370 92.8211 389.3887 456.1724 -44.4107 48.1611 0.0000
660.03 15.07.2018 16.00.01 26.68566 300.4291 92.4830 0.2964 -4.7180 6.6859 175.8451 88.4581 388.3766 452.9248 -44.9616 48.7252 0.0000
670.03 15.07.2018 16.10.01 26.73773 300.2291 2.3896 0.0077 -4.6595 6.2228 166.1045 83.4651 386.1816 449.9024 -42.0432 49.3099 0.0000
680.03 15.07.2018 16.20.01 26.75671 300.0285 -41.6471 -0.1335 -4.4603 5.7691 156.4952 78.5414 383.7700 446.7795 -39.8747 49.9618 0.0000
690.03 15.07.2018 16.30.01 26.75829 299.8499 -35.4907 -0.1138 -4.2085 5.4596 147.9326 74.1124 381.5757 443.7653 -37.9033 50.6314 0.0000
700.03 15.07.2018 16.40.01 26.76068 299.6802 81.8641 0.2624 -3.9934 5.6743 137.7825 68.3705 379.4540 440.4976 -35.3830 51.2911 0.0000
710.03 15.07.2018 16.50.01 26.80154 299.5971 122.7263 0.3934 -4.0113 5.8728 130.7316 64.4826 377.3722 437.8112 -32.8521 51.9350 0.0000
720.03 15.07.2018 17.00.01 26.85537 299.4239 125.0255 0.4007 -4.1149 6.0209 123.5371 60.5189 375.2030 434.9929 -30.7843 52.5643 0.0000
730.03 15.07.2018 17.10.01 26.90933 299.1686 149.0679 0.4778 -4.2330 6.2810 118.8548 57.8528 373.5066 432.4831 -28.9045 53.1713 0.0000
740.03 15.07.2018 17.20.01 26.97070 298.9231 147.9731 0.4743 -4.4037 6.5040 114.3663 55.3072 371.8934 430.0889 -27.2591 53.7571 0.0000
750.03 15.07.2018 17.30.01 27.03088 298.6862 132.2058 0.4237 -4.5791 6.6705 109.7979 52.7492 370.2915 427.7486 -25.7722 54.3276 0.0000
760.03 15.07.2018 17.40.01 27.08486 298.4557 107.3551 0.3441 -4.7339 6.7707 104.6132 49.9370 368.7304 425.4629 -24.4216 54.8877 0.0000
770.03 15.07.2018 17.50.01 27.12924 298.2298 72.4998 0.2324 -4.8516 6.7786 98.9756 46.9384 367.1598 423.1548 -23.1260 55.4381 0.0000
780.03 15.07.2018 18.00.01 27.16061 298.0047 42.8584 0.1374 -4.9161 6.7380 93.1281 43.8586 365.5583 420.8294 -21.8956 55.9799 0.0000
790.03 15.07.2018 18.10.01 27.17986 297.4697 -46.9542 -0.1505 -4.9428 6.3898 84.1378 39.4189 363.8083 418.2032 -22.1905 56.5016 0.0000
800.03 15.07.2018 18.20.01 27.16549 296.9383 -131.2986 -0.4208 -4.8317 5.8812 73.1727 34.0703 361.9710 415.3445 -22.0930 56.9812 0.0000
810.03 15.07.2018 18.30.01 27.11910 296.4079 -206.9486 -0.6633 -4.5955 5.2430 62.0365 28.7119 360.2131 412.3295 -21.7174 57.3792 0.0000
820.03 15.07.2018 18.40.01 27.04144 295.8799 -539.7273 -1.7299 -4.2511 3.3616 43.9167 20.5287 358.4040 408.9624 -20.8240 57.7101 0.0000
830.03 15.07.2018 18.50.01 26.84612 295.3573 -667.5850 -2.1397 -3.3349 1.5935 27.5137 13.2635 356.5901 405.5597 -19.6109 57.9537 0.0000
840.03 15.07.2018 19.00.01 26.60449 294.8315 -501.3299 -1.6068 -2.2313 0.8326 12.8067 6.2275 354.7589 402.0386 -18.1460 58.1198 0.0000
850.03 15.07.2018 19.10.01 26.41732 294.1838 -315.8555 -1.0124 -1.4718 0.6126 9.8234 4.7651 352.9671 398.6405 -17.3282 58.2115 0.0000
860.03 15.07.2018 19.20.01 26.29183 293.5447 -217.8310 -0.6982 -1.0762 0.5040 8.1112 3.9237 351.1898 395.5959 -16.9876 58.2727 0.0000
870.03 15.07.2018 19.30.01 26.19888 292.9117 -174.6931 -0.5599 -0.8715 0.4155 6.5909 3.1768 349.4386 392.7092 -16.8104 58.3214 0.0000
880.03 15.07.2018 19.40.01 26.11987 292.2962 -191.7461 -0.6146 -0.7520 0.1832 4.3111 2.1405 347.7342 389.9438 -16.6234 58.3582 0.0000
890.03 15.07.2018 19.50.01 26.03494 291.6908 -164.0695 -0.5259 -0.6067 0.1077 2.3042 1.1424 346.0689 387.2649 -16.4677 58.3844 0.0000
900.03 15.07.2018 20.00.01 25.95904 291.1022 -153.4475 -0.4918 -0.5159 0.0322 0.2891 0.1402 344.4060 384.6832 -16.2809 58.4033 0.0000
910.03 15.07.2018 20.10.01 25.88671 290.6967 -137.9564 -0.4422 -0.4465 0.0058 0.0518 0.0251 342.7973 382.3936 -15.4359 58.4163 0.0000
920.03 15.07.2018 20.20.01 25.81982 290.3033 -126.0692 -0.4041 -0.4048 0.0010 0.0093 0.0045 341.2445 380.2747 -14.7605 58.4229 0.0000
930.03 15.07.2018 20.30.01 25.75717 289.9167 -119.8211 -0.3840 -0.3842 0.0002 0.0017 0.0008 339.7162 378.2762 -14.2117 58.4293 0.0000
940.03 15.07.2018 20.40.01 25.69671 289.5434 -116.7799 -0.3743 -0.3743 0.0000 0.0003 0.0001 338.2225 376.3987 -13.7009 58.4333 0.0000
950.03 15.07.2018 20.50.01 25.63720 289.1495 -115.4781 -0.3701 -0.3701 0.0000 0.0001 0.0000 336.7182 374.5870 -13.4004 58.4366 0.0000
960.03 15.07.2018 21.00.01 25.57784 288.7365 -115.4056 -0.3699 -0.3699 0.0000 0.0000 0.0000 335.1845 372.8254 -13.2870 58.4399 0.0000
970.03 15.07.2018 21.10.01 25.51833 288.4450 -116.6051 -0.3737 -0.3737 0.0000 0.0000 0.0000 333.6565 371.3250 -12.0232 58.4432 0.0000
980.03 15.07.2018 21.20.01 25.45880 288.0549 -116.9187 -0.3747 -0.3747 0.0000 0.0000 0.0000 332.0827 369.6421 -12.4694 58.4457 0.0000
990.03 15.07.2018 21.30.01 25.39858 287.6883 -118.0430 -0.3783 -0.3783 0.0000 0.0000 0.0000 331.1148 367.8002 -14.3803 58.4482 0.0000
1000.03 15.07.2018 21.40.01 25.33749 287.7552 -120.4707 -0.3861 -0.3861 0.0000 0.0000 0.0000 330.2498 366.7994 -11.4845 58.4504 0.0000
1010.03 15.07.2018 21.50.01 25.27557 287.4235 -120.8114 -0.3872 -0.3872 0.0000 0.0000 0.0000 328.9223 365.4936 -11.2473 58.4525 0.0000
1020.03 15.07.2018 22.00.01 25.21322 287.4121 -122.5413 -0.3928 -0.3928 0.0000 0.0000 0.0000 328.0761 364.1412 -11.1377 58.4554 0.0000
1030.03 15.07.2018 22.10.01 25.15008 287.2680 -122.7821 -0.3935 -0.3935 0.0000 0.0000 0.0000 327.3215 363.0330 -10.5582 58.4587 0.0000
1040.03 15.07.2018 22.20.01 25.08691 287.0919 -124.0069 -0.3975 -0.3975 0.0000 0.0000 0.0000 326.5600 361.9543 -10.2300 58.4614 0.0000
1050.03 15.07.2018 22.30.01 25.02294 286.9341 -124.9377 -0.4004 -0.4004 0.0000 0.0000 0.0000 325.8548 360.9187 -9.9168 58.4631 0.0000
1060.03 15.07.2018 22.40.01 24.95861 286.7784 -126.1992 -0.4045 -0.4045 0.0000 0.0000 0.0000 325.1835 359.9152 -9.6554 58.4641 0.0000
1070.03 15.07.2018 22.50.01 24.89361 286.6112 -127.3616 -0.4082 -0.4082 0.0000 0.0000 0.0000 324.5288 358.9345 -9.5198 58.4649 0.0000
1080.03 15.07.2018 23.00.01 24.82797 286.4586 -128.3275 -0.4113 -0.4113 0.0000 0.0000 0.0000 323.8940 357.9891 -9.3909 58.4655 0.0000
1090.03 15.07.2018 23.10.01 24.76205 286.2516 -129.7070 -0.4157 -0.4157 0.0000 0.0000 0.0000 323.3692 356.9960 -9.6603 58.4661 0.0000
1100.03 15.07.2018 23.20.01 24.69503 285.9209 -132.0943 -0.4234 -0.4234 0.0000 0.0000 0.0000 322.7407 355.9953 -10.6317 58.4666 0.0000
1110.03 15.07.2018 23.30.01 24.62643 285.5712 -135.6448 -0.4348 -0.4348 0.0000 0.0000 0.0000 322.0693 354.7102 -12.4396 58.4672 0.0000
1120.03 15.07.2018 23.40.01 24.55633 285.7557 -136.4313 -0.4373 -0.4373 0.0000 0.0000 0.0000 321.5945 354.2458 -9.4363 58.4673 0.0000
1130.03 15.07.2018 23.50.01 24.48736 285.5045 -135.0962 -0.4330 -0.4330 0.0000 0.0000 0.0000 321.3027 353.4261 -11.0801 58.4676 0.0000
1140.03 16.07.2018 00.00.01 24.41580 285.1232 -145.6341 -0.4668 -0.4668 0.0000 0.0000 0.0000 320.7204 352.1931 -13.4837 58.4683 0.0000
1150.03 16.07.2018 00.10.01 24.33816 285.1169 -156.2285 -0.5007 -0.5007 0.0000 0.0000 0.0000 320.3511 351.4203 -12.5641 58.4693 0.0000
1160.03 16.07.2018 00.20.01 24.25710 285.1247 -158.9933 -0.5096 -0.5096 0.0000 0.0000 0.0000 320.0698 350.7368 -11.7225 58.4702 0.0000
1170.03 16.07.2018 00.30.01 24.17584 285.1350 -157.9626 -0.5063 -0.5063 0.0000 0.0000 0.0000 319.8202 350.1131 -10.9550 58.4712 0.0000
1180.03 16.07.2018 00.40.01 24.09564 285.1447 -155.4432 -0.4982 -0.4982 0.0000 0.0000 0.0000 319.5898 349.5450 -10.2239 58.4722 0.0000
1190.03 16.07.2018 00.50.01 24.01684 285.1502 -152.3780 -0.4884 -0.4884 0.0000 0.0000 0.0000 319.3735 349.0185 -9.5674 58.4732 0.0000
1200.03 16.07.2018 01.00.01 23.93963 285.1553 -149.2223 -0.4783 -0.4783 0.0000 0.0000 0.0000 319.1684 348.5317 -8.9590 58.4741 0.0000
1210.03 16.07.2018 01.10.01 23.86401 285.0018 -146.4135 -0.4693 -0.4693 0.0000 0.0000 0.0000 318.7719 348.0085 -8.8598 58.4750 0.0000
1220.03 16.07.2018 01.20.01 23.78973 284.8338 -143.7618 -0.4608 -0.4608 0.0000 0.0000 0.0000 318.3621 347.4611 -8.7686 58.4756 0.0000
1230.03 16.07.2018 01.30.01 23.71679 284.6863 -141.3634 -0.4531 -0.4531 0.0000 0.0000 0.0000 317.9501 346.9146 -8.6046 58.4759 0.0000
1240.03 16.07.2018 01.40.01 23.64510 284.5788 -138.4803 -0.4438 -0.4438 0.0000 0.0000 0.0000 317.5204 346.4304 -8.1972 58.4759 0.0000
1250.03 16.07.2018 01.50.01 23.57504 284.4822 -135.0910 -0.4330 -0.4330 0.0000 0.0000 0.0000 317.1134 345.9683 -7.7810 58.4759 0.0000
1260.03 16.07.2018 02.00.01 23.50677 284.4125 -131.5803 -0.4217 -0.4218 0.0000 0.0005 0.0003 316.7095 345.5354 -7.3041 58.4759 0.0000
1270.03 16.07.2018 02.10.01 23.44033 284.4770 -124.6323 -0.3995 -0.4119 0.0166 0.3128 0.1558 316.3694 345.2277 -6.6307 58.4748 0.0000
1280.03 16.07.2018 02.20.01 23.37628 284.3175 -119.9587 -0.3845 -0.4130 0.0380 0.6698 0.3332 315.8947 344.7189 -7.0959 58.4730 0.0000
1290.03 16.07.2018 02.30.01 23.31356 284.1156 -119.6446 -0.3835 -0.4287 0.0603 1.0341 0.5140 315.4223 344.0726 -8.0643 58.4703 0.0000
1300.03 16.07.2018 02.40.01 23.25070 284.2446 -119.5235 -0.3831 -0.4451 0.0827 1.3998 0.6955 315.1748 343.9313 -6.6223 58.4662 0.0000
1310.03 16.07.2018 02.50.01 23.18868 284.2563 -116.9385 -0.3748 -0.4537 0.1052 1.7657 0.8772 314.8189 343.6777 -5.7870 58.4612 0.0000
1320.03 16.07.2018 03.00.01 23.12783 284.0924 -114.8896 -0.3682 -0.4641 0.1278 2.1345 1.0602 314.5053 343.1721 -6.2841 58.4556 0.0000
1330.03 16.07.2018 03.10.01 23.06796 284.2194 -92.8955 -0.2977 -0.4779 0.2402 4.1981 2.0875 314.4905 343.0896 -5.4325 58.4488 0.0000
1340.03 16.07.2018 03.20.01 23.01602 284.3851 -76.0397 -0.2437 -0.5282 0.3793 6.5048 3.2332 314.6562 343.1734 -4.5774 58.4408 0.0000
1350.03 16.07.2018 03.30.01 22.97045 284.5597 -65.8244 -0.2110 -0.6031 0.5228 8.8511 4.3979 314.8987 343.3561 -3.8070 58.4323 0.0000
1360.03 16.07.2018 03.40.01 22.92895 284.7395 -59.0817 -0.1894 -0.6898 0.6672 11.2048 5.5663 315.1782 343.6221 -3.1052 58.4237 0.0000
1370.03 16.07.2018 03.50.01 22.89050 284.9161 -54.0919 -0.1734 -0.7821 0.8117 13.5599 6.7353 315.4839 343.9544 -2.5125 58.4152 0.0000
1380.03 16.07.2018 04.00.01 22.85412 284.9429 -50.9796 -0.1634 -0.8805 0.9562 15.9148 7.9042 315.6885 344.2299 -2.5954 58.4068 0.0000
1390.03 16.07.2018 04.10.01 22.81924 285.7318 -49.7854 -0.1596 -0.9762 1.0889 18.0459 8.9616 317.2780 345.1032 -0.5057 58.3968 0.0000
1400.03 16.07.2018 04.20.01 22.78658 286.5033 -43.5249 -0.1395 -1.0530 1.2180 20.1449 10.0035 319.1208 346.2151 2.2449 58.3853 0.0000
1410.03 16.07.2018 04.30.01 22.75802 287.1877 -34.8954 -0.1118 -1.1217 1.3465 22.2386 11.0427 321.0074 347.5550 5.5836 58.3745 0.0000
1420.03 16.07.2018 04.40.01 22.73385 287.9566 -26.4749 -0.0849 -1.1911 1.4750 24.3314 12.0816 323.0628 348.9779 6.5685 58.3640 0.0000
1430.03 16.07.2018 04.50.01 22.71786 288.6683 444.7564 1.4255 -1.2606 3.5815 63.3494 30.3619 325.3413 351.1618 8.1941 58.3644 0.0000
1440.03 16.07.2018 05.00.01 22.86553 289.5877 507.6969 1.6272 -2.1570 5.0456 73.6610 34.7587 328.4877 354.5763 11.3365 58.4156 0.0000
1450.03 16.07.2018 05.10.01 23.06387 290.2209 3353.0579 10.7470 -3.1162 18.4843 262.6370 121.0430 330.5162 360.5889 7.3186 58.5115 0.0000
1460.03 16.07.2018 05.20.01 24.24935 291.2499 4316.5171 13.8350 -9.1500 30.6467 446.5240 205.9740 336.1180 373.4506 -3.4509 58.9053 0.0000
1470.03 16.07.2018 05.30.01 25.78332 292.2257 4102.4858 13.1490 -16.7028 39.8023 625.3900 290.3866 341.8996 390.3105 -20.8962 59.5791 0.0000
1480.03 16.07.2018 05.40.01 27.23730 293.1066 726.9697 2.3300 -23.6283 34.6110 578.8202 270.9726 348.4885 406.1437 -37.6979 60.5762 0.0000
1490.03 16.07.2018 05.50.01 27.53781 293.6216 -998.5424 -3.2005 -24.2876 28.1163 523.1269 247.2431 350.6337 415.1207 -49.7565 61.5614 0.0000
1500.03 16.07.2018 06.00.01 27.23751 294.1447 -1610.3976 -5.1615 -21.8823 22.2943 489.0498 235.7504 351.9168 423.7997 -62.7929 62.5028 0.0000
1510.03 16.07.2018 06.10.01 26.71536 294.4880 -1606.4075 -5.1487 -18.5075 17.8117 460.3679 224.0650 352.9474 428.3171 -66.0264 63.3942 0.0000
1520.03 16.07.2018 06.20.01 26.18185 294.8426 -1515.1111 -4.8561 -15.2845 13.9045 437.0872 214.8416 354.6186 432.2627 -67.9154 64.2600 0.0000
1530.03 16.07.2018 06.30.01 25.66964 295.2029 -1443.1454 -4.6255 -12.3394 10.2852 416.3914 206.7021 356.3394 435.3061 -68.8584 65.1196 0.0000
1540.03 16.07.2018 06.40.01 25.17492 295.5705 -1334.3169 -4.2767 -9.6107 7.1121 404.2711 202.6431 358.1695 437.9916 -68.7302 65.9772 0.0000
1550.03 16.07.2018 06.50.01 24.71658 295.9368 -713.1974 -2.2859 -7.1451 6.4790 399.9210 201.2924 360.1401 440.8917 -68.9745 66.8421 0.0000
1560.03 16.07.2018 07.00.01 24.47039 296.3018 -253.3936 -0.8122 -5.8477 6.7141 397.1390 200.2384 362.1077 443.5837 -68.9476 67.7060 0.0000
1570.03 16.07.2018 07.10.01 24.38244 296.5613 -87.4628 -0.2803 -5.3865 6.8083 398.0815 201.2135 362.9443 446.1935 -68.2582 68.3206 0.0000
1580.03 16.07.2018 07.20.01 24.35363 296.8505 8.7424 0.0280 -5.2111 6.9855 418.4560 213.7618 364.4790 451.7463 -70.3551 68.8163 0.0000
1590.03 16.07.2018 07.30.01 24.36007 297.1880 49.6220 0.1590 -5.1874 7.1286 469.9029 244.9887 366.6029 462.8989 -75.6840 69.3218 0.0000
1600.03 16.07.2018 07.40.01 24.38320 297.5862 95.7439 0.3069 -5.2118 7.3582 473.3547 247.1717 368.7975 467.0401 -75.0013 69.8301 0.0000
1610.03 16.07.2018 07.50.01 24.42452 297.9300 109.8897 0.3522 -5.2940 7.5283 482.2171 252.6626 370.8062 471.9724 -74.8200 70.2972 0.0000
1620.03 16.07.2018 08.00.01 24.47292 298.2891 96.5604 0.3095 -5.3759 7.5805 492.0844 258.8786 372.8392 477.1851 -74.7763 70.7683 0.0000
1630.03 16.07.2018 08.10.01 24.51943 298.5387 148.9966 0.4776 -5.4099 7.8500 494.4816 260.3769 374.9820 480.5054 -77.0531 71.2322 0.0000
1640.03 16.07.2018 08.20.01 24.58569 298.7463 148.3808 0.4756 -5.5177 7.9910 495.2280 261.0178 376.9540 483.1893 -79.9729 71.6859 0.0000
1650.03 16.07.2018 08.30.01 24.65399 298.9401 175.2563 0.5617 -5.6020 8.2184 496.2595 261.7403 379.0742 485.5147 -83.3392 72.1249 0.0000
1660.03 16.07.2018 08.40.01 24.73342 299.1540 178.5891 0.5724 -5.7133 8.3810 498.0030 262.8453 381.2054 487.9327 -84.4290 72.5456 0.0000
1670.03 16.07.2018 08.50.01 24.81603 299.3753 184.0918 0.5900 -5.8088 8.5318 499.1964 263.6325 383.2407 490.0453 -86.2287 72.9450 0.0000
1680.03 16.07.2018 09.00.01 24.90209 299.5833 146.6837 0.4701 -5.8934 8.4847 497.5084 262.8958 384.9634 491.4627 -88.4569 73.3328 0.0000
1690.03 16.07.2018 09.10.01 24.97769 299.7600 205.7127 0.6593 -5.8928 8.7362 497.4153 262.8519 386.6546 492.5799 -92.0243 73.7054 0.0000
1700.03 16.07.2018 09.20.01 25.07495 299.9553 236.5036 0.7580 -5.9829 8.9879 496.8281 262.5113 388.6016 493.4399 -95.2154 74.0636 0.0000
1710.03 16.07.2018 09.30.01 25.18469 300.1433 272.6415 0.8739 -6.1102 9.3121 496.4534 262.2231 390.3903 494.1571 -98.1647 74.4086 0.0000
1720.03 16.07.2018 09.40.01 25.30877 300.3436 281.0108 0.9007 -6.2810 9.5755 497.0050 262.4382 391.7010 494.8490 -100.0335 74.7558 0.0000
1730.03 16.07.2018 09.50.01 25.43780 300.4641 292.7443 0.9383 -6.4445 9.8437 497.2005 262.4349 392.7005 495.4061 -102.1923 75.1127 0.0000
1740.03 16.07.2018 10.00.01 25.57281 300.4909 293.4885 0.9407 -6.6079 10.0648 496.0349 261.6645 393.2658 495.6064 -104.5644 75.5079 0.0000
1750.03 16.07.2018 10.10.01 25.71002 300.8146 331.5049 1.0625 -6.7560 10.4247 487.1329 256.6315 395.6512 497.1165 -96.6937 75.8961 0.0000
1760.03 16.07.2018 10.20.01 25.86190 300.8063 357.4109 1.1455 -6.9566 10.8028 478.0116 251.4482 396.7231 498.4155 -91.3467 76.2998 0.0000
1770.03 16.07.2018 10.30.01 26.02441 301.0064 332.2687 1.0650 -7.1788 10.9917 466.8490 245.2356 397.4934 499.2820 -86.9979 76.7571 0.0000
1780.03 16.07.2018 10.40.01 26.18072 301.0936 336.3379 1.0780 -7.3327 11.2142 458.2084 240.3516 397.9641 499.9925 -83.0507 77.2560 0.0000
1790.03 16.07.2018 10.50.01 26.34030 301.1920 342.4742 1.0977 -7.4813 11.4386 449.3403 235.3292 398.3653 500.1196 -82.0800 78.3331 0.0000
1800.03 16.07.2018 11.00.01 26.50250 301.3058 350.1668 1.1223 -7.6376 11.6799 440.0406 230.0292 398.8567 499.6241 -82.8907 79.5050 0.0000
1810.03 16.07.2018 11.10.01 26.66644 301.5394 241.7064 0.7747 -7.8023 11.4360 440.2762 230.2307 400.8877 502.2342 -70.3411 80.5985 0.0000
1820.03 16.07.2018 11.20.01 26.79290 301.8612 224.0779 0.7182 -7.7771 11.3271 441.4289 230.8429 402.7911 502.2095 -78.1289 81.4916 0.0000
1830.03 16.07.2018 11.30.01 26.91235 301.8478 227.1105 0.7279 -7.7203 11.2642 442.6561 231.4520 401.1787 500.6326 -90.8368 82.4175 0.0000
1840.03 16.07.2018 11.40.01 27.03289 302.2079 221.3436 0.7094 -7.6744 11.1784 443.8920 232.0533 401.3967 502.5165 -85.2624 83.4733 0.0000
1850.03 16.07.2018 11.50.01 27.15121 302.4444 224.5078 0.7196 -7.6183 11.1171 444.9952 232.5496 401.8029 503.5124 -88.2478 84.5987 0.0000
1860.03 16.07.2018 12.00.01 27.27041 302.1245 212.7019 0.6817 -7.5693 11.0014 444.6814 232.2532 401.7376 501.8913 -98.6220 85.7910 0.0000
1870.03 16.07.2018 12.10.01 27.38568 302.1139 267.1390 0.8562 -7.5080 11.1523 434.2233 226.3555 401.7872 500.3223 -98.2874 87.0237 0.0000
1880.03 16.07.2018 12.20.01 27.51879 302.1430 252.1807 0.8083 -7.5513 11.1461 424.8118 221.2482 401.6131 498.8194 -97.7907 88.2818 0.0000
1890.03 16.07.2018 12.30.01 27.64605 302.1229 231.2050 0.7410 -7.5743 11.0871 417.0233 217.1693 401.2542 497.3637 -97.5355 89.5541 0.0000
1900.03 16.07.2018 12.40.01 27.76513 302.1140 219.2269 0.7027 -7.5659 11.0248 409.8552 213.4009 400.9124 495.9480 -96.6989 90.8280 0.0000
1910.03 16.07.2018 12.50.01 27.88006 302.1221 266.2475 0.8534 -7.5463 11.1995 404.6400 210.5589 400.8984 494.7367 -95.7587 92.0951 0.0000
1920.03 16.07.2018 13.00.01 28.01058 302.1193 239.6286 0.7680 -7.6116 11.1729 396.7750 206.3362 400.7041 493.2461 -94.2972 93.3672 0.0000
1930.03 16.07.2018 13.10.01 28.13244 302.0307 320.1725 1.0262 -7.6363 11.5500 383.3881 198.8889 400.8052 491.6085 -89.7959 94.6196 0.0000
1940.03 16.07.2018 13.20.01 28.28152 301.9667 310.3797 0.9948 -7.8100 11.7397 367.9779 190.4215 400.6727 489.7284 -85.0298 95.8527 0.0000
1950.03 16.07.2018 13.30.01 28.42700 301.8414 307.9731 0.9871 -7.9691 11.9416 352.5477 181.9296 400.4105 487.6649 -80.9165 97.0513 0.0000
1960.03 16.07.2018 13.40.01 28.57089 301.6190 298.4128 0.9565 -8.1338 12.1203 336.6749 173.2042 399.8576 485.3966 -76.3408 98.2046 0.0000
1970.03 16.07.2018 13.50.01 28.71057 301.5584 293.0595 0.9393 -8.2900 12.3057 320.8248 164.4855 399.5544 483.0173 -71.8582 99.3028 0.0000
1980.03 16.07.2018 14.00.01 28.84777 301.4859 295.1890 0.9461 -8.4432 12.5191 305.0809 155.8007 399.3284 480.4924 -68.0248 100.3468 0.0000
1990.03 16.07.2018 14.10.01 28.98400 301.4165 167.6570 0.5374 -8.6008 12.1842 285.9738 145.2046 398.5820 476.5300 -66.6888 101.3427 0.0000
2000.03 16.07.2018 14.20.01 29.07504 301.3287 115.4471 0.3700 -8.5381 11.8775 275.6952 139.8765 397.6133 473.8925 -65.8816 102.2870 0.0000
2010.03 16.07.2018 14.30.01 29.14648 301.2480 103.6904 0.3323 -8.3987 11.6414 266.0207 134.8377 396.7361 471.3577 -64.7934 103.1916 0.0000
2020.03 16.07.2018 14.40.01 29.21234 301.1910 109.7244 0.3517 -8.2554 11.4761 256.7141 129.9660 396.0852 468.9168 -63.3957 104.0550 0.0000
2030.03 16.07.2018 14.50.01 29.27868 301.1345 88.9662 0.2851 -8.1374 11.2300 246.6285 124.7106 395.4266 466.5813 -61.2703 104.8705 0.0000
2040.03 16.07.2018 15.00.01 29.33657 301.1006 75.7786 0.2429 -7.9959 10.9851 236.4979 119.4260 394.8304 464.1378 -59.5929 105.6316 0.0000
2050.03 16.07.2018 15.10.01 29.38757 301.0584 -36.9614 -0.1185 -7.8481 10.3061 231.6735 117.1901 393.6092 462.4298 -56.0108 105.9987 0.0000
2060.03 16.07.2018 15.20.01 29.39871 301.0109 -69.4564 -0.2226 -7.5106 9.7173 225.4094 113.9973 392.4869 460.6807 -52.3320 106.3577 0.0000
2070.03 16.07.2018 15.30.01 29.39663 300.9724 -93.1640 -0.2986 -7.1352 9.1154 213.4971 107.4287 391.3018 457.9913 -49.1135 106.7045 0.0000
2080.03 16.07.2018 15.40.01 29.38455 300.9361 -94.7522 -0.3037 -6.7369 8.5776 209.4974 105.4510 390.2295 456.4908 -46.4181 107.0406 0.0000
2090.03 16.07.2018 15.50.01 29.37008 300.9041 -108.7813 -0.3487 -6.3554 8.0090 204.9384 103.1695 389.2064 455.0139 -44.1513 107.3642 0.0000
2100.03 16.07.2018 16.00.01 29.34908 300.9141 -121.6699 -0.3900 -5.9663 7.4351 199.9288 100.6243 388.4221 453.5881 -41.9047 107.7104 0.0000
2110.03 16.07.2018 16.10.01 29.32241 300.7664 -82.6143 -0.2648 -5.5717 7.0759 188.5828 94.7705 387.3321 451.9040 -40.5050 108.0668 0.0000
2120.03 16.07.2018 16.20.01 29.30715 300.6034 -99.6757 -0.3195 -5.2679 6.5979 176.2212 88.4303 386.0963 449.8346 -38.7667 108.4506 0.0000
2130.03 16.07.2018 16.30.01 29.28457 300.4328 -85.4669 -0.2739 -4.9522 6.2377 165.0129 82.6639 384.7722 447.7174 -36.9484 108.8421 0.0000
2140.03 16.07.2018 16.40.01 29.26635 300.2327 47.7308 0.1530 -4.6807 6.4449 151.7258 75.3146 383.1436 445.0103 -35.5345 109.2235 0.0000
2150.03 16.07.2018 16.50.01 29.29250 300.0460 81.9524 0.2627 -4.6663 6.5720 141.5747 69.8934 381.4726 442.6365 -33.8932 109.5937 0.0000
2160.03 16.07.2018 17.00.01 29.32949 299.8476 71.1407 0.2280 -4.7227 6.6010 131.2650 64.4246 379.7265 440.1075 -32.1017 109.9489 0.0000
2170.03 16.07.2018 17.10.01 29.36212 299.6240 79.1806 0.2538 -4.7681 6.6959 124.1860 60.6212 378.1454 437.6953 -30.5078 110.2858 0.0000
2180.03 16.07.2018 17.20.01 29.39657 299.3838 69.9670 0.2243 -4.8386 6.7504 117.4316 57.0193 376.6619 435.3138 -29.1523 110.6125 0.0000
2190.03 16.07.2018 17.30.01 29.42669 299.1551 44.3674 0.1422 -4.9022 6.7259 110.5340 53.3906 375.2212 432.9515 -27.6652 110.9288 0.0000
2200.03 16.07.2018 17.40.01 29.44677 298.9150 -1.1253 -0.0036 -4.9293 6.5675 102.2476 49.1597 373.8298 430.5553 -26.3472 111.2333 0.0000
2210.03 16.07.2018 17.50.01 29.44982 298.6807 -55.7836 -0.1788 -4.8856 6.2758 93.3188 44.6727 372.4153 428.1202 -24.5463 111.5273 0.0000
2220.03 16.07.2018 18.00.01 29.43255 298.4460 -105.0442 -0.3367 -4.7565 5.8931 84.0143 40.0502 370.9658 425.6326 -22.7825 111.8046 0.0000
2230.03 16.07.2018 18.10.01 29.39663 298.0661 -141.1112 -0.4523 -4.5550 5.4703 75.0013 35.5966 369.3978 423.0375 -20.8757 112.0533 0.0000
2240.03 16.07.2018 18.20.01 29.34631 297.7267 -184.1752 -0.5903 -4.3079 4.9568 64.8137 30.6081 367.9294 420.4341 -18.9257 112.2585 0.0000
2250.03 16.07.2018 18.30.01 29.27911 297.3634 -228.5874 -0.7327 -4.0017 4.3587 54.5663 25.6424 366.2353 417.7339 -17.3221 112.4103 0.0000
2260.03 16.07.2018 18.40.01 29.19299 296.9604 -457.8799 -1.4676 -3.6361 2.8913 39.3623 18.6641 364.2885 414.7781 -15.6844 112.5379 0.0000
2270.03 16.07.2018 18.50.01 29.02545 296.5624 -543.5352 -1.7421 -2.8801 1.5173 25.3867 12.3333 362.4099 411.7841 -14.1232 112.6419 0.0000
2280.03 16.07.2018 19.00.01 28.82644 296.1860 -431.0827 -1.3817 -2.0046 0.8306 12.5598 6.1546 360.6752 408.6673 -12.5486 112.7184 0.0000
2290.03 16.07.2018 19.10.01 28.66390 295.4455 -284.3910 -0.9115 -1.3684 0.6092 9.6546 4.7278 358.8336 405.5750 -12.3399 112.7665 0.0000
2300.03 16.07.2018 19.20.01 28.54983 294.7255 -204.3195 -0.6549 -1.0237 0.4918 7.8364 3.8309 357.0895 402.7337 -12.6127 112.8016 0.0000
2310.03 16.07.2018 19.30.01 28.46191 294.0056 -170.4511 -0.5463 -0.8408 0.3927 6.1887 3.0173 355.5697 399.9027 -13.5041 112.8336 0.0000
2320.03 16.07.2018 19.40.01 28.38421 293.3204 -178.9409 -0.5735 -0.7342 0.2142 4.1241 2.0460 354.0570 397.1770 -14.1530 112.8590 0.0000
2330.03 16.07.2018 19.50.01 28.30273 292.6899 -165.5438 -0.5306 -0.6234 0.1237 2.2139 1.0967 352.5756 394.5554 -14.6889 112.8741 0.0000
2340.03 16.07.2018 20.00.01 28.22491 292.2363 -162.5269 -0.5209 -0.5459 0.0333 0.3005 0.1458 351.2254 392.0982 -14.6566 112.8871 0.0000
2350.03 16.07.2018 20.10.01 28.14785 292.5313 -147.9147 -0.4741 -0.4785 0.0059 0.0526 0.0255 352.0831 390.6739 -12.9186 112.8937 0.0000
2360.03 16.07.2018 20.20.01 28.07556 292.3577 -137.4557 -0.4406 -0.4414 0.0011 0.0096 0.0047 353.0361 389.0880 -13.3330 112.9003 0.0000
2370.03 16.07.2018 20.30.01 28.00652 292.0599 -133.2785 -0.4272 -0.4273 0.0002 0.0017 0.0008 353.9513 387.4638 -14.2941 112.9069 0.0000
2380.03 16.07.2018 20.40.01 27.93868 291.8962 -132.4677 -0.4246 -0.4246 0.0000 0.0003 0.0002 354.9027 386.0641 -14.5676 112.9135 0.0000
2390.03 16.07.2018 20.50.01 27.87094 291.7693 -131.8802 -0.4227 -0.4227 0.0000 0.0001 0.0000 355.9266 384.8255 -14.7125 112.9201 0.0000
2400.03 16.07.2018 21.00.01 27.80377 291.6208 -131.0618 -0.4201 -0.4201 0.0000 0.0000 0.0000 356.9607 383.7053 -15.1099 112.9273 0.0000
2410.03 16.07.2018 21.10.01 27.73724 291.7783 -128.3382 -0.4113 -0.4113 0.0000 0.0000 0.0000 357.0197 383.0139 -13.0635 112.9399 0.0000
2420.03 16.07.2018 21.20.01 27.67300 292.0265 -122.0741 -0.3913 -0.3913 0.0000 0.0000 0.0000 357.2113 382.5485 -10.5022 112.9531 0.0000
2430.03 16.07.2018 21.30.01 27.61257 292.3507 -113.6429 -0.3642 -0.3642 0.0000 0.0000 0.0000 357.5288 382.3301 -7.4968 112.9663 0.0000
2440.03 16.07.2018 21.40.01 27.55685 292.7196 -103.7653 -0.3326 -0.3326 0.0000 0.0000 0.0000 357.9544 382.3341 -4.2076 112.9795 0.0000
2450.03 16.07.2018 21.50.01 27.50649 293.1062 -93.2349 -0.2988 -0.2988 0.0000 0.0000 0.0000 358.4325 382.5470 -1.0659 112.9927 0.0000
2460.03 16.07.2018 22.00.01 27.46139 293.5135 -83.2983 -0.2670 -0.2670 0.0000 0.0000 0.0000 358.9720 382.9630 2.0625 113.0069 0.0000
2470.03 16.07.2018 22.10.01 27.42068 293.2061 -77.2722 -0.2477 -0.2477 0.0000 0.0000 0.0000 358.8817 382.7671 -0.8655 113.0201 0.0000
2480.03 16.07.2018 22.20.01 27.38162 292.8229 -75.9319 -0.2434 -0.2434 0.0000 0.0000 0.0000 358.5810 382.4066 -2.4989 113.0268 0.0000
2490.03 16.07.2018 22.30.01 27.34316 292.4656 -75.4071 -0.2417 -0.2417 0.0000 0.0000 0.0000 358.5134 381.5453 -5.0789 113.0330 0.0000
2500.03 16.07.2018 22.40.01 27.30325 292.2330 -80.8262 -0.2591 -0.2591 0.0000 0.0000 0.0000 358.4855 381.2005 -5.3623 113.0396 0.0000
2510.03 16.07.2018 22.50.01 27.26055 291.9860 -85.4522 -0.2739 -0.2739 0.0000 0.0000 0.0000 358.4900 380.9299 -5.6185 113.0462 0.0000
2520.03 16.07.2018 23.00.01 27.21588 291.5988 -88.7765 -0.2845 -0.2845 0.0000 0.0000 0.0000 358.3358 380.1215 -7.6030 113.0528 0.0000
2530.03 16.07.2018 23.10.01 27.16961 291.4642 -91.9170 -0.2946 -0.2946 0.0000 0.0000 0.0000 358.1581 379.6151 -7.7996 113.0594 0.0000
2540.03 16.07.2018 23.20.01 27.12161 291.3512 -95.4270 -0.3059 -0.3059 0.0000 0.0000 0.0000 358.0482 379.1274 -7.9952 113.0660 0.0000
2550.03 16.07.2018 23.30.01 27.07177 291.2429 -98.8779 -0.3169 -0.3169 0.0000 0.0000 0.0000 357.9590 378.6351 -8.2473 113.0726 0.0000
2560.03 16.07.2018 23.40.01 27.02026 291.1398 -102.0846 -0.3272 -0.3272 0.0000 0.0000 0.0000 357.8818 378.1481 -8.4957 113.0792 0.0000
2570.03 16.07.2018 23.50.01 26.96725 291.0381 -104.9224 -0.3363 -0.3363 0.0000 0.0000 0.0000 357.8062 377.6657 -8.7697 113.0858 0.0000
2580.03 17.07.2018 00.00.01 26.91284 290.9376 -107.4049 -0.3442 -0.3442 0.0000 0.0000 0.0000 357.7266 377.1884 -9.0584 113.0924 0.0000
2590.03 17.07.2018 00.10.01 26.85723 290.9949 -109.3846 -0.3506 -0.3506 0.0000 0.0000 0.0000 357.5170 376.8144 -8.5854 113.0990 0.0000
2600.03 17.07.2018 00.20.01 26.80074 291.0609 -110.7320 -0.3549 -0.3549 0.0000 0.0000 0.0000 357.3027 376.4710 -8.0911 113.1056 0.0000
2610.03 17.07.2018 00.30.01 26.74392 291.1417 -111.7979 -0.3583 -0.3583 0.0000 0.0000 0.0000 357.0927 376.1807 -7.4739 113.1122 0.0000
2620.03 17.07.2018 00.40.01 26.68688 291.2970 -111.5982 -0.3577 -0.3577 0.0000 0.0000 0.0000 356.9422 376.0534 -6.3144 113.1188 0.0000
2630.03 17.07.2018 00.50.01 26.63024 291.3694 -109.8143 -0.3520 -0.3520 0.0000 0.0000 0.0000 356.7900 375.8348 -5.6542 113.1254 0.0000
2640.03 17.07.2018 01.00.01 26.57461 291.4358 -107.6899 -0.3452 -0.3452 0.0000 0.0000 0.0000 356.6071 375.6555 -4.9986 113.1320 0.0000
2650.03 17.07.2018 01.10.01 26.52035 291.2650 -103.2816 -0.3310 -0.3310 0.0000 0.0000 0.0000 355.8012 375.4764 -4.5891 113.1386 0.0000
2660.03 17.07.2018 01.20.01 26.46990 291.1587 -93.1355 -0.2985 -0.2985 0.0000 0.0000 0.0000 354.7935 375.0194 -4.7958 113.1398 0.0000
2670.03 17.07.2018 01.30.01 26.42379 291.1995 -89.1739 -0.2858 -0.2858 0.0000 0.0000 0.0000 354.2202 374.5240 -5.4176 113.1438 0.0000
2680.03 17.07.2018 01.40.01 26.37643 291.1842 -95.3545 -0.3056 -0.3056 0.0000 0.0000 0.0000 353.3710 374.4382 -4.0057 113.1504 0.0000
2690.03 17.07.2018 01.50.01 26.32760 290.9905 -95.0495 -0.3046 -0.3046 0.0000 0.0000 0.0000 352.4965 374.0433 -3.9137 113.1528 0.0000
2700.03 17.07.2018 02.00.01 26.27972 290.7398 -92.0247 -0.2950 -0.2950 0.0000 0.0006 0.0003 351.3273 373.4317 -4.7377 113.1528 0.0000
2710.03 17.07.2018 02.10.01 26.23281 290.4230 -87.7910 -0.2814 -0.2957 0.0191 0.3609 0.1798 348.6481 372.6743 -5.3356 113.1528 0.0000
2720.03 17.07.2018 02.20.01 26.18557 290.1980 -92.0310 -0.2950 -0.3279 0.0439 0.7729 0.3844 346.0304 371.6545 -6.2181 113.1528 0.0000
2730.03 17.07.2018 02.30.01 26.13430 290.0321 -102.0121 -0.3270 -0.3792 0.0696 1.1933 0.5931 343.2857 370.5917 -6.9428 113.1580 0.0000
2740.03 17.07.2018 02.40.01 26.07717 289.7700 -113.9868 -0.3653 -0.4369 0.0955 1.6152 0.8025 340.3605 369.4188 -7.5078 113.1646 0.0000
2750.03 17.07.2018 02.50.01 26.01443 289.5394 -123.8745 -0.3970 -0.4881 0.1214 2.0374 1.0121 337.4222 368.1700 -7.8260 113.1712 0.0000
2760.03 17.07.2018 03.00.01 25.94723 289.1534 -131.2200 -0.4206 -0.5312 0.1475 2.4635 1.2236 334.4487 366.6938 -8.9925 113.1778 0.0000
2770.03 17.07.2018 03.10.01 25.87686 289.1017 -108.5575 -0.3479 -0.5684 0.2939 5.1599 2.5661 334.0358 365.8755 -7.8196 113.1844 0.0000
2780.03 17.07.2018 03.20.01 25.81548 289.0557 -85.5064 -0.2741 -0.6311 0.4761 8.1822 4.0671 333.9155 365.3307 -7.1120 113.1910 0.0000
2790.03 17.07.2018 03.30.01 25.76391 289.0138 -68.2845 -0.2189 -0.7170 0.6642 11.2573 5.5937 333.8875 364.9356 -6.6612 113.1976 0.0000
2800.03 17.07.2018 03.40.01 25.71987 288.9794 -55.1701 -0.1768 -0.8169 0.8534 14.3426 7.1251 333.9129 364.6925 -6.2782 113.2043 0.0000
2810.03 17.07.2018 03.50.01 25.68191 288.9480 -44.4231 -0.1424 -0.9245 1.0428 17.4296 8.6575 334.0131 364.5573 -6.0699 113.2109 0.0000
2820.03 17.07.2018 04.00.01 25.64892 288.9253 -35.3327 -0.1132 -1.0375 1.2324 20.5185 10.1907 334.1598 364.5185 -5.9693 113.2175 0.0000
2830.03 17.07.2018 04.10.01 25.62042 289.3032 -15.5776 -0.0499 -1.1542 1.4723 24.5587 12.1979 334.5561 364.9397 -4.1442 113.2243 0.0000
2840.03 17.07.2018 04.20.01 25.59991 289.6860 0.5819 0.0019 -1.2936 1.7273 28.7355 14.2716 335.0394 365.5701 -2.4662 113.2377 0.0000
2850.03 17.07.2018 04.30.01 25.58630 290.0679 12.4177 0.0398 -1.4487 1.9847 32.9345 16.3559 335.5655 366.3660 -0.8990 113.2628 0.0000
2860.03 17.07.2018 04.40.01 25.57806 290.4538 22.1384 0.0710 -1.6110 2.2426 37.1377 18.4423 336.1254 367.3136 0.5893 113.2987 0.0000
2870.03 17.07.2018 04.50.01 25.57629 290.8396 238.3297 0.7639 -1.7766 3.3873 57.9367 28.2792 336.7134 368.6810 1.4925 113.3440 0.0000
2880.03 17.07.2018 05.00.01 25.65020 291.2317 283.7738 0.9095 -2.3182 4.3036 66.5277 32.1856 337.5132 370.4813 1.8215 113.4332 0.0000
2890.03 17.07.2018 05.10.01 25.75952 291.6043 2331.1650 7.4717 -2.9149 13.8488 201.2869 93.7779 338.6633 374.4080 -1.8074 113.5584 0.0000
2900.03 17.07.2018 05.20.01 26.57845 292.0362 3026.6533 9.7008 -7.1729 22.4983 332.3340 154.3412 341.8051 382.7856 -12.1478 113.9153 0.0000
2910.03 17.07.2018 05.30.01 27.64803 292.4908 2884.5674 9.2454 -12.5371 29.0433 459.3470 214.2824 345.4670 393.7712 -26.2205 114.4626 0.0000
2920.03 17.07.2018 05.40.01 28.66506 292.9857 649.0403 2.0803 -17.4803 26.0808 442.2507 208.0620 349.5698 404.3021 -38.6093 115.2200 0.0000
2930.03 17.07.2018 05.50.01 28.91943 293.4176 -421.1884 -1.3500 -18.2645 22.5527 419.3589 198.9438 351.2793 411.1168 -46.0609 115.9864 0.0000
2940.03 17.07.2018 06.00.01 28.80120 293.8247 -896.0112 -2.8718 -17.1387 19.0225 412.4480 199.3016 352.5503 418.8905 -53.7834 116.7455 0.0000
2950.03 17.07.2018 06.10.01 28.51223 294.0772 -1054.1790 -3.3788 -15.2292 15.8006 395.5398 192.8800 353.8111 423.1508 -58.7780 117.4901 0.0000
2960.03 17.07.2018 06.20.01 28.16094 294.3319 -1073.8628 -3.4419 -13.1188 12.9026 382.1093 188.0542 355.2933 426.6502 -62.8715 118.2261 0.0000
2970.03 17.07.2018 06.30.01 27.79601 294.5987 -1068.7162 -3.4254 -11.0474 10.1627 370.4782 183.9976 356.7809 429.4368 -65.7472 118.9706 0.0000
2980.03 17.07.2018 06.40.01 27.42776 294.8647 -1014.7601 -3.2524 -9.0461 7.7249 364.3211 182.5421 358.3265 431.8377 -68.1454 119.7259 0.0000
2990.03 17.07.2018 06.50.01 27.07781 295.1335 -498.0363 -1.5963 -7.1904 7.4588 364.7242 183.3597 359.9290 434.3385 -70.8810 120.4938 0.0000
3000.03 17.07.2018 07.00.01 26.90444 295.3877 -146.0534 -0.4681 -6.3029 7.7797 366.1310 184.3436 361.5166 436.6030 -73.2578 121.2740 0.0000
3010.03 17.07.2018 07.10.01 26.85229 295.5824 -36.7972 -0.1179 -6.0554 7.9166 369.8418 186.6337 361.9077 438.2857 -77.9906 121.8571 0.0000
3020.03 17.07.2018 07.20.01 26.83920 295.7999 26.4705 0.0848 -5.9929 8.1036 389.9193 198.6919 362.7301 442.1484 -84.4473 122.3514 0.0000
3030.03 17.07.2018 07.30.01 26.84948 296.0235 50.7280 0.1626 -6.0274 8.2533 436.8438 226.8969 363.8772 450.3286 -94.7372 122.8660 0.0000
3040.03 17.07.2018 07.40.01 26.87002 296.2556 79.0850 0.2535 -6.0872 8.4543 442.0326 229.9447 364.8865 452.3287 -99.2675 123.3532 0.0000
3050.03 17.07.2018 07.50.01 26.90215 296.4820 96.3864 0.3089 -6.1785 8.6499 449.6235 234.4394 365.9937 454.4890 -103.2845 123.8548 0.0000
3060.03 17.07.2018 08.00.01 26.94189 296.6895 82.0099 0.2629 -6.2817 8.7260 463.6496 242.9187 366.9376 457.5810 -108.2923 124.3787 0.0000
3070.03 17.07.2018 08.10.01 26.97848 296.8575 98.5804 0.3160 -6.3416 8.8767 469.6716 246.3936 368.1137 459.2969 -111.5242 124.9120 0.0000
3080.03 17.07.2018 08.20.01 27.02194 297.0053 82.9833 0.2660 -6.4160 8.9093 474.3373 249.1770 369.0616 460.5868 -115.6673 125.4538 0.0000
3090.03 17.07.2018 08.30.01 27.06158 297.1574 100.0330 0.3206 -6.4463 9.0226 479.4214 252.1279 370.1439 461.8302 -119.7013 126.0020 0.0000
3100.03 17.07.2018 08.40.01 27.10845 297.3037 102.3604 0.3281 -6.4918 9.0932 484.0436 254.8324 371.0866 463.0271 -121.9422 126.5646 0.0000
3110.03 17.07.2018 08.50.01 27.15759 297.4438 103.7069 0.3324 -6.5256 9.1440 488.1587 257.2529 371.9641 463.9236 -125.6192 127.1365 0.0000
3120.03 17.07.2018 09.00.01 27.20812 297.5706 61.5992 0.1974 -6.5470 8.9926 489.4338 258.1809 372.6535 464.4757 -128.9414 127.7144 0.0000
3130.03 17.07.2018 09.10.01 27.24716 297.6092 270.1116 0.8657 -6.4819 9.7969 476.8019 250.9757 373.8584 464.4035 -127.5767 128.2921 0.0000
3140.03 17.07.2018 09.20.01 27.35839 297.6214 327.2668 1.0489 -6.7882 10.4495 462.0261 242.6411 374.9709 463.8713 -125.2522 128.8775 0.0000
3150.03 17.07.2018 09.30.01 27.49117 297.6342 363.6562 1.1656 -7.1805 11.1281 446.8794 234.0566 376.1459 463.0723 -122.6688 129.4733 0.0000
3160.03 17.07.2018 09.40.01 27.63815 297.6045 367.5429 1.1780 -7.6196 11.7301 435.7922 227.6646 377.1828 462.4391 -119.6999 130.0763 0.0000
3170.03 17.07.2018 09.50.01 27.78823 297.5698 379.0034 1.2148 -8.0470 12.3490 424.4320 221.0914 378.2649 461.6040 -117.5253 130.6826 0.0000
3180.03 17.07.2018 10.00.01 27.94390 297.5250 388.3918 1.2448 -8.4777 12.9634 412.3696 214.1010 379.2768 460.3191 -116.0062 131.2932 0.0000
3190.03 17.07.2018 10.10.01 28.10296 297.5784 235.4306 0.7546 -8.9079 12.8833 402.5454 208.8564 379.5377 459.2241 -113.2260 131.9106 0.0000
3200.03 17.07.2018 10.20.01 28.21069 297.6370 189.6583 0.6079 -9.0471 12.8733 393.1471 203.7948 379.8906 458.2078 -110.5538 132.5282 0.0000
3210.03 17.07.2018 10.30.01 28.30276 297.6923 142.5862 0.4570 -9.0989 12.7412 382.4323 198.0695 380.0444 457.0508 -107.7434 133.1499 0.0000
3220.03 17.07.2018 10.40.01 28.37869 297.7445 128.8409 0.4130 -9.0646 12.6367 373.3176 193.1849 380.1727 455.9568 -105.0734 133.7693 0.0000
3230.03 17.07.2018 10.50.01 28.45022 297.7983 124.0331 0.3975 -9.0030 12.5341 364.0693 188.2182 380.2879 454.8511 -102.3592 134.9880 0.0000
3240.03 17.07.2018 11.00.01 28.51956 297.8504 123.1306 0.3946 -8.9372 12.4425 354.5658 183.0854 380.4174 453.7317 -99.6492 136.2062 0.0000
3250.03 17.07.2018 11.10.01 28.58846 297.9499 128.2998 0.4112 -8.8717 12.3772 359.2372 185.5652 380.6425 453.6342 -98.3181 137.4321 0.0000
3260.03 17.07.2018 11.20.01 28.65951 298.0625 179.2117 0.5744 -8.8183 12.5236 365.6236 188.8549 381.2039 454.0745 -97.9325 138.6774 0.0000
3270.03 17.07.2018 11.30.01 28.74853 298.1828 213.8682 0.6855 -8.8548 12.7203 372.2187 192.2178 381.9195 454.7720 -98.0655 139.9461 0.0000
3280.03 17.07.2018 11.40.01 28.85006 298.3159 228.1941 0.7314 -8.9495 12.9079 378.7090 195.5118 382.6511 455.5830 -98.6375 141.2373 0.0000
3290.03 17.07.2018 11.50.01 28.95718 298.4505 239.1796 0.7666 -9.0656 13.1096 385.0660 198.7114 383.3961 456.5119 -99.4882 142.5550 0.0000
3300.03 17.07.2018 12.00.01 29.06841 298.5845 237.2878 0.7605 -9.1973 13.2771 390.4529 201.3661 384.1414 457.4363 -100.4552 143.9118 0.0000
3310.03 17.07.2018 12.10.01 29.17956 298.5646 284.9074 0.9132 -9.3281 13.6551 379.4248 195.0977 385.0135 457.3970 -100.1707 145.2840 0.0000
3320.03 17.07.2018 12.20.01 29.30633 298.5256 243.6501 0.7809 -9.5466 13.7701 367.6510 188.6539 385.4858 456.9861 -98.9748 146.6639 0.0000
3330.03 17.07.2018 12.30.01 29.41824 298.4793 210.5734 0.6749 -9.6947 13.8262 356.5707 182.6873 385.7842 456.4603 -97.4569 148.0413 0.0000
3340.03 17.07.2018 12.40.01 29.51782 298.4304 191.8704 0.6150 -9.7912 13.8748 345.8255 176.8854 386.0218 455.7375 -95.6696 149.4112 0.0000
3350.03 17.07.2018 12.50.01 29.61013 298.3810 179.4413 0.5751 -9.8618 13.9159 334.7889 170.9166 386.2098 454.8572 -93.5134 150.7741 0.0000
3360.03 17.07.2018 13.00.01 29.69769 298.3344 202.3960 0.6487 -9.9193 14.0907 324.6829 165.3669 386.5154 453.9233 -91.3470 152.1306 0.0000
3370.03 17.07.2018 13.10.01 29.79122 298.2216 58.1427 0.1864 -10.0178 13.6056 319.4445 162.8543 385.8132 452.8500 -91.5293 153.4856 0.0000
3380.03 17.07.2018 13.20.01 29.83370 298.1204 19.5257 0.0626 -9.8696 13.2430 315.2698 160.8533 385.1396 451.8024 -91.8971 154.8220 0.0000
3390.03 17.07.2018 13.30.01 29.86093 298.0212 -2.2191 -0.0071 -9.6701 12.8839 310.9999 158.7914 384.4668 450.6669 -92.3153 156.1336 0.0000
3400.03 17.07.2018 13.40.01 29.87890 297.9228 -20.8063 -0.0667 -9.4493 12.5102 306.9297 156.8351 383.7446 449.4855 -92.5415 157.4214 0.0000
3410.03 17.07.2018 13.50.01 29.88879 297.8267 -32.3416 -0.1037 -9.2113 12.1436 302.7965 154.8336 383.0137 448.2400 -92.6539 158.6935 0.0000
3420.03 17.07.2018 14.00.01 29.89340 297.7313 -38.0584 -0.1220 -8.9677 11.7943 298.4916 152.7105 382.2860 446.9338 -92.4822 159.9504 0.0000
3430.03 17.07.2018 14.10.01 29.89404 297.6196 -104.9200 -0.3363 -8.7267 11.1872 288.1394 146.9298 380.1307 444.0583 -91.8631 161.1899 0.0000
3440.03 17.07.2018 14.20.01 29.86941 297.4946 -143.7301 -0.4607 -8.3873 10.5689 286.4857 146.3798 377.8072 442.4094 -91.9682 162.3895 0.0000
3450.03 17.07.2018 14.30.01 29.82928 297.3765 -152.7599 -0.4896 -8.0011 10.0153 285.2679 146.0240 375.5702 440.8771 -91.7362 163.5658 0.0000
3460.03 17.07.2018 14.40.01 29.78427 297.2625 -140.0772 -0.4490 -7.6190 9.5601 286.0522 146.6784 373.4514 439.5719 -91.4732 164.7219 0.0000
3470.03 17.07.2018 14.50.01 29.74191 297.1459 -161.5801 -0.5179 -7.2751 9.0097 285.7012 146.7500 371.2575 438.2633 -91.0887 165.8418 0.0000
3480.03 17.07.2018 15.00.01 29.69085 297.0269 -176.9009 -0.5670 -6.9066 8.4528 284.8017 146.5005 369.0332 436.9443 -90.5616 166.9397 0.0000
3490.03 17.07.2018 15.10.01 29.63421 296.8341 -98.2320 -0.3148 -6.5290 8.2855 275.5705 141.6412 367.7199 435.5369 -88.4838 167.4863 0.0000
3500.03 17.07.2018 15.20.01 29.60400 296.6381 -105.2040 -0.3372 -6.3041 7.9558 260.5431 133.4722 366.2651 433.0912 -85.3549 168.0557 0.0000
3510.03 17.07.2018 15.30.01 29.57043 296.4353 -126.7763 -0.4063 -6.0758 7.5592 249.0626 127.5006 364.6529 431.0783 -82.4259 168.6056 0.0000
3520.03 17.07.2018 15.40.01 29.52865 296.2432 -111.6374 -0.3578 -5.8188 7.2813 225.7257 114.3153 363.1617 427.0024 -78.0177 169.1426 0.0000
3530.03 17.07.2018 15.50.01 29.49087 296.0418 -132.6716 -0.4252 -5.6001 6.8998 214.1582 108.2988 361.5678 424.6783 -74.7557 169.6690 0.0000
3540.03 17.07.2018 16.00.01 29.44494 295.8440 -136.1555 -0.4364 -5.3542 6.5570 202.8743 102.4123 359.9458 422.3533 -71.4357 170.2512 0.0000
3550.03 17.07.2018 16.10.01 29.39657 295.5805 -149.5656 -0.4794 -5.1152 6.1811 192.2015 96.8671 358.0632 419.8964 -68.9254 170.8494 0.0000
3560.03 17.07.2018 16.20.01 29.34216 295.3148 -154.7163 -0.4959 -4.8695 5.8315 181.8779 91.5042 356.1278 417.4230 -66.3023 171.4794 0.0000
3570.03 17.07.2018 16.30.01 29.28469 295.0608 -125.7240 -0.4030 -4.6305 5.6368 173.1065 86.9125 354.3561 415.0933 -63.6023 172.1486 0.0000
3580.03 17.07.2018 16.40.01 29.23730 294.7991 48.2479 0.1546 -4.4584 6.1507 161.8300 80.3775 352.5699 412.2680 -60.7712 172.7903 0.0000
3590.03 17.07.2018 16.50.01 29.24890 294.5341 113.3603 0.3633 -4.6126 6.6346 154.7204 76.3490 350.7647 410.0306 -58.2774 173.4069 0.0000
3600.03 17.07.2018 17.00.01 29.28262 294.2656 117.1033 0.3753 -4.8873 7.0169 147.4133 72.2452 348.8648 407.7520 -55.7078 173.9963 0.0000
3610.03 17.07.2018 17.10.01 29.31722 293.9830 92.0603 0.2951 -5.1707 7.2876 139.5489 67.9526 347.2885 405.5705 -52.9586 174.5546 0.0000
3620.03 17.07.2018 17.20.01 29.34274 293.7014 48.3048 0.1548 -5.4105 7.4204 131.3786 63.5712 345.7010 403.3731 -50.2077 175.0896 0.0000
3630.03 17.07.2018 17.30.01 29.35253 293.4190 -1.1920 -0.0038 -5.5762 7.4298 122.8947 59.0982 344.0977 401.1625 -47.4814 175.5980 0.0000
3640.03 17.07.2018 17.40.01 29.34405 293.1389 -70.3143 -0.2254 -5.6598 7.2460 112.3875 53.7438 342.5253 398.9386 -44.6167 176.0786 0.0000
3650.03 17.07.2018 17.50.01 29.31048 292.8562 -147.4786 -0.4727 -5.6285 6.8744 100.9773 48.0301 340.9142 396.6196 -41.5733 176.5360 0.0000
3660.03 17.07.2018 18.00.01 29.24871 292.5742 -214.6823 -0.6881 -5.4708 6.3770 89.0627 42.1382 339.2692 394.2432 -38.4220 176.9590 0.0000
3670.03 17.07.2018 18.10.01 29.16244 292.2428 -225.7209 -0.7235 -5.2075 5.9787 80.0164 37.6622 338.0375 392.0247 -34.9361 177.3433 0.0000
3680.03 17.07.2018 18.20.01 29.07073 291.9196 -254.7722 -0.8166 -4.9390 5.4966 69.7391 32.6307 336.8807 389.8838 -31.6707 177.6905 0.0000
3690.03 17.07.2018 18.30.01 28.96758 291.6038 -293.2741 -0.9400 -4.6299 4.9199 59.4594 27.6607 335.7961 387.7500 -28.5432 177.9772 0.0000
3700.03 17.07.2018 18.40.01 28.84774 291.2906 -572.1409 -1.8338 -4.2629 3.2388 43.0099 20.1954 334.7170 385.3849 -25.3113 178.2094 0.0000
3710.03 17.07.2018 18.50.01 28.63040 290.9782 -682.1603 -2.1864 -3.4060 1.6261 28.0603 13.5556 333.6136 383.0648 -22.0914 178.3812 0.0000
3720.03 17.07.2018 19.00.01 28.37426 290.6594 -523.7681 -1.6787 -2.3767 0.9307 14.6646 7.1290 332.4962 380.6572 -19.0334 178.4933 0.0000
3730.03 17.07.2018 19.10.01 28.17108 290.2692 -352.9863 -1.1314 -1.6651 0.7117 11.5072 5.5791 331.2227 378.2559 -17.9459 178.5621 0.0000
3740.03 17.07.2018 19.20.01 28.02474 289.8799 -263.4229 -0.8443 -1.2890 0.5929 9.5783 4.6307 329.9964 376.0926 -17.3766 178.6122 0.0000
3750.03 17.07.2018 19.30.01 27.90798 289.4908 -225.1215 -0.7215 -1.0903 0.4916 7.8198 3.7665 328.7777 374.0252 -16.9878 178.6559 0.0000
3760.03 17.07.2018 19.40.01 27.80325 289.1054 -252.8756 -0.8105 -0.9707 0.2135 5.1112 2.5379 327.5683 372.0162 -16.6636 178.6880 0.0000
3770.03 17.07.2018 19.50.01 27.68859 288.7158 -222.7430 -0.7139 -0.8082 0.1257 2.7308 1.3540 326.3615 370.0290 -16.4327 178.7057 0.0000
3780.03 17.07.2018 20.00.01 27.58355 288.3259 -212.4660 -0.6810 -0.7094 0.0378 0.3400 0.1648 325.1491 368.0758 -16.2447 178.7206 0.0000
3790.03 17.07.2018 20.10.01 27.48162 287.9217 -196.0901 -0.6285 -0.6336 0.0068 0.0611 0.0296 324.0558 366.2658 -15.8023 178.7272 0.0000
3800.03 17.07.2018 20.20.01 27.38549 287.5275 -182.5801 -0.5852 -0.5861 0.0012 0.0110 0.0053 323.0138 364.5980 -15.5756 178.7338 0.0000
3810.03 17.07.2018 20.30.01 27.29427 287.1391 -174.8411 -0.5604 -0.5606 0.0002 0.0020 0.0010 322.0013 363.0269 -15.3398 178.7404 0.0000
3820.03 17.07.2018 20.40.01 27.20602 286.7517 -170.4236 -0.5462 -0.5463 0.0000 0.0004 0.0002 321.0101 361.5237 -15.1959 178.7469 0.0000
3830.03 17.07.2018 20.50.01 27.11956 286.3699 -167.6050 -0.5372 -0.5372 0.0000 0.0001 0.0000 320.0355 360.0806 -15.1385 178.7498 0.0000
3840.03 17.07.2018 21.00.01 27.03430 285.9925 -165.3479 -0.5300 -0.5300 0.0000 0.0000 0.0000 319.0664 358.6938 -15.0263 178.7498 0.0000
3850.03 17.07.2018 21.10.01 26.95019 285.8327 -163.2622 -0.5233 -0.5233 0.0000 0.0000 0.0000 318.5826 357.5835 -14.1000 178.7498 0.0000
3860.03 17.07.2018 21.20.01 26.86727 285.6692 -161.0885 -0.5163 -0.5163 0.0000 0.0000 0.0000 318.1585 356.5256 -13.5441 178.7498 0.0000
3870.03 17.07.2018 21.30.01 26.78533 285.4906 -159.4380 -0.5110 -0.5110 0.0000 0.0000 0.0000 317.6826 355.5040 -13.1786 178.7498 0.0000
3880.03 17.07.2018 21.40.01 26.70419 285.2378 -157.6027 -0.5051 -0.5051 0.0000 0.0000 0.0000 317.2013 354.6073 -12.6173 178.7498 0.0000
3890.03 17.07.2018 21.50.01 26.62417 285.0720 -154.7364 -0.4959 -0.4959 0.0000 0.0000 0.0000 316.7649 353.6729 -12.2093 178.7491 0.0000
3900.03 17.07.2018 22.00.01 26.54583 284.9428 -151.3320 -0.4850 -0.4850 0.0000 0.0000 0.0000 316.3667 352.7964 -11.8398 178.7458 0.0000
3910.03 17.07.2018 22.10.01 26.46929 284.8885 -148.3997 -0.4756 -0.4756 0.0000 0.0000 0.0000 316.0132 352.0419 -11.4308 178.7411 0.0000
3920.03 17.07.2018 22.20.01 26.39364 284.8163 -147.5494 -0.4729 -0.4729 0.0000 0.0000 0.0000 315.6533 351.3047 -11.1366 178.7344 0.0000
3930.03 17.07.2018 22.30.01 26.31790 284.7443 -147.5790 -0.4730 -0.4730 0.0000 0.0000 0.0000 315.2937 350.5956 -10.8763 178.7254 0.0000
3940.03 17.07.2018 22.40.01 26.24194 284.6676 -147.8808 -0.4740 -0.4740 0.0000 0.0000 0.0000 314.9118 349.9027 -10.6154 178.7160 0.0000
3950.03 17.07.2018 22.50.01 26.16598 284.5752 -148.1740 -0.4749 -0.4749 0.0000 0.0000 0.0000 314.5209 349.2177 -10.4350 178.7044 0.0000
3960.03 17.07.2018 23.00.01 26.09002 284.4833 -148.3500 -0.4755 -0.4755 0.0000 0.0000 0.0000 314.1308 348.5530 -10.2708 178.6919 0.0000
3970.03 17.07.2018 23.10.01 26.01406 284.4086 -147.9818 -0.4743 -0.4743 0.0000 0.0000 0.0000 313.6880 347.9001 -10.0616 178.6795 0.0000
3980.03 17.07.2018 23.20.01 25.93810 284.3033 -147.7729 -0.4736 -0.4736 0.0000 0.0000 0.0000 313.2987 347.2650 -10.0673 178.6658 0.0000
3990.03 17.07.2018 23.30.01 25.86187 284.1659 -150.2075 -0.4814 -0.4814 0.0000 0.0000 0.0000 312.9380 346.6146 -10.3751 178.6509 0.0000
4000.03 17.07.2018 23.40.01 25.78384 284.0250 -154.9120 -0.4965 -0.4965 0.0000 0.0000 0.0000 312.5524 346.0053 -10.5628 178.6363 0.0000
4010.03 17.07.2018 23.50.01 25.70321 283.8755 -160.2071 -0.5135 -0.5135 0.0000 0.0000 0.0000 312.1565 345.3870 -10.8445 178.6215 0.0000
4020.03 18.07.2018 00.00.01 25.61987 283.7271 -165.3916 -0.5301 -0.5301 0.0000 0.0000 0.0000 311.7512 344.7661 -11.1537 178.6070 0.0000
4030.03 18.07.2018 00.10.01 25.53417 283.6695 -168.3133 -0.5395 -0.5395 0.0000 0.0000 0.0000 311.4264 344.2155 -10.4753 178.5922 0.0000
4040.03 18.07.2018 00.20.01 25.44845 283.6116 -166.0367 -0.5322 -0.5322 0.0000 0.0000 0.0000 311.0795 343.6913 -9.9189 178.5775 0.0000
4050.03 18.07.2018 00.30.01 25.36459 283.5428 -161.4751 -0.5175 -0.5175 0.0000 0.0000 0.0000 310.6139 343.1683 -9.5580 178.5635 0.0000
4060.03 18.07.2018 00.40.01 25.28314 283.5033 -157.3072 -0.5042 -0.5042 0.0000 0.0000 0.0000 310.2381 342.7116 -9.1877 178.5487 0.0000
4070.03 18.07.2018 00.50.01 25.20321 283.4985 -156.5290 -0.5017 -0.5017 0.0000 0.0000 0.0000 310.1772 342.2867 -9.0073 178.5315 0.0000
4080.03 18.07.2018 01.00.01 25.12264 283.5205 -158.3694 -0.5076 -0.5076 0.0000 0.0000 0.0000 310.0866 341.8787 -8.8797 178.5150 0.0000
4090.03 18.07.2018 01.10.01 25.04073 283.3736 -160.9701 -0.5159 -0.5159 0.0000 0.0000 0.0000 309.7554 341.3734 -9.1268 178.5002 0.0000
4100.03 18.07.2018 01.20.01 24.95785 283.2194 -162.1525 -0.5197 -0.5197 0.0000 0.0000 0.0000 309.3444 340.8469 -9.3752 178.4846 0.0000
4110.03 18.07.2018 01.30.01 24.87454 283.0778 -162.7956 -0.5218 -0.5218 0.0000 0.0000 0.0000 308.9229 340.3161 -9.5525 178.4666 0.0000
4120.03 18.07.2018 01.40.01 24.79119 282.9486 -162.7832 -0.5217 -0.5217 0.0000 0.0000 0.0000 308.4733 339.8098 -9.4841 178.4477 0.0000
4130.03 18.07.2018 01.50.01 24.70828 282.8142 -161.3037 -0.5170 -0.5170 0.0000 0.0000 0.0000 307.9789 339.2998 -9.4773 178.4297 0.0000
4140.03 18.07.2018 02.00.01 24.62625 282.6851 -159.5797 -0.5115 -0.5115 0.0000 0.0004 0.0002 307.5044 338.7805 -9.5328 178.4142 0.0000
4150.03 18.07.2018 02.10.01 24.54479 282.7616 -155.3016 -0.4978 -0.5076 0.0132 0.2486 0.1239 307.3708 338.4419 -8.8424 178.3979 0.0000
4160.03 18.07.2018 02.20.01 24.46469 282.8252 -153.4455 -0.4918 -0.5145 0.0302 0.5324 0.2648 307.3474 338.1604 -8.3230 178.3773 0.0000
4170.03 18.07.2018 02.30.01 24.38491 282.9008 -153.7148 -0.4927 -0.5286 0.0479 0.8220 0.4086 307.3723 337.9194 -7.8258 178.3521 0.0000
4180.03 18.07.2018 02.40.01 24.30483 282.9654 -154.5914 -0.4955 -0.5448 0.0658 1.1127 0.5529 307.4256 337.7125 -7.4525 178.3245 0.0000
4190.03 18.07.2018 02.50.01 24.22421 283.0336 -155.8220 -0.4994 -0.5621 0.0836 1.4036 0.6972 307.4607 337.5310 -7.0743 178.2931 0.0000
4200.03 18.07.2018 03.00.01 24.14297 283.1059 -156.6457 -0.5021 -0.5783 0.1017 1.6981 0.8434 307.4845 337.3752 -6.6822 178.2588 0.0000
4210.03 18.07.2018 03.10.01 24.06173 283.4181 -129.3982 -0.4147 -0.5903 0.2341 4.1510 2.0648 307.9022 337.6041 -5.1562 178.2170 0.0000
4220.03 18.07.2018 03.20.01 23.99087 283.7479 -106.4817 -0.3413 -0.6417 0.4005 6.9137 3.4370 308.5095 338.0239 -3.7770 178.1686 0.0000
4230.03 18.07.2018 03.30.01 23.92919 284.0878 -91.1504 -0.2921 -0.7216 0.5725 9.7267 4.8334 309.2001 338.5767 -2.4961 178.1166 0.0000
4240.03 18.07.2018 03.40.01 23.87405 284.4300 -79.9610 -0.2563 -0.8155 0.7457 12.5493 6.2345 309.9369 339.2368 -1.3190 178.0622 0.0000
4250.03 18.07.2018 03.50.01 23.82400 284.7780 -70.8431 -0.2271 -0.9163 0.9189 15.3735 7.6364 310.7086 339.9972 -0.2111 178.0065 0.0000
4260.03 18.07.2018 04.00.01 23.77834 285.1269 -62.8376 -0.2014 -1.0206 1.0923 18.1985 9.0386 311.5106 340.8431 0.8183 177.9508 0.0000
4270.03 18.07.2018 04.10.01 23.73669 285.4540 -52.3898 -0.1679 -1.1260 1.2775 21.2473 10.5524 312.6870 341.7883 1.4841 177.8968 0.0000
4280.03 18.07.2018 04.20.01 23.70001 285.7849 -42.3227 -0.1356 -1.2353 1.4662 24.3282 12.0818 313.9244 342.8197 2.0417 177.8495 0.0000
4290.03 18.07.2018 04.30.01 23.66815 286.1224 -33.3595 -0.1069 -1.3486 1.6556 27.4144 13.6137 315.1865 343.9220 2.5410 177.8111 0.0000
4300.03 18.07.2018 04.40.01 23.64056 286.4607 -25.2860 -0.0810 -1.4648 1.8450 30.5015 15.1461 316.4822 345.0865 2.9843 177.7801 0.0000
4310.03 18.07.2018 04.50.01 23.62014 286.8063 361.6403 1.1591 -1.5840 3.6575 64.0632 30.9139 317.8050 346.8345 2.8265 177.7582 0.0000
4320.03 18.07.2018 05.00.01 23.73373 287.2815 412.8924 1.3234 -2.3877 4.9481 74.0316 35.2665 320.1674 349.3779 2.5313 177.7814 0.0000
4330.03 18.07.2018 05.10.01 23.89080 287.7629 3063.7886 9.8198 -3.2483 17.4241 248.6557 114.9868 322.0570 354.5493 -0.5152 177.8271 0.0000
4340.03 18.07.2018 05.20.01 24.96624 288.8635 3885.4971 12.4535 -8.8457 28.3989 418.1644 193.4365 329.5951 366.3513 -8.3619 178.1061 0.0000
4350.03 18.07.2018 05.30.01 26.33944 289.9227 3692.8062 11.8359 -15.7284 36.7524 582.3238 270.9560 337.2201 382.0573 -21.8560 178.6112 0.0000
4360.03 18.07.2018 05.40.01 27.63970 290.7208 532.3331 1.7062 -22.0454 31.6688 539.5762 253.3292 342.4815 396.9598 -34.3539 179.4175 0.0000
4370.03 18.07.2018 05.50.01 27.86114 291.0043 -905.2820 -2.9015 -22.4982 26.1289 489.9855 232.0890 343.0121 405.6331 -43.9683 180.2070 0.0000
4380.03 18.07.2018 06.00.01 27.58090 291.1466 -1475.0964 -4.7279 -20.4059 20.9040 459.7438 222.0105 343.0590 414.0646 -55.7155 180.9290 0.0000
4390.03 18.07.2018 06.10.01 27.09429 291.3462 -1490.5200 -4.7773 -17.4024 16.8335 432.6899 210.9441 343.3526 418.3664 -61.1397 181.5931 0.0000
4400.03 18.07.2018 06.20.01 26.59164 291.6028 -1407.5022 -4.5112 -14.4952 13.3119 410.4041 202.0094 344.2656 421.8241 -65.3930 182.2296 0.0000
4410.03 18.07.2018 06.30.01 26.10912 291.9147 -1305.0850 -4.1830 -11.8360 10.2041 391.3947 194.4780 345.4615 424.3767 -68.3235 182.8643 0.0000
4420.03 18.07.2018 06.40.01 25.65585 292.2452 -1185.5216 -3.7997 -9.4357 7.5146 381.1493 191.1147 346.7089 426.4217 -70.4392 183.5060 0.0000
4430.03 18.07.2018 06.50.01 25.24380 292.6011 -552.1227 -1.7696 -7.3063 7.3822 378.6701 190.4487 348.1082 428.6074 -72.8484 184.1715 0.0000
4440.03 18.07.2018 07.00.01 25.04809 292.9224 -196.7110 -0.6305 -6.3584 7.6372 375.8067 189.2950 349.3240 430.3150 -74.9901 184.8529 0.0000
4450.03 18.07.2018 07.10.01 24.97589 293.0780 20.0737 0.0643 -6.0537 8.1574 373.7064 188.5739 349.7232 431.6370 -77.7239 185.3527 0.0000
4460.03 18.07.2018 07.20.01 24.98022 293.2971 109.9914 0.3525 -6.1237 8.6350 385.8777 196.4598 350.7793 434.7285 -82.2381 185.7811 0.0000
4470.03 18.07.2018 07.30.01 25.01815 293.5400 148.6901 0.4766 -6.3292 9.0743 420.1877 217.6679 352.3155 441.2983 -89.4458 186.2217 0.0000
4480.03 18.07.2018 07.40.01 25.07220 293.7945 178.2436 0.5713 -6.5763 9.5301 419.1024 217.1927 353.6099 442.3160 -91.0321 186.6517 0.0000
4490.03 18.07.2018 07.50.01 25.13915 294.0388 210.7138 0.6754 -6.8472 10.0300 420.0847 217.9123 355.1428 443.5119 -92.6784 187.0978 0.0000
4500.03 18.07.2018 08.00.01 25.21954 294.2668 202.0809 0.6477 -7.1499 10.3969 425.2411 221.2757 356.5083 445.3857 -94.6037 187.5624 0.0000
4510.03 18.07.2018 08.10.01 25.29986 294.4074 265.9851 0.8525 -7.4135 11.0213 407.8899 211.8374 357.9962 444.9877 -93.7963 188.0446 0.0000
4520.03 18.07.2018 08.20.01 25.40371 294.5158 253.6566 0.8130 -7.7717 11.4463 387.7146 200.9112 359.1227 443.7510 -91.9449 188.5377 0.0000
4530.03 18.07.2018 08.30.01 25.50533 294.6185 252.5274 0.8094 -8.0868 11.8615 366.5431 189.3964 360.1485 442.0526 -89.4225 189.0430 0.0000
4540.03 18.07.2018 08.40.01 25.60809 294.7097 238.3456 0.7639 -8.3814 12.1938 351.2517 181.0244 360.9750 440.3865 -86.9086 189.5574 0.0000
4550.03 18.07.2018 08.50.01 25.70757 294.8032 249.7759 0.8006 -8.6338 12.5791 335.8328 172.5208 361.8155 438.6638 -84.2180 190.0750 0.0000
4560.03 18.07.2018 09.00.01 25.81216 294.8896 238.0093 0.7629 -8.8919 12.8730 318.8382 163.1649 362.5417 436.7035 -81.1138 190.5982 0.0000
4570.03 18.07.2018 09.10.01 25.91351 295.0018 187.5920 0.6013 -9.1151 12.9552 316.7903 162.0188 363.4115 436.1715 -76.3825 191.1229 0.0000
4580.03 18.07.2018 09.20.01 25.99886 295.1288 198.8751 0.6374 -9.2347 13.1628 315.6984 161.3163 364.5229 436.1990 -72.8504 191.6516 0.0000
4590.03 18.07.2018 09.30.01 26.08907 295.2638 216.4021 0.6936 -9.3643 13.4105 314.8007 160.6889 365.7710 436.4884 -70.1508 192.1865 0.0000
4600.03 18.07.2018 09.40.01 26.18636 295.3993 221.8840 0.7112 -9.5146 13.6344 314.6579 160.4707 367.0347 437.0026 -67.9930 192.7284 0.0000
4610.03 18.07.2018 09.50.01 26.28661 295.5380 230.8265 0.7398 -9.6643 13.8721 314.5170 160.2394 368.3359 437.6824 -66.2314 193.2758 0.0000
4620.03 18.07.2018 10.00.01 26.39080 295.6801 235.2449 0.7540 -9.8206 14.0994 314.0358 159.8136 369.6390 438.4486 -64.6843 193.8276 0.0000
4630.03 18.07.2018 10.10.01 26.49743 295.8544 247.9038 0.7946 -9.9767 14.3617 322.9863 164.4518 371.3299 439.9302 -65.1601 194.3922 0.0000
4640.03 18.07.2018 10.20.01 26.60940 296.0620 292.8342 0.9386 -10.1475 14.7814 333.2834 169.7349 373.3239 441.8448 -66.8395 194.9868 0.0000
4650.03 18.07.2018 10.30.01 26.73770 296.2620 308.7500 0.9896 -10.3896 15.1723 343.2019 174.8208 375.4294 443.8653 -69.4614 195.6080 0.0000
4660.03 18.07.2018 10.40.01 26.87267 296.4686 324.7102 1.0407 -10.6479 15.5848 353.0553 179.8547 377.6797 446.2083 -71.3303 196.2516 0.0000
4670.03 18.07.2018 10.50.01 27.01519 296.6358 334.9991 1.0737 -10.9208 15.9927 362.7384 184.7912 379.8897 448.5728 -74.2324 197.5526 0.0000
4680.03 18.07.2018 11.00.01 27.16290 296.7328 344.1843 1.1032 -11.1994 16.4035 372.0924 189.5298 382.0663 450.6188 -78.1561 198.8959 0.0000
4690.03 18.07.2018 11.10.01 27.31390 296.8165 269.8209 0.8648 -11.4836 16.4646 356.1526 180.9157 382.5868 451.2656 -75.6482 200.2589 0.0000
4700.03 18.07.2018 11.20.01 27.43813 296.8457 149.3821 0.4788 -11.6309 16.1463 336.7889 170.6400 382.4447 450.7900 -72.5683 201.6054 0.0000
4710.03 18.07.2018 11.30.01 27.51943 296.8560 80.5972 0.2583 -11.5693 15.7701 317.0236 160.1831 382.0074 449.8022 -69.1334 202.9054 0.0000
4720.03 18.07.2018 11.40.01 27.57531 296.8565 40.1404 0.1287 -11.3975 15.3682 298.2230 150.2655 381.4334 448.5675 -65.2847 204.1551 0.0000
4730.03 18.07.2018 11.50.01 27.61569 296.8541 19.3970 0.0622 -11.1676 14.9730 279.6596 140.4832 380.7559 447.0494 -61.5477 205.3450 0.0000
4740.03 18.07.2018 12.00.01 27.64745 296.8381 5.5947 0.0179 -10.9140 14.5759 261.2713 130.8058 380.0651 445.2949 -57.4662 206.4754 0.0000
4750.03 18.07.2018 12.10.01 27.67272 296.9038 -75.2685 -0.2412 -10.6415 13.8670 260.8725 130.9898 379.3842 444.5418 -54.2448 207.5443 0.0000
4760.03 18.07.2018 12.20.01 27.67001 296.9226 -45.0516 -0.1444 -10.2317 13.4497 263.3736 132.6117 379.1683 444.3028 -53.6271 208.5464 0.0000
4770.03 18.07.2018 12.30.01 27.67718 296.9451 -24.3528 -0.0781 -9.8841 13.0747 266.6363 134.6469 379.0622 444.2660 -54.3832 209.4850 0.0000
4780.03 18.07.2018 12.40.01 27.69097 297.1063 -15.2197 -0.0488 -9.5807 12.7092 270.0753 136.7736 379.4055 444.9963 -52.4050 210.3421 0.0000
4790.03 18.07.2018 12.50.01 27.70770 297.2920 -13.4581 -0.0431 -9.2961 12.3373 273.4484 138.8675 379.8835 445.8607 -51.4005 211.1264 0.0000
4800.03 18.07.2018 13.00.01 27.72500 297.5561 6.7103 0.0215 -9.0167 12.0510 277.4159 141.2309 380.8947 446.7652 -51.5321 211.8238 0.0000
4810.03 18.07.2018 13.10.01 27.74972 297.5578 76.4614 0.2451 -8.7805 12.0341 268.6428 136.5659 381.3055 447.6858 -45.4405 212.5422 0.0000
4820.03 18.07.2018 13.20.01 27.79800 297.5680 57.3024 0.1837 -8.6733 11.8092 257.8458 130.9017 381.6809 447.5239 -45.8408 213.3484 0.0000
4830.03 18.07.2018 13.30.01 27.83865 297.6340 36.4420 0.1168 -8.5419 11.5449 246.6349 125.0300 381.8368 446.4577 -49.9414 214.2677 0.0000
4840.03 18.07.2018 13.40.01 27.87097 297.7987 20.8634 0.0669 -8.3815 11.2645 235.1952 119.0406 383.0446 446.1858 -47.4681 215.2185 0.0000
4850.03 18.07.2018 13.50.01 27.89785 297.6663 14.4451 0.0463 -8.1924 10.9850 223.7484 113.0459 384.1606 444.9922 -48.2751 216.0916 0.0000
4860.03 18.07.2018 14.00.01 27.92230 297.6617 13.0347 0.0418 -7.9945 10.7150 212.3133 107.0489 385.2309 443.3890 -49.3056 216.9107 0.0000
4870.03 18.07.2018 14.10.01 27.94488 297.4658 -84.9828 -0.2724 -7.7975 10.0335 191.1162 95.9518 383.7278 440.9309 -44.3694 217.7032 0.0000
4880.03 18.07.2018 14.20.01 27.93102 297.2999 -166.5893 -0.5339 -7.4455 9.2154 171.9712 86.2273 381.7476 438.1613 -41.1791 218.4718 0.0000
4890.03 18.07.2018 14.30.01 27.88598 297.2065 -210.0190 -0.6731 -6.9771 8.4053 152.9197 76.5507 379.6632 435.2150 -38.1496 219.2143 0.0000
4900.03 18.07.2018 14.40.01 27.82293 297.1262 -234.7564 -0.7524 -6.4603 7.6105 133.5371 66.6959 377.7645 432.2166 -34.0493 219.8771 0.0000
4910.03 18.07.2018 14.50.01 27.74883 297.0492 -259.4955 -0.8317 -5.9228 6.7881 113.9441 56.7434 375.7880 428.9931 -30.1648 220.4812 0.0000
4920.03 18.07.2018 15.00.01 27.66403 296.7722 -276.8739 -0.8874 -5.3642 5.9691 94.4744 46.8599 373.6795 425.3151 -27.5301 221.0300 0.0000
4930.03 18.07.2018 15.10.01 27.57195 296.5504 -211.6961 -0.6785 -4.8060 5.5033 88.8300 44.0814 370.7321 422.3634 -26.5194 221.2772 0.0000
4940.03 18.07.2018 15.20.01 27.50155 296.2615 -137.2121 -0.4398 -4.3893 5.2660 85.2921 42.3304 368.0041 419.4387 -26.3400 221.5077 0.0000
4950.03 18.07.2018 15.30.01 27.45516 295.9925 -101.8974 -0.3266 -4.1250 5.0646 82.0716 40.7327 365.3798 416.5714 -26.1817 221.7361 0.0000
4960.03 18.07.2018 15.40.01 27.41998 295.7483 -88.3511 -0.2832 -3.9358 4.8702 78.9146 39.1657 362.9326 414.0220 -24.8561 221.9532 0.0000
4970.03 18.07.2018 15.50.01 27.38873 295.5398 -84.8534 -0.2720 -3.7797 4.6770 75.7683 37.6040 360.5511 411.6296 -23.3055 222.1525 0.0000
4980.03 18.07.2018 16.00.01 27.35803 295.3396 -85.5416 -0.2742 -3.6373 4.4841 72.6409 36.0519 358.1639 409.3314 -21.7430 222.3358 0.0000
4990.03 18.07.2018 16.10.01 27.32662 295.4358 -70.6541 -0.2265 -3.4998 4.3644 79.4275 39.5535 357.9004 407.9455 -18.7130 222.5134 0.0000
5000.03 18.07.2018 16.20.01 27.30087 295.6608 -23.2155 -0.0744 -3.3855 4.4148 87.5009 43.6512 358.1196 407.4150 -16.1880 222.7181 0.0000
5010.03 18.07.2018 16.30.01 27.29229 295.9319 8.3658 0.0268 -3.3477 4.4994 95.5727 47.7123 358.5940 407.3618 -14.1857 222.9685 0.0000
5020.03 18.07.2018 16.40.01 27.29617 296.1652 88.7343 0.2844 -3.3551 4.8527 104.6498 52.0003 359.2140 407.5125 -12.7001 223.2508 0.0000
5030.03 18.07.2018 16.50.01 27.32955 296.4187 185.4707 0.5945 -3.4964 5.4544 115.4189 57.1021 359.9722 408.2343 -11.7974 223.5707 0.0000
5040.03 18.07.2018 17.00.01 27.39813 296.6852 275.7133 0.8837 -3.7973 6.2414 126.4346 62.1885 360.7745 409.2464 -11.2760 223.9343 0.0000
5050.03 18.07.2018 17.10.01 27.49856 296.4442 217.2453 0.6963 -4.2506 6.5959 121.5930 59.5169 360.4682 409.3856 -14.5826 224.3321 0.0000
5060.03 18.07.2018 17.20.01 27.57809 296.1420 106.2309 0.3405 -4.5997 6.5869 114.1352 55.6173 359.5211 408.4970 -17.5763 224.7446 0.0000
5070.03 18.07.2018 17.30.01 27.61801 295.8345 23.4893 0.0753 -4.7591 6.4458 106.1312 51.5051 358.2782 407.1580 -20.0619 225.1626 0.0000
5080.03 18.07.2018 17.40.01 27.62722 295.5156 -61.1111 -0.1959 -4.7875 6.1222 96.1883 46.5354 357.0053 405.5361 -21.7198 225.5673 0.0000
5090.03 18.07.2018 17.50.01 27.60497 295.1861 -140.8524 -0.4514 -4.6841 5.6435 85.4983 41.2703 355.6423 403.6283 -22.5160 225.9447 0.0000
5100.03 18.07.2018 18.00.01 27.55264 294.8446 -206.6903 -0.6625 -4.4596 5.0628 74.4420 35.8875 354.2411 401.4952 -22.7003 226.2956 0.0000
5110.03 18.07.2018 18.10.01 27.47546 294.4620 -218.0519 -0.6989 -4.1405 4.5888 65.4885 31.4640 352.3888 399.2822 -21.2315 226.5919 0.0000
5120.03 18.07.2018 18.20.01 27.39211 294.0802 -241.9867 -0.7756 -3.8237 4.0642 55.8779 26.7461 350.5284 396.9259 -19.9469 226.8485 0.0000
5130.03 18.07.2018 18.30.01 27.29849 293.6388 -270.2487 -0.8662 -3.4832 3.4893 46.2861 22.0726 348.6276 394.4771 -18.6201 227.0329 0.0000
5140.03 18.07.2018 18.40.01 27.19229 293.2669 -417.6613 -1.3387 -3.1090 2.3605 33.4048 16.0534 346.7432 391.9132 -16.5341 227.1686 0.0000
5150.03 18.07.2018 18.50.01 27.03375 292.8929 -465.8922 -1.4932 -2.4840 1.3211 21.3169 10.4315 344.7688 389.3063 -14.3491 227.2578 0.0000
5160.03 18.07.2018 19.00.01 26.85729 292.5195 -399.0190 -1.2789 -1.7943 0.6872 9.8908 4.8914 342.6956 386.6255 -12.1396 227.2945 0.0000
5170.03 18.07.2018 19.10.01 26.70287 292.2553 -277.0498 -0.8880 -1.2459 0.4772 7.3833 3.6595 342.3483 384.4648 -9.8662 227.3077 0.0000
5180.03 18.07.2018 19.20.01 26.58990 292.0101 -202.5324 -0.6491 -0.9269 0.3703 5.8041 2.8779 342.2902 382.7017 -8.3924 227.3209 0.0000
5190.03 18.07.2018 19.30.01 26.50283 291.7677 -165.5363 -0.5306 -0.7418 0.2816 4.3883 2.1756 342.2943 381.1047 -7.4185 227.3341 0.0000
5200.03 18.07.2018 19.40.01 26.42889 291.5352 -147.6286 -0.4732 -0.6204 0.1963 3.0023 1.4877 342.3722 379.6405 -6.7704 227.3430 0.0000
5210.03 18.07.2018 19.50.01 26.36132 291.3150 -139.2017 -0.4462 -0.5298 0.1115 1.6216 0.8024 342.5945 378.2865 -6.3730 227.3430 0.0000
5220.03 18.07.2018 20.00.01 26.29669 291.1052 -135.9524 -0.4357 -0.4559 0.0269 0.2439 0.1185 342.9403 377.0578 -6.0691 227.3430 0.0000
5230.03 18.07.2018 20.10.01 26.23327 290.9864 -119.7775 -0.3839 -0.3874 0.0046 0.0414 0.0200 344.3093 376.2029 -5.3965 227.3430 0.0000
5240.03 18.07.2018 20.20.01 26.17587 290.9120 -106.9999 -0.3429 -0.3436 0.0009 0.0077 0.0037 346.1185 375.5793 -5.0383 227.3430 0.0000
5250.03 18.07.2018 20.30.01 26.12316 290.8587 -99.8618 -0.3201 -0.3202 0.0002 0.0014 0.0007 347.9206 375.1002 -4.8971 227.3430 0.0000
5260.03 18.07.2018 20.40.01 26.07314 290.7905 -95.8234 -0.3071 -0.3071 0.0000 0.0002 0.0001 349.6958 374.6987 -5.0329 227.3430 0.0000
5270.03 18.07.2018 20.50.01 26.02487 290.7153 -93.3659 -0.2992 -0.2993 0.0000 0.0000 0.0000 351.5421 374.3903 -5.3368 227.3430 0.0000
5280.03 18.07.2018 21.00.01 25.97769 290.6573 -91.4135 -0.2930 -0.2930 0.0000 0.0000 0.0000 353.3746 374.1809 -5.6788 227.3430 0.0000
5290.03 18.07.2018 21.10.01 25.93145 290.5833 -89.3346 -0.2863 -0.2863 0.0000 0.0000 0.0000 353.1781 373.8723 -5.7397 227.3430 0.0000
5300.03 18.07.2018 21.20.01 25.88616 290.5000 -88.4110 -0.2834 -0.2834 0.0000 0.0000 0.0000 352.8576 373.5098 -5.7555 227.3430 0.0000
5310.03 18.07.2018 21.30.01 25.84121 290.4183 -88.5430 -0.2838 -0.2838 0.0000 0.0000 0.0000 352.5216 373.1380 -5.7556 227.3430 0.0000
5320.03 18.07.2018 21.40.01 25.79583 290.3394 -88.5521 -0.2838 -0.2838 0.0000 0.0000 0.0000 352.1735 372.7600 -5.7412 227.3430 0.0000
5330.03 18.07.2018 21.50.01 25.75009 290.2649 -88.6336 -0.2841 -0.2841 0.0000 0.0000 0.0000 351.7986 372.3775 -5.7040 227.3430 0.0000
5340.03 18.07.2018 22.00.01 25.70431 290.1813 -89.2412 -0.2860 -0.2860 0.0000 0.0000 0.0000 351.4371 371.9829 -5.7018 227.3430 0.0000
5350.03 18.07.2018 22.10.01 25.65853 290.1149 -90.2263 -0.2892 -0.2892 0.0000 0.0000 0.0000 350.5845 371.5536 -5.5625 227.3430 0.0000
5360.03 18.07.2018 22.20.01 25.61193 290.0430 -90.7554 -0.2909 -0.2909 0.0000 0.0000 0.0000 349.7097 371.0893 -5.4287 227.3430 0.0000
5370.03 18.07.2018 22.30.01 25.56521 289.9615 -92.1587 -0.2954 -0.2954 0.0000 0.0000 0.0000 348.8531 370.6026 -5.3124 227.3430 0.0000
5380.03 18.07.2018 22.40.01 25.51760 289.8886 -92.9066 -0.2978 -0.2978 0.0000 0.0000 0.0000 348.0144 370.1131 -5.1568 227.3430 0.0000
5390.03 18.07.2018 22.50.01 25.46975 289.8183 -93.9476 -0.3011 -0.3011 0.0000 0.0000 0.0000 347.1561 369.6158 -4.9768 227.3430 0.0000
5400.03 18.07.2018 23.00.01 25.42126 289.7477 -94.7638 -0.3037 -0.3037 0.0000 0.0000 0.0000 346.2878 369.1083 -4.7894 227.3430 0.0000
5410.03 18.07.2018 23.10.01 25.37237 289.5723 -95.9963 -0.3077 -0.3077 0.0000 0.0000 0.0000 345.2362 368.4978 -5.0651 227.3430 0.0000
5420.03 18.07.2018 23.20.01 25.32272 289.3954 -97.8387 -0.3136 -0.3136 0.0000 0.0000 0.0000 344.1488 367.8451 -5.2924 227.3430 0.0000
5430.03 18.07.2018 23.30.01 25.27197 289.2186 -99.9584 -0.3204 -0.3204 0.0000 0.0000 0.0000 343.0505 367.1637 -5.4843 227.3430 0.0000
5440.03 18.07.2018 23.40.01 25.22015 289.0409 -102.2258 -0.3276 -0.3276 0.0000 0.0000 0.0000 341.9462 366.4605 -5.6593 227.3430 0.0000
5450.03 18.07.2018 23.50.01 25.16726 288.8635 -104.2738 -0.3342 -0.3342 0.0000 0.0000 0.0000 340.8337 365.7362 -5.7923 227.3430 0.0000
5460.03 19.07.2018 00.00.01 25.11334 288.6872 -106.1477 -0.3402 -0.3402 0.0000 0.0000 0.0000 339.7170 364.9963 -5.8962 227.3430 0.0000
5470.03 19.07.2018 00.10.01 25.05850 288.4890 -107.9093 -0.3459 -0.3459 0.0000 0.0000 0.0000 338.8171 364.2577 -6.0937 227.3430 0.0000
5480.03 19.07.2018 00.20.01 25.00274 288.3049 -109.6098 -0.3513 -0.3513 0.0000 0.0000 0.0000 337.9445 363.5344 -6.2246 227.3430 0.0000
5490.03 19.07.2018 00.30.01 24.94616 288.1201 -111.0606 -0.3560 -0.3560 0.0000 0.0000 0.0000 337.0649 362.8005 -6.3635 227.3430 0.0000
5500.03 19.07.2018 00.40.01 24.88885 287.9325 -112.4543 -0.3604 -0.3604 0.0000 0.0000 0.0000 336.1805 362.0547 -6.5198 227.3430 0.0000
5510.03 19.07.2018 00.50.01 24.83077 287.7421 -113.8690 -0.3650 -0.3650 0.0000 0.0000 0.0000 335.2933 361.3013 -6.6803 227.3429 0.0000
5520.03 19.07.2018 01.00.01 24.77212 287.5527 -115.4374 -0.3700 -0.3700 0.0000 0.0000 0.0000 334.4065 360.5437 -6.8319 227.3383 0.0000
5530.03 19.07.2018 01.10.01 24.71264 287.4479 -115.9897 -0.3718 -0.3718 0.0000 0.0000 0.0000 334.1260 359.9104 -6.5853 227.3311 0.0000
5540.03 19.07.2018 01.20.01 24.65353 287.3649 -115.0117 -0.3686 -0.3686 0.0000 0.0000 0.0000 333.9244 359.3362 -6.3886 227.3217 0.0000
5550.03 19.07.2018 01.30.01 24.59509 287.3062 -113.3855 -0.3634 -0.3634 0.0000 0.0000 0.0000 333.8054 358.8122 -6.2022 227.3116 0.0000
5560.03 19.07.2018 01.40.01 24.53738 287.2394 -112.6907 -0.3612 -0.3612 0.0000 0.0000 0.0000 333.7254 358.3239 -6.1213 227.3015 0.0000
5570.03 19.07.2018 01.50.01 24.47970 287.1803 -112.5990 -0.3609 -0.3609 0.0000 0.0000 0.0000 333.6784 357.8799 -6.0138 227.2914 0.0000
5580.03 19.07.2018 02.00.01 24.42202 287.1245 -113.0648 -0.3624 -0.3624 0.0000 0.0003 0.0002 333.6469 357.4572 -5.9708 227.2816 0.0000
5590.03 19.07.2018 02.10.01 24.36434 287.0662 -110.5343 -0.3543 -0.3616 0.0098 0.1845 0.0919 332.9763 357.0543 -5.5788 227.2713 0.0000
5600.03 19.07.2018 02.20.01 24.30764 286.9810 -107.0388 -0.3431 -0.3599 0.0224 0.3950 0.1965 332.2531 356.6184 -5.5396 227.2604 0.0000
5610.03 19.07.2018 02.30.01 24.25201 286.8416 -107.1723 -0.3435 -0.3702 0.0356 0.6099 0.3031 331.6360 356.0426 -5.9768 227.2495 0.0000
5620.03 19.07.2018 02.40.01 24.19576 286.8689 -109.2996 -0.3503 -0.3869 0.0488 0.8256 0.4102 331.1500 355.5395 -5.8454 227.2398 0.0000
5630.03 19.07.2018 02.50.01 24.13824 286.7269 -112.2504 -0.3598 -0.4063 0.0620 1.0414 0.5173 330.4606 354.9677 -6.5511 227.2336 0.0000
5640.03 19.07.2018 03.00.01 24.07867 286.6058 -117.1809 -0.3756 -0.4322 0.0755 1.2623 0.6270 329.7240 354.3669 -7.0940 227.2307 0.0000
5650.03 19.07.2018 03.10.01 24.01696 286.6100 -82.8926 -0.2657 -0.4542 0.2514 4.5450 2.2618 329.3328 354.1351 -6.5513 227.2291 0.0000
5660.03 19.07.2018 03.20.01 23.96786 286.6368 -54.3931 -0.1743 -0.5308 0.4753 8.2672 4.1106 329.1507 354.1029 -6.1212 227.2291 0.0000
5670.03 19.07.2018 03.30.01 23.92962 286.6719 -36.3302 -0.1164 -0.6469 0.7073 12.0606 5.9937 329.0561 354.1870 -5.8017 227.2291 0.0000
5680.03 19.07.2018 03.40.01 23.89874 286.7131 -24.5157 -0.0786 -0.7842 0.9408 15.8677 7.8835 329.0014 354.3691 -5.5680 227.2291 0.0000
5690.03 19.07.2018 03.50.01 23.87304 286.7579 -15.9001 -0.0510 -0.9318 1.1745 19.6772 9.7745 328.9749 354.6306 -5.4220 227.2291 0.0000
5700.03 19.07.2018 04.00.01 23.85122 286.7806 -8.8895 -0.0285 -1.0849 1.4086 23.4923 11.6682 328.9601 354.9427 -5.4765 227.2291 0.0000
5710.03 19.07.2018 04.10.01 23.83294 287.0218 35.4967 0.1138 -1.2418 1.8075 30.4171 15.1111 329.5389 355.6793 -4.8483 227.2293 0.0000
5720.03 19.07.2018 04.20.01 23.83123 287.3840 70.3506 0.2255 -1.4660 2.2553 37.7883 18.7711 330.4387 356.7622 -4.0119 227.2415 0.0000
5730.03 19.07.2018 04.30.01 23.84316 287.7625 93.2174 0.2988 -1.7347 2.7113 45.2320 22.4662 331.4544 358.0527 -3.3469 227.2547 0.0000
5740.03 19.07.2018 04.40.01 23.86486 288.1418 109.2752 0.3502 -2.0263 3.1687 52.6894 26.1679 332.5297 359.5084 -2.8726 227.2680 0.0000
5750.03 19.07.2018 04.50.01 23.89474 288.5250 237.0439 0.7598 -2.3292 4.1186 69.4124 34.1987 333.6497 361.2719 -2.7872 227.2878 0.0000
5760.03 19.07.2018 05.00.01 23.97009 288.9403 268.3112 0.8600 -2.8448 4.9397 79.3796 38.9489 335.0764 363.3820 -2.9654 227.3249 0.0000
5770.03 19.07.2018 05.10.01 24.06289 289.3291 809.9781 2.5961 -3.3938 7.9865 123.1199 59.2017 336.4027 366.0932 -4.1129 227.3906 0.0000
5780.03 19.07.2018 05.20.01 24.34487 289.8625 974.7230 3.1241 -4.8962 10.6937 165.6672 79.1411 338.9738 370.2344 -6.2199 227.5043 0.0000
5790.03 19.07.2018 05.30.01 24.68783 290.4655 932.8071 2.9898 -6.6411 12.8411 207.1510 98.9212 342.0496 375.2765 -8.7723 227.6589 0.0000
5800.03 19.07.2018 05.40.01 25.01513 291.0692 179.0770 0.5740 -8.2532 11.7696 197.7113 95.2289 345.1418 380.1755 -10.6639 227.8691 0.0000
5810.03 19.07.2018 05.50.01 25.08593 291.4365 -139.2100 -0.4462 -8.4603 10.6855 186.9140 90.7474 346.1555 383.5913 -11.8153 228.0695 0.0000
5820.03 19.07.2018 06.00.01 25.04650 291.7494 -236.7505 -0.7588 -8.0972 9.7846 179.7209 88.2163 346.6335 386.7983 -12.8783 228.2632 0.0000
5830.03 19.07.2018 06.10.01 24.97323 292.0979 -72.6221 -0.2328 -7.5774 9.7928 195.9311 96.4669 347.9968 389.9044 -11.2637 228.4460 0.0000
5840.03 19.07.2018 06.20.01 24.95464 292.5542 -42.1828 -0.1352 -7.3716 9.6485 213.1097 105.3637 350.0669 393.7050 -13.3932 228.6476 0.0000
5850.03 19.07.2018 06.30.01 24.94607 292.8863 -85.2245 -0.2732 -7.2205 9.2631 230.7526 114.6677 352.0096 397.0036 -20.6835 228.8780 0.0000
5860.03 19.07.2018 06.40.01 24.92224 293.5663 -164.5138 -0.5273 -6.9889 8.6155 241.1589 120.4929 354.7255 401.6196 -16.7267 229.1425 0.0000
5870.03 19.07.2018 06.50.01 24.87332 293.6756 2.5085 0.0080 -6.6067 8.8197 254.1666 127.2391 354.8826 405.9569 -17.6995 229.4675 0.0000
5880.03 19.07.2018 07.00.01 24.88195 293.8989 94.8011 0.3038 -6.5315 9.1138 267.1764 133.9329 356.3283 409.9746 -23.1491 229.8525 0.0000
5890.03 19.07.2018 07.10.01 24.92321 294.1080 182.5813 0.5852 -6.6193 9.6060 273.2374 137.1304 357.6619 414.0171 -25.1631 230.1628 0.0000
5900.03 19.07.2018 07.20.01 24.99584 294.1798 196.3544 0.6293 -6.8532 9.9767 298.6963 152.0924 358.9951 419.1379 -40.2483 230.4322 0.0000
5910.03 19.07.2018 07.30.01 25.07430 294.3109 217.8861 0.6984 -7.1041 10.4032 310.9210 159.0560 360.4297 421.9103 -51.5222 230.6974 0.0000
5920.03 19.07.2018 07.40.01 25.16070 294.9656 222.9641 0.7146 -7.3835 10.7975 316.5967 162.0343 362.1682 427.8693 -32.1784 230.9470 0.0000
5930.03 19.07.2018 07.50.01 25.25073 295.3073 222.7157 0.7138 -7.6521 11.1546 322.9721 165.4709 363.5239 430.7531 -46.1100 231.2112 0.0000
5940.03 19.07.2018 08.00.01 25.34252 294.8463 235.3576 0.7544 -7.9008 11.5401 332.9427 171.0337 363.9326 431.5319 -66.5503 231.4988 0.0000
5950.03 19.07.2018 08.10.01 25.43871 295.0431 220.0295 0.7052 -8.1753 11.8407 350.1951 180.2284 365.0783 434.4641 -65.4596 231.7945 0.0000
5960.03 19.07.2018 08.20.01 25.53021 295.3031 234.6125 0.7520 -8.4123 12.2190 368.2941 189.8507 366.6160 438.0901 -65.6796 232.0891 0.0000
5970.03 19.07.2018 08.30.01 25.62829 295.5623 258.3984 0.8282 -8.6607 12.6519 386.9671 199.7610 368.2827 441.9128 -67.7481 232.3951 0.0000
5980.03 19.07.2018 08.40.01 25.73620 295.8256 272.1587 0.8723 -8.9328 13.0734 403.2464 208.3955 369.9285 445.8117 -69.9355 232.7199 0.0000
5990.03 19.07.2018 08.50.01 25.85046 296.0730 255.6665 0.8194 -9.2097 13.3722 418.3414 216.4464 371.3580 449.6232 -72.6943 233.0558 0.0000
6000.03 19.07.2018 09.00.01 25.96096 296.3099 272.2901 0.8727 -9.4373 13.7467 433.7514 224.6093 372.7468 453.5201 -75.7060 233.4045 0.0000
6010.03 19.07.2018 09.10.01 26.07916 296.5817 313.0401 1.0033 -9.6772 14.2407 437.7234 226.5498 374.7349 457.1735 -74.9272 233.7646 0.0000
6020.03 19.07.2018 09.20.01 26.21285 296.8389 301.5192 0.9664 -9.9704 14.5824 440.0110 227.6373 376.6262 460.4776 -73.7073 234.1322 0.0000
6030.03 19.07.2018 09.30.01 26.34454 297.0750 307.4419 0.9854 -10.2221 14.9433 442.2230 228.6594 378.3686 463.5351 -74.0555 234.5046 0.0000
6040.03 19.07.2018 09.40.01 26.47991 297.3412 301.9041 0.9676 -10.4664 15.2454 444.7937 229.8881 380.0850 466.6583 -72.9358 234.8829 0.0000
6050.03 19.07.2018 09.50.01 26.61501 297.6026 309.3976 0.9917 -10.6826 15.5657 447.3110 231.0659 381.7620 469.7051 -71.8880 235.2805 0.0000
6060.03 19.07.2018 10.00.01 26.75424 297.8479 312.8273 1.0027 -10.8960 15.8649 449.0609 231.8062 383.3411 472.5278 -72.0210 235.6883 0.0000
6070.03 19.07.2018 10.10.01 26.89626 298.0138 329.0771 1.0547 -11.0981 16.2038 438.6877 225.9873 383.1822 473.9094 -66.6669 236.1733 0.0000
6080.03 19.07.2018 10.20.01 27.04595 299.4796 317.1021 1.0164 -11.3050 16.4284 427.0393 219.5215 384.0302 474.4782 -72.6826 236.7418 0.0000
6090.03 19.07.2018 10.30.01 27.19320 298.5512 294.1089 0.9427 -11.4671 16.5464 414.2754 212.4964 384.2790 472.0181 -87.3093 237.4140 0.0000
6100.03 19.07.2018 10.40.01 27.33270 298.6601 282.2751 0.9047 -11.5947 16.6659 403.5422 206.5595 386.6739 472.2619 -80.7103 238.0774 0.0000
6110.03 19.07.2018 10.50.01 27.46902 298.8368 283.1589 0.9076 -11.6899 16.7967 392.8343 200.6261 390.1190 472.3383 -78.1813 239.1975 0.0000
6120.03 19.07.2018 11.00.01 27.60650 299.3517 286.0605 0.9169 -11.7774 16.9257 381.8607 194.5366 395.5638 472.3213 -75.7597 240.1394 0.0000
6130.03 19.07.2018 11.10.01 27.74444 299.1064 130.5099 0.4183 -11.8519 16.3603 353.3654 179.5501 394.2881 471.7239 -65.8101 241.0793 0.0000
6140.03 19.07.2018 11.20.01 27.82781 298.9742 -3.7467 -0.0120 -11.6441 15.5095 322.3546 163.3496 393.4968 469.3925 -65.0924 242.1456 0.0000
6150.03 19.07.2018 11.30.01 27.86154 298.8543 -82.2966 -0.2638 -11.2277 14.6185 291.1498 147.0741 392.5270 465.4256 -70.2758 243.3273 0.0000
6160.03 19.07.2018 11.40.01 27.86398 298.7989 -134.5967 -0.4314 -10.7069 13.7007 261.1436 131.4676 393.4418 462.8799 -62.4475 244.4845 0.0000
6170.03 19.07.2018 11.50.01 27.84643 298.6149 -159.1912 -0.5102 -10.1095 12.7991 231.5278 116.0787 394.4480 459.3162 -58.5072 245.4934 0.0000
6180.03 19.07.2018 12.00.01 27.81854 298.5481 -176.6708 -0.5663 -9.4867 11.8940 202.1684 100.8449 395.1931 455.1005 -56.0638 246.3660 0.0000
6190.03 19.07.2018 12.10.01 27.78314 298.0939 -117.7710 -0.3775 -8.8613 11.3117 196.0106 97.8252 393.5298 451.8264 -54.0174 247.1513 0.0000
6200.03 19.07.2018 12.20.01 27.76547 298.0577 -19.1482 -0.0614 -8.3840 11.0968 193.3554 96.5269 392.6546 449.6008 -51.1493 247.9067 0.0000
6210.03 19.07.2018 12.30.01 27.78045 298.0290 31.1456 0.0998 -8.1044 10.9389 191.3133 95.5374 392.0584 447.7816 -48.7837 248.6448 0.0000
6220.03 19.07.2018 12.40.01 27.81213 297.9991 52.4810 0.1682 -7.9262 10.7925 189.4066 94.6144 391.5612 446.2372 -46.7368 249.3733 0.0000
6230.03 19.07.2018 12.50.01 27.85061 297.9697 59.5521 0.1909 -7.7946 10.6473 187.4983 93.6892 391.1002 444.8890 -45.0170 250.0875 0.0000
6240.03 19.07.2018 13.00.01 27.89092 297.9407 60.7845 0.1948 -7.6832 10.5040 185.5959 92.7634 390.6599 443.6959 -43.5292 250.7847 0.0000
6250.03 19.07.2018 13.10.01 27.93154 297.9841 111.3764 0.3570 -7.5823 10.5857 204.8269 103.0032 388.0839 443.5239 -45.5109 251.4978 0.0000
6260.03 19.07.2018 13.20.01 27.98934 298.0483 209.4060 0.6712 -7.5856 11.0090 227.1879 114.7674 385.9247 444.1487 -48.5294 252.2862 0.0000
6270.03 19.07.2018 13.30.01 28.08117 298.1453 261.3380 0.8376 -7.7740 11.4822 249.9105 126.6969 384.0901 445.2544 -51.8643 253.1815 0.0000
6280.03 19.07.2018 13.40.01 28.19131 298.4078 284.3256 0.9113 -8.0541 11.9538 273.3133 138.9829 382.3767 446.9189 -54.4822 254.1958 0.0000
6290.03 19.07.2018 13.50.01 28.30987 298.5236 297.7309 0.9543 -8.3714 12.4343 296.6159 151.1997 380.7639 448.6097 -59.0648 255.3555 0.0000
6300.03 19.07.2018 14.00.01 28.43359 298.6389 305.1178 0.9779 -8.7083 12.9151 319.4161 163.1183 379.3541 450.4113 -64.2555 256.6115 0.0000
6310.03 19.07.2018 14.10.01 28.55966 298.5388 239.6136 0.7680 -9.0504 13.0912 300.3831 152.3747 379.7162 449.7753 -63.5221 257.9228 0.0000
6320.03 19.07.2018 14.20.01 28.66210 298.4242 66.2000 0.2122 -9.2600 12.6296 284.2917 144.0564 379.2284 449.0788 -62.4702 259.2176 0.0000
6330.03 19.07.2018 14.30.01 28.70376 298.2974 -20.4622 -0.0656 -9.1599 12.1258 267.8231 135.5554 378.4932 447.8364 -61.0053 260.4295 0.0000
6340.03 19.07.2018 14.40.01 28.71383 298.1755 -59.8054 -0.1917 -8.9182 11.6354 250.9421 126.8319 377.7006 446.1828 -58.7315 261.5597 0.0000
6350.03 19.07.2018 14.50.01 28.70876 297.8307 -74.4373 -0.2386 -8.6239 11.1804 234.4308 118.2935 376.8011 443.6402 -58.5998 262.5605 0.0000
6360.03 19.07.2018 15.00.01 28.69631 297.6979 -99.8544 -0.3200 -8.3239 10.6718 217.3834 109.4885 375.8886 441.0243 -56.1884 263.4338 0.0000
6370.03 19.07.2018 15.10.01 28.67355 297.5103 -116.7075 -0.3741 -7.9999 10.1678 204.3516 102.8134 375.0107 438.9053 -52.3785 263.8251 0.0000
6380.03 19.07.2018 15.20.01 28.64431 297.3476 -114.4940 -0.3670 -7.6586 9.7221 190.8215 95.7791 374.1234 436.5673 -48.9405 264.1952 0.0000
6390.03 19.07.2018 15.30.01 28.61456 297.1828 -113.9719 -0.3653 -7.3360 9.2943 178.7240 89.5860 373.2142 434.3685 -46.0458 264.5246 0.0000
6400.03 19.07.2018 15.40.01 28.58380 297.0112 -116.9682 -0.3749 -7.0273 8.8699 163.5828 81.6200 372.2471 431.6970 -43.0980 264.8308 0.0000
6410.03 19.07.2018 15.50.01 28.55093 296.8347 -118.3163 -0.3792 -6.7253 8.4614 151.6429 75.5585 371.2259 429.4005 -40.6002 265.1200 0.0000
6420.03 19.07.2018 16.00.01 28.51641 296.6600 -125.6884 -0.4028 -6.4325 8.0395 139.7388 69.5308 370.2039 427.0656 -38.1658 265.4036 0.0000
6430.03 19.07.2018 16.10.01 28.47830 296.5438 -127.4650 -0.4085 -6.1380 7.6393 138.3645 68.9051 368.5220 424.9874 -36.7714 265.6755 0.0000
6440.03 19.07.2018 16.20.01 28.43884 296.4311 -88.9966 -0.2852 -5.8536 7.4245 138.5642 69.0321 367.0468 423.2211 -36.4135 265.9499 0.0000
6450.03 19.07.2018 16.30.01 28.41161 296.3511 -64.4258 -0.2065 -5.6501 7.2582 139.0404 69.2744 365.7978 421.7567 -35.7283 266.2313 0.0000
6460.03 19.07.2018 16.40.01 28.39257 296.2358 -8.9461 -0.0287 -5.4996 7.2946 139.7397 69.4098 364.5240 420.1949 -35.0825 266.5208 0.0000
6470.03 19.07.2018 16.50.01 28.39236 296.1431 50.3310 0.1613 -5.4567 7.4907 141.9130 70.3003 363.2901 418.8998 -35.0907 266.8168 0.0000
6480.03 19.07.2018 17.00.01 28.41250 296.0432 96.8082 0.3103 -5.5247 7.7800 144.1836 71.1639 362.0616 417.6781 -35.3624 267.1289 0.0000
6490.03 19.07.2018 17.10.01 28.44772 295.8406 7.5708 0.0243 -5.6790 7.6043 133.5790 65.6954 360.9794 416.1399 -34.0780 267.4415 0.0000
6500.03 19.07.2018 17.20.01 28.45132 295.6320 -94.2573 -0.3021 -5.6728 7.1610 121.0034 59.2969 359.6517 414.1063 -32.2175 267.7158 0.0000
6510.03 19.07.2018 17.30.01 28.41888 295.4450 -163.1550 -0.5229 -5.4902 6.6231 108.0031 52.7254 358.1077 411.8487 -30.4857 267.9437 0.0000
6520.03 19.07.2018 17.40.01 28.36086 295.1525 -225.7124 -0.7234 -5.2016 5.9708 93.7995 45.6227 355.8846 409.3640 -28.3932 268.1744 0.0000
6530.03 19.07.2018 17.50.01 28.27853 294.8872 -285.3723 -0.9147 -4.8265 5.2158 79.0881 38.3157 353.8061 406.6569 -26.0479 268.4182 0.0000
6540.03 19.07.2018 18.00.01 28.17278 294.6466 -334.1292 -1.0709 -4.3726 4.4022 64.1973 30.9586 351.7994 403.7880 -23.7455 268.6698 0.0000
6550.03 19.07.2018 18.10.01 28.04806 294.3038 -290.1924 -0.9301 -3.8601 3.9066 55.7470 26.7892 350.2760 401.1359 -21.7271 268.9149 0.0000
6560.03 19.07.2018 18.20.01 27.93615 293.9698 -270.1991 -0.8660 -3.4519 3.4478 47.4703 22.7260 348.9194 398.6275 -19.9125 269.1302 0.0000
6570.03 19.07.2018 18.30.01 27.82946 293.6319 -273.6776 -0.8772 -3.0973 2.9602 39.3308 18.7591 347.6629 396.1504 -18.2298 269.3010 0.0000
6580.03 19.07.2018 18.40.01 27.71932 293.2968 -389.3257 -1.2478 -2.7510 2.0042 28.4029 13.6515 346.4076 393.5930 -16.5706 269.4372 0.0000
6590.03 19.07.2018 18.50.01 27.56808 292.9697 -426.4808 -1.3669 -2.2100 1.1241 18.1531 8.8840 345.1346 391.0528 -14.8113 269.5367 0.0000
6600.03 19.07.2018 19.00.01 27.40280 292.6346 -368.4300 -1.1809 -1.6213 0.5872 8.4616 4.1847 343.8360 388.4793 -13.1489 269.6063 0.0000
6610.03 19.07.2018 19.10.01 27.25646 292.2714 -265.1599 -0.8499 -1.1564 0.4088 6.3257 3.1353 342.3820 386.1019 -11.9986 269.6436 0.0000
6620.03 19.07.2018 19.20.01 27.14471 291.9081 -204.4130 -0.6552 -0.8932 0.3174 4.9744 2.4666 340.9895 383.9624 -11.2300 269.6614 0.0000
6630.03 19.07.2018 19.30.01 27.05337 291.5440 -176.6584 -0.5662 -0.7473 0.2414 3.7613 1.8648 339.6390 381.9367 -10.6571 269.6758 0.0000
6640.03 19.07.2018 19.40.01 26.97119 291.1804 -164.9999 -0.5288 -0.6550 0.1682 2.5734 1.2752 338.3021 379.9917 -10.2283 269.6884 0.0000
6650.03 19.07.2018 19.50.01 26.89279 290.8187 -160.6792 -0.5150 -0.5867 0.0956 1.3900 0.6877 336.9658 378.1184 -9.8923 269.6949 0.0000
6660.03 19.07.2018 20.00.01 26.81573 290.4597 -159.5993 -0.5115 -0.5288 0.0231 0.2090 0.1016 335.6210 376.3009 -9.6063 269.6981 0.0000
6670.03 19.07.2018 20.10.01 26.73895 290.2748 -147.2192 -0.4719 -0.4748 0.0040 0.0355 0.0172 334.8102 374.7402 -8.7695 269.6988 0.0000
6680.03 19.07.2018 20.20.01 26.66641 290.1029 -138.1695 -0.4429 -0.4434 0.0007 0.0066 0.0032 334.0908 373.3390 -8.0761 269.6988 0.0000
6690.03 19.07.2018 20.30.01 26.59704 289.9326 -133.4724 -0.4278 -0.4279 0.0001 0.0012 0.0006 333.4088 372.0434 -7.5143 269.6988 0.0000
6700.03 19.07.2018 20.40.01 26.52929 289.7638 -131.3360 -0.4209 -0.4210 0.0000 0.0002 0.0001 332.7496 370.8355 -7.0508 269.6988 0.0000
6710.03 19.07.2018 20.50.01 26.46243 289.5963 -130.7926 -0.4192 -0.4192 0.0000 0.0000 0.0000 332.1120 369.6998 -6.6867 269.6988 0.0000
6720.03 19.07.2018 21.00.01 26.39556 289.4315 -130.6878 -0.4189 -0.4189 0.0000 0.0000 0.0000 331.4964 368.6270 -6.4108 269.6988 0.0000
6730.03 19.07.2018 21.10.01 26.32870 289.2168 -131.3777 -0.4211 -0.4211 0.0000 0.0000 0.0000 331.0668 367.5855 -6.4599 269.6988 0.0000
6740.03 19.07.2018 21.20.01 26.26104 289.0043 -131.7123 -0.4222 -0.4222 0.0000 0.0000 0.0000 330.6492 366.5879 -6.5592 269.6988 0.0000
6750.03 19.07.2018 21.30.01 26.19329 288.7927 -132.8480 -0.4258 -0.4258 0.0000 0.0000 0.0000 330.2385 365.6242 -6.7070 269.6988 0.0000
6760.03 19.07.2018 21.40.01 26.12481 288.5820 -133.8421 -0.4290 -0.4290 0.0000 0.0000 0.0000 329.8344 364.6904 -6.8867 269.6988 0.0000
6770.03 19.07.2018 21.50.01 26.05590 288.3691 -135.2345 -0.4334 -0.4334 0.0000 0.0000 0.0000 329.4373 363.7812 -7.1253 269.6988 0.0000
6780.03 19.07.2018 22.00.01 25.98632 288.1576 -136.5643 -0.4377 -0.4377 0.0000 0.0000 0.0000 329.0449 362.8949 -7.3849 269.6988 0.0000
6790.03 19.07.2018 22.10.01 25.91592 287.9612 -137.4869 -0.4407 -0.4407 0.0000 0.0000 0.0000 327.7480 361.9496 -7.4826 269.6988 0.0000
6800.03 19.07.2018 22.20.01 25.84500 287.7633 -139.4035 -0.4468 -0.4468 0.0000 0.0000 0.0000 326.4095 360.9727 -7.5553 269.6988 0.0000
6810.03 19.07.2018 22.30.01 25.77300 287.5645 -141.7056 -0.4542 -0.4542 0.0000 0.0000 0.0000 325.0655 359.9836 -7.5906 269.6981 0.0000
6820.03 19.07.2018 22.40.01 25.69988 287.3662 -144.0826 -0.4618 -0.4618 0.0000 0.0000 0.0000 323.7256 358.9834 -7.6390 269.6957 0.0000
6830.03 19.07.2018 22.50.01 25.62548 287.1680 -146.2513 -0.4688 -0.4688 0.0000 0.0000 0.0000 322.3905 357.9779 -7.6746 269.6926 0.0000
6840.03 19.07.2018 23.00.01 25.55001 286.9698 -148.2804 -0.4753 -0.4753 0.0000 0.0000 0.0000 321.0569 356.9680 -7.7031 269.6880 0.0000
6850.03 19.07.2018 23.10.01 25.47350 286.7447 -150.3334 -0.4818 -0.4818 0.0000 0.0000 0.0000 320.1517 356.0044 -7.7675 269.6806 0.0000
6860.03 19.07.2018 23.20.01 25.39608 286.5226 -151.4388 -0.4854 -0.4854 0.0000 0.0000 0.0000 319.2722 355.0738 -7.7972 269.6717 0.0000
6870.03 19.07.2018 23.30.01 25.31826 286.2995 -152.0709 -0.4874 -0.4874 0.0000 0.0000 0.0000 318.3839 354.1449 -7.8562 269.6612 0.0000
6880.03 19.07.2018 23.40.01 25.24041 286.0847 -152.4635 -0.4887 -0.4887 0.0000 0.0000 0.0000 317.4493 353.2486 -7.7296 269.6483 0.0000
6890.03 19.07.2018 23.50.01 25.16259 285.8797 -152.0004 -0.4872 -0.4872 0.0000 0.0000 0.0000 316.4854 352.3496 -7.6375 269.6304 0.0000
6900.03 20.07.2018 00.00.01 25.08492 285.6475 -151.0655 -0.4842 -0.4842 0.0000 0.0000 0.0000 315.5646 351.4206 -7.7059 269.6091 0.0000
6910.03 20.07.2018 00.10.01 25.00799 285.4964 -150.7767 -0.4833 -0.4833 0.0000 0.0000 0.0000 314.6101 350.5617 -7.4797 269.5844 0.0000
6920.03 20.07.2018 00.20.01 24.93109 285.3442 -151.0900 -0.4843 -0.4843 0.0000 0.0000 0.0000 313.6476 349.7105 -7.2871 269.5593 0.0000
6930.03 20.07.2018 00.30.01 24.85348 285.1895 -151.1769 -0.4845 -0.4845 0.0000 0.0000 0.0000 312.6803 348.8674 -7.1140 269.5337 0.0000
6940.03 20.07.2018 00.40.01 24.77569 285.0334 -151.7926 -0.4865 -0.4865 0.0000 0.0000 0.0000 311.7229 348.0317 -6.9724 269.5080 0.0000
6950.03 20.07.2018 00.50.01 24.69766 284.8777 -152.9461 -0.4902 -0.4902 0.0000 0.0000 0.0000 310.7736 347.2036 -6.8453 269.4805 0.0000
6960.03 20.07.2018 01.00.01 24.61892 284.7216 -153.6634 -0.4925 -0.4925 0.0000 0.0000 0.0000 309.8387 346.3832 -6.7299 269.4470 0.0000
6970.03 20.07.2018 01.10.01 24.53994 284.5705 -154.7891 -0.4961 -0.4961 0.0000 0.0000 0.0000 309.2206 345.5971 -6.7349 269.4114 0.0000
6980.03 20.07.2018 01.20.01 24.46029 284.4206 -155.7124 -0.4991 -0.4991 0.0000 0.0000 0.0000 308.6368 344.8324 -6.7573 269.3759 0.0000
6990.03 20.07.2018 01.30.01 24.38021 284.2609 -156.6326 -0.5020 -0.5020 0.0000 0.0000 0.0000 308.0785 344.0665 -6.8763 269.3410 0.0000
7000.03 20.07.2018 01.40.01 24.29965 284.1061 -157.4021 -0.5045 -0.5045 0.0000 0.0000 0.0000 307.5471 343.3236 -6.9612 269.3064 0.0000
7010.03 20.07.2018 01.50.01 24.21890 283.9562 -158.2959 -0.5074 -0.5074 0.0000 0.0000 0.0000 307.0382 342.5953 -7.0767 269.2721 0.0000
7020.03 20.07.2018 02.00.01 24.13745 283.8091 -158.5812 -0.5083 -0.5083 0.0000 0.0003 0.0002 306.5265 341.8836 -7.1622 269.2381 0.0000
7030.03 20.07.2018 02.10.01 24.05599 283.6803 -156.4773 -0.5015 -0.5098 0.0111 0.2085 0.1039 306.3312 341.2740 -6.9908 269.2040 0.0000
7040.03 20.07.2018 02.20.01 23.97546 283.5581 -153.9835 -0.4935 -0.5126 0.0254 0.4466 0.2221 306.1490 340.7062 -6.8845 269.1708 0.0000
7050.03 20.07.2018 02.30.01 23.89602 283.4374 -152.1263 -0.4876 -0.5177 0.0402 0.6894 0.3427 305.9586 340.1639 -6.8228 269.1382 0.0000
7060.03 20.07.2018 02.40.01 23.81750 283.3227 -150.7468 -0.4832 -0.5245 0.0552 0.9332 0.4637 305.7627 339.6498 -6.7581 269.1048 0.0000
7070.03 20.07.2018 02.50.01 23.73959 283.1921 -149.5866 -0.4794 -0.5320 0.0701 1.1772 0.5848 305.5810 339.1398 -6.8081 269.0714 0.0000
7080.03 20.07.2018 03.00.01 23.66216 283.0604 -148.5313 -0.4761 -0.5401 0.0853 1.4256 0.7081 305.4104 338.6477 -6.8673 269.0386 0.0000
7090.03 20.07.2018 03.10.01 23.58572 283.1069 -114.5424 -0.3671 -0.5484 0.2416 4.3361 2.1575 305.1527 338.4164 -6.3420 269.0054 0.0000
7100.03 20.07.2018 03.20.01 23.52139 283.1661 -88.5710 -0.2839 -0.6138 0.4398 7.6287 3.7928 305.0581 338.3371 -5.9687 268.9722 0.0000
7110.03 20.07.2018 03.30.01 23.46661 283.2258 -73.8684 -0.2368 -0.7205 0.6450 10.9833 5.4581 305.0459 338.3560 -5.6789 268.9408 0.0000
7120.03 20.07.2018 03.40.01 23.41760 283.2867 -64.8761 -0.2079 -0.8465 0.8514 14.3497 7.1292 305.0892 338.4510 -5.5253 268.9121 0.0000
7130.03 20.07.2018 03.50.01 23.37234 283.3540 -58.6145 -0.1879 -0.9815 1.0581 17.7182 8.8013 305.1662 338.6221 -5.4347 268.8881 0.0000
7140.03 20.07.2018 04.00.01 23.32986 283.4281 -53.7380 -0.1722 -1.1209 1.2648 21.0866 10.4733 305.2552 338.8645 -5.3478 268.8658 0.0000
7150.03 20.07.2018 04.10.01 23.28982 283.7925 -51.5556 -0.1652 -1.2587 1.4580 24.1993 12.0179 305.8386 339.4391 -3.7658 268.8435 0.0000
7160.03 20.07.2018 04.20.01 23.25210 284.1457 -46.1968 -0.1481 -1.3834 1.6471 27.2752 13.5447 306.5022 340.1142 -2.4758 268.8206 0.0000
7170.03 20.07.2018 04.30.01 23.21777 284.4923 -39.0688 -0.1252 -1.5019 1.8356 30.3453 15.0685 307.2167 340.8756 -1.3898 268.7978 0.0000
7180.03 20.07.2018 04.40.01 23.18719 284.8398 -31.4512 -0.1008 -1.6187 2.0239 33.4141 16.5919 307.9746 341.7216 -0.4487 268.7767 0.0000
7190.03 20.07.2018 04.50.01 23.16042 285.1761 -24.3303 -0.0780 -1.7371 2.2122 36.4828 18.1151 308.7836 342.6361 0.3410 268.7593 0.0000
