# simtime date time IndoorTemp Av_Tair_at_facade Energyflux.toIndoor.sum  Energyflux.toIndoor.average Energyflux.Conduction.average Energyflux.SW.transmission.average Shortwave.availabe Shortwave.absorbed Longwave.available Longwave.emittedFacade Sensible.outside Vapour.fromGreening Vapour.fromSubstrate
10.02 15.07.2018 05.10.00 19.90228 288.5194 124.6210 0.4582 -0.5243 1.3099 358.4786 188.7172 321.1659 383.0849 -33.3093 0.0000 0.0000
20.02 15.07.2018 05.20.00 19.93139 289.2421 174.1669 0.6403 -0.9467 2.1161 614.5698 322.2145 323.8956 403.6544 -54.9888 0.0000 0.0000
30.03 15.07.2018 05.30.01 19.98394 290.0432 251.7290 0.9255 -1.3768 3.0697 857.8993 447.9511 327.3321 428.4718 -80.8926 0.0000 0.0000
40.03 15.07.2018 05.40.01 20.07021 290.8867 316.4140 1.1633 -1.8698 4.0442 785.3383 408.3450 331.3361 441.6081 -90.2933 0.0000 0.0000
50.03 15.07.2018 05.50.01 20.18057 291.4901 194.6761 0.7157 -2.3931 4.1451 708.4103 366.8079 333.8913 447.5112 -96.0094 0.0000 0.0000
60.03 15.07.2018 06.00.01 20.25192 292.0373 106.5016 0.3915 -2.6538 4.0605 633.7270 326.7568 335.8745 450.3263 -99.4428 0.0000 0.0000
70.03 15.07.2018 06.10.01 20.29507 292.3130 68.8062 0.2530 -2.7334 3.9818 589.8226 302.5302 337.5560 451.5181 -101.9661 0.0000 0.0000
80.03 15.07.2018 06.20.01 20.32711 292.5764 86.6838 0.3187 -2.7332 4.0692 546.1854 278.3356 339.6061 451.4129 -103.2795 0.0000 0.0000
90.03 15.07.2018 06.30.01 20.36630 292.8422 94.8286 0.3486 -2.7438 4.1233 515.1206 261.7080 341.5652 451.6207 -104.9579 0.0000 0.0000
100.03 15.07.2018 06.40.01 20.40991 293.1296 114.1661 0.4197 -2.7510 4.2276 490.9039 248.3200 343.5582 451.0225 -104.6605 0.0000 0.0000
110.03 15.07.2018 06.50.01 20.46694 293.4297 450.6400 1.6568 -2.7990 5.9410 487.2003 246.0241 345.6839 452.3436 -106.8506 0.0000 0.0000
120.03 15.07.2018 07.00.01 20.64343 293.7400 736.2672 2.7069 -3.4067 8.1514 490.6453 247.6386 347.7476 454.2525 -109.6195 0.0000 0.0000
130.03 15.07.2018 07.10.01 20.92101 294.0640 876.5880 3.2227 -4.4568 10.2394 496.5723 250.3776 349.4356 456.5721 -105.6728 0.0000 0.0000
140.03 15.07.2018 07.20.01 21.25051 294.3790 955.5787 3.5132 -5.6948 12.2773 502.4594 253.1300 351.3415 459.1598 -103.2601 0.0000 0.0000
150.03 15.07.2018 07.30.01 21.61038 294.7017 981.1904 3.6073 -7.0134 14.1610 506.8388 255.0919 353.2880 461.6747 -101.6094 0.0000 0.0000
160.03 15.07.2018 07.40.01 21.98184 295.0383 960.4672 3.5311 -8.3220 15.8042 513.9211 258.6144 355.3239 464.4980 -100.2974 0.0000 0.0000
170.03 15.07.2018 07.50.01 22.34954 295.3665 974.1052 3.5813 -9.5510 17.5097 520.0900 261.5421 357.3072 467.3012 -99.4746 0.0000 0.0000
180.03 15.07.2018 08.00.01 22.72479 295.6992 999.3892 3.6742 -10.7647 19.2519 524.7080 263.5115 359.1395 469.9241 -98.7328 0.0000 0.0000
190.03 15.07.2018 08.10.01 23.11062 295.8797 988.3140 3.6335 -11.9828 20.8217 530.0847 266.1127 361.3225 473.5376 -93.4969 0.0000 0.0000
200.03 15.07.2018 08.20.01 23.49426 295.9340 954.9727 3.5109 -13.1464 22.2097 534.9694 268.5581 363.4084 476.5761 -94.7423 0.0000 0.0000
210.03 15.07.2018 08.30.01 23.86834 296.2047 931.1124 3.4232 -14.2199 23.5241 538.5694 270.2862 365.5551 478.8629 -100.4521 0.0000 0.0000
220.03 15.07.2018 08.40.01 24.23599 296.4820 913.3351 3.3578 -15.2212 24.7721 543.7658 272.8458 367.6493 482.0394 -99.0404 0.0000 0.0000
230.03 15.07.2018 08.50.01 24.59884 296.7437 890.4871 3.2738 -16.1677 25.9221 548.1990 275.0219 369.6941 485.1416 -98.6870 0.0000 0.0000
240.03 15.07.2018 09.00.01 24.95458 296.6920 848.3530 3.1189 -17.0538 26.8969 552.5705 277.2925 371.6809 487.7930 -101.6090 0.0000 0.0000
250.03 15.07.2018 09.10.01 25.29580 297.2221 776.4124 2.8545 -17.8456 27.6001 552.1817 277.0734 373.2805 491.0939 -87.9302 0.0000 0.0000
260.03 15.07.2018 09.20.01 25.61440 297.8334 743.5620 2.7337 -18.4787 28.2832 552.1129 277.0622 374.8065 492.8396 -92.4010 0.0000 0.0000
270.03 15.07.2018 09.30.01 25.92278 298.2086 718.9019 2.6430 -19.0381 28.9081 552.5560 277.3999 375.8962 492.1052 -110.9361 0.0000 0.0000
280.03 15.07.2018 09.40.01 26.22317 298.5138 706.1930 2.5963 -19.5478 29.5255 554.4687 278.4476 377.6786 495.1479 -106.3248 0.0000 0.0000
290.03 15.07.2018 09.50.01 26.51931 298.3954 682.9182 2.5107 -20.0291 30.0531 555.9364 279.2959 379.6439 497.4608 -107.9738 0.0000 0.0000
300.03 15.07.2018 10.00.01 26.80682 298.4145 630.1039 2.3166 -20.4615 30.3708 556.0787 279.5075 380.9069 496.9359 -117.5271 0.0000 0.0000
310.03 15.07.2018 10.10.01 27.07736 298.6237 644.7319 2.3703 -20.7998 30.8935 557.2325 279.9907 381.6713 497.8659 -114.7414 0.0000 0.0000
320.03 15.07.2018 10.20.01 27.35363 298.9937 658.7789 2.4220 -21.1527 31.4329 559.0770 280.8742 382.8170 499.5257 -111.6515 0.0000 0.0000
330.03 15.07.2018 10.30.01 27.63537 299.1962 639.9627 2.3528 -21.5115 31.8190 559.4051 280.9647 383.7849 500.6445 -110.4035 0.0000 0.0000
340.03 15.07.2018 10.40.01 27.91149 299.3159 638.2305 2.3464 -21.8278 32.2323 561.7957 282.1917 384.7311 501.4348 -109.3404 0.0000 0.0000
350.03 15.07.2018 10.50.01 28.18698 299.6746 629.1725 2.3131 -22.1131 32.5683 562.8302 282.6635 385.5615 501.8309 -110.3814 0.0000 0.0000
360.03 15.07.2018 11.00.01 28.46002 299.9349 595.6146 2.1898 -22.3679 32.7436 563.1461 282.8256 386.3192 502.0685 -111.8845 0.0000 0.0000
370.03 15.07.2018 11.10.01 28.72177 300.0078 538.2122 1.9787 -22.5578 32.7154 560.9321 281.8266 387.1595 503.5341 -109.4318 0.0000 0.0000
380.03 15.07.2018 11.20.01 28.96349 300.0717 491.9728 1.8087 -22.6512 32.6132 557.6254 280.2280 388.0150 504.8871 -107.0512 0.0000 0.0000
390.03 15.07.2018 11.30.01 29.18887 300.1174 450.2213 1.6552 -22.6704 32.4342 553.8142 278.3845 388.7940 506.1378 -104.8956 0.0000 0.0000
400.03 15.07.2018 11.40.01 29.39953 300.2701 423.2729 1.5562 -22.6213 32.2366 550.1225 276.5329 389.2871 507.8080 -101.8712 0.0000 0.0000
410.03 15.07.2018 11.50.01 29.60058 300.4012 400.8420 1.4737 -22.5316 32.0070 546.5756 274.7928 389.7795 507.7438 -102.7146 0.0000 0.0000
420.03 15.07.2018 12.00.01 29.79312 300.4497 344.1238 1.2652 -22.4081 31.5643 541.2477 272.1444 390.1788 507.1128 -103.9897 0.0000 0.0000
430.03 15.07.2018 12.10.01 29.96545 300.6374 291.2704 1.0708 -22.1945 31.0205 534.4681 268.8366 390.7088 508.6223 -98.2771 0.0000 0.0000
440.03 15.07.2018 12.20.01 30.11883 300.8444 247.5161 0.9100 -21.8998 30.4131 527.2670 265.3239 391.1270 506.5094 -102.0627 0.0000 0.0000
450.03 15.07.2018 12.30.01 30.25637 300.8919 205.9307 0.7571 -21.5401 29.7296 519.1904 261.3423 391.0684 503.9412 -107.3533 0.0000 0.0000
460.03 15.07.2018 12.40.01 30.37847 300.9409 184.0508 0.6767 -21.1290 29.0742 512.0235 257.8001 390.9881 502.0383 -107.6985 0.0000 0.0000
470.03 15.07.2018 12.50.01 30.49160 300.9761 190.8180 0.7015 -20.7035 28.5400 507.3608 255.6690 391.3589 500.4661 -110.8724 0.0000 0.0000
480.03 15.07.2018 13.00.01 30.60519 301.0215 129.2354 0.4751 -20.3075 27.7102 499.1517 251.6326 391.4225 498.2633 -114.5837 0.0000 0.0000
490.03 15.07.2018 13.10.01 30.69622 301.0744 69.7506 0.2564 -19.8236 26.7733 487.9471 246.0979 391.3078 497.3459 -111.4883 0.0000 0.0000
500.03 15.07.2018 13.20.01 30.76525 301.1222 10.0933 0.0371 -19.2566 25.7249 475.1765 239.7076 391.1066 496.2725 -107.6412 0.0000 0.0000
510.03 15.07.2018 13.30.01 30.81213 301.1621 -39.5591 -0.1454 -18.6102 24.6197 461.9610 233.0937 390.8079 495.1371 -103.5314 0.0000 0.0000
520.03 15.07.2018 13.40.01 30.84011 301.2001 -71.5242 -0.2630 -17.9056 23.5235 449.4655 226.8448 390.4425 494.0130 -99.3398 0.0000 0.0000
530.03 15.07.2018 13.50.01 30.85522 301.2398 -92.0274 -0.3383 -17.1750 22.4489 437.6062 220.9610 390.1661 492.9723 -95.4002 0.0000 0.0000
540.03 15.07.2018 14.00.01 30.86102 301.2723 -142.9458 -0.5255 -16.4368 21.2150 424.1026 214.2119 389.7803 491.6505 -91.4138 0.0000 0.0000
550.03 15.07.2018 14.10.01 30.84643 301.2491 -274.8299 -1.0104 -15.6362 19.5010 400.6928 202.7063 390.2086 490.6478 -83.6907 0.0000 0.0000
560.03 15.07.2018 14.20.01 30.78423 301.2333 -377.2457 -1.3869 -14.6413 17.6725 375.2428 190.0652 390.2097 488.9499 -76.3503 0.0000 0.0000
570.03 15.07.2018 14.30.01 30.68435 301.2400 -414.5215 -1.5240 -13.5138 15.9865 351.2876 178.2127 390.3067 487.1859 -69.8228 0.0000 0.0000
580.03 15.07.2018 14.40.01 30.56896 301.2827 -417.5516 -1.5351 -12.3667 14.4421 328.4342 166.9774 390.6457 485.5994 -63.3617 0.0000 0.0000
590.03 15.07.2018 14.50.01 30.44970 301.2944 -434.3358 -1.5968 -11.2530 12.8748 304.2140 154.9390 390.6958 483.4691 -57.2892 0.0000 0.0000
600.03 15.07.2018 15.00.01 30.32205 301.2954 -442.3340 -1.6262 -10.1486 11.3632 280.5240 143.1761 390.5981 481.0990 -51.7459 0.0000 0.0000
610.03 15.07.2018 15.10.01 30.18963 301.2163 -366.1754 -1.3462 -9.0853 10.3188 266.8210 136.3170 389.8645 477.8054 -53.0781 0.0000 0.0000
620.03 15.07.2018 15.20.01 30.08300 301.1922 -305.0040 -1.1213 -8.1749 9.4048 254.6589 130.2831 389.2786 474.6134 -54.1395 0.0000 0.0000
630.03 15.07.2018 15.30.01 29.99536 301.0924 -272.2915 -1.0011 -7.3960 8.5265 242.6430 124.3102 388.6529 471.2157 -55.7981 0.0000 0.0000
640.03 15.07.2018 15.40.01 29.91747 300.9352 -240.5076 -0.8842 -6.6977 7.7513 231.3290 118.7403 388.0556 467.8986 -57.4337 0.0000 0.0000
650.03 15.07.2018 15.50.01 29.84893 300.7700 -226.9927 -0.8345 -6.0744 6.9865 219.4969 112.8511 387.3209 464.3185 -58.7096 0.0000 0.0000
660.03 15.07.2018 16.00.01 29.78362 300.5796 -219.2985 -0.8062 -5.4945 6.2510 207.9453 107.1082 386.4546 460.6515 -59.3458 0.0000 0.0000
670.03 15.07.2018 16.10.01 29.71935 300.3900 -242.7095 -0.8923 -4.9500 5.4102 194.9382 100.4144 384.1080 456.8643 -54.7579 0.0000 0.0000
680.03 15.07.2018 16.20.01 29.64550 300.2139 -258.0364 -0.9487 -4.3885 4.5865 182.2599 93.9057 381.7333 453.2021 -51.0367 0.0000 0.0000
690.03 15.07.2018 16.30.01 29.56494 300.0503 -250.1641 -0.9197 -3.8261 3.8751 171.0980 88.2218 379.4892 449.8061 -48.0460 0.0000 0.0000
700.03 15.07.2018 16.40.01 29.48589 299.8906 -171.8125 -0.6317 -3.3001 3.5580 164.5950 85.0554 377.2126 447.0764 -45.6255 0.0000 0.0000
710.03 15.07.2018 16.50.01 29.43228 299.7239 -134.0854 -0.4930 -2.9279 3.2465 157.9832 81.8190 374.9521 444.3808 -43.6317 0.0000 0.0000
720.03 15.07.2018 17.00.01 29.39050 299.5140 -126.6191 -0.4655 -2.6356 2.8934 150.7056 78.2143 372.5718 441.5467 -41.9699 0.0000 0.0000
730.03 15.07.2018 17.10.01 29.35043 299.2757 -96.2694 -0.3539 -2.3703 2.6885 145.6698 75.7989 370.7839 439.0896 -40.4268 0.0000 0.0000
740.03 15.07.2018 17.20.01 29.31979 299.0434 -82.9303 -0.3049 -2.1705 2.4875 140.4085 73.2448 369.0483 436.7048 -38.8843 0.0000 0.0000
750.03 15.07.2018 17.30.01 29.29281 298.8128 -80.4447 -0.2958 -2.0043 2.2781 134.7970 70.4871 367.3132 434.3347 -37.2909 0.0000 0.0000
760.03 15.07.2018 17.40.01 29.26602 298.5880 -78.1491 -0.2873 -1.8540 2.0889 128.2315 67.2301 365.6359 432.0006 -35.6311 0.0000 0.0000
770.03 15.07.2018 17.50.01 29.23919 298.3621 -84.1616 -0.3094 -1.7184 1.8786 121.0654 63.6289 363.9382 429.5962 -33.8256 0.0000 0.0000
780.03 15.07.2018 18.00.01 29.20953 298.1350 -92.1436 -0.3388 -1.5840 1.6603 113.6529 59.8867 362.2234 427.1682 -31.9621 0.0000 0.0000
790.03 15.07.2018 18.10.01 29.17623 297.6146 -91.5157 -0.3365 -1.4508 1.4858 102.1915 53.9836 360.5117 424.1842 -31.1708 0.0000 0.0000
800.03 15.07.2018 18.20.01 29.14172 297.0895 -102.8891 -0.3783 -1.3399 1.2821 89.8674 47.5856 358.7119 420.9313 -29.9525 0.0000 0.0000
810.03 15.07.2018 18.30.01 29.10189 296.5634 -116.0217 -0.4266 -1.2291 1.0701 76.9890 40.8628 356.9048 417.5013 -28.5536 0.0000 0.0000
820.03 15.07.2018 18.40.01 29.05636 296.0363 -124.3878 -0.4573 -1.1148 0.8767 57.5731 30.6166 355.1001 413.5936 -26.3685 0.0000 0.0000
830.03 15.07.2018 18.50.01 29.00668 295.5039 -137.2675 -0.5047 -1.0039 0.6656 37.1516 19.7811 353.2604 409.3033 -23.7665 0.0000 0.0000
840.03 15.07.2018 19.00.01 28.95141 294.9690 -147.9290 -0.5439 -0.8875 0.4583 15.9899 8.4966 351.4212 404.7543 -20.7940 0.0000 0.0000
850.03 15.07.2018 19.10.01 28.89141 294.3293 -146.1627 -0.5374 -0.7702 0.3104 13.1306 6.9911 349.7024 401.1245 -19.4363 0.0000 0.0000
860.03 15.07.2018 19.20.01 28.83099 293.7027 -133.8136 -0.4920 -0.6719 0.2399 11.0798 5.9102 348.0954 397.9592 -18.7068 0.0000 0.0000
870.03 15.07.2018 19.30.01 28.77380 293.0801 -127.7051 -0.4695 -0.6081 0.1848 9.1630 4.8979 346.5546 395.0010 -18.2376 0.0000 0.0000
880.03 15.07.2018 19.40.01 28.71789 292.4706 -126.9775 -0.4668 -0.5659 0.1321 6.2676 3.3537 345.0624 392.1725 -17.5747 0.0000 0.0000
890.03 15.07.2018 19.50.01 28.66152 291.8593 -129.8108 -0.4772 -0.5350 0.0770 3.2876 1.7607 343.5941 389.4395 -17.0753 0.0000 0.0000
900.03 15.07.2018 20.00.01 28.60354 291.2389 -134.0138 -0.4927 -0.5091 0.0218 0.2471 0.1312 342.1317 386.7692 -16.7672 0.0000 0.0000
910.03 15.07.2018 20.10.01 28.54357 290.8202 -131.2257 -0.4824 -0.4854 0.0039 0.0440 0.0234 340.6176 384.5163 -16.0729 0.0000 0.0000
920.03 15.07.2018 20.20.01 28.48388 290.3132 -128.9646 -0.4741 -0.4747 0.0007 0.0080 0.0042 339.1589 382.3181 -16.0246 0.0000 0.0000
930.03 15.07.2018 20.30.01 28.42437 289.8596 -129.8976 -0.4776 -0.4777 0.0001 0.0014 0.0008 337.7204 380.2666 -15.9123 0.0000 0.0000
940.03 15.07.2018 20.40.01 28.36401 289.4855 -132.3045 -0.4864 -0.4864 0.0000 0.0003 0.0001 336.2981 378.3889 -15.4827 0.0000 0.0000
950.03 15.07.2018 20.50.01 28.30230 289.0581 -135.3755 -0.4977 -0.4977 0.0000 0.0000 0.0000 334.8797 376.5280 -15.4367 0.0000 0.0000
960.03 15.07.2018 21.00.01 28.23898 288.6061 -139.7974 -0.5140 -0.5140 0.0000 0.0000 0.0000 333.4497 374.6205 -15.8932 0.0000 0.0000
970.03 15.07.2018 21.10.01 28.17312 288.3318 -146.2740 -0.5378 -0.5378 0.0000 0.0000 0.0000 332.1249 373.0366 -15.0048 0.0000 0.0000
980.03 15.07.2018 21.20.01 28.10406 287.9853 -153.1307 -0.5630 -0.5630 0.0000 0.0000 0.0000 330.5348 371.6332 -13.9456 0.0000 0.0000
990.03 15.07.2018 21.30.01 28.03204 287.6001 -159.7338 -0.5873 -0.5873 0.0000 0.0000 0.0000 329.6652 369.7959 -16.2027 0.0000 0.0000
1000.03 15.07.2018 21.40.01 27.95690 287.5832 -165.9690 -0.6102 -0.6102 0.0000 0.0000 0.0000 328.7719 368.8411 -13.4531 0.0000 0.0000
1010.03 15.07.2018 21.50.01 27.87945 287.1399 -170.1620 -0.6256 -0.6256 0.0000 0.0000 0.0000 327.3820 367.2519 -14.6015 0.0000 0.0000
1020.03 15.07.2018 22.00.01 27.79992 286.8928 -174.5309 -0.6417 -0.6417 0.0000 0.0000 0.0000 326.3696 365.6984 -16.1463 0.0000 0.0000
1030.03 15.07.2018 22.10.01 27.71862 286.7634 -178.3955 -0.6559 -0.6559 0.0000 0.0000 0.0000 325.6695 364.4581 -15.4898 0.0000 0.0000
1040.03 15.07.2018 22.20.01 27.63549 286.5591 -182.4034 -0.6706 -0.6706 0.0000 0.0000 0.0000 324.9628 363.2008 -15.3205 0.0000 0.0000
1050.03 15.07.2018 22.30.01 27.55047 286.4317 -186.5370 -0.6858 -0.6858 0.0000 0.0000 0.0000 324.2893 362.0849 -14.9125 0.0000 0.0000
1060.03 15.07.2018 22.40.01 27.46359 286.3004 -190.4251 -0.7001 -0.7001 0.0000 0.0000 0.0000 323.6375 361.0211 -14.5925 0.0000 0.0000
1070.03 15.07.2018 22.50.01 27.37493 286.1673 -194.2095 -0.7140 -0.7140 0.0000 0.0000 0.0000 323.0061 360.0012 -14.3524 0.0000 0.0000
1080.03 15.07.2018 23.00.01 27.28460 286.0347 -197.9073 -0.7276 -0.7276 0.0000 0.0000 0.0000 322.3812 359.0190 -14.1645 0.0000 0.0000
1090.03 15.07.2018 23.10.01 27.19259 286.0296 -201.5017 -0.7408 -0.7408 0.0000 0.0000 0.0000 321.9548 358.3007 -13.0440 0.0000 0.0000
1100.03 15.07.2018 23.20.01 27.09860 285.8075 -206.4927 -0.7592 -0.7592 0.0000 0.0000 0.0000 321.4904 357.3090 -13.7413 0.0000 0.0000
1110.03 15.07.2018 23.30.01 27.00210 285.5202 -212.2094 -0.7802 -0.7802 0.0000 0.0000 0.0000 320.9413 356.1560 -14.9779 0.0000 0.0000
1120.03 15.07.2018 23.40.01 26.90347 285.7160 -215.5174 -0.7923 -0.7923 0.0000 0.0000 0.0000 320.5327 356.1514 -11.0953 0.0000 0.0000
1130.03 15.07.2018 23.50.01 26.80493 285.8285 -211.7325 -0.7784 -0.7784 0.0000 0.0000 0.0000 320.2010 355.6441 -10.0504 0.0000 0.0000
1140.03 16.07.2018 00.00.01 26.70843 285.4286 -208.3604 -0.7660 -0.7660 0.0000 0.0000 0.0000 319.6763 354.2812 -13.2793 0.0000 0.0000
1150.03 16.07.2018 00.10.01 26.61208 285.4157 -210.1393 -0.7726 -0.7726 0.0000 0.0000 0.0000 319.3183 353.6401 -12.6105 0.0000 0.0000
1160.03 16.07.2018 00.20.01 26.51473 285.4268 -212.0566 -0.7796 -0.7796 0.0000 0.0000 0.0000 319.0455 353.0917 -11.9189 0.0000 0.0000
1170.03 16.07.2018 00.30.01 26.41677 285.4325 -213.6622 -0.7855 -0.7855 0.0000 0.0000 0.0000 318.7982 352.5810 -11.3115 0.0000 0.0000
1180.03 16.07.2018 00.40.01 26.31790 285.4386 -214.3752 -0.7881 -0.7881 0.0000 0.0000 0.0000 318.5679 352.1149 -10.7119 0.0000 0.0000
1190.03 16.07.2018 00.50.01 26.21902 285.4434 -215.2692 -0.7914 -0.7914 0.0000 0.0000 0.0000 318.3510 351.6777 -10.1641 0.0000 0.0000
1200.03 16.07.2018 01.00.01 26.11959 285.4430 -215.6655 -0.7929 -0.7929 0.0000 0.0000 0.0000 318.1435 351.2611 -9.6773 0.0000 0.0000
1210.03 16.07.2018 01.10.01 26.01989 285.3116 -215.6106 -0.7927 -0.7927 0.0000 0.0000 0.0000 317.7919 350.7791 -9.5732 0.0000 0.0000
1220.03 16.07.2018 01.20.01 25.92080 285.1763 -215.5802 -0.7926 -0.7926 0.0000 0.0000 0.0000 317.4314 350.2865 -9.4976 0.0000 0.0000
1230.03 16.07.2018 01.30.01 25.82189 285.0317 -215.0807 -0.7907 -0.7907 0.0000 0.0000 0.0000 317.0567 349.7781 -9.4708 0.0000 0.0000
1240.03 16.07.2018 01.40.01 25.72302 284.9066 -214.0468 -0.7869 -0.7869 0.0000 0.0000 0.0000 316.6600 349.3349 -9.1603 0.0000 0.0000
1250.03 16.07.2018 01.50.01 25.62481 284.7841 -212.8739 -0.7826 -0.7826 0.0000 0.0000 0.0000 316.2929 348.8952 -8.8978 0.0000 0.0000
1260.03 16.07.2018 02.00.01 25.52700 284.6231 -211.5991 -0.7779 -0.7780 0.0000 0.0006 0.0003 315.9173 348.3876 -8.9381 0.0000 0.0000
1270.03 16.07.2018 02.10.01 25.42977 284.7654 -209.1022 -0.7688 -0.7782 0.0126 0.3814 0.2006 315.5786 348.1802 -7.7782 0.0000 0.0000
1280.03 16.07.2018 02.20.01 25.33300 284.7251 -207.0804 -0.7613 -0.7827 0.0284 0.8039 0.4234 315.0897 347.9126 -7.0028 0.0000 0.0000
1290.03 16.07.2018 02.30.01 25.23669 284.4654 -207.4734 -0.7628 -0.7964 0.0449 1.2322 0.6492 314.7356 347.2729 -7.9987 0.0000 0.0000
1300.03 16.07.2018 02.40.01 25.14007 284.6783 -208.1366 -0.7652 -0.8112 0.0614 1.6617 0.8756 314.4946 347.1707 -6.9031 0.0000 0.0000
1310.03 16.07.2018 02.50.01 25.04360 284.2681 -207.3497 -0.7623 -0.8208 0.0779 2.0915 1.1022 314.0661 346.4319 -8.5972 0.0000 0.0000
1320.03 16.07.2018 03.00.01 24.94705 284.0754 -208.1073 -0.7651 -0.8360 0.0946 2.5247 1.3306 313.6974 345.7584 -9.6177 0.0000 0.0000
1330.03 16.07.2018 03.10.01 24.85043 284.2238 -194.4022 -0.7147 -0.8492 0.1793 5.0241 2.6458 313.6730 345.6966 -8.6806 0.0000 0.0000
1340.03 16.07.2018 03.20.01 24.75875 284.3873 -182.0527 -0.6693 -0.8809 0.2822 7.7506 4.0834 313.7720 345.8058 -7.9077 0.0000 0.0000
1350.03 16.07.2018 03.30.01 24.67169 284.5546 -172.9807 -0.6360 -0.9269 0.3880 10.5086 5.5374 313.9240 346.0186 -7.2362 0.0000 0.0000
1360.03 16.07.2018 03.40.01 24.58825 284.7238 -166.1907 -0.6110 -0.9818 0.4944 13.2733 6.9951 314.1086 346.3084 -6.6759 0.0000 0.0000
1370.03 16.07.2018 03.50.01 24.50765 284.8946 -160.6508 -0.5906 -1.0413 0.6009 16.0390 8.4532 314.3150 346.6683 -6.1800 0.0000 0.0000
1380.03 16.07.2018 04.00.01 24.42938 285.0159 -156.2799 -0.5746 -1.1051 0.7074 18.8045 9.9113 314.5081 347.0337 -5.9240 0.0000 0.0000
1390.03 16.07.2018 04.10.01 24.35302 285.8756 -153.3274 -0.5637 -1.1674 0.8049 21.2971 11.2258 316.1724 348.3322 -3.2015 0.0000 0.0000
1400.03 16.07.2018 04.20.01 24.27886 286.5708 -147.3555 -0.5417 -1.2167 0.9000 23.7598 12.5242 317.9428 349.6843 -0.2617 0.0000 0.0000
1410.03 16.07.2018 04.30.01 24.20797 287.2369 -139.3275 -0.5122 -1.2583 0.9947 26.2182 13.8204 319.6968 351.2477 3.4262 0.0000 0.0000
1420.03 16.07.2018 04.40.01 24.14114 288.0160 -129.6208 -0.4765 -1.2936 1.0894 28.6758 15.1161 321.5449 352.9340 4.1790 0.0000 0.0000
1430.03 16.07.2018 04.50.01 24.07919 288.8205 -118.6215 -0.4361 -1.3241 1.1840 83.2969 44.0522 323.4273 357.4115 2.6100 0.0000 0.0000
1440.03 16.07.2018 05.00.01 24.02245 289.6228 -84.4267 -0.3104 -1.3551 1.3929 91.2095 48.1790 325.5370 361.0937 4.1192 0.0000 0.0000
1450.03 16.07.2018 05.10.01 23.97851 290.2188 -78.5738 -0.2889 -1.4268 1.5173 348.4948 183.4479 327.3454 376.1169 -11.7842 0.0000 0.0000
1460.03 16.07.2018 05.20.01 23.93890 291.0424 56.0367 0.2060 -1.4884 2.2593 594.4154 311.6183 330.2970 397.3761 -35.5730 0.0000 0.0000
1470.03 16.07.2018 05.30.01 23.94741 291.9562 172.2908 0.6334 -1.7484 3.1758 828.0919 432.3486 334.0509 421.8929 -65.5344 0.0000 0.0000
1480.03 16.07.2018 05.40.01 23.99899 292.8566 253.6905 0.9327 -2.1603 4.1240 758.1273 394.1750 338.2877 436.1666 -81.9866 0.0000 0.0000
1490.03 16.07.2018 05.50.01 24.08083 293.5552 142.2613 0.5230 -2.6578 4.2411 684.1182 354.2306 341.1200 442.6867 -92.7253 0.0000 0.0000
1500.03 16.07.2018 06.00.01 24.12771 294.1770 58.2323 0.2141 -2.9192 4.1777 612.3542 315.7684 343.3630 445.8519 -101.6061 0.0000 0.0000
1510.03 16.07.2018 06.10.01 24.14794 294.5362 18.0884 0.0665 -3.0094 4.1013 569.4428 291.9214 345.1438 447.5941 -100.6889 0.0000 0.0000
1520.03 16.07.2018 06.20.01 24.15569 294.8959 34.1095 0.1254 -3.0157 4.1881 529.9756 270.0148 347.2856 448.8971 -98.7548 0.0000 0.0000
1530.03 16.07.2018 06.30.01 24.17007 295.2610 40.3140 0.1482 -3.0329 4.2415 502.8596 255.5425 349.3204 450.6816 -97.7699 0.0000 0.0000
1540.03 16.07.2018 06.40.01 24.18789 295.6302 61.6101 0.2265 -3.0405 4.3560 480.6327 243.2178 351.4079 451.5941 -95.0556 0.0000 0.0000
1550.03 16.07.2018 06.50.01 24.21713 296.0053 416.4653 1.5311 -3.0647 6.1277 479.2929 242.1733 353.5974 454.4785 -95.4010 0.0000 0.0000
1560.03 16.07.2018 07.00.01 24.36984 296.3915 687.3077 2.5269 -3.6673 8.2589 483.2016 244.0031 355.6689 457.7449 -96.2405 0.0000 0.0000
1570.03 16.07.2018 07.10.01 24.61831 296.7246 828.3638 3.0455 -4.6844 10.3064 490.1044 247.2452 357.6154 460.8046 -96.4490 0.0000 0.0000
1580.03 16.07.2018 07.20.01 24.91885 297.0527 907.6924 3.3371 -5.8875 12.2995 496.6348 250.3043 359.7080 463.9628 -96.7015 0.0000 0.0000
1590.03 16.07.2018 07.30.01 25.25018 297.3852 937.9210 3.4482 -7.1702 14.1580 501.6431 252.5498 361.8335 466.9836 -96.5336 0.0000 0.0000
1600.03 16.07.2018 07.40.01 25.59524 297.7283 921.6653 3.3885 -8.4506 15.7855 509.4339 256.4398 364.0771 470.3763 -95.9210 0.0000 0.0000
1610.03 16.07.2018 07.50.01 25.93841 298.0701 939.2979 3.4533 -9.6552 17.4779 516.0562 259.5799 366.2694 473.7879 -94.9382 0.0000 0.0000
1620.03 16.07.2018 08.00.01 26.29055 298.4080 966.8601 3.5546 -10.8463 19.2012 521.0426 261.7151 368.2791 477.0220 -93.7921 0.0000 0.0000
1630.03 16.07.2018 08.10.01 26.65481 298.6747 969.2263 3.5633 -12.0454 20.8116 527.8664 265.0230 370.3019 480.2852 -96.2184 0.0000 0.0000
1640.03 16.07.2018 08.20.01 27.02221 298.9388 943.1234 3.4674 -13.2114 22.2383 533.5706 267.7998 372.1526 483.2281 -98.8127 0.0000 0.0000
1650.03 16.07.2018 08.30.01 27.38305 299.1810 930.5632 3.4212 -14.2989 23.6268 539.2580 270.5935 374.1148 486.0269 -101.5794 0.0000 0.0000
1660.03 16.07.2018 08.40.01 27.74163 299.3927 920.3252 3.3835 -15.3349 24.9579 546.0320 273.9418 375.9973 489.1486 -101.2991 0.0000 0.0000
1670.03 16.07.2018 08.50.01 28.09841 299.5853 902.9886 3.3198 -16.3264 26.1950 551.9007 276.8180 377.8045 492.2845 -101.0159 0.0000 0.0000
1680.03 16.07.2018 09.00.01 28.45043 299.7062 832.3205 3.0600 -17.2640 27.0987 555.1663 278.3835 379.2423 495.0074 -100.8458 0.0000 0.0000
1690.03 16.07.2018 09.10.01 28.77990 299.8250 817.7820 3.0066 -18.0603 28.0891 559.9259 280.8389 380.7637 497.6370 -102.9999 0.0000 0.0000
1700.03 16.07.2018 09.20.01 29.10558 299.9925 794.3284 2.9203 -18.8129 28.9777 563.1371 282.4410 382.1960 499.9524 -104.5331 0.0000 0.0000
1710.03 16.07.2018 09.30.01 29.42455 300.1594 776.9880 2.8566 -19.5043 29.8145 566.9034 284.4139 383.7585 502.0142 -107.2636 0.0000 0.0000
1720.03 16.07.2018 09.40.01 29.73913 300.2401 768.8605 2.8267 -20.1445 30.6283 571.8538 286.9691 385.0954 503.6818 -109.1754 0.0000 0.0000
1730.03 16.07.2018 09.50.01 30.05212 300.2651 751.6612 2.7635 -20.7535 31.3559 576.4047 289.3499 386.3979 504.8447 -112.5604 0.0000 0.0000
1740.03 16.07.2018 10.00.01 30.35992 300.3032 698.7560 2.5690 -21.3176 31.8488 579.0219 290.7489 387.5867 505.5077 -116.2213 0.0000 0.0000
1750.03 16.07.2018 10.10.01 30.64965 300.6552 557.4728 2.0495 -21.7755 31.7668 572.4498 287.7349 389.1233 508.8363 -106.8913 0.0000 0.0000
1760.03 16.07.2018 10.20.01 30.89227 300.7711 464.5025 1.7077 -21.9752 31.5773 565.1102 284.3405 390.9005 511.1783 -102.0185 0.0000 0.0000
1770.03 16.07.2018 10.30.01 31.10296 301.0708 366.3759 1.3470 -22.0135 31.1473 555.4289 279.7243 392.2403 511.0913 -101.7781 0.0000 0.0000
1780.03 16.07.2018 10.40.01 31.28051 301.1615 334.6998 1.2305 -21.8798 30.8137 549.2722 276.9598 393.2923 511.6491 -99.1186 0.0000 0.0000
1790.03 16.07.2018 10.50.01 31.44769 301.2293 300.5018 1.1048 -21.6876 30.3899 541.7629 273.4516 394.2389 511.7767 -98.9102 0.0000 0.0000
1800.03 16.07.2018 11.00.01 31.60122 301.3434 243.8101 0.8964 -21.4551 29.8019 533.4321 269.5728 395.2068 511.5088 -100.7153 0.0000 0.0000
1810.03 16.07.2018 11.10.01 31.73605 301.3925 417.7304 1.5358 -21.1460 30.2424 538.3804 271.9659 396.0689 517.3326 -82.1837 0.0000 0.0000
1820.03 16.07.2018 11.20.01 31.93044 301.6659 517.6879 1.9033 -21.1380 30.7217 543.6862 274.5431 396.7305 519.6870 -84.9851 0.0000 0.0000
1830.03 16.07.2018 11.30.01 32.15972 301.4686 568.9094 2.0916 -21.2907 31.1764 549.0166 277.1532 396.6972 516.1679 -107.3851 0.0000 0.0000
1840.03 16.07.2018 11.40.01 32.40643 301.7805 589.4678 2.1672 -21.5342 31.6018 554.2768 279.6965 397.1790 516.8738 -108.5606 0.0000 0.0000
1850.03 16.07.2018 11.50.01 32.66067 301.5706 593.0958 2.1805 -21.8048 31.9804 559.3900 282.1875 397.9286 515.5852 -122.2977 0.0000 0.0000
1860.03 16.07.2018 12.00.01 32.91622 301.6004 553.8984 2.0364 -22.0725 32.1452 562.6452 283.7264 398.0223 513.7969 -134.5999 0.0000 0.0000
1870.03 16.07.2018 12.10.01 33.15707 301.6658 338.5432 1.2446 -22.2605 31.3401 551.8309 278.5254 398.1244 512.5026 -133.8819 0.0000 0.0000
1880.03 16.07.2018 12.20.01 33.32360 301.7821 191.3597 0.7035 -22.0805 30.3787 539.0724 272.2771 398.0271 510.8308 -132.3003 0.0000 0.0000
1890.03 16.07.2018 12.30.01 33.43847 301.8277 92.6012 0.3404 -21.6630 29.3379 525.3884 265.5328 397.7126 508.7705 -130.9026 0.0000 0.0000
1900.03 16.07.2018 12.40.01 33.51754 301.8673 39.7324 0.1461 -21.1048 28.3345 512.6525 259.2457 397.3029 506.8347 -128.7903 0.0000 0.0000
1910.03 16.07.2018 12.50.01 33.57675 301.9359 28.7211 0.1056 -20.4868 27.4565 502.2849 254.2848 397.2656 505.3133 -126.8971 0.0000 0.0000
1920.03 16.07.2018 13.00.01 33.62972 301.9785 -36.0887 -0.1327 -19.8750 26.3231 488.7639 247.6250 396.9730 503.3124 -124.4515 0.0000 0.0000
1930.03 16.07.2018 13.10.01 33.65759 301.9388 -193.1693 -0.7102 -19.1751 24.6199 468.1651 237.7951 397.1029 501.6444 -118.1986 0.0000 0.0000
1940.03 16.07.2018 13.20.01 33.62899 301.8809 -304.2202 -1.1185 -18.2392 22.8276 445.6159 226.8618 396.9250 499.4693 -112.3172 0.0000 0.0000
1950.03 16.07.2018 13.30.01 33.55969 301.8172 -363.3589 -1.3359 -17.1560 21.0935 423.7246 216.2804 396.6521 497.1868 -107.1244 0.0000 0.0000
1960.03 16.07.2018 13.40.01 33.46694 301.6159 -400.0533 -1.4708 -16.0203 19.3994 401.8805 205.7075 396.0612 493.5873 -110.7133 0.0000 0.0000
1970.03 16.07.2018 13.50.01 33.35851 301.5388 -415.5169 -1.5276 -14.8679 17.7870 380.6142 195.4196 395.6615 490.4869 -106.5617 0.0000 0.0000
1980.03 16.07.2018 14.00.01 33.24200 301.4524 -420.7558 -1.5469 -13.7281 16.2416 359.8914 185.4063 395.3103 487.4789 -101.5425 0.0000 0.0000
1990.03 16.07.2018 14.10.01 33.12203 301.3501 -322.5005 -1.1857 -12.6195 15.2451 344.9321 177.8494 394.3978 483.9619 -99.6732 0.0000 0.0000
2000.03 16.07.2018 14.20.01 33.03369 301.2362 -270.2143 -0.9934 -11.7124 14.2920 330.6093 170.6426 393.3874 480.5760 -97.1969 0.0000 0.0000
2010.03 16.07.2018 14.30.01 32.96154 301.1351 -233.5323 -0.8586 -10.9203 13.4157 317.0637 163.8433 392.4808 477.3761 -94.3316 0.0000 0.0000
2020.03 16.07.2018 14.40.01 32.90081 301.0434 -206.0603 -0.7576 -10.2121 12.6061 304.1081 157.3724 391.7346 474.4918 -90.9692 0.0000 0.0000
2030.03 16.07.2018 14.50.01 32.84820 300.9344 -199.0237 -0.7317 -9.5679 11.7816 290.4855 150.5123 390.8934 471.5388 -87.3079 0.0000 0.0000
2040.03 16.07.2018 15.00.01 32.79708 300.8655 -195.8084 -0.7199 -8.9516 10.9756 277.0633 143.7575 390.0441 468.5768 -84.0086 0.0000 0.0000
2050.03 16.07.2018 15.10.01 32.74636 300.8294 -144.8012 -0.5324 -8.3647 10.4431 269.9803 139.8554 388.6664 465.9347 -78.1931 0.0000 0.0000
2060.03 16.07.2018 15.20.01 32.71285 300.8062 -122.2602 -0.4495 -7.8757 9.9017 263.4226 136.2752 387.4929 463.7382 -72.6791 0.0000 0.0000
2070.03 16.07.2018 15.30.01 32.68591 300.7750 -130.3137 -0.4791 -7.4389 9.2797 256.2645 132.3953 386.3295 461.6657 -68.6110 0.0000 0.0000
2080.03 16.07.2018 15.40.01 32.65530 300.7584 -138.0090 -0.5074 -7.0014 8.6587 250.6772 129.3420 385.3035 459.8800 -64.8667 0.0000 0.0000
2090.03 16.07.2018 15.50.01 32.62097 300.7466 -168.0656 -0.6179 -6.5653 7.9299 244.0942 125.7721 384.2845 458.1229 -61.3619 0.0000 0.0000
2100.03 16.07.2018 16.00.01 32.57510 300.7474 -215.5560 -0.7925 -6.0931 7.0674 236.6475 121.7866 383.2906 456.1769 -60.6959 0.0000 0.0000
2110.03 16.07.2018 16.10.01 32.51180 300.6027 -249.9864 -0.9191 -5.5582 6.1856 221.4619 114.0845 382.2546 453.9832 -58.7037 0.0000 0.0000
2120.03 16.07.2018 16.20.01 32.43514 300.4476 -282.5553 -1.0388 -4.9884 5.2662 205.3349 105.8463 380.9619 451.5477 -54.5897 0.0000 0.0000
2130.03 16.07.2018 16.30.01 32.34573 300.3010 -281.6748 -1.0356 -4.3892 4.4715 190.7544 98.4420 379.7536 449.0850 -52.4970 0.0000 0.0000
2140.03 16.07.2018 16.40.01 32.25549 300.1345 -193.9855 -0.7132 -3.8179 4.1397 180.8062 93.5537 378.3657 447.0725 -50.6804 0.0000 0.0000
2150.03 16.07.2018 16.50.01 32.19348 299.9944 -153.1649 -0.5631 -3.4202 3.8094 170.4088 88.3943 376.9011 444.9123 -48.7803 0.0000 0.0000
2160.03 16.07.2018 17.00.01 32.14407 299.8397 -142.7605 -0.5249 -3.1094 3.4460 159.1914 82.7673 375.2886 442.5482 -46.4906 0.0000 0.0000
2170.03 16.07.2018 17.10.01 32.09722 299.6236 -118.5254 -0.4358 -2.8323 3.1954 151.2200 78.8106 373.8747 440.1461 -46.0659 0.0000 0.0000
2180.03 16.07.2018 17.20.01 32.05764 299.3847 -105.7003 -0.3886 -2.6131 2.9661 143.1504 74.7783 372.4918 437.8839 -43.5843 0.0000 0.0000
2190.03 16.07.2018 17.30.01 32.02142 299.1673 -103.4537 -0.3803 -2.4300 2.7329 134.6580 70.4955 371.1092 435.5751 -41.5631 0.0000 0.0000
2200.03 16.07.2018 17.40.01 31.98504 298.9369 -102.0922 -0.3753 -2.2644 2.5187 124.2449 65.1982 369.7822 433.2239 -39.1087 0.0000 0.0000
2210.03 16.07.2018 17.50.01 31.94821 298.7147 -109.5095 -0.4026 -2.1143 2.2823 113.0534 59.4510 368.4274 430.7243 -36.3916 0.0000 0.0000
2220.03 16.07.2018 18.00.01 31.90792 298.4917 -118.1871 -0.4345 -1.9648 2.0404 101.4527 53.4626 367.0542 428.1381 -33.7908 0.0000 0.0000
2230.03 16.07.2018 18.10.01 31.86367 298.0977 -128.3861 -0.4720 -1.8145 1.7899 90.3109 47.6857 365.4811 425.5297 -30.4735 0.0000 0.0000
2240.03 16.07.2018 18.20.01 31.81487 297.6999 -138.9945 -0.5110 -1.6618 1.5344 78.7329 41.6513 363.8906 422.7406 -27.9023 0.0000 0.0000
2250.03 16.07.2018 18.30.01 31.76144 297.3197 -148.8765 -0.5473 -1.5058 1.2779 66.8202 35.4175 362.2743 419.8651 -25.0286 0.0000 0.0000
2260.03 16.07.2018 18.40.01 31.70364 296.9526 -156.1234 -0.5740 -1.3480 1.0321 50.2134 26.6548 360.6571 416.6070 -22.0885 0.0000 0.0000
2270.03 16.07.2018 18.50.01 31.64218 296.5633 -166.6527 -0.6127 -1.1942 0.7753 32.9084 17.4818 359.0756 413.0630 -18.9023 0.0000 0.0000
2280.03 16.07.2018 19.00.01 31.57595 296.1761 -176.6451 -0.6494 -1.0402 0.5210 15.0746 7.9882 357.4811 409.2883 -15.8375 0.0000 0.0000
2290.03 16.07.2018 19.10.01 31.50512 295.4413 -166.3604 -0.6116 -0.8881 0.3687 12.1598 6.4502 356.0664 406.0946 -15.4932 0.0000 0.0000
2300.03 16.07.2018 19.20.01 31.43664 294.6991 -151.3790 -0.5565 -0.7724 0.2879 10.0290 5.3269 354.6728 403.1526 -16.0021 0.0000 0.0000
2310.03 16.07.2018 19.30.01 31.37182 293.9892 -146.5283 -0.5387 -0.7040 0.2204 8.0267 4.2703 353.3396 400.2440 -16.8706 0.0000 0.0000
2320.03 16.07.2018 19.40.01 31.30721 293.3312 -148.9669 -0.5477 -0.6642 0.1553 5.4802 2.9179 352.0522 397.4976 -17.2815 0.0000 0.0000
2330.03 16.07.2018 19.50.01 31.24063 292.7266 -154.9061 -0.5695 -0.6362 0.0889 2.8878 1.5389 350.7713 394.8605 -17.5338 0.0000 0.0000
2340.03 16.07.2018 20.00.01 31.17101 292.0955 -161.5293 -0.5939 -0.6108 0.0226 0.2629 0.1402 349.5419 392.2545 -17.8522 0.0000 0.0000
2350.03 16.07.2018 20.10.01 31.09823 291.9305 -159.5770 -0.5867 -0.5897 0.0040 0.0440 0.0233 350.9012 390.4559 -17.9878 0.0000 0.0000
2360.03 16.07.2018 20.20.01 31.02542 291.7508 -158.4813 -0.5827 -0.5832 0.0007 0.0083 0.0044 352.4051 388.9116 -18.6046 0.0000 0.0000
2370.03 16.07.2018 20.30.01 30.95217 291.5619 -159.3576 -0.5859 -0.5860 0.0001 0.0014 0.0008 353.8409 387.4951 -19.4587 0.0000 0.0000
2380.03 16.07.2018 20.40.01 30.87811 291.3860 -162.3156 -0.5967 -0.5968 0.0000 0.0003 0.0001 355.3019 386.2726 -20.1643 0.0000 0.0000
2390.03 16.07.2018 20.50.01 30.80245 291.2011 -166.1685 -0.6109 -0.6109 0.0000 0.0000 0.0000 356.7854 385.1466 -21.1675 0.0000 0.0000
2400.03 16.07.2018 21.00.01 30.72491 291.0133 -170.3861 -0.6264 -0.6264 0.0000 0.0000 0.0000 358.2700 384.0957 -22.3868 0.0000 0.0000
2410.03 16.07.2018 21.10.01 30.64556 291.3972 -173.2023 -0.6368 -0.6368 0.0000 0.0000 0.0000 358.1532 383.8009 -19.3960 0.0000 0.0000
2420.03 16.07.2018 21.20.01 30.56591 291.7859 -172.5439 -0.6344 -0.6344 0.0000 0.0000 0.0000 358.1482 383.7084 -16.4038 0.0000 0.0000
2430.03 16.07.2018 21.30.01 30.48696 292.1839 -169.8058 -0.6243 -0.6243 0.0000 0.0000 0.0000 358.2312 383.8210 -13.3212 0.0000 0.0000
2440.03 16.07.2018 21.40.01 30.40957 292.5793 -166.1354 -0.6108 -0.6108 0.0000 0.0000 0.0000 358.3998 384.1384 -10.0909 0.0000 0.0000
2450.03 16.07.2018 21.50.01 30.33395 292.9977 -161.8749 -0.5951 -0.5951 0.0000 0.0000 0.0000 358.6408 384.6451 -6.7304 0.0000 0.0000
2460.03 16.07.2018 22.00.01 30.26046 293.4208 -157.2202 -0.5780 -0.5780 0.0000 0.0000 0.0000 358.9461 385.3020 -3.3881 0.0000 0.0000
2470.03 16.07.2018 22.10.01 30.18905 293.1250 -153.1876 -0.5632 -0.5632 0.0000 0.0000 0.0000 359.3768 385.2758 -4.9977 0.0000 0.0000
2480.03 16.07.2018 22.20.01 30.11913 292.7739 -150.7998 -0.5544 -0.5544 0.0000 0.0000 0.0000 359.7139 385.3355 -4.8508 0.0000 0.0000
2490.03 16.07.2018 22.30.01 30.05023 292.4784 -148.8657 -0.5473 -0.5473 0.0000 0.0000 0.0000 359.7071 384.6978 -7.0654 0.0000 0.0000
2500.03 16.07.2018 22.40.01 29.98113 292.1982 -151.4609 -0.5568 -0.5568 0.0000 0.0000 0.0000 359.8669 384.3717 -7.7322 0.0000 0.0000
2510.03 16.07.2018 22.50.01 29.91052 291.9018 -155.0787 -0.5701 -0.5701 0.0000 0.0000 0.0000 360.1384 384.0052 -8.4546 0.0000 0.0000
2520.03 16.07.2018 23.00.01 29.83828 291.5021 -158.4135 -0.5824 -0.5824 0.0000 0.0000 0.0000 360.1660 383.1414 -11.3008 0.0000 0.0000
2530.03 16.07.2018 23.10.01 29.76446 291.3744 -162.2018 -0.5963 -0.5963 0.0000 0.0000 0.0000 360.0539 382.5721 -11.7162 0.0000 0.0000
2540.03 16.07.2018 23.20.01 29.68887 291.2930 -165.7805 -0.6095 -0.6095 0.0000 0.0000 0.0000 360.0261 382.0491 -12.0724 0.0000 0.0000
2550.03 16.07.2018 23.30.01 29.61166 291.2089 -168.9987 -0.6213 -0.6213 0.0000 0.0000 0.0000 360.0137 381.5281 -12.4782 0.0000 0.0000
2560.03 16.07.2018 23.40.01 29.53317 291.1250 -171.8495 -0.6318 -0.6318 0.0000 0.0000 0.0000 360.0114 381.0239 -12.8384 0.0000 0.0000
2570.03 16.07.2018 23.50.01 29.45336 291.0400 -174.2999 -0.6408 -0.6408 0.0000 0.0000 0.0000 360.0119 380.5251 -13.2167 0.0000 0.0000
2580.03 17.07.2018 00.00.01 29.37252 290.9546 -176.2660 -0.6480 -0.6480 0.0000 0.0000 0.0000 360.0094 380.0306 -13.6006 0.0000 0.0000
2590.03 17.07.2018 00.10.01 29.29095 291.0599 -177.9472 -0.6542 -0.6542 0.0000 0.0000 0.0000 359.7118 379.7077 -12.9631 0.0000 0.0000
2600.03 17.07.2018 00.20.01 29.20855 291.1331 -178.7703 -0.6572 -0.6572 0.0000 0.0000 0.0000 359.4115 379.3752 -12.5414 0.0000 0.0000
2610.03 17.07.2018 00.30.01 29.12600 291.2036 -179.9016 -0.6614 -0.6614 0.0000 0.0000 0.0000 359.1086 379.0671 -12.1237 0.0000 0.0000
2620.03 17.07.2018 00.40.01 29.04293 291.2873 -179.8395 -0.6612 -0.6612 0.0000 0.0000 0.0000 358.8749 378.9034 -11.2529 0.0000 0.0000
2630.03 17.07.2018 00.50.01 28.96050 291.3149 -179.3330 -0.6593 -0.6593 0.0000 0.0000 0.0000 358.6214 378.6126 -11.0046 0.0000 0.0000
2640.03 17.07.2018 01.00.01 28.87811 291.3538 -178.4410 -0.6560 -0.6560 0.0000 0.0000 0.0000 358.3350 378.3693 -10.5117 0.0000 0.0000
2650.03 17.07.2018 01.10.01 28.79641 291.3039 -175.1861 -0.6441 -0.6441 0.0000 0.0000 0.0000 357.6483 378.7344 -7.6013 0.0000 0.0000
2660.03 17.07.2018 01.20.01 28.71758 291.1881 -166.5451 -0.6123 -0.6123 0.0000 0.0000 0.0000 356.8842 378.5390 -7.3599 0.0000 0.0000
2670.03 17.07.2018 01.30.01 28.64187 291.0245 -164.5797 -0.6051 -0.6051 0.0000 0.0000 0.0000 355.6589 377.2347 -10.8160 0.0000 0.0000
2680.03 17.07.2018 01.40.01 28.56463 291.0090 -170.1688 -0.6256 -0.6256 0.0000 0.0000 0.0000 354.7712 377.1819 -8.4997 0.0000 0.0000
2690.03 17.07.2018 01.50.01 28.48611 290.9170 -169.3582 -0.6226 -0.6226 0.0000 0.0000 0.0000 353.9814 376.9552 -7.6557 0.0000 0.0000
2700.03 17.07.2018 02.00.01 28.40899 290.7331 -165.0892 -0.6069 -0.6070 0.0000 0.0007 0.0004 352.9222 376.3392 -8.1274 0.0000 0.0000
2710.03 17.07.2018 02.10.01 28.33370 290.4325 -159.7197 -0.5872 -0.5981 0.0145 0.4400 0.2315 349.7121 375.2849 -8.9724 0.0000 0.0000
2720.03 17.07.2018 02.20.01 28.25897 290.2175 -161.9230 -0.5953 -0.6199 0.0328 0.9276 0.4885 346.4216 373.9680 -10.0018 0.0000 0.0000
2730.03 17.07.2018 02.30.01 28.18191 289.9659 -168.7673 -0.6205 -0.6593 0.0518 1.4218 0.7491 343.0552 372.4820 -11.0247 0.0000 0.0000
2740.03 17.07.2018 02.40.01 28.10110 289.6648 -177.6039 -0.6530 -0.7061 0.0708 1.9174 1.0104 339.6884 371.0606 -11.2518 0.0000 0.0000
2750.03 17.07.2018 02.50.01 28.01641 289.3524 -185.3156 -0.6813 -0.7488 0.0899 2.4133 1.2718 336.2941 369.5308 -11.7019 0.0000 0.0000
2760.03 17.07.2018 03.00.01 27.92843 288.9945 -192.2210 -0.7067 -0.7886 0.1092 2.9138 1.5357 332.8311 367.7644 -12.8343 0.0000 0.0000
2770.03 17.07.2018 03.10.01 27.83746 288.9416 -179.5836 -0.6602 -0.8250 0.2196 6.1822 3.2555 332.4982 367.0870 -11.6344 0.0000 0.0000
2780.03 17.07.2018 03.20.01 27.75158 288.9052 -164.5182 -0.6048 -0.8706 0.3543 9.7550 5.1392 332.4245 366.7278 -10.8526 0.0000 0.0000
2790.03 17.07.2018 03.30.01 27.67190 288.8733 -151.4395 -0.5568 -0.9265 0.4930 13.3699 7.0451 332.4249 366.5327 -10.3090 0.0000 0.0000
2800.03 17.07.2018 03.40.01 27.59762 288.8285 -140.7568 -0.5175 -0.9918 0.6325 16.9938 8.9557 332.4880 366.4908 -9.8547 0.0000 0.0000
2810.03 17.07.2018 03.50.01 27.52786 288.8168 -131.7492 -0.4844 -1.0634 0.7720 20.6191 10.8671 332.6169 366.6220 -9.4055 0.0000 0.0000
2820.03 17.07.2018 04.00.01 27.46203 288.8122 -123.6727 -0.4547 -1.1385 0.9117 24.2467 12.7796 332.7812 366.8685 -9.0495 0.0000 0.0000
2830.03 17.07.2018 04.10.01 27.39980 289.1770 -108.4178 -0.3986 -1.2158 1.0896 29.0340 15.3023 332.9296 367.4911 -7.5570 0.0000 0.0000
2840.03 17.07.2018 04.20.01 27.34347 289.5451 -95.6250 -0.3516 -1.3098 1.2777 33.9489 17.8936 333.1536 368.2988 -6.2424 0.0000 0.0000
2850.03 17.07.2018 04.30.01 27.29226 289.9185 -85.5117 -0.3144 -1.4149 1.4674 38.8815 20.4942 333.4211 369.2589 -5.0127 0.0000 0.0000
2860.03 17.07.2018 04.40.01 27.24536 290.2962 -76.8388 -0.2825 -1.5256 1.6575 43.8178 23.0967 333.7258 370.3438 -3.9108 0.0000 0.0000
2870.03 17.07.2018 04.50.01 27.20226 290.6769 -68.9247 -0.2534 -1.6391 1.8476 72.1764 38.1075 334.0643 372.6979 -4.8901 0.0000 0.0000
2880.03 17.07.2018 05.00.01 27.16277 291.0682 -50.7979 -0.1868 -1.7532 2.0886 79.5312 41.9936 334.5045 374.7079 -5.3847 0.0000 0.0000
2890.03 17.07.2018 05.10.01 27.13027 291.4445 -57.7299 -0.2122 -1.8845 2.2297 263.0809 138.5006 335.5532 384.6239 -19.8912 0.0000 0.0000
2900.03 17.07.2018 05.20.01 27.09710 291.8920 28.7394 0.1057 -1.9886 2.7923 437.9297 229.6488 337.3545 398.5546 -41.4304 0.0000 0.0000
2910.03 17.07.2018 05.30.01 27.09503 292.3759 105.6752 0.3885 -2.2200 3.4780 604.1432 315.5471 339.7041 414.5481 -65.4941 0.0000 0.0000
2920.03 17.07.2018 05.40.01 27.12130 292.8950 159.2262 0.5854 -2.5535 4.1852 576.4877 299.9294 342.3600 424.3631 -77.4057 0.0000 0.0000
2930.03 17.07.2018 05.50.01 27.16741 293.3293 91.0489 0.3347 -2.9436 4.3711 545.3557 282.6374 344.2283 430.1516 -82.7227 0.0000 0.0000
2940.03 17.07.2018 06.00.01 27.19229 293.7352 41.2177 0.1515 -3.1871 4.4515 514.8933 265.8283 345.8176 434.4269 -85.9765 0.0000 0.0000
2950.03 17.07.2018 06.10.01 27.20168 293.9769 24.6574 0.0907 -3.3254 4.5547 487.5744 250.3992 347.4401 436.9570 -88.6499 0.0000 0.0000
2960.03 17.07.2018 06.20.01 27.20654 294.2143 35.1720 0.1293 -3.4212 4.7340 462.2266 236.0951 349.2539 438.7033 -90.4133 0.0000 0.0000
2970.03 17.07.2018 06.30.01 27.21594 294.4412 37.4448 0.1377 -3.5189 4.8754 446.1189 227.3628 350.9538 440.6980 -92.5221 0.0000 0.0000
2980.03 17.07.2018 06.40.01 27.22744 294.6764 54.1252 0.1990 -3.6030 5.0693 432.4893 219.6422 352.6853 441.9023 -93.4924 0.0000 0.0000
2990.03 17.07.2018 06.50.01 27.24813 294.9201 363.1661 1.3352 -3.6977 6.7105 436.7609 221.5691 354.4583 444.5841 -97.3656 0.0000 0.0000
3000.03 17.07.2018 07.00.01 27.37631 295.1584 580.4631 2.1341 -4.2965 8.5741 444.3888 225.3391 356.1302 447.3435 -101.4603 0.0000 0.0000
3010.03 17.07.2018 07.10.01 27.58141 295.3877 691.4050 2.5419 -5.2245 10.3552 453.5631 229.7601 357.2207 449.2725 -107.9053 0.0000 0.0000
3020.03 17.07.2018 07.20.01 27.82775 295.6063 757.7820 2.7860 -6.2955 12.1086 462.6078 234.1238 358.3258 450.9542 -113.8541 0.0000 0.0000
3030.03 17.07.2018 07.30.01 28.09963 295.8158 752.8096 2.7677 -7.4344 13.6028 470.1424 237.7757 359.4041 452.1822 -119.9554 0.0000 0.0000
3040.03 17.07.2018 07.40.01 28.37304 296.0259 788.2405 2.8979 -8.5213 15.2256 479.4065 242.2895 360.4794 453.3359 -125.9385 0.0000 0.0000
3050.03 17.07.2018 07.50.01 28.66110 296.2411 804.6054 2.9581 -9.6310 16.7855 487.8465 246.3563 361.5473 454.3283 -130.8909 0.0000 0.0000
3060.03 17.07.2018 08.00.01 28.95742 296.4420 829.7573 3.0506 -10.7336 18.3789 495.1331 249.7054 362.4305 454.9521 -136.0899 0.0000 0.0000
3070.03 17.07.2018 08.10.01 29.26449 296.5780 845.1830 3.1073 -11.8471 19.9392 504.9195 254.4192 363.5581 455.7720 -140.2145 0.0000 0.0000
3080.03 17.07.2018 08.20.01 29.57873 296.7121 837.1764 3.0779 -12.9576 21.3807 513.9693 258.7826 364.4795 456.3234 -145.7194 0.0000 0.0000
3090.03 17.07.2018 08.30.01 29.89218 296.8419 842.9195 3.0990 -14.0275 22.8353 523.2956 263.3005 365.5097 456.9298 -151.3570 0.0000 0.0000
3100.03 17.07.2018 08.40.01 30.20922 296.9786 839.9063 3.0879 -15.0818 24.2262 532.6017 267.8384 366.4458 457.6965 -154.3932 0.0000 0.0000
3110.03 17.07.2018 08.50.01 30.52679 297.1073 832.6583 3.0612 -16.1070 25.5577 541.2144 272.0052 367.3157 458.1501 -159.6215 0.0000 0.0000
3120.03 17.07.2018 09.00.01 30.84295 297.2177 773.2415 2.8428 -17.0985 26.5884 547.2114 274.8316 367.9336 458.3507 -164.1923 0.0000 0.0000
3130.03 17.07.2018 09.10.01 31.13860 297.2272 554.5515 2.0388 -17.9723 26.6815 538.1084 270.8368 369.3844 458.5659 -166.0835 0.0000 0.0000
3140.03 17.07.2018 09.20.01 31.35967 297.2234 372.8903 1.3709 -18.4653 26.4484 525.3386 264.8882 370.7123 458.1918 -165.4389 0.0000 0.0000
3150.03 17.07.2018 09.30.01 31.51791 297.2181 234.6512 0.8627 -18.6537 26.0219 512.0138 258.7513 372.0904 457.7282 -163.6468 0.0000 0.0000
3160.03 17.07.2018 09.40.01 31.62814 297.2218 173.6364 0.6384 -18.6196 25.6774 503.1109 254.7963 373.3676 457.5892 -159.7929 0.0000 0.0000
3170.03 17.07.2018 09.50.01 31.71609 297.2341 106.0789 0.3900 -18.4979 25.1838 493.2266 250.3646 374.6813 457.6142 -155.6626 0.0000 0.0000
3180.03 17.07.2018 10.00.01 31.77941 297.2140 20.5781 0.0757 -18.2757 24.4684 481.8918 245.2296 375.9069 457.5330 -151.7685 0.0000 0.0000
3190.03 17.07.2018 10.10.01 31.81317 297.2760 62.5601 0.2300 -17.9232 24.2043 472.7809 240.6861 376.1788 457.0006 -148.5630 0.0000 0.0000
3200.03 17.07.2018 10.20.01 31.86007 297.3372 75.8838 0.2790 -17.6570 23.9146 463.8316 236.2581 376.5568 456.5321 -145.5586 0.0000 0.0000
3210.03 17.07.2018 10.30.01 31.91076 297.3963 49.8770 0.1834 -17.4222 23.4741 453.3376 231.0179 376.7481 455.8830 -142.1612 0.0000 0.0000
3220.03 17.07.2018 10.40.01 31.95220 297.4551 46.9439 0.1726 -17.1502 23.0971 445.0736 226.9524 376.9350 455.3237 -139.3756 0.0000 0.0000
3230.03 17.07.2018 10.50.01 31.99233 297.5128 34.4852 0.1268 -16.8726 22.6658 435.9858 222.4335 377.1133 454.7103 -136.1417 0.0000 0.0000
3240.03 17.07.2018 11.00.01 32.02700 297.5720 4.4239 0.0163 -16.5836 22.1332 426.4047 217.6930 377.2984 454.0939 -132.8915 0.0000 0.0000
3250.03 17.07.2018 11.10.01 32.05264 297.6799 198.5034 0.7298 -16.2582 22.6506 435.2726 222.1272 377.5739 454.5178 -131.3008 0.0000 0.0000
3260.03 17.07.2018 11.20.01 32.14541 297.7960 324.9450 1.1947 -16.2666 23.2817 445.4985 227.2883 378.1668 455.6662 -130.6043 0.0000 0.0000
3270.03 17.07.2018 11.30.01 32.28216 297.9183 397.1696 1.4602 -16.4751 23.9138 455.9780 232.6002 378.9006 457.1457 -130.6833 0.0000 0.0000
3280.03 17.07.2018 11.40.01 32.44500 298.0436 436.1758 1.6036 -16.7878 24.5219 466.1670 237.7363 379.6607 458.7809 -131.1890 0.0000 0.0000
3290.03 17.07.2018 11.50.01 32.62252 298.1689 455.9518 1.6763 -17.1479 25.0989 476.3169 242.8729 380.4474 460.5679 -132.4563 0.0000 0.0000
3300.03 17.07.2018 12.00.01 32.80795 298.2932 442.3138 1.6262 -17.5238 25.5332 485.2321 247.3786 381.2174 462.3730 -133.7370 0.0000 0.0000
3310.03 17.07.2018 12.10.01 32.98718 298.2722 146.9290 0.5402 -17.8523 24.5233 471.6572 240.9374 382.2406 463.1631 -133.5456 0.0000 0.0000
3320.03 17.07.2018 12.20.01 33.06454 298.2421 -51.8604 -0.1907 -17.6776 23.3159 455.3842 233.0284 382.8621 463.1544 -131.5671 0.0000 0.0000
3330.03 17.07.2018 12.30.01 33.07202 298.2058 -174.4411 -0.6413 -17.1854 22.0588 438.4679 224.7713 383.3073 462.7633 -128.8629 0.0000 0.0000
3340.03 17.07.2018 12.40.01 33.03524 298.1675 -238.8453 -0.8781 -16.5143 20.8482 422.3218 216.8850 383.6801 462.1491 -125.8043 0.0000 0.0000
3350.03 17.07.2018 12.50.01 32.97411 298.1296 -281.3630 -1.0344 -15.7642 19.6397 406.1391 208.9753 383.9948 461.3947 -122.2096 0.0000 0.0000
3360.03 17.07.2018 13.00.01 32.89639 298.0971 -298.6880 -1.0981 -14.9712 18.4974 391.3112 201.8274 384.4600 460.6390 -118.9391 0.0000 0.0000
3370.03 17.07.2018 13.10.01 32.81210 298.0162 -168.5819 -0.6198 -14.1816 18.0824 383.9894 197.9125 383.7089 459.2364 -117.8320 0.0000 0.0000
3380.03 17.07.2018 13.20.01 32.77081 297.9391 -94.8778 -0.3488 -13.6386 17.7196 377.9120 194.7049 383.0094 457.9153 -117.3925 0.0000 0.0000
3390.03 17.07.2018 13.30.01 32.75390 297.8546 -64.8192 -0.2383 -13.2350 17.3289 371.5516 191.3481 382.3042 456.4044 -117.3212 0.0000 0.0000
3400.03 17.07.2018 13.40.01 32.74670 297.7680 -53.6281 -0.1972 -12.8920 16.9264 365.4506 188.1186 381.5506 454.8013 -117.2277 0.0000 0.0000
3410.03 17.07.2018 13.50.01 32.74276 297.6821 -55.7809 -0.2051 -12.5760 16.4946 359.2187 184.8325 380.7878 453.1093 -117.0698 0.0000 0.0000
3420.03 17.07.2018 14.00.01 32.73742 297.5923 -72.7713 -0.2675 -12.2635 15.9946 352.6102 181.3713 380.0359 451.3422 -116.5980 0.0000 0.0000
3430.03 17.07.2018 14.10.01 32.72610 297.4708 -32.2158 -0.1184 -11.9348 15.7551 349.7459 179.5826 377.5376 449.0909 -116.2368 0.0000 0.0000
3440.03 17.07.2018 14.20.01 32.72741 297.3400 -33.4019 -0.1228 -11.6900 15.4230 346.3600 177.5516 374.8954 446.7623 -116.1510 0.0000 0.0000
3450.03 17.07.2018 14.30.01 32.72732 297.2127 -46.8586 -0.1723 -11.4565 15.0457 342.9553 175.5425 372.3187 444.4529 -116.1592 0.0000 0.0000
3460.03 17.07.2018 14.40.01 32.72177 297.0860 -50.0590 -0.1840 -11.2134 14.7058 341.5336 174.5806 369.8708 442.3346 -116.2754 0.0000 0.0000
3470.03 17.07.2018 14.50.01 32.71398 296.9558 -89.6460 -0.3296 -10.9761 14.1954 338.2830 172.6498 367.3149 440.0943 -115.9797 0.0000 0.0000
3480.03 17.07.2018 15.00.01 32.69128 296.8235 -151.3437 -0.5564 -10.6828 13.5018 333.8628 170.1574 364.7370 437.8242 -115.2410 0.0000 0.0000
3490.03 17.07.2018 15.10.01 32.64590 296.6320 -266.5793 -0.9801 -10.3057 12.4341 319.5541 163.0244 363.3488 435.9366 -112.6308 0.0000 0.0000
3500.03 17.07.2018 15.20.01 32.56042 296.4427 -350.4466 -1.2884 -9.7477 11.2791 303.6625 155.0077 361.8155 433.7000 -108.7711 0.0000 0.0000
3510.03 17.07.2018 15.30.01 32.44442 296.2509 -406.5528 -1.4947 -9.0727 10.1040 287.4600 146.8210 360.1487 431.3286 -104.5041 0.0000 0.0000
3520.03 17.07.2018 15.40.01 32.30724 296.0588 -424.2772 -1.5598 -8.3323 9.0299 272.2816 139.2011 358.6040 429.0032 -100.3708 0.0000 0.0000
3530.03 17.07.2018 15.50.01 32.16177 295.8650 -449.1213 -1.6512 -7.5923 7.9215 256.2310 131.0839 356.9490 426.5244 -95.7549 0.0000 0.0000
3540.03 17.07.2018 16.00.01 32.00576 295.6753 -467.7582 -1.7197 -6.8400 6.8271 240.5312 123.1667 355.3081 424.0282 -91.0814 0.0000 0.0000
3550.03 17.07.2018 16.10.01 31.84139 295.4171 -469.6703 -1.7267 -6.0860 5.8123 225.9364 115.7764 353.3679 421.3084 -87.2554 0.0000 0.0000
3560.03 17.07.2018 16.20.01 31.67419 295.1594 -467.4607 -1.7186 -5.3604 4.8558 211.9258 108.6928 351.4083 418.5886 -83.3831 0.0000 0.0000
3570.03 17.07.2018 16.30.01 31.50588 294.9073 -444.2620 -1.6333 -4.6685 4.0470 199.7324 102.5875 349.6195 416.0321 -79.8477 0.0000 0.0000
3580.03 17.07.2018 16.40.01 31.34457 294.6488 -324.3334 -1.1924 -4.0433 3.8012 193.4895 99.7093 347.7418 414.0151 -77.8395 0.0000 0.0000
3590.03 17.07.2018 16.50.01 31.22268 294.3894 -258.5374 -0.9505 -3.6439 3.5912 187.2418 96.8008 345.8388 411.9953 -75.7903 0.0000 0.0000
3600.03 17.07.2018 17.00.01 31.12234 294.1254 -236.2605 -0.8686 -3.3706 3.3360 180.0121 93.3370 343.8139 409.8685 -73.4633 0.0000 0.0000
3610.03 17.07.2018 17.10.01 31.02883 293.8509 -220.8799 -0.8121 -3.1454 3.1111 171.0511 88.9564 342.2139 407.7880 -70.7356 0.0000 0.0000
3620.03 17.07.2018 17.20.01 30.94003 293.5747 -220.2162 -0.8096 -2.9557 2.8614 161.2060 84.0640 340.5891 405.6031 -67.6994 0.0000 0.0000
3630.03 17.07.2018 17.30.01 30.85073 293.2991 -224.8741 -0.8267 -2.7754 2.5982 150.6965 78.7838 338.9409 403.3447 -64.4230 0.0000 0.0000
3640.03 17.07.2018 17.40.01 30.75927 293.0242 -225.1248 -0.8277 -2.5964 2.3584 137.4121 72.0374 337.3374 400.9930 -60.7043 0.0000 0.0000
3650.03 17.07.2018 17.50.01 30.66705 292.7487 -234.2873 -0.8614 -2.4269 2.0874 123.0547 64.6712 335.6977 398.4672 -56.4846 0.0000 0.0000
3660.03 17.07.2018 18.00.01 30.57095 292.4713 -242.8295 -0.8928 -2.2515 1.8117 108.1244 56.9647 334.0352 395.8346 -52.0024 0.0000 0.0000
3670.03 17.07.2018 18.10.01 30.47125 292.1509 -241.6624 -0.8885 -2.0716 1.5775 96.9150 51.1773 332.9188 393.5307 -46.8492 0.0000 0.0000
3680.03 17.07.2018 18.20.01 30.37142 291.8337 -240.8332 -0.8854 -1.9013 1.3546 85.3869 45.1899 331.8710 391.3146 -42.0801 0.0000 0.0000
3690.03 17.07.2018 18.30.01 30.27148 291.5178 -241.3630 -0.8874 -1.7392 1.1358 73.5126 38.9928 330.8660 389.1028 -37.5547 0.0000 0.0000
3700.03 17.07.2018 18.40.01 30.17089 291.2020 -240.0370 -0.8825 -1.5823 0.9331 55.9740 29.7448 329.8912 386.6057 -32.6107 0.0000 0.0000
3710.03 17.07.2018 18.50.01 30.07028 290.8835 -244.1331 -0.8975 -1.4344 0.7158 37.5722 19.9904 328.8976 383.8677 -27.5285 0.0000 0.0000
3720.03 17.07.2018 19.00.01 29.96783 290.5652 -247.4969 -0.9099 -1.2862 0.5017 18.5357 9.8510 327.9023 380.9381 -22.4851 0.0000 0.0000
3730.03 17.07.2018 19.10.01 29.86376 290.1700 -238.2028 -0.8757 -1.1418 0.3547 15.4750 8.2402 326.7456 378.3540 -21.1263 0.0000 0.0000
3740.03 17.07.2018 19.20.01 29.76193 289.7794 -223.1480 -0.8204 -1.0287 0.2778 13.1428 7.0117 325.6371 376.0575 -20.3729 0.0000 0.0000
3750.03 17.07.2018 19.30.01 29.66427 289.3891 -216.1685 -0.7947 -0.9558 0.2148 10.9204 5.8383 324.5521 373.8679 -19.8190 0.0000 0.0000
3760.03 17.07.2018 19.40.01 29.56814 289.0003 -215.2846 -0.7915 -0.9069 0.1539 7.4726 3.9993 323.4765 371.6883 -19.2410 0.0000 0.0000
3770.03 17.07.2018 19.50.01 29.47152 288.6101 -218.4620 -0.8032 -0.8706 0.0899 3.9185 2.0991 322.3993 369.5274 -18.7369 0.0000 0.0000
3780.03 17.07.2018 20.00.01 29.37310 288.2196 -223.0896 -0.8202 -0.8395 0.0257 0.2900 0.1539 321.3234 367.3964 -18.2561 0.0000 0.0000
3790.03 17.07.2018 20.10.01 29.27249 287.8270 -219.2268 -0.8060 -0.8094 0.0046 0.0520 0.0276 320.4145 365.6659 -17.5769 0.0000 0.0000
3800.03 17.07.2018 20.20.01 29.17285 287.4406 -215.0005 -0.7904 -0.7911 0.0008 0.0094 0.0050 319.5546 364.0883 -17.1658 0.0000 0.0000
3810.03 17.07.2018 20.30.01 29.07443 287.0614 -213.2543 -0.7840 -0.7841 0.0001 0.0017 0.0009 318.7228 362.6410 -16.7334 0.0000 0.0000
3820.03 17.07.2018 20.40.01 28.97643 286.6858 -213.2672 -0.7841 -0.7841 0.0000 0.0003 0.0002 317.9116 361.2815 -16.3709 0.0000 0.0000
3830.03 17.07.2018 20.50.01 28.87789 286.3169 -213.9104 -0.7864 -0.7864 0.0000 0.0001 0.0000 317.1127 359.9882 -16.1123 0.0000 0.0000
3840.03 17.07.2018 21.00.01 28.77902 285.9540 -215.4704 -0.7922 -0.7922 0.0000 0.0000 0.0000 316.3237 358.7884 -15.7496 0.0000 0.0000
3850.03 17.07.2018 21.10.01 28.67922 285.8144 -217.5016 -0.7996 -0.7996 0.0000 0.0000 0.0000 315.9721 357.7933 -15.0846 0.0000 0.0000
3860.03 17.07.2018 21.20.01 28.57830 285.6550 -220.2736 -0.8098 -0.8098 0.0000 0.0000 0.0000 315.6784 356.8687 -14.6063 0.0000 0.0000
3870.03 17.07.2018 21.30.01 28.47613 285.4413 -223.1848 -0.8205 -0.8205 0.0000 0.0000 0.0000 315.3254 355.9255 -14.4594 0.0000 0.0000
3880.03 17.07.2018 21.40.01 28.37277 285.2399 -224.2210 -0.8243 -0.8243 0.0000 0.0000 0.0000 314.9927 355.2621 -13.3358 0.0000 0.0000
3890.03 17.07.2018 21.50.01 28.26934 285.0676 -223.7974 -0.8228 -0.8228 0.0000 0.0000 0.0000 314.6807 354.5672 -12.6648 0.0000 0.0000
3900.03 17.07.2018 22.00.01 28.16644 284.9469 -223.5148 -0.8217 -0.8217 0.0000 0.0000 0.0000 314.4346 353.9699 -11.9094 0.0000 0.0000
3910.03 17.07.2018 22.10.01 28.06390 284.8713 -223.3729 -0.8212 -0.8212 0.0000 0.0000 0.0000 314.1407 353.3000 -11.6089 0.0000 0.0000
3920.03 17.07.2018 22.20.01 27.96087 284.7774 -223.6521 -0.8223 -0.8223 0.0000 0.0000 0.0000 313.8397 352.6256 -11.4392 0.0000 0.0000
3930.03 17.07.2018 22.30.01 27.85742 284.6841 -224.6192 -0.8258 -0.8258 0.0000 0.0000 0.0000 313.5351 351.9703 -11.2753 0.0000 0.0000
3940.03 17.07.2018 22.40.01 27.75356 284.5981 -225.8990 -0.8305 -0.8305 0.0000 0.0000 0.0000 313.2236 351.3559 -11.0167 0.0000 0.0000
3950.03 17.07.2018 22.50.01 27.64919 284.5021 -226.8709 -0.8341 -0.8341 0.0000 0.0000 0.0000 312.9071 350.7434 -10.8280 0.0000 0.0000
3960.03 17.07.2018 23.00.01 27.54440 284.4070 -227.6622 -0.8370 -0.8370 0.0000 0.0000 0.0000 312.5851 350.1424 -10.6582 0.0000 0.0000
3970.03 17.07.2018 23.10.01 27.43914 284.2784 -228.0966 -0.8386 -0.8386 0.0000 0.0000 0.0000 312.1760 349.4995 -10.6721 0.0000 0.0000
3980.03 17.07.2018 23.20.01 27.33386 284.1550 -229.1305 -0.8424 -0.8424 0.0000 0.0000 0.0000 311.7771 348.8824 -10.6518 0.0000 0.0000
3990.03 17.07.2018 23.30.01 27.22787 284.0779 -230.5848 -0.8477 -0.8477 0.0000 0.0000 0.0000 311.3614 348.2021 -10.8659 0.0000 0.0000
4000.03 17.07.2018 23.40.01 27.12106 283.9742 -232.8815 -0.8562 -0.8562 0.0000 0.0000 0.0000 310.9875 347.5660 -10.9763 0.0000 0.0000
4010.03 17.07.2018 23.50.01 27.01324 283.8623 -235.3821 -0.8654 -0.8654 0.0000 0.0000 0.0000 310.6242 346.9075 -11.1891 0.0000 0.0000
4020.03 18.07.2018 00.00.01 26.90420 283.7598 -237.6765 -0.8738 -0.8738 0.0000 0.0000 0.0000 310.2585 346.2522 -11.4019 0.0000 0.0000
4030.03 18.07.2018 00.10.01 26.79434 283.7450 -238.6318 -0.8773 -0.8773 0.0000 0.0000 0.0000 309.9649 345.9531 -10.2227 0.0000 0.0000
4040.03 18.07.2018 00.20.01 26.68475 283.6667 -236.7919 -0.8706 -0.8706 0.0000 0.0000 0.0000 309.6533 345.6310 -9.3923 0.0000 0.0000
4050.03 18.07.2018 00.30.01 26.57626 283.5622 -234.9221 -0.8637 -0.8637 0.0000 0.0000 0.0000 309.2903 345.1677 -9.3467 0.0000 0.0000
4060.03 18.07.2018 00.40.01 26.46789 283.4900 -236.0130 -0.8677 -0.8677 0.0000 0.0000 0.0000 308.9776 344.5821 -9.6619 0.0000 0.0000
4070.03 18.07.2018 00.50.01 26.35858 283.4165 -238.3899 -0.8764 -0.8764 0.0000 0.0000 0.0000 308.7921 343.9289 -10.2531 0.0000 0.0000
4080.03 18.07.2018 01.00.01 26.24813 283.3961 -241.0123 -0.8861 -0.8861 0.0000 0.0000 0.0000 308.5542 343.3408 -10.6345 0.0000 0.0000
4090.03 18.07.2018 01.10.01 26.13653 283.2864 -243.1689 -0.8940 -0.8940 0.0000 0.0000 0.0000 308.2744 342.8383 -10.5322 0.0000 0.0000
4100.03 18.07.2018 01.20.01 26.02432 283.1281 -243.4502 -0.8950 -0.8950 0.0000 0.0000 0.0000 307.9293 342.2848 -10.6016 0.0000 0.0000
4110.03 18.07.2018 01.30.01 25.91244 283.0003 -243.2919 -0.8945 -0.8945 0.0000 0.0000 0.0000 307.5658 341.7649 -10.5663 0.0000 0.0000
4120.03 18.07.2018 01.40.01 25.80074 282.8905 -242.1492 -0.8903 -0.8903 0.0000 0.0000 0.0000 307.2138 341.3394 -10.2022 0.0000 0.0000
4130.03 18.07.2018 01.50.01 25.68972 282.7618 -239.9280 -0.8821 -0.8821 0.0000 0.0000 0.0000 306.8588 340.9094 -9.9160 0.0000 0.0000
4140.03 18.07.2018 02.00.01 25.57971 282.6362 -237.7621 -0.8741 -0.8741 0.0000 0.0005 0.0003 306.4804 340.4821 -9.6545 0.0000 0.0000
4150.03 18.07.2018 02.10.01 25.47073 282.7860 -233.3054 -0.8577 -0.8652 0.0100 0.3031 0.1594 306.3022 340.3426 -8.2635 0.0000 0.0000
4160.03 18.07.2018 02.20.01 25.36385 282.8782 -228.4032 -0.8397 -0.8567 0.0226 0.6390 0.3365 306.1752 340.1559 -7.4811 0.0000 0.0000
4170.03 18.07.2018 02.30.01 25.25860 282.9349 -225.1546 -0.8278 -0.8545 0.0357 0.9795 0.5160 306.1118 339.9235 -7.1332 0.0000 0.0000
4180.03 18.07.2018 02.40.01 25.15441 282.9471 -224.1649 -0.8241 -0.8607 0.0488 1.3209 0.6960 306.0998 339.6579 -7.0888 0.0000 0.0000
4190.03 18.07.2018 02.50.01 25.05044 283.0519 -224.3446 -0.8248 -0.8713 0.0619 1.6625 0.8761 306.0728 339.4881 -6.6652 0.0000 0.0000
4200.03 18.07.2018 03.00.01 24.94641 283.1463 -224.2683 -0.8245 -0.8810 0.0752 2.0085 1.0586 306.0378 339.3379 -6.2795 0.0000 0.0000
4210.03 18.07.2018 03.10.01 24.84255 283.4726 -205.7584 -0.7565 -0.8879 0.1753 4.9859 2.6251 306.3835 339.7116 -4.8344 0.0000 0.0000
4220.03 18.07.2018 03.20.01 24.74566 283.7994 -189.1055 -0.6952 -0.9190 0.2983 8.2527 4.3475 306.8618 340.2705 -3.6473 0.0000 0.0000
4230.03 18.07.2018 03.30.01 24.65515 284.1290 -176.7331 -0.6498 -0.9686 0.4251 11.5597 6.0910 307.3992 340.9463 -2.6006 0.0000 0.0000
4240.03 18.07.2018 03.40.01 24.56957 284.4608 -167.1031 -0.6143 -1.0289 0.5527 14.8750 7.8390 307.9730 341.7180 -1.6684 0.0000 0.0000
4250.03 18.07.2018 03.50.01 24.48803 284.7945 -158.9823 -0.5845 -1.0948 0.6804 18.1918 9.5877 308.5756 342.5707 -0.8311 0.0000 0.0000
4260.03 18.07.2018 04.00.01 24.41009 285.1303 -151.8516 -0.5583 -1.1644 0.8082 21.5093 11.3367 309.2032 343.4947 -0.0726 0.0000 0.0000
4270.03 18.07.2018 04.10.01 24.33532 285.4583 -143.0692 -0.5260 -1.2347 0.9449 25.0997 13.2294 310.3643 344.5797 0.4901 0.0000 0.0000
4280.03 18.07.2018 04.20.01 24.26449 285.7896 -134.2436 -0.4935 -1.3066 1.0841 28.7201 15.1382 311.5679 345.7419 0.9076 0.0000 0.0000
4290.03 18.07.2018 04.30.01 24.19756 286.1249 -125.8530 -0.4627 -1.3804 1.2236 32.3447 17.0492 312.7841 346.9608 1.2370 0.0000 0.0000
4300.03 18.07.2018 04.40.01 24.13436 286.4526 -117.9638 -0.4337 -1.4561 1.3632 35.9701 18.9607 314.0253 348.2162 1.4224 0.0000 0.0000
4310.03 18.07.2018 04.50.01 24.07467 286.7746 -110.5569 -0.4065 -1.5336 1.5028 82.5317 43.6124 315.2922 351.8364 -0.7143 0.0000 0.0000
4320.03 18.07.2018 05.00.01 24.01852 287.1227 -84.5142 -0.3107 -1.6122 1.7354 89.2600 47.1728 316.7466 354.6028 -2.0956 0.0000 0.0000
4330.03 18.07.2018 05.10.01 23.97204 287.5888 -83.8077 -0.3081 -1.7205 1.8831 328.0926 172.6748 318.3189 368.5664 -14.2555 0.0000 0.0000
4340.03 18.07.2018 05.20.01 23.92788 288.1785 33.8780 0.1246 -1.8136 2.5842 554.6547 290.7258 321.0525 388.1970 -34.2466 0.0000 0.0000
4350.03 18.07.2018 05.30.01 23.92562 288.8584 136.7452 0.5027 -2.0831 3.4478 769.4393 401.6226 324.4980 410.5678 -59.7281 0.0000 0.0000
4360.03 18.07.2018 05.40.01 23.96115 289.4716 202.8463 0.7458 -2.4903 4.3148 706.0158 367.0410 328.1369 423.0792 -72.6898 0.0000 0.0000
4370.03 18.07.2018 05.50.01 24.02117 290.0112 104.9948 0.3860 -2.9653 4.4684 639.1988 330.9878 330.6041 429.2232 -79.6617 0.0000 0.0000
4380.03 18.07.2018 06.00.01 24.05038 290.5085 29.3568 0.1079 -3.2352 4.4576 574.4101 296.2745 332.5030 432.7024 -85.1152 0.0000 0.0000
4390.03 18.07.2018 06.10.01 24.05566 290.8653 1.1807 0.0043 -3.3498 4.4721 533.8192 273.8244 333.9681 434.7302 -87.5467 0.0000 0.0000
4400.03 18.07.2018 06.20.01 24.05291 291.2224 16.9168 0.0622 -3.3962 4.6112 496.6901 253.3548 335.6787 436.0960 -88.9682 0.0000 0.0000
4410.03 18.07.2018 06.30.01 24.05706 291.5772 37.4819 0.1378 -3.4479 4.7809 471.2196 239.8553 337.4899 437.7016 -91.0657 0.0000 0.0000
4420.03 18.07.2018 06.40.01 24.06997 291.9399 60.3537 0.2219 -3.5104 4.9764 452.1522 229.3245 339.2387 438.3420 -91.6430 0.0000 0.0000
4430.03 18.07.2018 06.50.01 24.09503 292.3168 418.5983 1.5390 -3.5869 6.8345 453.9989 230.0864 341.0707 440.7813 -95.4646 0.0000 0.0000
4440.03 18.07.2018 07.00.01 24.24450 292.6829 622.1002 2.2871 -4.2440 8.7082 456.7664 231.3869 342.6112 442.8967 -99.2769 0.0000 0.0000
4450.03 18.07.2018 07.10.01 24.46700 292.9439 753.2363 2.7693 -5.2004 10.6262 458.3346 232.2530 344.2573 444.8406 -103.2962 0.0000 0.0000
4460.03 18.07.2018 07.20.01 24.73748 293.1820 785.2296 2.8869 -6.3301 12.2893 457.6159 231.9382 345.8641 446.0816 -107.0965 0.0000 0.0000
4470.03 18.07.2018 07.30.01 25.02181 293.4107 733.2096 2.6956 -7.4651 13.5476 454.7709 230.6515 347.4484 446.7355 -110.6354 0.0000 0.0000
4480.03 18.07.2018 07.40.01 25.29168 293.5323 736.4449 2.7075 -8.4682 14.9010 457.7107 232.2186 348.9631 447.0864 -115.0708 0.0000 0.0000
4490.03 18.07.2018 07.50.01 25.56478 293.7823 721.2141 2.6515 -9.4435 16.1266 459.9508 233.4614 350.5502 447.4555 -118.5267 0.0000 0.0000
4500.03 18.07.2018 08.00.01 25.83477 294.0192 699.6115 2.5721 -10.3608 17.2438 460.0276 233.4905 351.9441 447.4841 -121.1648 0.0000 0.0000
4510.03 18.07.2018 08.10.01 26.09826 294.1399 546.3847 2.0088 -11.2153 17.6321 445.8288 226.7391 353.5302 447.0700 -122.2906 0.0000 0.0000
4520.03 18.07.2018 08.20.01 26.31005 294.2500 384.8646 1.4149 -11.7886 17.6048 428.2583 218.2807 354.7812 445.8649 -121.3670 0.0000 0.0000
4530.03 18.07.2018 08.30.01 26.46676 294.3533 243.6467 0.8958 -12.0807 17.3019 408.9746 209.0013 355.9434 444.3133 -119.0977 0.0000 0.0000
4540.03 18.07.2018 08.40.01 26.57501 294.4519 176.5495 0.6491 -12.1348 17.0451 395.6817 202.6822 356.9265 442.7792 -116.0556 0.0000 0.0000
4550.03 18.07.2018 08.50.01 26.65945 294.5517 105.7779 0.3889 -12.0833 16.6296 381.5110 195.9559 357.9232 441.3412 -112.4892 0.0000 0.0000
4560.03 18.07.2018 09.00.01 26.71856 294.6435 7.7921 0.0286 -11.9203 15.9319 364.9299 187.9940 358.7681 439.7073 -108.0785 0.0000 0.0000
4570.03 18.07.2018 09.10.01 26.74471 294.7435 119.0938 0.4378 -11.6012 16.0521 364.7969 188.0390 359.8154 439.1339 -101.8702 0.0000 0.0000
4580.03 18.07.2018 09.20.01 26.80807 294.8563 183.0578 0.6730 -11.4817 16.2062 364.9393 188.2218 361.0848 439.2165 -97.2916 0.0000 0.0000
4590.03 18.07.2018 09.30.01 26.89343 294.9755 213.4547 0.7848 -11.4693 16.3387 365.2915 188.5460 362.4662 439.6535 -93.8116 0.0000 0.0000
4600.03 18.07.2018 09.40.01 26.98965 295.0976 233.4879 0.8584 -11.5010 16.4793 366.4357 189.2525 363.8544 440.3659 -91.0300 0.0000 0.0000
4610.03 18.07.2018 09.50.01 27.09332 295.2238 240.5829 0.8845 -11.5580 16.5900 367.4796 189.9214 365.2828 441.2897 -88.9069 0.0000 0.0000
4620.03 18.07.2018 10.00.01 27.19991 295.3536 231.8480 0.8524 -11.6174 16.6264 367.9783 190.3181 366.7068 442.3072 -87.1997 0.0000 0.0000
4630.03 18.07.2018 10.10.01 27.30517 295.5190 356.8947 1.3121 -11.6535 17.2875 379.8707 196.3674 368.7912 443.6830 -88.4588 0.0000 0.0000
4640.03 18.07.2018 10.20.01 27.45391 295.7816 447.7902 1.6463 -11.8924 18.0516 393.1045 203.1419 371.1172 445.6345 -91.0148 0.0000 0.0000
4650.03 18.07.2018 10.30.01 27.63510 296.0793 496.7734 1.8264 -12.2661 18.7900 406.0074 209.7373 373.5254 447.7677 -94.6216 0.0000 0.0000
4660.03 18.07.2018 10.40.01 27.83459 296.3664 527.9457 1.9410 -12.7009 19.5225 419.1643 216.5018 376.0250 450.3900 -97.4178 0.0000 0.0000
4670.03 18.07.2018 10.50.01 28.04699 296.2250 547.2426 2.0119 -13.1679 20.2398 431.9657 223.0646 378.4348 452.4811 -102.9032 0.0000 0.0000
4680.03 18.07.2018 11.00.01 28.26821 296.3364 553.0704 2.0333 -13.6423 20.9008 444.4560 229.4862 380.8418 454.9457 -107.4820 0.0000 0.0000
4690.03 18.07.2018 11.10.01 28.48980 296.4104 221.1928 0.8132 -14.0950 19.8776 425.3280 220.0707 381.1752 456.5700 -101.9268 0.0000 0.0000
4700.03 18.07.2018 11.20.01 28.59734 296.4294 -15.5456 -0.0572 -13.9763 18.5589 402.2614 208.5189 380.9096 456.9968 -95.5133 0.0000 0.0000
4710.03 18.07.2018 11.30.01 28.62185 296.3932 -162.5627 -0.5977 -13.4761 17.1712 378.5885 196.6565 380.3652 456.8199 -89.4605 0.0000 0.0000
4720.03 18.07.2018 11.40.01 28.59359 296.3500 -241.2302 -0.8869 -12.7584 15.8287 355.7921 185.2016 379.6405 456.2234 -83.5300 0.0000 0.0000
4730.03 18.07.2018 11.50.01 28.53579 296.3909 -294.2983 -1.0820 -11.9412 14.4790 332.9851 173.7459 378.8218 455.2143 -77.9378 0.0000 0.0000
4740.03 18.07.2018 12.00.01 28.45739 296.3781 -334.3726 -1.2293 -11.0666 13.1163 310.0699 162.2321 377.9597 453.8468 -72.2610 0.0000 0.0000
4750.03 18.07.2018 12.10.01 28.36596 296.4586 -25.6337 -0.0942 -10.1665 13.4297 312.0009 162.7618 376.9645 453.4235 -69.0451 0.0000 0.0000
4760.03 18.07.2018 12.20.01 28.37957 296.5650 170.7519 0.6278 -9.8104 13.9176 316.6063 164.7623 376.4282 453.4896 -69.5022 0.0000 0.0000
4770.03 18.07.2018 12.30.01 28.46124 296.6379 278.0303 1.0222 -9.7817 14.4052 321.2503 166.7852 375.9577 453.3492 -71.7917 0.0000 0.0000
4780.03 18.07.2018 12.40.01 28.58083 296.8099 335.3372 1.2329 -9.9188 14.8688 325.8072 168.7680 375.6667 453.8814 -69.6699 0.0000 0.0000
4790.03 18.07.2018 12.50.01 28.72173 297.0054 363.0867 1.3349 -10.1296 15.2859 330.0094 170.5731 375.4518 454.5061 -68.1281 0.0000 0.0000
4800.03 18.07.2018 13.00.01 28.87371 297.1465 378.0879 1.3900 -10.3655 15.6741 334.5670 172.6152 375.2538 455.2660 -67.2652 0.0000 0.0000
4810.03 18.07.2018 13.10.01 29.02990 297.2087 159.4603 0.5863 -10.6041 14.9204 322.0514 166.4151 377.1883 455.7743 -62.6298 0.0000 0.0000
4820.03 18.07.2018 13.20.01 29.11099 297.1891 16.2708 0.0598 -10.4696 14.0393 307.6458 159.1786 378.6519 454.0957 -65.1489 0.0000 0.0000
4830.03 18.07.2018 13.30.01 29.14147 297.5757 -67.2876 -0.2474 -10.1093 13.1492 293.0457 151.8329 379.7323 452.1242 -67.9467 0.0000 0.0000
4840.03 18.07.2018 13.40.01 29.14178 297.3711 -116.2794 -0.4275 -9.6285 12.2681 278.4124 144.4641 381.1100 451.1920 -65.1917 0.0000 0.0000
4850.03 18.07.2018 13.50.01 29.12405 297.3269 -141.1504 -0.5189 -9.0804 11.4153 263.9526 137.1781 382.3480 450.2332 -63.4249 0.0000 0.0000
4860.03 18.07.2018 14.00.01 29.09664 297.3794 -154.4463 -0.5678 -8.5059 10.5841 249.7043 130.0034 383.5237 448.8913 -62.7153 0.0000 0.0000
4870.03 18.07.2018 14.10.01 29.06317 297.3023 -212.0018 -0.7794 -7.9248 9.5272 226.9348 118.3083 382.0097 446.9124 -53.7592 0.0000 0.0000
4880.03 18.07.2018 14.20.01 29.00781 297.2192 -262.1642 -0.9638 -7.2756 8.4156 203.2619 106.1142 380.0919 444.2259 -47.2726 0.0000 0.0000
4890.03 18.07.2018 14.30.01 28.93286 297.1332 -289.4042 -1.0640 -6.5774 7.3512 179.9634 94.1092 378.0674 441.1427 -42.5764 0.0000 0.0000
4900.03 18.07.2018 14.40.01 28.84606 297.0344 -307.7885 -1.1316 -5.8690 6.3165 156.4857 82.0204 376.0573 437.9887 -37.7061 0.0000 0.0000
4910.03 18.07.2018 14.50.01 28.75073 296.9173 -319.3423 -1.1741 -5.1613 5.3164 133.0508 69.9312 373.9734 434.4507 -33.7300 0.0000 0.0000
4920.03 18.07.2018 15.00.01 28.64944 296.7179 -321.8782 -1.1834 -4.4653 4.3759 110.0624 58.0633 371.7706 430.3736 -31.5379 0.0000 0.0000
4930.03 18.07.2018 15.10.01 28.54614 296.5176 -208.5142 -0.7666 -3.8033 4.0490 103.9819 54.8261 368.5895 426.8211 -29.7895 0.0000 0.0000
4940.03 18.07.2018 15.20.01 28.48101 296.2470 -122.6941 -0.4511 -3.3585 3.8765 99.9813 52.7181 365.5952 423.4887 -30.3408 0.0000 0.0000
4950.03 18.07.2018 15.30.01 28.44378 295.9780 -77.3644 -0.2844 -3.0809 3.7286 96.2213 50.7352 362.6514 420.2237 -30.9283 0.0000 0.0000
4960.03 18.07.2018 15.40.01 28.42098 295.7614 -55.7973 -0.2051 -2.8942 3.5854 92.5184 48.7829 359.8160 417.3667 -29.9590 0.0000 0.0000
4970.03 18.07.2018 15.50.01 28.40502 295.5343 -46.0836 -0.1694 -2.7517 3.4431 88.8244 46.8353 357.0353 414.5950 -28.8007 0.0000 0.0000
4980.03 18.07.2018 16.00.01 28.39181 295.3154 -43.1682 -0.1587 -2.6346 3.3012 85.1527 44.8990 354.2588 411.9129 -27.3496 0.0000 0.0000
4990.03 18.07.2018 16.10.01 28.37927 295.4923 -9.4033 -0.0346 -2.5310 3.3286 93.5228 49.0163 354.1436 410.6586 -23.2435 0.0000 0.0000
5000.03 18.07.2018 16.20.01 28.37802 295.7376 9.8745 0.0363 -2.4868 3.3641 102.8520 53.7019 354.4861 410.2494 -21.1747 0.0000 0.0000
5010.03 18.07.2018 16.30.01 28.38354 296.0062 4.0227 0.0148 -2.4704 3.3136 111.7348 58.1837 355.0811 410.3534 -18.8841 0.0000 0.0000
5020.03 18.07.2018 16.40.01 28.38757 296.2598 16.6220 0.0611 -2.4392 3.3338 124.5948 64.7714 355.7716 411.1357 -17.5505 0.0000 0.0000
5030.03 18.07.2018 16.50.01 28.39620 296.5207 31.8403 0.1171 -2.4267 3.3917 138.8614 72.1743 356.5819 412.5262 -17.2260 0.0000 0.0000
5040.03 18.07.2018 17.00.01 28.41018 296.7805 34.7533 0.1278 -2.4375 3.4204 153.6191 79.8966 357.3948 414.3055 -17.6318 0.0000 0.0000
5050.03 18.07.2018 17.10.01 28.42507 296.4909 27.1703 0.0999 -2.4547 3.4061 147.5515 76.9872 357.1325 414.4152 -22.9027 0.0000 0.0000
5060.03 18.07.2018 17.20.01 28.43618 296.1570 -19.0221 -0.0699 -2.4732 3.2044 138.3670 72.3509 356.2179 413.2162 -27.0945 0.0000 0.0000
5070.03 18.07.2018 17.30.01 28.43020 295.8108 -55.4114 -0.2037 -2.4328 2.9721 128.4907 67.3239 355.0217 411.4390 -30.4113 0.0000 0.0000
5080.03 18.07.2018 17.40.01 28.41021 295.4605 -79.5959 -0.2926 -2.3527 2.7467 116.0423 60.9338 353.7549 409.2724 -32.3613 0.0000 0.0000
5090.03 18.07.2018 17.50.01 28.38030 295.1073 -103.2344 -0.3795 -2.2526 2.4975 102.7522 54.0572 352.4033 406.7197 -32.9751 0.0000 0.0000
5100.03 18.07.2018 18.00.01 28.34097 294.7531 -120.7963 -0.4441 -2.1331 2.2519 89.0318 46.9192 351.0171 403.9274 -32.5624 0.0000 0.0000
5110.03 18.07.2018 18.10.01 28.29421 294.3887 -146.4926 -0.5386 -2.0023 1.9516 78.1964 41.2702 349.0298 401.3204 -29.5510 0.0000 0.0000
5120.03 18.07.2018 18.20.01 28.23742 294.0292 -163.7489 -0.6020 -1.8437 1.6556 67.1451 35.4883 347.0589 398.6823 -26.7834 0.0000 0.0000
5130.03 18.07.2018 18.30.01 28.17367 293.6346 -176.5524 -0.6491 -1.6723 1.3642 55.9201 29.5993 345.0819 395.7829 -26.1023 0.0000 0.0000
5140.03 18.07.2018 18.40.01 28.10443 293.2672 -186.2508 -0.6847 -1.4950 1.0803 41.4408 21.9581 343.1191 392.7390 -23.0038 0.0000 0.0000
5150.03 18.07.2018 18.50.01 28.03085 292.8970 -197.2079 -0.7250 -1.3156 0.7874 26.4624 14.0245 341.1259 389.5742 -19.1294 0.0000 0.0000
5160.03 18.07.2018 19.00.01 27.95245 292.5326 -206.3797 -0.7587 -1.1308 0.4960 11.1188 5.8694 339.1236 386.3118 -15.1710 0.0000 0.0000
5170.03 18.07.2018 19.10.01 27.87029 292.2879 -185.5302 -0.6821 -0.9435 0.3486 8.5231 4.4960 339.3435 384.1678 -12.1976 0.0000 0.0000
5180.03 18.07.2018 19.20.01 27.79470 292.0358 -162.1697 -0.5962 -0.7995 0.2711 6.7345 3.5526 339.7790 382.4381 -10.5230 0.0000 0.0000
5190.03 18.07.2018 19.30.01 27.72680 291.8009 -148.3683 -0.5455 -0.6999 0.2059 5.0835 2.6820 340.2851 380.9339 -9.1721 0.0000 0.0000
5200.03 18.07.2018 19.40.01 27.66335 291.5676 -141.5817 -0.5205 -0.6278 0.1431 3.4579 1.8249 340.8262 379.5754 -8.3299 0.0000 0.0000
5210.03 18.07.2018 19.50.01 27.60195 291.3396 -139.1389 -0.5115 -0.5720 0.0806 1.8369 0.9703 341.3847 378.3272 -7.7794 0.0000 0.0000
5220.03 18.07.2018 20.00.01 27.54104 291.1145 -139.3967 -0.5125 -0.5262 0.0183 0.2191 0.1173 341.9864 377.1616 -7.5213 0.0000 0.0000
5230.03 18.07.2018 20.10.01 27.47967 291.0223 -131.4655 -0.4833 -0.4857 0.0032 0.0341 0.0180 344.0683 376.5414 -6.8965 0.0000 0.0000
5240.03 18.07.2018 20.20.01 27.42077 290.9412 -125.7217 -0.4622 -0.4626 0.0006 0.0067 0.0036 346.2810 376.1040 -6.8236 0.0000 0.0000
5250.03 18.07.2018 20.30.01 27.36364 290.8642 -122.9766 -0.4521 -0.4522 0.0001 0.0011 0.0006 348.4802 375.7745 -7.0759 0.0000 0.0000
5260.03 18.07.2018 20.40.01 27.30721 290.8051 -122.2587 -0.4495 -0.4495 0.0000 0.0002 0.0001 350.7183 375.5615 -7.4700 0.0000 0.0000
5270.03 18.07.2018 20.50.01 27.25067 290.7342 -122.2736 -0.4495 -0.4495 0.0000 0.0000 0.0000 353.0601 375.4312 -8.1244 0.0000 0.0000
5280.03 18.07.2018 21.00.01 27.19390 290.6622 -122.7854 -0.4514 -0.4514 0.0000 0.0000 0.0000 355.3802 375.3590 -8.9154 0.0000 0.0000
5290.03 18.07.2018 21.10.01 27.13714 290.5814 -123.7113 -0.4548 -0.4548 0.0000 0.0000 0.0000 355.1597 375.1020 -9.1441 0.0000 0.0000
5300.03 18.07.2018 21.20.01 27.07977 290.4954 -124.9490 -0.4594 -0.4594 0.0000 0.0000 0.0000 354.8677 374.7868 -9.2337 0.0000 0.0000
5310.03 18.07.2018 21.30.01 27.02169 290.4117 -126.9033 -0.4666 -0.4666 0.0000 0.0000 0.0000 354.5627 374.4582 -9.2724 0.0000 0.0000
5320.03 18.07.2018 21.40.01 26.96267 290.3295 -128.9816 -0.4742 -0.4742 0.0000 0.0000 0.0000 354.2409 374.1171 -9.2764 0.0000 0.0000
5330.03 18.07.2018 21.50.01 26.90270 290.2479 -131.1317 -0.4821 -0.4821 0.0000 0.0000 0.0000 353.8859 373.7629 -9.2477 0.0000 0.0000
5340.03 18.07.2018 22.00.01 26.84179 290.1663 -133.0071 -0.4890 -0.4890 0.0000 0.0000 0.0000 353.5509 373.4071 -9.2069 0.0000 0.0000
5350.03 18.07.2018 22.10.01 26.78002 290.1000 -134.7404 -0.4954 -0.4954 0.0000 0.0000 0.0000 352.5731 372.9873 -8.9701 0.0000 0.0000
5360.03 18.07.2018 22.20.01 26.71755 290.0324 -136.4475 -0.5016 -0.5016 0.0000 0.0000 0.0000 351.5882 372.5327 -8.7089 0.0000 0.0000
5370.03 18.07.2018 22.30.01 26.65432 289.9637 -138.1934 -0.5081 -0.5081 0.0000 0.0000 0.0000 350.6323 372.0677 -8.4224 0.0000 0.0000
5380.03 18.07.2018 22.40.01 26.59023 289.8954 -139.5563 -0.5131 -0.5131 0.0000 0.0000 0.0000 349.6948 371.5905 -8.1333 0.0000 0.0000
5390.03 18.07.2018 22.50.01 26.52554 289.8269 -140.7816 -0.5176 -0.5176 0.0000 0.0000 0.0000 348.7355 371.1000 -7.8167 0.0000 0.0000
5400.03 18.07.2018 23.00.01 26.46044 289.7553 -142.1750 -0.5227 -0.5227 0.0000 0.0000 0.0000 347.7654 370.5927 -7.5087 0.0000 0.0000
5410.03 18.07.2018 23.10.01 26.39453 289.5769 -143.2764 -0.5268 -0.5268 0.0000 0.0000 0.0000 346.6102 369.9261 -7.7954 0.0000 0.0000
5420.03 18.07.2018 23.20.01 26.32803 289.4004 -145.1482 -0.5336 -0.5336 0.0000 0.0000 0.0000 345.4278 369.2297 -7.9665 0.0000 0.0000
5430.03 18.07.2018 23.30.01 26.26061 289.2226 -147.2880 -0.5415 -0.5415 0.0000 0.0000 0.0000 344.2350 368.5059 -8.0870 0.0000 0.0000
5440.03 18.07.2018 23.40.01 26.19219 289.0446 -149.4302 -0.5494 -0.5494 0.0000 0.0000 0.0000 343.0334 367.7526 -8.2171 0.0000 0.0000
5450.03 18.07.2018 23.50.01 26.12283 288.8691 -151.4571 -0.5568 -0.5568 0.0000 0.0000 0.0000 341.8317 366.9956 -8.2473 0.0000 0.0000
5460.03 19.07.2018 00.00.01 26.05255 288.6941 -153.4741 -0.5642 -0.5642 0.0000 0.0000 0.0000 340.6252 366.2249 -8.2471 0.0000 0.0000
5470.03 19.07.2018 00.10.01 25.98135 288.4952 -155.4079 -0.5714 -0.5714 0.0000 0.0000 0.0000 339.6992 365.4467 -8.4380 0.0000 0.0000
5480.03 19.07.2018 00.20.01 25.90923 288.3081 -157.0779 -0.5775 -0.5775 0.0000 0.0000 0.0000 338.7844 364.6823 -8.5776 0.0000 0.0000
5490.03 19.07.2018 00.30.01 25.83645 288.1209 -158.5014 -0.5827 -0.5827 0.0000 0.0000 0.0000 337.8613 363.9126 -8.7020 0.0000 0.0000
5500.03 19.07.2018 00.40.01 25.76321 287.9304 -160.0047 -0.5883 -0.5883 0.0000 0.0000 0.0000 336.9350 363.1368 -8.8219 0.0000 0.0000
5510.03 19.07.2018 00.50.01 25.68905 287.7377 -161.1300 -0.5924 -0.5924 0.0000 0.0000 0.0000 336.0085 362.3574 -8.9372 0.0000 0.0000
5520.03 19.07.2018 01.00.01 25.61440 287.5469 -162.4858 -0.5974 -0.5974 0.0000 0.0000 0.0000 335.0825 361.5784 -9.0340 0.0000 0.0000
5530.03 19.07.2018 01.10.01 25.53933 287.4399 -163.7352 -0.6020 -0.6020 0.0000 0.0000 0.0000 334.9816 361.0179 -8.6878 0.0000 0.0000
5540.03 19.07.2018 01.20.01 25.46411 287.3241 -163.8955 -0.6026 -0.6026 0.0000 0.0000 0.0000 334.9243 360.5038 -8.4714 0.0000 0.0000
5550.03 19.07.2018 01.30.01 25.38900 287.2328 -163.2611 -0.6002 -0.6002 0.0000 0.0000 0.0000 334.8626 360.0389 -8.2376 0.0000 0.0000
5560.03 19.07.2018 01.40.01 25.31399 287.1506 -161.8922 -0.5952 -0.5952 0.0000 0.0000 0.0000 334.8180 359.6087 -8.0454 0.0000 0.0000
5570.03 19.07.2018 01.50.01 25.23980 287.0766 -161.1514 -0.5925 -0.5925 0.0000 0.0000 0.0000 334.7954 359.2126 -7.8765 0.0000 0.0000
5580.03 19.07.2018 02.00.01 25.16564 287.0070 -160.2500 -0.5892 -0.5892 0.0000 0.0004 0.0002 334.7853 358.8373 -7.7577 0.0000 0.0000
5590.03 19.07.2018 02.10.01 25.09200 286.9205 -158.4480 -0.5825 -0.5881 0.0074 0.2249 0.1183 334.0751 358.3699 -7.8455 0.0000 0.0000
5600.03 19.07.2018 02.20.01 25.01876 286.8668 -157.5366 -0.5792 -0.5918 0.0168 0.4741 0.2497 333.2439 357.8355 -7.9939 0.0000 0.0000
5610.03 19.07.2018 02.30.01 24.94555 286.8042 -158.2970 -0.5820 -0.6018 0.0265 0.7267 0.3829 332.4680 357.2615 -8.2559 0.0000 0.0000
5620.03 19.07.2018 02.40.01 24.87176 286.7226 -160.2301 -0.5891 -0.6162 0.0362 0.9800 0.5164 331.7199 356.6236 -8.6469 0.0000 0.0000
5630.03 19.07.2018 02.50.01 24.79672 286.6047 -163.5846 -0.6014 -0.6359 0.0460 1.2335 0.6500 330.9090 355.9183 -9.2241 0.0000 0.0000
5640.03 19.07.2018 03.00.01 24.71990 286.4982 -167.8714 -0.6172 -0.6591 0.0559 1.4931 0.7869 330.0503 355.1999 -9.7165 0.0000 0.0000
5650.03 19.07.2018 03.10.01 24.64132 286.5163 -145.9091 -0.5364 -0.6781 0.1889 5.4856 2.8873 329.6243 355.0803 -9.2350 0.0000 0.0000
5660.03 19.07.2018 03.20.01 24.57076 286.5402 -125.3864 -0.4610 -0.7269 0.3545 9.8885 5.2087 329.3444 355.1712 -8.9879 0.0000 0.0000
5670.03 19.07.2018 03.30.01 24.50793 286.5679 -110.7920 -0.4073 -0.8015 0.5256 14.3483 7.5600 329.1250 355.3720 -8.8835 0.0000 0.0000
5680.03 19.07.2018 03.40.01 24.45074 286.5970 -100.2637 -0.3686 -0.8918 0.6976 18.8201 9.9176 328.9387 355.6612 -8.8792 0.0000 0.0000
5690.03 19.07.2018 03.50.01 24.39779 286.6289 -92.2617 -0.3392 -0.9916 0.8699 23.2939 12.2764 328.7765 356.0242 -8.9586 0.0000 0.0000
5700.03 19.07.2018 04.00.01 24.34817 286.6626 -85.6757 -0.3150 -1.0968 1.0424 27.7743 14.6386 328.6339 356.4498 -9.1098 0.0000 0.0000
5710.03 19.07.2018 04.10.01 24.30160 286.9873 -54.1732 -0.1992 -1.2041 1.3398 36.0461 18.9951 329.1378 357.5641 -8.3304 0.0000 0.0000
5720.03 19.07.2018 04.20.01 24.26663 287.3437 -27.1244 -0.0997 -1.3525 1.6704 44.7347 23.5761 329.8296 358.9882 -7.7689 0.0000 0.0000
5730.03 19.07.2018 04.30.01 24.24200 287.7078 -7.3274 -0.0269 -1.5319 2.0065 53.4812 28.1874 330.6087 360.5971 -7.4209 0.0000 0.0000
5740.03 19.07.2018 04.40.01 24.22527 288.0756 8.0604 0.0296 -1.7281 2.3437 62.2398 32.8052 331.4418 362.3584 -7.2568 0.0000 0.0000
5750.03 19.07.2018 04.50.01 24.21490 288.4457 20.8008 0.0765 -1.9343 2.6811 84.0520 44.3356 332.3167 364.9174 -8.1758 0.0000 0.0000
5760.03 19.07.2018 05.00.01 24.21005 288.8217 37.7509 0.1388 -2.1461 3.0465 94.2681 49.7267 333.2771 367.3632 -8.9425 0.0000 0.0000
5770.03 19.07.2018 05.10.01 24.21218 289.1906 47.7361 0.1755 -2.3709 3.3952 153.0485 80.6025 334.2716 372.1377 -12.4258 0.0000 0.0000
5780.03 19.07.2018 05.20.01 24.21908 289.5792 80.6609 0.2965 -2.5961 3.8569 208.8937 109.7382 335.5282 378.1497 -17.3744 0.0000 0.0000
5790.03 19.07.2018 05.30.01 24.23852 289.9842 110.3885 0.4058 -2.8590 4.3531 262.1915 137.3283 336.9750 384.7376 -22.8594 0.0000 0.0000
5800.03 19.07.2018 05.40.01 24.26953 290.4003 132.2594 0.4862 -3.1510 4.8497 246.9710 129.1316 338.5184 388.9575 -25.1038 0.0000 0.0000
5810.03 19.07.2018 05.50.01 24.30944 290.8053 113.8542 0.4186 -3.4578 5.1685 231.4146 120.8740 339.7840 391.7642 -25.3535 0.0000 0.0000
5820.03 19.07.2018 06.00.01 24.34448 291.2037 100.6910 0.3702 -3.7112 5.4418 216.7723 113.1943 340.8947 394.0355 -24.9442 0.0000 0.0000
5830.03 19.07.2018 06.10.01 24.37600 291.6376 61.3418 0.2255 -3.9236 5.5322 234.9014 122.0811 342.2789 397.1107 -20.9718 0.0000 0.0000
5840.03 19.07.2018 06.20.01 24.39547 292.1254 65.3441 0.2402 -4.0505 5.7210 254.9368 132.0346 343.9047 401.1947 -21.1069 0.0000 0.0000
5850.03 19.07.2018 06.30.01 24.41766 292.4770 79.7159 0.2931 -4.1653 5.9445 275.4449 142.2470 345.6330 404.6044 -29.4331 0.0000 0.0000
5860.03 19.07.2018 06.40.01 24.44613 293.1110 96.8427 0.3560 -4.2871 6.1908 285.2781 146.9277 347.6054 409.1924 -24.2583 0.0000 0.0000
5870.03 19.07.2018 06.50.01 24.48297 293.4756 256.7284 0.9439 -4.4157 7.1461 303.0004 155.8071 349.5181 414.3591 -24.6796 0.0000 0.0000
5880.03 19.07.2018 07.00.01 24.57620 293.7008 371.0907 1.3643 -4.7950 8.2124 321.5437 165.0966 351.1347 418.6948 -33.8282 0.0000 0.0000
5890.03 19.07.2018 07.10.01 24.71066 294.3430 455.9726 1.6764 -5.3385 9.3531 330.6810 169.8055 352.7852 424.6544 -29.8863 0.0000 0.0000
5900.03 19.07.2018 07.20.01 24.87649 294.2733 482.5846 1.7742 -5.9925 10.3556 338.0315 173.5471 354.1401 427.6371 -45.1952 0.0000 0.0000
5910.03 19.07.2018 07.30.01 25.05337 294.1523 484.2676 1.7804 -6.6630 11.2579 345.4727 177.4181 355.1555 429.2759 -60.2648 0.0000 0.0000
5920.03 19.07.2018 07.40.01 25.23272 294.5257 497.1859 1.8279 -7.3101 12.1840 353.7990 181.6890 356.8317 434.8897 -40.3649 0.0000 0.0000
5930.03 19.07.2018 07.50.01 25.41845 294.5592 498.5898 1.8331 -7.9475 13.0407 361.3566 185.5510 358.1536 436.2831 -63.4910 0.0000 0.0000
5940.03 19.07.2018 08.00.01 25.60677 294.4188 517.3867 1.9022 -8.5592 13.9485 369.1336 189.5046 358.7822 436.1342 -83.6223 0.0000 0.0000
5950.03 19.07.2018 08.10.01 25.80337 294.6231 609.5400 2.2410 -9.1870 15.2373 389.5511 199.7026 359.4764 438.1723 -83.2973 0.0000 0.0000
5960.03 19.07.2018 08.20.01 26.03323 294.8239 689.3366 2.5343 -9.9490 16.6445 411.2031 210.5514 360.5460 441.0289 -85.7890 0.0000 0.0000
5970.03 19.07.2018 08.30.01 26.29266 295.0612 761.2466 2.7987 -10.8129 18.1487 433.8293 221.9108 361.8356 444.3481 -88.9623 0.0000 0.0000
5980.03 19.07.2018 08.40.01 26.57931 295.3093 796.3182 2.9276 -11.7610 19.5848 454.1116 232.1051 363.1508 447.8881 -91.7259 0.0000 0.0000
5990.03 19.07.2018 08.50.01 26.88064 295.5395 815.6681 2.9988 -12.7287 20.9700 473.2602 241.6578 364.3091 451.3786 -95.5191 0.0000 0.0000
6000.03 19.07.2018 09.00.01 27.19134 295.7733 836.5511 3.0756 -13.6921 22.3568 493.0009 251.5666 365.5513 455.0717 -99.7894 0.0000 0.0000
6010.03 19.07.2018 09.10.01 27.51068 295.9852 737.3154 2.7107 -14.6543 23.1534 500.5094 255.5551 367.2502 458.8347 -101.1284 0.0000 0.0000
6020.03 19.07.2018 09.20.01 27.79830 296.2085 659.7841 2.4257 -15.4136 23.7857 505.3514 258.0688 368.8173 462.2159 -99.8952 0.0000 0.0000
6030.03 19.07.2018 09.30.01 28.06106 296.4369 615.1492 2.2616 -16.0166 24.3709 510.4374 260.7642 370.3333 465.5774 -100.3814 0.0000 0.0000
6040.03 19.07.2018 09.40.01 28.30981 296.6651 590.7997 2.1721 -16.5248 24.9292 515.9325 263.6374 371.7820 468.9614 -99.9192 0.0000 0.0000
6050.03 19.07.2018 09.50.01 28.55129 296.8962 573.7181 2.1093 -16.9758 25.4468 521.3235 266.4791 373.2461 472.3692 -99.2120 0.0000 0.0000
6060.03 19.07.2018 10.00.01 28.78781 297.1246 539.9983 1.9853 -17.3828 25.8241 525.6359 268.7812 374.6465 475.5181 -99.7586 0.0000 0.0000
6070.03 19.07.2018 10.10.01 29.01248 297.7065 355.7335 1.3078 -17.7160 25.3652 515.3786 263.9354 377.1400 478.1383 -89.2404 0.0000 0.0000
6080.03 19.07.2018 10.20.01 29.17538 297.9128 226.3719 0.8322 -17.7196 24.7359 503.3756 258.1714 379.3069 478.5599 -95.3025 0.0000 0.0000
6090.03 19.07.2018 10.30.01 29.29321 298.0516 122.4530 0.4502 -17.5120 23.9495 489.9955 251.7011 380.6106 476.1010 -113.7713 0.0000 0.0000
6100.03 19.07.2018 10.40.01 29.37432 298.2593 78.3992 0.2882 -17.1445 23.2437 479.1510 246.5274 382.5581 478.6804 -105.2615 0.0000 0.0000
6110.03 19.07.2018 10.50.01 29.44030 298.4088 45.2748 0.1665 -16.6957 22.4829 467.6011 240.9719 384.9794 481.5625 -98.3582 0.0000 0.0000
6120.03 19.07.2018 11.00.01 29.49322 298.5957 4.1450 0.0152 -16.2008 21.6214 455.3985 235.1025 387.2991 484.5321 -91.5877 0.0000 0.0000
6130.03 19.07.2018 11.10.01 29.52987 298.6513 -199.9964 -0.7353 -15.6376 19.8698 421.5309 218.0493 389.3863 482.3107 -85.1726 0.0000 0.0000
6140.03 19.07.2018 11.20.01 29.49444 298.4967 -365.4078 -1.3434 -14.7547 17.8817 384.5503 199.3098 390.3712 477.5664 -86.1866 0.0000 0.0000
6150.03 19.07.2018 11.30.01 29.39840 298.4185 -480.0244 -1.7648 -13.6405 15.8343 347.0659 180.3135 390.8351 471.7126 -91.0752 0.0000 0.0000
6160.03 19.07.2018 11.40.01 29.25918 298.3411 -543.4960 -1.9981 -12.3829 13.8464 310.6834 161.8344 391.8572 468.9838 -80.0823 0.0000 0.0000
6170.03 19.07.2018 11.50.01 29.09551 298.1660 -587.5248 -2.1600 -11.0546 11.8595 274.3960 143.4113 392.9167 465.4582 -74.8829 0.0000 0.0000
6180.03 19.07.2018 12.00.01 28.91430 298.0253 -621.5872 -2.2852 -9.6861 9.8679 238.0364 124.9454 393.7211 461.0415 -71.5167 0.0000 0.0000
6190.03 19.07.2018 12.10.01 28.72149 297.8456 -324.4713 -1.1929 -8.3109 9.4906 231.8936 121.6420 392.3540 457.6198 -67.9247 0.0000 0.0000
6200.03 19.07.2018 12.20.01 28.62835 297.8289 -126.9006 -0.4665 -7.4852 9.3582 229.0724 120.1434 391.4944 455.2559 -65.4209 0.0000 0.0000
6210.03 19.07.2018 12.30.01 28.60217 297.8148 -17.2867 -0.0636 -7.0091 9.2608 226.5906 118.8207 390.8787 453.2783 -63.2007 0.0000 0.0000
6220.03 19.07.2018 12.40.01 28.61367 297.7985 42.6413 0.1568 -6.7210 9.1704 224.2274 117.5600 390.3523 451.5749 -61.2707 0.0000 0.0000
6230.03 19.07.2018 12.50.01 28.64596 297.7814 74.6013 0.2743 -6.5330 9.0763 221.8413 116.2884 389.8682 450.0746 -59.5273 0.0000 0.0000
6240.03 19.07.2018 13.00.01 28.68945 297.7637 90.7064 0.3335 -6.3972 8.9743 219.4423 115.0123 389.4093 448.7281 -58.0723 0.0000 0.0000
6250.03 19.07.2018 13.10.01 28.74090 297.9063 380.5624 1.3991 -6.2995 10.2648 244.0155 127.2353 386.6111 448.2072 -61.1869 0.0000 0.0000
6260.03 19.07.2018 13.20.01 28.89236 298.0339 568.9390 2.0917 -6.6937 11.7139 271.2791 140.9500 384.2209 448.6127 -65.8299 0.0000 0.0000
6270.03 19.07.2018 13.30.01 29.11001 298.1574 665.5066 2.4467 -7.3890 13.1142 298.3190 154.5659 382.0305 449.3712 -71.1819 0.0000 0.0000
6280.03 19.07.2018 13.40.01 29.36266 298.3388 717.1252 2.6365 -8.2198 14.4750 325.7863 168.4004 379.9414 450.4782 -75.4527 0.0000 0.0000
6290.03 19.07.2018 13.50.01 29.63503 298.4535 732.7106 2.6938 -9.1079 15.7356 352.6324 181.9376 377.9254 451.8207 -80.6417 0.0000 0.0000
6300.03 19.07.2018 14.00.01 29.91427 298.5663 714.3563 2.6263 -9.9966 16.8305 378.4194 194.9689 375.9344 453.1943 -87.4297 0.0000 0.0000
6310.03 19.07.2018 14.10.01 30.18530 298.4703 316.6594 1.1642 -10.8197 15.9785 362.2450 186.9978 376.2047 453.5965 -89.0040 0.0000 0.0000
6320.03 19.07.2018 14.20.01 30.31948 298.3315 26.2805 0.0966 -10.9571 14.7383 340.4299 175.9405 375.6454 452.3896 -87.9188 0.0000 0.0000
6330.03 19.07.2018 14.30.01 30.35223 298.1893 -132.3353 -0.4865 -10.6251 13.5181 318.7421 164.9460 374.8315 450.6437 -85.9385 0.0000 0.0000
6340.03 19.07.2018 14.40.01 30.32778 298.0579 -220.7446 -0.8116 -10.0613 12.3330 296.8866 153.8738 373.8958 448.7371 -82.1754 0.0000 0.0000
6350.03 19.07.2018 14.50.01 30.27026 297.8367 -261.4587 -0.9612 -9.3882 11.2359 275.8437 143.2229 372.8997 446.1275 -83.4905 0.0000 0.0000
6360.03 19.07.2018 15.00.01 30.19576 297.6704 -292.6141 -1.0758 -8.6890 10.1509 254.4959 132.3790 371.7167 443.1427 -80.4894 0.0000 0.0000
6370.03 19.07.2018 15.10.01 30.10815 297.4487 -270.5126 -0.9945 -7.9857 9.3215 238.4073 124.1481 370.7419 440.3648 -74.8706 0.0000 0.0000
6380.03 19.07.2018 15.20.01 30.02703 297.2699 -248.5832 -0.9139 -7.3468 8.5772 223.1480 116.3499 369.8179 437.7852 -70.3210 0.0000 0.0000
6390.03 19.07.2018 15.30.01 29.95162 297.0867 -231.8158 -0.8523 -6.7725 7.8936 208.3929 108.8085 368.8980 435.1960 -66.3843 0.0000 0.0000
6400.03 19.07.2018 15.40.01 29.88036 296.9057 -222.2363 -0.8170 -6.2494 7.2431 193.0822 100.9813 367.9660 432.6016 -62.2949 0.0000 0.0000
6410.03 19.07.2018 15.50.01 29.81106 296.7342 -207.7844 -0.7639 -5.7624 6.6646 178.3858 93.4685 367.0407 430.0433 -58.3309 0.0000 0.0000
6420.03 19.07.2018 16.00.01 29.74554 296.5535 -194.9777 -0.7168 -5.3189 6.1361 163.9049 86.0451 366.0809 427.4567 -54.4250 0.0000 0.0000
6430.03 19.07.2018 16.10.01 29.68356 296.4547 -146.2063 -0.5375 -4.9140 5.8353 162.4602 85.1331 364.3975 425.1267 -51.5692 0.0000 0.0000
6440.03 19.07.2018 16.20.01 29.63720 296.3586 -110.0502 -0.4046 -4.6076 5.6041 162.4739 85.0425 362.9269 423.2552 -50.0710 0.0000 0.0000
6450.03 19.07.2018 16.30.01 29.60232 296.2851 -98.6154 -0.3626 -4.3744 5.3491 162.5081 84.9813 361.6061 421.4772 -49.8005 0.0000 0.0000
6460.03 19.07.2018 16.40.01 29.57092 296.1720 -78.4353 -0.2884 -4.1712 5.1772 165.1867 86.3251 360.2766 420.1768 -48.6761 0.0000 0.0000
6470.03 19.07.2018 16.50.01 29.54571 296.0926 -61.6012 -0.2265 -4.0117 5.0470 168.8818 88.2470 358.9872 419.1118 -48.8399 0.0000 0.0000
6480.03 19.07.2018 17.00.01 29.52563 296.0111 -59.1807 -0.2176 -3.8890 4.8953 172.7382 90.2839 357.6753 418.1652 -49.1950 0.0000 0.0000
6490.03 19.07.2018 17.10.01 29.50561 295.7557 -99.3438 -0.3652 -3.7796 4.5524 159.9852 83.7614 356.3257 416.6013 -48.0022 0.0000 0.0000
6500.03 19.07.2018 17.20.01 29.47082 295.5100 -153.2342 -0.5634 -3.6122 4.0651 144.9464 75.9781 354.7028 414.5078 -44.8579 0.0000 0.0000
6510.03 19.07.2018 17.30.01 29.41671 295.2821 -191.3133 -0.7034 -3.3665 3.5508 129.3827 67.9012 352.9377 412.1572 -41.9077 0.0000 0.0000
6520.03 19.07.2018 17.40.01 29.34835 295.0465 -215.7471 -0.7932 -3.0740 3.0411 112.2110 58.9733 351.1859 409.5892 -37.7059 0.0000 0.0000
6530.03 19.07.2018 17.50.01 29.27007 294.8034 -238.0070 -0.8750 -2.7598 2.5130 94.4532 49.7079 349.3856 406.7353 -33.0975 0.0000 0.0000
6540.03 19.07.2018 18.00.01 29.18276 294.5619 -254.8477 -0.9369 -2.4290 1.9895 76.4798 40.3090 347.5667 403.6819 -28.7600 0.0000 0.0000
6550.03 19.07.2018 18.10.01 29.08853 294.2118 -228.3846 -0.8396 -2.0921 1.6699 66.5057 35.0968 346.2128 401.0140 -25.4892 0.0000 0.0000
6560.03 19.07.2018 18.20.01 29.00198 293.8856 -208.1552 -0.7653 -1.8213 1.4081 57.0353 30.1423 344.9529 398.4844 -23.1260 0.0000 0.0000
6570.03 19.07.2018 18.30.01 28.92117 293.5507 -199.1236 -0.7321 -1.6017 1.1595 47.5163 25.1487 343.7420 395.9646 -20.7928 0.0000 0.0000
6580.03 19.07.2018 18.40.01 28.84246 293.2111 -196.6004 -0.7228 -1.4118 0.9187 35.2355 18.6687 342.5524 393.2720 -18.4195 0.0000 0.0000
6590.03 19.07.2018 18.50.01 28.76360 292.8796 -200.3792 -0.7367 -1.2397 0.6707 22.5310 11.9401 341.3520 390.4673 -15.8381 0.0000 0.0000
6600.03 19.07.2018 19.00.01 28.68249 292.5523 -205.8078 -0.7566 -1.0746 0.4239 9.5160 5.0232 340.1531 387.5803 -13.1073 0.0000 0.0000
6610.03 19.07.2018 19.10.01 28.59875 292.1906 -187.5912 -0.6897 -0.9136 0.2986 7.3032 3.8525 338.8011 385.2217 -11.7655 0.0000 0.0000
6620.03 19.07.2018 19.20.01 28.52038 291.8293 -169.6427 -0.6237 -0.7979 0.2323 5.7720 3.0449 337.5169 383.1301 -10.9203 0.0000 0.0000
6630.03 19.07.2018 19.30.01 28.44729 291.4722 -161.1813 -0.5926 -0.7250 0.1765 4.3572 2.2988 336.2717 381.1463 -10.3228 0.0000 0.0000
6640.03 19.07.2018 19.40.01 28.37637 291.1217 -159.3456 -0.5858 -0.6778 0.1226 2.9639 1.5642 335.0406 379.2461 -9.8880 0.0000 0.0000
6650.03 19.07.2018 19.50.01 28.30529 290.7719 -161.2615 -0.5929 -0.6447 0.0691 1.5745 0.8317 333.8119 377.3979 -9.6289 0.0000 0.0000
6660.03 19.07.2018 20.00.01 28.23281 290.4120 -165.3539 -0.6079 -0.6197 0.0156 0.1878 0.1005 332.5776 375.5760 -9.5364 0.0000 0.0000
6670.03 19.07.2018 20.10.01 28.15826 290.2385 -162.0981 -0.5959 -0.5980 0.0027 0.0292 0.0154 331.8663 374.2196 -8.3962 0.0000 0.0000
6680.03 19.07.2018 20.20.01 28.08441 290.0671 -159.9930 -0.5882 -0.5886 0.0005 0.0057 0.0031 331.2184 372.9983 -7.5609 0.0000 0.0000
6690.03 19.07.2018 20.30.01 28.01086 289.8971 -160.0783 -0.5885 -0.5886 0.0001 0.0010 0.0005 330.5991 371.8596 -6.9383 0.0000 0.0000
6700.03 19.07.2018 20.40.01 27.93670 289.7262 -161.4868 -0.5937 -0.5937 0.0000 0.0002 0.0001 329.9992 370.7833 -6.4879 0.0000 0.0000
6710.03 19.07.2018 20.50.01 27.86178 289.5547 -164.0410 -0.6031 -0.6031 0.0000 0.0000 0.0000 329.4162 369.7590 -6.1752 0.0000 0.0000
6720.03 19.07.2018 21.00.01 27.78546 289.3881 -166.9831 -0.6139 -0.6139 0.0000 0.0000 0.0000 328.8500 368.7870 -5.9235 0.0000 0.0000
6730.03 19.07.2018 21.10.01 27.70773 289.1727 -170.3149 -0.6262 -0.6262 0.0000 0.0000 0.0000 328.5598 367.8223 -6.1004 0.0000 0.0000
6740.03 19.07.2018 21.20.01 27.62847 288.9589 -173.7970 -0.6390 -0.6390 0.0000 0.0000 0.0000 328.2745 366.8926 -6.3297 0.0000 0.0000
6750.03 19.07.2018 21.30.01 27.54754 288.7444 -177.0876 -0.6511 -0.6511 0.0000 0.0000 0.0000 327.9942 365.9874 -6.6198 0.0000 0.0000
6760.03 19.07.2018 21.40.01 27.46517 288.5327 -180.4064 -0.6633 -0.6633 0.0000 0.0000 0.0000 327.7209 365.1084 -6.9225 0.0000 0.0000
6770.03 19.07.2018 21.50.01 27.38134 288.3214 -183.6765 -0.6753 -0.6753 0.0000 0.0000 0.0000 327.4530 364.2482 -7.2564 0.0000 0.0000
6780.03 19.07.2018 22.00.01 27.29592 288.1071 -186.6117 -0.6861 -0.6861 0.0000 0.0000 0.0000 327.1882 363.4019 -7.6347 0.0000 0.0000
6790.03 19.07.2018 22.10.01 27.20925 287.9103 -189.5326 -0.6968 -0.6968 0.0000 0.0000 0.0000 325.7525 362.4540 -7.7440 0.0000 0.0000
6800.03 19.07.2018 22.20.01 27.12115 287.7194 -192.6641 -0.7083 -0.7083 0.0000 0.0000 0.0000 324.2953 361.4805 -7.7366 0.0000 0.0000
6810.03 19.07.2018 22.30.01 27.03158 287.5234 -196.1331 -0.7211 -0.7211 0.0000 0.0000 0.0000 322.8335 360.4853 -7.7121 0.0000 0.0000
6820.03 19.07.2018 22.40.01 26.94042 287.3313 -199.6112 -0.7339 -0.7339 0.0000 0.0000 0.0000 321.3757 359.4864 -7.6535 0.0000 0.0000
6830.03 19.07.2018 22.50.01 26.84762 287.1393 -202.7955 -0.7456 -0.7456 0.0000 0.0000 0.0000 319.9237 358.4812 -7.5743 0.0000 0.0000
6840.03 19.07.2018 23.00.01 26.75347 286.9462 -205.9342 -0.7571 -0.7571 0.0000 0.0000 0.0000 318.4733 357.4689 -7.4892 0.0000 0.0000
6850.03 19.07.2018 23.10.01 26.65786 286.7284 -208.7255 -0.7674 -0.7674 0.0000 0.0000 0.0000 317.6024 356.5161 -7.5055 0.0000 0.0000
6860.03 19.07.2018 23.20.01 26.56112 286.5270 -210.5955 -0.7742 -0.7742 0.0000 0.0000 0.0000 316.7497 355.6060 -7.4719 0.0000 0.0000
6870.03 19.07.2018 23.30.01 26.46374 286.3182 -211.8498 -0.7789 -0.7789 0.0000 0.0000 0.0000 315.8838 354.6896 -7.5109 0.0000 0.0000
6880.03 19.07.2018 23.40.01 26.36578 286.0922 -212.7926 -0.7823 -0.7823 0.0000 0.0000 0.0000 314.9768 353.7424 -7.6350 0.0000 0.0000
6890.03 19.07.2018 23.50.01 26.26751 285.8566 -213.7837 -0.7860 -0.7860 0.0000 0.0000 0.0000 314.0379 352.7677 -7.8587 0.0000 0.0000
6900.03 20.07.2018 00.00.01 26.16863 285.6425 -214.8023 -0.7897 -0.7897 0.0000 0.0000 0.0000 313.1614 351.8151 -8.0864 0.0000 0.0000
6910.03 20.07.2018 00.10.01 26.06924 285.4885 -216.2920 -0.7952 -0.7952 0.0000 0.0000 0.0000 312.1484 350.9358 -7.8523 0.0000 0.0000
6920.03 20.07.2018 00.20.01 25.96920 285.3317 -217.8485 -0.8009 -0.8009 0.0000 0.0000 0.0000 311.1233 350.0629 -7.6399 0.0000 0.0000
6930.03 20.07.2018 00.30.01 25.86849 285.1751 -219.3322 -0.8064 -0.8064 0.0000 0.0000 0.0000 310.0936 349.1984 -7.4387 0.0000 0.0000
6940.03 20.07.2018 00.40.01 25.76696 285.0172 -220.7142 -0.8114 -0.8114 0.0000 0.0000 0.0000 309.0770 348.3432 -7.2588 0.0000 0.0000
6950.03 20.07.2018 00.50.01 25.66485 284.8605 -222.1806 -0.8168 -0.8168 0.0000 0.0000 0.0000 308.0689 347.4977 -7.0869 0.0000 0.0000
6960.03 20.07.2018 01.00.01 25.56216 284.7039 -223.7286 -0.8225 -0.8225 0.0000 0.0000 0.0000 307.0787 346.6619 -6.9254 0.0000 0.0000
6970.03 20.07.2018 01.10.01 25.45870 284.5528 -225.1091 -0.8276 -0.8276 0.0000 0.0000 0.0000 306.4907 345.8910 -6.8383 0.0000 0.0000
6980.03 20.07.2018 01.20.01 25.35458 284.4055 -226.1884 -0.8316 -0.8316 0.0000 0.0000 0.0000 305.9301 345.1466 -6.7775 0.0000 0.0000
6990.03 20.07.2018 01.30.01 25.25021 284.2578 -227.4541 -0.8362 -0.8362 0.0000 0.0000 0.0000 305.3971 344.4220 -6.7556 0.0000 0.0000
7000.03 20.07.2018 01.40.01 25.14495 284.1132 -228.0827 -0.8385 -0.8385 0.0000 0.0000 0.0000 304.8951 343.7156 -6.7456 0.0000 0.0000
7010.03 20.07.2018 01.50.01 25.03967 283.9688 -229.0853 -0.8422 -0.8422 0.0000 0.0000 0.0000 304.4169 343.0265 -6.7655 0.0000 0.0000
7020.03 20.07.2018 02.00.01 24.93380 283.8247 -229.6792 -0.8444 -0.8444 0.0000 0.0004 0.0002 303.9317 342.3442 -6.7908 0.0000 0.0000
7030.03 20.07.2018 02.10.01 24.82763 283.6936 -228.4113 -0.8397 -0.8460 0.0084 0.2542 0.1337 303.8544 341.7459 -6.7721 0.0000 0.0000
7040.03 20.07.2018 02.20.01 24.72228 283.5652 -227.3927 -0.8360 -0.8502 0.0190 0.5359 0.2822 303.7708 341.1848 -6.8188 0.0000 0.0000
7050.03 20.07.2018 02.30.01 24.61706 283.4323 -225.9529 -0.8307 -0.8531 0.0299 0.8215 0.4328 303.6724 340.6394 -6.9233 0.0000 0.0000
7060.03 20.07.2018 02.40.01 24.51263 283.3014 -225.3366 -0.8284 -0.8591 0.0409 1.1078 0.5838 303.5673 340.1110 -7.0537 0.0000 0.0000
7070.03 20.07.2018 02.50.01 24.40832 283.1698 -224.7402 -0.8263 -0.8652 0.0520 1.3943 0.7348 303.4774 339.6003 -7.2303 0.0000 0.0000
7080.03 20.07.2018 03.00.01 24.30425 283.0361 -224.1250 -0.8240 -0.8714 0.0632 1.6863 0.8887 303.4018 339.1005 -7.4502 0.0000 0.0000
7090.03 20.07.2018 03.10.01 24.20062 283.0927 -201.8030 -0.7419 -0.8779 0.1813 5.2237 2.7498 303.0906 339.0170 -6.9132 0.0000 0.0000
7100.03 20.07.2018 03.20.01 24.10488 283.1508 -183.3362 -0.6740 -0.9199 0.3279 9.1179 4.8030 302.8915 339.0926 -6.6177 0.0000 0.0000
7110.03 20.07.2018 03.30.01 24.01577 283.2110 -171.1337 -0.6292 -0.9885 0.4791 13.0617 6.8822 302.7548 339.2560 -6.4493 0.0000 0.0000
7120.03 20.07.2018 03.40.01 23.93124 283.2764 -162.8706 -0.5988 -1.0723 0.6313 17.0159 8.9670 302.6697 339.5010 -6.3863 0.0000 0.0000
7130.03 20.07.2018 03.50.01 23.84997 283.3454 -156.6990 -0.5761 -1.1638 0.7836 20.9718 11.0527 302.6153 339.8099 -6.4022 0.0000 0.0000
7140.03 20.07.2018 04.00.01 23.77130 283.4136 -151.6859 -0.5577 -1.2596 0.9360 24.9275 13.1382 302.5676 340.1640 -6.4824 0.0000 0.0000
7150.03 20.07.2018 04.10.01 23.69485 283.7654 -148.8725 -0.5473 -1.3558 1.0780 28.5714 15.0598 302.9980 340.8872 -5.1335 0.0000 0.0000
7160.03 20.07.2018 04.20.01 23.62014 284.1201 -144.4381 -0.5310 -1.4440 1.2173 32.1810 16.9629 303.5023 341.7173 -3.9716 0.0000 0.0000
7170.03 20.07.2018 04.30.01 23.54785 284.4726 -138.9340 -0.5108 -1.5280 1.3562 35.7858 18.8635 304.0577 342.6305 -2.9771 0.0000 0.0000
7180.03 20.07.2018 04.40.01 23.47823 284.8245 -133.1398 -0.4895 -1.6107 1.4950 39.3896 20.7635 304.6546 343.6168 -2.1204 0.0000 0.0000
7190.03 20.07.2018 04.50.01 23.41128 285.1774 -127.1224 -0.4674 -1.6927 1.6338 42.9933 22.6635 305.3038 344.6725 -1.3690 0.0000 0.0000
