# simtime date time IndoorTemp Av_Tair_at_facade Energyflux.toIndoor.sum  Energyflux.toIndoor.average Energyflux.Conduction.average Energyflux.SW.transmission.average Shortwave.availabe Shortwave.absorbed Longwave.available Longwave.emittedFacade Sensible.outside Vapour.fromGreening Vapour.fromSubstrate
10.02 15.07.2018 05.10.00 19.90420 288.4460 126.6807 0.4399 -0.5208 1.2809 489.7877 270.8541 324.2396 409.3457 -57.9855 0.0270 0.0000
20.02 15.07.2018 05.20.00 19.93649 289.2621 217.9861 0.7569 -0.9339 2.2544 879.7264 487.0889 328.5335 458.0323 -101.4552 0.0739 0.0000
30.03 15.07.2018 05.30.01 20.00903 290.1577 322.5755 1.1201 -1.4437 3.4183 1275.9162 706.8610 334.2786 519.1557 -153.0427 0.1604 0.0000
40.03 15.07.2018 05.40.01 20.12905 291.1995 434.5971 1.5090 -2.0812 4.7869 1203.3378 665.7076 341.9936 532.8426 -164.9786 0.2268 0.0000
50.03 15.07.2018 05.50.01 20.29150 291.8428 252.0383 0.8751 -2.8167 4.9224 1115.8201 617.0317 345.1787 537.0391 -171.6880 0.3289 0.0000
60.03 15.07.2018 06.00.01 20.39285 292.2387 134.6385 0.4675 -3.1441 4.8155 1023.4784 565.7382 346.5058 536.4987 -173.2992 0.4534 0.0000
70.03 15.07.2018 06.10.01 20.45532 292.4794 89.2056 0.3097 -3.2090 4.6917 983.4269 543.5950 347.4823 539.0365 -175.9446 0.5878 0.0000
80.03 15.07.2018 06.20.01 20.50524 292.7703 107.5408 0.3734 -3.1496 4.6974 942.2682 520.6368 348.7714 539.8905 -177.0361 0.7267 0.0000
90.03 15.07.2018 06.30.01 20.56542 293.0422 124.8825 0.4336 -3.0764 4.6800 900.0503 497.0681 349.9392 539.0457 -177.1415 0.8726 0.0000
100.03 15.07.2018 06.40.01 20.63625 293.3172 158.9016 0.5517 -2.9862 4.7173 873.8573 482.3463 351.1683 539.0124 -176.6238 1.0281 0.0000
110.03 15.07.2018 06.50.01 20.72344 293.5962 185.5490 0.6443 -2.9086 4.7372 849.2742 468.6110 352.3196 538.4587 -176.6634 1.1988 0.0000
120.03 15.07.2018 07.00.01 20.82433 293.8783 215.1446 0.7470 -2.8325 4.7727 824.7950 454.9188 353.4764 537.1458 -176.7478 1.3852 0.0000
130.03 15.07.2018 07.10.01 20.93951 294.1908 238.4180 0.8278 -2.7672 4.7934 808.6847 445.8759 354.9637 537.3207 -172.3928 1.5804 0.0000
140.03 15.07.2018 07.20.01 21.06674 294.5085 271.9315 0.9442 -2.7069 4.8682 792.5197 436.7369 356.6594 537.3845 -168.0866 1.7773 0.0000
150.03 15.07.2018 07.30.01 21.20889 294.8128 293.5429 1.0192 -2.6729 4.9229 775.4624 427.0857 358.3568 537.1133 -163.9778 1.9767 0.0000
160.03 15.07.2018 07.40.01 21.36178 295.1402 330.3990 1.1472 -2.6504 5.0635 763.3981 420.1228 360.3718 537.3737 -159.7820 2.1776 0.0000
170.03 15.07.2018 07.50.01 21.52990 295.4538 341.4491 1.1856 -2.6679 5.1379 750.1175 412.5077 362.2235 537.4187 -155.9177 2.3817 0.0000
180.03 15.07.2018 08.00.01 21.70382 295.8153 345.7585 1.2006 -2.6835 5.1788 735.3877 404.0619 364.4079 537.1211 -152.0476 2.5919 0.0000
190.03 15.07.2018 08.10.01 21.88073 296.1456 357.3991 1.2410 -2.6915 5.2434 719.9633 395.2129 366.9210 538.2774 -142.5566 2.8810 0.0000
200.03 15.07.2018 08.20.01 22.06277 296.5696 361.7935 1.2562 -2.7108 5.2893 703.8428 385.9677 369.4649 537.8768 -140.2365 3.1492 0.0000
210.03 15.07.2018 08.30.01 22.24728 296.8605 373.9441 1.2984 -2.7303 5.3716 687.7467 376.6945 370.5066 535.4001 -143.8750 3.4044 0.0000
220.03 15.07.2018 08.40.01 22.43667 297.1055 365.2087 1.2681 -2.7617 5.3731 673.5674 368.5143 371.3270 534.8396 -137.4544 3.6937 0.0000
230.03 15.07.2018 08.50.01 22.62332 297.3816 368.7775 1.2805 -2.7750 5.4072 659.3790 360.2906 372.4038 534.1847 -133.4200 4.0000 0.0000
240.03 15.07.2018 09.00.01 22.81158 297.6971 385.8630 1.3398 -2.7964 5.5149 645.2587 352.0220 373.7372 533.2253 -131.2969 4.3221 0.0000
250.03 15.07.2018 09.10.01 23.00594 298.0118 396.4630 1.3766 -2.8527 5.6390 627.6361 341.7736 376.2177 533.3378 -118.1725 4.6335 0.0000
260.03 15.07.2018 09.20.01 23.20419 298.2987 416.0857 1.4447 -2.9303 5.8334 611.0327 332.0559 378.4161 530.4240 -124.7955 4.9011 0.0000
270.03 15.07.2018 09.30.01 23.40984 298.1093 421.8422 1.4647 -3.0431 6.0105 593.8488 322.0086 378.7869 524.7257 -137.6283 5.2096 0.0000
280.03 15.07.2018 09.40.01 23.61718 298.3581 427.5679 1.4846 -3.1719 6.2087 579.9291 313.7434 379.5009 524.7395 -119.6549 5.5648 0.0000
290.03 15.07.2018 09.50.01 23.82665 298.5507 450.3272 1.5636 -3.3177 6.5085 567.6624 306.3537 380.5296 522.6708 -126.8750 5.9770 0.0000
300.03 15.07.2018 10.00.01 24.04345 298.5492 433.1490 1.5040 -3.5082 6.6829 553.2002 297.7909 381.2264 518.6241 -137.2130 6.4547 0.0000
310.03 15.07.2018 10.10.01 24.25311 298.7676 401.8516 1.3953 -3.6714 6.7556 542.5066 291.4467 382.1020 515.8594 -131.0663 6.9693 0.0000
320.03 15.07.2018 10.20.01 24.45034 298.9814 366.3323 1.2720 -3.7850 6.7426 530.2039 284.2357 382.9309 513.0577 -126.5691 7.5003 0.0000
330.03 15.07.2018 10.30.01 24.63323 299.1825 315.9294 1.0970 -3.8408 6.5838 515.7599 275.9093 383.2963 510.0093 -122.7231 8.0454 0.0000
340.03 15.07.2018 10.40.01 24.79769 299.3942 336.8111 1.1695 -3.8235 6.6574 505.5854 269.8073 384.1657 507.6510 -119.2373 8.5981 0.0000
350.03 15.07.2018 10.50.01 24.96819 299.5941 317.0107 1.1007 -3.8511 6.6024 493.1361 262.4883 384.8733 505.1710 -115.6760 9.6947 0.0000
360.03 15.07.2018 11.00.01 25.13012 299.7799 302.5292 1.0504 -3.8568 6.5430 480.0572 254.7970 385.5598 502.7309 -112.3023 10.8264 0.0000
370.03 15.07.2018 11.10.01 25.28622 299.8764 324.4495 1.1266 -3.8567 6.6443 466.5472 246.8356 386.4784 501.0774 -107.5599 11.9736 0.0000
380.03 15.07.2018 11.20.01 25.44818 299.9580 306.3810 1.0638 -3.9135 6.6364 451.2937 237.9536 387.2591 499.2011 -103.4508 13.2317 0.0000
390.03 15.07.2018 11.30.01 25.60214 300.0112 283.0427 0.9828 -3.9538 6.5822 435.4728 228.7848 387.8611 497.0719 -100.0561 14.4973 0.0000
400.03 15.07.2018 11.40.01 25.74633 300.0478 291.0546 1.0106 -3.9701 6.6410 422.4902 221.1084 388.7493 495.1668 -97.0242 15.7700 0.0000
410.03 15.07.2018 11.50.01 25.89178 300.0821 267.3193 0.9282 -4.0182 6.5952 407.9667 212.6283 389.4573 492.9665 -94.3214 17.2416 0.0000
420.03 15.07.2018 12.00.01 26.02709 300.1198 235.4070 0.8174 -4.0382 6.4741 391.8019 203.2502 390.0673 490.3494 -91.8680 18.8158 0.0000
430.03 15.07.2018 12.10.01 26.14987 300.3996 272.4567 0.9460 -4.0202 6.6216 378.8985 195.6360 391.1306 488.5756 -84.3151 20.6856 0.0000
440.03 15.07.2018 12.20.01 26.28616 300.5903 441.4978 1.5330 -4.0932 7.5016 370.6718 190.3373 391.7187 486.8408 -82.6474 22.5558 0.0000
450.03 15.07.2018 12.30.01 26.48416 300.6509 683.8519 2.3745 -4.4946 9.1588 368.8948 188.2985 392.0052 485.2970 -85.4066 24.4319 0.0000
460.03 15.07.2018 12.40.01 26.76931 300.7095 785.1857 2.7263 -5.3429 10.7590 357.3851 180.2261 392.5782 482.0662 -84.7959 26.2656 0.0000
470.03 15.07.2018 12.50.01 27.09164 300.6335 819.4518 2.8453 -6.3704 12.2876 353.4108 176.5649 392.9456 479.5465 -86.4796 28.0218 0.0000
480.03 15.07.2018 13.00.01 27.42693 300.6866 848.1877 2.9451 -7.4534 13.8647 352.3183 174.4468 393.7713 477.4610 -87.6776 29.7147 0.0000
490.03 15.07.2018 13.10.01 27.77297 300.7496 828.8068 2.8778 -8.5804 15.2776 354.3054 174.4555 394.0961 477.0953 -82.7334 31.3997 0.0000
500.03 15.07.2018 13.20.01 28.11227 300.8240 796.4434 2.7654 -9.6632 16.5715 355.8250 174.2720 394.3213 476.9976 -78.7299 33.1193 0.0000
510.03 15.07.2018 13.30.01 28.43981 300.8900 739.3163 2.5671 -10.6816 17.6648 350.6852 170.2947 394.2517 476.2168 -74.5449 34.8757 0.0000
520.03 15.07.2018 13.40.01 28.74673 300.9514 711.3630 2.4700 -11.5959 18.7545 351.6492 169.9218 394.1412 476.2286 -72.1927 36.6612 0.0000
530.03 15.07.2018 13.50.01 29.04308 301.0079 692.9737 2.4062 -12.4634 19.8260 353.0962 169.8497 394.0964 476.4123 -70.5841 38.4765 0.0000
540.03 15.07.2018 14.00.01 29.33203 301.0439 639.6205 2.2209 -13.3020 20.6972 352.3910 168.7144 393.7936 476.4167 -69.2030 40.3197 0.0000
550.03 15.07.2018 14.10.01 29.59966 301.1120 475.9465 1.6526 -14.0450 20.9301 344.1041 164.3819 394.5295 477.1475 -64.3210 42.1511 0.0000
560.03 15.07.2018 14.20.01 29.80679 301.1877 330.6360 1.1480 -14.4964 20.8593 333.2855 158.8899 395.0139 477.6283 -59.4478 43.9121 0.0000
570.03 15.07.2018 14.30.01 29.95941 301.2390 213.8613 0.7426 -14.6983 20.5878 321.3510 152.9608 395.3050 477.8919 -55.1489 45.5887 0.0000
580.03 15.07.2018 14.40.01 30.06719 301.2473 86.2040 0.2993 -14.7081 20.0099 306.6097 145.7618 395.1499 477.7798 -51.1066 47.1924 0.0000
590.03 15.07.2018 14.50.01 30.12631 301.2596 -7.5680 -0.0263 -14.5108 19.3127 291.9602 138.7591 394.9890 477.4656 -47.6826 48.7235 0.0000
600.03 15.07.2018 15.00.01 30.14849 301.2687 -110.8171 -0.3848 -14.1699 18.3802 275.6970 131.0667 394.6979 476.7305 -44.8238 50.1805 0.0000
610.03 15.07.2018 15.10.01 30.13149 301.2407 -37.3205 -0.1296 -13.6838 18.0723 267.6271 126.9993 394.3007 475.0511 -46.4129 50.8711 0.0000
620.03 15.07.2018 15.20.01 30.13946 301.1963 7.2133 0.0250 -13.3580 17.8441 261.3472 123.9193 394.3135 473.3559 -48.6555 51.5168 0.0000
630.03 15.07.2018 15.30.01 30.16140 301.1794 6.3776 0.0221 -13.1350 17.5429 252.8496 119.7871 394.4033 471.4871 -50.3296 52.1142 0.0000
640.03 15.07.2018 15.40.01 30.18130 301.0583 -42.2348 -0.1466 -12.9275 17.0412 242.4264 114.7741 393.2655 469.3012 -51.0619 52.6604 0.0000
650.03 15.07.2018 15.50.01 30.18243 300.8127 -74.7693 -0.2596 -12.6476 16.5174 230.7397 109.1980 391.0533 466.7160 -52.3104 53.2174 0.0000
660.03 15.07.2018 16.00.01 30.17016 300.6537 -115.9678 -0.4027 -12.3258 15.8975 220.5370 104.4231 389.5271 463.9768 -52.8373 53.7668 0.0000
670.03 15.07.2018 16.10.01 30.14230 300.4429 -57.7406 -0.2005 -11.9461 15.6608 212.5062 100.2647 387.6393 461.0621 -50.8821 54.2872 0.0000
680.03 15.07.2018 16.20.01 30.13357 300.2515 -38.9679 -0.1353 -11.6946 15.4124 204.6220 96.2057 385.8762 458.2183 -49.1790 54.7759 0.0000
690.03 15.07.2018 16.30.01 30.13021 300.1069 -39.9762 -0.1388 -11.4926 15.1384 196.7030 92.1535 384.2900 455.4426 -47.2630 55.2284 0.0000
700.03 15.07.2018 16.40.01 30.12100 299.9839 -554.1835 -1.9242 -11.2993 12.5000 178.5871 84.4655 382.8226 452.6438 -44.6792 55.6350 0.0000
710.03 15.07.2018 16.50.01 29.93093 299.6798 -310.5609 -1.0783 -10.1771 12.1317 169.9952 80.1333 379.9973 449.4892 -43.0461 55.9838 0.0000
720.03 15.07.2018 17.00.01 29.82418 299.4071 -215.0404 -0.7467 -9.5448 11.7309 161.2229 75.7275 377.3273 446.3404 -41.7519 56.3388 0.0000
730.03 15.07.2018 17.10.01 29.74972 299.1693 -179.1573 -0.6221 -9.1103 11.3177 153.7477 72.0693 375.5261 443.5156 -39.2222 56.6891 0.0000
740.03 15.07.2018 17.20.01 29.67907 298.9350 -1092.5063 -3.7934 -8.7549 6.6154 136.1980 66.0226 373.7858 440.6790 -36.9044 57.0249 0.0000
750.03 15.07.2018 17.30.01 29.28851 298.6882 -582.7601 -2.0235 -6.7366 6.2842 128.7843 62.3451 371.9441 437.7823 -34.8006 57.3164 0.0000
760.03 15.07.2018 17.40.01 29.07473 298.4565 -370.9510 -1.2880 -5.7162 5.9042 120.3838 58.2127 370.2647 434.9985 -32.8036 57.5955 0.0000
770.03 15.07.2018 17.50.01 28.93493 298.2232 -280.6335 -0.9744 -5.1072 5.5103 111.8607 54.0246 368.5910 432.2077 -30.8673 57.8570 0.0000
780.03 15.07.2018 18.00.01 28.82659 297.9930 -244.6301 -0.8494 -4.6738 5.0991 103.2145 49.7856 366.9236 429.4295 -28.9511 58.1045 0.0000
790.03 15.07.2018 18.10.01 28.73034 297.4762 -267.5103 -0.9289 -4.3139 4.5134 85.1631 40.9776 365.0897 426.2090 -27.9235 58.3331 0.0000
800.03 15.07.2018 18.20.01 28.62499 296.9398 -288.4554 -1.0016 -3.9211 3.8926 73.5519 35.3939 362.9788 422.6918 -26.6584 58.4989 0.0000
810.03 15.07.2018 18.30.01 28.51125 296.4183 -300.2743 -1.0426 -3.5026 3.2800 62.0371 29.8590 360.9914 419.2092 -25.4434 58.6449 0.0000
820.03 15.07.2018 18.40.01 28.39175 295.8960 -362.0261 -1.2570 -3.0761 2.4255 45.9993 22.2141 358.9875 415.5838 -24.0444 58.7750 0.0000
830.03 15.07.2018 18.50.01 28.24890 295.3695 -399.3074 -1.3865 -2.5503 1.5518 29.6926 14.4308 356.8961 411.7211 -22.4617 58.8800 0.0000
840.03 15.07.2018 19.00.01 28.09127 294.8441 -418.9988 -1.4549 -1.9732 0.6911 13.4826 6.6895 354.8058 407.7355 -20.7279 58.9610 0.0000
850.03 15.07.2018 19.10.01 27.92620 294.2276 -286.2510 -0.9939 -1.3784 0.5127 10.5987 5.2435 352.8153 403.9450 -19.3020 59.0105 0.0000
860.03 15.07.2018 19.20.01 27.80691 293.6028 -251.5811 -0.8735 -1.0467 0.2309 8.2889 4.2037 350.9594 400.5600 -18.6782 59.0471 0.0000
870.03 15.07.2018 19.30.01 27.69964 292.9878 -188.8089 -0.6556 -0.7887 0.1775 6.6721 3.3807 349.1821 397.3688 -18.3309 59.0753 0.0000
880.03 15.07.2018 19.40.01 27.61416 292.3899 -160.6890 -0.5579 -0.6532 0.1270 4.5469 2.3036 347.4518 394.3325 -18.1185 59.0994 0.0000
890.03 15.07.2018 19.50.01 27.53842 291.7981 -149.3692 -0.5186 -0.5744 0.0743 2.4045 1.2182 345.7439 391.4046 -18.0138 59.1191 0.0000
900.03 15.07.2018 20.00.01 27.46639 291.2190 -145.1536 -0.5040 -0.5202 0.0216 0.2693 0.1365 344.0561 388.5804 -17.9924 59.1343 0.0000
910.03 15.07.2018 20.10.01 27.39568 290.8175 -136.3692 -0.4735 -0.4764 0.0039 0.0483 0.0245 342.4297 386.0555 -17.3549 59.1455 0.0000
920.03 15.07.2018 20.20.01 27.32812 290.4231 -129.4048 -0.4493 -0.4498 0.0007 0.0087 0.0044 340.8786 383.7107 -16.8929 59.1518 0.0000
930.03 15.07.2018 20.30.01 27.26299 290.0440 -125.7280 -0.4366 -0.4366 0.0001 0.0016 0.0008 339.3644 381.5071 -16.5058 59.1581 0.0000
940.03 15.07.2018 20.40.01 27.19909 289.6693 -124.2296 -0.4314 -0.4314 0.0000 0.0003 0.0001 337.8899 379.4110 -16.2021 59.1637 0.0000
950.03 15.07.2018 20.50.01 27.13571 289.3000 -124.2935 -0.4316 -0.4316 0.0000 0.0001 0.0000 336.4388 377.4105 -15.9825 59.1679 0.0000
960.03 15.07.2018 21.00.01 27.07168 288.9187 -124.5194 -0.4324 -0.4324 0.0000 0.0000 0.0000 334.9909 375.4815 -15.9111 59.1712 0.0000
970.03 15.07.2018 21.10.01 27.00747 288.6044 -126.3822 -0.4388 -0.4388 0.0000 0.0000 0.0000 333.8569 373.7231 -15.5959 59.1749 0.0000
980.03 15.07.2018 21.20.01 26.94247 288.0286 -127.1886 -0.4416 -0.4416 0.0000 0.0000 0.0000 332.2040 372.0283 -15.7513 59.1784 0.0000
990.03 15.07.2018 21.30.01 26.87670 287.5986 -131.1227 -0.4553 -0.4553 0.0000 0.0000 0.0000 330.9193 369.9507 -18.5096 59.1815 0.0000
1000.03 15.07.2018 21.40.01 26.80789 287.3706 -136.4724 -0.4739 -0.4739 0.0000 0.0000 0.0000 329.7467 368.6031 -15.3300 59.1847 0.0000
1010.03 15.07.2018 21.50.01 26.73864 287.2775 -133.0374 -0.4619 -0.4619 0.0000 0.0000 0.0000 328.5062 367.1820 -13.2399 59.1877 0.0000
1020.03 15.07.2018 22.00.01 26.67236 287.0886 -126.1147 -0.4379 -0.4379 0.0000 0.0000 0.0000 327.5030 365.5694 -14.3643 59.1903 0.0000
1030.03 15.07.2018 22.10.01 26.60867 286.9823 -123.8132 -0.4299 -0.4299 0.0000 0.0000 0.0000 326.8602 364.3259 -13.6442 59.1935 0.0000
1040.03 15.07.2018 22.20.01 26.54550 286.8535 -123.1064 -0.4275 -0.4275 0.0000 0.0000 0.0000 326.1852 363.1517 -13.1076 59.1966 0.0000
1050.03 15.07.2018 22.30.01 26.48235 286.6955 -123.2924 -0.4281 -0.4281 0.0000 0.0000 0.0000 325.5060 362.0042 -12.7484 59.1989 0.0000
1060.03 15.07.2018 22.40.01 26.41909 286.5437 -124.3614 -0.4318 -0.4318 0.0000 0.0000 0.0000 324.8392 360.9143 -12.3986 59.2008 0.0000
1070.03 15.07.2018 22.50.01 26.35500 286.3870 -125.1250 -0.4345 -0.4345 0.0000 0.0000 0.0000 324.1841 359.8637 -12.1174 59.2026 0.0000
1080.03 15.07.2018 23.00.01 26.29055 286.2385 -126.3889 -0.4389 -0.4389 0.0000 0.0000 0.0000 323.5401 358.8617 -11.8484 59.2037 0.0000
1090.03 15.07.2018 23.10.01 26.22567 286.3416 -125.7533 -0.4366 -0.4366 0.0000 0.0000 0.0000 323.0074 358.3599 -9.4077 59.2041 0.0000
1100.03 15.07.2018 23.20.01 26.16128 285.7522 -127.3570 -0.4422 -0.4422 0.0000 0.0000 0.0000 322.5137 357.1450 -12.2191 59.2049 0.0000
1110.03 15.07.2018 23.30.01 26.09393 285.3858 -136.6856 -0.4746 -0.4746 0.0000 0.0000 0.0000 321.8449 355.7249 -15.1131 59.2061 0.0000
1120.03 15.07.2018 23.40.01 26.02130 285.5231 -145.4014 -0.5049 -0.5049 0.0000 0.0000 0.0000 321.4311 355.2034 -12.0982 59.2070 0.0000
1130.03 15.07.2018 23.50.01 25.94702 285.3347 -143.7230 -0.4990 -0.4990 0.0000 0.0000 0.0000 320.8964 354.1996 -11.8034 59.2076 0.0000
1140.03 16.07.2018 00.00.01 25.87509 285.1087 -137.3011 -0.4767 -0.4767 0.0000 0.0000 0.0000 320.3464 352.9843 -12.9617 59.2076 0.0000
1150.03 16.07.2018 00.10.01 25.80609 285.1005 -132.9135 -0.4615 -0.4615 0.0000 0.0000 0.0000 319.9690 352.2976 -12.0418 59.2076 0.0000
1160.03 16.07.2018 00.20.01 25.73870 285.1006 -130.8394 -0.4543 -0.4543 0.0000 0.0000 0.0000 319.6695 351.6863 -11.2182 59.2076 0.0000
1170.03 16.07.2018 00.30.01 25.67202 285.0938 -129.6580 -0.4502 -0.4502 0.0000 0.0000 0.0000 319.3902 351.1222 -10.5288 59.2076 0.0000
1180.03 16.07.2018 00.40.01 25.60580 285.0562 -129.7138 -0.4504 -0.4504 0.0000 0.0000 0.0000 319.1212 350.5928 -10.0297 59.2071 0.0000
1190.03 16.07.2018 00.50.01 25.53900 285.0627 -129.9295 -0.4511 -0.4511 0.0000 0.0000 0.0000 318.9061 350.1087 -9.4209 59.2057 0.0000
1200.03 16.07.2018 01.00.01 25.47216 285.0709 -130.6622 -0.4537 -0.4537 0.0000 0.0000 0.0000 318.7022 349.6561 -8.8819 59.2035 0.0000
1210.03 16.07.2018 01.10.01 25.40515 285.0263 -131.4520 -0.4564 -0.4564 0.0000 0.0000 0.0000 318.3798 349.1549 -8.5618 59.2009 0.0000
1220.03 16.07.2018 01.20.01 25.33795 284.9871 -131.4605 -0.4565 -0.4565 0.0000 0.0000 0.0000 318.1498 348.6718 -8.3959 59.2004 0.0000
1230.03 16.07.2018 01.30.01 25.27020 284.8781 -133.0043 -0.4618 -0.4618 0.0000 0.0000 0.0000 317.8536 348.1614 -8.5887 59.2004 0.0000
1240.03 16.07.2018 01.40.01 25.20126 284.8200 -135.9618 -0.4721 -0.4721 0.0000 0.0000 0.0000 317.5321 347.7159 -8.3553 59.2004 0.0000
1250.03 16.07.2018 01.50.01 25.13101 284.7531 -138.3165 -0.4803 -0.4803 0.0000 0.0000 0.0000 317.1827 347.2790 -8.1716 59.2004 0.0000
1260.03 16.07.2018 02.00.01 25.05969 284.6796 -140.3232 -0.4872 -0.4872 0.0000 0.0006 0.0003 316.8077 346.8461 -8.0272 59.2004 0.0000
1270.03 16.07.2018 02.10.01 24.98754 284.6253 -137.5260 -0.4775 -0.4863 0.0118 0.3336 0.1711 316.2336 346.5846 -7.0021 59.2002 0.0000
1280.03 16.07.2018 02.20.01 24.91708 284.4148 -134.2587 -0.4662 -0.4862 0.0267 0.7090 0.3635 315.8667 346.0314 -7.8936 59.1981 0.0000
1290.03 16.07.2018 02.30.01 24.84661 284.2037 -138.7420 -0.4817 -0.5134 0.0422 1.0907 0.5592 315.5286 345.3541 -9.7867 59.1979 0.0000
1300.03 16.07.2018 02.40.01 24.77288 284.2665 -144.1060 -0.5004 -0.5437 0.0578 1.4738 0.7555 315.2069 345.2051 -7.6093 59.1973 0.0000
1310.03 16.07.2018 02.50.01 24.69909 284.3463 -139.0048 -0.4827 -0.5377 0.0734 1.8570 0.9519 314.7389 344.9026 -6.1615 59.1935 0.0000
1320.03 16.07.2018 03.00.01 24.62856 284.2125 -133.6210 -0.4640 -0.5308 0.0891 2.2434 1.1499 314.6368 344.3985 -7.7755 59.1922 0.0000
1330.03 16.07.2018 03.10.01 24.55874 284.2991 -122.3149 -0.4247 -0.5511 0.1685 4.4371 2.2747 314.5978 344.2299 -7.1200 59.1920 0.0000
1340.03 16.07.2018 03.20.01 24.49291 284.4343 -112.7795 -0.3916 -0.5907 0.2654 6.8608 3.5172 314.7413 344.2446 -6.4080 59.1919 0.0000
1350.03 16.07.2018 03.30.01 24.43099 284.5812 -105.9641 -0.3679 -0.6418 0.3652 9.3194 4.7773 314.9558 344.3647 -5.7339 59.1923 0.0000
1360.03 16.07.2018 03.40.01 24.37206 284.7342 -100.8256 -0.3501 -0.6993 0.4656 11.7849 6.0408 315.2101 344.5717 -5.1212 59.1931 0.0000
1370.03 16.07.2018 03.50.01 24.31545 284.8935 -96.5429 -0.3352 -0.7597 0.5660 14.2516 7.3050 315.4910 344.8575 -4.5510 59.1941 0.0000
1380.03 16.07.2018 04.00.01 24.26095 285.0596 -92.8555 -0.3224 -0.8223 0.6665 16.7181 8.5691 315.7974 345.2142 -4.0229 59.1956 0.0000
1390.03 16.07.2018 04.10.01 24.20861 285.8966 -88.6368 -0.3078 -0.8766 0.7585 18.9459 9.7108 317.4650 346.3755 -0.3369 59.1951 0.0000
1400.03 16.07.2018 04.20.01 24.16033 286.5456 -78.4229 -0.2723 -0.9085 0.8482 21.1434 10.8369 319.2889 347.4792 1.5883 59.1898 0.0000
1410.03 16.07.2018 04.30.01 24.11657 287.1276 -72.3592 -0.2512 -0.9544 0.9376 23.3362 11.9608 321.3370 348.7281 4.1268 59.1913 0.0000
1420.03 16.07.2018 04.40.01 24.07531 287.8902 -67.1185 -0.2331 -1.0032 1.0268 25.5282 13.0841 323.1572 350.2689 5.5045 59.1946 0.0000
1430.03 16.07.2018 04.50.01 24.03744 288.6411 -59.4856 -0.2065 -1.0436 1.1161 96.4762 52.3521 324.7808 357.6519 2.0685 59.1936 0.0000
1440.03 16.07.2018 05.00.01 24.00393 289.4809 -19.9051 -0.0691 -1.0826 1.3513 111.7146 60.6551 327.4475 362.0465 1.9964 59.1905 0.0000
1450.03 16.07.2018 05.10.01 23.98562 290.1102 -19.6601 -0.0683 -1.1805 1.4830 474.0175 261.9094 329.4202 397.3158 -32.2245 59.1966 0.0000
1460.03 16.07.2018 05.20.01 23.96996 290.9795 148.5347 0.5157 -1.2649 2.3743 848.7546 469.7357 333.4620 445.6981 -78.3763 59.2049 0.0000
1470.03 16.07.2018 05.30.01 24.01681 291.9228 285.6462 0.9918 -1.6325 3.4991 1229.5585 680.9650 339.4162 503.9503 -135.9979 59.2294 0.0000
1480.03 16.07.2018 05.40.01 24.11697 292.9289 408.5677 1.4186 -2.2024 4.8281 1159.0169 640.9561 346.8182 517.6045 -155.1303 59.2937 0.0000
1490.03 16.07.2018 05.50.01 24.26467 293.6940 231.8914 0.8052 -2.9268 4.9759 1074.1710 593.7451 350.4096 521.8656 -165.4813 59.4213 0.0000
1500.03 16.07.2018 06.00.01 24.35452 294.3009 116.4569 0.4044 -3.2633 4.8902 984.6807 544.0138 352.2822 521.3544 -171.7708 59.5849 0.0000
1510.03 16.07.2018 06.10.01 24.40670 294.6440 67.6570 0.2349 -3.3433 4.7710 948.8223 524.1992 353.7034 525.8011 -173.6652 59.7719 0.0000
1520.03 16.07.2018 06.20.01 24.44454 295.0189 82.8802 0.2878 -3.2980 4.7810 911.9539 503.6276 355.3748 528.9009 -173.1569 59.9624 0.0000
1530.03 16.07.2018 06.30.01 24.49102 295.3800 94.9668 0.3297 -3.2409 4.7608 873.9772 482.4254 356.9030 530.3740 -171.7055 60.1607 0.0000
1540.03 16.07.2018 06.40.01 24.54556 295.7390 130.2502 0.4523 -3.1620 4.8190 850.5164 469.2139 358.5822 532.3281 -169.7952 60.3649 0.0000
1550.03 16.07.2018 06.50.01 24.61648 296.1016 152.0504 0.5280 -3.1030 4.8412 828.5815 456.9605 360.1469 533.8946 -167.5358 60.5781 0.0000
1560.03 16.07.2018 07.00.01 24.69891 296.4612 178.9434 0.6213 -3.0401 4.8819 806.5817 444.6456 361.6896 534.8153 -164.6621 60.7984 0.0000
1570.03 16.07.2018 07.10.01 24.79434 296.7827 196.6736 0.6829 -2.9862 4.8921 792.8073 436.9197 363.3826 536.4940 -160.6063 61.0250 0.0000
1580.03 16.07.2018 07.20.01 24.89929 297.1071 226.7768 0.7874 -2.9287 4.9548 778.9667 429.0928 365.2116 538.0993 -156.4134 61.2550 0.0000
1590.03 16.07.2018 07.30.01 25.01779 297.4346 245.6523 0.8530 -2.8939 4.9958 764.2054 420.7384 367.0206 539.4556 -151.8390 61.4896 0.0000
1600.03 16.07.2018 07.40.01 25.14578 297.7615 281.2838 0.9767 -2.8650 5.1223 753.6040 414.6098 369.1040 541.0744 -147.8910 61.7272 0.0000
1610.03 16.07.2018 07.50.01 25.28857 298.1007 291.2643 1.0113 -2.8753 5.1822 741.7695 407.8194 371.0240 542.5801 -143.4743 61.9701 0.0000
1620.03 16.07.2018 08.00.01 25.43704 298.4374 295.5088 1.0261 -2.8822 5.2110 728.5086 400.2093 372.8473 543.7320 -139.0218 62.2194 0.0000
1630.03 16.07.2018 08.10.01 25.58846 298.7207 307.1117 1.0664 -2.8780 5.2592 715.6467 392.8046 374.6220 543.9547 -138.4149 62.5785 0.0000
1640.03 16.07.2018 08.20.01 25.74517 298.9093 313.5869 1.0888 -2.8817 5.2941 702.1081 385.0094 375.6804 543.3702 -139.5124 62.9667 0.0000
1650.03 16.07.2018 08.30.01 25.90502 299.1061 325.6974 1.1309 -2.8875 5.3578 688.4197 377.0902 376.7808 542.2908 -140.8263 63.3829 0.0000
1660.03 16.07.2018 08.40.01 26.06985 299.3230 319.3698 1.1089 -2.9097 5.3581 676.2005 370.0060 377.7849 541.5787 -139.8975 63.8234 0.0000
1670.03 16.07.2018 08.50.01 26.23281 299.5494 323.4123 1.1230 -2.9164 5.3859 663.8333 362.8008 378.8660 540.6035 -139.3058 64.2810 0.0000
1680.03 16.07.2018 09.00.01 26.39739 299.7574 333.7603 1.1589 -2.9286 5.4500 650.9024 355.2144 380.0811 539.2109 -139.2663 64.7562 0.0000
1690.03 16.07.2018 09.10.01 26.56597 299.9033 355.9058 1.2358 -2.9593 5.5934 637.0745 347.0514 381.1580 537.0218 -140.0401 65.2518 0.0000
1700.03 16.07.2018 09.20.01 26.74252 300.0235 379.0825 1.3163 -3.0313 5.7967 623.9209 339.2240 382.3294 534.6637 -140.6695 65.7706 0.0000
1710.03 16.07.2018 09.30.01 26.92730 300.1226 386.0762 1.3405 -3.1472 5.9837 610.0617 330.9907 383.5638 532.0382 -140.8900 66.3141 0.0000
1720.03 16.07.2018 09.40.01 27.11456 300.1925 394.2962 1.3691 -3.2766 6.1943 598.8200 324.1761 384.8534 529.8041 -140.5870 66.8781 0.0000
1730.03 16.07.2018 09.50.01 27.30480 300.2478 419.6894 1.4573 -3.4226 6.5064 589.1135 318.1665 386.3200 527.7259 -140.3901 67.4608 0.0000
1740.03 16.07.2018 10.00.01 27.50378 300.2987 400.2578 1.3898 -3.6171 6.6758 576.7478 310.7265 387.5604 525.1806 -139.8913 68.0638 0.0000
1750.03 16.07.2018 10.10.01 27.69595 300.5378 436.2494 1.5148 -3.7799 7.0596 556.6916 298.9949 389.2114 523.0175 -129.3950 68.6693 0.0000
1760.03 16.07.2018 10.20.01 27.90023 300.7529 415.1152 1.4414 -4.0147 7.2748 534.6517 286.2676 390.6420 520.3314 -121.2327 69.2741 0.0000
1770.03 16.07.2018 10.30.01 28.09631 300.9288 366.5690 1.2728 -4.2137 7.3153 510.9128 272.7231 391.4567 516.9244 -115.8759 69.8743 0.0000
1780.03 16.07.2018 10.40.01 28.27496 301.0405 390.1652 1.3547 -4.3305 7.5803 493.7606 262.7093 392.8672 514.8734 -109.3038 70.4558 0.0000
1790.03 16.07.2018 10.50.01 28.46176 301.1201 375.2170 1.3028 -4.4953 7.7308 475.3338 252.0622 394.2727 512.6725 -104.4149 71.5621 0.0000
1800.03 16.07.2018 11.00.01 28.64282 301.1587 364.3047 1.2649 -4.6410 7.8746 457.1670 241.5774 395.5865 510.2174 -101.8540 72.6186 0.0000
1810.03 16.07.2018 11.10.01 28.81848 301.5429 310.6823 1.0788 -4.7775 7.8083 450.8732 237.6665 396.6342 512.4589 -83.0178 73.6478 0.0000
1820.03 16.07.2018 11.20.01 28.97347 301.3728 281.5810 0.9777 -4.8320 7.7463 443.9660 233.3821 397.5884 511.8504 -90.7360 74.7405 0.0000
1830.03 16.07.2018 11.30.01 29.11666 301.3006 260.9162 0.9060 -4.8454 7.6685 436.3125 228.6684 397.9931 508.4896 -102.7974 75.8522 0.0000
1840.03 16.07.2018 11.40.01 29.25140 301.8786 274.9588 0.9547 -4.8391 7.7251 430.6747 224.9693 400.9789 509.4578 -88.5183 76.8686 0.0000
1850.03 16.07.2018 11.50.01 29.39001 301.9845 254.1755 0.8826 -4.8694 7.6692 422.8011 220.0586 403.8220 507.9026 -85.3436 77.8428 0.0000
1860.03 16.07.2018 12.00.01 29.51995 301.9959 224.6803 0.7801 -4.8753 7.5406 412.7787 213.9436 401.9433 505.0201 -88.7100 79.0557 0.0000
1870.03 16.07.2018 12.10.01 29.63885 302.0477 289.2451 1.0043 -4.8430 7.7965 398.2549 205.5153 401.9808 502.8526 -88.8627 80.7308 0.0000
1880.03 16.07.2018 12.20.01 29.78060 302.0440 437.4315 1.5189 -4.9547 8.6315 386.8262 198.6108 401.3604 500.5953 -89.5398 82.5097 0.0000
1890.03 16.07.2018 12.30.01 29.97585 302.0511 645.6529 2.2419 -5.3617 10.1381 381.3376 194.7476 400.5688 498.7807 -90.5469 84.3695 0.0000
1900.03 16.07.2018 12.40.01 30.24523 302.0841 716.6839 2.4885 -6.1576 11.5281 366.8831 185.3756 399.7246 495.0519 -89.2411 86.3019 0.0000
1910.03 16.07.2018 12.50.01 30.54009 302.0895 725.7496 2.5200 -7.0819 12.8025 359.5130 180.1999 398.8103 492.1586 -88.6200 88.3069 0.0000
1920.03 16.07.2018 13.00.01 30.83840 302.1116 726.5406 2.5227 -8.0217 14.0593 354.6914 176.4505 398.1388 489.5712 -88.0497 90.3880 0.0000
1930.03 16.07.2018 13.10.01 31.13653 302.0569 676.3743 2.3485 -8.9610 15.0794 351.9076 174.5902 398.1311 488.5560 -85.9383 92.5143 0.0000
1940.03 16.07.2018 13.20.01 31.41555 301.9797 554.9385 1.9269 -9.8063 15.6443 345.2716 170.8975 397.7628 487.1691 -83.7457 94.6351 0.0000
1950.03 16.07.2018 13.30.01 31.64987 301.9249 462.9969 1.6076 -10.4346 16.0564 335.9990 165.7768 397.4965 485.4604 -81.3022 96.7321 0.0000
1960.03 16.07.2018 13.40.01 31.84921 301.8689 351.2317 1.2196 -10.9045 16.1654 328.3850 161.9998 397.1293 484.2532 -79.1062 98.7997 0.0000
1970.03 16.07.2018 13.50.01 32.00622 301.8205 244.0757 0.8475 -11.1852 16.0436 319.7795 157.8921 396.7296 483.0397 -76.9666 100.8235 0.0000
1980.03 16.07.2018 14.00.01 32.12209 301.7650 123.6684 0.4294 -11.2892 15.6248 309.1134 152.8929 396.1817 481.6469 -74.7606 102.7911 0.0000
1990.03 16.07.2018 14.10.01 32.19296 301.7011 129.9518 0.4512 -11.2028 15.5387 301.3781 148.8496 395.0934 479.3009 -74.9444 104.7243 0.0000
2000.03 16.07.2018 14.20.01 32.26357 301.6371 118.5660 0.4117 -11.1572 15.4252 294.1092 145.1178 394.0446 476.9931 -75.1609 106.6719 0.0000
2010.03 16.07.2018 14.30.01 32.32772 301.5739 90.8778 0.3155 -11.1135 15.2387 286.4919 141.2631 393.0389 474.6198 -75.2503 108.6229 0.0000
2020.03 16.07.2018 14.40.01 32.37985 301.5629 43.5032 0.1511 -11.0401 14.9216 277.6880 136.8716 392.0718 472.2213 -74.7845 110.5636 0.0000
2030.03 16.07.2018 14.50.01 32.41314 301.4620 5.1225 0.0178 -10.8990 14.5558 268.9756 132.5926 391.1218 469.6551 -74.7900 112.4796 0.0000
2040.03 16.07.2018 15.00.01 32.43066 301.3591 -41.1020 -0.1427 -10.7064 14.0848 259.5301 127.9976 390.1562 466.9861 -74.6136 114.3688 0.0000
2050.03 16.07.2018 15.10.01 32.43154 301.2813 131.6313 0.4571 -10.4515 14.5447 257.5751 126.2596 388.8198 464.6118 -70.6407 115.3074 0.0000
2060.03 16.07.2018 15.20.01 32.49374 301.2165 239.4114 0.8313 -10.5277 15.1453 257.1774 125.2922 387.6591 462.7658 -67.0248 116.2514 0.0000
2070.03 16.07.2018 15.30.01 32.59432 301.1616 298.4854 1.0364 -10.8054 15.7891 255.6322 123.7265 386.5991 461.0859 -64.3318 117.2015 0.0000
2080.03 16.07.2018 15.40.01 32.71649 301.0989 355.0076 1.2327 -11.1894 16.5628 254.9362 122.4668 385.5439 459.5659 -61.5968 118.1447 0.0000
2090.03 16.07.2018 15.50.01 32.85943 301.0462 401.3786 1.3937 -11.6735 17.4229 252.9192 120.5338 384.5826 458.2379 -59.1858 119.0750 0.0000
2100.03 16.07.2018 16.00.01 33.01946 301.0011 425.3658 1.4770 -12.2364 18.2845 252.0086 119.1457 383.6894 456.9935 -56.9574 119.9692 0.0000
2110.03 16.07.2018 16.10.01 33.18609 300.8340 139.8715 0.4857 -12.8377 17.7645 241.0309 113.7314 382.7341 455.6785 -56.0283 120.8458 0.0000
2120.03 16.07.2018 16.20.01 33.25054 300.6733 -13.9447 -0.0484 -12.9134 17.1533 229.3389 107.9909 381.5496 453.9645 -54.7730 121.6970 0.0000
2130.03 16.07.2018 16.30.01 33.25845 300.5094 -102.1948 -0.3548 -12.7233 16.4913 217.4719 102.2011 380.3117 452.0666 -53.2689 122.5238 0.0000
2140.03 16.07.2018 16.40.01 33.22814 300.3433 -698.8575 -2.4266 -12.3941 13.2901 194.0748 92.2159 379.0054 449.7661 -51.7218 123.3233 0.0000
2150.03 16.07.2018 16.50.01 32.98644 300.1677 -467.1931 -1.6222 -10.9957 12.4981 180.7428 85.7673 377.7241 447.1643 -49.6868 124.0190 0.0000
2160.03 16.07.2018 17.00.01 32.82278 299.9872 -382.6182 -1.3285 -10.0775 11.6653 167.2205 79.2482 376.3421 444.5162 -47.4704 124.6860 0.0000
2170.03 16.07.2018 17.10.01 32.68691 299.7481 -315.9798 -1.0972 -9.3476 11.0006 156.7559 74.2208 375.0521 441.8945 -45.4119 125.3241 0.0000
2180.03 16.07.2018 17.20.01 32.56582 299.5131 -1106.9960 -3.8437 -8.7657 6.5627 137.5524 67.1640 373.7891 439.2219 -43.1232 125.9298 0.0000
2190.03 16.07.2018 17.30.01 32.16714 299.2811 -627.1645 -2.1777 -6.7530 6.1005 127.5949 62.2782 372.6168 436.5048 -40.6613 126.4650 0.0000
2200.03 16.07.2018 17.40.01 31.93459 299.0481 -437.7780 -1.5201 -5.6834 5.5511 115.8719 56.5722 371.3812 433.8267 -38.1492 126.9734 0.0000
2210.03 16.07.2018 17.50.01 31.76772 298.8156 -359.5077 -1.2483 -4.9859 4.9835 103.9765 50.7854 370.1285 431.0961 -35.4671 127.4492 0.0000
2220.03 16.07.2018 18.00.01 31.62771 298.5830 -329.3242 -1.1435 -4.4453 4.4024 91.9932 44.9636 368.8793 428.3505 -32.6937 127.8946 0.0000
2230.03 16.07.2018 18.10.01 31.49780 298.1909 -308.5202 -1.0713 -3.9710 3.8664 76.5333 37.3564 367.3310 425.3359 -30.2010 128.2982 0.0000
2240.03 16.07.2018 18.20.01 31.37432 297.8035 -304.4827 -1.0572 -3.5482 3.3213 65.7683 32.0998 365.9123 422.2832 -27.6789 128.5962 0.0000
2250.03 16.07.2018 18.30.01 31.25131 297.4202 -304.1093 -1.0559 -3.1445 2.7848 55.1086 26.8966 364.3408 419.2965 -25.3400 128.8623 0.0000
2260.03 16.07.2018 18.40.01 31.12719 297.0368 -344.3833 -1.1958 -2.7525 2.0756 41.2185 20.1867 362.7811 416.2772 -22.7749 129.0910 0.0000
2270.03 16.07.2018 18.50.01 30.98779 296.6674 -368.9987 -1.2812 -2.2960 1.3530 27.1405 13.3801 361.2217 413.2279 -19.6875 129.2809 0.0000
2280.03 16.07.2018 19.00.01 30.83859 296.2901 -381.7675 -1.3256 -1.8054 0.6398 13.1329 6.6041 359.6799 410.0414 -17.0941 129.4192 0.0000
2290.03 16.07.2018 19.10.01 30.68466 295.5072 -274.3799 -0.9527 -1.3068 0.4721 10.2652 5.1543 358.1290 406.8032 -17.0635 129.5011 0.0000
2300.03 16.07.2018 19.20.01 30.56747 294.7754 -236.0629 -0.8197 -1.0255 0.2745 8.0764 4.1138 356.5567 403.8783 -17.2456 129.5638 0.0000
2310.03 16.07.2018 19.30.01 30.46325 294.0487 -192.1113 -0.6671 -0.8246 0.2100 6.3377 3.2259 355.0387 401.0204 -17.6580 129.6123 0.0000
2320.03 16.07.2018 19.40.01 30.37429 293.3390 -172.6751 -0.5996 -0.7106 0.1481 4.3217 2.1995 353.5326 398.2866 -17.8955 129.6511 0.0000
2330.03 16.07.2018 19.50.01 30.29202 292.6300 -164.6736 -0.5718 -0.6356 0.0851 2.2980 1.1694 352.0350 395.5961 -18.2345 129.6723 0.0000
2340.03 16.07.2018 20.00.01 30.21246 291.9361 -161.4222 -0.5605 -0.5771 0.0222 0.2798 0.1422 350.5470 392.9481 -18.5717 129.6867 0.0000
2350.03 16.07.2018 20.10.01 30.13418 291.8642 -149.7222 -0.5199 -0.5228 0.0039 0.0482 0.0244 351.5254 391.1292 -17.1430 129.6950 0.0000
2360.03 16.07.2018 20.20.01 30.06085 291.7082 -138.3341 -0.4803 -0.4809 0.0007 0.0089 0.0045 352.6556 389.6091 -16.4392 129.7013 0.0000
2370.03 16.07.2018 20.30.01 29.99227 291.4829 -130.3088 -0.4525 -0.4526 0.0001 0.0016 0.0008 353.7653 388.2113 -16.4104 129.7076 0.0000
2380.03 16.07.2018 20.40.01 29.92690 291.1776 -125.4995 -0.4358 -0.4358 0.0000 0.0003 0.0001 354.7823 386.9396 -16.4484 129.7139 0.0000
2390.03 16.07.2018 20.50.01 29.86376 291.0057 -121.2340 -0.4210 -0.4210 0.0000 0.0001 0.0000 355.9122 385.9035 -16.1037 129.7202 0.0000
2400.03 16.07.2018 21.00.01 29.80282 290.8272 -116.8599 -0.4058 -0.4058 0.0000 0.0000 0.0000 357.0622 385.0016 -16.0680 129.7265 0.0000
2410.03 16.07.2018 21.10.01 29.74386 291.1807 -113.4881 -0.3941 -0.3941 0.0000 0.0000 0.0000 357.1723 384.6106 -13.3285 129.7328 0.0000
2420.03 16.07.2018 21.20.01 29.68618 291.5751 -112.3618 -0.3901 -0.3901 0.0000 0.0000 0.0000 357.3932 384.3084 -10.8312 129.7391 0.0000
2430.03 16.07.2018 21.30.01 29.62881 291.9933 -111.7560 -0.3880 -0.3880 0.0000 0.0000 0.0000 357.7110 384.1221 -8.3921 129.7454 0.0000
2440.03 16.07.2018 21.40.01 29.57202 292.4410 -111.0961 -0.3858 -0.3858 0.0000 0.0000 0.0000 358.1241 384.1184 -5.8342 129.7517 0.0000
2450.03 16.07.2018 21.50.01 29.51553 292.9102 -109.6256 -0.3806 -0.3806 0.0000 0.0000 0.0000 358.6143 384.3047 -3.0807 129.7580 0.0000
2460.03 16.07.2018 22.00.01 29.45995 293.3705 -107.5709 -0.3735 -0.3735 0.0000 0.0000 0.0000 359.1512 384.6577 -0.2839 129.7643 0.0000
2470.03 16.07.2018 22.10.01 29.40554 292.9153 -105.0683 -0.3648 -0.3648 0.0000 0.0000 0.0000 358.6815 384.4115 -2.9600 129.7707 0.0000
2480.03 16.07.2018 22.20.01 29.35235 292.9234 -103.1734 -0.3582 -0.3582 0.0000 0.0000 0.0000 359.2758 384.0296 -4.0903 129.7770 0.0000
2490.03 16.07.2018 22.30.01 29.29818 292.4919 -109.4362 -0.3800 -0.3800 0.0000 0.0000 0.0000 359.1708 383.0727 -7.1811 129.7858 0.0000
2500.03 16.07.2018 22.40.01 29.23980 292.1306 -117.3683 -0.4075 -0.4075 0.0000 0.0000 0.0000 358.8485 382.7360 -7.4566 129.7943 0.0000
2510.03 16.07.2018 22.50.01 29.17974 291.8392 -115.5871 -0.4013 -0.4013 0.0000 0.0000 0.0000 358.6002 382.3916 -7.2369 129.7994 0.0000
2520.03 16.07.2018 23.00.01 29.12170 291.6648 -112.8421 -0.3918 -0.3918 0.0000 0.0000 0.0000 358.9254 381.6084 -9.7703 129.8055 0.0000
2530.03 16.07.2018 23.10.01 29.06246 291.5496 -118.6093 -0.4118 -0.4118 0.0000 0.0000 0.0000 358.7289 381.0679 -9.9241 129.8118 0.0000
2540.03 16.07.2018 23.20.01 29.00073 291.4303 -121.8170 -0.4230 -0.4230 0.0000 0.0000 0.0000 358.6141 380.5367 -10.1638 129.8181 0.0000
2550.03 16.07.2018 23.30.01 28.93786 291.3125 -122.7044 -0.4261 -0.4261 0.0000 0.0000 0.0000 358.5300 380.0136 -10.4236 129.8244 0.0000
2560.03 16.07.2018 23.40.01 28.87478 291.1959 -122.5108 -0.4254 -0.4254 0.0000 0.0000 0.0000 358.4664 379.5120 -10.6257 129.8308 0.0000
2570.03 16.07.2018 23.50.01 28.81240 291.0810 -122.3471 -0.4248 -0.4248 0.0000 0.0000 0.0000 358.4172 379.0209 -10.8399 129.8371 0.0000
2580.03 17.07.2018 00.00.01 28.75015 290.9689 -121.3507 -0.4214 -0.4214 0.0000 0.0000 0.0000 358.3754 378.5399 -11.0542 129.8434 0.0000
2590.03 17.07.2018 00.10.01 28.68847 290.9990 -119.5879 -0.4152 -0.4152 0.0000 0.0000 0.0000 358.1412 378.2088 -10.3149 129.8497 0.0000
2600.03 17.07.2018 00.20.01 28.62805 291.0282 -116.5739 -0.4048 -0.4048 0.0000 0.0000 0.0000 357.9033 377.9052 -9.6562 129.8555 0.0000
2610.03 17.07.2018 00.30.01 28.56927 291.0745 -113.1459 -0.3929 -0.3929 0.0000 0.0000 0.0000 357.6575 377.6410 -8.9503 129.8572 0.0000
2620.03 17.07.2018 00.40.01 28.51223 291.1109 -109.6304 -0.3807 -0.3807 0.0000 0.0000 0.0000 357.2985 377.4366 -8.0694 129.8574 0.0000
2630.03 17.07.2018 00.50.01 28.45706 291.2030 -106.1082 -0.3684 -0.3684 0.0000 0.0000 0.0000 357.1479 377.1946 -7.5212 129.8574 0.0000
2640.03 17.07.2018 01.00.01 28.40301 291.2748 -105.6802 -0.3669 -0.3669 0.0000 0.0000 0.0000 357.1076 376.9885 -7.1779 129.8580 0.0000
2650.03 17.07.2018 01.10.01 28.34835 291.2635 -108.3190 -0.3761 -0.3761 0.0000 0.0000 0.0000 356.4980 376.9366 -6.2565 129.8620 0.0000
2660.03 17.07.2018 01.20.01 28.29193 291.1577 -112.3259 -0.3900 -0.3900 0.0000 0.0000 0.0000 355.8363 376.7153 -6.3330 129.8683 0.0000
2670.03 17.07.2018 01.30.01 28.23324 291.0232 -116.8212 -0.4056 -0.4056 0.0000 0.0000 0.0000 354.8459 376.0511 -7.4120 129.8746 0.0000
2680.03 17.07.2018 01.40.01 28.17281 290.8996 -118.5495 -0.4116 -0.4116 0.0000 0.0000 0.0000 353.7446 375.9815 -5.4592 129.8785 0.0000
2690.03 17.07.2018 01.50.01 28.11346 291.0536 -113.4223 -0.3938 -0.3938 0.0000 0.0000 0.0000 353.1808 375.5823 -5.3693 129.8786 0.0000
2700.03 17.07.2018 02.00.01 28.05499 290.9450 -117.0103 -0.4063 -0.4063 0.0000 0.0006 0.0003 352.2843 374.8092 -6.7729 129.8846 0.0000
2710.03 17.07.2018 02.10.01 27.99291 290.5897 -121.9569 -0.4235 -0.4336 0.0136 0.3849 0.1974 349.3054 373.9512 -7.5417 129.8909 0.0000
2720.03 17.07.2018 02.20.01 27.92886 290.2449 -123.4939 -0.4288 -0.4519 0.0308 0.8180 0.4194 346.3260 372.8498 -8.1519 129.8972 0.0000
2730.03 17.07.2018 02.30.01 27.86447 289.8971 -123.6799 -0.4294 -0.4660 0.0487 1.2586 0.6452 343.2320 371.6830 -8.6861 129.9036 0.0000
2740.03 17.07.2018 02.40.01 27.80004 289.5345 -123.2491 -0.4279 -0.4780 0.0667 1.7006 0.8717 340.1369 370.6132 -8.2501 129.9075 0.0000
2750.03 17.07.2018 02.50.01 27.73626 289.1376 -121.1486 -0.4207 -0.4842 0.0847 2.1428 1.0984 336.9212 369.4141 -8.0073 129.9075 0.0000
2760.03 17.07.2018 03.00.01 27.67391 288.8247 -118.6426 -0.4120 -0.4891 0.1028 2.5892 1.3271 333.8533 367.9954 -8.5243 129.9075 0.0000
2770.03 17.07.2018 03.10.01 27.61193 288.8192 -102.0730 -0.3544 -0.5092 0.2063 5.4567 2.7975 333.6209 367.2512 -7.7780 129.9075 0.0000
2780.03 17.07.2018 03.20.01 27.55535 288.8300 -90.4416 -0.3140 -0.5640 0.3332 8.6324 4.4255 333.6623 366.7607 -7.4472 129.9076 0.0000
2790.03 17.07.2018 03.30.01 27.50289 288.8449 -84.3537 -0.2929 -0.6409 0.4640 11.8549 6.0771 333.7429 366.4122 -7.3629 129.9100 0.0000
2800.03 17.07.2018 03.40.01 27.45263 288.8420 -80.8893 -0.2809 -0.7275 0.5956 15.0867 7.7334 333.8695 366.1672 -7.3340 129.9163 0.0000
2810.03 17.07.2018 03.50.01 27.40396 288.8507 -78.2022 -0.2715 -0.8170 0.7272 18.3201 9.3905 333.9910 366.0329 -7.3832 129.9226 0.0000
2820.03 17.07.2018 04.00.01 27.35656 288.8589 -75.7697 -0.2631 -0.9073 0.8590 21.5555 11.0486 334.1202 365.9757 -7.5381 129.9293 0.0000
2830.03 17.07.2018 04.10.01 27.31057 289.2073 -64.8825 -0.2253 -0.9952 1.0265 25.8054 13.2270 334.4323 366.4455 -5.6064 129.9419 0.0000
2840.03 17.07.2018 04.20.01 27.26965 289.5606 -53.4448 -0.1856 -1.0884 1.2038 30.1845 15.4715 334.8610 367.1137 -3.8805 129.9548 0.0000
2850.03 17.07.2018 04.30.01 27.23409 289.9202 -43.5363 -0.1512 -1.1882 1.3828 34.5832 17.7258 335.3458 367.9313 -2.3429 129.9809 0.0000
2860.03 17.07.2018 04.40.01 27.20318 290.2853 -35.0118 -0.1216 -1.2931 1.5620 38.9857 19.9821 335.8725 368.8946 -0.9304 130.0091 0.0000
2870.03 17.07.2018 04.50.01 27.17639 290.6604 -27.5315 -0.0956 -1.4016 1.7414 74.3217 39.4001 336.4355 372.6037 -2.5153 130.0428 0.0000
2880.03 17.07.2018 05.00.01 27.15338 291.0596 -6.6334 -0.0230 -1.5125 1.9859 85.9043 45.6127 337.2024 375.1519 -3.0066 130.0797 0.0000
2890.03 17.07.2018 05.10.01 27.13860 291.4375 -15.8723 -0.0551 -1.6497 2.1261 342.7070 188.2140 338.4139 400.5376 -25.0958 130.1225 0.0000
2900.03 17.07.2018 05.20.01 27.12252 291.9381 97.5110 0.3386 -1.7570 2.7941 608.1751 335.3971 341.1932 435.5298 -54.3573 130.1686 0.0000
2910.03 17.07.2018 05.30.01 27.14883 292.3756 191.9166 0.6664 -2.0525 3.6252 877.9811 485.0152 345.0462 477.2417 -91.2843 130.2283 0.0000
2920.03 17.07.2018 05.40.01 27.21203 292.9254 277.3035 0.9629 -2.4864 4.5990 860.8432 474.8978 349.8774 490.4202 -109.3536 130.3148 0.0000
2930.03 17.07.2018 05.50.01 27.30813 293.3913 169.5121 0.5886 -3.0292 4.8238 834.6900 460.2466 352.6603 498.4229 -119.9832 130.4332 0.0000
2940.03 17.07.2018 06.00.01 27.36932 293.7468 100.5162 0.3490 -3.3311 4.9068 805.5339 443.9573 354.5918 504.0393 -126.0807 130.5584 0.0000
2950.03 17.07.2018 06.10.01 27.40875 293.9819 80.8303 0.2807 -3.4720 5.0035 786.6807 433.4183 356.2378 509.4535 -130.8552 130.6881 0.0000
2960.03 17.07.2018 06.20.01 27.44396 294.2203 87.6859 0.3045 -3.5415 5.1279 766.1933 421.8668 357.8611 513.2250 -133.9918 130.8289 0.0000
2970.03 17.07.2018 06.30.01 27.48467 294.4723 93.6011 0.3250 -3.5843 5.2124 744.5801 409.6854 359.3058 515.6460 -135.5992 130.9814 0.0000
2980.03 17.07.2018 06.40.01 27.53109 294.7008 121.8992 0.4233 -3.5967 5.3600 731.5104 402.1878 360.8402 518.0000 -137.3112 131.1402 0.0000
2990.03 17.07.2018 06.50.01 27.59109 294.9326 139.2354 0.4835 -3.6186 5.4695 719.7159 395.5000 362.2421 519.8573 -138.8453 131.3064 0.0000
3000.03 17.07.2018 07.00.01 27.66094 295.1511 162.8174 0.5653 -3.6307 5.5948 707.7084 388.6652 363.6084 521.0645 -139.7825 131.4804 0.0000
3010.03 17.07.2018 07.10.01 27.74230 295.3626 167.9161 0.5830 -3.6459 5.6385 702.0469 385.4408 364.6144 521.7565 -144.8569 131.6699 0.0000
3020.03 17.07.2018 07.20.01 27.82885 295.5651 189.1420 0.6567 -3.6349 5.7222 696.2299 382.0766 365.6543 522.4163 -147.2520 131.8654 0.0000
3030.03 17.07.2018 07.30.01 27.92553 295.7709 201.7516 0.7005 -3.6300 5.7740 689.4505 378.1719 366.5914 522.3668 -150.6164 132.0677 0.0000
3040.03 17.07.2018 07.40.01 28.02950 295.9767 232.8514 0.8085 -3.6195 5.9041 684.4836 375.1955 367.7588 522.7154 -152.2301 132.2757 0.0000
3050.03 17.07.2018 07.50.01 28.14669 296.1900 242.0795 0.8406 -3.6395 5.9734 678.3697 371.6022 368.7172 522.6254 -153.1890 132.5003 0.0000
3060.03 17.07.2018 08.00.01 28.26910 296.3658 247.2727 0.8586 -3.6533 6.0159 670.9712 367.2687 369.5635 521.9852 -154.6528 132.7349 0.0000
3070.03 17.07.2018 08.10.01 28.39477 296.5698 242.8447 0.8432 -3.6580 6.0016 666.8202 364.8114 370.9689 521.4622 -155.8459 133.0542 0.0000
3080.03 17.07.2018 08.20.01 28.52020 296.7108 239.1813 0.8305 -3.6411 5.9621 661.7456 361.8293 371.7016 520.5207 -158.2712 133.3780 0.0000
3090.03 17.07.2018 08.30.01 28.64535 296.8251 247.6297 0.8598 -3.6068 5.9555 656.4255 358.6614 372.5017 519.3778 -161.3645 133.7063 0.0000
3100.03 17.07.2018 08.40.01 28.77413 296.9283 241.8632 0.8398 -3.5799 5.8930 650.2355 355.0223 373.0943 518.4951 -160.3781 134.0437 0.0000
3110.03 17.07.2018 08.50.01 28.90133 297.0749 244.7154 0.8497 -3.5379 5.8502 643.6535 351.1248 373.7398 517.2127 -161.6791 134.3838 0.0000
3120.03 17.07.2018 09.00.01 29.02984 297.1818 251.9094 0.8747 -3.4979 5.8301 636.1549 346.6526 374.4806 515.6976 -162.5194 134.7266 0.0000
3130.03 17.07.2018 09.10.01 29.16207 297.1548 373.1027 1.2955 -3.4703 6.3543 602.5735 327.2223 375.8495 510.3804 -161.2111 135.0650 0.0000
3140.03 17.07.2018 09.20.01 29.33761 297.1852 426.7933 1.4819 -3.6662 6.8642 569.7389 308.2572 377.2774 505.7802 -154.3349 135.3920 0.0000
3150.03 17.07.2018 09.30.01 29.53274 297.2613 446.1324 1.5491 -3.9549 7.3387 537.1170 289.4592 378.9773 501.7976 -147.0033 135.7159 0.0000
3160.03 17.07.2018 09.40.01 29.73556 297.3437 455.7491 1.5825 -4.2719 7.8059 512.2529 274.9753 380.6290 497.7737 -142.5920 136.0209 0.0000
3170.03 17.07.2018 09.50.01 29.94225 297.2147 478.4076 1.6611 -4.6037 8.3531 489.5974 261.7246 380.5806 494.2391 -135.7800 136.3651 0.0000
3180.03 17.07.2018 10.00.01 30.15649 297.1893 464.1442 1.6116 -4.9831 8.7929 466.1306 248.1103 381.3424 491.0605 -129.8848 136.7674 0.0000
3190.03 17.07.2018 10.10.01 30.36462 297.2835 370.8185 1.2876 -5.3388 8.8352 449.5956 238.7555 381.8846 488.6027 -124.5458 137.1880 0.0000
3200.03 17.07.2018 10.20.01 30.53893 297.3344 309.1835 1.0736 -5.5280 8.8020 432.2100 228.9772 382.2201 485.7695 -120.2585 137.6113 0.0000
3210.03 17.07.2018 10.30.01 30.68984 297.3885 251.9240 0.8747 -5.6158 8.6541 413.6442 218.6236 382.1955 482.7389 -116.0022 138.0336 0.0000
3220.03 17.07.2018 10.40.01 30.81893 297.4550 250.5449 0.8699 -5.6162 8.6482 399.1651 210.4598 382.3794 480.1836 -112.0452 138.4519 0.0000
3230.03 17.07.2018 10.50.01 30.94628 297.5009 230.1300 0.7991 -5.6310 8.5734 383.9146 201.9123 382.4668 477.4753 -108.3342 139.2754 0.0000
3240.03 17.07.2018 11.00.01 31.06448 297.5562 213.3884 0.7409 -5.6304 8.4950 368.8384 193.4718 382.5404 474.8381 -104.6395 140.0950 0.0000
3250.03 17.07.2018 11.10.01 31.17501 297.6786 221.0148 0.7674 -5.6203 8.5170 369.7855 193.5935 382.9629 473.6800 -101.6550 140.9107 0.0000
3260.03 17.07.2018 11.20.01 31.28689 297.8172 237.7661 0.8256 -5.6447 8.6270 371.3446 193.9801 383.7082 473.1308 -99.2698 141.7668 0.0000
3270.03 17.07.2018 11.30.01 31.40350 297.9489 241.9866 0.8402 -5.7159 8.7415 372.4535 194.0915 384.5470 472.7647 -97.4459 142.6236 0.0000
3280.03 17.07.2018 11.40.01 31.52065 298.1291 259.6131 0.9014 -5.8098 8.9483 374.6555 194.7357 385.9635 472.5268 -96.6693 143.4729 0.0000
3290.03 17.07.2018 11.50.01 31.64303 298.3123 247.8028 0.8604 -5.9466 9.0760 375.2022 194.4782 387.2441 472.1536 -96.5301 144.4131 0.0000
3300.03 17.07.2018 12.00.01 31.76013 298.5161 229.8761 0.7982 -6.0720 9.1602 374.2475 193.3718 388.7141 471.6725 -96.2957 145.4076 0.0000
3310.03 17.07.2018 12.10.01 31.87039 298.5555 276.5797 0.9603 -6.1803 9.5208 362.0876 186.4675 390.1323 471.2092 -95.0753 146.5727 0.0000
3320.03 17.07.2018 12.20.01 31.99667 298.5104 340.3544 1.1818 -6.3914 10.0976 350.5501 179.8866 390.6655 470.4316 -93.8339 147.7367 0.0000
3330.03 17.07.2018 12.30.01 32.14544 298.4712 430.0891 1.4934 -6.7356 10.9720 342.3776 175.0989 390.8828 469.9194 -92.2965 148.8785 0.0000
3340.03 17.07.2018 12.40.01 32.32556 298.4239 432.4888 1.5017 -7.2523 11.6720 329.4111 167.4451 390.9913 468.2909 -90.1436 149.9971 0.0000
3350.03 17.07.2018 12.50.01 32.50564 298.3739 390.9620 1.3575 -7.7766 12.1788 320.1168 162.0947 390.9411 467.0768 -88.0948 151.0971 0.0000
3360.03 17.07.2018 13.00.01 32.67004 298.3298 354.0122 1.2292 -8.2306 12.6131 312.7734 157.9225 391.0522 466.0921 -86.1471 152.1751 0.0000
3370.03 17.07.2018 13.10.01 32.82018 298.2230 318.1368 1.1046 -8.6266 12.9750 309.7219 155.8477 390.0293 464.8455 -85.6132 153.2579 0.0000
3380.03 17.07.2018 13.20.01 32.95641 298.1053 308.0959 1.0698 -8.9718 13.3887 307.6206 154.2646 388.9915 463.5721 -85.4051 154.3723 0.0000
3390.03 17.07.2018 13.30.01 33.08773 297.9861 313.0387 1.0869 -9.3148 13.8690 304.4315 151.9402 388.0223 461.9727 -85.2629 155.5211 0.0000
3400.03 17.07.2018 13.40.01 33.21960 297.8665 312.9661 1.0867 -9.6807 14.3565 303.4872 150.9184 387.0127 460.6136 -85.3439 156.7183 0.0000
3410.03 17.07.2018 13.50.01 33.35058 297.7545 315.3718 1.0950 -10.0585 14.8714 302.8853 150.0652 386.0402 459.3108 -85.4732 157.9591 0.0000
3420.03 17.07.2018 14.00.01 33.48147 297.6408 304.8705 1.0586 -10.4513 15.3465 301.6743 148.8891 385.0066 457.9423 -85.5909 159.2447 0.0000
3430.03 17.07.2018 14.10.01 33.60858 297.5430 374.9542 1.3019 -10.8358 16.1836 303.9191 149.0872 383.0840 456.5455 -85.3032 160.5364 0.0000
3440.03 17.07.2018 14.20.01 33.76080 297.4518 431.6425 1.4988 -11.3563 17.1400 307.2171 149.7724 381.1816 455.0186 -85.7708 161.8297 0.0000
3450.03 17.07.2018 14.30.01 33.93334 297.3677 475.5663 1.6513 -11.9831 18.1792 310.9429 150.6173 379.2864 453.5440 -86.2318 163.1347 0.0000
3460.03 17.07.2018 14.40.01 34.12209 297.2845 524.3239 1.8206 -12.6906 19.3482 315.8557 151.9282 377.3304 452.1059 -86.6645 164.4547 0.0000
3470.03 17.07.2018 14.50.01 34.32903 297.2186 577.7044 2.0059 -13.4863 20.6563 322.1154 153.8838 375.4716 450.9374 -87.1154 165.7946 0.0000
3480.03 17.07.2018 15.00.01 34.55572 297.1365 604.9002 2.1003 -14.3753 21.9675 328.0230 155.6228 373.5530 449.8447 -87.5252 167.1627 0.0000
3490.03 17.07.2018 15.10.01 34.79034 296.9658 349.4534 1.2134 -15.2910 22.0058 321.2274 151.9818 371.9915 449.2066 -85.7021 167.8796 0.0000
3500.03 17.07.2018 15.20.01 34.93157 296.7503 206.7074 0.7177 -15.7452 21.9506 313.8718 148.1156 370.2762 448.0472 -85.1784 168.5927 0.0000
3510.03 17.07.2018 15.30.01 35.02032 296.5229 113.8596 0.3953 -15.9510 21.7952 303.3429 142.7150 368.4821 446.6003 -84.4726 169.2983 0.0000
3520.03 17.07.2018 15.40.01 35.07379 296.2869 25.9177 0.0900 -16.0066 21.4621 288.4944 135.2045 366.4640 444.6968 -82.9276 169.9746 0.0000
3530.03 17.07.2018 15.50.01 35.09374 296.0281 -28.4628 -0.0988 -15.9232 21.0991 276.4538 129.1696 364.3489 442.5386 -81.5042 170.6012 0.0000
3540.03 17.07.2018 16.00.01 35.09200 295.8306 -74.2557 -0.2578 -15.7648 20.6759 264.3579 123.1662 362.4063 440.3059 -79.5738 171.1976 0.0000
3550.03 17.07.2018 16.10.01 35.07174 295.5389 -104.3343 -0.3623 -15.5471 20.2465 255.2752 118.6700 360.2079 437.7779 -78.5248 171.7653 0.0000
3560.03 17.07.2018 16.20.01 35.03851 295.2621 -128.5399 -0.4463 -15.3005 19.8056 246.5874 114.4201 358.1850 435.3819 -76.7756 172.3183 0.0000
3570.03 17.07.2018 16.30.01 34.99438 294.9820 -155.2470 -0.5391 -15.0327 19.3249 237.9048 110.2160 356.2280 432.9636 -75.1356 172.8557 0.0000
3580.03 17.07.2018 16.40.01 34.93292 294.7097 -867.8276 -3.0133 -14.7389 15.6341 214.8909 100.8316 354.2769 430.3630 -72.5218 173.3770 0.0000
3590.03 17.07.2018 16.50.01 34.62017 294.4264 -549.9744 -1.9096 -13.1603 15.0009 204.6810 95.9531 352.0747 427.4804 -69.9793 173.8234 0.0000
3600.03 17.07.2018 17.00.01 34.41583 294.1712 -428.4691 -1.4877 -12.2246 14.3158 194.1998 90.9682 350.0806 424.7000 -67.4775 174.2529 0.0000
3610.03 17.07.2018 17.10.01 34.25204 293.8850 -410.1351 -1.4241 -11.5437 13.4929 181.6596 85.0173 348.3887 421.8434 -65.0191 174.6639 0.0000
3620.03 17.07.2018 17.20.01 34.08370 293.6059 -1490.9194 -5.1768 -10.9187 7.6559 156.9861 76.0724 346.6467 418.8369 -61.7170 175.0536 0.0000
3630.03 17.07.2018 17.30.01 33.53631 293.3220 -873.9136 -3.0344 -8.3327 7.0644 144.4179 69.9386 344.8057 415.7040 -58.2882 175.3918 0.0000
3640.03 17.07.2018 17.40.01 33.20251 293.0482 -633.4443 -2.1995 -6.9592 6.3464 129.3042 62.6205 343.0857 412.6224 -54.7768 175.7114 0.0000
3650.03 17.07.2018 17.50.01 32.95220 292.7744 -534.8302 -1.8570 -6.0577 5.6008 113.9271 55.1785 341.3208 409.4420 -51.1443 176.0049 0.0000
3660.03 17.07.2018 18.00.01 32.73577 292.4993 -495.7426 -1.7213 -5.3524 4.8414 98.4749 47.7097 339.5522 406.2126 -47.4782 176.2733 0.0000
3670.03 17.07.2018 18.10.01 32.53292 292.1798 -442.5920 -1.5368 -4.7286 4.2558 81.3740 39.3313 338.2921 403.0348 -42.7086 176.5106 0.0000
3680.03 17.07.2018 18.20.01 32.34878 291.8641 -416.3848 -1.4458 -4.2063 3.6807 70.4892 34.0676 337.0615 399.9939 -38.3379 176.6707 0.0000
3690.03 17.07.2018 18.30.01 32.17391 291.5561 -401.4966 -1.3941 -3.7338 3.1196 59.7765 28.8912 335.9115 397.1635 -34.4463 176.8063 0.0000
3700.03 17.07.2018 18.40.01 32.00390 291.2512 -440.4276 -1.5293 -3.2904 2.3482 45.1376 21.8845 334.7779 394.3413 -30.7328 176.9189 0.0000
3710.03 17.07.2018 18.50.01 31.81982 290.9486 -463.0729 -1.6079 -2.7780 1.5601 30.2662 14.7583 333.5794 391.4091 -27.1909 177.0007 0.0000
3720.03 17.07.2018 19.00.01 31.62704 290.6523 -473.0963 -1.6427 -2.2297 0.7826 15.4745 7.6668 332.3542 388.4238 -23.9083 177.0594 0.0000
3730.03 17.07.2018 19.10.01 31.43105 290.2649 -351.9083 -1.2219 -1.6734 0.6020 12.4453 6.1492 330.9444 385.5583 -22.4624 177.0971 0.0000
3740.03 17.07.2018 19.20.01 31.27694 289.8869 -331.9937 -1.1528 -1.3534 0.2675 9.7910 4.9640 329.6625 383.0039 -21.4484 177.1256 0.0000
3750.03 17.07.2018 19.30.01 31.13003 289.5105 -265.5664 -0.9221 -1.0769 0.2064 7.9165 4.0098 328.4279 380.5861 -20.6209 177.1421 0.0000
3760.03 17.07.2018 19.40.01 31.00640 289.1350 -235.1965 -0.8167 -0.9277 0.1481 5.3965 2.7331 327.2121 378.2689 -19.9082 177.1554 0.0000
3770.03 17.07.2018 19.50.01 30.89349 288.7576 -222.1008 -0.7712 -0.8363 0.0868 2.8527 1.4448 325.9964 376.0099 -19.3163 177.1636 0.0000
3780.03 17.07.2018 20.00.01 30.78515 288.3818 -216.3526 -0.7512 -0.7703 0.0255 0.3170 0.1606 324.7826 373.8154 -18.7862 177.1699 0.0000
3790.03 17.07.2018 20.10.01 30.67889 288.0446 -205.2203 -0.7126 -0.7160 0.0046 0.0571 0.0289 323.6866 371.7755 -18.1916 177.1746 0.0000
3800.03 17.07.2018 20.20.01 30.57659 287.6872 -196.2133 -0.6813 -0.6819 0.0008 0.0103 0.0052 322.6614 369.8737 -17.9137 177.1764 0.0000
3810.03 17.07.2018 20.30.01 30.47762 287.3159 -191.3465 -0.6644 -0.6645 0.0001 0.0018 0.0009 321.6725 368.0567 -17.7724 177.1773 0.0000
3820.03 17.07.2018 20.40.01 30.38033 286.9387 -188.7955 -0.6555 -0.6556 0.0000 0.0003 0.0002 320.6995 366.3237 -17.6976 177.1777 0.0000
3830.03 17.07.2018 20.50.01 30.28414 286.5724 -187.5585 -0.6512 -0.6512 0.0000 0.0001 0.0000 319.7450 364.6809 -17.6595 177.1777 0.0000
3840.03 17.07.2018 21.00.01 30.18841 286.2336 -186.8333 -0.6487 -0.6487 0.0000 0.0000 0.0000 318.8469 363.1862 -17.4357 177.1777 0.0000
3850.03 17.07.2018 21.10.01 30.09316 286.2247 -185.7345 -0.6449 -0.6449 0.0000 0.0000 0.0000 318.3819 362.0296 -15.8361 177.1777 0.0000
3860.03 17.07.2018 21.20.01 29.99905 286.4466 -181.5912 -0.6305 -0.6305 0.0000 0.0000 0.0000 318.1035 361.1553 -13.7236 177.1777 0.0000
3870.03 17.07.2018 21.30.01 29.90731 286.6514 -177.1415 -0.6151 -0.6151 0.0000 0.0000 0.0000 317.9575 360.3525 -12.2109 177.1777 0.0000
3880.03 17.07.2018 21.40.01 29.81695 285.7914 -176.4078 -0.6125 -0.6125 0.0000 0.0000 0.0000 317.3449 358.8713 -14.7370 177.1777 0.0000
3890.03 17.07.2018 21.50.01 29.72619 285.6713 -178.1312 -0.6185 -0.6185 0.0000 0.0000 0.0000 317.0126 357.8602 -14.5345 177.1777 0.0000
3900.03 17.07.2018 22.00.01 29.63464 285.5379 -179.5436 -0.6234 -0.6234 0.0000 0.0000 0.0000 316.7128 356.8882 -14.5515 177.1777 0.0000
3910.03 17.07.2018 22.10.01 29.54220 285.4143 -181.1095 -0.6289 -0.6289 0.0000 0.0000 0.0000 316.3640 355.9896 -14.4234 177.1777 0.0000
3920.03 17.07.2018 22.20.01 29.44897 285.2391 -183.0632 -0.6356 -0.6356 0.0000 0.0000 0.0000 315.9818 355.0575 -14.5791 177.1777 0.0000
3930.03 17.07.2018 22.30.01 29.35464 285.0494 -185.3499 -0.6436 -0.6436 0.0000 0.0000 0.0000 315.5746 354.1307 -14.8399 177.1770 0.0000
3940.03 17.07.2018 22.40.01 29.25909 284.8912 -187.7210 -0.6518 -0.6518 0.0000 0.0000 0.0000 315.1764 353.2380 -14.9890 177.1753 0.0000
3950.03 17.07.2018 22.50.01 29.16235 284.7431 -190.0833 -0.6600 -0.6600 0.0000 0.0000 0.0000 314.7875 352.3717 -15.1114 177.1723 0.0000
3960.03 17.07.2018 23.00.01 29.06448 284.6027 -192.2135 -0.6674 -0.6674 0.0000 0.0000 0.0000 314.4020 351.5307 -15.2140 177.1680 0.0000
3970.03 17.07.2018 23.10.01 28.96560 284.4879 -193.7924 -0.6729 -0.6729 0.0000 0.0000 0.0000 313.9463 350.7583 -15.0328 177.1631 0.0000
3980.03 17.07.2018 23.20.01 28.86593 283.9866 -194.6965 -0.6760 -0.6760 0.0000 0.0000 0.0000 313.3764 349.8040 -15.9243 177.1570 0.0000
3990.03 17.07.2018 23.30.01 28.76605 283.8697 -195.8879 -0.6802 -0.6802 0.0000 0.0000 0.0000 312.8828 349.0162 -15.7768 177.1486 0.0000
4000.03 17.07.2018 23.40.01 28.66583 283.7533 -195.7196 -0.6796 -0.6796 0.0000 0.0000 0.0000 312.4237 348.2985 -15.3196 177.1402 0.0000
4010.03 17.07.2018 23.50.01 28.56609 283.6437 -193.8799 -0.6732 -0.6732 0.0000 0.0000 0.0000 311.9901 347.6103 -14.8877 177.1318 0.0000
4020.03 18.07.2018 00.00.01 28.46758 283.5305 -191.2802 -0.6642 -0.6642 0.0000 0.0000 0.0000 311.5722 346.9343 -14.5305 177.1234 0.0000
4030.03 18.07.2018 00.10.01 28.37032 283.5001 -189.2613 -0.6572 -0.6572 0.0000 0.0000 0.0000 311.2802 346.3411 -14.2744 177.1150 0.0000
4040.03 18.07.2018 00.20.01 28.27328 283.4460 -189.8702 -0.6593 -0.6593 0.0000 0.0000 0.0000 310.9366 345.7467 -14.1761 177.1051 0.0000
4050.03 18.07.2018 00.30.01 28.17553 283.3884 -192.0509 -0.6668 -0.6668 0.0000 0.0000 0.0000 310.6733 345.1808 -14.1138 177.0926 0.0000
4060.03 18.07.2018 00.40.01 28.07668 283.2952 -193.6943 -0.6725 -0.6725 0.0000 0.0000 0.0000 310.4087 344.6772 -13.6341 177.0799 0.0000
4070.03 18.07.2018 00.50.01 27.97781 283.1965 -193.6288 -0.6723 -0.6723 0.0000 0.0000 0.0000 310.1071 344.1742 -13.1512 177.0664 0.0000
4080.03 18.07.2018 01.00.01 27.87908 283.1378 -191.9734 -0.6666 -0.6666 0.0000 0.0000 0.0000 309.8176 343.6850 -12.6557 177.0519 0.0000
4090.03 18.07.2018 01.10.01 27.78112 283.0255 -190.6532 -0.6620 -0.6620 0.0000 0.0000 0.0000 309.4933 343.1172 -12.9947 177.0355 0.0000
4100.03 18.07.2018 01.20.01 27.68316 282.9349 -191.4999 -0.6649 -0.6649 0.0000 0.0000 0.0000 309.1514 342.5439 -13.2628 177.0184 0.0000
4110.03 18.07.2018 01.30.01 27.58459 282.8419 -193.3452 -0.6713 -0.6713 0.0000 0.0000 0.0000 308.7834 341.9514 -13.5096 177.0007 0.0000
4120.03 18.07.2018 01.40.01 27.48504 282.7662 -195.1111 -0.6775 -0.6775 0.0000 0.0000 0.0000 308.4069 341.3567 -13.6701 176.9830 0.0000
4130.03 18.07.2018 01.50.01 27.38470 282.6891 -196.3852 -0.6819 -0.6819 0.0000 0.0000 0.0000 308.0146 340.7551 -13.8025 176.9655 0.0000
4140.03 18.07.2018 02.00.01 27.28399 282.6100 -197.6779 -0.6864 -0.6864 0.0000 0.0004 0.0002 307.6073 340.1481 -13.9195 176.9480 0.0000
4150.03 18.07.2018 02.10.01 27.18249 282.6821 -195.6016 -0.6792 -0.6862 0.0093 0.2652 0.1360 307.4568 339.7297 -13.1119 176.9304 0.0000
4160.03 18.07.2018 02.20.01 27.08245 282.7622 -193.1728 -0.6707 -0.6867 0.0212 0.5635 0.2889 307.3617 339.3896 -12.3140 176.9096 0.0000
4170.03 18.07.2018 02.30.01 26.98361 282.8411 -190.1196 -0.6601 -0.6853 0.0335 0.8670 0.4445 307.2909 339.1053 -11.5606 176.8869 0.0000
4180.03 18.07.2018 02.40.01 26.88659 282.9199 -187.5099 -0.6511 -0.6855 0.0459 1.1715 0.6005 307.2380 338.8715 -10.8210 176.8621 0.0000
4190.03 18.07.2018 02.50.01 26.79064 282.9993 -184.1685 -0.6395 -0.6832 0.0583 1.4762 0.7567 307.1987 338.6832 -10.1135 176.8344 0.0000
4200.03 18.07.2018 03.00.01 26.69634 283.0791 -181.1723 -0.6291 -0.6822 0.0709 1.7847 0.9148 307.1717 338.5349 -9.4355 176.8046 0.0000
4210.03 18.07.2018 03.10.01 26.60403 283.4016 -160.4493 -0.5571 -0.6805 0.1645 4.3951 2.2533 307.5632 338.8385 -7.4538 176.7689 0.0000
4220.03 18.07.2018 03.20.01 26.52001 283.7340 -141.9107 -0.4927 -0.7031 0.2805 7.2985 3.7417 308.1421 339.3457 -5.7472 176.7306 0.0000
4230.03 18.07.2018 03.30.01 26.44375 284.0717 -128.5468 -0.4463 -0.7464 0.4001 10.2463 5.2525 308.8040 339.9881 -4.2450 176.6915 0.0000
4240.03 18.07.2018 03.40.01 26.37332 284.4123 -118.5664 -0.4117 -0.8020 0.5205 13.2030 6.7678 309.5119 340.7417 -2.9155 176.6516 0.0000
4250.03 18.07.2018 03.50.01 26.30743 284.7551 -110.5277 -0.3838 -0.8645 0.6409 16.1611 8.2839 310.2544 341.5887 -1.7352 176.6108 0.0000
4260.03 18.07.2018 04.00.01 26.24536 285.0948 -103.8373 -0.3605 -0.9316 0.7614 19.1200 9.8003 311.0056 342.5124 -0.7090 176.5682 0.0000
4270.03 18.07.2018 04.10.01 26.18646 285.4285 -96.0601 -0.3335 -1.0013 0.8903 22.3176 11.4391 312.2117 343.5572 -0.0294 176.5272 0.0000
4280.03 18.07.2018 04.20.01 26.13122 285.7658 -89.0940 -0.3094 -1.0755 1.0215 25.5456 13.0935 313.4804 344.6874 0.5273 176.4948 0.0000
4290.03 18.07.2018 04.30.01 26.07931 286.1042 -82.8679 -0.2877 -1.1526 1.1532 28.7782 14.7502 314.7786 345.8825 0.9954 176.4714 0.0000
4300.03 18.07.2018 04.40.01 26.03042 286.4432 -77.1952 -0.2680 -1.2317 1.2848 32.0117 16.4074 316.0976 347.1343 1.3901 176.4548 0.0000
4310.03 18.07.2018 04.50.01 25.98431 286.7870 -71.8640 -0.2495 -1.3119 1.4165 92.0725 49.5928 317.4360 352.9858 -3.6464 176.4446 0.0000
4320.03 18.07.2018 05.00.01 25.94113 287.1903 -41.1004 -0.1427 -1.3935 1.6677 106.4896 57.4040 319.1061 356.6294 -5.4488 176.4407 0.0000
4330.03 18.07.2018 05.10.01 25.90951 287.6572 -45.2752 -0.1572 -1.5208 1.8181 440.8613 243.1219 320.8760 388.5586 -35.6662 176.4442 0.0000
4340.03 18.07.2018 05.20.01 25.87875 288.4666 105.9946 0.3680 -1.6281 2.6616 786.5439 434.8154 324.5708 433.4935 -73.6139 176.4534 0.0000
4350.03 18.07.2018 05.30.01 25.90420 289.2787 230.2950 0.7996 -1.9892 3.7185 1136.0015 628.5576 329.6837 488.7285 -119.0976 176.4895 0.0000
4360.03 18.07.2018 05.40.01 25.97805 290.0398 336.6473 1.1689 -2.5341 4.9373 1073.0916 592.9200 336.0631 504.6400 -132.3952 176.5542 0.0000
4370.03 18.07.2018 05.50.01 26.09304 290.6584 181.8464 0.6314 -3.2112 5.1234 995.9183 549.9319 339.6454 511.7218 -138.6536 176.6569 0.0000
4380.03 18.07.2018 06.00.01 26.15740 291.0946 75.6308 0.2626 -3.5469 5.0793 914.2515 504.5111 341.9033 514.0086 -141.4496 176.7747 0.0000
4390.03 18.07.2018 06.10.01 26.18740 291.4419 43.0724 0.1496 -3.6433 5.0572 875.3025 482.7952 343.2585 516.9666 -145.7127 176.8980 0.0000
4400.03 18.07.2018 06.20.01 26.20913 291.7809 55.9436 0.1942 -3.6398 5.1120 837.9291 461.9347 344.6120 518.4540 -148.9400 177.0284 0.0000
4410.03 18.07.2018 06.30.01 26.23910 292.1000 83.0336 0.2883 -3.6158 5.2055 798.9954 440.0921 346.0022 517.9718 -150.7017 177.1684 0.0000
4420.03 18.07.2018 06.40.01 26.28286 292.4192 118.8103 0.4125 -3.5930 5.3407 776.4075 427.2845 347.5082 518.2426 -151.9633 177.3242 0.0000
4430.03 18.07.2018 06.50.01 26.34368 292.7276 144.6583 0.5023 -3.5855 5.4504 755.5738 415.5593 348.9146 518.1751 -152.6790 177.4895 0.0000
4440.03 18.07.2018 07.00.01 26.41787 293.0367 173.9721 0.6041 -3.5757 5.5731 734.2513 403.5259 350.2931 517.4635 -152.3752 177.6630 0.0000
4450.03 18.07.2018 07.10.01 26.50665 293.2033 230.3723 0.7999 -3.5756 5.8340 706.2622 387.6076 351.5437 514.5660 -151.8822 177.8498 0.0000
4460.03 18.07.2018 07.20.01 26.61895 293.3986 272.3137 0.9455 -3.6410 6.1154 678.0314 371.5202 352.8006 511.2833 -150.1581 178.0573 0.0000
4470.03 18.07.2018 07.30.01 26.74926 293.5988 293.8214 1.0202 -3.7484 6.3582 648.9934 354.9930 353.9376 507.6732 -147.3423 178.2828 0.0000
4480.03 18.07.2018 07.40.01 26.89007 293.8029 326.3064 1.1330 -3.8641 6.6627 630.8119 344.4421 355.2022 505.0375 -144.4469 178.5327 0.0000
4490.03 18.07.2018 07.50.01 27.04479 294.0098 343.7101 1.1934 -4.0127 6.9416 612.2011 333.6644 356.3847 502.4740 -141.4156 178.8042 0.0000
4500.03 18.07.2018 08.00.01 27.20770 294.2207 352.5112 1.2240 -4.1710 7.1933 592.6674 322.3659 357.4905 499.7767 -138.1390 179.1044 0.0000
4510.03 18.07.2018 08.10.01 27.37542 294.3458 383.7473 1.3325 -4.3288 7.5483 550.2655 298.2807 358.9481 494.7565 -132.2268 179.4870 0.0000
4520.03 18.07.2018 08.20.01 27.55523 294.4268 381.0238 1.3230 -4.5337 7.8089 507.1495 273.8767 359.7491 488.9822 -125.8827 179.8886 0.0000
4530.03 18.07.2018 08.30.01 27.73458 294.5061 379.6738 1.3183 -4.7270 8.0604 464.5026 249.7637 360.4392 482.8389 -119.3680 180.3053 0.0000
4540.03 18.07.2018 08.40.01 27.91351 294.5813 369.4354 1.2828 -4.9162 8.2653 432.9668 231.8611 360.9447 477.4697 -113.6348 180.7415 0.0000
4550.03 18.07.2018 08.50.01 28.08874 294.6660 374.8292 1.3015 -5.0902 8.5222 402.6857 214.6507 361.5495 472.2269 -108.2731 181.1962 0.0000
4560.03 18.07.2018 09.00.01 28.26547 294.7563 378.0922 1.3128 -5.2807 8.7914 373.1490 197.8705 362.2253 467.0056 -103.0853 181.6747 0.0000
4570.03 18.07.2018 09.10.01 28.44225 294.8549 333.4384 1.1578 -5.4845 8.8564 366.0705 193.7359 363.1355 464.7708 -96.9877 182.1659 0.0000
4580.03 18.07.2018 09.20.01 28.60262 294.9612 325.0458 1.1286 -5.6144 8.9907 359.9066 190.0693 364.2018 462.9313 -92.6346 182.6623 0.0000
4590.03 18.07.2018 09.30.01 28.75906 295.0608 329.8747 1.1454 -5.7406 9.1813 354.5977 186.8502 365.4920 461.3230 -89.4634 183.1667 0.0000
4600.03 18.07.2018 09.40.01 28.91610 295.1738 323.6814 1.1239 -5.8887 9.3501 350.5252 184.3240 366.8256 460.1168 -86.6011 183.6808 0.0000
4610.03 18.07.2018 09.50.01 29.06991 295.2979 324.6541 1.1273 -6.0392 9.5553 347.1671 182.1848 368.2069 459.3002 -83.9934 184.2024 0.0000
4620.03 18.07.2018 10.00.01 29.22280 295.4216 311.2554 1.0807 -6.2064 9.7162 343.2004 179.7304 369.5513 458.6613 -81.4218 184.7316 0.0000
4630.03 18.07.2018 10.10.01 29.36984 295.5287 313.8199 1.0897 -6.3628 9.9365 351.0922 183.7178 371.6884 458.9314 -81.5443 185.2544 0.0000
4640.03 18.07.2018 10.20.01 29.51684 295.7058 323.9940 1.1250 -6.5344 10.2125 359.3243 187.8448 374.1383 459.6195 -82.5513 185.7575 0.0000
4650.03 18.07.2018 10.30.01 29.66659 295.8900 317.9388 1.1040 -6.7343 10.4510 366.7053 191.5046 376.6444 460.5363 -83.8344 186.2366 0.0000
4660.03 18.07.2018 10.40.01 29.81350 296.0480 328.3917 1.1402 -6.9336 10.7651 374.6710 195.4381 379.6121 462.3751 -82.6627 186.6805 0.0000
4670.03 18.07.2018 10.50.01 29.96395 296.3267 323.5329 1.1234 -7.1587 11.0428 381.7376 198.8743 382.9513 465.0696 -79.8646 187.5016 0.0000
4680.03 18.07.2018 11.00.01 30.11254 296.6652 318.1335 1.1046 -7.3785 11.3108 388.1858 201.9530 386.4425 467.1411 -80.4674 188.2835 0.0000
4690.03 18.07.2018 11.10.01 30.25820 296.6547 271.9142 0.9441 -7.5952 11.3857 369.0989 191.5092 386.7609 468.2485 -76.2895 189.0710 0.0000
4700.03 18.07.2018 11.20.01 30.38531 296.6249 183.7680 0.6381 -7.7414 11.1726 346.8844 179.5218 386.0055 467.8353 -72.6051 189.9205 0.0000
4710.03 18.07.2018 11.30.01 30.47848 296.6457 125.3744 0.4353 -7.7454 10.9077 325.0228 167.8062 384.9072 466.4290 -69.9096 190.7926 0.0000
4720.03 18.07.2018 11.40.01 30.54888 296.6832 95.3989 0.3312 -7.6685 10.6663 305.4943 157.3915 384.0516 464.5565 -67.3782 191.6633 0.0000
4730.03 18.07.2018 11.50.01 30.60647 296.6476 67.0694 0.2329 -7.5591 10.3893 286.3752 147.2636 383.2536 462.9757 -63.4605 192.5192 0.0000
4740.03 18.07.2018 12.00.01 30.65179 296.6746 46.7081 0.1622 -7.4207 10.1105 268.1648 137.6804 382.1226 460.7743 -60.5123 193.3682 0.0000
4750.03 18.07.2018 12.10.01 30.68762 296.7355 -11.4877 -0.0399 -7.2650 9.6335 265.0197 135.9980 380.7497 458.6559 -59.8112 194.2379 0.0000
4760.03 18.07.2018 12.20.01 30.70095 297.2414 26.6589 0.0926 -7.0329 9.5007 265.1262 135.9305 379.5405 457.7915 -58.8378 195.1682 0.0000
4770.03 18.07.2018 12.30.01 30.72637 297.2038 91.7746 0.3187 -6.9000 9.6248 266.5523 136.4431 378.5978 456.2692 -61.5102 196.1861 0.0000
4780.03 18.07.2018 12.40.01 30.77395 297.3487 143.8691 0.4995 -6.9043 9.8718 265.6848 135.4362 378.0577 454.7961 -60.8221 197.2663 0.0000
4790.03 18.07.2018 12.50.01 30.83996 297.4929 187.9089 0.6525 -7.0103 10.2171 266.1332 135.0872 377.5460 453.4946 -61.1836 198.3987 0.0000
4800.03 18.07.2018 13.00.01 30.92214 297.5978 243.1649 0.8443 -7.1995 10.7251 267.7025 135.2043 377.1490 452.3109 -62.1387 199.5884 0.0000
4810.03 18.07.2018 13.10.01 31.02389 297.5373 220.2652 0.7648 -7.4866 11.0019 262.7504 132.5127 379.2809 453.7810 -52.6966 200.7659 0.0000
4820.03 18.07.2018 13.20.01 31.11764 297.3944 154.0246 0.5348 -7.7175 11.0031 254.7891 128.3160 381.2630 454.5415 -48.9263 201.8472 0.0000
4830.03 18.07.2018 13.30.01 31.18844 297.6626 110.2514 0.3828 -7.8128 10.9275 245.5702 123.4455 383.1730 454.3105 -49.8346 202.8360 0.0000
4840.03 18.07.2018 13.40.01 31.24349 297.5405 66.4591 0.2308 -7.8219 10.7369 236.9451 119.0635 385.5115 454.1067 -45.4474 203.7214 0.0000
4850.03 18.07.2018 13.50.01 31.28228 298.0137 25.7104 0.0893 -7.7567 10.4613 227.9538 114.5587 385.9106 453.6391 -45.1363 204.4838 0.0000
4860.03 18.07.2018 14.00.01 31.30517 297.9266 -21.6639 -0.0752 -7.6303 10.0735 218.1625 109.7053 385.4362 451.6109 -51.3486 205.3677 0.0000
4870.03 18.07.2018 14.10.01 31.30816 297.8625 -119.5078 -0.4150 -7.4389 9.3653 200.4859 100.8434 384.2717 450.2211 -46.7350 206.2391 0.0000
4880.03 18.07.2018 14.20.01 31.27395 297.6926 -204.6085 -0.7104 -7.0860 8.5008 181.3689 91.2999 382.7555 448.2135 -42.9374 207.0184 0.0000
4890.03 18.07.2018 14.30.01 31.20675 297.3856 -269.7707 -0.9367 -6.6014 7.5529 161.7393 81.5484 381.1937 445.6438 -40.1499 207.6991 0.0000
4900.03 18.07.2018 14.40.01 31.11343 297.2071 -334.5842 -1.1618 -6.0242 6.4833 141.0195 71.3215 379.8966 442.8895 -35.9335 208.2517 0.0000
4910.03 18.07.2018 14.50.01 30.99423 296.9396 -387.4579 -1.3453 -5.3542 5.3451 119.9841 60.9875 377.3897 439.7405 -32.8426 208.6896 0.0000
4920.03 18.07.2018 15.00.01 30.85308 296.7373 -437.5672 -1.5193 -4.6221 4.1370 98.5703 50.5088 374.3381 435.9361 -30.9827 209.1103 0.0000
4930.03 18.07.2018 15.10.01 30.69277 296.5257 -281.3032 -0.9767 -3.8434 3.8222 92.9183 47.6153 371.9392 432.5730 -29.4968 209.2799 0.0000
4940.03 18.07.2018 15.20.01 30.58813 296.2317 -180.4902 -0.6267 -3.3700 3.6578 89.2591 45.7432 368.8026 429.1232 -30.1976 209.4238 0.0000
4950.03 18.07.2018 15.30.01 30.51785 296.0013 -134.3294 -0.4664 -3.1049 3.5180 85.8944 44.0191 365.8238 425.7692 -30.8739 209.5850 0.0000
4960.03 18.07.2018 15.40.01 30.46261 295.8570 -116.3324 -0.4039 -2.9411 3.3829 82.5892 42.3253 363.0732 422.7296 -29.9742 209.7526 0.0000
4970.03 18.07.2018 15.50.01 30.41274 295.6576 -111.9248 -0.3886 -2.8251 3.2486 79.2941 40.6366 360.2184 419.5896 -29.9523 209.9299 0.0000
4980.03 18.07.2018 16.00.01 30.36324 295.4225 -113.3181 -0.3935 -2.7309 3.1166 76.0257 38.9600 357.3740 416.4484 -30.0713 210.1193 0.0000
4990.03 18.07.2018 16.10.01 30.31484 295.5886 168.1592 0.5839 -2.6409 4.2997 87.7411 44.0173 357.2658 414.9201 -25.6433 210.3076 0.0000
5000.03 18.07.2018 16.20.01 30.36819 295.7788 339.9215 1.1803 -3.0561 5.6484 101.0990 49.8716 357.6523 414.3421 -22.7487 210.5236 0.0000
5010.03 18.07.2018 16.30.01 30.48562 295.9900 444.0066 1.5417 -3.7586 7.0670 114.8815 55.9026 358.3584 414.3378 -20.7553 210.7575 0.0000
5020.03 18.07.2018 16.40.01 30.64178 296.2286 333.2342 1.1571 -4.6205 7.7035 127.2931 61.7304 359.2863 414.8512 -19.1768 211.0019 0.0000
5030.03 18.07.2018 16.50.01 30.76254 296.4684 472.5175 1.6407 -5.2476 9.1844 143.4196 68.9049 360.2925 415.8171 -18.3287 211.2414 0.0000
5040.03 18.07.2018 17.00.01 30.93490 296.7258 546.5942 1.8979 -6.1110 10.6785 159.5282 76.0564 361.4116 417.2150 -18.0618 211.4980 0.0000
5050.03 18.07.2018 17.10.01 31.13192 296.4500 145.8536 0.5064 -7.0894 10.1277 150.7130 71.9479 361.0908 417.3281 -22.7858 211.7889 0.0000
5060.03 18.07.2018 17.20.01 31.18035 296.1123 -769.7089 -2.6726 -7.3237 6.2014 132.0594 64.8710 359.8087 416.2096 -26.5422 212.1060 0.0000
5070.03 18.07.2018 17.30.01 30.90533 295.7742 -471.4190 -1.6369 -5.9006 5.6850 121.0225 59.4788 358.3114 414.4924 -29.4302 212.4147 0.0000
5080.03 18.07.2018 17.40.01 30.73049 295.4581 -376.5903 -1.3076 -5.0974 5.0530 107.7064 53.0206 356.7911 412.4381 -31.2126 212.7372 0.0000
5090.03 18.07.2018 17.50.01 30.58587 295.1354 -349.0974 -1.2121 -4.5122 4.4000 94.1897 46.4680 355.2735 409.9809 -32.3977 213.0660 0.0000
5100.03 18.07.2018 18.00.01 30.44818 294.7929 -347.3659 -1.2061 -4.0102 3.7387 80.6283 39.8993 353.7986 407.2495 -33.0268 213.3742 0.0000
5110.03 18.07.2018 18.10.01 30.30914 294.4356 -317.2992 -1.1017 -3.5374 3.2476 67.3364 33.3038 351.7985 404.4710 -30.9164 213.6449 0.0000
5120.03 18.07.2018 18.20.01 30.17916 294.0774 -307.7000 -1.0684 -3.1394 2.7613 57.2217 28.2986 349.8776 401.6424 -28.8619 213.8562 0.0000
5130.03 18.07.2018 18.30.01 30.05132 293.7204 -305.7325 -1.0616 -2.7741 2.2834 47.2108 23.3460 347.9190 398.8228 -26.8803 214.0363 0.0000
5140.03 18.07.2018 18.40.01 29.92288 293.3668 -334.7361 -1.1623 -2.4261 1.6850 34.9494 17.3441 345.9682 395.9530 -24.6654 214.1940 0.0000
5150.03 18.07.2018 18.50.01 29.78301 293.0160 -353.7736 -1.2284 -2.0365 1.0775 22.5573 11.2748 343.9985 392.9785 -22.3260 214.3158 0.0000
5160.03 18.07.2018 19.00.01 29.63522 292.6710 -365.1451 -1.2679 -1.6252 0.4765 10.2158 5.2275 342.0355 389.9482 -19.9155 214.4062 0.0000
5170.03 18.07.2018 19.10.01 29.48315 292.4704 -275.6021 -0.9570 -1.2050 0.3308 7.6846 3.9363 342.0332 387.6347 -16.9407 214.4582 0.0000
5180.03 18.07.2018 19.20.01 29.36279 292.2304 -219.3075 -0.7615 -0.9538 0.2564 6.0468 3.0981 342.2147 385.6827 -15.1389 214.4999 0.0000
5190.03 18.07.2018 19.30.01 29.26281 291.9978 -189.6576 -0.6585 -0.8046 0.1947 4.5669 2.3399 342.4595 383.9383 -13.8275 214.5367 0.0000
5200.03 18.07.2018 19.40.01 29.17370 291.7695 -174.2613 -0.6051 -0.7066 0.1354 3.1158 1.5962 342.7433 382.3659 -12.8112 214.5702 0.0000
5210.03 18.07.2018 19.50.01 29.09042 291.5527 -166.1444 -0.5769 -0.6342 0.0764 1.6697 0.8551 343.0579 380.9353 -12.0364 214.5975 0.0000
5220.03 18.07.2018 20.00.01 29.01016 291.2571 -161.7250 -0.5615 -0.5748 0.0177 0.2267 0.1155 343.3847 379.5487 -11.7588 214.6232 0.0000
5230.03 18.07.2018 20.10.01 28.93167 291.1653 -149.6255 -0.5195 -0.5218 0.0030 0.0371 0.0187 345.0418 378.6759 -10.7098 214.6358 0.0000
5240.03 18.07.2018 20.20.01 28.85797 291.0621 -139.6557 -0.4849 -0.4853 0.0006 0.0071 0.0036 346.8145 378.0039 -10.1387 214.6484 0.0000
5250.03 18.07.2018 20.30.01 28.78842 290.9712 -132.7024 -0.4608 -0.4608 0.0001 0.0012 0.0006 348.6368 377.4804 -9.8183 214.6610 0.0000
5260.03 18.07.2018 20.40.01 28.72183 290.8881 -127.6513 -0.4432 -0.4432 0.0000 0.0002 0.0001 350.5007 377.0957 -9.6552 214.6736 0.0000
5270.03 18.07.2018 20.50.01 28.65756 290.8088 -123.7210 -0.4296 -0.4296 0.0000 0.0000 0.0000 352.3897 376.8203 -9.6731 214.6862 0.0000
5280.03 18.07.2018 21.00.01 28.59503 290.7318 -120.5130 -0.4184 -0.4184 0.0000 0.0000 0.0000 354.2969 376.6401 -9.8404 214.6980 0.0000
5290.03 18.07.2018 21.10.01 28.53405 290.6570 -118.2738 -0.4107 -0.4107 0.0000 0.0000 0.0000 354.0861 376.3252 -9.8687 214.7089 0.0000
5300.03 18.07.2018 21.20.01 28.47363 290.5767 -117.3223 -0.4074 -0.4074 0.0000 0.0000 0.0000 353.7859 375.9502 -9.8488 214.7166 0.0000
5310.03 18.07.2018 21.30.01 28.41320 290.4943 -117.3815 -0.4076 -0.4076 0.0000 0.0000 0.0000 353.4764 375.5447 -9.8762 214.7229 0.0000
5320.03 18.07.2018 21.40.01 28.35278 290.4114 -118.2746 -0.4107 -0.4107 0.0000 0.0000 0.0000 353.1640 375.1338 -9.8821 214.7293 0.0000
5330.03 18.07.2018 21.50.01 28.29193 290.3267 -119.0987 -0.4135 -0.4135 0.0000 0.0000 0.0000 352.8510 374.7178 -9.8790 214.7356 0.0000
5340.03 18.07.2018 22.00.01 28.23062 290.2425 -119.6371 -0.4154 -0.4154 0.0000 0.0000 0.0000 352.5404 374.3013 -9.8639 214.7419 0.0000
5350.03 18.07.2018 22.10.01 28.16927 290.1789 -120.5305 -0.4185 -0.4185 0.0000 0.0000 0.0000 351.6948 373.8338 -9.7206 214.7482 0.0000
5360.03 18.07.2018 22.20.01 28.10720 290.1144 -120.8738 -0.4197 -0.4197 0.0000 0.0000 0.0000 350.8245 373.3430 -9.5264 214.7545 0.0000
5370.03 18.07.2018 22.30.01 28.04495 290.0494 -121.5787 -0.4221 -0.4221 0.0000 0.0000 0.0000 349.9476 372.8398 -9.2984 214.7608 0.0000
5380.03 18.07.2018 22.40.01 27.98254 289.9828 -122.5211 -0.4254 -0.4254 0.0000 0.0000 0.0000 349.0703 372.3276 -9.0493 214.7671 0.0000
5390.03 18.07.2018 22.50.01 27.91940 289.9165 -122.7160 -0.4261 -0.4261 0.0000 0.0000 0.0000 348.1920 371.8087 -8.7781 214.7734 0.0000
5400.03 18.07.2018 23.00.01 27.85626 289.8492 -123.2157 -0.4278 -0.4278 0.0000 0.0000 0.0000 347.3128 371.2842 -8.4990 214.7797 0.0000
5410.03 18.07.2018 23.10.01 27.79308 289.6741 -124.1619 -0.4311 -0.4311 0.0000 0.0000 0.0000 346.2262 370.6443 -8.7996 214.7860 0.0000
5420.03 18.07.2018 23.20.01 27.72909 289.4859 -124.8453 -0.4335 -0.4335 0.0000 0.0000 0.0000 345.1095 369.9615 -9.0039 214.7923 0.0000
5430.03 18.07.2018 23.30.01 27.66494 289.3015 -126.1445 -0.4380 -0.4380 0.0000 0.0000 0.0000 343.9815 369.2554 -9.1321 214.7986 0.0000
5440.03 18.07.2018 23.40.01 27.59997 289.1188 -126.9166 -0.4407 -0.4407 0.0000 0.0000 0.0000 342.8482 368.5155 -9.2976 214.8049 0.0000
5450.03 18.07.2018 23.50.01 27.53472 288.9379 -127.9489 -0.4443 -0.4443 0.0000 0.0000 0.0000 341.7084 367.7740 -9.3238 214.8108 0.0000
5460.03 19.07.2018 00.00.01 27.46880 288.7565 -128.4150 -0.4459 -0.4459 0.0000 0.0000 0.0000 340.5681 367.0176 -9.3205 214.8157 0.0000
5470.03 19.07.2018 00.10.01 27.40289 288.5530 -129.4227 -0.4494 -0.4494 0.0000 0.0000 0.0000 339.6594 366.2436 -9.5316 214.8196 0.0000
5480.03 19.07.2018 00.20.01 27.33630 288.3578 -129.6981 -0.4503 -0.4503 0.0000 0.0000 0.0000 338.7722 365.4778 -9.6856 214.8198 0.0000
5490.03 19.07.2018 00.30.01 27.26949 288.1615 -129.9399 -0.4512 -0.4512 0.0000 0.0000 0.0000 337.8809 364.7089 -9.8054 214.8198 0.0000
5500.03 19.07.2018 00.40.01 27.20269 287.9635 -130.3910 -0.4527 -0.4527 0.0000 0.0000 0.0000 336.9868 363.9405 -9.8847 214.8198 0.0000
5510.03 19.07.2018 00.50.01 27.13586 287.7643 -130.9745 -0.4548 -0.4548 0.0000 0.0000 0.0000 336.0868 363.1700 -9.9441 214.8198 0.0000
5520.03 19.07.2018 01.00.01 27.06890 287.5664 -131.4767 -0.4565 -0.4565 0.0000 0.0000 0.0000 335.1862 362.4002 -9.9822 214.8198 0.0000
5530.03 19.07.2018 01.10.01 27.00161 287.4540 -131.4497 -0.4564 -0.4564 0.0000 0.0000 0.0000 334.9925 361.7580 -9.7122 214.8198 0.0000
5540.03 19.07.2018 01.20.01 26.93469 287.3484 -131.3521 -0.4561 -0.4561 0.0000 0.0000 0.0000 334.8522 361.1737 -9.5037 214.8198 0.0000
5550.03 19.07.2018 01.30.01 26.86785 287.2474 -130.4258 -0.4529 -0.4529 0.0000 0.0000 0.0000 334.7186 360.6317 -9.3167 214.8198 0.0000
5560.03 19.07.2018 01.40.01 26.80145 287.1556 -129.2805 -0.4489 -0.4489 0.0000 0.0000 0.0000 334.5864 360.1448 -9.0554 214.8198 0.0000
5570.03 19.07.2018 01.50.01 26.73553 287.0724 -127.8679 -0.4440 -0.4440 0.0000 0.0000 0.0000 334.4664 359.7471 -8.5996 214.8198 0.0000
5580.03 19.07.2018 02.00.01 26.67059 287.0118 -126.0061 -0.4375 -0.4375 0.0000 0.0003 0.0002 334.3941 359.3340 -8.3764 214.8198 0.0000
5590.03 19.07.2018 02.10.01 26.60650 286.9640 -123.7341 -0.4296 -0.4348 0.0069 0.1967 0.1009 333.7748 358.8665 -8.4063 214.8198 0.0000
5600.03 19.07.2018 02.20.01 26.54269 286.8339 -123.5192 -0.4289 -0.4407 0.0158 0.4181 0.2144 333.1180 358.2449 -8.9515 214.8198 0.0000
5610.03 19.07.2018 02.30.01 26.47857 286.7313 -124.8105 -0.4334 -0.4520 0.0249 0.6433 0.3298 332.4241 357.6226 -9.2931 214.8198 0.0000
5620.03 19.07.2018 02.40.01 26.41369 286.6642 -126.2605 -0.4384 -0.4640 0.0341 0.8692 0.4456 331.7072 357.0665 -9.2109 214.8198 0.0000
5630.03 19.07.2018 02.50.01 26.34823 286.5543 -127.0704 -0.4412 -0.4737 0.0433 1.0952 0.5614 330.9141 356.4806 -9.3740 214.8198 0.0000
5640.03 19.07.2018 03.00.01 26.28240 286.4420 -127.9017 -0.4441 -0.4836 0.0527 1.3267 0.6801 330.1029 355.8944 -9.5040 214.8198 0.0000
5650.03 19.07.2018 03.10.01 26.21627 286.4486 -103.7546 -0.3603 -0.4931 0.1771 4.8235 2.4731 329.7066 355.7084 -8.9797 214.8198 0.0000
5660.03 19.07.2018 03.20.01 26.15896 286.4805 -85.3755 -0.2964 -0.5463 0.3332 8.7358 4.4788 329.5000 355.6944 -8.6561 214.8198 0.0000
5670.03 19.07.2018 03.30.01 26.10848 286.5215 -74.5372 -0.2588 -0.6297 0.4945 12.7113 6.5163 329.3659 355.7731 -8.5068 214.8198 0.0000
5680.03 19.07.2018 03.40.01 26.06234 286.5662 -67.8373 -0.2355 -0.7282 0.6568 16.6993 8.5602 329.2660 355.9349 -8.4691 214.8218 0.0000
5690.03 19.07.2018 03.50.01 26.01901 286.6109 -63.1638 -0.2193 -0.8338 0.8193 20.6894 10.6051 329.1874 356.1696 -8.5432 214.8281 0.0000
5700.03 19.07.2018 04.00.01 25.97772 286.6548 -59.4540 -0.2064 -0.9430 0.9820 24.6855 12.6531 329.1209 356.4674 -8.7098 214.8344 0.0000
5710.03 19.07.2018 04.10.01 25.93850 287.0031 -30.5286 -0.1060 -1.0522 1.2616 31.9980 16.4017 329.7713 357.3524 -7.5275 214.8410 0.0000
5720.03 19.07.2018 04.20.01 25.91067 287.3661 -6.2639 -0.0217 -1.2017 1.5733 39.7326 20.3664 330.6319 358.5328 -6.6552 214.8537 0.0000
5730.03 19.07.2018 04.30.01 25.89282 287.7364 10.3193 0.0358 -1.3819 1.8903 47.5313 24.3632 331.5848 359.9118 -6.0110 214.8703 0.0000
5740.03 19.07.2018 04.40.01 25.88210 288.1107 22.4670 0.0780 -1.5782 2.2083 55.3428 28.3666 332.5916 361.4581 -5.5584 214.9004 0.0000
5750.03 19.07.2018 04.50.01 25.87698 288.4881 32.1970 0.1118 -1.7831 2.5265 80.4548 41.9686 333.6408 364.5955 -6.8278 214.9367 0.0000
5760.03 19.07.2018 05.00.01 25.87652 288.8862 48.4543 0.1682 -1.9925 2.8810 92.4217 48.2614 334.8215 367.1796 -7.4810 214.9781 0.0000
5770.03 19.07.2018 05.10.01 25.88296 289.2862 55.2019 0.1917 -2.2185 3.2136 170.3698 91.2399 335.9946 375.6020 -13.9766 215.0291 0.0000
5780.03 19.07.2018 05.20.01 25.89324 289.8397 92.9551 0.3228 -2.4431 3.6877 250.8582 135.5770 337.6115 386.3140 -21.8585 215.0896 0.0000
5790.03 19.07.2018 05.30.01 25.91836 290.3926 125.5121 0.4358 -2.7204 4.2083 331.9930 180.2556 339.5451 398.5131 -30.9166 215.1676 0.0000
5800.03 19.07.2018 05.40.01 25.95690 290.9617 154.2138 0.5355 -3.0365 4.7626 310.5171 167.8541 341.7347 402.3035 -31.8043 215.2628 0.0000
5810.03 19.07.2018 05.50.01 26.00726 291.1415 119.3705 0.4145 -3.3811 5.0608 285.5388 153.6505 343.2549 403.9926 -31.6754 215.3747 0.0000
5820.03 19.07.2018 06.00.01 26.04702 291.5465 95.8531 0.3328 -3.6406 5.2980 259.5275 138.8932 344.4810 404.5926 -30.3965 215.5038 0.0000
5830.03 19.07.2018 06.10.01 26.07949 291.8428 52.6438 0.1828 -3.8377 5.3607 296.9211 159.6250 346.1085 411.3384 -30.4106 215.6362 0.0000
5840.03 19.07.2018 06.20.01 26.09826 292.2794 65.9683 0.2291 -3.9372 5.5550 335.9212 181.1669 348.1660 419.0731 -33.4584 215.7507 0.0000
5850.03 19.07.2018 06.30.01 26.12325 292.7722 85.2359 0.2960 -4.0449 5.7878 374.7734 202.5770 349.2468 425.8005 -44.4952 215.8911 0.0000
5860.03 19.07.2018 06.40.01 26.15649 293.5274 102.0034 0.3542 -4.1719 6.0348 396.0513 214.1831 351.5547 433.7133 -41.4390 216.0445 0.0000
5870.03 19.07.2018 06.50.01 26.19763 293.7820 109.7602 0.3811 -4.3040 6.2468 417.6183 226.0034 353.7100 439.4878 -47.0144 216.1958 0.0000
5880.03 19.07.2018 07.00.01 26.24395 294.1863 119.1611 0.4138 -4.4208 6.4461 438.6548 237.5218 356.1772 445.5176 -55.1738 216.3510 0.0000
5890.03 19.07.2018 07.10.01 26.29598 294.3520 153.9299 0.5345 -4.5309 6.7538 437.5987 236.6146 357.0137 449.7366 -55.2233 216.5232 0.0000
5900.03 19.07.2018 07.20.01 26.36166 294.3841 163.6679 0.5683 -4.6937 7.0159 435.7156 235.2640 357.3951 451.5204 -66.9136 216.7436 0.0000
5910.03 19.07.2018 07.30.01 26.43160 294.3363 167.1744 0.5805 -4.8634 7.2585 433.3743 233.6613 357.7056 451.7367 -79.7335 217.0206 0.0000
5920.03 19.07.2018 07.40.01 26.50414 294.7224 180.1317 0.6255 -5.0214 7.5291 433.2619 233.2664 360.6575 458.5633 -58.3484 217.2834 0.0000
5930.03 19.07.2018 07.50.01 26.58383 295.6039 190.6737 0.6621 -5.1681 7.7735 432.6777 232.6191 361.9688 459.8058 -68.6615 217.5045 0.0000
5940.03 19.07.2018 08.00.01 26.66946 295.2702 199.2154 0.6917 -5.3159 8.0101 431.6503 231.7134 360.9494 456.7141 -92.4126 217.8193 0.0000
5950.03 19.07.2018 08.10.01 26.75839 295.4577 187.7620 0.6520 -5.4732 8.1668 450.4761 241.9149 361.5444 459.1468 -94.5016 218.2404 0.0000
5960.03 19.07.2018 08.20.01 26.84463 295.6821 201.2771 0.6989 -5.5939 8.3904 469.5406 252.1819 362.4219 462.1728 -97.2019 218.6815 0.0000
5970.03 19.07.2018 08.30.01 26.93719 295.9145 217.3720 0.7548 -5.7226 8.6365 488.2294 262.1976 363.4658 465.4497 -100.2213 219.1439 0.0000
5980.03 19.07.2018 08.40.01 27.03683 296.1490 227.1716 0.7888 -5.8631 8.8692 502.6964 269.8568 364.5230 468.5215 -103.2888 219.6311 0.0000
5990.03 19.07.2018 08.50.01 27.14138 296.3850 232.9442 0.8088 -6.0058 9.0862 516.2938 277.0124 365.5950 471.5884 -106.0859 220.1392 0.0000
6000.03 19.07.2018 09.00.01 27.24932 296.6207 245.4438 0.8522 -6.1440 9.3283 529.2169 283.7353 366.7486 474.6078 -109.1529 220.6692 0.0000
6010.03 19.07.2018 09.10.01 27.36306 296.8754 267.2508 0.9280 -6.2914 9.6259 524.8680 280.8616 368.2598 476.6731 -107.7005 221.2161 0.0000
6020.03 19.07.2018 09.20.01 27.48550 297.1182 261.3808 0.9076 -6.4645 9.8294 519.1544 277.2781 369.6488 478.3944 -105.2866 221.7761 0.0000
6030.03 19.07.2018 09.30.01 27.60723 297.3456 279.2176 0.9695 -6.6137 10.1110 514.4008 274.1799 371.1647 479.8768 -104.2091 222.3432 0.0000
6040.03 19.07.2018 09.40.01 27.73623 297.5856 278.7024 0.9677 -6.7830 10.3343 510.1923 271.4007 372.6794 481.4818 -101.8988 222.9189 0.0000
6050.03 19.07.2018 09.50.01 27.86624 297.8359 298.0780 1.0350 -6.9392 10.6322 507.1340 269.2262 374.3314 483.1888 -99.6057 223.4997 0.0000
6060.03 19.07.2018 10.00.01 28.00399 298.0694 291.0760 1.0107 -7.1195 10.8402 502.4251 266.1661 375.8213 484.4877 -98.3450 224.0859 0.0000
6070.03 19.07.2018 10.10.01 28.14059 298.2219 313.9538 1.0901 -7.2719 11.1493 484.4003 255.8195 380.1891 487.3492 -86.6360 224.6078 0.0000
6080.03 19.07.2018 10.20.01 28.28671 298.5812 295.1707 1.0249 -7.4467 11.2955 464.7201 244.6676 384.4830 487.9057 -85.9395 225.0646 0.0000
6090.03 19.07.2018 10.30.01 28.42678 298.3558 264.0931 0.9170 -7.5787 11.3277 444.3437 233.2302 385.3698 485.0348 -95.8869 225.4983 0.0000
6100.03 19.07.2018 10.40.01 28.55624 298.4570 273.8734 0.9509 -7.6533 11.4723 428.7432 224.3889 386.4653 484.9167 -82.3172 225.9740 0.0000
6110.03 19.07.2018 10.50.01 28.68917 298.6421 267.1906 0.9277 -7.7488 11.5688 413.0926 215.5728 387.1822 483.8207 -79.2001 227.0084 0.0000
6120.03 19.07.2018 11.00.01 28.81896 298.6839 258.3204 0.8969 -7.8410 11.6507 397.8677 207.0303 387.7447 480.6615 -88.5395 228.1751 0.0000
6130.03 19.07.2018 11.10.01 28.94436 298.5848 161.7341 0.5616 -7.9165 11.3041 365.8172 189.8427 390.0631 480.4776 -74.9893 229.3597 0.0000
6140.03 19.07.2018 11.20.01 29.03408 298.5509 65.2077 0.2264 -7.8153 10.7223 331.6467 171.6549 392.3036 478.4734 -71.1201 230.4262 0.0000
6150.03 19.07.2018 11.30.01 29.08868 298.7513 10.9419 0.0380 -7.5383 10.1017 298.2401 153.9705 393.9861 474.6873 -72.2656 231.3490 0.0000
6160.03 19.07.2018 11.40.01 29.12295 298.5026 -14.0007 -0.0486 -7.1754 9.5023 267.5516 137.8079 396.1268 471.7868 -59.6042 232.1246 0.0000
6170.03 19.07.2018 11.50.01 29.14608 298.9732 -38.8564 -0.1349 -6.7903 8.8739 237.6110 122.1276 394.8056 468.0250 -55.3595 232.9304 0.0000
6180.03 19.07.2018 12.00.01 29.15814 298.7477 -59.5088 -0.2066 -6.3901 8.2446 208.8539 107.1556 393.6607 462.3591 -61.1642 233.8045 0.0000
6190.03 19.07.2018 12.10.01 29.16003 298.6059 -27.7207 -0.0963 -5.9895 7.8576 202.2275 103.7031 392.1286 458.8042 -58.6051 234.7063 0.0000
6200.03 19.07.2018 12.20.01 29.17169 298.5210 40.5871 0.1409 -5.6775 7.7579 199.3308 102.1749 391.1729 456.1768 -56.7021 235.5876 0.0000
6210.03 19.07.2018 12.30.01 29.20629 298.4580 84.0741 0.2919 -5.5119 7.7384 197.1606 101.0052 390.4713 453.9530 -55.0194 236.4684 0.0000
6220.03 19.07.2018 12.40.01 29.25552 298.4053 103.1592 0.3582 -5.4399 7.7308 194.5544 99.5497 389.8629 451.8865 -53.4798 237.3500 0.0000
6230.03 19.07.2018 12.50.01 29.31082 298.3567 109.3905 0.3798 -5.4148 7.7262 192.3291 98.3103 389.3110 450.0727 -52.0206 238.2341 0.0000
6240.03 19.07.2018 13.00.01 29.36767 298.3136 111.6440 0.3877 -5.4129 7.7341 190.3192 97.1774 388.7947 448.4392 -50.7719 239.1230 0.0000
6250.03 19.07.2018 13.10.01 29.42556 298.2444 255.3801 0.8867 -5.4310 8.4236 207.1466 105.2855 386.2872 447.4972 -51.1946 240.0284 0.0000
6260.03 19.07.2018 13.20.01 29.53506 298.2518 408.5226 1.4185 -5.7286 9.5294 228.1299 115.4060 384.2992 447.1797 -53.5961 241.0528 0.0000
6270.03 19.07.2018 13.30.01 29.70062 298.2278 531.8881 1.8468 -6.3041 10.8679 249.4482 125.4545 382.5186 446.9345 -56.9774 242.2283 0.0000
6280.03 19.07.2018 13.40.01 29.91216 298.3144 639.2742 2.2197 -7.0962 12.4212 273.3523 136.7486 381.0176 447.5358 -60.1462 243.5274 0.0000
6290.03 19.07.2018 13.50.01 30.16424 298.4123 736.5067 2.5573 -8.0719 14.1723 298.4823 148.5425 379.6917 448.5944 -63.9425 244.9265 0.0000
6300.03 19.07.2018 14.00.01 30.45315 298.5096 809.8715 2.8121 -9.2086 16.0275 323.5861 160.1980 378.3472 449.9172 -68.0918 246.4438 0.0000
6310.03 19.07.2018 14.10.01 30.76666 298.4404 474.2808 1.6468 -10.4453 16.1228 316.1683 156.4761 378.4269 450.9217 -69.0191 248.0909 0.0000
6320.03 19.07.2018 14.20.01 30.95916 298.3504 207.9903 0.7222 -11.0486 15.6944 302.5576 149.6450 377.7282 450.3162 -69.8885 249.7657 0.0000
6330.03 19.07.2018 14.30.01 31.05422 298.2324 40.9605 0.1422 -11.1748 15.0893 287.5467 142.1839 376.6795 449.0528 -70.4534 251.4216 0.0000
6340.03 19.07.2018 14.40.01 31.08633 298.0854 -85.1556 -0.2957 -11.0196 14.2985 270.8840 133.9864 375.4670 447.3315 -69.8922 253.0327 0.0000
6350.03 19.07.2018 14.50.01 31.07000 297.9417 -169.4166 -0.5883 -10.6650 13.4357 254.2195 125.8760 374.2467 445.3258 -68.9562 254.5908 0.0000
6360.03 19.07.2018 15.00.01 31.02017 297.8069 -248.7997 -0.8639 -10.1878 12.4319 236.5493 117.3290 372.9547 442.9865 -67.4721 256.0697 0.0000
6370.03 19.07.2018 15.10.01 30.93954 297.6199 -239.5455 -0.8318 -9.6076 11.7011 223.0273 110.6841 371.8907 440.7780 -64.8900 256.7886 0.0000
6380.03 19.07.2018 15.20.01 30.86096 297.4383 -239.3197 -0.8310 -9.0666 10.9808 210.1667 104.4261 370.8806 438.5343 -62.3908 257.4697 0.0000
6390.03 19.07.2018 15.30.01 30.78048 297.2591 -256.3958 -0.8903 -8.5498 10.2128 196.5695 97.8410 369.9151 436.1997 -59.9022 258.1259 0.0000
6400.03 19.07.2018 15.40.01 30.69183 297.0765 -303.8808 -1.0551 -8.0218 9.2889 181.1185 90.4127 368.9303 433.7051 -57.3039 258.7375 0.0000
6410.03 19.07.2018 15.50.01 30.58447 296.8982 -342.0330 -1.1876 -7.4264 8.3184 166.3300 83.3606 367.9615 431.1177 -54.6079 259.3027 0.0000
6420.03 19.07.2018 16.00.01 30.46157 296.7225 -375.6591 -1.3044 -6.7809 7.3020 151.5854 76.3635 366.9942 428.4691 -51.8474 259.8266 0.0000
6430.03 19.07.2018 16.10.01 30.32751 296.6134 -86.0959 -0.2989 -6.0932 7.7256 153.1338 76.6438 365.4551 426.0370 -49.3750 260.3161 0.0000
6440.03 19.07.2018 16.20.01 30.29580 296.5065 75.9966 0.2639 -5.9564 8.2937 156.3390 77.7524 364.0429 424.0745 -48.3943 260.8197 0.0000
6450.03 19.07.2018 16.30.01 30.32217 296.4040 161.6001 0.5611 -6.1178 8.9053 159.8849 79.0162 362.7382 422.3759 -47.8478 261.3414 0.0000
6460.03 19.07.2018 16.40.01 30.37844 296.3064 35.2462 0.1224 -6.4294 8.7357 161.1417 79.6183 361.4623 420.8989 -46.7987 261.8815 0.0000
6470.03 19.07.2018 16.50.01 30.39172 296.2096 151.3665 0.5256 -6.5005 9.3681 165.8682 81.4660 360.2724 419.5307 -46.7774 262.4124 0.0000
6480.03 19.07.2018 17.00.01 30.44653 296.1375 206.2338 0.7161 -6.7854 10.0020 170.5462 83.2846 359.0799 418.3846 -46.9813 262.9608 0.0000
6490.03 19.07.2018 17.10.01 30.51907 295.9131 -44.3507 -0.1540 -7.1677 9.3516 156.9769 76.5822 357.8345 416.6587 -47.2993 263.5136 0.0000
6500.03 19.07.2018 17.20.01 30.49734 295.6660 -704.3721 -2.4457 -7.0899 6.1922 135.9730 67.6035 356.3001 414.2744 -45.9759 264.0397 0.0000
6510.03 19.07.2018 17.30.01 30.24252 295.4156 -482.7012 -1.6760 -5.8171 5.5214 120.5045 59.8405 354.7006 411.6035 -43.8158 264.5060 0.0000
6520.03 19.07.2018 17.40.01 30.06252 295.1640 -408.3960 -1.4180 -5.0004 4.7765 103.5862 51.3997 353.0875 408.9602 -39.7931 264.9209 0.0000
6530.03 19.07.2018 17.50.01 29.90692 294.9168 -384.0712 -1.3336 -4.3464 4.0171 86.5247 42.8910 351.4535 406.1907 -35.6025 265.2963 0.0000
6540.03 19.07.2018 18.00.01 29.75829 294.6716 -379.2042 -1.3167 -3.7560 3.2524 69.4534 34.3829 349.8028 403.3345 -31.2726 265.6214 0.0000
6550.03 19.07.2018 18.10.01 29.61053 294.3330 -320.5972 -1.1132 -3.1929 2.7729 57.3525 28.3658 348.4697 400.6003 -28.3655 265.8952 0.0000
6560.03 19.07.2018 18.20.01 29.48229 293.9988 -285.9297 -0.9928 -2.7554 2.3502 48.6574 24.0622 347.2820 398.0024 -25.8393 266.1028 0.0000
6570.03 19.07.2018 18.30.01 29.36535 293.6632 -270.1009 -0.9379 -2.3951 1.9430 40.1497 19.8530 346.0570 395.4839 -23.5348 266.2715 0.0000
6580.03 19.07.2018 18.40.01 29.25298 293.3277 -287.4919 -0.9982 -2.0744 1.4349 29.7452 14.7610 344.8406 392.9598 -21.2853 266.4135 0.0000
6590.03 19.07.2018 18.50.01 29.13354 292.9915 -300.4470 -1.0432 -1.7318 0.9181 19.2202 9.6069 343.6141 390.3972 -18.9324 266.5248 0.0000
6600.03 19.07.2018 19.00.01 29.00863 292.6546 -308.5143 -1.0712 -1.3767 0.4073 8.7419 4.4734 342.3889 387.8217 -16.6139 266.6065 0.0000
6610.03 19.07.2018 19.10.01 28.88049 292.2901 -232.1625 -0.8061 -1.0186 0.2833 6.5844 3.3727 341.0137 385.4379 -15.1877 266.6602 0.0000
6620.03 19.07.2018 19.20.01 28.77871 291.9262 -186.9954 -0.6493 -0.8141 0.2197 5.1825 2.6553 339.6810 383.2911 -14.3143 266.6854 0.0000
6630.03 19.07.2018 19.30.01 28.69244 291.5625 -165.7088 -0.5754 -0.7006 0.1669 3.9145 2.0056 338.3789 381.2545 -13.6887 266.7107 0.0000
6640.03 19.07.2018 19.40.01 28.61328 291.1996 -156.7560 -0.5443 -0.6313 0.1160 2.6707 1.3681 337.0924 379.2999 -13.2419 266.7295 0.0000
6650.03 19.07.2018 19.50.01 28.53701 290.8370 -153.8334 -0.5341 -0.5833 0.0655 1.4312 0.7329 335.8173 377.4115 -12.9333 266.7421 0.0000
6660.03 19.07.2018 20.00.01 28.46139 290.4757 -153.6952 -0.5337 -0.5450 0.0151 0.1943 0.0990 334.5513 375.5782 -12.7253 266.7547 0.0000
6670.03 19.07.2018 20.10.01 28.38558 290.2977 -146.2708 -0.5079 -0.5098 0.0026 0.0318 0.0161 333.7742 374.0959 -11.4021 266.7673 0.0000
6680.03 19.07.2018 20.20.01 28.31252 290.1239 -140.2735 -0.4871 -0.4874 0.0005 0.0060 0.0031 333.0833 372.7787 -10.3659 266.7799 0.0000
6690.03 19.07.2018 20.30.01 28.24172 289.9536 -136.7580 -0.4749 -0.4749 0.0001 0.0011 0.0005 332.4306 371.5717 -9.5349 266.7926 0.0000
6700.03 19.07.2018 20.40.01 28.17224 289.7860 -134.9697 -0.4686 -0.4687 0.0000 0.0002 0.0001 331.8022 370.4526 -8.8622 266.8029 0.0000
6710.03 19.07.2018 20.50.01 28.10354 289.6200 -134.3346 -0.4664 -0.4664 0.0000 0.0000 0.0000 331.1920 369.4014 -8.3353 266.8093 0.0000
6720.03 19.07.2018 21.00.01 28.03488 289.4551 -134.0133 -0.4653 -0.4653 0.0000 0.0000 0.0000 330.5978 368.4058 -7.9269 266.8127 0.0000
6730.03 19.07.2018 21.10.01 27.96621 289.2454 -134.5309 -0.4671 -0.4671 0.0000 0.0000 0.0000 330.2104 367.4155 -8.0294 266.8139 0.0000
6740.03 19.07.2018 21.20.01 27.89700 289.0359 -135.4602 -0.4703 -0.4703 0.0000 0.0000 0.0000 329.8297 366.4568 -8.1974 266.8139 0.0000
6750.03 19.07.2018 21.30.01 27.82726 288.8269 -136.9514 -0.4755 -0.4755 0.0000 0.0000 0.0000 329.4521 365.5245 -8.4096 266.8139 0.0000
6760.03 19.07.2018 21.40.01 27.75677 288.6182 -138.6430 -0.4814 -0.4814 0.0000 0.0000 0.0000 329.0797 364.6138 -8.6614 266.8139 0.0000
6770.03 19.07.2018 21.50.01 27.68536 288.4102 -140.1299 -0.4866 -0.4866 0.0000 0.0000 0.0000 328.7113 363.7237 -8.9406 266.8139 0.0000
6780.03 19.07.2018 22.00.01 27.61312 288.2024 -141.6335 -0.4918 -0.4918 0.0000 0.0000 0.0000 328.3457 362.8487 -9.2504 266.8139 0.0000
6790.03 19.07.2018 22.10.01 27.54016 288.0008 -142.9072 -0.4962 -0.4962 0.0000 0.0000 0.0000 327.0170 361.9092 -9.2802 266.8139 0.0000
6800.03 19.07.2018 22.20.01 27.46658 287.7953 -144.2679 -0.5009 -0.5009 0.0000 0.0000 0.0000 325.6547 360.9449 -9.2150 266.8139 0.0000
6810.03 19.07.2018 22.30.01 27.39242 287.5892 -145.7987 -0.5062 -0.5062 0.0000 0.0000 0.0000 324.2897 359.9605 -9.1951 266.8139 0.0000
6820.03 19.07.2018 22.40.01 27.31735 287.3823 -146.9231 -0.5101 -0.5101 0.0000 0.0000 0.0000 322.9310 358.9803 -9.0914 266.8139 0.0000
6830.03 19.07.2018 22.50.01 27.24169 287.1789 -148.0573 -0.5141 -0.5141 0.0000 0.0000 0.0000 321.5754 357.9998 -8.9624 266.8139 0.0000
6840.03 19.07.2018 23.00.01 27.16558 286.9764 -149.4000 -0.5187 -0.5188 0.0000 0.0000 0.0000 320.2205 357.0175 -8.8237 266.8139 0.0000
6850.03 19.07.2018 23.10.01 27.08868 286.7492 -150.4359 -0.5223 -0.5223 0.0000 0.0000 0.0000 319.3345 356.0522 -8.9713 266.8139 0.0000
6860.03 19.07.2018 23.20.01 27.01129 286.5439 -151.5092 -0.5261 -0.5261 0.0000 0.0000 0.0000 318.4800 355.1341 -9.0539 266.8139 0.0000
6870.03 19.07.2018 23.30.01 26.93347 286.3325 -152.7300 -0.5303 -0.5303 0.0000 0.0000 0.0000 317.6230 354.2167 -9.1565 266.8139 0.0000
6880.03 19.07.2018 23.40.01 26.85482 286.1159 -153.6487 -0.5335 -0.5335 0.0000 0.0000 0.0000 316.7587 353.2921 -9.2988 266.8139 0.0000
6890.03 19.07.2018 23.50.01 26.77572 285.8922 -155.0749 -0.5385 -0.5385 0.0000 0.0000 0.0000 315.8845 352.3542 -9.4794 266.8139 0.0000
6900.03 20.07.2018 00.00.01 26.69598 285.6625 -156.6091 -0.5438 -0.5438 0.0000 0.0000 0.0000 315.0060 351.4097 -9.6855 266.8139 0.0000
6910.03 20.07.2018 00.10.01 26.61541 285.5122 -157.7923 -0.5479 -0.5479 0.0000 0.0000 0.0000 314.0499 350.5186 -9.5020 266.8139 0.0000
6920.03 20.07.2018 00.20.01 26.53420 285.3628 -158.7916 -0.5514 -0.5514 0.0000 0.0000 0.0000 313.0971 349.6437 -9.3263 266.8139 0.0000
6930.03 20.07.2018 00.30.01 26.45266 285.2131 -160.1207 -0.5560 -0.5560 0.0000 0.0000 0.0000 312.1467 348.7801 -9.1755 266.8139 0.0000
6940.03 20.07.2018 00.40.01 26.37026 285.0638 -160.8383 -0.5585 -0.5585 0.0000 0.0000 0.0000 311.1986 347.9303 -9.0243 266.8139 0.0000
6950.03 20.07.2018 00.50.01 26.28768 284.9135 -161.9394 -0.5623 -0.5623 0.0000 0.0000 0.0000 310.2528 347.0895 -8.8851 266.8139 0.0000
6960.03 20.07.2018 01.00.01 26.20440 284.7637 -162.7297 -0.5650 -0.5650 0.0000 0.0000 0.0000 309.3094 346.2573 -8.7628 266.8139 0.0000
6970.03 20.07.2018 01.10.01 26.12087 284.6127 -163.6878 -0.5684 -0.5684 0.0000 0.0000 0.0000 308.7153 345.4865 -8.5809 266.8136 0.0000
6980.03 20.07.2018 01.20.01 26.03701 284.4567 -163.6563 -0.5683 -0.5683 0.0000 0.0000 0.0000 308.1478 344.7358 -8.4782 266.8103 0.0000
6990.03 20.07.2018 01.30.01 25.95349 284.3012 -163.6299 -0.5682 -0.5682 0.0000 0.0000 0.0000 307.5900 344.0074 -8.3888 266.8069 0.0000
7000.03 20.07.2018 01.40.01 25.87011 284.1456 -163.5444 -0.5679 -0.5679 0.0000 0.0000 0.0000 307.0397 343.2917 -8.3411 266.8035 0.0000
7010.03 20.07.2018 01.50.01 25.78677 283.9919 -163.2348 -0.5668 -0.5668 0.0000 0.0000 0.0000 306.4961 342.5951 -8.2881 266.8002 0.0000
7020.03 20.07.2018 02.00.01 25.70345 283.8381 -162.7581 -0.5651 -0.5651 0.0000 0.0004 0.0002 305.9600 341.9075 -8.2733 266.7965 0.0000
7030.03 20.07.2018 02.10.01 25.62014 283.7060 -160.8131 -0.5584 -0.5643 0.0078 0.2224 0.1140 305.7908 341.2820 -8.3150 266.7884 0.0000
7040.03 20.07.2018 02.20.01 25.53747 283.5823 -159.8268 -0.5550 -0.5683 0.0178 0.4726 0.2423 305.6456 340.7029 -8.3775 266.7800 0.0000
7050.03 20.07.2018 02.30.01 25.45513 283.4562 -159.5783 -0.5541 -0.5752 0.0281 0.7272 0.3728 305.5068 340.1435 -8.4891 266.7716 0.0000
7060.03 20.07.2018 02.40.01 25.37283 283.3313 -159.6597 -0.5544 -0.5833 0.0385 0.9826 0.5037 305.3692 339.6029 -8.6347 266.7632 0.0000
7070.03 20.07.2018 02.50.01 25.29040 283.2067 -159.7926 -0.5548 -0.5915 0.0489 1.2381 0.6346 305.2347 339.0794 -8.8026 266.7548 0.0000
7080.03 20.07.2018 03.00.01 25.20782 283.0804 -159.9598 -0.5554 -0.6000 0.0595 1.4984 0.7680 305.0992 338.5654 -9.0089 266.7464 0.0000
7090.03 20.07.2018 03.10.01 25.12542 283.1332 -138.0151 -0.4792 -0.6068 0.1701 4.5976 2.3572 304.8581 338.3902 -8.1605 266.7366 0.0000
7100.03 20.07.2018 03.20.01 25.05145 283.1856 -120.0553 -0.4169 -0.6480 0.3082 8.0582 4.1314 304.7388 338.3702 -7.5639 266.7247 0.0000
7110.03 20.07.2018 03.30.01 24.98449 283.2385 -108.6079 -0.3771 -0.7153 0.4509 11.5737 5.9331 304.6781 338.4426 -7.1715 266.7124 0.0000
7120.03 20.07.2018 03.40.01 24.92230 283.2953 -100.9839 -0.3506 -0.7964 0.5944 15.1001 7.7404 304.6505 338.6040 -6.8807 266.7003 0.0000
7130.03 20.07.2018 03.50.01 24.86337 283.3586 -95.5522 -0.3318 -0.8853 0.7381 18.6283 9.5486 304.6474 338.8389 -6.6878 266.6884 0.0000
7140.03 20.07.2018 04.00.01 24.80694 283.4215 -91.0690 -0.3162 -0.9775 0.8818 22.1565 11.3567 304.6646 339.1250 -6.6203 266.6775 0.0000
7150.03 20.07.2018 04.10.01 24.75262 283.7646 -88.7862 -0.3083 -1.0702 1.0158 25.4118 13.0250 305.2676 339.7625 -4.9110 266.6677 0.0000
7160.03 20.07.2018 04.20.01 24.70013 284.1124 -84.7897 -0.2944 -1.1549 1.1473 28.6325 14.6756 305.9483 340.5308 -3.4422 266.6596 0.0000
7170.03 20.07.2018 04.30.01 24.65005 284.4567 -79.7561 -0.2769 -1.2356 1.2783 31.8479 16.3234 306.6635 341.3969 -2.1769 266.6538 0.0000
7180.03 20.07.2018 04.40.01 24.60266 284.8007 -74.4785 -0.2586 -1.3155 1.4092 35.0622 17.9708 307.4037 342.3505 -1.0707 266.6494 0.0000
7190.03 20.07.2018 04.50.01 24.55801 285.1458 -69.1263 -0.2400 -1.3951 1.5401 38.2763 19.6180 308.1659 343.3813 -0.0984 266.6468 0.0000
