# simtime date time IndoorTemp Av_Tair_at_facade Energyflux.toIndoor.sum  Energyflux.toIndoor.average Energyflux.Conduction.average Energyflux.SW.transmission.average Shortwave.availabe Shortwave.absorbed Longwave.available Longwave.emittedFacade Sensible.outside Vapour.fromGreening Vapour.fromSubstrate
10.02 15.07.2018 05.10.00 20.17199 288.9434 6371.7651 10.2112 -1.8387 16.0664 217.0750 101.9986 323.4452 371.0017 -16.9946 0.0000 0.0000
20.02 15.07.2018 05.20.00 21.29516 289.6496 8958.1982 14.3561 -7.4665 29.0968 384.0043 179.9367 328.8103 382.9638 -28.1068 0.0000 0.0000
30.03 15.07.2018 05.30.01 22.90539 290.4430 10506.6680 16.8376 -14.9900 42.4369 646.8683 315.2045 335.8411 415.3373 -56.1992 0.0000 0.0000
40.03 15.07.2018 05.40.01 24.77926 291.4127 4671.0376 7.4856 -23.3568 41.1232 624.9184 305.9307 345.1004 430.6528 -65.7173 0.0000 0.0000
50.03 15.07.2018 05.50.01 25.65695 292.1025 1485.9091 2.3813 -26.4306 38.4158 595.6480 292.2157 348.3014 438.6013 -69.4635 0.0000 0.0000
60.03 15.07.2018 06.00.01 25.98120 292.6267 -132.4233 -0.2122 -26.7523 35.3868 570.7699 280.5260 349.8841 443.1934 -73.4699 0.0000 0.0000
70.03 15.07.2018 06.10.01 26.02316 292.9277 -217.5797 -0.3487 -25.8030 33.9391 548.4090 269.6414 350.8602 446.9300 -77.5063 0.0000 0.0000
80.03 15.07.2018 06.20.01 26.04116 293.2072 -283.0107 -0.4535 -24.8853 32.5756 527.7924 259.7349 352.2147 449.6782 -80.7652 0.0000 0.0000
90.03 15.07.2018 06.30.01 26.15054 293.4605 11486.8594 18.4084 -24.4943 57.2037 569.1686 267.4136 353.3500 455.5249 -87.0412 0.0000 0.0000
100.03 15.07.2018 06.40.01 28.20245 293.7433 4970.2954 7.9652 -33.5689 55.3789 554.6289 260.9192 354.6665 457.3176 -88.4050 0.0000 0.0000
110.03 15.07.2018 06.50.01 29.14819 293.9825 2077.4644 3.3293 -36.7699 53.4656 540.4984 254.7385 355.8412 458.5491 -89.7638 0.0000 0.0000
120.03 15.07.2018 07.00.01 29.59286 294.2180 715.6667 1.1469 -37.4627 51.4795 526.5764 248.7358 357.0125 459.3208 -90.8874 0.0000 0.0000
130.03 15.07.2018 07.10.01 29.79806 294.5457 286.5042 0.4591 -37.0505 50.0129 517.5156 244.9382 358.4323 460.8456 -90.2077 0.0000 0.0000
140.03 15.07.2018 07.20.01 29.92242 294.8881 45.1734 0.0724 -36.3368 48.5456 509.0003 241.4663 360.1246 462.3468 -89.3724 0.0000 0.0000
150.03 15.07.2018 07.30.01 29.99911 295.2265 -136.3700 -0.2185 -35.4751 47.0088 549.9112 267.7027 361.7979 471.1428 -96.0596 0.0000 0.0000
160.03 15.07.2018 07.40.01 30.04092 295.6384 -105.6277 -0.1693 -34.5156 45.7951 542.9933 264.8238 363.9374 473.3889 -94.3868 0.0000 0.0000
170.03 15.07.2018 07.50.01 30.08367 295.9934 -173.6617 -0.2783 -33.6233 44.4600 534.8029 261.2775 365.7622 475.1697 -92.6042 0.0000 0.0000
180.03 15.07.2018 08.00.01 30.11099 296.3154 -274.9572 -0.4406 -32.7061 43.0206 527.2852 258.2141 367.4650 476.8242 -90.9317 0.0000 0.0000
190.03 15.07.2018 08.10.01 30.11770 296.6597 -360.0730 -0.5770 -31.7322 41.5402 517.9726 254.1376 369.5731 479.9840 -82.5461 0.0000 0.0000
200.03 15.07.2018 08.20.01 30.17971 296.9137 7370.2622 11.8113 -31.0416 57.1372 549.2569 261.5357 371.3848 483.5165 -84.0964 0.0000 0.0000
210.03 15.07.2018 08.30.01 31.51583 296.8827 2844.9988 4.5593 -36.5539 54.8176 537.8536 256.8367 372.7724 482.1165 -89.9521 0.0000 0.0000
220.03 15.07.2018 08.40.01 32.08276 296.9576 916.1530 1.4682 -38.0142 52.6432 527.3743 252.4617 373.9453 482.1664 -86.4004 0.0000 0.0000
230.03 15.07.2018 08.50.01 32.31448 297.1413 19.1217 0.0306 -37.8158 50.4620 551.0469 268.5817 375.2420 487.2114 -90.4595 0.0000 0.0000
240.03 15.07.2018 09.00.01 32.38622 297.3892 -422.8528 -0.6776 -36.8943 48.2888 539.7394 263.7038 376.8661 487.3085 -92.5685 0.0000 0.0000
250.03 15.07.2018 09.10.01 32.37463 297.7341 -818.4681 -1.3116 -35.6387 45.7694 525.7323 257.5846 378.8022 490.7318 -82.2812 0.0000 0.0000
260.03 15.07.2018 09.20.01 32.29073 298.4111 -993.2759 -1.5918 -34.0862 43.3259 523.3831 258.4035 380.5677 494.4404 -84.1734 0.0000 0.0000
270.03 15.07.2018 09.30.01 32.17263 298.7494 -1095.8997 -1.7563 -32.4296 40.8977 519.2118 258.1140 381.7881 495.9005 -89.6338 0.0000 0.0000
280.03 15.07.2018 09.40.01 32.03326 298.7645 -1063.0610 -1.7036 -30.7425 38.7185 511.8770 255.6139 383.1011 497.2294 -78.9477 0.0000 0.0000
290.03 15.07.2018 09.50.01 31.89523 299.1205 -1035.9244 -1.6601 -29.1411 36.6413 501.3860 251.1454 384.6478 495.0927 -90.1575 0.0000 0.0000
300.03 15.07.2018 10.00.01 31.75701 298.5746 -1109.2195 -1.7776 -27.6131 34.4473 488.6357 245.4092 385.5579 490.1045 -107.8070 0.0000 0.0000
310.03 15.07.2018 10.10.01 31.60308 298.9146 -1020.6552 -1.6357 -26.0755 32.5864 478.5305 240.8795 386.4880 489.5970 -100.7157 0.0000 0.0000
320.03 15.07.2018 10.20.01 31.46163 299.2473 -1047.1862 -1.6782 -24.6390 30.6145 466.8526 235.4897 387.3474 489.0374 -95.6154 0.0000 0.0000
330.03 15.07.2018 10.30.01 31.31289 299.5340 -1153.2966 -1.8482 -23.1995 28.4683 452.7361 228.7722 387.5482 487.9252 -91.6850 0.0000 0.0000
340.03 15.07.2018 10.40.01 31.14440 299.9139 -1105.3820 -1.7714 -21.7008 26.5725 443.2803 224.6042 388.3487 487.6481 -88.5828 0.0000 0.0000
350.03 15.07.2018 10.50.01 30.98681 300.1523 -1183.6228 -1.8968 -20.2920 24.5268 431.2665 219.0141 388.9398 486.7618 -86.5721 0.0000 0.0000
360.03 15.07.2018 11.00.01 30.81323 300.3727 -1258.8308 -2.0174 -18.8439 22.4354 418.8507 213.2172 389.5043 485.6317 -85.4326 0.0000 0.0000
370.03 15.07.2018 11.10.01 30.62417 300.5048 -1300.2327 -2.0837 -17.3594 20.3676 409.9140 209.6322 390.3700 485.3946 -83.2300 0.0000 0.0000
380.03 15.07.2018 11.20.01 30.42541 300.6171 -1374.0668 -2.2020 -15.8664 18.2191 395.9391 203.0843 391.1415 484.2817 -81.3441 0.0000 0.0000
390.03 15.07.2018 11.30.01 30.21130 300.7405 -1438.2268 -2.3049 -14.3389 16.0454 381.2617 196.1353 391.6812 482.8187 -80.0027 0.0000 0.0000
400.03 15.07.2018 11.40.01 29.98361 300.7876 -1416.7849 -2.2705 -12.7901 14.0261 372.3385 192.4563 392.4347 481.8750 -79.9845 0.0000 0.0000
410.03 15.07.2018 11.50.01 29.75677 300.9113 -1464.6530 -2.3472 -11.2901 11.9238 361.6779 187.7981 392.9434 480.6529 -79.5381 0.0000 0.0000
420.03 15.07.2018 12.00.01 29.51895 301.0283 -1528.7202 -2.4499 -9.7788 9.7720 346.6813 180.5754 393.2513 478.6482 -78.3994 0.0000 0.0000
430.03 15.07.2018 12.10.01 29.26794 301.2425 -1445.3547 -2.3163 -8.2450 7.9050 334.9630 175.2003 394.1053 478.8859 -68.9436 0.0000 0.0000
440.03 15.07.2018 12.20.01 29.03106 301.3627 -1003.4932 -1.6082 -6.8177 6.9460 330.4298 173.4490 394.5745 478.8130 -68.4842 0.0000 0.0000
450.03 15.07.2018 12.30.01 28.87100 301.3401 -378.6379 -0.6068 -5.7964 6.9195 334.6158 176.2245 394.7623 478.5958 -74.6805 0.0000 0.0000
460.03 15.07.2018 12.40.01 28.81902 301.3879 -87.3941 -0.1401 -5.3088 6.8917 348.5679 184.7984 395.0837 480.2827 -79.3516 0.0000 0.0000
470.03 15.07.2018 12.50.01 28.81863 301.2975 48.8290 0.0783 -5.0587 6.8493 352.5734 187.4141 395.1566 480.2330 -83.7061 0.0000 0.0000
480.03 15.07.2018 13.00.01 28.84304 301.3434 169.4237 0.2715 -4.9129 6.9125 361.5378 192.9250 395.5352 481.2828 -87.3024 0.0000 0.0000
490.03 15.07.2018 13.10.01 28.88967 301.3987 194.3334 0.3114 -4.8534 6.8865 364.2532 194.9030 395.6783 482.4541 -84.4014 0.0000 0.0000
500.03 15.07.2018 13.20.01 28.94183 301.4596 194.5182 0.3117 -4.7998 6.8153 365.8303 196.2336 395.7048 483.4847 -82.2964 0.0000 0.0000
510.03 15.07.2018 13.30.01 28.99481 301.4918 147.0526 0.2357 -4.7344 6.6268 364.9990 196.2088 395.3972 484.0492 -80.6703 0.0000 0.0000
520.03 15.07.2018 13.40.01 29.04025 301.5204 143.5590 0.2301 -4.6227 6.4704 365.0270 196.6342 395.0460 484.6505 -79.4129 0.0000 0.0000
530.03 15.07.2018 13.50.01 29.08550 301.5464 167.4137 0.2683 -4.5046 6.3639 374.2292 202.5263 394.8166 486.7678 -79.3933 0.0000 0.0000
540.03 15.07.2018 14.00.01 29.13506 301.5564 136.2023 0.2183 -4.4019 6.1602 374.8564 203.3472 394.3566 487.6376 -78.4826 0.0000 0.0000
550.03 15.07.2018 14.10.01 29.18005 301.5772 238.8210 0.3827 -4.2716 6.2057 365.3071 198.4531 394.8194 488.3398 -73.6166 0.0000 0.0000
560.03 15.07.2018 14.20.01 29.24307 301.6275 242.9647 0.3894 -4.2206 6.1466 352.9770 191.9720 395.0233 488.4461 -68.4649 0.0000 0.0000
570.03 15.07.2018 14.30.01 29.30761 301.6930 246.3889 0.3949 -4.1645 6.0791 339.4309 184.7681 395.0635 488.1821 -63.5078 0.0000 0.0000
580.03 15.07.2018 14.40.01 29.37322 301.6872 225.7598 0.3618 -4.1043 5.9547 323.0274 175.9373 394.8565 487.0995 -58.8600 0.0000 0.0000
590.03 15.07.2018 14.50.01 29.43578 301.6798 246.4823 0.3950 -4.0229 5.8905 306.6847 167.0984 394.6909 485.8013 -54.5265 0.0000 0.0000
600.03 15.07.2018 15.00.01 29.50216 301.6587 240.5788 0.3855 -3.9556 5.7882 288.6102 157.2493 394.3781 483.9575 -50.3875 0.0000 0.0000
610.03 15.07.2018 15.10.01 29.56729 301.7891 178.2717 0.2857 -3.8822 5.5573 279.1723 152.1659 393.4856 482.5510 -49.7779 0.0000 0.0000
620.03 15.07.2018 15.20.01 29.62234 301.8869 225.6332 0.3616 -3.7535 5.4867 271.8459 148.2256 392.9578 480.9503 -50.1109 0.0000 0.0000
630.03 15.07.2018 15.30.01 29.68575 301.7981 253.6779 0.4065 -3.6634 5.4266 264.2365 144.1079 392.1601 478.5583 -51.9285 0.0000 0.0000
640.03 15.07.2018 15.40.01 29.75387 301.5514 245.1680 0.3929 -3.5980 5.3212 254.5608 138.8266 391.0748 475.4888 -53.1491 0.0000 0.0000
650.03 15.07.2018 15.50.01 29.82031 301.3312 264.6845 0.4242 -3.5297 5.2719 245.3928 133.8073 390.0589 472.4307 -54.0853 0.0000 0.0000
660.03 15.07.2018 16.00.01 29.88970 301.1717 268.6724 0.4306 -3.4825 5.2174 235.6353 128.4383 389.1289 469.3652 -54.3779 0.0000 0.0000
670.03 15.07.2018 16.10.01 29.95889 301.0044 124.5586 0.1996 -3.4424 4.8560 227.0268 123.8758 387.1590 466.9395 -52.5705 0.0000 0.0000
680.03 15.07.2018 16.20.01 30.00265 300.8063 62.1707 0.0996 -3.2884 4.5174 218.5789 119.3919 385.1382 464.4279 -50.9812 0.0000 0.0000
690.03 15.07.2018 16.30.01 30.03439 300.5762 27.5814 0.0442 -3.0960 4.1869 210.1967 114.9413 383.1287 461.8378 -49.4919 0.0000 0.0000
700.03 15.07.2018 16.40.01 30.05874 300.3472 -2.7386 -0.0044 -2.8907 3.8484 202.5080 110.9266 381.0581 459.4500 -47.4212 0.0000 0.0000
710.03 15.07.2018 16.50.01 30.07638 300.1595 -32.8818 -0.0527 -2.6765 3.4985 194.4267 106.6858 378.8909 456.8387 -45.6319 0.0000 0.0000
720.03 15.07.2018 17.00.01 30.08734 299.9815 -53.7445 -0.0861 -2.4538 3.1570 186.1422 102.3155 376.6359 453.9601 -44.2362 0.0000 0.0000
730.03 15.07.2018 17.10.01 30.09335 299.7495 -20.8609 -0.0334 -2.2314 2.9307 178.7838 98.3853 374.8653 451.3270 -42.3059 0.0000 0.0000
740.03 15.07.2018 17.20.01 30.10342 299.5124 -16.5020 -0.0264 -2.0551 2.7049 171.1945 94.3162 373.1307 448.6314 -40.6546 0.0000 0.0000
750.03 15.07.2018 17.30.01 30.11279 299.2784 -26.6393 -0.0427 -1.8986 2.4746 163.3166 90.0780 371.4242 445.8923 -39.0733 0.0000 0.0000
760.03 15.07.2018 17.40.01 30.11910 299.0452 -34.1853 -0.0548 -1.7490 2.2590 153.9471 84.9943 369.7497 443.0063 -37.3719 0.0000 0.0000
770.03 15.07.2018 17.50.01 30.12271 298.8104 -48.9795 -0.0785 -1.6081 2.0395 144.2885 79.7404 368.0824 440.0556 -35.5949 0.0000 0.0000
780.03 15.07.2018 18.00.01 30.12246 298.5765 -67.3058 -0.1079 -1.4702 1.8164 134.3178 74.3025 366.4139 437.0501 -33.7343 0.0000 0.0000
790.03 15.07.2018 18.10.01 30.11758 298.0419 -71.1078 -0.1140 -1.3341 1.6268 119.1251 65.9167 364.6534 433.1468 -32.4729 0.0000 0.0000
800.03 15.07.2018 18.20.01 30.11022 297.5073 -101.5809 -0.1628 -1.2172 1.4059 103.2616 57.1535 362.7425 428.9701 -30.8729 0.0000 0.0000
810.03 15.07.2018 18.30.01 30.09567 296.9726 -124.2237 -0.1991 -1.0966 1.1966 87.3708 48.3650 360.7896 424.6731 -29.1580 0.0000 0.0000
820.03 15.07.2018 18.40.01 30.07522 296.4393 -148.4901 -0.2380 -0.9791 0.9882 62.4425 34.6152 358.8092 419.5122 -26.5628 0.0000 0.0000
830.03 15.07.2018 18.50.01 30.04858 295.9014 -186.6178 -0.2991 -0.8636 0.7527 39.4743 21.8165 356.7287 414.0360 -23.6426 0.0000 0.0000
840.03 15.07.2018 19.00.01 30.01336 295.3637 -218.3083 -0.3499 -0.7389 0.5188 16.5140 9.0202 354.6294 408.4540 -20.5897 0.0000 0.0000
850.03 15.07.2018 19.10.01 29.97061 294.7088 -216.3719 -0.3468 -0.6124 0.3541 13.0576 7.1379 352.6137 404.5917 -19.4942 0.0000 0.0000
860.03 15.07.2018 19.20.01 29.92596 294.0655 -193.1247 -0.3095 -0.5153 0.2744 10.8684 5.9489 350.8140 401.2352 -19.0942 0.0000 0.0000
870.03 15.07.2018 19.30.01 29.88296 293.4295 -191.4855 -0.3069 -0.4645 0.2102 8.9040 4.8828 349.1009 398.0919 -19.0356 0.0000 0.0000
880.03 15.07.2018 19.40.01 29.83810 292.8019 -204.7526 -0.3281 -0.4398 0.1489 5.9656 3.2746 347.4259 395.0262 -18.9865 0.0000 0.0000
890.03 15.07.2018 19.50.01 29.78900 292.1801 -226.2347 -0.3626 -0.4266 0.0854 3.1374 1.7216 345.7713 392.0556 -19.0691 0.0000 0.0000
900.03 15.07.2018 20.00.01 29.73425 291.5664 -250.7906 -0.4019 -0.4182 0.0217 0.3309 0.1815 344.1371 389.1746 -19.2475 0.0000 0.0000
910.03 15.07.2018 20.10.01 29.67346 291.1401 -254.4265 -0.4077 -0.4107 0.0039 0.0594 0.0326 342.5189 386.8084 -18.9724 0.0000 0.0000
920.03 15.07.2018 20.20.01 29.61016 290.7176 -260.5685 -0.4176 -0.4181 0.0007 0.0107 0.0059 340.9909 384.6052 -18.8967 0.0000 0.0000
930.03 15.07.2018 20.30.01 29.54431 290.2947 -273.8991 -0.4389 -0.4390 0.0001 0.0019 0.0011 339.5022 382.4992 -18.9910 0.0000 0.0000
940.03 15.07.2018 20.40.01 29.47466 289.8780 -290.7841 -0.4660 -0.4660 0.0000 0.0003 0.0002 338.0404 380.5062 -19.0404 0.0000 0.0000
950.03 15.07.2018 20.50.01 29.40072 289.4709 -307.9823 -0.4936 -0.4936 0.0000 0.0001 0.0000 336.5992 378.5897 -19.1589 0.0000 0.0000
960.03 15.07.2018 21.00.01 29.32256 289.0660 -325.0986 -0.5210 -0.5210 0.0000 0.0000 0.0000 335.1728 376.7347 -19.3432 0.0000 0.0000
970.03 15.07.2018 21.10.01 29.24050 289.0938 -337.2791 -0.5405 -0.5405 0.0000 0.0000 0.0000 333.9561 375.7085 -16.4055 0.0000 0.0000
980.03 15.07.2018 21.20.01 29.15716 288.6659 -339.3822 -0.5439 -0.5439 0.0000 0.0000 0.0000 332.6013 374.2503 -16.0960 0.0000 0.0000
990.03 15.07.2018 21.30.01 29.07336 288.7583 -339.9530 -0.5448 -0.5448 0.0000 0.0000 0.0000 331.4285 372.9259 -16.0011 0.0000 0.0000
1000.03 15.07.2018 21.40.01 28.98855 288.4847 -347.7447 -0.5573 -0.5573 0.0000 0.0000 0.0000 330.3150 371.6906 -15.0749 0.0000 0.0000
1010.03 15.07.2018 21.50.01 28.90081 287.7405 -364.8323 -0.5847 -0.5847 0.0000 0.0000 0.0000 329.0238 369.6747 -17.6175 0.0000 0.0000
1020.03 15.07.2018 22.00.01 28.80728 287.3193 -396.4319 -0.6353 -0.6353 0.0000 0.0000 0.0000 327.9325 367.5903 -20.8619 0.0000 0.0000
1030.03 15.07.2018 22.10.01 28.70461 287.1719 -432.9395 -0.6938 -0.6938 0.0000 0.0000 0.0000 327.2410 366.2971 -20.2219 0.0000 0.0000
1040.03 15.07.2018 22.20.01 28.59500 287.0360 -452.5101 -0.7252 -0.7252 0.0000 0.0000 0.0000 326.5356 365.1008 -19.6510 0.0000 0.0000
1050.03 15.07.2018 22.30.01 28.48193 286.9059 -462.7316 -0.7416 -0.7416 0.0000 0.0000 0.0000 325.8328 363.9736 -19.1506 0.0000 0.0000
1060.03 15.07.2018 22.40.01 28.36691 286.7742 -469.1347 -0.7518 -0.7518 0.0000 0.0000 0.0000 325.1473 362.9059 -18.7016 0.0000 0.0000
1070.03 15.07.2018 22.50.01 28.25045 286.6397 -473.5941 -0.7590 -0.7590 0.0000 0.0000 0.0000 324.4747 361.8835 -18.3195 0.0000 0.0000
1080.03 15.07.2018 23.00.01 28.13299 286.5059 -477.5110 -0.7652 -0.7652 0.0000 0.0000 0.0000 323.8160 360.9044 -17.9792 0.0000 0.0000
1090.03 15.07.2018 23.10.01 28.01492 286.4281 -476.4761 -0.7636 -0.7636 0.0000 0.0000 0.0000 323.4100 360.4195 -15.8413 0.0000 0.0000
1100.03 15.07.2018 23.20.01 27.89892 286.4173 -462.4293 -0.7411 -0.7411 0.0000 0.0000 0.0000 322.8752 359.7576 -14.8906 0.0000 0.0000
1110.03 15.07.2018 23.30.01 27.78600 286.3501 -455.2994 -0.7296 -0.7296 0.0000 0.0000 0.0000 322.2559 358.6029 -16.3483 0.0000 0.0000
1120.03 15.07.2018 23.40.01 27.67254 286.5436 -462.1625 -0.7406 -0.7406 0.0000 0.0000 0.0000 321.9217 358.6842 -12.5293 0.0000 0.0000
1130.03 15.07.2018 23.50.01 27.55877 286.0414 -462.2766 -0.7408 -0.7408 0.0000 0.0000 0.0000 321.3743 357.9152 -13.3082 0.0000 0.0000
1140.03 16.07.2018 00.00.01 27.44311 285.6228 -477.7925 -0.7657 -0.7657 0.0000 0.0000 0.0000 320.8393 356.3225 -16.9793 0.0000 0.0000
1150.03 16.07.2018 00.10.01 27.32232 285.6270 -499.4326 -0.8004 -0.8004 0.0000 0.0000 0.0000 320.4468 355.7334 -15.7893 0.0000 0.0000
1160.03 16.07.2018 00.20.01 27.19775 285.6385 -507.6753 -0.8136 -0.8136 0.0000 0.0000 0.0000 320.1468 355.2300 -14.7052 0.0000 0.0000
1170.03 16.07.2018 00.30.01 27.07232 285.6454 -508.8609 -0.8155 -0.8155 0.0000 0.0000 0.0000 319.8711 354.7665 -13.7459 0.0000 0.0000
1180.03 16.07.2018 00.40.01 26.94695 285.6546 -506.2691 -0.8113 -0.8113 0.0000 0.0000 0.0000 319.6253 354.3511 -12.8405 0.0000 0.0000
1190.03 16.07.2018 00.50.01 26.82241 285.6719 -502.7808 -0.8057 -0.8057 0.0000 0.0000 0.0000 319.3886 353.9696 -11.9937 0.0000 0.0000
1200.03 16.07.2018 01.00.01 26.69882 285.6883 -498.8439 -0.7994 -0.7994 0.0000 0.0000 0.0000 319.1554 353.5994 -11.2501 0.0000 0.0000
1210.03 16.07.2018 01.10.01 26.57614 285.5493 -497.1533 -0.7967 -0.7967 0.0000 0.0000 0.0000 318.7857 352.9416 -11.7650 0.0000 0.0000
1220.03 16.07.2018 01.20.01 26.45309 285.4160 -500.4101 -0.8019 -0.8019 0.0000 0.0000 0.0000 318.4044 352.2433 -12.3209 0.0000 0.0000
1230.03 16.07.2018 01.30.01 26.32885 285.2985 -506.7367 -0.8121 -0.8121 0.0000 0.0000 0.0000 318.0194 351.5504 -12.7993 0.0000 0.0000
1240.03 16.07.2018 01.40.01 26.20294 285.1930 -513.0524 -0.8222 -0.8222 0.0000 0.0000 0.0000 317.6544 350.9296 -12.9031 0.0000 0.0000
1250.03 16.07.2018 01.50.01 26.07574 285.0772 -516.9493 -0.8284 -0.8284 0.0000 0.0000 0.0000 317.2814 350.2822 -13.0839 0.0000 0.0000
1260.03 16.07.2018 02.00.01 25.94766 284.9778 -518.7841 -0.8314 -0.8314 0.0000 0.0005 0.0003 316.8952 349.6339 -13.2437 0.0000 0.0000
1270.03 16.07.2018 02.10.01 25.81970 284.9675 -508.2694 -0.8145 -0.8261 0.0154 0.3299 0.1735 316.5613 349.6064 -10.9331 0.0000 0.0000
1280.03 16.07.2018 02.20.01 25.69576 285.0016 -485.5978 -0.7782 -0.8037 0.0340 0.7090 0.3740 316.0571 349.4098 -9.6219 0.0000 0.0000
1290.03 16.07.2018 02.30.01 25.57714 285.1385 -470.6226 -0.7542 -0.7941 0.0532 1.0961 0.5789 315.7124 348.8728 -10.5634 0.0000 0.0000
1300.03 16.07.2018 02.40.01 25.45983 285.2809 -467.7631 -0.7496 -0.8039 0.0724 1.4848 0.7847 315.4751 348.9854 -8.1597 0.0000 0.0000
1310.03 16.07.2018 02.50.01 25.34451 284.7782 -460.1260 -0.7374 -0.8061 0.0916 1.8738 0.9907 315.0637 347.8894 -11.3223 0.0000 0.0000
1320.03 16.07.2018 03.00.01 25.22808 284.5162 -476.1918 -0.7631 -0.8464 0.1110 2.2658 1.1982 314.6683 346.8131 -13.8949 0.0000 0.0000
1330.03 16.07.2018 03.10.01 25.10681 284.6608 -456.0782 -0.7309 -0.8915 0.2141 4.4454 2.3456 314.5742 346.6965 -12.8525 0.0000 0.0000
1340.03 16.07.2018 03.20.01 24.98968 284.8239 -432.1808 -0.6926 -0.9434 0.3343 6.8947 3.6415 314.6373 346.7666 -11.9482 0.0000 0.0000
1350.03 16.07.2018 03.30.01 24.87789 284.9953 -411.1672 -0.6589 -1.0021 0.4576 9.3884 4.9616 314.7676 346.9478 -11.1242 0.0000 0.0000
1360.03 16.07.2018 03.40.01 24.77087 285.1687 -393.0248 -0.6298 -1.0659 0.5813 11.8904 6.2863 314.9371 347.2094 -10.3913 0.0000 0.0000
1370.03 16.07.2018 03.50.01 24.66802 285.3434 -376.7894 -0.6038 -1.1327 0.7052 14.3939 7.6118 315.1362 347.5403 -9.7273 0.0000 0.0000
1380.03 16.07.2018 04.00.01 24.56902 285.5240 -362.1771 -0.5804 -1.2022 0.8291 16.8972 8.9372 315.3626 347.9347 -9.1089 0.0000 0.0000
1390.03 16.07.2018 04.10.01 24.47393 286.3256 -347.0827 -0.5562 -1.2626 0.9419 19.1645 10.1385 317.0014 349.5095 -4.8583 0.0000 0.0000
1400.03 16.07.2018 04.20.01 24.38491 287.1192 -315.9165 -0.5063 -1.2956 1.0524 21.3962 11.3203 318.6904 351.0073 -1.8827 0.0000 0.0000
1410.03 16.07.2018 04.30.01 24.30374 287.8965 -287.4040 -0.4606 -1.3325 1.1626 23.6220 12.4988 320.4354 352.5138 0.5591 0.0000 0.0000
1420.03 16.07.2018 04.40.01 24.22848 288.6731 -266.1066 -0.4265 -1.3810 1.2727 25.8467 13.6767 322.2273 354.2511 2.4710 0.0000 0.0000
1430.03 16.07.2018 04.50.01 24.16271 289.3154 768.0306 1.2308 -1.4290 3.5465 54.7898 27.1008 324.0221 356.5959 3.7495 0.0000 0.0000
1440.03 16.07.2018 05.00.01 24.27361 290.1025 497.8374 0.7978 -2.3339 4.1756 63.3705 31.3617 326.5333 359.7786 5.3431 0.0000 0.0000
1450.03 16.07.2018 05.10.01 24.36385 290.7414 5490.3389 8.7986 -2.9552 15.6718 213.4024 100.6370 328.4939 366.2523 0.5313 0.0000 0.0000
1460.03 16.07.2018 05.20.01 25.32122 291.5762 8346.6104 13.3760 -7.7505 28.1687 373.4434 175.3050 333.9467 379.4033 -12.3692 0.0000 0.0000
1470.03 16.07.2018 05.30.01 26.79247 292.4755 9992.7539 16.0140 -14.7321 40.9948 626.0793 305.3026 341.2244 411.7946 -41.9479 0.0000 0.0000
1480.03 16.07.2018 05.40.01 28.54748 293.4903 4353.7764 6.9772 -22.8070 39.7123 604.8191 296.3278 350.3908 428.0823 -55.1325 0.0000 0.0000
1490.03 16.07.2018 05.50.01 29.35455 294.1742 1252.2603 2.0068 -25.8134 37.0936 576.5299 283.0914 353.6395 435.4194 -64.6260 0.0000 0.0000
1500.03 16.07.2018 06.00.01 29.63006 294.7877 -329.5846 -0.5282 -26.1519 34.1650 552.3591 271.7496 355.4578 439.8298 -73.0107 0.0000 0.0000
1510.03 16.07.2018 06.10.01 29.62969 295.1462 -359.0773 -0.5754 -25.2183 32.8572 532.2055 261.9341 356.7629 444.5701 -77.0294 0.0000 0.0000
1520.03 16.07.2018 06.20.01 29.61523 295.5155 -394.1748 -0.6317 -24.3584 31.6356 513.7990 253.0969 358.4851 448.5594 -79.2394 0.0000 0.0000
1530.03 16.07.2018 06.30.01 29.63641 295.8747 11268.5645 18.0586 -23.5378 55.4619 555.0344 261.1468 359.9534 455.4461 -84.4916 0.0000 0.0000
1540.03 16.07.2018 06.40.01 31.61755 296.2635 4848.6880 7.7703 -32.5983 53.8249 542.2559 255.4805 361.7058 458.6332 -85.0450 0.0000 0.0000
1550.03 16.07.2018 06.50.01 32.52529 296.6190 1991.8083 3.1920 -35.8680 52.0800 529.6495 250.0014 363.2410 461.2447 -85.1968 0.0000 0.0000
1560.03 16.07.2018 07.00.01 32.94595 296.9697 654.1349 1.0483 -36.6515 50.2664 517.2194 244.6778 364.7767 463.4026 -84.8304 0.0000 0.0000
1570.03 16.07.2018 07.10.01 33.13421 297.2749 246.4744 0.3950 -36.3295 48.9659 509.3854 241.4115 366.4671 465.4890 -83.9261 0.0000 0.0000
1580.03 16.07.2018 07.20.01 33.24697 297.5837 17.5585 0.0281 -35.7176 47.6610 502.0750 238.4606 368.3664 467.5760 -82.8750 0.0000 0.0000
1590.03 16.07.2018 07.30.01 33.31533 297.8940 -156.6114 -0.2510 -34.9625 46.2821 543.1616 264.6043 370.2125 476.9382 -88.8019 0.0000 0.0000
1600.03 16.07.2018 07.40.01 33.35012 298.2691 -139.2522 -0.2232 -34.1028 45.1728 537.0738 262.0957 372.5009 479.7742 -87.1016 0.0000 0.0000
1610.03 16.07.2018 07.50.01 33.38430 298.5923 -212.3647 -0.3403 -33.2945 43.9389 529.6986 258.9132 374.4551 482.1785 -85.0252 0.0000 0.0000
1620.03 16.07.2018 08.00.01 33.40307 298.9173 -313.7941 -0.5029 -32.4530 42.6002 523.0171 256.2266 376.2990 484.5067 -82.9458 0.0000 0.0000
1630.03 16.07.2018 08.10.01 33.40206 299.0816 -370.2650 -0.5934 -31.5531 41.2797 515.2460 252.8627 377.7604 485.6124 -82.1303 0.0000 0.0000
1640.03 16.07.2018 08.20.01 33.42132 299.2003 7547.6450 12.0956 -30.6360 56.9754 547.9862 260.9676 379.0043 489.0038 -84.9686 0.0000 0.0000
1650.03 16.07.2018 08.30.01 34.77090 299.3374 2956.6536 4.7382 -36.4210 54.8790 538.2228 256.9923 380.3101 489.7810 -85.7503 0.0000 0.0000
1660.03 16.07.2018 08.40.01 35.35217 299.4497 985.9998 1.5801 -38.0772 52.8765 529.1354 253.2559 381.3655 490.6090 -84.7641 0.0000 0.0000
1670.03 16.07.2018 08.50.01 35.59664 299.6144 68.4621 0.1097 -38.0276 50.8498 554.3966 270.1454 382.5412 496.2101 -90.8956 0.0000 0.0000
1680.03 16.07.2018 09.00.01 35.68038 299.7377 -397.9823 -0.6378 -37.2258 48.7840 543.8383 265.5690 383.9612 496.5886 -93.6444 0.0000 0.0000
1690.03 16.07.2018 09.10.01 35.67886 299.8350 -733.1383 -1.1749 -36.0779 46.5373 532.8642 260.9251 385.1191 496.2989 -97.1373 0.0000 0.0000
1700.03 16.07.2018 09.20.01 35.61459 299.9642 -906.0752 -1.4520 -34.7019 44.3332 533.5644 263.2538 386.3685 497.3205 -102.3092 0.0000 0.0000
1710.03 16.07.2018 09.30.01 35.51547 300.0464 -1027.4366 -1.6465 -33.2348 42.1176 532.5488 264.5580 387.7482 498.0009 -106.6529 0.0000 0.0000
1720.03 16.07.2018 09.40.01 35.39117 300.1596 -1028.2633 -1.6479 -31.7146 40.0890 527.5396 263.2229 389.1798 497.9359 -110.1507 0.0000 0.0000
1730.03 16.07.2018 09.50.01 35.26278 300.3131 -1021.9077 -1.6377 -30.2394 38.1356 519.1606 259.8112 390.7347 497.3047 -112.8421 0.0000 0.0000
1740.03 16.07.2018 10.00.01 35.13171 300.4495 -1117.8534 -1.7914 -28.8075 36.0214 508.0635 254.8913 392.0035 496.0406 -114.9195 0.0000 0.0000
1750.03 16.07.2018 10.10.01 34.98037 300.7584 -1408.3215 -2.2569 -27.3233 33.4219 491.5662 247.5643 393.7924 497.3253 -102.2250 0.0000 0.0000
1760.03 16.07.2018 10.20.01 34.77685 301.0471 -1579.6958 -2.5316 -25.6174 30.7811 472.9719 239.0111 395.2010 497.8649 -94.2070 0.0000 0.0000
1770.03 16.07.2018 10.30.01 34.54058 301.3329 -1705.5212 -2.7332 -23.8025 28.0923 452.2966 229.2497 395.7208 497.0271 -91.2163 0.0000 0.0000
1780.03 16.07.2018 10.40.01 34.27969 301.5168 -1567.5635 -2.5121 -21.9246 25.8834 438.2318 222.9577 396.9371 496.9257 -88.4257 0.0000 0.0000
1790.03 16.07.2018 10.50.01 34.03970 301.6502 -1501.7231 -2.4066 -20.1701 23.6847 422.6193 215.7285 398.0625 496.2007 -86.5842 0.0000 0.0000
1800.03 16.07.2018 11.00.01 33.80490 301.7109 -1450.3335 -2.3243 -18.5186 21.5924 407.4139 208.6617 399.1225 495.1084 -85.7787 0.0000 0.0000
1810.03 16.07.2018 11.10.01 33.57754 301.9508 -1202.2804 -1.9267 -16.9435 20.0224 403.3121 207.2151 400.1419 496.7535 -72.2602 0.0000 0.0000
1820.03 16.07.2018 11.20.01 33.39141 301.9347 -1134.8828 -1.8187 -15.6013 18.3768 395.9970 203.8963 401.0980 494.2945 -84.3090 0.0000 0.0000
1830.03 16.07.2018 11.30.01 33.21511 301.9711 -1158.2402 -1.8562 -14.3319 16.6344 387.9125 200.1896 401.4169 491.0460 -94.9030 0.0000 0.0000
1840.03 16.07.2018 11.40.01 33.03399 302.2773 -1148.1309 -1.8400 -13.0526 14.9502 384.7019 199.3304 403.1731 493.3058 -81.0711 0.0000 0.0000
1850.03 16.07.2018 11.50.01 32.85366 302.2104 -1236.5695 -1.9817 -11.7908 13.0789 379.2496 197.2680 404.4068 493.8556 -76.0551 0.0000 0.0000
1860.03 16.07.2018 12.00.01 32.65563 302.1585 -1360.8303 -2.1808 -10.4785 11.0636 369.1798 192.5448 404.0460 490.8338 -81.4726 0.0000 0.0000
1870.03 16.07.2018 12.10.01 32.43313 302.1980 -1305.2791 -2.0918 -9.1043 9.3500 356.6916 186.8234 404.3000 489.5678 -81.8868 0.0000 0.0000
1880.03 16.07.2018 12.20.01 32.21911 302.2225 -920.5165 -1.4752 -7.8159 8.4543 349.5736 183.7050 404.0308 488.5296 -82.6600 0.0000 0.0000
1890.03 16.07.2018 12.30.01 32.07177 302.2505 -348.6269 -0.5587 -6.8846 8.4346 350.0198 184.4639 403.4866 488.2348 -84.2572 0.0000 0.0000
1900.03 16.07.2018 12.40.01 32.02328 302.2800 -86.3146 -0.1383 -6.4437 8.4071 359.6583 190.6832 402.8447 489.4306 -86.0888 0.0000 0.0000
1910.03 16.07.2018 12.50.01 32.02123 302.3242 40.7980 0.0654 -6.2147 8.3735 359.6150 191.0969 401.9934 489.2923 -86.5598 0.0000 0.0000
1920.03 16.07.2018 13.00.01 32.04272 302.3730 152.2231 0.2439 -6.0808 8.4330 363.6366 193.8797 401.2997 489.7850 -87.5598 0.0000 0.0000
1930.03 16.07.2018 13.10.01 32.08563 302.3537 381.7453 0.6118 -6.0314 8.8576 361.1393 192.9306 401.2274 490.3373 -86.0446 0.0000 0.0000
1940.03 16.07.2018 13.20.01 32.16927 302.3174 412.7910 0.6615 -6.1594 9.0946 354.1479 189.4276 400.7849 490.0883 -83.9162 0.0000 0.0000
1950.03 16.07.2018 13.30.01 32.26006 302.2844 476.1296 0.7630 -6.2976 9.4142 347.4436 186.0373 400.4347 489.7620 -81.9578 0.0000 0.0000
1960.03 16.07.2018 13.40.01 32.36303 302.2483 494.0681 0.7918 -6.4742 9.6879 338.5824 181.3946 400.0054 489.0465 -79.5550 0.0000 0.0000
1970.03 16.07.2018 13.50.01 32.47039 302.2164 514.8939 0.8252 -6.6532 9.9711 333.4605 178.9893 399.5683 488.7911 -77.7049 0.0000 0.0000
1980.03 16.07.2018 14.00.01 32.58230 302.2103 510.2913 0.8178 -6.8378 10.2074 322.0932 172.8717 399.0218 487.6052 -74.6954 0.0000 0.0000
1990.03 16.07.2018 14.10.01 32.69326 302.1419 297.9871 0.4775 -7.0041 9.9755 313.6026 168.4171 397.9578 485.6176 -74.2774 0.0000 0.0000
2000.03 16.07.2018 14.20.01 32.76782 302.0577 223.8381 0.3587 -6.9885 9.7963 305.5419 164.1811 396.8270 483.6163 -73.7820 0.0000 0.0000
2010.03 16.07.2018 14.30.01 32.82916 301.9693 191.2729 0.3065 -6.9151 9.6289 297.1670 159.7471 395.7256 481.5211 -73.0255 0.0000 0.0000
2020.03 16.07.2018 14.40.01 32.88418 301.8727 161.4168 0.2587 -6.8196 9.4376 287.5893 154.6269 394.6544 479.3174 -71.5093 0.0000 0.0000
2030.03 16.07.2018 14.50.01 32.93359 301.7712 157.0658 0.2517 -6.7052 9.2758 278.0882 149.5308 393.5731 477.0439 -70.0594 0.0000 0.0000
2040.03 16.07.2018 15.00.01 32.98165 301.6722 142.4042 0.2282 -6.5931 9.0950 267.7923 143.9717 392.4725 474.5968 -68.4934 0.0000 0.0000
2050.03 16.07.2018 15.10.01 33.02575 301.6275 -74.3939 -0.1192 -6.4753 8.4747 265.7061 143.1451 390.9813 473.2156 -65.6605 0.0000 0.0000
2060.03 16.07.2018 15.20.01 33.03253 301.5902 -135.8674 -0.2177 -6.1787 7.9480 265.2974 143.2528 389.7058 472.4097 -63.0468 0.0000 0.0000
2070.03 16.07.2018 15.30.01 33.02749 301.5596 -170.8355 -0.2738 -5.8427 7.4252 265.0954 143.4813 388.5264 471.7006 -61.3433 0.0000 0.0000
2080.03 16.07.2018 15.40.01 33.01519 301.5300 -214.7572 -0.3442 -5.4906 6.8619 266.0427 144.3500 387.3476 471.3363 -59.4052 0.0000 0.0000
2090.03 16.07.2018 15.50.01 32.99417 301.5071 -222.3127 -0.3563 -5.1150 6.3449 267.8595 145.7050 386.2606 471.2553 -57.8464 0.0000 0.0000
2100.03 16.07.2018 16.00.01 32.97048 301.4858 -238.5875 -0.3824 -4.7466 5.8191 269.4149 146.9114 385.2395 471.2604 -56.4858 0.0000 0.0000
2110.03 16.07.2018 16.10.01 32.94332 301.3477 -150.6817 -0.2415 -4.3798 5.5178 257.5546 140.5384 384.2049 469.8129 -55.0501 0.0000 0.0000
2120.03 16.07.2018 16.20.01 32.92974 301.2096 -134.6707 -0.2158 -4.1034 5.1834 244.8780 133.7012 382.9626 467.8493 -53.3761 0.0000 0.0000
2130.03 16.07.2018 16.30.01 32.91784 301.0603 -134.0349 -0.2148 -3.8537 4.8519 232.0169 126.7517 381.6522 465.6336 -51.4909 0.0000 0.0000
2140.03 16.07.2018 16.40.01 32.90493 300.9109 -146.7892 -0.2352 -3.6166 4.5085 218.8328 119.6775 380.2606 463.0880 -50.2174 0.0000 0.0000
2150.03 16.07.2018 16.50.01 32.88876 300.7545 -168.0411 -0.2693 -3.3808 4.1486 204.9960 112.2249 378.8335 460.2882 -48.4883 0.0000 0.0000
2160.03 16.07.2018 17.00.01 32.86794 300.5937 -180.4269 -0.2891 -3.1393 3.8002 190.8445 104.5736 377.3439 457.2917 -46.3858 0.0000 0.0000
2170.03 16.07.2018 17.10.01 32.84396 300.3664 -156.3451 -0.2506 -2.9004 3.5331 179.8216 98.6053 375.9664 454.4516 -44.4864 0.0000 0.0000
2180.03 16.07.2018 17.20.01 32.82290 300.1383 -147.5862 -0.2365 -2.6960 3.2793 168.7094 92.5732 374.6141 451.5646 -42.5700 0.0000 0.0000
2190.03 16.07.2018 17.30.01 32.80227 299.9118 -151.9409 -0.2435 -2.5120 3.0247 157.3162 86.3734 373.2964 448.6016 -40.5854 0.0000 0.0000
2200.03 16.07.2018 17.40.01 32.77978 299.6831 -154.9219 -0.2483 -2.3366 2.7845 143.3117 78.7016 371.9735 445.3303 -38.3035 0.0000 0.0000
2210.03 16.07.2018 17.50.01 32.75561 299.4508 -168.0841 -0.2694 -2.1712 2.5358 128.9068 70.7961 370.6235 441.9012 -35.8677 0.0000 0.0000
2220.03 16.07.2018 18.00.01 32.72811 299.2171 -184.0699 -0.2950 -2.0081 2.2841 114.1953 62.7092 369.2675 438.3595 -33.3043 0.0000 0.0000
2230.03 16.07.2018 18.10.01 32.69647 298.8139 -213.6160 -0.3423 -1.8462 2.0051 100.6023 55.2644 367.6779 434.9496 -29.7951 0.0000 0.0000
2240.03 16.07.2018 18.20.01 32.65820 298.4073 -242.2586 -0.3882 -1.6782 1.7200 86.7721 47.6823 366.0737 431.4324 -26.8094 0.0000 0.0000
2250.03 16.07.2018 18.30.01 32.61337 298.0065 -262.3629 -0.4205 -1.5049 1.4459 72.9672 40.1069 364.4497 427.7913 -24.3854 0.0000 0.0000
2260.03 16.07.2018 18.40.01 32.56338 297.6130 -282.9568 -0.4535 -1.3331 1.1729 52.7531 29.0105 362.8277 423.4696 -21.8449 0.0000 0.0000
2270.03 16.07.2018 18.50.01 32.50817 297.2124 -312.6017 -0.5010 -1.1616 0.8809 33.8955 18.5720 361.1744 418.8819 -19.3615 0.0000 0.0000
2280.03 16.07.2018 19.00.01 32.44631 296.8141 -337.4328 -0.5408 -0.9832 0.5899 15.0459 8.1366 359.4981 414.1994 -16.8959 0.0000 0.0000
2290.03 16.07.2018 19.10.01 32.37863 296.0832 -304.8318 -0.4885 -0.8050 0.4220 11.7525 6.3536 357.9031 410.7951 -15.9878 0.0000 0.0000
2300.03 16.07.2018 19.20.01 32.31457 295.3627 -269.4614 -0.4318 -0.6793 0.3300 9.6031 5.1973 356.4221 407.7687 -16.0382 0.0000 0.0000
2310.03 16.07.2018 19.30.01 32.25472 294.6521 -259.6674 -0.4161 -0.6049 0.2517 7.6558 4.1514 354.9959 404.7722 -16.9775 0.0000 0.0000
2320.03 16.07.2018 19.40.01 32.19494 293.9362 -265.3343 -0.4252 -0.5572 0.1759 5.1698 2.8056 353.6164 401.8214 -17.6950 0.0000 0.0000
2330.03 16.07.2018 19.50.01 32.13268 293.2201 -279.0292 -0.4472 -0.5214 0.0990 2.7479 1.4920 352.2553 398.9109 -18.5873 0.0000 0.0000
2340.03 16.07.2018 20.00.01 32.06661 292.5290 -296.3931 -0.4750 -0.4916 0.0222 0.3398 0.1865 350.8966 396.0230 -19.6580 0.0000 0.0000
2350.03 16.07.2018 20.10.01 31.99612 292.4720 -287.5985 -0.4609 -0.4639 0.0039 0.0597 0.0327 351.8546 394.2663 -19.3861 0.0000 0.0000
2360.03 16.07.2018 20.20.01 31.92620 292.2688 -281.9725 -0.4519 -0.4524 0.0007 0.0109 0.0060 353.0119 392.6194 -19.8676 0.0000 0.0000
2370.03 16.07.2018 20.30.01 31.85662 292.0712 -282.1540 -0.4522 -0.4523 0.0001 0.0019 0.0011 354.1866 391.1765 -20.3811 0.0000 0.0000
2380.03 16.07.2018 20.40.01 31.78652 291.8934 -285.2654 -0.4572 -0.4572 0.0000 0.0004 0.0002 355.3573 389.9077 -20.7343 0.0000 0.0000
2390.03 16.07.2018 20.50.01 31.71554 291.6841 -290.7126 -0.4659 -0.4659 0.0000 0.0001 0.0000 356.5675 388.6816 -21.5991 0.0000 0.0000
2400.03 16.07.2018 21.00.01 31.64257 291.4874 -300.6300 -0.4818 -0.4818 0.0000 0.0000 0.0000 357.7952 387.5399 -22.6454 0.0000 0.0000
2410.03 16.07.2018 21.10.01 31.56707 291.8971 -309.4100 -0.4958 -0.4958 0.0000 0.0000 0.0000 357.7735 387.4492 -18.8713 0.0000 0.0000
2420.03 16.07.2018 21.20.01 31.49023 292.2986 -311.2759 -0.4988 -0.4988 0.0000 0.0000 0.0000 357.8354 387.2968 -16.2791 0.0000 0.0000
2430.03 16.07.2018 21.30.01 31.41259 292.7167 -318.2917 -0.5101 -0.5101 0.0000 0.0000 0.0000 357.9692 387.2541 -13.8780 0.0000 0.0000
2440.03 16.07.2018 21.40.01 31.33291 293.1397 -327.6945 -0.5252 -0.5252 0.0000 0.0000 0.0000 358.1621 387.3461 -11.4874 0.0000 0.0000
2450.03 16.07.2018 21.50.01 31.25085 293.5610 -336.7306 -0.5396 -0.5396 0.0000 0.0000 0.0000 358.4103 387.5729 -9.0549 0.0000 0.0000
2460.03 16.07.2018 22.00.01 31.16689 293.9849 -343.3169 -0.5502 -0.5502 0.0000 0.0000 0.0000 358.7149 387.9521 -6.5075 0.0000 0.0000
2470.03 16.07.2018 22.10.01 31.08178 293.6632 -344.9221 -0.5528 -0.5528 0.0000 0.0000 0.0000 358.9659 387.8672 -6.7574 0.0000 0.0000
2480.03 16.07.2018 22.20.01 30.99670 293.5395 -344.0418 -0.5513 -0.5513 0.0000 0.0000 0.0000 359.2046 387.5391 -7.7327 0.0000 0.0000
2490.03 16.07.2018 22.30.01 30.91009 293.0940 -360.9910 -0.5785 -0.5785 0.0000 0.0000 0.0000 358.9171 386.2890 -11.5705 0.0000 0.0000
2500.03 16.07.2018 22.40.01 30.81771 292.8054 -384.0683 -0.6155 -0.6155 0.0000 0.0000 0.0000 358.8771 386.2321 -9.8908 0.0000 0.0000
2510.03 16.07.2018 22.50.01 30.72277 292.5811 -381.2033 -0.6109 -0.6109 0.0000 0.0000 0.0000 359.1120 386.0587 -9.3290 0.0000 0.0000
2520.03 16.07.2018 23.00.01 30.62911 292.0534 -383.5150 -0.6146 -0.6146 0.0000 0.0000 0.0000 359.0213 384.4121 -14.6431 0.0000 0.0000
2530.03 16.07.2018 23.10.01 30.53149 291.9351 -406.8766 -0.6520 -0.6520 0.0000 0.0000 0.0000 358.8149 383.8319 -14.5337 0.0000 0.0000
2540.03 16.07.2018 23.20.01 30.42938 291.8266 -418.4077 -0.6705 -0.6705 0.0000 0.0000 0.0000 358.7029 383.3004 -14.4978 0.0000 0.0000
2550.03 16.07.2018 23.30.01 30.32543 291.7166 -421.6208 -0.6757 -0.6757 0.0000 0.0000 0.0000 358.6243 382.7874 -14.5224 0.0000 0.0000
2560.03 16.07.2018 23.40.01 30.22122 291.6136 -421.0195 -0.6747 -0.6747 0.0000 0.0000 0.0000 358.5744 382.3298 -14.4366 0.0000 0.0000
2570.03 16.07.2018 23.50.01 30.11773 291.5144 -419.0844 -0.6716 -0.6716 0.0000 0.0000 0.0000 358.5412 381.8955 -14.3729 0.0000 0.0000
2580.03 17.07.2018 00.00.01 30.01479 291.4158 -415.8155 -0.6664 -0.6664 0.0000 0.0000 0.0000 358.5162 381.4775 -14.3317 0.0000 0.0000
2590.03 17.07.2018 00.10.01 29.91274 291.4889 -410.3525 -0.6576 -0.6576 0.0000 0.0000 0.0000 358.2828 381.3091 -13.1454 0.0000 0.0000
2600.03 17.07.2018 00.20.01 29.81255 291.5512 -401.4309 -0.6433 -0.6433 0.0000 0.0000 0.0000 358.0629 381.1445 -12.1284 0.0000 0.0000
2610.03 17.07.2018 00.30.01 29.71469 291.6071 -391.8620 -0.6280 -0.6280 0.0000 0.0000 0.0000 357.8424 380.9749 -11.2419 0.0000 0.0000
2620.03 17.07.2018 00.40.01 29.61920 291.6777 -382.0720 -0.6123 -0.6123 0.0000 0.0000 0.0000 357.6310 380.8847 -10.0413 0.0000 0.0000
2630.03 17.07.2018 00.50.01 29.52633 291.7678 -370.8863 -0.5944 -0.5944 0.0000 0.0000 0.0000 357.3984 380.7742 -9.0808 0.0000 0.0000
2640.03 17.07.2018 01.00.01 29.43600 291.8488 -362.4744 -0.5809 -0.5809 0.0000 0.0000 0.0000 357.1614 380.5332 -8.8297 0.0000 0.0000
2650.03 17.07.2018 01.10.01 29.34667 291.8052 -362.3690 -0.5807 -0.5807 0.0000 0.0000 0.0000 356.4451 380.1461 -8.7119 0.0000 0.0000
2660.03 17.07.2018 01.20.01 29.25628 291.8348 -370.5339 -0.5938 -0.5938 0.0000 0.0000 0.0000 355.7345 379.6163 -9.4919 0.0000 0.0000
2670.03 17.07.2018 01.30.01 29.16348 291.6670 -381.5811 -0.6115 -0.6115 0.0000 0.0000 0.0000 354.6345 378.5981 -11.3789 0.0000 0.0000
2680.03 17.07.2018 01.40.01 29.06848 291.5783 -383.8317 -0.6151 -0.6151 0.0000 0.0000 0.0000 353.8303 378.6848 -8.3373 0.0000 0.0000
2690.03 17.07.2018 01.50.01 28.97479 291.4804 -378.1646 -0.6060 -0.6060 0.0000 0.0000 0.0000 353.1053 377.9619 -9.7638 0.0000 0.0000
2700.03 17.07.2018 02.00.01 28.87939 291.3241 -398.2997 -0.6383 -0.6383 0.0000 0.0006 0.0003 351.9554 376.8716 -11.9266 0.0000 0.0000
2710.03 17.07.2018 02.10.01 28.77783 291.0562 -413.7231 -0.6630 -0.6764 0.0178 0.3807 0.2002 348.9817 375.9361 -11.2857 0.0000 0.0000
2720.03 17.07.2018 02.20.01 28.67391 290.7657 -415.4955 -0.6659 -0.6953 0.0393 0.8180 0.4315 345.9814 374.7668 -11.3490 0.0000 0.0000
2730.03 17.07.2018 02.30.01 28.57021 290.4277 -412.4617 -0.6610 -0.7070 0.0613 1.2648 0.6680 342.8969 373.3730 -11.9288 0.0000 0.0000
2740.03 17.07.2018 02.40.01 28.46740 290.1316 -407.4088 -0.6529 -0.7155 0.0835 1.7133 0.9055 339.9245 372.1675 -11.3371 0.0000 0.0000
2750.03 17.07.2018 02.50.01 28.36672 289.8196 -398.0437 -0.6379 -0.7172 0.1057 2.1622 1.1431 336.9334 370.8838 -10.9412 0.0000 0.0000
2760.03 17.07.2018 03.00.01 28.26833 289.4879 -388.4711 -0.6226 -0.7186 0.1281 2.6151 1.3829 333.8320 369.3151 -11.6726 0.0000 0.0000
2770.03 17.07.2018 03.10.01 28.17080 289.4584 -341.0761 -0.5466 -0.7436 0.2626 5.4626 2.8817 333.4864 368.6853 -11.0938 0.0000 0.0000
2780.03 17.07.2018 03.20.01 28.08080 289.4604 -311.0774 -0.4985 -0.8136 0.4202 8.6716 4.5795 333.4090 368.3344 -10.8204 0.0000 0.0000
2790.03 17.07.2018 03.30.01 27.99615 289.5171 -293.5379 -0.4704 -0.9067 0.5817 11.9400 6.3097 333.4234 368.1727 -10.5224 0.0000 0.0000
2800.03 17.07.2018 03.40.01 27.91512 289.5761 -279.9848 -0.4487 -1.0066 0.7439 15.2197 8.0462 333.5043 368.1881 -10.1244 0.0000 0.0000
2810.03 17.07.2018 03.50.01 27.83712 289.5781 -269.8445 -0.4324 -1.1121 0.9063 18.5013 9.7837 333.5863 368.2119 -10.1418 0.0000 0.0000
2820.03 17.07.2018 04.00.01 27.76119 289.5801 -262.0393 -0.4199 -1.2215 1.0687 21.7849 11.5222 333.6833 368.3005 -10.2602 0.0000 0.0000
2830.03 17.07.2018 04.10.01 27.68725 289.9293 -231.6634 -0.3713 -1.3299 1.2782 26.0720 13.7884 333.8596 368.9348 -8.8048 0.0000 0.0000
2840.03 17.07.2018 04.20.01 27.61987 290.2790 -203.2757 -0.3258 -1.4487 1.4973 30.5105 16.1379 334.1548 369.7443 -7.4983 0.0000 0.0000
2850.03 17.07.2018 04.30.01 27.55874 290.6316 -179.7465 -0.2881 -1.5766 1.7181 34.9740 18.5010 334.5111 370.6874 -6.2823 0.0000 0.0000
2860.03 17.07.2018 04.40.01 27.50295 290.9895 -159.3194 -0.2553 -1.7097 1.9391 39.4421 20.8667 334.9209 371.7603 -5.0929 0.0000 0.0000
2870.03 17.07.2018 04.50.01 27.45391 291.3525 314.7055 0.5043 -1.8461 3.1339 55.9292 28.7411 335.3734 373.2442 -4.5357 0.0000 0.0000
2880.03 17.07.2018 05.00.01 27.48654 291.7224 221.8100 0.3555 -2.3678 3.6310 64.6309 33.1586 336.1493 375.0522 -4.5177 0.0000 0.0000
2890.03 17.07.2018 05.10.01 27.52062 292.0849 3787.6731 6.0700 -2.7807 11.8009 170.3589 82.0061 337.3356 379.4148 -8.6934 0.0000 0.0000
2900.03 17.07.2018 05.20.01 28.17388 292.4491 5820.6167 9.3279 -6.1754 20.6711 284.3248 135.2389 341.0735 388.0864 -19.8124 0.0000 0.0000
2910.03 17.07.2018 05.30.01 29.19277 292.8295 6990.7007 11.2031 -11.1282 29.7750 462.2034 226.6561 346.0108 408.9439 -44.2701 0.0000 0.0000
2920.03 17.07.2018 05.40.01 30.41528 293.2704 3482.1604 5.5804 -16.8591 29.9193 463.2757 228.1110 352.2411 419.9528 -56.9891 0.0000 0.0000
2930.03 17.07.2018 05.50.01 31.05041 293.6898 1561.9224 2.5031 -19.4091 29.2163 461.1925 227.5161 354.9450 426.8502 -63.5757 0.0000 0.0000
2940.03 17.07.2018 06.00.01 31.35851 294.0895 593.8389 0.9517 -20.2846 28.3150 463.9118 229.2256 356.8840 432.3345 -69.5047 0.0000 0.0000
2950.03 17.07.2018 06.10.01 31.49835 294.3178 256.2807 0.4107 -20.3599 27.6941 454.8217 224.9671 358.6710 436.8668 -75.3683 0.0000 0.0000
2960.03 17.07.2018 06.20.01 31.57607 294.5314 66.3456 0.1063 -20.1901 27.0619 445.9862 220.8698 360.4231 440.3888 -79.8577 0.0000 0.0000
2970.03 17.07.2018 06.30.01 31.65679 294.7632 9484.9658 15.2003 -19.8957 46.7947 485.4372 230.3800 361.8942 446.4200 -86.2286 0.0000 0.0000
2980.03 17.07.2018 06.40.01 33.32107 294.9884 4242.4595 6.7988 -27.5704 45.8257 479.5620 228.0071 363.5764 449.1016 -89.7564 0.0000 0.0000
2990.03 17.07.2018 06.50.01 34.10931 295.2064 1907.3328 3.0566 -30.5103 44.7559 473.7448 225.7476 365.0085 451.2643 -92.4984 0.0000 0.0000
3000.03 17.07.2018 07.00.01 34.49996 295.4196 815.1213 1.3063 -31.4127 43.6253 468.0177 223.5862 366.4257 453.0381 -94.6615 0.0000 0.0000
3010.03 17.07.2018 07.10.01 34.70129 295.6182 483.0226 0.7741 -31.4077 42.9090 465.1788 222.6065 367.4590 454.1991 -98.4854 0.0000 0.0000
3020.03 17.07.2018 07.20.01 34.84121 295.8468 292.8310 0.4693 -31.1636 42.1772 462.7000 221.8528 368.6110 455.1341 -101.7249 0.0000 0.0000
3030.03 17.07.2018 07.30.01 34.94451 296.0325 137.4161 0.2202 -30.7985 41.3583 501.2949 245.8102 369.5847 462.3237 -110.0571 0.0000 0.0000
3040.03 17.07.2018 07.40.01 35.01791 296.2677 98.7825 0.1583 -30.3373 40.6608 498.9483 245.0514 370.9450 463.2149 -114.5606 0.0000 0.0000
3050.03 17.07.2018 07.50.01 35.08160 296.4773 5.7669 0.0092 -29.8737 39.8439 495.4121 243.6730 371.9390 463.7860 -116.5744 0.0000 0.0000
3060.03 17.07.2018 08.00.01 35.12673 296.6766 -100.5691 -0.1612 -29.3568 38.9275 492.4671 242.7245 372.8026 464.0595 -119.9031 0.0000 0.0000
3070.03 17.07.2018 08.10.01 35.15185 296.8231 -70.9542 -0.1137 -28.7724 38.2116 489.8062 241.6822 373.7531 464.4826 -120.1020 0.0000 0.0000
3080.03 17.07.2018 08.20.01 35.20956 296.9621 7080.9033 11.3476 -28.2338 52.7752 523.3234 250.8197 374.5228 466.9032 -124.5411 0.0000 0.0000
3090.03 17.07.2018 08.30.01 36.47039 297.0876 3072.2129 4.9234 -33.7387 51.5494 519.1735 249.2677 375.4306 467.0685 -127.2477 0.0000 0.0000
3100.03 17.07.2018 08.40.01 37.06140 297.2096 1265.7036 2.0284 -35.6221 50.2006 514.0297 247.2033 375.9920 467.1276 -126.2004 0.0000 0.0000
3110.03 17.07.2018 08.50.01 37.34448 297.3359 408.8909 0.6553 -35.9333 48.7847 540.9604 264.4329 376.6233 471.8784 -132.1937 0.0000 0.0000
3120.03 17.07.2018 09.00.01 37.47787 297.4750 -50.6601 -0.0812 -35.5372 47.2747 534.2637 261.5562 377.4933 471.7585 -135.8750 0.0000 0.0000
3130.03 17.07.2018 09.10.01 37.52368 297.4496 -1443.5619 -2.3134 -34.7906 43.3030 509.9048 251.0198 378.6885 470.8672 -132.5509 0.0000 0.0000
3140.03 17.07.2018 09.20.01 37.32534 297.4544 -2047.6721 -3.2815 -32.9112 39.5063 495.1812 246.1346 379.7942 470.9289 -131.7462 0.0000 0.0000
3150.03 17.07.2018 09.30.01 37.01556 297.4859 -2298.4321 -3.6834 -30.6055 35.8962 478.3767 239.8571 381.0618 469.6893 -132.7288 0.0000 0.0000
3160.03 17.07.2018 09.40.01 36.65524 297.5217 -2158.8743 -3.4597 -28.1848 32.9668 462.3258 233.2326 382.1491 466.8137 -135.9560 0.0000 0.0000
3170.03 17.07.2018 09.50.01 36.31072 297.5584 -2029.6350 -3.2526 -25.9785 30.3012 444.7175 225.4757 383.1379 463.9016 -137.7808 0.0000 0.0000
3180.03 17.07.2018 10.00.01 35.98202 297.5597 -1968.5652 -3.1548 -23.9541 27.7324 426.2250 217.1147 384.0848 461.8158 -134.8093 0.0000 0.0000
3190.03 17.07.2018 10.10.01 35.66082 297.6470 -1614.1460 -2.5868 -22.0303 25.9247 411.7159 210.2795 384.5013 460.2714 -131.2309 0.0000 0.0000
3200.03 17.07.2018 10.20.01 35.39749 297.7211 -1470.2737 -2.3562 -20.4445 24.1177 396.3477 202.9282 384.7598 458.5732 -126.9749 0.0000 0.0000
3210.03 17.07.2018 10.30.01 35.15670 297.7895 -1435.0374 -2.2997 -19.0049 22.2736 379.5727 194.7632 384.5636 456.6901 -122.2753 0.0000 0.0000
3220.03 17.07.2018 10.40.01 34.92071 297.8642 -1293.4841 -2.0729 -17.6168 20.7253 366.8986 188.7540 384.6594 455.3050 -118.2255 0.0000 0.0000
3230.03 17.07.2018 10.50.01 34.70751 297.9299 -1224.5234 -1.9624 -16.3499 19.1834 353.2904 182.1788 384.6475 453.7662 -114.2113 0.0000 0.0000
3240.03 17.07.2018 11.00.01 34.50228 297.9951 -1178.3871 -1.8884 -15.1690 17.7074 339.9476 175.7116 384.6246 452.2876 -110.4019 0.0000 0.0000
3250.03 17.07.2018 11.10.01 34.30538 298.1133 -840.0171 -1.3462 -14.0483 16.9362 341.6573 176.9757 384.8514 451.9373 -108.4474 0.0000 0.0000
3260.03 17.07.2018 11.20.01 34.16635 298.2377 -681.1807 -1.0916 -13.2226 16.1746 342.5764 177.7555 385.4483 451.9243 -107.0849 0.0000 0.0000
3270.03 17.07.2018 11.30.01 34.05505 298.3585 -639.2951 -1.0245 -12.5295 15.3400 343.0844 178.3437 386.1631 452.0377 -106.2359 0.0000 0.0000
3280.03 17.07.2018 11.40.01 33.95144 298.4921 -610.5634 -0.9785 -11.8687 14.5203 346.5764 180.6972 387.1776 452.7043 -106.4744 0.0000 0.0000
3290.03 17.07.2018 11.50.01 33.85266 298.6198 -665.6890 -1.0668 -11.2283 13.5487 348.4270 182.1814 388.0804 453.2355 -106.8366 0.0000 0.0000
3300.03 17.07.2018 12.00.01 33.74404 298.7471 -744.8827 -1.1937 -10.5420 12.4643 347.2158 181.9149 388.9103 453.4614 -106.5730 0.0000 0.0000
3310.03 17.07.2018 12.10.01 33.62139 298.7568 -707.2184 -1.1334 -9.7987 11.5538 337.8902 177.6684 390.2013 453.5672 -106.8840 0.0000 0.0000
3320.03 17.07.2018 12.20.01 33.50518 298.7333 -474.1970 -0.7599 -9.1056 11.1276 330.3974 174.1553 390.8681 453.5245 -106.2299 0.0000 0.0000
3330.03 17.07.2018 12.30.01 33.42956 298.7059 -128.9168 -0.2066 -8.6266 11.2267 326.9061 172.6474 391.1851 453.7062 -106.1363 0.0000 0.0000
3340.03 17.07.2018 12.40.01 33.41360 298.6730 28.8418 0.0462 -8.4430 11.3189 326.2789 172.8225 391.3930 454.1398 -106.4737 0.0000 0.0000
3350.03 17.07.2018 12.50.01 33.42559 298.6351 95.2924 0.1527 -8.3867 11.3859 322.4812 171.1141 391.3730 454.1744 -105.6629 0.0000 0.0000
3360.03 17.07.2018 13.00.01 33.44991 298.6037 172.2822 0.2761 -8.3797 11.5411 319.2501 169.6783 391.4930 454.2452 -104.8756 0.0000 0.0000
3370.03 17.07.2018 13.10.01 33.48724 298.5177 -29.8112 -0.0478 -8.4260 11.1710 316.4381 168.3793 390.6139 453.3570 -105.0293 0.0000 0.0000
3380.03 17.07.2018 13.20.01 33.48980 298.4277 -109.8895 -0.1761 -8.3005 10.8325 314.2847 167.4532 389.6276 452.5192 -105.2402 0.0000 0.0000
3390.03 17.07.2018 13.30.01 33.47787 298.3291 -128.2765 -0.2056 -8.1144 10.5451 313.0164 167.0192 388.7475 451.7480 -105.7020 0.0000 0.0000
3400.03 17.07.2018 13.40.01 33.46197 298.2388 -152.0635 -0.2437 -7.9210 10.2364 311.7953 166.6033 387.8326 450.9709 -105.9047 0.0000 0.0000
3410.03 17.07.2018 13.50.01 33.44134 298.1467 -162.2394 -0.2600 -7.7157 9.9410 314.9035 168.7750 386.9345 450.7215 -107.1388 0.0000 0.0000
3420.03 17.07.2018 14.00.01 33.41818 298.0593 -188.4109 -0.3019 -7.5088 9.6092 314.5773 168.9129 385.9591 450.1356 -107.4881 0.0000 0.0000
3430.03 17.07.2018 14.10.01 33.38949 297.9357 -298.5506 -0.4784 -7.2833 9.0731 317.3589 170.8032 383.6866 449.4768 -108.8199 0.0000 0.0000
3440.03 17.07.2018 14.20.01 33.34115 297.8157 -339.8945 -0.5447 -6.9728 8.5708 321.1132 173.2516 381.3751 448.8557 -110.3593 0.0000 0.0000
3450.03 17.07.2018 14.30.01 33.28457 297.6926 -364.0158 -0.5834 -6.6400 8.0755 325.2964 175.9511 379.0746 448.2251 -112.0364 0.0000 0.0000
3460.03 17.07.2018 14.40.01 33.22259 297.5733 -403.1248 -0.6460 -6.2997 7.5382 330.5944 179.2717 376.6726 447.6379 -113.7926 0.0000 0.0000
3470.03 17.07.2018 14.50.01 33.15276 297.4515 -403.5085 -0.6466 -5.9400 7.0578 337.1922 183.3290 374.3814 447.1888 -116.1434 0.0000 0.0000
3480.03 17.07.2018 15.00.01 33.08151 297.3301 -429.3775 -0.6881 -5.5924 6.5391 343.1671 187.0433 372.0385 446.6748 -118.3064 0.0000 0.0000
3490.03 17.07.2018 15.10.01 33.00552 297.1564 -318.9076 -0.5111 -5.2407 6.3061 335.4605 183.0441 370.3937 445.4448 -117.2226 0.0000 0.0000
3500.03 17.07.2018 15.20.01 32.94802 296.9652 -281.5825 -0.4513 -4.9942 6.0572 327.0895 178.6595 368.7487 444.0296 -115.3797 0.0000 0.0000
3510.03 17.07.2018 15.30.01 32.89608 296.7700 -279.9298 -0.4486 -4.7866 5.7840 317.9368 173.8256 367.0182 442.4361 -113.1973 0.0000 0.0000
3520.03 17.07.2018 15.40.01 32.84387 296.5826 -312.7160 -0.5011 -4.5870 5.4478 306.8778 167.9163 365.1423 440.5445 -110.3788 0.0000 0.0000
3530.03 17.07.2018 15.50.01 32.78549 296.3943 -313.6634 -0.5027 -4.3659 5.1510 296.1329 162.1667 363.2921 438.6558 -106.9695 0.0000 0.0000
3540.03 17.07.2018 16.00.01 32.72634 296.1994 -300.7320 -0.4819 -4.1516 4.8929 285.3307 156.3518 361.5203 436.6341 -104.1709 0.0000 0.0000
3550.03 17.07.2018 16.10.01 32.66882 295.9459 -299.5586 -0.4801 -3.9566 4.6354 275.1097 150.8329 359.5181 434.3960 -101.7579 0.0000 0.0000
3560.03 17.07.2018 16.20.01 32.61071 295.6912 -280.8144 -0.4500 -3.7723 4.4297 265.3617 145.5576 357.5446 432.1709 -99.1313 0.0000 0.0000
3570.03 17.07.2018 16.30.01 32.55505 295.4375 -268.2303 -0.4299 -3.6133 4.2446 255.6269 140.2743 355.6134 429.9668 -95.5759 0.0000 0.0000
3580.03 17.07.2018 16.40.01 32.50076 295.1824 -273.7282 -0.4387 -3.4738 4.0469 245.9265 135.0786 353.6855 427.7465 -92.7394 0.0000 0.0000
3590.03 17.07.2018 16.50.01 32.44473 294.9281 -290.4154 -0.4654 -3.3379 3.8300 235.6015 129.5234 351.7338 425.4329 -89.6419 0.0000 0.0000
3600.03 17.07.2018 17.00.01 32.38506 294.6688 -298.5151 -0.4784 -3.1969 3.6247 224.8820 123.7216 349.7773 423.0238 -86.6078 0.0000 0.0000
3610.03 17.07.2018 17.10.01 32.32308 294.3981 -326.6434 -0.5235 -3.0595 3.3813 211.6529 116.5434 348.1264 420.4814 -82.7830 0.0000 0.0000
3620.03 17.07.2018 17.20.01 32.25524 294.1241 -360.0690 -0.5770 -2.9090 3.1093 197.5613 108.8700 346.4117 417.7659 -78.6961 0.0000 0.0000
3630.03 17.07.2018 17.30.01 32.18054 293.8491 -388.9701 -0.6234 -2.7424 2.8254 182.9287 100.8820 344.6804 414.9399 -74.4195 0.0000 0.0000
3640.03 17.07.2018 17.40.01 32.09963 293.5716 -402.9844 -0.6458 -2.5648 2.5587 164.5468 90.7813 342.9628 411.7977 -69.4621 0.0000 0.0000
3650.03 17.07.2018 17.50.01 32.01510 293.2956 -425.1666 -0.6814 -2.3892 2.2771 145.5725 80.3371 341.1975 408.4864 -64.1810 0.0000 0.0000
3660.03 17.07.2018 18.00.01 31.92559 293.0185 -444.4828 -0.7123 -2.2093 1.9960 126.2453 69.6805 339.4219 405.0531 -58.7379 0.0000 0.0000
3670.03 17.07.2018 18.10.01 31.83151 292.6959 -450.0526 -0.7212 -2.0271 1.7412 111.6595 61.6526 338.1153 402.1892 -53.0029 0.0000 0.0000
3680.03 17.07.2018 18.20.01 31.73538 292.3778 -453.5925 -0.7269 -1.8524 1.5006 97.1166 53.6393 336.9049 399.3978 -47.7266 0.0000 0.0000
3690.03 17.07.2018 18.30.01 31.63763 292.0616 -454.6930 -0.7287 -1.6867 1.2773 82.6580 45.6633 335.7219 396.6142 -42.7550 0.0000 0.0000
3700.03 17.07.2018 18.40.01 31.53866 291.7467 -461.8797 -0.7402 -1.5323 1.0561 60.2631 33.3338 334.5571 393.2720 -37.0773 0.0000 0.0000
3710.03 17.07.2018 18.50.01 31.43728 291.4306 -483.4338 -0.7747 -1.3835 0.8117 39.6448 21.8673 333.3349 389.6856 -31.4297 0.0000 0.0000
3720.03 17.07.2018 19.00.01 31.33108 291.1171 -501.5268 -0.8037 -1.2300 0.5683 19.0253 10.3981 332.0988 385.9931 -26.0517 0.0000 0.0000
3730.03 17.07.2018 19.10.01 31.22061 290.7173 -482.3925 -0.7731 -1.0770 0.4052 15.4115 8.4308 330.6991 383.2167 -24.8082 0.0000 0.0000
3740.03 17.07.2018 19.20.01 31.11193 290.3219 -449.9312 -0.7210 -0.9595 0.3179 12.9306 7.0833 329.4459 380.7763 -24.0478 0.0000 0.0000
3750.03 17.07.2018 19.30.01 31.00735 289.9254 -439.1538 -0.7038 -0.8870 0.2443 10.6446 5.8420 328.2446 378.4686 -23.4772 0.0000 0.0000
3760.03 17.07.2018 19.40.01 30.90322 289.5307 -442.5267 -0.7092 -0.8393 0.1735 7.1306 3.9173 327.0637 376.1630 -22.8412 0.0000 0.0000
3770.03 17.07.2018 19.50.01 30.79724 289.1359 -454.9259 -0.7290 -0.8038 0.0997 3.7474 2.0578 325.8831 373.8933 -22.2888 0.0000 0.0000
3780.03 17.07.2018 20.00.01 30.68780 288.7442 -470.0942 -0.7534 -0.7726 0.0256 0.3900 0.2138 324.7071 371.6845 -21.7532 0.0000 0.0000
3790.03 17.07.2018 20.10.01 30.57455 288.3605 -461.4319 -0.7395 -0.7429 0.0046 0.0702 0.0385 323.6662 369.9027 -21.1175 0.0000 0.0000
3800.03 17.07.2018 20.20.01 30.46166 287.9852 -457.7199 -0.7335 -0.7341 0.0008 0.0126 0.0069 322.6918 368.2550 -20.7815 0.0000 0.0000
3810.03 17.07.2018 20.30.01 30.34832 287.6039 -462.0264 -0.7404 -0.7405 0.0001 0.0023 0.0012 321.7527 366.7056 -20.5214 0.0000 0.0000
3820.03 17.07.2018 20.40.01 30.23321 287.2218 -470.8322 -0.7545 -0.7546 0.0000 0.0004 0.0002 320.8294 365.2323 -20.3254 0.0000 0.0000
3830.03 17.07.2018 20.50.01 30.11566 286.8459 -481.4118 -0.7715 -0.7715 0.0000 0.0001 0.0000 319.9252 363.8169 -20.2278 0.0000 0.0000
3840.03 17.07.2018 21.00.01 29.99545 286.4842 -492.5692 -0.7894 -0.7894 0.0000 0.0000 0.0000 319.0735 362.4941 -20.0811 0.0000 0.0000
3850.03 17.07.2018 21.10.01 29.87261 286.3040 -500.9313 -0.8028 -0.8028 0.0000 0.0000 0.0000 318.6307 361.4744 -19.1692 0.0000 0.0000
3860.03 17.07.2018 21.20.01 29.74883 286.1502 -502.6163 -0.8055 -0.8055 0.0000 0.0000 0.0000 318.3224 360.5533 -18.4100 0.0000 0.0000
3870.03 17.07.2018 21.30.01 29.62505 286.0227 -502.7156 -0.8056 -0.8056 0.0000 0.0000 0.0000 318.0551 359.6516 -18.0170 0.0000 0.0000
3880.03 17.07.2018 21.40.01 29.50054 285.8734 -505.1649 -0.8096 -0.8096 0.0000 0.0000 0.0000 317.5925 358.8516 -17.2660 0.0000 0.0000
3890.03 17.07.2018 21.50.01 29.37512 285.7918 -510.9016 -0.8188 -0.8188 0.0000 0.0000 0.0000 317.2670 358.1413 -16.4879 0.0000 0.0000
3900.03 17.07.2018 22.00.01 29.24828 285.7868 -516.1801 -0.8272 -0.8272 0.0000 0.0000 0.0000 316.9880 357.5269 -15.5614 0.0000 0.0000
3910.03 17.07.2018 22.10.01 29.12036 285.7548 -519.8315 -0.8331 -0.8331 0.0000 0.0000 0.0000 316.6382 356.8570 -15.0449 0.0000 0.0000
3920.03 17.07.2018 22.20.01 28.99151 285.6995 -524.1187 -0.8399 -0.8399 0.0000 0.0000 0.0000 316.2650 356.1833 -14.6748 0.0000 0.0000
3930.03 17.07.2018 22.30.01 28.86151 285.6271 -529.1905 -0.8481 -0.8481 0.0000 0.0000 0.0000 315.8763 355.5051 -14.4195 0.0000 0.0000
3940.03 17.07.2018 22.40.01 28.73016 285.5715 -534.8959 -0.8572 -0.8572 0.0000 0.0000 0.0000 315.4877 354.8640 -14.0903 0.0000 0.0000
3950.03 17.07.2018 22.50.01 28.59738 285.4965 -540.6147 -0.8664 -0.8664 0.0000 0.0000 0.0000 315.0991 354.2161 -13.8866 0.0000 0.0000
3960.03 17.07.2018 23.00.01 28.46319 285.4068 -546.5710 -0.8759 -0.8759 0.0000 0.0000 0.0000 314.7089 353.5583 -13.7933 0.0000 0.0000
3970.03 17.07.2018 23.10.01 28.32757 285.3564 -551.4639 -0.8838 -0.8838 0.0000 0.0000 0.0000 314.2745 353.0252 -13.1840 0.0000 0.0000
3980.03 17.07.2018 23.20.01 28.19109 284.8622 -555.0045 -0.8894 -0.8894 0.0000 0.0000 0.0000 313.6973 352.1299 -14.1906 0.0000 0.0000
3990.03 17.07.2018 23.30.01 28.05337 284.7086 -559.7535 -0.8970 -0.8970 0.0000 0.0000 0.0000 313.2240 351.5116 -13.8593 0.0000 0.0000
4000.03 17.07.2018 23.40.01 27.91512 284.5464 -561.0386 -0.8991 -0.8991 0.0000 0.0000 0.0000 312.7876 350.9232 -13.4948 0.0000 0.0000
4010.03 17.07.2018 23.50.01 27.77688 284.3662 -559.7655 -0.8971 -0.8971 0.0000 0.0000 0.0000 312.3702 350.2833 -13.4599 0.0000 0.0000
4020.03 18.07.2018 00.00.01 27.63864 284.2027 -560.4332 -0.8981 -0.8981 0.0000 0.0000 0.0000 311.9679 349.6129 -13.6373 0.0000 0.0000
4030.03 18.07.2018 00.10.01 27.50030 284.2471 -561.8708 -0.9004 -0.9004 0.0000 0.0000 0.0000 311.6532 349.1575 -12.7552 0.0000 0.0000
4040.03 18.07.2018 00.20.01 27.36205 284.2912 -559.0485 -0.8959 -0.8959 0.0000 0.0000 0.0000 311.2948 348.6448 -12.3324 0.0000 0.0000
4050.03 18.07.2018 00.30.01 27.22405 284.4491 -558.4129 -0.8949 -0.8949 0.0000 0.0000 0.0000 311.0285 348.2400 -11.8300 0.0000 0.0000
4060.03 18.07.2018 00.40.01 27.08584 284.3779 -559.5376 -0.8967 -0.8967 0.0000 0.0000 0.0000 310.7670 347.6892 -11.8075 0.0000 0.0000
4070.03 18.07.2018 00.50.01 26.94790 284.2935 -557.7864 -0.8939 -0.8939 0.0000 0.0000 0.0000 310.4498 347.1060 -11.8919 0.0000 0.0000
4080.03 18.07.2018 01.00.01 26.81066 284.1825 -554.3273 -0.8883 -0.8883 0.0000 0.0000 0.0000 310.1416 346.5062 -12.0984 0.0000 0.0000
4090.03 18.07.2018 01.10.01 26.67425 284.0701 -552.6078 -0.8856 -0.8856 0.0000 0.0000 0.0000 309.8174 345.8872 -12.4134 0.0000 0.0000
4100.03 18.07.2018 01.20.01 26.53765 283.9902 -555.0399 -0.8895 -0.8895 0.0000 0.0000 0.0000 309.4671 345.2759 -12.6333 0.0000 0.0000
4110.03 18.07.2018 01.30.01 26.40020 283.8978 -558.8228 -0.8955 -0.8955 0.0000 0.0000 0.0000 309.0832 344.6443 -12.8870 0.0000 0.0000
4120.03 18.07.2018 01.40.01 26.26168 283.8286 -562.7662 -0.9019 -0.9019 0.0000 0.0000 0.0000 308.6900 344.0724 -12.8745 0.0000 0.0000
4130.03 18.07.2018 01.50.01 26.12234 283.7348 -566.2529 -0.9075 -0.9075 0.0000 0.0000 0.0000 308.2747 343.4770 -12.9766 0.0000 0.0000
4140.03 18.07.2018 02.00.01 25.98220 283.6151 -569.5696 -0.9128 -0.9128 0.0000 0.0004 0.0002 307.8388 342.8457 -13.2167 0.0000 0.0000
4150.03 18.07.2018 02.10.01 25.84124 283.6469 -565.6121 -0.9064 -0.9156 0.0123 0.2623 0.1379 307.6101 342.4197 -12.7639 0.0000 0.0000
4160.03 18.07.2018 02.20.01 25.70120 283.6740 -561.2352 -0.8994 -0.9197 0.0270 0.5635 0.2973 307.4384 342.0410 -12.3348 0.0000 0.0000
4170.03 18.07.2018 02.30.01 25.56216 283.7019 -556.2716 -0.8915 -0.9232 0.0423 0.8713 0.4602 307.2919 341.6981 -11.9137 0.0000 0.0000
4180.03 18.07.2018 02.40.01 25.42431 283.7313 -551.2465 -0.8834 -0.9266 0.0575 1.1803 0.6238 307.1663 341.4014 -11.4342 0.0000 0.0000
4190.03 18.07.2018 02.50.01 25.28793 283.7630 -546.4891 -0.8758 -0.9304 0.0728 1.4895 0.7875 307.0577 341.1337 -10.9649 0.0000 0.0000
4200.03 18.07.2018 03.00.01 25.15255 283.8033 -540.3113 -0.8659 -0.9321 0.0883 1.8025 0.9532 306.9641 340.9006 -10.4814 0.0000 0.0000
4210.03 18.07.2018 03.10.01 25.01913 284.0575 -483.2987 -0.7745 -0.9323 0.2104 4.3922 2.3159 307.2321 341.1823 -9.0600 0.0000 0.0000
4220.03 18.07.2018 03.20.01 24.89678 284.3766 -437.8278 -0.7016 -0.9674 0.3543 7.3255 3.8678 307.6948 341.7245 -7.6399 0.0000 0.0000
4230.03 18.07.2018 03.30.01 24.78365 284.7002 -405.0002 -0.6490 -1.0256 0.5020 10.3152 5.4505 308.2433 342.3859 -6.3660 0.0000 0.0000
4240.03 18.07.2018 03.40.01 24.67755 285.0280 -379.4153 -0.6080 -1.0959 0.6505 13.3156 7.0391 308.8427 343.1440 -5.1994 0.0000 0.0000
4250.03 18.07.2018 03.50.01 24.57717 285.3590 -358.0813 -0.5738 -1.1731 0.7990 16.3179 8.6287 309.4798 343.9827 -4.1266 0.0000 0.0000
4260.03 18.07.2018 04.00.01 24.48174 285.6681 -339.2804 -0.5437 -1.2544 0.9476 19.3209 10.2187 310.1325 344.8554 -3.2497 0.0000 0.0000
4270.03 18.07.2018 04.10.01 24.39077 286.0005 -317.2760 -0.5085 -1.3389 1.1073 22.5601 11.9328 311.2684 345.8930 -2.5563 0.0000 0.0000
4280.03 18.07.2018 04.20.01 24.30490 286.3390 -296.5613 -0.4753 -1.4271 1.2692 25.8349 13.6666 312.4681 347.0150 -1.9598 0.0000 0.0000
4290.03 18.07.2018 04.30.01 24.22390 286.6790 -277.1158 -0.4441 -1.5177 1.4315 29.1156 15.4036 313.6979 348.1970 -1.4417 0.0000 0.0000
4300.03 18.07.2018 04.40.01 24.14752 287.0200 -258.8738 -0.4149 -1.6103 1.5939 32.3974 17.1412 314.9514 349.4342 -0.9715 0.0000 0.0000
4310.03 18.07.2018 04.50.01 24.07897 287.3632 596.0220 0.9552 -1.7039 3.5454 57.7539 28.9958 316.2247 351.2702 -1.3343 0.0000 0.0000
4320.03 18.07.2018 05.00.01 24.15670 287.7326 380.3924 0.6096 -2.5040 4.1514 67.9891 34.1226 318.0314 353.6414 -2.0824 0.0000 0.0000
4330.03 18.07.2018 05.10.01 24.22057 288.1888 4995.8457 8.0062 -3.0764 14.7768 205.1259 97.4246 319.7428 359.1817 -6.6306 0.0000 0.0000
4340.03 18.07.2018 05.20.01 25.08599 288.7138 7632.8940 12.2322 -7.5073 26.3194 353.0745 166.4835 324.6535 370.6085 -18.1711 0.0000 0.0000
4350.03 18.07.2018 05.30.01 26.42596 289.2717 9153.7119 14.6694 -13.9542 38.1649 585.7690 286.1805 331.1911 397.3105 -49.9007 0.0000 0.0000
4360.03 18.07.2018 05.40.01 28.02853 289.9328 3951.1858 6.3320 -21.4059 36.9839 566.3892 278.0103 339.4741 411.3668 -63.1451 0.0000 0.0000
4370.03 18.07.2018 05.50.01 28.75689 290.4648 1115.8536 1.7882 -24.1817 34.6265 541.2963 266.3385 342.9317 419.0759 -70.1206 0.0000 0.0000
4380.03 18.07.2018 06.00.01 28.99914 290.9216 -339.6192 -0.5443 -24.5202 31.9680 519.6673 256.2356 345.0665 424.4414 -75.2567 0.0000 0.0000
4390.03 18.07.2018 06.10.01 28.98739 291.2852 -430.3428 -0.6897 -23.6859 30.6617 500.0237 246.7769 346.3407 428.7720 -80.0198 0.0000 0.0000
4400.03 18.07.2018 06.20.01 28.95196 291.6398 -509.7149 -0.8169 -22.8626 29.3943 481.3458 237.8648 347.6854 432.0375 -83.4931 0.0000 0.0000
4410.03 18.07.2018 06.30.01 28.93960 291.9918 9837.8496 15.7658 -22.0366 50.4032 516.5834 244.4940 349.0421 437.7354 -89.7880 0.0000 0.0000
4420.03 18.07.2018 06.40.01 30.66589 292.3803 4129.9102 6.6185 -29.9810 48.7992 505.1426 239.5792 350.5745 440.2507 -91.6735 0.0000 0.0000
4430.03 18.07.2018 06.50.01 31.43749 292.7322 1592.6350 2.5523 -32.7801 47.1098 494.0760 234.9552 351.9282 442.2559 -93.1822 0.0000 0.0000
4440.03 18.07.2018 07.00.01 31.77633 293.0797 403.0634 0.6459 -33.3747 45.3609 482.9692 230.3508 353.2733 443.8084 -94.1000 0.0000 0.0000
4450.03 18.07.2018 07.10.01 31.90637 293.3129 -393.7607 -0.6310 -32.9896 43.1448 469.5634 224.9435 354.5389 444.5653 -94.9576 0.0000 0.0000
4460.03 18.07.2018 07.20.01 31.89364 293.5572 -802.0692 -1.2854 -31.9885 40.9375 456.2849 219.6051 355.8118 444.9472 -95.6938 0.0000 0.0000
4470.03 18.07.2018 07.30.01 31.80410 293.8012 -1055.7611 -1.6919 -30.7102 38.6910 479.9600 236.4692 356.9092 450.1153 -102.8629 0.0000 0.0000
4480.03 18.07.2018 07.40.01 31.66613 294.0832 -888.7139 -1.4242 -29.2811 37.1425 470.6362 232.6222 358.2598 450.4223 -103.3211 0.0000 0.0000
4490.03 18.07.2018 07.50.01 31.55157 294.3272 -861.5515 -1.3807 -28.0520 35.5618 460.8418 228.5200 359.4361 450.4269 -103.7984 0.0000 0.0000
4500.03 18.07.2018 08.00.01 31.43783 294.5693 -893.7935 -1.4324 -26.8882 33.9411 451.5617 224.7581 360.5284 450.2920 -104.2319 0.0000 0.0000
4510.03 18.07.2018 08.10.01 31.31289 294.6932 -1538.9552 -2.4663 -25.7308 31.0194 426.9161 213.6219 361.7000 449.1563 -102.9587 0.0000 0.0000
4520.03 18.07.2018 08.20.01 31.09213 294.8120 2567.4253 4.1145 -24.0598 37.5657 423.8214 208.2759 362.4325 448.6312 -102.5167 0.0000 0.0000
4530.03 18.07.2018 08.30.01 31.55493 294.9406 -632.2858 -1.0133 -25.8993 33.1813 394.4524 195.4110 363.0704 446.4925 -99.4146 0.0000 0.0000
4540.03 18.07.2018 08.40.01 31.47708 295.0508 -1603.9894 -2.5705 -24.9373 29.8224 372.9367 186.0675 363.4537 444.4462 -96.2980 0.0000 0.0000
4550.03 18.07.2018 08.50.01 31.22845 295.1611 -1985.3950 -3.1817 -23.1894 26.6769 365.2397 184.8521 364.0091 444.1475 -95.7824 0.0000 0.0000
4560.03 18.07.2018 09.00.01 30.90908 295.2886 -2115.5625 -3.3903 -21.1776 23.7164 343.1735 174.8725 364.6608 442.0901 -92.2775 0.0000 0.0000
4570.03 18.07.2018 09.10.01 30.56555 295.3942 -1295.2471 -2.0757 -19.1144 22.7182 337.6931 172.4927 365.4568 441.4066 -87.7020 0.0000 0.0000
4580.03 18.07.2018 09.20.01 30.35931 295.5111 -891.9501 -1.4294 -17.7936 21.8189 336.4939 172.6044 366.5109 441.6919 -84.5930 0.0000 0.0000
4590.03 18.07.2018 09.30.01 30.22173 295.6404 -668.0776 -1.0706 -16.8260 21.0071 335.7082 172.8965 367.8420 442.3267 -82.0322 0.0000 0.0000
4600.03 18.07.2018 09.40.01 30.12316 295.7716 -508.4347 -0.8148 -16.0466 20.3091 334.0207 172.5010 369.2131 442.9731 -79.4482 0.0000 0.0000
4610.03 18.07.2018 09.50.01 30.05285 295.9166 -401.4467 -0.6433 -15.3965 19.6709 331.6825 171.6705 370.6269 443.7033 -77.0964 0.0000 0.0000
4620.03 18.07.2018 10.00.01 30.00164 296.0208 -352.3728 -0.5647 -14.8293 19.0195 328.7122 170.4699 371.9870 444.3617 -75.3742 0.0000 0.0000
4630.03 18.07.2018 10.10.01 29.96084 296.0223 14.9580 0.0240 -14.2992 19.0976 335.7959 174.2551 374.0161 445.6043 -77.7618 0.0000 0.0000
4640.03 18.07.2018 10.20.01 29.98391 296.1579 193.7348 0.3105 -14.0713 19.1756 343.4212 178.3633 376.3116 447.4438 -78.5823 0.0000 0.0000
4650.03 18.07.2018 10.30.01 30.03985 296.3122 248.4043 0.3981 -13.9722 19.1604 350.1562 182.0086 378.5132 449.1297 -79.7821 0.0000 0.0000
4660.03 18.07.2018 10.40.01 30.10726 296.4990 290.3069 0.4652 -13.8970 19.1497 357.7066 186.1477 380.9910 450.8735 -81.0008 0.0000 0.0000
4670.03 18.07.2018 10.50.01 30.18392 296.6922 282.5832 0.4529 -13.8347 19.0500 364.2801 189.7677 383.6059 452.5593 -83.2531 0.0000 0.0000
4680.03 18.07.2018 11.00.01 30.26025 296.8766 256.2389 0.4106 -13.7509 18.8821 370.3255 193.1247 386.0326 453.9703 -86.5900 0.0000 0.0000
4690.03 18.07.2018 11.10.01 30.33083 296.9069 -236.8183 -0.3795 -13.6234 17.6585 355.6893 186.1639 386.8157 455.1459 -83.6651 0.0000 0.0000
4700.03 18.07.2018 11.20.01 30.31585 296.8977 -516.5034 -0.8277 -13.0749 16.3295 336.3053 176.4373 386.6642 454.9473 -79.7618 0.0000 0.0000
4710.03 18.07.2018 11.30.01 30.25091 296.8731 -605.6050 -0.9705 -12.3105 15.1199 317.0407 166.6941 385.9352 454.1687 -75.8618 0.0000 0.0000
4720.03 18.07.2018 11.40.01 30.16851 296.8756 -563.3628 -0.9028 -11.5002 14.1298 300.4180 158.3114 385.1380 453.2387 -72.1418 0.0000 0.0000
4730.03 18.07.2018 11.50.01 30.09139 296.8732 -498.4712 -0.7988 -10.7523 13.2713 283.8600 149.8682 384.0756 451.9372 -68.5398 0.0000 0.0000
4740.03 18.07.2018 12.00.01 30.02413 296.8849 -404.5820 -0.6484 -10.0824 12.5787 267.6525 141.5078 382.9728 450.4634 -64.6241 0.0000 0.0000
4750.03 18.07.2018 12.10.01 29.97155 297.0372 -384.3922 -0.6160 -9.5072 11.8549 262.5889 138.7370 381.8620 448.9483 -61.2911 0.0000 0.0000
4760.03 18.07.2018 12.20.01 29.92205 297.4225 -283.9781 -0.4551 -8.9627 11.3435 261.3902 138.1246 381.1125 448.3731 -58.8868 0.0000 0.0000
4770.03 18.07.2018 12.30.01 29.89013 297.5812 -166.5648 -0.2669 -8.5047 10.9837 262.2560 138.6348 380.5552 448.0547 -57.8530 0.0000 0.0000
4780.03 18.07.2018 12.40.01 29.87814 297.7539 -113.4283 -0.1818 -8.1538 10.6294 265.3014 140.4440 380.1127 448.8616 -54.7906 0.0000 0.0000
4790.03 18.07.2018 12.50.01 29.87499 297.9609 -98.3180 -0.1576 -7.8518 10.2589 268.4130 142.3046 379.6313 449.7928 -53.0593 0.0000 0.0000
4800.03 18.07.2018 13.00.01 29.87441 298.2055 -68.9670 -0.1105 -7.5654 9.9398 273.0453 145.0396 379.2266 450.7907 -53.3650 0.0000 0.0000
4810.03 18.07.2018 13.10.01 29.87951 298.1663 85.8461 0.1376 -7.3068 9.9258 268.2957 142.7147 381.1324 451.7888 -52.6458 0.0000 0.0000
4820.03 18.07.2018 13.20.01 29.91189 298.1087 86.8353 0.1392 -7.1669 9.7414 260.1885 138.5047 382.6858 451.4056 -55.9346 0.0000 0.0000
4830.03 18.07.2018 13.30.01 29.94564 298.0916 99.1797 0.1589 -7.0155 9.5659 251.8670 134.1612 384.0147 450.7100 -58.4454 0.0000 0.0000
4840.03 18.07.2018 13.40.01 29.98196 297.9579 95.6114 0.1532 -6.8737 9.3692 242.6918 129.3239 385.3066 450.9208 -52.5200 0.0000 0.0000
4850.03 18.07.2018 13.50.01 30.01742 298.0368 94.8601 0.1520 -6.7295 9.1753 233.1411 124.2597 386.0777 449.7686 -51.9503 0.0000 0.0000
4860.03 18.07.2018 14.00.01 30.05193 297.9650 77.8786 0.1248 -6.5965 8.9617 224.7935 119.9329 386.4252 448.1127 -54.4385 0.0000 0.0000
4870.03 18.07.2018 14.10.01 30.08157 297.8759 -106.2970 -0.1703 -6.4571 8.3823 206.5431 110.2292 384.9899 446.2667 -50.3390 0.0000 0.0000
4880.03 18.07.2018 14.20.01 30.07845 297.7574 -234.2758 -0.3754 -6.1688 7.7245 186.6503 99.6013 383.3007 443.6995 -46.4706 0.0000 0.0000
4890.03 18.07.2018 14.30.01 30.05197 297.6431 -306.7076 -0.4915 -5.7844 7.0572 166.2234 88.6607 381.4493 440.6902 -42.7952 0.0000 0.0000
4900.03 18.07.2018 14.40.01 30.01144 297.5353 -353.9323 -0.5672 -5.3542 6.3827 144.6779 77.0867 379.5051 437.4274 -37.7795 0.0000 0.0000
4910.03 18.07.2018 14.50.01 29.96096 297.3692 -387.3621 -0.6208 -4.9045 5.7117 122.8324 65.3304 377.3060 433.6885 -33.4260 0.0000 0.0000
4920.03 18.07.2018 15.00.01 29.90267 297.1656 -419.6298 -0.6725 -4.4517 5.0390 100.6351 53.3631 374.8444 429.4126 -29.9078 0.0000 0.0000
4930.03 18.07.2018 15.10.01 29.83724 296.9928 -301.0698 -0.4825 -4.0041 4.6955 94.5092 50.0622 371.7660 426.1303 -28.7534 0.0000 0.0000
4940.03 18.07.2018 15.20.01 29.79138 296.7612 -189.3005 -0.3034 -3.6778 4.4992 90.7043 48.0394 368.8448 423.0172 -28.6701 0.0000 0.0000
4950.03 18.07.2018 15.30.01 29.76266 296.4883 -140.4570 -0.2251 -3.4712 4.3282 87.2750 46.2221 365.9866 419.9435 -28.7951 0.0000 0.0000
4960.03 18.07.2018 15.40.01 29.74047 296.2515 -129.6679 -0.2078 -3.3291 4.1618 83.9178 44.4442 363.1932 417.1762 -27.3580 0.0000 0.0000
4970.03 18.07.2018 15.50.01 29.71832 296.0242 -137.1613 -0.2198 -3.2170 3.9962 80.5730 42.6732 360.3778 414.4709 -26.5400 0.0000 0.0000
4980.03 18.07.2018 16.00.01 29.69311 295.8088 -152.5361 -0.2444 -3.1177 3.8309 77.2573 40.9182 357.5117 411.8125 -25.9037 0.0000 0.0000
4990.03 18.07.2018 16.10.01 29.66409 296.0311 -135.1346 -0.2166 -3.0169 3.7337 90.1002 48.0802 357.2501 411.8706 -23.5400 0.0000 0.0000
5000.03 18.07.2018 16.20.01 29.63867 296.2796 -74.6115 -0.1196 -2.9244 3.7398 104.7857 56.2672 357.5652 412.8840 -22.4884 0.0000 0.0000
5010.03 18.07.2018 16.30.01 29.62441 296.5361 -33.3275 -0.0534 -2.8756 3.7629 119.8985 64.6968 358.1347 414.4209 -22.1878 0.0000 0.0000
5020.03 18.07.2018 16.40.01 29.61788 296.8054 -10.6410 -0.0171 -2.8554 3.7844 139.2743 75.5270 358.8553 416.7975 -22.6700 0.0000 0.0000
5030.03 18.07.2018 16.50.01 29.61578 297.0782 8.1661 0.0131 -2.8503 3.8179 159.4269 86.8139 359.7199 419.6804 -23.9975 0.0000 0.0000
5040.03 18.07.2018 17.00.01 29.61709 297.3461 19.5865 0.0314 -2.8579 3.8523 179.9214 98.3069 360.6608 422.9153 -26.0153 0.0000 0.0000
5050.03 18.07.2018 17.10.01 29.62026 297.0394 -13.9690 -0.0224 -2.8767 3.8058 170.7636 93.3455 360.4726 422.2905 -30.1472 0.0000 0.0000
5060.03 18.07.2018 17.20.01 29.61630 296.6999 -118.9000 -0.1905 -2.8785 3.5839 158.5636 86.6956 359.4916 420.3808 -33.0403 0.0000 0.0000
5070.03 18.07.2018 17.30.01 29.59289 296.3487 -195.2617 -0.3129 -2.8092 3.3283 145.5785 79.6020 358.2082 417.9131 -35.0333 0.0000 0.0000
5080.03 18.07.2018 17.40.01 29.55447 296.0000 -241.5443 -0.3871 -2.6957 3.0781 129.2773 70.6432 356.7797 414.9115 -35.3105 0.0000 0.0000
5090.03 18.07.2018 17.50.01 29.50616 295.6507 -282.7180 -0.4531 -2.5647 2.8155 112.5107 61.4152 355.2429 411.6057 -34.8890 0.0000 0.0000
5100.03 18.07.2018 18.00.01 29.44891 295.3013 -315.0341 -0.5049 -2.4195 2.5528 95.4906 52.0348 353.6601 408.1103 -33.7822 0.0000 0.0000
5110.03 18.07.2018 18.10.01 29.38421 294.9476 -378.2168 -0.6061 -2.2650 2.2118 83.2137 45.3606 351.5836 405.2367 -30.7489 0.0000 0.0000
5120.03 18.07.2018 18.20.01 29.30731 294.5926 -414.2556 -0.6639 -2.0723 1.8779 70.9407 38.6830 349.5456 402.3230 -27.9582 0.0000 0.0000
5130.03 18.07.2018 18.30.01 29.22286 294.2384 -436.3163 -0.6992 -1.8647 1.5540 58.7247 32.0320 347.5102 399.3422 -25.2639 0.0000 0.0000
5140.03 18.07.2018 18.40.01 29.13317 293.8842 -455.4030 -0.7298 -1.6531 1.2310 42.1563 22.9843 345.4815 395.9930 -22.0232 0.0000 0.0000
5150.03 18.07.2018 18.50.01 29.03884 293.5255 -479.9238 -0.7691 -1.4403 0.8949 26.4183 14.3380 343.4123 392.4594 -18.7396 0.0000 0.0000
5160.03 18.07.2018 19.00.01 28.93896 293.1632 -500.6824 -0.8024 -1.2218 0.5592 10.6892 5.6957 341.3338 388.8248 -15.5307 0.0000 0.0000
5170.03 18.07.2018 19.10.01 28.83459 292.9116 -437.2735 -0.7008 -1.0003 0.3993 7.8918 4.1893 341.2443 386.6637 -13.4004 0.0000 0.0000
5180.03 18.07.2018 19.20.01 28.74059 292.6693 -377.8943 -0.6056 -0.8389 0.3111 6.1876 3.2825 341.4338 384.9433 -12.0502 0.0000 0.0000
5190.03 18.07.2018 19.30.01 28.65655 292.4288 -346.2481 -0.5549 -0.7317 0.2357 4.6782 2.4825 341.7062 383.4154 -11.0933 0.0000 0.0000
5200.03 18.07.2018 19.40.01 28.57763 292.1918 -332.3746 -0.5327 -0.6547 0.1627 3.2040 1.7019 342.0277 382.0327 -10.3869 0.0000 0.0000
5210.03 18.07.2018 19.50.01 28.50079 291.9538 -328.6826 -0.5267 -0.5942 0.0900 1.7361 0.9246 342.3859 380.7509 -9.9252 0.0000 0.0000
5220.03 18.07.2018 20.00.01 28.42413 291.7135 -330.5412 -0.5297 -0.5429 0.0175 0.2714 0.1491 342.7613 379.5566 -9.5877 0.0000 0.0000
5230.03 18.07.2018 20.10.01 28.34686 291.6324 -306.8400 -0.4917 -0.4940 0.0031 0.0464 0.0254 344.4569 378.8930 -9.0363 0.0000 0.0000
5240.03 18.07.2018 20.20.01 28.27343 291.5591 -291.5526 -0.4672 -0.4677 0.0006 0.0086 0.0047 346.2851 378.4181 -8.8601 0.0000 0.0000
5250.03 18.07.2018 20.30.01 28.20254 291.4904 -284.3595 -0.4557 -0.4558 0.0001 0.0015 0.0008 348.1704 378.0539 -8.9138 0.0000 0.0000
5260.03 18.07.2018 20.40.01 28.13284 291.4217 -282.2462 -0.4523 -0.4523 0.0000 0.0003 0.0002 350.1053 377.7979 -9.0798 0.0000 0.0000
5270.03 18.07.2018 20.50.01 28.06326 291.3571 -281.9550 -0.4519 -0.4519 0.0000 0.0000 0.0000 352.0703 377.6254 -9.3781 0.0000 0.0000
5280.03 18.07.2018 21.00.01 27.99368 291.2858 -283.1647 -0.4538 -0.4538 0.0000 0.0000 0.0000 354.0568 377.5061 -9.8459 0.0000 0.0000
5290.03 18.07.2018 21.10.01 27.92352 291.2085 -284.1502 -0.4554 -0.4554 0.0000 0.0000 0.0000 353.8550 377.1789 -9.8947 0.0000 0.0000
5300.03 18.07.2018 21.20.01 27.85281 291.1247 -288.7979 -0.4628 -0.4628 0.0000 0.0000 0.0000 353.5616 376.7968 -9.8780 0.0000 0.0000
5310.03 18.07.2018 21.30.01 27.78073 291.0427 -295.5479 -0.4736 -0.4736 0.0000 0.0000 0.0000 353.2581 376.4074 -9.8339 0.0000 0.0000
5320.03 18.07.2018 21.40.01 27.70693 290.9613 -302.5133 -0.4848 -0.4848 0.0000 0.0000 0.0000 352.9515 376.0134 -9.7747 0.0000 0.0000
5330.03 18.07.2018 21.50.01 27.63143 290.8799 -308.7502 -0.4948 -0.4948 0.0000 0.0000 0.0000 352.6436 375.6177 -9.7036 0.0000 0.0000
5340.03 18.07.2018 22.00.01 27.55450 290.7983 -314.1592 -0.5035 -0.5035 0.0000 0.0000 0.0000 352.3394 375.2226 -9.6249 0.0000 0.0000
5350.03 18.07.2018 22.10.01 27.47628 290.7359 -318.9015 -0.5111 -0.5111 0.0000 0.0000 0.0000 351.4737 374.7589 -9.4240 0.0000 0.0000
5360.03 18.07.2018 22.20.01 27.39694 290.6711 -324.1159 -0.5194 -0.5194 0.0000 0.0000 0.0000 350.5821 374.2636 -9.2084 0.0000 0.0000
5370.03 18.07.2018 22.30.01 27.31628 290.6046 -328.9430 -0.5272 -0.5272 0.0000 0.0000 0.0000 349.6832 373.7531 -8.9722 0.0000 0.0000
5380.03 18.07.2018 22.40.01 27.23446 290.5376 -333.3856 -0.5343 -0.5343 0.0000 0.0000 0.0000 348.7834 373.2306 -8.7262 0.0000 0.0000
5390.03 18.07.2018 22.50.01 27.15164 290.4694 -337.2245 -0.5404 -0.5404 0.0000 0.0000 0.0000 347.8829 372.6990 -8.4674 0.0000 0.0000
5400.03 18.07.2018 23.00.01 27.06790 290.4002 -340.4177 -0.5455 -0.5455 0.0000 0.0000 0.0000 346.9812 372.1578 -8.2088 0.0000 0.0000
5410.03 18.07.2018 23.10.01 26.98348 290.2237 -343.5562 -0.5506 -0.5506 0.0000 0.0000 0.0000 345.9051 371.4767 -8.3613 0.0000 0.0000
5420.03 18.07.2018 23.20.01 26.89828 290.0388 -346.9977 -0.5561 -0.5561 0.0000 0.0000 0.0000 344.7983 370.7678 -8.4367 0.0000 0.0000
5430.03 18.07.2018 23.30.01 26.81222 289.8566 -349.8793 -0.5607 -0.5607 0.0000 0.0000 0.0000 343.6811 370.0402 -8.4705 0.0000 0.0000
5440.03 18.07.2018 23.40.01 26.72543 289.6698 -352.3812 -0.5647 -0.5647 0.0000 0.0000 0.0000 342.5514 369.2788 -8.5757 0.0000 0.0000
5450.03 18.07.2018 23.50.01 26.63802 289.4868 -354.8168 -0.5686 -0.5686 0.0000 0.0000 0.0000 341.4224 368.5211 -8.5648 0.0000 0.0000
5460.03 19.07.2018 00.00.01 26.55013 289.3084 -357.0585 -0.5722 -0.5722 0.0000 0.0000 0.0000 340.2940 367.7577 -8.5202 0.0000 0.0000
5470.03 19.07.2018 00.10.01 26.46163 289.1278 -358.7845 -0.5750 -0.5750 0.0000 0.0000 0.0000 339.4181 367.0257 -8.5458 0.0000 0.0000
5480.03 19.07.2018 00.20.01 26.37283 288.9541 -360.7216 -0.5781 -0.5781 0.0000 0.0000 0.0000 338.5657 366.2999 -8.5835 0.0000 0.0000
5490.03 19.07.2018 00.30.01 26.28344 288.7716 -361.9935 -0.5801 -0.5801 0.0000 0.0000 0.0000 337.7074 365.5586 -8.6545 0.0000 0.0000
5500.03 19.07.2018 00.40.01 26.19372 288.5814 -363.5516 -0.5826 -0.5826 0.0000 0.0000 0.0000 336.8436 364.8035 -8.7521 0.0000 0.0000
5510.03 19.07.2018 00.50.01 26.10381 288.3867 -365.4283 -0.5856 -0.5856 0.0000 0.0000 0.0000 335.9733 364.0394 -8.8609 0.0000 0.0000
5520.03 19.07.2018 01.00.01 26.01321 288.1903 -366.0945 -0.5867 -0.5867 0.0000 0.0000 0.0000 335.1021 363.2693 -8.9758 0.0000 0.0000
5530.03 19.07.2018 01.10.01 25.92257 288.0956 -367.8205 -0.5895 -0.5895 0.0000 0.0000 0.0000 334.9369 362.7222 -8.6809 0.0000 0.0000
5540.03 19.07.2018 01.20.01 25.83190 288.0014 -368.5742 -0.5907 -0.5907 0.0000 0.0000 0.0000 334.8256 362.2254 -8.4662 0.0000 0.0000
5550.03 19.07.2018 01.30.01 25.74124 287.9032 -368.0627 -0.5898 -0.5898 0.0000 0.0000 0.0000 334.7231 361.7479 -8.3509 0.0000 0.0000
5560.03 19.07.2018 01.40.01 25.65060 287.8142 -366.4967 -0.5873 -0.5873 0.0000 0.0000 0.0000 334.6255 361.2956 -8.2408 0.0000 0.0000
5570.03 19.07.2018 01.50.01 25.56036 287.7594 -365.4000 -0.5856 -0.5856 0.0000 0.0000 0.0000 334.5429 360.8968 -8.0183 0.0000 0.0000
5580.03 19.07.2018 02.00.01 25.47061 287.6806 -364.2902 -0.5838 -0.5838 0.0000 0.0003 0.0002 334.4958 360.4835 -8.0096 0.0000 0.0000
5590.03 19.07.2018 02.10.01 25.38091 287.6761 -358.9761 -0.5753 -0.5821 0.0091 0.1946 0.1023 333.8440 360.0730 -7.7412 0.0000 0.0000
5600.03 19.07.2018 02.20.01 25.29183 287.6006 -357.7979 -0.5734 -0.5884 0.0201 0.4181 0.2206 333.1498 359.4883 -8.1007 0.0000 0.0000
5610.03 19.07.2018 02.30.01 25.20245 287.4449 -360.7749 -0.5782 -0.6017 0.0313 0.6465 0.3414 332.4040 358.7894 -8.7626 0.0000 0.0000
5620.03 19.07.2018 02.40.01 25.11212 287.2907 -364.9467 -0.5849 -0.6169 0.0427 0.8757 0.4628 331.6392 358.0785 -9.3171 0.0000 0.0000
5630.03 19.07.2018 02.50.01 25.02087 287.1205 -368.1339 -0.5900 -0.6305 0.0540 1.1051 0.5843 330.8200 357.3241 -9.9002 0.0000 0.0000
5640.03 19.07.2018 03.00.01 24.92892 286.9953 -371.1967 -0.5949 -0.6441 0.0656 1.3399 0.7086 329.9839 356.5998 -10.2565 0.0000 0.0000
5650.03 19.07.2018 03.10.01 24.83651 287.0110 -302.4879 -0.4848 -0.6561 0.2284 4.8042 2.5308 329.5547 356.4248 -9.9294 0.0000 0.0000
5660.03 19.07.2018 03.20.01 24.75613 287.0357 -254.8559 -0.4084 -0.7251 0.4223 8.7559 4.6214 329.2924 356.4463 -9.8406 0.0000 0.0000
5670.03 19.07.2018 03.30.01 24.68432 287.0664 -227.1610 -0.3640 -0.8301 0.6215 12.7877 6.7557 329.1003 356.5739 -9.8600 0.0000 0.0000
5680.03 19.07.2018 03.40.01 24.61791 287.1029 -209.8609 -0.3363 -0.9526 0.8217 16.8347 8.8984 328.9507 356.7925 -9.9171 0.0000 0.0000
5690.03 19.07.2018 03.50.01 24.55502 287.1413 -197.2016 -0.3160 -1.0826 1.0220 20.8843 11.0426 328.8302 357.0803 -10.0380 0.0000 0.0000
5700.03 19.07.2018 04.00.01 24.49499 287.1828 -186.8356 -0.2994 -1.2164 1.2227 24.9399 13.1899 328.7295 357.4296 -10.2010 0.0000 0.0000
5710.03 19.07.2018 04.10.01 24.43774 287.5382 -104.0490 -0.1667 -1.3494 1.5769 32.2755 17.0617 329.2761 358.5241 -9.3316 0.0000 0.0000
5720.03 19.07.2018 04.20.01 24.39626 287.9029 -40.0435 -0.0642 -1.5362 1.9627 40.1063 21.2060 330.0311 359.9040 -8.7459 0.0000 0.0000
5730.03 19.07.2018 04.30.01 24.36752 288.2718 4.8058 0.0077 -1.7577 2.3539 48.0185 25.3949 330.8830 361.4576 -8.3453 0.0000 0.0000
5740.03 19.07.2018 04.40.01 24.34820 288.6424 38.6948 0.0620 -1.9975 2.7461 55.9460 29.5922 331.7974 363.1527 -8.0910 0.0000 0.0000
5750.03 19.07.2018 04.50.01 24.33746 289.0148 321.7837 0.5157 -2.2467 3.6832 70.5945 36.8699 332.7616 365.1426 -8.1840 0.0000 0.0000
5760.03 19.07.2018 05.00.01 24.37658 289.3938 286.9596 0.4599 -2.7163 4.2349 80.9538 42.2439 333.9264 367.3990 -8.5138 0.0000 0.0000
5770.03 19.07.2018 05.10.01 24.41613 289.7783 1254.9669 2.0112 -3.1287 6.8532 117.3843 59.5656 335.0678 370.4402 -9.4992 0.0000 0.0000
5780.03 19.07.2018 05.20.01 24.62530 290.1747 1816.9268 2.9117 -4.3331 9.6598 156.0233 78.0624 336.9099 374.7769 -11.7325 0.0000 0.0000
5790.03 19.07.2018 05.30.01 24.93691 290.5913 2150.0059 3.4455 -5.9525 12.5307 213.1253 107.5933 339.0838 382.3736 -17.4790 0.0000 0.0000
5800.03 19.07.2018 05.40.01 25.30633 291.0360 834.1345 1.3368 -7.7806 12.1565 211.2917 107.3501 341.5673 387.0874 -19.4398 0.0000 0.0000
5810.03 19.07.2018 05.50.01 25.45474 291.4360 120.6304 0.1933 -8.4243 11.4901 202.8969 103.6660 342.9699 390.2390 -20.2459 0.0000 0.0000
5820.03 19.07.2018 06.00.01 25.48104 291.8270 -241.7949 -0.3875 -8.4510 10.7513 196.5497 100.9601 344.0694 392.7362 -20.5611 0.0000 0.0000
5830.03 19.07.2018 06.10.01 25.44756 292.1905 489.2685 0.7841 -8.1801 11.9523 216.4542 110.6587 345.4190 396.5853 -18.7782 0.0000 0.0000
5840.03 19.07.2018 06.20.01 25.53921 292.5884 886.4430 1.4206 -8.5390 13.2795 238.2780 121.4070 347.3609 400.7803 -21.4669 0.0000 0.0000
5850.03 19.07.2018 06.30.01 25.70144 293.1438 1096.4551 1.7571 -9.2103 14.6233 260.5953 132.4395 349.0936 404.5440 -27.5224 0.0000 0.0000
5860.03 19.07.2018 06.40.01 25.91790 293.6632 4770.9556 7.6458 -10.0215 23.5564 293.7319 144.8585 351.4535 411.0941 -26.0823 0.0000 0.0000
5870.03 19.07.2018 06.50.01 26.75762 294.2534 2931.8203 4.6984 -13.8878 24.7817 308.2920 151.9481 353.5325 416.4043 -25.4476 0.0000 0.0000
5880.03 19.07.2018 07.00.01 27.29522 294.2729 2126.9180 3.4085 -16.0372 25.9276 322.4931 158.8842 355.5843 420.4626 -31.7472 0.0000 0.0000
5890.03 19.07.2018 07.10.01 27.69689 294.7858 1115.1365 1.7871 -17.4397 25.6357 324.9948 160.6680 357.2920 425.1353 -30.9239 0.0000 0.0000
5900.03 19.07.2018 07.20.01 27.92715 294.7204 628.1163 1.0066 -17.9514 25.2774 326.6948 162.0226 358.3469 426.5493 -42.2825 0.0000 0.0000
5910.03 19.07.2018 07.30.01 28.07241 294.7376 374.6105 0.6003 -18.0605 24.8811 347.4338 174.8300 359.0136 429.6652 -56.8740 0.0000 0.0000
5920.03 19.07.2018 07.40.01 28.17242 295.1585 313.1856 0.5019 -17.9704 24.6298 349.6589 176.3385 361.4017 436.1056 -42.1944 0.0000 0.0000
5930.03 19.07.2018 07.50.01 28.26129 295.0803 257.8747 0.4133 -17.8363 24.3327 351.3885 177.5860 362.6346 436.1012 -55.6673 0.0000 0.0000
5940.03 19.07.2018 08.00.01 28.33816 295.1115 199.5712 0.3198 -17.6836 24.0046 353.5045 179.0877 362.4973 434.5932 -71.7480 0.0000 0.0000
5950.03 19.07.2018 08.10.01 28.40487 295.3363 698.0006 1.1186 -17.5042 24.8303 367.4436 186.0774 362.9980 436.5227 -72.9199 0.0000 0.0000
5960.03 19.07.2018 08.20.01 28.57205 295.5653 4578.3066 7.3370 -17.7495 33.4488 400.8120 198.8431 364.0049 439.9425 -76.8591 0.0000 0.0000
5970.03 19.07.2018 08.30.01 29.39620 295.8033 2863.6445 4.5892 -21.2464 34.4475 416.0198 206.4606 365.2067 442.8145 -79.4424 0.0000 0.0000
5980.03 19.07.2018 08.40.01 29.93786 296.0345 1950.2366 3.1254 -23.1438 35.0256 428.0466 212.6200 366.4048 445.6096 -82.0605 0.0000 0.0000
5990.03 19.07.2018 08.50.01 30.32714 296.2717 1496.5739 2.3984 -24.2066 35.4733 458.1397 229.7176 367.6129 450.6522 -88.9195 0.0000 0.0000
6000.03 19.07.2018 09.00.01 30.64013 296.5171 1244.7294 1.9948 -24.8610 35.8077 469.2750 235.5257 368.9493 453.7318 -91.8352 0.0000 0.0000
6010.03 19.07.2018 09.10.01 30.90771 296.7508 464.0160 0.7436 -25.2924 34.7147 466.9731 235.0304 370.6288 456.6229 -91.2028 0.0000 0.0000
6020.03 19.07.2018 09.20.01 31.04064 296.9828 52.5985 0.0843 -25.0600 33.5257 469.3954 237.4441 372.0962 459.9488 -90.8940 0.0000 0.0000
6030.03 19.07.2018 09.30.01 31.10076 297.2141 -118.6311 -0.1901 -24.4998 32.4130 472.2082 240.0331 373.7593 463.1269 -91.7902 0.0000 0.0000
6040.03 19.07.2018 09.40.01 31.12890 297.4476 -192.8611 -0.3091 -23.8212 31.3495 471.6726 240.5144 375.3672 466.0182 -90.5665 0.0000 0.0000
6050.03 19.07.2018 09.50.01 31.14221 297.6938 -215.1133 -0.3447 -23.1051 30.3472 469.4800 239.9567 377.0972 468.7264 -88.7643 0.0000 0.0000
6060.03 19.07.2018 10.00.01 31.14950 297.9223 -282.1541 -0.4522 -22.3901 29.2506 465.6034 238.4608 378.6520 470.8845 -87.8520 0.0000 0.0000
6070.03 19.07.2018 10.10.01 31.14245 298.0623 -697.7350 -1.1182 -21.6297 27.3488 451.1717 231.9122 382.1189 474.1855 -84.7244 0.0000 0.0000
6080.03 19.07.2018 10.20.01 31.06335 298.2947 -899.5384 -1.4416 -20.5199 25.4377 434.9060 224.2713 385.1141 475.5602 -85.3477 0.0000 0.0000
6090.03 19.07.2018 10.30.01 30.94814 298.3087 -988.3187 -1.5838 -19.2575 23.5649 417.6551 216.0133 386.5784 473.4298 -93.3206 0.0000 0.0000
6100.03 19.07.2018 10.40.01 30.81506 298.6211 -876.9211 -1.4053 -17.9605 22.0735 404.9850 210.1005 388.2333 474.3523 -79.9179 0.0000 0.0000
6110.03 19.07.2018 10.50.01 30.69961 299.2050 -777.9241 -1.2467 -16.7572 20.6807 392.1247 203.9986 389.7833 475.6619 -71.4452 0.0000 0.0000
6120.03 19.07.2018 11.00.01 30.59698 299.5066 -696.3486 -1.1159 -15.6800 19.4188 379.7363 198.0820 390.7747 474.5396 -78.1706 0.0000 0.0000
6130.03 19.07.2018 11.10.01 30.50439 299.4695 -960.2697 -1.5389 -14.6949 17.5413 352.5809 184.5574 392.8660 474.7298 -67.6110 0.0000 0.0000
6140.03 19.07.2018 11.20.01 30.36495 299.3182 -1096.0349 -1.7565 -13.4943 15.6505 321.6866 168.8026 394.4378 471.8675 -69.9626 0.0000 0.0000
6150.03 19.07.2018 11.30.01 30.20083 299.1698 -1090.8002 -1.7481 -12.1993 13.9350 291.3434 153.2475 395.3492 468.0257 -72.3428 0.0000 0.0000
6160.03 19.07.2018 11.40.01 30.03533 298.9002 -989.5656 -1.5858 -10.9493 12.4846 263.8924 139.1583 396.1697 465.4977 -61.0719 0.0000 0.0000
6170.03 19.07.2018 11.50.01 29.88445 298.8177 -881.5459 -1.4127 -9.8229 11.2135 236.7782 125.1354 396.2067 461.5108 -58.4534 0.0000 0.0000
6180.03 19.07.2018 12.00.01 29.74932 298.6764 -760.4846 -1.2187 -8.8318 10.1508 210.3578 111.3693 395.8400 456.5733 -60.4767 0.0000 0.0000
6190.03 19.07.2018 12.10.01 29.63351 298.6143 -459.0731 -0.7357 -7.9805 9.6597 203.1310 107.4720 394.1446 453.4317 -57.2169 0.0000 0.0000
6200.03 19.07.2018 12.20.01 29.56933 298.5755 -198.1097 -0.3175 -7.4001 9.4434 200.1218 105.8951 393.0987 451.3357 -55.0984 0.0000 0.0000
6210.03 19.07.2018 12.30.01 29.55056 298.5490 -37.9879 -0.0609 -7.0427 9.3091 198.0917 104.8420 392.3523 449.6672 -53.3855 0.0000 0.0000
6220.03 19.07.2018 12.40.01 29.56014 298.5272 44.0754 0.0706 -6.8159 9.1820 196.7426 104.1891 391.7169 448.3261 -51.9638 0.0000 0.0000
6230.03 19.07.2018 12.50.01 29.58459 298.5097 86.0319 0.1379 -6.6525 9.0539 194.9356 103.2623 391.1331 447.1077 -50.6293 0.0000 0.0000
6240.03 19.07.2018 13.00.01 29.61682 298.4941 112.3623 0.1801 -6.5201 8.9336 193.4754 102.5355 390.5920 446.0765 -49.4974 0.0000 0.0000
6250.03 19.07.2018 13.10.01 29.65429 298.5646 218.2107 0.3497 -6.4088 9.0113 210.4400 111.5780 388.0415 445.8347 -50.7924 0.0000 0.0000
6260.03 19.07.2018 13.20.01 29.71081 298.6302 368.0317 0.5898 -6.3902 9.3067 231.8724 123.1336 385.9531 446.5235 -54.7699 0.0000 0.0000
6270.03 19.07.2018 13.30.01 29.79339 298.6729 462.1393 0.7406 -6.4984 9.6520 254.9257 135.6222 384.0645 447.6412 -59.8607 0.0000 0.0000
6280.03 19.07.2018 13.40.01 29.89276 298.7636 509.5955 0.8167 -6.6805 9.9962 279.5274 148.9927 382.3945 449.3353 -65.2694 0.0000 0.0000
6290.03 19.07.2018 13.50.01 30.00121 298.8661 544.8201 0.8731 -6.8944 10.3567 305.2144 163.0017 380.9024 451.3867 -71.2569 0.0000 0.0000
6300.03 19.07.2018 14.00.01 30.11645 298.9790 543.5281 0.8710 -7.1294 10.6672 336.0137 180.1185 379.3818 454.2993 -78.4949 0.0000 0.0000
6310.03 19.07.2018 14.10.01 30.23147 298.9040 438.2523 0.7023 -7.3572 10.7461 328.5816 176.3535 379.7547 455.0593 -78.2228 0.0000 0.0000
6320.03 19.07.2018 14.20.01 30.32733 298.8024 207.0523 0.3318 -7.4916 10.4312 314.1667 168.7030 379.1991 454.2520 -76.9271 0.0000 0.0000
6330.03 19.07.2018 14.30.01 30.38241 298.6888 62.8865 0.1008 -7.4372 10.0506 298.1500 160.1436 378.1878 452.8182 -75.2547 0.0000 0.0000
6340.03 19.07.2018 14.40.01 30.41100 298.5709 -28.0304 -0.0449 -7.2751 9.6403 280.3858 150.5932 376.9613 451.0725 -71.9777 0.0000 0.0000
6350.03 19.07.2018 14.50.01 30.42239 298.4494 -66.3516 -0.1063 -7.0541 9.2636 262.6399 141.0288 375.6986 449.0449 -68.5632 0.0000 0.0000
6360.03 19.07.2018 15.00.01 30.42553 298.3241 -106.7206 -0.1710 -6.8163 8.8604 243.8388 130.8516 374.3447 446.6305 -64.7560 0.0000 0.0000
6370.03 19.07.2018 15.10.01 30.42034 298.1459 -142.4796 -0.2283 -6.5632 8.4465 229.4281 123.0725 373.1671 444.4264 -61.4646 0.0000 0.0000
6380.03 19.07.2018 15.20.01 30.40841 297.9710 -133.1324 -0.2134 -6.2905 8.1028 215.8309 115.7276 372.1156 442.1925 -58.4019 0.0000 0.0000
6390.03 19.07.2018 15.30.01 30.39703 297.7937 -131.9581 -0.2115 -6.0389 7.7699 202.1145 108.3029 371.1025 439.8046 -55.4703 0.0000 0.0000
6400.03 19.07.2018 15.40.01 30.38479 297.6120 -143.7797 -0.2304 -5.8000 7.4261 186.8473 100.0066 370.0607 437.1345 -52.3913 0.0000 0.0000
6410.03 19.07.2018 15.50.01 30.36947 297.4271 -152.6167 -0.2446 -5.5628 7.0910 171.4899 91.6501 369.0114 434.3007 -49.3303 0.0000 0.0000
6420.03 19.07.2018 16.00.01 30.35156 297.2405 -160.4856 -0.2572 -5.3305 6.7644 156.0125 83.2133 367.9561 431.3284 -46.2356 0.0000 0.0000
6430.03 19.07.2018 16.10.01 30.33129 297.1299 -162.9297 -0.2611 -5.1041 6.4573 157.8744 84.3715 366.2770 429.5278 -45.3681 0.0000 0.0000
6440.03 19.07.2018 16.20.01 30.30963 297.0309 -118.4224 -0.1898 -4.8889 6.2655 161.6333 86.5781 364.7952 428.1636 -45.7337 0.0000 0.0000
6450.03 19.07.2018 16.30.01 30.29452 296.9341 -96.3153 -0.1544 -4.7249 6.0941 165.7624 88.9905 363.4397 427.0499 -46.3612 0.0000 0.0000
6460.03 19.07.2018 16.40.01 30.28225 296.8438 -93.1938 -0.1493 -4.5908 5.9220 172.2587 92.7408 362.1109 426.4366 -46.7147 0.0000 0.0000
6470.03 19.07.2018 16.50.01 30.26965 296.7517 -95.8753 -0.1536 -4.4698 5.7549 179.1821 96.7436 360.8355 425.9343 -48.0182 0.0000 0.0000
6480.03 19.07.2018 17.00.01 30.25567 296.6604 -102.9263 -0.1649 -4.3568 5.5892 186.2467 100.8309 359.5951 425.5971 -49.5069 0.0000 0.0000
6490.03 19.07.2018 17.10.01 30.23904 296.4259 -233.4968 -0.3742 -4.2501 5.1679 172.5048 93.5037 358.3017 423.6765 -48.3114 0.0000 0.0000
6500.03 19.07.2018 17.20.01 30.19827 296.1754 -370.4713 -0.5937 -4.0480 4.6058 156.3564 84.8424 356.6577 421.2603 -45.3327 0.0000 0.0000
6510.03 19.07.2018 17.30.01 30.13210 295.9279 -459.4762 -0.7363 -3.7485 4.0163 139.6126 75.8459 354.9050 418.4969 -42.1485 0.0000 0.0000
6520.03 19.07.2018 17.40.01 30.04867 295.6831 -513.0490 -0.8222 -3.3947 3.4300 120.7579 65.6617 353.1781 415.6682 -37.0871 0.0000 0.0000
6530.03 19.07.2018 17.50.01 29.95422 295.4356 -555.1884 -0.8897 -3.0162 2.8354 101.5875 55.2947 351.4139 412.4781 -32.5815 0.0000 0.0000
6540.03 19.07.2018 18.00.01 29.85070 295.1878 -587.1165 -0.9409 -2.6226 2.2423 82.2662 44.8356 349.6200 409.0442 -28.2523 0.0000 0.0000
6550.03 19.07.2018 18.10.01 29.74026 294.8475 -502.4417 -0.8052 -2.2236 1.8912 70.8906 38.6448 348.1692 405.9210 -26.0382 0.0000 0.0000
6560.03 19.07.2018 18.20.01 29.64251 294.5104 -449.5787 -0.7205 -1.9187 1.5976 60.3326 32.8998 346.8443 402.9331 -24.0818 0.0000 0.0000
6570.03 19.07.2018 18.30.01 29.55242 294.1753 -427.8594 -0.6857 -1.6765 1.3211 49.9506 27.2470 345.5506 399.9677 -22.1500 0.0000 0.0000
6580.03 19.07.2018 18.40.01 29.46469 293.8398 -425.3071 -0.6816 -1.4675 1.0479 35.8819 19.5637 344.2706 396.6944 -19.9074 0.0000 0.0000
6590.03 19.07.2018 18.50.01 29.37612 293.5022 -439.0261 -0.7036 -1.2756 0.7626 22.5071 12.2150 342.9645 393.3164 -17.5412 0.0000 0.0000
6600.03 19.07.2018 19.00.01 29.28393 293.1647 -454.4056 -0.7282 -1.0868 0.4782 9.1447 4.8725 341.6541 389.9019 -15.1772 0.0000 0.0000
6610.03 19.07.2018 19.10.01 29.18798 292.7982 -402.3170 -0.6447 -0.9013 0.3421 6.7614 3.5892 340.1926 387.3351 -14.2777 0.0000 0.0000
6620.03 19.07.2018 19.20.01 29.09954 292.4373 -360.8873 -0.5783 -0.7783 0.2666 5.3031 2.8133 338.8515 385.0696 -13.7529 0.0000 0.0000
6630.03 19.07.2018 19.30.01 29.01684 292.0763 -346.0050 -0.5545 -0.7060 0.2021 4.0098 2.1279 337.5565 382.9362 -13.4047 0.0000 0.0000
6640.03 19.07.2018 19.40.01 28.93551 291.7158 -346.8635 -0.5559 -0.6604 0.1394 2.7463 1.4587 336.2843 380.8984 -13.1652 0.0000 0.0000
6650.03 19.07.2018 19.50.01 28.85290 291.3551 -355.4632 -0.5697 -0.6275 0.0772 1.4881 0.7926 335.0272 378.9319 -13.0305 0.0000 0.0000
6660.03 19.07.2018 20.00.01 28.76763 290.9946 -367.5453 -0.5890 -0.6003 0.0150 0.2326 0.1278 333.7824 377.0236 -12.9783 0.0000 0.0000
6670.03 19.07.2018 20.10.01 28.67935 290.8183 -357.0547 -0.5722 -0.5742 0.0026 0.0398 0.0218 332.9834 375.5822 -11.9985 0.0000 0.0000
6680.03 19.07.2018 20.20.01 28.59213 290.6452 -351.5294 -0.5633 -0.5637 0.0005 0.0074 0.0040 332.2841 374.2911 -11.2512 0.0000 0.0000
6690.03 19.07.2018 20.30.01 28.50518 290.4734 -351.4706 -0.5633 -0.5633 0.0001 0.0013 0.0007 331.6291 373.0990 -10.6465 0.0000 0.0000
6700.03 19.07.2018 20.40.01 28.41790 290.3026 -355.6319 -0.5699 -0.5699 0.0000 0.0002 0.0001 331.0022 371.9865 -10.1461 0.0000 0.0000
6710.03 19.07.2018 20.50.01 28.32943 290.1323 -361.4273 -0.5792 -0.5792 0.0000 0.0000 0.0000 330.3963 370.9393 -9.7324 0.0000 0.0000
6720.03 19.07.2018 21.00.01 28.23934 289.9625 -367.7196 -0.5893 -0.5893 0.0000 0.0000 0.0000 329.8090 369.9465 -9.3910 0.0000 0.0000
6730.03 19.07.2018 21.10.01 28.14764 289.7483 -375.1425 -0.6012 -0.6012 0.0000 0.0000 0.0000 329.4500 368.9483 -9.4777 0.0000 0.0000
6740.03 19.07.2018 21.20.01 28.05398 289.5356 -383.6673 -0.6149 -0.6149 0.0000 0.0000 0.0000 329.0980 367.9870 -9.6082 0.0000 0.0000
6750.03 19.07.2018 21.30.01 27.95815 289.3201 -392.2328 -0.6286 -0.6286 0.0000 0.0000 0.0000 328.7503 367.0531 -9.7802 0.0000 0.0000
6760.03 19.07.2018 21.40.01 27.86025 289.1068 -400.7193 -0.6422 -0.6422 0.0000 0.0000 0.0000 328.4089 366.1454 -9.9802 0.0000 0.0000
6770.03 19.07.2018 21.50.01 27.76031 288.8935 -408.8302 -0.6552 -0.6552 0.0000 0.0000 0.0000 328.0721 365.2610 -10.2025 0.0000 0.0000
6780.03 19.07.2018 22.00.01 27.65841 288.6813 -416.4271 -0.6674 -0.6674 0.0000 0.0000 0.0000 327.7388 364.3956 -10.4495 0.0000 0.0000
6790.03 19.07.2018 22.10.01 27.55471 288.4856 -423.2311 -0.6783 -0.6783 0.0000 0.0000 0.0000 326.4047 363.4579 -10.3558 0.0000 0.0000
6800.03 19.07.2018 22.20.01 27.44940 288.2859 -429.7633 -0.6887 -0.6887 0.0000 0.0000 0.0000 325.0379 362.5062 -10.1676 0.0000 0.0000
6810.03 19.07.2018 22.30.01 27.34252 288.0852 -436.2475 -0.6991 -0.6991 0.0000 0.0000 0.0000 323.6637 361.5235 -10.0681 0.0000 0.0000
6820.03 19.07.2018 22.40.01 27.23403 287.8845 -442.0706 -0.7084 -0.7084 0.0000 0.0000 0.0000 322.3006 360.5568 -9.8703 0.0000 0.0000
6830.03 19.07.2018 22.50.01 27.12420 287.6848 -447.5231 -0.7172 -0.7172 0.0000 0.0000 0.0000 320.9415 359.5866 -9.6673 0.0000 0.0000
6840.03 19.07.2018 23.00.01 27.01302 287.4870 -452.4163 -0.7250 -0.7250 0.0000 0.0000 0.0000 319.5825 358.6145 -9.4538 0.0000 0.0000
6850.03 19.07.2018 23.10.01 26.90075 287.2667 -457.2419 -0.7328 -0.7328 0.0000 0.0000 0.0000 318.7232 357.6741 -9.4865 0.0000 0.0000
6860.03 19.07.2018 23.20.01 26.78738 287.0571 -461.2338 -0.7392 -0.7392 0.0000 0.0000 0.0000 317.8983 356.7544 -9.5538 0.0000 0.0000
6870.03 19.07.2018 23.30.01 26.67300 286.8396 -465.2996 -0.7457 -0.7457 0.0000 0.0000 0.0000 317.0681 355.8306 -9.6645 0.0000 0.0000
6880.03 19.07.2018 23.40.01 26.55758 286.6285 -469.5444 -0.7525 -0.7525 0.0000 0.0000 0.0000 316.2184 354.8746 -9.8910 0.0000 0.0000
6890.03 19.07.2018 23.50.01 26.44100 286.4139 -474.4195 -0.7603 -0.7603 0.0000 0.0000 0.0000 315.3571 353.9136 -10.1246 0.0000 0.0000
6900.03 20.07.2018 00.00.01 26.32324 286.1928 -479.3897 -0.7683 -0.7683 0.0000 0.0000 0.0000 314.4918 352.9402 -10.4021 0.0000 0.0000
6910.03 20.07.2018 00.10.01 26.20437 286.0415 -484.2377 -0.7760 -0.7760 0.0000 0.0000 0.0000 313.5210 352.0457 -10.2955 0.0000 0.0000
6920.03 20.07.2018 00.20.01 26.08428 285.8885 -488.3279 -0.7826 -0.7826 0.0000 0.0000 0.0000 312.5547 351.1598 -10.1929 0.0000 0.0000
6930.03 20.07.2018 00.30.01 25.96322 285.7361 -492.0773 -0.7886 -0.7886 0.0000 0.0000 0.0000 311.5915 350.2800 -10.1079 0.0000 0.0000
6940.03 20.07.2018 00.40.01 25.84127 285.5832 -495.7921 -0.7945 -0.7945 0.0000 0.0000 0.0000 310.6307 349.4097 -10.0140 0.0000 0.0000
6950.03 20.07.2018 00.50.01 25.71847 285.4302 -499.1736 -0.8000 -0.8000 0.0000 0.0000 0.0000 309.6722 348.5458 -9.9243 0.0000 0.0000
6960.03 20.07.2018 01.00.01 25.59487 285.2758 -502.4154 -0.8052 -0.8052 0.0000 0.0000 0.0000 308.7164 347.6835 -9.8558 0.0000 0.0000
6970.03 20.07.2018 01.10.01 25.47036 285.1275 -504.2818 -0.8081 -0.8081 0.0000 0.0000 0.0000 308.1308 346.9242 -9.6540 0.0000 0.0000
6980.03 20.07.2018 01.20.01 25.34585 284.9771 -505.2318 -0.8097 -0.8097 0.0000 0.0000 0.0000 307.5717 346.1862 -9.5161 0.0000 0.0000
6990.03 20.07.2018 01.30.01 25.22134 284.8286 -504.7518 -0.8089 -0.8089 0.0000 0.0000 0.0000 307.0263 345.4760 -9.3646 0.0000 0.0000
7000.03 20.07.2018 01.40.01 25.09683 284.6797 -503.2271 -0.8065 -0.8065 0.0000 0.0000 0.0000 306.4869 344.7731 -9.2641 0.0000 0.0000
7010.03 20.07.2018 01.50.01 24.97289 284.5329 -502.5547 -0.8054 -0.8054 0.0000 0.0000 0.0000 305.9578 344.0932 -9.1419 0.0000 0.0000
7020.03 20.07.2018 02.00.01 24.84924 284.3834 -501.8542 -0.8043 -0.8043 0.0000 0.0004 0.0002 305.4346 343.4154 -9.0742 0.0000 0.0000
7030.03 20.07.2018 02.10.01 24.72564 284.2550 -496.4572 -0.7956 -0.8033 0.0103 0.2200 0.1156 305.2756 342.7905 -9.1639 0.0000 0.0000
7040.03 20.07.2018 02.20.01 24.60281 284.1267 -493.3620 -0.7906 -0.8077 0.0227 0.4726 0.2493 305.1428 342.2016 -9.2830 0.0000 0.0000
7050.03 20.07.2018 02.30.01 24.48040 283.9974 -492.0389 -0.7885 -0.8151 0.0354 0.7308 0.3860 305.0166 341.6307 -9.4342 0.0000 0.0000
7060.03 20.07.2018 02.40.01 24.35818 283.8672 -491.5688 -0.7878 -0.8240 0.0483 0.9899 0.5232 304.8908 341.0682 -9.6320 0.0000 0.0000
7070.03 20.07.2018 02.50.01 24.23599 283.7371 -491.3412 -0.7874 -0.8332 0.0611 1.2493 0.6605 304.7704 340.5247 -9.8272 0.0000 0.0000
7080.03 20.07.2018 03.00.01 24.11382 283.6058 -491.2171 -0.7872 -0.8428 0.0741 1.5133 0.8003 304.6477 339.9849 -10.0677 0.0000 0.0000
7090.03 20.07.2018 03.10.01 23.99197 283.6602 -428.3391 -0.6864 -0.8504 0.2186 4.5852 2.4163 304.3611 339.8955 -9.4850 0.0000 0.0000
7100.03 20.07.2018 03.20.01 23.88159 283.7181 -382.2375 -0.6126 -0.9052 0.3901 8.0809 4.2657 304.1946 339.9713 -9.0749 0.0000 0.0000
7110.03 20.07.2018 03.30.01 23.77999 283.7761 -353.0049 -0.5657 -0.9904 0.5663 11.6462 6.1531 304.0829 340.1221 -8.8356 0.0000 0.0000
7120.03 20.07.2018 03.40.01 23.68423 283.8379 -332.9707 -0.5336 -1.0911 0.7433 15.2248 8.0478 304.0106 340.3556 -8.6290 0.0000 0.0000
7130.03 20.07.2018 03.50.01 23.59274 283.9014 -317.8872 -0.5094 -1.1998 0.9205 18.8057 9.9437 303.9648 340.6468 -8.4929 0.0000 0.0000
7140.03 20.07.2018 04.00.01 23.50463 283.9666 -305.3666 -0.4894 -1.3126 1.0977 22.3865 11.8396 303.9382 340.9763 -8.4578 0.0000 0.0000
7150.03 20.07.2018 04.10.01 23.41952 284.3130 -299.5287 -0.4800 -1.4267 1.2622 25.6975 13.5938 304.4219 341.6603 -7.2854 0.0000 0.0000
7160.03 20.07.2018 04.20.01 23.33648 284.6562 -289.1740 -0.4634 -1.5316 1.4242 28.9679 15.3254 304.9918 342.4475 -6.2359 0.0000 0.0000
7170.03 20.07.2018 04.30.01 23.25652 284.9978 -276.1938 -0.4426 -1.6319 1.5857 32.2316 17.0535 305.5993 343.3138 -5.2831 0.0000 0.0000
7180.03 20.07.2018 04.40.01 23.17990 285.3382 -261.8414 -0.4196 -1.7300 1.7471 35.4940 18.7808 306.2345 344.2504 -4.4065 0.0000 0.0000
7190.03 20.07.2018 04.50.01 23.10684 285.6798 -247.2282 -0.3962 -1.8276 1.9086 38.7561 20.5080 306.8943 345.2503 -3.5929 0.0000 0.0000
