# simtime date time IndoorTemp Av_Tair_at_facade Energyflux.toIndoor.sum  Energyflux.toIndoor.average Energyflux.Conduction.average Energyflux.SW.transmission.average Shortwave.availabe Shortwave.absorbed Longwave.available Longwave.emittedFacade Sensible.outside Vapour.fromGreening Vapour.fromSubstrate
10.02 15.07.2018 05.10.00 19.90612 288.7613 166.5103 0.4525 -0.5028 1.2737 206.6557 106.1349 322.9451 371.1670 -16.3000 0.0000 0.0000
20.02 15.07.2018 05.20.00 19.94021 289.4917 268.1022 0.7285 -0.8992 2.1703 368.0835 189.3288 329.0145 383.9934 -28.5930 0.0000 0.0000
30.03 15.07.2018 05.30.01 20.00921 290.3107 392.5906 1.0668 -1.3652 3.2427 610.6564 321.0823 336.9363 415.4155 -55.0955 0.0000 0.0000
40.03 15.07.2018 05.40.01 20.12133 290.9561 527.5727 1.4336 -1.9439 4.5034 585.5816 308.2061 347.3970 429.6284 -67.7759 0.0000 0.0000
50.03 15.07.2018 05.50.01 20.27169 291.4501 314.0659 0.8534 -2.6217 4.6335 551.0607 290.5151 350.5427 436.6690 -76.7755 0.0000 0.0000
60.03 15.07.2018 06.00.01 20.36547 291.7810 163.2533 0.4436 -2.9614 4.5401 507.3190 267.4575 351.9782 439.6505 -81.3748 0.0000 0.0000
70.03 15.07.2018 06.10.01 20.41870 291.9639 90.5857 0.2462 -3.0771 4.4310 484.6584 255.3047 352.7941 441.7882 -84.6545 0.0000 0.0000
80.03 15.07.2018 06.20.01 20.45281 292.1882 89.6301 0.2436 -3.0871 4.4409 463.2725 243.8269 354.0343 443.2426 -87.2612 0.0000 0.0000
90.03 15.07.2018 06.30.01 20.57296 292.4375 6039.9385 16.4129 -3.4750 26.5172 500.7855 251.0393 355.0534 447.8155 -94.3241 0.0000 0.0000
100.03 15.07.2018 06.40.01 22.27377 292.7320 2909.3184 7.9058 -11.4182 25.7652 483.7343 242.1851 356.3071 448.2463 -95.2654 0.0000 0.0000
110.03 15.07.2018 06.50.01 23.12713 293.0171 1445.8094 3.9288 -14.7974 24.9683 469.6195 235.1266 357.3798 448.4154 -96.6481 0.0000 0.0000
120.03 15.07.2018 07.00.01 23.57855 293.3019 737.7444 2.0047 -16.1055 24.1470 457.2190 229.1147 358.4610 448.3236 -98.1248 0.0000 0.0000
130.03 15.07.2018 07.10.01 23.83315 293.6185 442.0433 1.2012 -16.4519 23.5375 448.9156 225.0968 359.8236 448.8623 -96.5518 0.0000 0.0000
140.03 15.07.2018 07.20.01 24.00344 293.9750 292.8914 0.7959 -16.4195 22.9539 441.4039 221.5343 361.4897 449.6334 -94.7261 0.0000 0.0000
150.03 15.07.2018 07.30.01 24.12972 294.3322 198.0499 0.5382 -16.2100 22.3309 481.8852 246.7972 363.1254 456.7094 -102.7318 0.0000 0.0000
160.03 15.07.2018 07.40.01 24.22817 294.7250 189.3457 0.5145 -15.8992 21.8850 476.0444 243.9711 365.3250 458.2112 -101.0060 0.0000 0.0000
170.03 15.07.2018 07.50.01 24.32223 295.1160 155.6589 0.4230 -15.5957 21.3583 468.7684 240.3448 367.1130 459.3274 -98.9497 0.0000 0.0000
180.03 15.07.2018 08.00.01 24.40530 295.4891 116.5409 0.3167 -15.2607 20.7698 463.5672 238.0099 368.7747 460.6061 -97.1784 0.0000 0.0000
190.03 15.07.2018 08.10.01 24.47637 295.9427 90.9920 0.2473 -14.8849 20.1762 455.6337 234.0715 370.9137 463.1156 -88.2311 0.0000 0.0000
200.03 15.07.2018 08.20.01 24.59582 296.3488 3980.5632 10.8167 -14.7375 34.0723 487.1139 242.8494 372.6628 468.8622 -82.5668 0.0000 0.0000
210.03 15.07.2018 08.30.01 25.74645 296.6869 1859.7002 5.0535 -19.5393 32.7905 477.4113 238.3684 374.0087 472.2364 -75.1171 0.0000 0.0000
220.03 15.07.2018 08.40.01 26.32110 296.9971 881.1796 2.3945 -21.2781 31.5635 468.2099 234.0284 375.0883 474.7901 -67.2353 0.0000 0.0000
230.03 15.07.2018 08.50.01 26.62527 297.2419 405.5218 1.1020 -21.6558 30.3437 493.9819 250.6671 376.3150 481.3719 -69.7754 0.0000 0.0000
240.03 15.07.2018 09.00.01 26.79528 297.4490 169.8943 0.4617 -21.4022 29.1519 484.4782 246.1194 377.9379 481.4978 -74.1916 0.0000 0.0000
250.03 15.07.2018 09.10.01 26.89648 298.0255 -11.0933 -0.0301 -20.8544 27.7657 472.6157 240.4076 379.8934 485.2252 -63.6173 0.0000 0.0000
260.03 15.07.2018 09.20.01 26.94491 298.0957 -93.6269 -0.2544 -20.0936 26.4523 461.7300 235.2270 381.5269 481.8813 -81.1974 0.0000 0.0000
270.03 15.07.2018 09.30.01 27.00414 297.6769 2458.0396 6.6795 -19.4395 34.8252 490.7798 246.6996 382.6614 481.7701 -101.4296 0.0000 0.0000
280.03 15.07.2018 09.40.01 27.73544 297.9007 979.6942 2.6622 -22.0690 32.9750 479.5249 241.5834 383.9852 480.7189 -97.5280 0.0000 0.0000
290.03 15.07.2018 09.50.01 28.06283 298.0377 304.1519 0.8265 -22.5973 31.2317 492.4663 250.9043 385.4148 481.3958 -108.9936 0.0000 0.0000
300.03 15.07.2018 10.00.01 28.20120 298.0460 -64.5972 -0.1755 -22.2040 29.3713 485.1525 248.1602 386.2126 479.3206 -117.6022 0.0000 0.0000
310.03 15.07.2018 10.10.01 28.23535 298.3135 -176.1251 -0.4786 -21.3466 27.8240 477.2075 244.6853 387.0488 479.1472 -113.0569 0.0000 0.0000
320.03 15.07.2018 10.20.01 28.23464 298.5780 -275.1346 -0.7476 -20.3748 26.1695 463.6378 237.9164 387.8232 478.4936 -107.8434 0.0000 0.0000
330.03 15.07.2018 10.30.01 28.20266 298.7834 -381.1733 -1.0358 -19.3030 24.3562 447.5031 229.7285 387.8772 477.2688 -102.8070 0.0000 0.0000
340.03 15.07.2018 10.40.01 28.13894 298.9546 -383.2434 -1.0414 -18.1304 22.7854 435.5346 223.8033 388.5205 476.5684 -98.7667 0.0000 0.0000
350.03 15.07.2018 10.50.01 28.07552 299.1270 -443.1271 -1.2042 -17.0048 21.0676 421.5452 216.7765 388.9699 475.4425 -95.4644 0.0000 0.0000
360.03 15.07.2018 11.00.01 27.99261 299.2998 -497.0923 -1.3508 -15.8328 19.3094 407.2150 209.5759 389.4185 474.0360 -93.1749 0.0000 0.0000
370.03 15.07.2018 11.10.01 27.89208 299.4150 -526.7918 -1.4315 -14.6222 17.5877 393.0147 202.5600 390.1362 473.1235 -88.9400 0.0000 0.0000
380.03 15.07.2018 11.20.01 27.78039 299.5301 -577.8364 -1.5702 -13.4044 15.7790 377.4191 194.7726 390.7963 471.9380 -84.8235 0.0000 0.0000
390.03 15.07.2018 11.30.01 27.65185 299.6402 -622.3611 -1.6912 -12.1503 13.9455 361.1819 186.6187 391.2157 470.5118 -80.8874 0.0000 0.0000
400.03 15.07.2018 11.40.01 27.50854 299.7462 -617.0565 -1.6768 -10.8714 12.2595 347.5058 179.8275 391.8278 469.4477 -76.8096 0.0000 0.0000
410.03 15.07.2018 11.50.01 27.36401 299.8557 -649.3925 -1.7647 -9.6317 10.4894 332.3696 172.2237 392.1940 468.1180 -72.8181 0.0000 0.0000
420.03 15.07.2018 12.00.01 27.20785 299.9679 -691.6586 -1.8795 -8.3781 8.6648 316.2749 164.0860 392.4037 466.5647 -69.0083 0.0000 0.0000
430.03 15.07.2018 12.10.01 27.03802 300.0586 -651.5531 -1.7705 -7.1028 7.1097 303.3068 157.7094 393.1170 465.7957 -64.6126 0.0000 0.0000
440.03 15.07.2018 12.20.01 26.87829 300.1037 -440.6197 -1.1973 -5.9190 6.2955 297.5970 155.1288 393.4997 464.8392 -66.8341 0.0000 0.0000
450.03 15.07.2018 12.30.01 26.77664 300.1478 -129.2838 -0.3513 -5.0506 6.2657 300.6497 157.2138 393.6381 464.4138 -72.2634 0.0000 0.0000
460.03 15.07.2018 12.40.01 26.76086 300.1816 20.4228 0.0555 -4.6133 6.2251 303.9954 159.4266 393.9855 464.3635 -74.7585 0.0000 0.0000
470.03 15.07.2018 12.50.01 26.78704 300.2475 92.1940 0.2505 -4.3741 6.1662 306.9600 161.4243 394.0739 464.2688 -77.0267 0.0000 0.0000
480.03 15.07.2018 13.00.01 26.83407 300.3711 159.5936 0.4337 -4.2252 6.2118 311.6429 164.3745 394.4627 464.5793 -78.9923 0.0000 0.0000
490.03 15.07.2018 13.10.01 26.90051 300.4275 176.6625 0.4801 -4.1577 6.1837 315.4243 166.9851 394.6494 465.4958 -77.6295 0.0000 0.0000
500.03 15.07.2018 13.20.01 26.97219 300.4849 176.1647 0.4787 -4.1073 6.1147 316.7177 168.1338 394.7144 466.1124 -76.3541 0.0000 0.0000
510.03 15.07.2018 13.30.01 27.04376 300.5444 145.7152 0.3960 -4.0520 5.9306 315.4878 167.8552 394.4772 466.3904 -74.8253 0.0000 0.0000
520.03 15.07.2018 13.40.01 27.10696 300.6055 140.5424 0.3819 -3.9556 5.7833 316.0491 168.5831 394.1751 466.9025 -73.5528 0.0000 0.0000
530.03 15.07.2018 13.50.01 27.16870 300.6633 150.7191 0.4096 -3.8543 5.6851 319.4581 170.9825 393.9940 467.9147 -72.8689 0.0000 0.0000
540.03 15.07.2018 14.00.01 27.23303 300.7217 128.4096 0.3489 -3.7670 5.4879 323.8445 174.0441 393.6299 469.1834 -72.3249 0.0000 0.0000
550.03 15.07.2018 14.10.01 27.29141 300.7790 174.4486 0.4740 -3.6524 5.5020 316.2305 170.2909 394.1710 469.8179 -68.4480 0.0000 0.0000
560.03 15.07.2018 14.20.01 27.36245 300.8491 171.0806 0.4649 -3.5985 5.4178 306.1006 165.1024 394.4301 470.0055 -63.9102 0.0000 0.0000
570.03 15.07.2018 14.30.01 27.43276 300.9327 168.4440 0.4577 -3.5369 5.3262 304.7154 165.1663 394.5173 471.4860 -60.5831 0.0000 0.0000
580.03 15.07.2018 14.40.01 27.50240 301.0035 152.3389 0.4140 -3.4697 5.1783 294.1768 159.8230 394.3595 471.5593 -56.4492 0.0000 0.0000
590.03 15.07.2018 14.50.01 27.56771 301.0760 161.7505 0.4395 -3.3807 5.0936 280.3885 152.4821 394.2159 470.9378 -52.1823 0.0000 0.0000
600.03 15.07.2018 15.00.01 27.63558 301.1454 156.8966 0.4263 -3.3037 4.9734 264.9988 144.2064 393.9208 469.8393 -47.9041 0.0000 0.0000
610.03 15.07.2018 15.10.01 27.70165 301.1447 122.9485 0.3341 -3.2241 4.7443 257.7288 140.3965 393.0698 468.9037 -46.8878 0.0000 0.0000
620.03 15.07.2018 15.20.01 27.75851 301.1069 147.1214 0.3998 -3.1022 4.6693 251.3750 137.0201 392.5817 467.8238 -46.7697 0.0000 0.0000
630.03 15.07.2018 15.30.01 27.82168 301.0428 160.5280 0.4362 -3.0173 4.6047 244.7759 133.4888 391.7679 466.3954 -46.7557 0.0000 0.0000
640.03 15.07.2018 15.40.01 27.88818 300.9960 154.0043 0.4185 -2.9533 4.4958 236.2971 128.9029 390.6430 464.6551 -45.4927 0.0000 0.0000
650.03 15.07.2018 15.50.01 27.95266 300.9709 164.2139 0.4462 -2.8852 4.4418 228.7438 124.8309 389.5865 462.9822 -44.4131 0.0000 0.0000
660.03 15.07.2018 16.00.01 28.01959 301.0016 166.6803 0.4529 -2.8350 4.3840 221.2559 120.8010 388.6315 461.3167 -43.2332 0.0000 0.0000
670.03 15.07.2018 16.10.01 28.08660 300.7374 99.5803 0.2706 -2.7908 4.0819 212.5701 116.1372 386.6968 459.2510 -41.9626 0.0000 0.0000
680.03 15.07.2018 16.20.01 28.13470 300.4745 69.5815 0.1891 -2.6620 3.8014 204.0893 111.5802 384.7007 456.9690 -40.9592 0.0000 0.0000
690.03 15.07.2018 16.30.01 28.17370 300.2300 52.5255 0.1427 -2.5038 3.5287 195.7342 107.0927 382.7195 454.5097 -40.1863 0.0000 0.0000
700.03 15.07.2018 16.40.01 28.20687 299.9756 36.8246 0.1001 -2.3359 3.2479 188.3878 103.2298 380.6629 451.9541 -39.8371 0.0000 0.0000
710.03 15.07.2018 16.50.01 28.23455 299.7708 21.0747 0.0573 -2.1608 2.9574 180.6404 99.1338 378.4955 449.0526 -39.8758 0.0000 0.0000
720.03 15.07.2018 17.00.01 28.25683 299.5368 9.6298 0.0262 -1.9781 2.6723 172.8249 94.9926 376.2467 445.9767 -39.9710 0.0000 0.0000
730.03 15.07.2018 17.10.01 28.27490 299.3114 24.4642 0.0665 -1.7941 2.4808 166.0105 91.3508 374.4714 443.5759 -37.8569 0.0000 0.0000
740.03 15.07.2018 17.20.01 28.29598 299.0879 26.7786 0.0728 -1.6447 2.2899 158.9816 87.5798 372.7320 441.1723 -35.9707 0.0000 0.0000
750.03 15.07.2018 17.30.01 28.31664 298.8649 22.2896 0.0606 -1.5111 2.0956 151.6576 83.6345 371.0206 438.7325 -34.2115 0.0000 0.0000
760.03 15.07.2018 17.40.01 28.33511 298.6423 18.7857 0.0510 -1.3846 1.9142 143.0431 78.9638 369.3419 436.1789 -32.4057 0.0000 0.0000
770.03 15.07.2018 17.50.01 28.35153 298.4221 11.1826 0.0304 -1.2665 1.7292 134.1478 74.1273 367.6665 433.5560 -30.5893 0.0000 0.0000
780.03 15.07.2018 18.00.01 28.36480 298.2016 1.5696 0.0043 -1.1519 1.5416 124.9459 69.1091 365.9845 430.8633 -28.7587 0.0000 0.0000
790.03 15.07.2018 18.10.01 28.37423 297.6719 -1.8247 -0.0050 -1.0409 1.3812 111.0547 61.4569 364.2014 427.2851 -27.8539 0.0000 0.0000
800.03 15.07.2018 18.20.01 28.38088 297.1377 -19.3390 -0.0526 -0.9475 1.1933 96.4041 53.3697 362.2624 423.4054 -26.6268 0.0000 0.0000
810.03 15.07.2018 18.30.01 28.38098 296.6045 -33.7944 -0.0918 -0.8534 1.0154 81.7378 45.2660 360.2807 419.3900 -25.2938 0.0000 0.0000
820.03 15.07.2018 18.40.01 28.37527 296.0720 -49.0542 -0.1333 -0.7623 0.8387 60.3847 33.4245 358.2670 414.6274 -23.1954 0.0000 0.0000
830.03 15.07.2018 18.50.01 28.36349 295.5364 -71.5976 -0.1946 -0.6731 0.6381 38.4080 21.2268 356.1359 409.5399 -20.7144 0.0000 0.0000
840.03 15.07.2018 19.00.01 28.34365 294.9996 -90.8856 -0.2470 -0.5762 0.4389 16.3617 8.9849 353.9797 404.2834 -17.9926 0.0000 0.0000
850.03 15.07.2018 19.10.01 28.31674 294.3585 -94.3005 -0.2563 -0.4775 0.2950 12.8040 7.0233 351.8941 400.5419 -16.9114 0.0000 0.0000
860.03 15.07.2018 19.20.01 28.28701 293.7366 -84.0734 -0.2285 -0.3993 0.2278 10.6445 5.8428 350.0741 397.3283 -16.4401 0.0000 0.0000
870.03 15.07.2018 19.30.01 28.25826 293.1323 -83.1982 -0.2261 -0.3571 0.1747 8.7255 4.7959 348.3475 394.3567 -16.1252 0.0000 0.0000
880.03 15.07.2018 19.40.01 28.22814 292.5406 -89.4951 -0.2432 -0.3365 0.1245 5.9550 3.2741 346.6602 391.4178 -16.1255 0.0000 0.0000
890.03 15.07.2018 19.50.01 28.19479 291.9556 -100.8412 -0.2740 -0.3282 0.0722 3.1504 1.7334 344.9925 388.5687 -16.1775 0.0000 0.0000
900.03 15.07.2018 20.00.01 28.15658 291.3764 -113.7732 -0.3092 -0.3241 0.0199 0.3572 0.1993 343.3461 385.8013 -16.2934 0.0000 0.0000
910.03 15.07.2018 20.10.01 28.11343 290.9686 -117.4857 -0.3193 -0.3219 0.0036 0.0642 0.0358 341.7213 383.5361 -15.9085 0.0000 0.0000
920.03 15.07.2018 20.20.01 28.06793 290.5741 -121.5535 -0.3303 -0.3308 0.0006 0.0115 0.0064 340.1901 381.4525 -15.6683 0.0000 0.0000
930.03 15.07.2018 20.30.01 28.01998 290.1890 -128.6570 -0.3496 -0.3497 0.0001 0.0021 0.0012 338.7012 379.4861 -15.5218 0.0000 0.0000
940.03 15.07.2018 20.40.01 27.96887 289.8214 -137.9423 -0.3748 -0.3749 0.0000 0.0004 0.0002 337.2413 377.6007 -15.5611 0.0000 0.0000
950.03 15.07.2018 20.50.01 27.91390 289.4614 -148.5224 -0.4036 -0.4036 0.0000 0.0001 0.0000 335.8022 375.7888 -15.6445 0.0000 0.0000
960.03 15.07.2018 21.00.01 27.85467 289.0734 -159.7943 -0.4342 -0.4342 0.0000 0.0000 0.0000 334.3781 373.9990 -15.9114 0.0000 0.0000
970.03 15.07.2018 21.10.01 27.79104 288.9088 -171.5835 -0.4663 -0.4663 0.0000 0.0000 0.0000 333.1761 372.5581 -15.3245 0.0000 0.0000
980.03 15.07.2018 21.20.01 27.72375 287.9971 -177.5066 -0.4824 -0.4824 0.0000 0.0000 0.0000 331.8175 370.8060 -16.2219 0.0000 0.0000
990.03 15.07.2018 21.30.01 27.65374 287.6113 -189.0493 -0.5137 -0.5137 0.0000 0.0000 0.0000 330.6391 368.5687 -19.3404 0.0000 0.0000
1000.03 15.07.2018 21.40.01 27.57787 287.5566 -204.2319 -0.5550 -0.5550 0.0000 0.0000 0.0000 329.5329 367.9517 -15.2675 0.0000 0.0000
1010.03 15.07.2018 21.50.01 27.49847 287.4166 -207.6385 -0.5642 -0.5642 0.0000 0.0000 0.0000 328.2620 366.6894 -14.2750 0.0000 0.0000
1020.03 15.07.2018 22.00.01 27.41876 287.2486 -208.8920 -0.5676 -0.5676 0.0000 0.0000 0.0000 327.1626 365.2728 -15.1293 0.0000 0.0000
1030.03 15.07.2018 22.10.01 27.33724 287.2787 -216.1599 -0.5874 -0.5874 0.0000 0.0000 0.0000 326.4550 364.3539 -14.0179 0.0000 0.0000
1040.03 15.07.2018 22.20.01 27.25280 287.1222 -223.4069 -0.6071 -0.6071 0.0000 0.0000 0.0000 325.7460 363.2766 -13.7870 0.0000 0.0000
1050.03 15.07.2018 22.30.01 27.16570 286.9805 -230.5111 -0.6264 -0.6264 0.0000 0.0000 0.0000 325.0411 362.2521 -13.5600 0.0000 0.0000
1060.03 15.07.2018 22.40.01 27.07589 286.8289 -237.3443 -0.6450 -0.6450 0.0000 0.0000 0.0000 324.3528 361.2567 -13.3920 0.0000 0.0000
1070.03 15.07.2018 22.50.01 26.98348 286.6743 -243.7039 -0.6622 -0.6622 0.0000 0.0000 0.0000 323.6784 360.2883 -13.2747 0.0000 0.0000
1080.03 15.07.2018 23.00.01 26.88873 286.5175 -249.8004 -0.6788 -0.6788 0.0000 0.0000 0.0000 323.0176 359.3441 -13.1949 0.0000 0.0000
1090.03 15.07.2018 23.10.01 26.79196 286.3044 -253.3855 -0.6885 -0.6885 0.0000 0.0000 0.0000 322.6067 358.6853 -12.2579 0.0000 0.0000
1100.03 15.07.2018 23.20.01 26.69402 285.8192 -258.5336 -0.7025 -0.7025 0.0000 0.0000 0.0000 322.0617 357.2170 -14.9145 0.0000 0.0000
1110.03 15.07.2018 23.30.01 26.59200 285.5369 -274.1831 -0.7451 -0.7451 0.0000 0.0000 0.0000 321.4338 355.6868 -17.3637 0.0000 0.0000
1120.03 15.07.2018 23.40.01 26.48364 285.5598 -288.0448 -0.7827 -0.7827 0.0000 0.0000 0.0000 321.1045 355.5713 -14.1020 0.0000 0.0000
1130.03 15.07.2018 23.50.01 26.37289 285.4462 -288.1407 -0.7830 -0.7830 0.0000 0.0000 0.0000 320.5666 355.1454 -12.3799 0.0000 0.0000
1140.03 16.07.2018 00.00.01 26.26348 285.4803 -281.6473 -0.7653 -0.7653 0.0000 0.0000 0.0000 320.0167 354.4240 -12.2559 0.0000 0.0000
1150.03 16.07.2018 00.10.01 26.15609 285.4861 -278.8937 -0.7579 -0.7579 0.0000 0.0000 0.0000 319.6302 353.9481 -11.3005 0.0000 0.0000
1160.03 16.07.2018 00.20.01 26.04901 285.4916 -278.0884 -0.7557 -0.7557 0.0000 0.0000 0.0000 319.3270 353.4973 -10.5343 0.0000 0.0000
1170.03 16.07.2018 00.30.01 25.94192 285.4810 -278.2842 -0.7562 -0.7562 0.0000 0.0000 0.0000 319.0480 353.0361 -9.9937 0.0000 0.0000
1180.03 16.07.2018 00.40.01 25.83480 285.4324 -280.2680 -0.7616 -0.7616 0.0000 0.0000 0.0000 318.7967 352.5463 -9.7088 0.0000 0.0000
1190.03 16.07.2018 00.50.01 25.72677 285.4232 -282.5213 -0.7677 -0.7677 0.0000 0.0000 0.0000 318.5573 352.0946 -9.3593 0.0000 0.0000
1200.03 16.07.2018 01.00.01 25.61782 285.4005 -284.9583 -0.7743 -0.7743 0.0000 0.0000 0.0000 318.3210 351.6233 -9.1594 0.0000 0.0000
1210.03 16.07.2018 01.10.01 25.50796 285.3892 -286.3352 -0.7781 -0.7781 0.0000 0.0000 0.0000 317.9498 351.2932 -8.3756 0.0000 0.0000
1220.03 16.07.2018 01.20.01 25.39810 285.3472 -285.7192 -0.7764 -0.7764 0.0000 0.0000 0.0000 317.5691 350.8009 -8.2503 0.0000 0.0000
1230.03 16.07.2018 01.30.01 25.28823 285.1823 -286.3352 -0.7781 -0.7781 0.0000 0.0000 0.0000 317.1812 350.1258 -8.9109 0.0000 0.0000
1240.03 16.07.2018 01.40.01 25.17773 285.1497 -289.4492 -0.7865 -0.7865 0.0000 0.0000 0.0000 316.8127 349.6301 -8.7748 0.0000 0.0000
1250.03 16.07.2018 01.50.01 25.06609 285.1333 -292.0029 -0.7935 -0.7935 0.0000 0.0000 0.0000 316.4359 349.1540 -8.6026 0.0000 0.0000
1260.03 16.07.2018 02.00.01 24.95349 285.1234 -293.8768 -0.7986 -0.7986 0.0000 0.0005 0.0003 316.0476 348.6679 -8.4609 0.0000 0.0000
1270.03 16.07.2018 02.10.01 24.84072 285.0135 -290.0545 -0.7882 -0.7973 0.0121 0.3249 0.1730 315.7084 348.4554 -7.5098 0.0000 0.0000
1280.03 16.07.2018 02.20.01 24.72921 284.4243 -287.1324 -0.7803 -0.8006 0.0272 0.7005 0.3743 315.2116 347.3175 -10.4469 0.0000 0.0000
1290.03 16.07.2018 02.30.01 24.61678 284.1975 -295.3888 -0.8027 -0.8347 0.0427 1.0851 0.5806 314.8624 346.1657 -12.9156 0.0000 0.0000
1300.03 16.07.2018 02.40.01 24.50073 284.3579 -302.2552 -0.8213 -0.8651 0.0584 1.4714 0.7879 314.6288 346.4197 -9.5473 0.0000 0.0000
1310.03 16.07.2018 02.50.01 24.38506 284.5423 -293.3926 -0.7973 -0.8528 0.0740 1.8579 0.9953 314.2197 346.2573 -8.0618 0.0000 0.0000
1320.03 16.07.2018 03.00.01 24.27358 284.5302 -285.2817 -0.7752 -0.8426 0.0898 2.2475 1.2043 313.8217 345.5177 -9.4719 0.0000 0.0000
1330.03 16.07.2018 03.10.01 24.16329 284.6473 -267.4662 -0.7268 -0.8552 0.1712 4.3972 2.3508 313.7303 345.4635 -8.7332 0.0000 0.0000
1340.03 16.07.2018 03.20.01 24.05804 284.7947 -252.8287 -0.6870 -0.8886 0.2687 6.8254 3.6523 313.7955 345.5863 -8.0521 0.0000 0.0000
1350.03 16.07.2018 03.30.01 23.95739 284.9479 -242.1783 -0.6581 -0.9348 0.3689 9.3028 4.9814 313.9285 345.8053 -7.4382 0.0000 0.0000
1360.03 16.07.2018 03.40.01 23.86028 285.1057 -233.8659 -0.6355 -0.9877 0.4696 11.7892 6.3153 314.1007 346.0959 -6.8913 0.0000 0.0000
1370.03 16.07.2018 03.50.01 23.76605 285.2662 -226.8833 -0.6165 -1.0443 0.5704 14.2771 7.6502 314.3031 346.4498 -6.3912 0.0000 0.0000
1380.03 16.07.2018 04.00.01 23.67437 285.4328 -220.6281 -0.5995 -1.1029 0.6712 16.7650 8.9851 314.5328 346.8599 -5.9264 0.0000 0.0000
1390.03 16.07.2018 04.10.01 23.58535 286.1807 -214.0188 -0.5816 -1.1541 0.7633 19.0204 10.1961 316.1584 348.3840 -2.3702 0.0000 0.0000
1400.03 16.07.2018 04.20.01 23.50048 286.6996 -201.3611 -0.5472 -1.1872 0.8533 21.2390 11.3867 317.8246 349.5171 -1.1121 0.0000 0.0000
1410.03 16.07.2018 04.30.01 23.41970 287.4088 -193.2749 -0.5252 -1.2324 0.9430 23.4511 12.5736 319.5688 350.9480 1.4597 0.0000 0.0000
1420.03 16.07.2018 04.40.01 23.34203 288.1941 -183.8767 -0.4997 -1.2741 1.0325 25.6621 13.7599 321.3391 352.6739 3.5296 0.0000 0.0000
1430.03 16.07.2018 04.50.01 23.26870 288.9529 -171.0017 -0.4647 -1.3063 1.1221 57.1447 30.0759 323.1217 355.4856 4.3448 0.0000 0.0000
1440.03 16.07.2018 05.00.01 23.20052 289.7813 -121.7295 -0.3308 -1.3398 1.3453 64.9983 34.1734 325.7763 358.7470 5.6531 0.0000 0.0000
1450.03 16.07.2018 05.10.01 23.14712 290.4080 -117.5050 -0.3193 -1.4232 1.4718 203.3882 104.6074 327.7595 365.0543 0.4858 0.0000 0.0000
1460.03 16.07.2018 05.20.01 23.09747 291.2745 82.8712 0.2252 -1.4956 2.2944 357.9997 184.2492 333.9079 378.8332 -13.6325 0.0000 0.0000
1470.03 16.07.2018 05.30.01 23.10562 292.1330 254.0722 0.6904 -1.8089 3.3324 591.1028 310.8493 342.0490 408.9219 -46.3367 0.0000 0.0000
1480.03 16.07.2018 05.40.01 23.16534 292.8358 410.8331 1.1164 -2.3023 4.5583 566.9364 298.4468 352.3456 423.2746 -64.8403 0.0000 0.0000
1490.03 16.07.2018 05.50.01 23.27169 293.4195 215.6162 0.5859 -2.9401 4.7013 533.6377 281.3818 355.5377 430.3693 -76.9060 0.0000 0.0000
1500.03 16.07.2018 06.00.01 23.32842 294.0122 77.4503 0.2105 -3.2612 4.6289 491.5298 259.1909 357.2079 433.7827 -84.4369 0.0000 0.0000
1510.03 16.07.2018 06.10.01 23.34924 294.3712 8.5370 0.0232 -3.3695 4.5236 470.8773 248.0977 358.3940 436.9410 -85.9379 0.0000 0.0000
1520.03 16.07.2018 06.20.01 23.35208 294.7318 9.9007 0.0269 -3.3760 4.5372 451.5290 237.6973 360.0464 439.6966 -86.3127 0.0000 0.0000
1530.03 16.07.2018 06.30.01 23.39352 295.0904 5884.5439 15.9906 -3.3719 25.8167 488.8052 245.2266 361.4299 445.2513 -91.5906 0.0000 0.0000
1540.03 16.07.2018 06.40.01 25.02392 295.4785 2811.4290 7.6398 -11.2257 25.1540 473.5247 237.2860 363.1745 447.2450 -90.4332 0.0000 0.0000
1550.03 16.07.2018 06.50.01 25.83380 295.8346 1370.0830 3.7231 -14.5992 24.4297 460.9245 231.0000 364.6419 449.0342 -89.3904 0.0000 0.0000
1560.03 16.07.2018 07.00.01 26.25332 296.1906 674.9817 1.8342 -15.9287 23.6838 449.8259 225.6307 366.1235 450.6483 -88.1367 0.0000 0.0000
1570.03 16.07.2018 07.10.01 26.48223 296.5049 386.6436 1.0507 -16.3042 23.1398 442.5208 222.0877 367.7642 452.2674 -86.1923 0.0000 0.0000
1580.03 16.07.2018 07.20.01 26.63030 296.8397 243.2022 0.6609 -16.3037 22.6194 435.9729 218.9812 369.6482 453.9819 -84.3684 0.0000 0.0000
1590.03 16.07.2018 07.30.01 26.73705 297.1680 152.9068 0.4155 -16.1270 22.0567 476.4191 244.1029 371.4670 461.9634 -91.6708 0.0000 0.0000
1600.03 16.07.2018 07.40.01 26.81768 297.5156 144.1447 0.3917 -15.8446 21.6484 471.2330 241.5953 373.8246 464.2720 -90.1149 0.0000 0.0000
1610.03 16.07.2018 07.50.01 26.89462 297.8499 112.2581 0.3050 -15.5632 21.1577 464.5976 238.2804 375.7500 466.1862 -87.9706 0.0000 0.0000
1620.03 16.07.2018 08.00.01 26.96188 298.1916 76.3695 0.2075 -15.2472 20.6063 460.0462 236.2616 377.5595 468.2797 -85.9625 0.0000 0.0000
1630.03 16.07.2018 08.10.01 27.01870 298.3402 60.5628 0.1646 -14.8899 20.0726 453.3543 232.9362 378.9756 468.9542 -86.9365 0.0000 0.0000
1640.03 16.07.2018 08.20.01 27.09588 298.4929 4035.7117 10.9666 -14.5190 33.9809 485.9999 242.3174 380.1578 471.8344 -92.4882 0.0000 0.0000
1650.03 16.07.2018 08.30.01 28.24645 298.6692 1888.3141 5.1313 -19.4832 32.8193 477.6549 238.4738 381.4340 472.1082 -94.1784 0.0000 0.0000
1660.03 16.07.2018 08.40.01 28.82177 298.8581 892.4341 2.4251 -21.3430 31.6908 469.6087 234.6898 382.4067 472.4368 -93.3366 0.0000 0.0000
1670.03 16.07.2018 08.50.01 29.12557 299.0478 406.4999 1.1046 -21.8135 30.5575 496.7509 252.0225 383.5349 477.0391 -100.8123 0.0000 0.0000
1680.03 16.07.2018 09.00.01 29.29424 299.2628 155.1234 0.4215 -21.6363 29.4104 487.8430 247.7356 384.9782 477.6461 -100.2590 0.0000 0.0000
1690.03 16.07.2018 09.10.01 29.39095 299.4236 -2.3793 -0.0065 -21.1474 28.1879 478.5796 243.3282 386.0806 477.7961 -100.6588 0.0000 0.0000
1700.03 16.07.2018 09.20.01 29.44137 299.5689 -80.7920 -0.2195 -20.4799 27.0138 470.0994 239.3541 387.2488 477.9299 -100.7226 0.0000 0.0000
1710.03 16.07.2018 09.30.01 29.48507 299.6893 2636.2832 7.1638 -19.7400 35.8718 502.9435 252.6056 388.6087 481.4262 -106.9501 0.0000 0.0000
1720.03 16.07.2018 09.40.01 30.25979 299.8172 1083.0208 2.9430 -22.6712 34.1523 493.7393 248.5107 390.0382 481.9835 -105.6945 0.0000 0.0000
1730.03 16.07.2018 09.50.01 30.61608 299.9169 369.1441 1.0031 -23.3852 32.5178 509.7714 259.4936 391.5062 485.5733 -110.1998 0.0000 0.0000
1740.03 16.07.2018 10.00.01 30.77563 300.0390 -29.7697 -0.0809 -23.1253 30.7258 504.4119 257.7611 392.7047 486.6272 -110.3507 0.0000 0.0000
1750.03 16.07.2018 10.10.01 30.82214 300.2547 -349.9838 -0.9510 -22.3533 28.5363 490.1718 251.4416 394.4029 488.7268 -100.9556 0.0000 0.0000
1760.03 16.07.2018 10.20.01 30.77676 300.4061 -541.6965 -1.4720 -21.1886 26.2888 469.7200 241.4387 395.7115 489.3641 -93.6740 0.0000 0.0000
1770.03 16.07.2018 10.30.01 30.67419 300.4886 -671.3321 -1.8243 -19.8139 23.9862 447.2157 230.2457 396.0733 488.4174 -90.5377 0.0000 0.0000
1780.03 16.07.2018 10.40.01 30.53231 300.5787 -635.6632 -1.7273 -18.3167 22.1191 430.9813 222.3591 397.1411 488.2487 -86.7964 0.0000 0.0000
1790.03 16.07.2018 10.50.01 30.39727 300.6572 -627.0144 -1.7038 -16.8851 20.2417 413.8646 213.9508 398.1311 487.4690 -84.6244 0.0000 0.0000
1800.03 16.07.2018 11.00.01 30.25866 300.7290 -618.3951 -1.6804 -15.5197 18.4524 397.3513 205.8372 399.0751 486.2586 -83.6538 0.0000 0.0000
1810.03 16.07.2018 11.10.01 30.12072 300.9729 -494.7272 -1.3444 -14.2047 17.1471 388.5860 201.4026 399.9915 487.0625 -71.0388 0.0000 0.0000
1820.03 16.07.2018 11.20.01 30.01483 301.1426 -460.3953 -1.2511 -13.0826 15.7754 379.4470 196.7940 400.8115 485.9668 -73.1889 0.0000 0.0000
1830.03 16.07.2018 11.30.01 29.91677 301.2189 -472.0501 -1.2827 -12.0235 14.3209 369.5227 191.7765 401.0004 483.6288 -80.2719 0.0000 0.0000
1840.03 16.07.2018 11.40.01 29.81457 301.5374 -464.3860 -1.2619 -10.9636 12.9355 361.4219 187.7698 402.6650 485.1885 -69.4106 0.0000 0.0000
1850.03 16.07.2018 11.50.01 29.71343 301.7673 -510.6004 -1.3875 -9.9198 11.3764 351.1522 182.5928 403.6795 483.5543 -71.0780 0.0000 0.0000
1860.03 16.07.2018 12.00.01 29.59817 301.9437 -577.1466 -1.5683 -8.8313 9.6840 339.3315 176.5869 403.1135 479.4836 -80.4637 0.0000 0.0000
1870.03 16.07.2018 12.10.01 29.46301 302.0955 -545.2870 -1.4818 -7.6797 8.2640 326.0077 170.1147 403.2980 477.5758 -80.3606 0.0000 0.0000
1880.03 16.07.2018 12.20.01 29.33566 302.2078 -361.7114 -0.9829 -6.6031 7.4936 318.3305 166.5402 402.9911 476.0189 -80.6784 0.0000 0.0000
1890.03 16.07.2018 12.30.01 29.25909 302.2883 -77.1291 -0.2096 -5.8043 7.4597 318.0590 166.8536 402.4428 475.2054 -81.9233 0.0000 0.0000
1900.03 16.07.2018 12.40.01 29.26077 302.3695 57.7968 0.1571 -5.4004 7.4099 318.8121 167.7383 401.8581 474.6109 -82.4781 0.0000 0.0000
1910.03 16.07.2018 12.50.01 29.30020 302.4297 123.2895 0.3350 -5.1774 7.3499 318.6266 168.0676 401.0786 473.9618 -82.6370 0.0000 0.0000
1920.03 16.07.2018 13.00.01 29.35827 302.4871 182.6502 0.4963 -5.0408 7.3829 319.7312 169.1016 400.4383 473.5915 -82.8474 0.0000 0.0000
1930.03 16.07.2018 13.10.01 29.43365 302.4654 290.4282 0.7892 -4.9849 7.6988 320.9364 170.4051 400.4277 474.2017 -81.5663 0.0000 0.0000
1940.03 16.07.2018 13.20.01 29.53890 302.4238 294.5256 0.8003 -5.0708 7.8282 316.6136 168.5325 400.0900 474.0979 -79.3711 0.0000 0.0000
1950.03 16.07.2018 13.30.01 29.64581 302.3882 323.1333 0.8781 -5.1585 8.0487 312.9035 166.9587 399.7920 474.0884 -77.3865 0.0000 0.0000
1960.03 16.07.2018 13.40.01 29.76083 302.3518 325.9804 0.8858 -5.2815 8.2230 307.8092 164.5962 399.4308 473.9329 -75.1399 0.0000 0.0000
1970.03 16.07.2018 13.50.01 29.87692 302.3221 331.8703 0.9018 -5.4053 8.4096 303.0437 162.4218 399.0496 473.7651 -73.1764 0.0000 0.0000
1980.03 16.07.2018 14.00.01 29.99481 302.3062 323.1404 0.8781 -5.5344 8.5500 297.4339 159.7750 398.5733 473.5150 -70.9467 0.0000 0.0000
1990.03 16.07.2018 14.10.01 30.10974 302.2350 222.1778 0.6037 -5.6459 8.3329 289.7974 155.7999 397.5591 471.7817 -71.0517 0.0000 0.0000
2000.03 16.07.2018 14.20.01 30.19665 302.1559 184.4777 0.5013 -5.6262 8.1700 282.6059 152.0509 396.4495 469.9665 -71.1187 0.0000 0.0000
2010.03 16.07.2018 14.30.01 30.27218 302.0662 165.2356 0.4490 -5.5639 8.0173 279.8591 150.9612 395.3735 468.6622 -71.9018 0.0000 0.0000
2020.03 16.07.2018 14.40.01 30.34152 301.9680 145.6524 0.3958 -5.4848 7.8407 272.9587 147.4138 394.3226 466.8550 -71.5412 0.0000 0.0000
2030.03 16.07.2018 14.50.01 30.40481 301.8553 140.6198 0.3821 -5.3891 7.6950 264.5655 142.9476 393.2534 464.6974 -71.0508 0.0000 0.0000
2040.03 16.07.2018 15.00.01 30.46591 301.7309 130.1269 0.3536 -5.2950 7.5315 255.4398 138.0543 392.1670 462.3366 -70.3993 0.0000 0.0000
2050.03 16.07.2018 15.10.01 30.52279 301.6627 25.4071 0.0690 -5.1957 7.0197 252.8891 136.8812 390.6998 460.9691 -67.4438 0.0000 0.0000
2060.03 16.07.2018 15.20.01 30.55056 301.6143 -4.9708 -0.0135 -4.9615 6.5974 251.4152 136.2865 389.4262 460.0583 -64.6494 0.0000 0.0000
2070.03 16.07.2018 15.30.01 30.56896 301.5753 -23.7292 -0.0645 -4.6987 6.1789 250.1617 135.8209 388.2485 459.2552 -62.7048 0.0000 0.0000
2080.03 16.07.2018 15.40.01 30.58111 301.5378 -48.5863 -0.1320 -4.4229 5.7212 249.8967 135.9015 387.0784 458.7198 -60.6196 0.0000 0.0000
2090.03 16.07.2018 15.50.01 30.58538 301.5065 -53.2527 -0.1447 -4.1260 5.3084 250.9421 136.7343 385.9930 458.4907 -59.0436 0.0000 0.0000
2100.03 16.07.2018 16.00.01 30.58730 301.4837 -62.4787 -0.1698 -3.8358 4.8880 252.6666 137.9813 384.9777 458.5032 -57.7076 0.0000 0.0000
2110.03 16.07.2018 16.10.01 30.58590 301.3537 -24.8699 -0.0676 -3.5465 4.6385 241.1748 131.7718 383.9520 457.1889 -55.9713 0.0000 0.0000
2120.03 16.07.2018 16.20.01 30.59359 301.2106 -20.1870 -0.0549 -3.3233 4.3579 228.9220 125.1292 382.7005 455.3991 -53.9652 0.0000 0.0000
2130.03 16.07.2018 16.30.01 30.60159 301.0523 -21.7326 -0.0591 -3.1196 4.0807 216.5303 118.4007 381.3738 453.3769 -51.7834 0.0000 0.0000
2140.03 16.07.2018 16.40.01 30.60824 300.8869 -30.2828 -0.0823 -2.9262 3.7919 204.2991 111.8347 379.9676 451.1139 -50.2692 0.0000 0.0000
2150.03 16.07.2018 16.50.01 30.61151 300.7103 -42.8796 -0.1165 -2.7331 3.4888 191.4063 104.8825 378.5301 448.6010 -48.3736 0.0000 0.0000
2160.03 16.07.2018 17.00.01 30.61031 300.5265 -51.3895 -0.1396 -2.5351 3.1939 178.3319 97.8149 377.0287 445.9528 -46.0817 0.0000 0.0000
2170.03 16.07.2018 17.10.01 30.60589 300.2805 -42.2383 -0.1148 -2.3391 2.9657 168.1329 92.2932 375.6318 443.4130 -44.0871 0.0000 0.0000
2180.03 16.07.2018 17.20.01 30.60281 300.0372 -39.3959 -0.1071 -2.1697 2.7502 157.8658 86.7211 374.2632 440.8653 -42.0054 0.0000 0.0000
2190.03 16.07.2018 17.30.01 30.59951 299.7940 -43.0978 -0.1171 -2.0180 2.5345 147.3105 80.9763 372.9338 438.2678 -39.8026 0.0000 0.0000
2200.03 16.07.2018 17.40.01 30.59417 299.5502 -46.1958 -0.1255 -1.8743 2.3317 134.4450 73.9368 371.5947 435.4568 -37.2026 0.0000 0.0000
2210.03 16.07.2018 17.50.01 30.58694 299.3024 -54.7338 -0.1487 -1.7396 2.1212 121.1676 66.6560 370.2234 432.5182 -34.4059 0.0000 0.0000
2220.03 16.07.2018 18.00.01 30.57626 299.0525 -64.6842 -0.1758 -1.6073 1.9086 107.5690 59.1840 368.8430 429.4927 -31.4410 0.0000 0.0000
2230.03 16.07.2018 18.10.01 30.56164 298.6645 -81.1481 -0.2205 -1.4772 1.6756 94.8818 52.2279 367.2265 426.4923 -28.1763 0.0000 0.0000
2240.03 16.07.2018 18.20.01 30.54089 298.2681 -98.0183 -0.2664 -1.3445 1.4375 81.9237 45.1133 365.6011 423.3766 -25.2132 0.0000 0.0000
2250.03 16.07.2018 18.30.01 30.51394 297.8635 -110.9516 -0.3015 -1.2083 1.2091 69.0012 38.0130 363.9497 420.1695 -22.4685 0.0000 0.0000
2260.03 16.07.2018 18.40.01 30.48181 297.4587 -123.9639 -0.3369 -1.0733 0.9819 51.3044 28.2438 362.2974 416.4683 -19.2612 0.0000 0.0000
2270.03 16.07.2018 18.50.01 30.44464 297.0366 -142.0640 -0.3860 -0.9395 0.7379 33.1677 18.2234 360.6011 412.5146 -16.0400 0.0000 0.0000
2280.03 16.07.2018 19.00.01 30.40103 296.6154 -157.7645 -0.4287 -0.7999 0.4949 14.9836 8.1728 358.8738 408.3849 -12.9693 0.0000 0.0000
2290.03 16.07.2018 19.10.01 30.35162 295.9046 -146.7522 -0.3988 -0.6606 0.3491 11.6017 6.3168 357.2138 405.0358 -13.1032 0.0000 0.0000
2300.03 16.07.2018 19.20.01 30.30325 295.1996 -131.7441 -0.3580 -0.5622 0.2723 9.4660 5.1566 355.7154 402.0585 -13.7213 0.0000 0.0000
2310.03 16.07.2018 19.30.01 30.25723 294.5188 -129.2322 -0.3512 -0.5072 0.2080 7.5480 4.1175 354.2750 399.2269 -14.4469 0.0000 0.0000
2320.03 16.07.2018 19.40.01 30.21035 293.8200 -134.4135 -0.3653 -0.4748 0.1461 5.1614 2.8171 352.8803 396.5033 -14.9166 0.0000 0.0000
2330.03 16.07.2018 19.50.01 30.16073 293.0864 -143.4344 -0.3898 -0.4522 0.0832 2.7581 1.5074 351.5020 393.8097 -15.5732 0.0000 0.0000
2340.03 16.07.2018 20.00.01 30.10739 292.3318 -153.5891 -0.4174 -0.4327 0.0204 0.3627 0.2023 350.1273 391.1363 -16.4016 0.0000 0.0000
2350.03 16.07.2018 20.10.01 30.05016 292.1172 -150.7606 -0.4097 -0.4124 0.0036 0.0649 0.0363 351.0452 389.3943 -16.5341 0.0000 0.0000
2360.03 16.07.2018 20.20.01 29.99310 291.9029 -147.8155 -0.4017 -0.4022 0.0007 0.0117 0.0065 352.1597 387.9586 -16.7712 0.0000 0.0000
2370.03 16.07.2018 20.30.01 29.93633 291.6978 -147.6713 -0.4013 -0.4014 0.0001 0.0021 0.0012 353.2994 386.7036 -17.1085 0.0000 0.0000
2380.03 16.07.2018 20.40.01 29.87924 291.4612 -149.7262 -0.4069 -0.4069 0.0000 0.0004 0.0002 354.4387 385.6709 -17.0892 0.0000 0.0000
2390.03 16.07.2018 20.50.01 29.82134 291.2915 -151.7439 -0.4123 -0.4124 0.0000 0.0001 0.0000 355.6210 384.8500 -16.9441 0.0000 0.0000
2400.03 16.07.2018 21.00.01 29.76275 291.1686 -153.4112 -0.4169 -0.4169 0.0000 0.0000 0.0000 356.8219 384.1581 -16.9117 0.0000 0.0000
2410.03 16.07.2018 21.10.01 29.70333 291.4877 -156.2682 -0.4246 -0.4246 0.0000 0.0000 0.0000 356.8151 383.8601 -14.9280 0.0000 0.0000
2420.03 16.07.2018 21.20.01 29.64214 291.9088 -162.5686 -0.4418 -0.4418 0.0000 0.0000 0.0000 356.8737 383.7360 -12.7442 0.0000 0.0000
2430.03 16.07.2018 21.30.01 29.57836 292.3376 -169.3449 -0.4602 -0.4602 0.0000 0.0000 0.0000 357.0005 383.7953 -10.3427 0.0000 0.0000
2440.03 16.07.2018 21.40.01 29.51220 292.7811 -175.1526 -0.4760 -0.4760 0.0000 0.0000 0.0000 357.1904 384.0372 -7.7510 0.0000 0.0000
2450.03 16.07.2018 21.50.01 29.44399 293.2283 -179.6390 -0.4881 -0.4881 0.0000 0.0000 0.0000 357.4382 384.4654 -4.9267 0.0000 0.0000
2460.03 16.07.2018 22.00.01 29.37448 293.6714 -182.4808 -0.4959 -0.4959 0.0000 0.0000 0.0000 357.7439 385.0563 -1.9772 0.0000 0.0000
2470.03 16.07.2018 22.10.01 29.30401 293.3142 -183.1916 -0.4978 -0.4978 0.0000 0.0000 0.0000 357.9368 384.8267 -3.3219 0.0000 0.0000
2480.03 16.07.2018 22.20.01 29.23345 292.9884 -185.2304 -0.5033 -0.5033 0.0000 0.0000 0.0000 358.1752 384.1770 -5.6679 0.0000 0.0000
2490.03 16.07.2018 22.30.01 29.16012 292.5917 -198.2873 -0.5388 -0.5388 0.0000 0.0000 0.0000 357.8840 382.9487 -9.2180 0.0000 0.0000
2500.03 16.07.2018 22.40.01 29.08065 292.2620 -213.8163 -0.5810 -0.5810 0.0000 0.0000 0.0000 357.8450 382.7107 -8.4224 0.0000 0.0000
2510.03 16.07.2018 22.50.01 28.99789 292.0947 -214.9781 -0.5842 -0.5842 0.0000 0.0000 0.0000 358.0588 382.6482 -7.1211 0.0000 0.0000
2520.03 16.07.2018 23.00.01 28.91659 291.9251 -209.3759 -0.5690 -0.5690 0.0000 0.0000 0.0000 357.9657 381.6420 -10.1046 0.0000 0.0000
2530.03 16.07.2018 23.10.01 28.83529 291.8021 -214.5229 -0.5829 -0.5829 0.0000 0.0000 0.0000 357.7680 381.1145 -10.2087 0.0000 0.0000
2540.03 16.07.2018 23.20.01 28.75201 291.6848 -218.6973 -0.5943 -0.5943 0.0000 0.0000 0.0000 357.6558 380.6294 -10.3379 0.0000 0.0000
2550.03 16.07.2018 23.30.01 28.66750 291.5677 -220.9840 -0.6005 -0.6005 0.0000 0.0000 0.0000 357.5746 380.1637 -10.4860 0.0000 0.0000
2560.03 16.07.2018 23.40.01 28.58236 291.4544 -222.2439 -0.6039 -0.6039 0.0000 0.0000 0.0000 357.5208 379.7421 -10.5350 0.0000 0.0000
2570.03 16.07.2018 23.50.01 28.49719 291.3418 -222.9239 -0.6058 -0.6058 0.0000 0.0000 0.0000 357.4828 379.3366 -10.6012 0.0000 0.0000
2580.03 17.07.2018 00.00.01 28.41195 291.2306 -222.9387 -0.6058 -0.6058 0.0000 0.0000 0.0000 357.4526 378.9441 -10.6732 0.0000 0.0000
2590.03 17.07.2018 00.10.01 28.32681 291.2711 -221.5298 -0.6020 -0.6020 0.0000 0.0000 0.0000 357.2200 378.8059 -9.5829 0.0000 0.0000
2600.03 17.07.2018 00.20.01 28.24243 291.3080 -217.8511 -0.5920 -0.5920 0.0000 0.0000 0.0000 356.9959 378.6661 -8.6424 0.0000 0.0000
2610.03 17.07.2018 00.30.01 28.15957 291.3671 -213.5659 -0.5803 -0.5803 0.0000 0.0000 0.0000 356.7701 378.5483 -7.7317 0.0000 0.0000
2620.03 17.07.2018 00.40.01 28.07842 291.4631 -209.3792 -0.5690 -0.5690 0.0000 0.0000 0.0000 356.5525 378.4329 -6.9492 0.0000 0.0000
2630.03 17.07.2018 00.50.01 27.99862 291.4122 -208.5471 -0.5667 -0.5667 0.0000 0.0000 0.0000 356.3170 377.9731 -7.6666 0.0000 0.0000
2640.03 17.07.2018 01.00.01 27.91787 291.4636 -212.1903 -0.5766 -0.5766 0.0000 0.0000 0.0000 356.0863 377.6431 -7.6840 0.0000 0.0000
2650.03 17.07.2018 01.10.01 27.83541 291.3788 -217.0346 -0.5898 -0.5898 0.0000 0.0000 0.0000 355.3770 377.3367 -7.3120 0.0000 0.0000
2660.03 17.07.2018 01.20.01 27.75115 291.3354 -221.7251 -0.6025 -0.6025 0.0000 0.0000 0.0000 354.6565 376.7866 -7.7916 0.0000 0.0000
2670.03 17.07.2018 01.30.01 27.66534 291.2340 -224.4821 -0.6100 -0.6100 0.0000 0.0000 0.0000 353.5806 376.0557 -8.4255 0.0000 0.0000
2680.03 17.07.2018 01.40.01 27.57940 291.1844 -222.0204 -0.6033 -0.6033 0.0000 0.0000 0.0000 352.7648 376.0532 -6.0275 0.0000 0.0000
2690.03 17.07.2018 01.50.01 27.49572 291.2765 -215.4425 -0.5854 -0.5854 0.0000 0.0000 0.0000 352.0580 375.5968 -6.3318 0.0000 0.0000
2700.03 17.07.2018 02.00.01 27.41268 291.1838 -218.8661 -0.5947 -0.5948 0.0000 0.0006 0.0003 350.9240 374.7239 -7.7281 0.0000 0.0000
2710.03 17.07.2018 02.10.01 27.32699 290.9315 -222.9207 -0.6058 -0.6162 0.0140 0.3749 0.1997 347.9931 373.7618 -7.6803 0.0000 0.0000
2720.03 17.07.2018 02.20.01 27.24001 290.5963 -224.7088 -0.6106 -0.6341 0.0314 0.8082 0.4319 345.0242 372.5372 -8.2241 0.0000 0.0000
2730.03 17.07.2018 02.30.01 27.15246 290.2097 -225.9586 -0.6140 -0.6510 0.0493 1.2521 0.6700 341.9730 371.1327 -8.9985 0.0000 0.0000
2740.03 17.07.2018 02.40.01 27.06448 289.8485 -226.2466 -0.6148 -0.6653 0.0674 1.6978 0.9091 339.0272 369.9108 -8.6496 0.0000 0.0000
2750.03 17.07.2018 02.50.01 26.97689 289.4757 -224.3995 -0.6098 -0.6738 0.0854 2.1438 1.1485 336.0542 368.6541 -8.2955 0.0000 0.0000
2760.03 17.07.2018 03.00.01 26.89016 289.1561 -222.0055 -0.6033 -0.6810 0.1036 2.5939 1.3899 332.9732 367.1560 -8.8308 0.0000 0.0000
2770.03 17.07.2018 03.10.01 26.80361 289.1359 -200.9272 -0.5460 -0.7033 0.2098 5.4018 2.8873 332.6225 366.5512 -8.4186 0.0000 0.0000
2780.03 17.07.2018 03.20.01 26.72225 289.1007 -186.4629 -0.5067 -0.7598 0.3375 8.5830 4.5924 332.5499 366.1787 -8.4394 0.0000 0.0000
2790.03 17.07.2018 03.30.01 26.64483 289.0719 -178.2410 -0.4844 -0.8360 0.4689 11.8301 6.3343 332.5701 365.9434 -8.5787 0.0000 0.0000
2800.03 17.07.2018 03.40.01 26.56982 289.0536 -172.9440 -0.4700 -0.9206 0.6009 15.0893 8.0829 332.6516 365.8667 -8.5829 0.0000 0.0000
2810.03 17.07.2018 03.50.01 26.49670 289.0390 -168.3999 -0.4576 -1.0073 0.7330 18.3505 9.8326 332.7357 365.8762 -8.6588 0.0000 0.0000
2820.03 17.07.2018 04.00.01 26.42526 289.0269 -164.0787 -0.4459 -1.0948 0.8652 21.6137 11.5835 332.8346 365.9624 -8.7913 0.0000 0.0000
2830.03 17.07.2018 04.10.01 26.35568 289.4033 -148.4088 -0.4033 -1.1790 1.0342 25.8651 13.8607 333.0258 366.7064 -6.9235 0.0000 0.0000
2840.03 17.07.2018 04.20.01 26.29174 289.7825 -131.9540 -0.3586 -1.2678 1.2123 30.2728 16.2249 333.3303 367.6177 -5.3335 0.0000 0.0000
2850.03 17.07.2018 04.30.01 26.23367 290.1635 -117.6315 -0.3197 -1.3636 1.3919 34.7081 18.6045 333.6975 368.6543 -3.9295 0.0000 0.0000
2860.03 17.07.2018 04.40.01 26.18060 290.5462 -105.1549 -0.2857 -1.4646 1.5718 39.1485 20.9869 334.1184 369.8102 -2.6359 0.0000 0.0000
2870.03 17.07.2018 04.50.01 26.13204 290.9293 -94.2799 -0.2562 -1.5700 1.7517 56.7479 30.1704 334.5827 371.5255 -2.3553 0.0000 0.0000
2880.03 17.07.2018 05.00.01 26.08752 291.3174 -68.1466 -0.1852 -1.6787 1.9914 64.2661 34.1390 335.4329 373.4058 -2.4196 0.0000 0.0000
2890.03 17.07.2018 05.10.01 26.05087 291.6924 -79.2836 -0.2154 -1.8112 2.1276 163.3639 84.6340 336.6421 377.6645 -7.4423 0.0000 0.0000
2900.03 17.07.2018 05.20.01 26.01299 292.0935 53.1014 0.1443 -1.9163 2.7475 273.4218 141.3403 340.8892 386.6710 -20.5071 0.0000 0.0000
2910.03 17.07.2018 05.30.01 26.01333 292.5217 168.4328 0.4577 -2.1807 3.5178 437.6970 230.4798 346.4275 407.1930 -42.4841 0.0000 0.0000
2920.03 17.07.2018 05.40.01 26.04839 292.9844 274.8958 0.7470 -2.5676 4.4194 435.5471 229.5235 353.4652 418.1254 -54.3929 0.0000 0.0000
2930.03 17.07.2018 05.50.01 26.11495 293.4082 154.5117 0.4199 -3.0559 4.6344 426.0072 224.6513 356.2571 424.6904 -61.2256 0.0000 0.0000
2940.03 17.07.2018 06.00.01 26.15109 293.7606 70.1719 0.1907 -3.3483 4.7187 415.2248 219.1316 358.2302 429.7384 -66.6940 0.0000 0.0000
2950.03 17.07.2018 06.10.01 26.16537 293.9960 38.4586 0.1045 -3.5084 4.8172 405.4802 213.8980 360.0384 433.5982 -70.8039 0.0000 0.0000
2960.03 17.07.2018 06.20.01 26.17199 294.2364 34.7276 0.0944 -3.6116 4.9413 395.3891 208.4371 361.7758 436.6566 -73.5088 0.0000 0.0000
2970.03 17.07.2018 06.30.01 26.20925 294.4660 4810.5425 13.0721 -3.6944 22.3554 431.0831 217.4023 363.2130 442.7634 -77.4438 0.0000 0.0000
2980.03 17.07.2018 06.40.01 27.53881 294.7051 2338.2451 6.3539 -10.1598 22.0183 422.8338 213.1055 364.9291 445.1259 -78.7251 0.0000 0.0000
2990.03 17.07.2018 06.50.01 28.20898 294.9314 1179.0697 3.2040 -13.0121 21.6214 416.7810 210.1718 366.3329 447.1780 -80.2181 0.0000 0.0000
3000.03 17.07.2018 07.00.01 28.56570 295.1533 622.1183 1.6905 -14.2135 21.2053 411.7692 207.8769 367.7327 448.9765 -81.5277 0.0000 0.0000
3010.03 17.07.2018 07.10.01 28.77023 295.3753 386.0457 1.0490 -14.6449 20.9253 408.8730 206.5243 368.7447 450.0828 -84.9127 0.0000 0.0000
3020.03 17.07.2018 07.20.01 28.90881 295.5908 268.4544 0.7295 -14.7637 20.6576 406.5434 205.5023 369.9198 451.1347 -87.0834 0.0000 0.0000
3030.03 17.07.2018 07.30.01 29.01382 295.8078 190.5349 0.5178 -14.7354 20.3376 444.0398 228.4154 370.8857 458.2401 -94.8581 0.0000 0.0000
3040.03 17.07.2018 07.40.01 29.09646 296.0296 171.5167 0.4661 -14.6132 20.1057 442.0945 227.5438 372.3290 459.5294 -97.0934 0.0000 0.0000
3050.03 17.07.2018 07.50.01 29.17288 296.2390 137.2146 0.3729 -14.4741 19.7959 438.8130 225.9293 373.3090 460.3267 -98.4663 0.0000 0.0000
3060.03 17.07.2018 08.00.01 29.23916 296.4440 102.1243 0.2775 -14.2951 19.4301 437.3410 225.4426 374.1505 461.0038 -100.4365 0.0000 0.0000
3070.03 17.07.2018 08.10.01 29.29540 296.5808 98.7645 0.2684 -14.0739 19.1231 434.7479 224.1350 375.1054 461.4129 -101.8152 0.0000 0.0000
3080.03 17.07.2018 08.20.01 29.37328 296.7110 3677.4426 9.9931 -13.8529 31.7946 467.2600 234.0989 375.8540 464.2243 -106.4652 0.0000 0.0000
3090.03 17.07.2018 08.30.01 30.41818 296.8495 1803.0427 4.8996 -18.4295 31.1054 463.4780 232.3664 376.7758 464.4445 -108.9360 0.0000 0.0000
3100.03 17.07.2018 08.40.01 30.96163 296.9792 906.2753 2.4627 -20.2843 30.3293 458.5903 230.0244 377.2756 464.3894 -108.6937 0.0000 0.0000
3110.03 17.07.2018 08.50.01 31.26113 297.1033 463.9302 1.2607 -20.8804 29.5214 486.5757 247.4304 377.8779 469.3380 -114.0323 0.0000 0.0000
3120.03 17.07.2018 09.00.01 31.43807 297.2382 226.7717 0.6162 -20.8819 28.6642 480.7327 244.5782 378.7827 469.4743 -115.2081 0.0000 0.0000
3130.03 17.07.2018 09.10.01 31.54553 297.2141 -239.7506 -0.6515 -20.5844 26.5773 461.1562 235.4185 379.9277 468.7679 -114.4867 0.0000 0.0000
3140.03 17.07.2018 09.20.01 31.52172 297.2007 -458.8619 -1.2469 -19.6870 24.5868 448.0940 230.0946 380.9451 468.5153 -113.4577 0.0000 0.0000
3150.03 17.07.2018 09.30.01 31.44732 297.2017 1583.0382 4.3017 -18.5415 30.4576 455.1692 230.9216 382.1828 469.3185 -114.6043 0.0000 0.0000
3160.03 17.07.2018 09.40.01 31.91934 297.1877 283.7921 0.7712 -20.1807 27.9358 437.5537 222.9928 383.2102 467.3239 -115.5404 0.0000 0.0000
3170.03 17.07.2018 09.50.01 32.03884 297.1940 -280.8133 -0.7631 -20.0024 25.6524 437.9210 225.6738 384.0484 464.7980 -129.3963 0.0000 0.0000
3180.03 17.07.2018 10.00.01 31.99987 297.2140 -558.2350 -1.5169 -19.0932 23.4350 423.3440 219.3380 384.8942 462.9929 -126.8334 0.0000 0.0000
3190.03 17.07.2018 10.10.01 31.88189 297.2854 -520.5966 -1.4147 -17.8519 21.9164 410.2074 213.0826 385.2041 461.9359 -121.5896 0.0000 0.0000
3200.03 17.07.2018 10.20.01 31.77050 297.3591 -521.2623 -1.4165 -16.7067 20.3870 393.7175 204.8234 385.3794 460.1257 -117.3898 0.0000 0.0000
3210.03 17.07.2018 10.30.01 31.65579 297.4255 -546.9560 -1.4863 -15.5979 18.8155 375.8656 195.7786 385.0705 457.9972 -112.8695 0.0000 0.0000
3220.03 17.07.2018 10.40.01 31.53176 297.4966 -498.3010 -1.3541 -14.4891 17.5134 361.8920 188.7806 385.0545 456.3183 -108.8616 0.0000 0.0000
3230.03 17.07.2018 10.50.01 31.41909 297.5588 -480.0780 -1.3046 -13.4583 16.2051 347.3911 181.4709 384.9427 454.5077 -104.9238 0.0000 0.0000
3240.03 17.07.2018 11.00.01 31.30731 297.6260 -469.3846 -1.2755 -12.4890 14.9513 333.2760 174.3502 384.8388 452.7678 -101.1465 0.0000 0.0000
3250.03 17.07.2018 11.10.01 31.19778 297.7400 -307.7581 -0.8363 -11.5623 14.3014 331.9511 173.7138 384.9759 452.0988 -98.0880 0.0000 0.0000
3260.03 17.07.2018 11.20.01 31.13189 297.8634 -228.6759 -0.6214 -10.8711 13.6662 331.5700 173.6324 385.5123 452.0347 -95.6984 0.0000 0.0000
3270.03 17.07.2018 11.30.01 31.08737 297.9887 -207.9182 -0.5650 -10.2922 12.9697 330.7713 173.3468 386.1621 452.1342 -93.7265 0.0000 0.0000
3280.03 17.07.2018 11.40.01 31.04843 298.1171 -192.2262 -0.5224 -9.7464 12.2987 330.9926 173.6410 387.0995 452.6820 -91.8898 0.0000 0.0000
3290.03 17.07.2018 11.50.01 31.01327 298.2807 -223.6052 -0.6076 -9.2245 11.4891 329.5463 173.0392 387.9264 453.0514 -90.2556 0.0000 0.0000
3300.03 17.07.2018 12.00.01 30.96871 298.4305 -269.7051 -0.7329 -8.6657 10.5771 327.0003 171.8564 388.7165 453.0953 -89.4701 0.0000 0.0000
3310.03 17.07.2018 12.10.01 30.91079 298.4235 -255.2080 -0.6935 -8.0593 9.8210 317.9011 167.5903 389.9205 453.0775 -90.1611 0.0000 0.0000
3320.03 17.07.2018 12.20.01 30.85632 298.3994 -153.4209 -0.4169 -7.4905 9.4314 311.0310 164.3852 390.5667 452.9212 -90.5555 0.0000 0.0000
3330.03 17.07.2018 12.30.01 30.82995 298.3729 12.8200 0.0348 -7.0773 9.4828 308.1301 163.2288 390.8676 453.0329 -91.2012 0.0000 0.0000
3340.03 17.07.2018 12.40.01 30.84915 298.3364 90.7605 0.2466 -6.8955 9.5229 305.4597 162.1822 391.0959 453.0377 -91.6204 0.0000 0.0000
3350.03 17.07.2018 12.50.01 30.89004 298.3020 122.7244 0.3335 -6.8189 9.5365 301.5552 160.4150 391.1085 452.8230 -91.4907 0.0000 0.0000
3360.03 17.07.2018 13.00.01 30.94009 298.2664 163.4445 0.4441 -6.7853 9.6392 298.5658 159.1288 391.2455 452.6928 -91.3921 0.0000 0.0000
3370.03 17.07.2018 13.10.01 31.00073 298.1707 70.2977 0.1910 -6.8007 9.3224 294.8066 157.2260 390.4019 451.5111 -92.2178 0.0000 0.0000
3380.03 17.07.2018 13.20.01 31.03555 298.0680 32.3354 0.0879 -6.6933 9.0416 292.6293 156.2450 389.4192 450.3443 -93.3490 0.0000 0.0000
3390.03 17.07.2018 13.30.01 31.05914 297.9784 23.4667 0.0638 -6.5451 8.8118 290.5836 155.3046 388.5250 449.1492 -94.2904 0.0000 0.0000
3400.03 17.07.2018 13.40.01 31.07940 297.8916 8.9210 0.0242 -6.3956 8.5598 288.8870 154.5654 387.6073 447.9681 -95.0100 0.0000 0.0000
3410.03 17.07.2018 13.50.01 31.09478 297.8109 1.7560 0.0048 -6.2363 8.3215 288.5722 154.6450 386.7062 446.9051 -96.1321 0.0000 0.0000
3420.03 17.07.2018 14.00.01 31.10735 297.7285 -15.6099 -0.0424 -6.0769 8.0460 289.1648 155.2966 385.7448 446.1081 -96.9662 0.0000 0.0000
3430.03 17.07.2018 14.10.01 31.11410 297.6057 -69.8160 -0.1897 -5.9017 7.6160 289.2769 155.5293 383.5211 445.1054 -96.5779 0.0000 0.0000
3440.03 17.07.2018 14.20.01 31.10500 297.4816 -91.4451 -0.2485 -5.6636 7.2202 290.2302 156.2410 381.2354 444.1576 -96.4973 0.0000 0.0000
3450.03 17.07.2018 14.30.01 31.08883 297.3591 -106.0455 -0.2882 -5.4102 6.8294 298.8283 161.5355 378.9698 444.1076 -98.4119 0.0000 0.0000
3460.03 17.07.2018 14.40.01 31.06741 297.2419 -130.3078 -0.3541 -5.1508 6.3956 304.8401 165.2349 376.6219 443.7036 -99.8957 0.0000 0.0000
3470.03 17.07.2018 14.50.01 31.03820 297.1329 -132.3739 -0.3597 -4.8741 6.0191 309.6860 168.1916 374.3758 443.0821 -101.6081 0.0000 0.0000
3480.03 17.07.2018 15.00.01 31.00720 297.0089 -148.9642 -0.4048 -4.6091 5.6057 314.0572 170.8924 372.0766 442.2866 -103.6819 0.0000 0.0000
3490.03 17.07.2018 15.10.01 30.97088 296.8346 -105.4338 -0.2865 -4.3387 5.4029 308.6715 168.2454 370.4425 441.0693 -104.0307 0.0000 0.0000
3500.03 17.07.2018 15.20.01 30.94598 296.6560 -91.0263 -0.2474 -4.1380 5.1875 301.0897 164.2903 368.7966 439.4991 -103.3884 0.0000 0.0000
3510.03 17.07.2018 15.30.01 30.92428 296.4713 -93.1036 -0.2530 -3.9667 4.9516 292.7063 159.8698 367.0530 437.8606 -101.4272 0.0000 0.0000
3520.03 17.07.2018 15.40.01 30.90124 296.2827 -114.3864 -0.3108 -3.8012 4.6538 282.5764 154.4675 365.1817 435.9667 -98.9053 0.0000 0.0000
3530.03 17.07.2018 15.50.01 30.87167 296.0918 -116.7489 -0.3173 -3.6161 4.3985 273.2758 149.5307 363.3087 434.1191 -96.1405 0.0000 0.0000
3540.03 17.07.2018 16.00.01 30.84072 295.9062 -112.3534 -0.3053 -3.4383 4.1773 265.0854 145.2341 361.5249 432.3724 -93.7267 0.0000 0.0000
3550.03 17.07.2018 16.10.01 30.81017 295.6544 -115.3035 -0.3133 -3.2762 3.9504 255.0474 139.7822 359.5212 430.1898 -90.9936 0.0000 0.0000
3560.03 17.07.2018 16.20.01 30.77804 295.3991 -107.4433 -0.2920 -3.1210 3.7721 245.5814 134.6369 357.5402 427.9757 -88.5075 0.0000 0.0000
3570.03 17.07.2018 16.30.01 30.74731 295.1403 -102.1787 -0.2777 -2.9878 3.6135 236.2028 129.5292 355.5987 425.7360 -85.8600 0.0000 0.0000
3580.03 17.07.2018 16.40.01 30.71710 294.8846 -106.8507 -0.2904 -2.8720 3.4422 227.4066 124.8351 353.6637 423.5030 -83.8043 0.0000 0.0000
3590.03 17.07.2018 16.50.01 30.68475 294.6282 -117.6770 -0.3198 -2.7607 3.2545 217.9923 119.7826 351.7025 421.1811 -81.3128 0.0000 0.0000
3600.03 17.07.2018 17.00.01 30.64858 294.3721 -124.9463 -0.3395 -2.6454 3.0746 208.3534 114.5897 349.7441 418.8202 -78.5922 0.0000 0.0000
3610.03 17.07.2018 17.10.01 30.60940 294.1046 -139.9503 -0.3803 -2.5319 2.8687 196.3153 108.0742 348.0821 416.3648 -75.0827 0.0000 0.0000
3620.03 17.07.2018 17.20.01 30.56509 293.8347 -159.3829 -0.4331 -2.4101 2.6360 183.4245 101.0672 346.3484 413.7250 -71.5347 0.0000 0.0000
3630.03 17.07.2018 17.30.01 30.51434 293.5638 -176.7310 -0.4802 -2.2756 2.3938 169.9588 93.7229 344.5962 410.9719 -67.8141 0.0000 0.0000
3640.03 17.07.2018 17.40.01 30.45770 293.2942 -186.5596 -0.5070 -2.1320 2.1667 153.1659 84.5144 342.8585 407.9977 -63.2333 0.0000 0.0000
3650.03 17.07.2018 17.50.01 30.39715 293.0228 -200.5429 -0.5450 -1.9898 1.9264 135.7520 74.9433 341.0673 404.8705 -58.2850 0.0000 0.0000
3660.03 17.07.2018 18.00.01 30.33151 292.7508 -212.7734 -0.5782 -1.8434 1.6870 117.9800 65.1565 339.2632 401.6415 -53.1379 0.0000 0.0000
3670.03 17.07.2018 18.10.01 30.26138 292.4481 -218.3621 -0.5934 -1.6955 1.4695 104.4534 57.7120 337.9202 399.0134 -47.3406 0.0000 0.0000
3680.03 17.07.2018 18.20.01 30.18865 292.1296 -221.8152 -0.6028 -1.5521 1.2658 90.9496 50.2708 336.6769 396.4315 -42.1049 0.0000 0.0000
3690.03 17.07.2018 18.30.01 30.11410 291.8103 -223.8670 -0.6083 -1.4164 1.0774 77.5495 42.8808 335.4622 393.8269 -37.3128 0.0000 0.0000
3700.03 17.07.2018 18.40.01 30.03796 291.5068 -228.7779 -0.6217 -1.2901 0.8913 58.3423 32.2443 334.2632 390.7750 -31.8609 0.0000 0.0000
3710.03 17.07.2018 18.50.01 29.95944 291.2121 -241.9019 -0.6573 -1.1708 0.6846 38.5937 21.2985 332.9941 387.4714 -26.4932 0.0000 0.0000
3720.03 17.07.2018 19.00.01 29.87609 290.9226 -253.5732 -0.6891 -1.0483 0.4790 18.7779 10.3105 331.7058 383.9870 -21.4246 0.0000 0.0000
3730.03 17.07.2018 19.10.01 29.78832 290.5442 -247.9198 -0.6737 -0.9265 0.3371 15.0935 8.2823 330.2480 381.2974 -20.0769 0.0000 0.0000
3740.03 17.07.2018 19.20.01 29.70089 290.1618 -232.6601 -0.6322 -0.8301 0.2639 12.6541 6.9493 328.9714 378.9515 -19.3276 0.0000 0.0000
3750.03 17.07.2018 19.30.01 29.61636 289.7781 -227.7376 -0.6189 -0.7713 0.2032 10.4241 5.7326 327.7532 376.7318 -18.7868 0.0000 0.0000
3760.03 17.07.2018 19.40.01 29.53198 289.3938 -230.3464 -0.6259 -0.7347 0.1451 7.1162 3.9146 326.5571 374.5152 -18.2108 0.0000 0.0000
3770.03 17.07.2018 19.50.01 29.44564 289.0060 -237.9975 -0.6467 -0.7100 0.0843 3.7622 2.0710 325.3608 372.3244 -17.7275 0.0000 0.0000
3780.03 17.07.2018 20.00.01 29.35598 288.6186 -247.4638 -0.6725 -0.6900 0.0234 0.4214 0.2351 324.1695 370.1757 -17.2827 0.0000 0.0000
3790.03 17.07.2018 20.10.01 29.26260 288.2397 -246.6218 -0.6702 -0.6733 0.0042 0.0758 0.0423 323.1121 368.3753 -16.9607 0.0000 0.0000
3800.03 17.07.2018 20.20.01 29.16827 287.8645 -247.7229 -0.6732 -0.6737 0.0008 0.0136 0.0076 322.1287 366.7090 -16.9064 0.0000 0.0000
3810.03 17.07.2018 20.30.01 29.07235 287.4699 -252.6768 -0.6866 -0.6867 0.0001 0.0025 0.0014 321.1815 365.1104 -17.0176 0.0000 0.0000
3820.03 17.07.2018 20.40.01 28.97387 287.0386 -260.5278 -0.7080 -0.7080 0.0000 0.0004 0.0002 320.2508 363.5227 -17.3984 0.0000 0.0000
3830.03 17.07.2018 20.50.01 28.87200 286.6364 -270.1080 -0.7340 -0.7340 0.0000 0.0001 0.0000 319.3405 362.0073 -17.7291 0.0000 0.0000
3840.03 17.07.2018 21.00.01 28.76641 286.2755 -279.6447 -0.7599 -0.7599 0.0000 0.0000 0.0000 318.4827 360.6257 -17.7842 0.0000 0.0000
3850.03 17.07.2018 21.10.01 28.65740 286.1448 -288.1227 -0.7829 -0.7829 0.0000 0.0000 0.0000 318.0317 359.4178 -17.7026 0.0000 0.0000
3860.03 17.07.2018 21.20.01 28.54525 286.0842 -295.8043 -0.8038 -0.8038 0.0000 0.0000 0.0000 317.7078 358.3793 -17.4232 0.0000 0.0000
3870.03 17.07.2018 21.30.01 28.43038 285.9438 -302.5397 -0.8221 -0.8221 0.0000 0.0000 0.0000 317.4188 357.3085 -17.6030 0.0000 0.0000
3880.03 17.07.2018 21.40.01 28.31307 285.3841 -308.0957 -0.8372 -0.8372 0.0000 0.0000 0.0000 316.9409 356.2733 -17.5033 0.0000 0.0000
3890.03 17.07.2018 21.50.01 28.19363 285.2016 -314.1442 -0.8537 -0.8537 0.0000 0.0000 0.0000 316.6056 355.3565 -17.3561 0.0000 0.0000
3900.03 17.07.2018 22.00.01 28.07177 285.0146 -320.7931 -0.8717 -0.8717 0.0000 0.0000 0.0000 316.3158 354.4613 -17.3825 0.0000 0.0000
3910.03 17.07.2018 22.10.01 27.94732 284.9213 -326.9107 -0.8883 -0.8883 0.0000 0.0000 0.0000 315.9581 353.6392 -17.1210 0.0000 0.0000
3920.03 17.07.2018 22.20.01 27.82083 284.8288 -331.5881 -0.9011 -0.9011 0.0000 0.0000 0.0000 315.5779 352.8476 -16.8719 0.0000 0.0000
3930.03 17.07.2018 22.30.01 27.69277 284.7392 -335.3558 -0.9113 -0.9113 0.0000 0.0000 0.0000 315.1836 352.0854 -16.6261 0.0000 0.0000
3940.03 17.07.2018 22.40.01 27.56335 284.6612 -338.4608 -0.9197 -0.9197 0.0000 0.0000 0.0000 314.7907 351.3709 -16.3258 0.0000 0.0000
3950.03 17.07.2018 22.50.01 27.43279 284.5784 -341.1816 -0.9271 -0.9271 0.0000 0.0000 0.0000 314.3983 350.6739 -16.0730 0.0000 0.0000
3960.03 17.07.2018 23.00.01 27.30126 284.4905 -343.5019 -0.9334 -0.9334 0.0000 0.0000 0.0000 314.0043 349.9905 -15.8636 0.0000 0.0000
3970.03 17.07.2018 23.10.01 27.16891 284.3636 -345.1827 -0.9380 -0.9380 0.0000 0.0000 0.0000 313.5691 349.3891 -15.4464 0.0000 0.0000
3980.03 17.07.2018 23.20.01 27.03616 284.1920 -345.9323 -0.9400 -0.9400 0.0000 0.0000 0.0000 312.9949 348.7134 -15.2296 0.0000 0.0000
3990.03 17.07.2018 23.30.01 26.90338 284.0036 -346.6726 -0.9420 -0.9420 0.0000 0.0000 0.0000 312.5213 348.0068 -15.2625 0.0000 0.0000
4000.03 17.07.2018 23.40.01 26.77038 283.8426 -346.9670 -0.9428 -0.9428 0.0000 0.0000 0.0000 312.0849 347.4054 -14.9275 0.0000 0.0000
4010.03 17.07.2018 23.50.01 26.63757 283.6729 -346.0102 -0.9402 -0.9402 0.0000 0.0000 0.0000 311.6657 346.7907 -14.7152 0.0000 0.0000
4020.03 18.07.2018 00.00.01 26.50515 283.5395 -344.0263 -0.9349 -0.9349 0.0000 0.0000 0.0000 311.2596 346.2064 -14.4495 0.0000 0.0000
4030.03 18.07.2018 00.10.01 26.37332 283.4960 -342.3881 -0.9304 -0.9304 0.0000 0.0000 0.0000 310.9415 345.6876 -14.1505 0.0000 0.0000
4040.03 18.07.2018 00.20.01 26.24148 283.4964 -343.1952 -0.9326 -0.9326 0.0000 0.0000 0.0000 310.5831 345.1310 -13.9768 0.0000 0.0000
4050.03 18.07.2018 00.30.01 26.10925 283.5035 -345.2156 -0.9381 -0.9381 0.0000 0.0000 0.0000 310.3067 344.5601 -13.9473 0.0000 0.0000
4060.03 18.07.2018 00.40.01 25.97650 283.5202 -346.5239 -0.9416 -0.9416 0.0000 0.0000 0.0000 310.0338 344.1181 -13.3583 0.0000 0.0000
4070.03 18.07.2018 00.50.01 25.84374 283.4945 -344.6968 -0.9367 -0.9367 0.0000 0.0000 0.0000 309.7201 343.6526 -12.9260 0.0000 0.0000
4080.03 18.07.2018 01.00.01 25.71203 283.4396 -341.6256 -0.9283 -0.9283 0.0000 0.0000 0.0000 309.4091 343.1758 -12.6343 0.0000 0.0000
4090.03 18.07.2018 01.10.01 25.58157 283.3101 -339.2217 -0.9218 -0.9218 0.0000 0.0000 0.0000 309.0791 342.6026 -12.9563 0.0000 0.0000
4100.03 18.07.2018 01.20.01 25.45138 283.1871 -339.9049 -0.9237 -0.9237 0.0000 0.0000 0.0000 308.7258 342.0074 -13.2661 0.0000 0.0000
4110.03 18.07.2018 01.30.01 25.32046 283.0708 -341.7425 -0.9286 -0.9286 0.0000 0.0000 0.0000 308.3402 341.4056 -13.5164 0.0000 0.0000
4120.03 18.07.2018 01.40.01 25.18878 282.9626 -343.8950 -0.9345 -0.9345 0.0000 0.0000 0.0000 307.9471 340.8448 -13.5940 0.0000 0.0000
4130.03 18.07.2018 01.50.01 25.05627 282.8471 -345.7471 -0.9395 -0.9395 0.0000 0.0000 0.0000 307.5321 340.2682 -13.6945 0.0000 0.0000
4140.03 18.07.2018 02.00.01 24.92312 282.7215 -347.2302 -0.9436 -0.9436 0.0000 0.0004 0.0002 307.0973 339.6577 -13.8682 0.0000 0.0000
4150.03 18.07.2018 02.10.01 24.78948 282.7776 -344.8050 -0.9370 -0.9442 0.0096 0.2582 0.1375 306.8710 339.3124 -13.1052 0.0000 0.0000
4160.03 18.07.2018 02.20.01 24.65701 282.8394 -341.2027 -0.9272 -0.9434 0.0216 0.5568 0.2975 306.6987 339.0298 -12.3734 0.0000 0.0000
4170.03 18.07.2018 02.30.01 24.52609 282.9069 -337.3643 -0.9168 -0.9422 0.0340 0.8625 0.4615 306.5518 338.7911 -11.6654 0.0000 0.0000
4180.03 18.07.2018 02.40.01 24.39681 282.9846 -333.7102 -0.9068 -0.9416 0.0464 1.1696 0.6263 306.4259 338.6012 -10.9355 0.0000 0.0000
4190.03 18.07.2018 02.50.01 24.26867 283.0593 -329.4471 -0.8952 -0.9394 0.0588 1.4769 0.7912 306.3167 338.4360 -10.2586 0.0000 0.0000
4200.03 18.07.2018 03.00.01 24.14236 283.1399 -326.0747 -0.8861 -0.9396 0.0714 1.7879 0.9580 306.2230 338.3020 -9.5968 0.0000 0.0000
4210.03 18.07.2018 03.10.01 24.01733 283.4430 -298.5197 -0.8112 -0.9369 0.1676 4.3407 2.3190 306.4973 338.7228 -7.8582 0.0000 0.0000
4220.03 18.07.2018 03.20.01 23.90093 283.7948 -274.4451 -0.7458 -0.9590 0.2843 7.2482 3.8773 306.9578 339.3738 -6.2702 0.0000 0.0000
4230.03 18.07.2018 03.30.01 23.79229 284.1468 -256.5134 -0.6970 -1.0004 0.4045 10.2184 5.4707 307.5044 340.1337 -4.8791 0.0000 0.0000
4240.03 18.07.2018 03.40.01 23.68966 284.5003 -242.5257 -0.6590 -1.0529 0.5252 13.2001 7.0704 308.1020 340.9822 -3.6254 0.0000 0.0000
4250.03 18.07.2018 03.50.01 23.59197 284.8561 -230.9445 -0.6276 -1.1121 0.6461 16.1837 8.6712 308.7375 341.9058 -2.4806 0.0000 0.0000
4260.03 18.07.2018 04.00.01 23.49841 285.2106 -220.5642 -0.5994 -1.1746 0.7670 19.1681 10.2725 309.3886 342.8879 -1.4363 0.0000 0.0000
4270.03 18.07.2018 04.10.01 23.40869 285.5543 -208.5807 -0.5668 -1.2392 0.8966 22.3851 11.9976 310.5175 343.9963 -0.7133 0.0000 0.0000
4280.03 18.07.2018 04.20.01 23.32330 285.9010 -197.0854 -0.5356 -1.3068 1.0283 25.6388 13.7432 311.7107 345.1785 -0.1154 0.0000 0.0000
4290.03 18.07.2018 04.30.01 23.24215 286.2466 -186.2690 -0.5062 -1.3764 1.1603 28.8990 15.4924 312.9350 346.4100 0.3809 0.0000 0.0000
4300.03 18.07.2018 04.40.01 23.16503 286.5924 -175.8657 -0.4779 -1.4472 1.2925 32.1605 17.2423 314.1826 347.6873 0.8029 0.0000 0.0000
4310.03 18.07.2018 04.50.01 23.09188 286.9388 -165.7907 -0.4505 -1.5190 1.4246 59.5739 31.4735 315.4511 349.9263 0.0939 0.0000 0.0000
4320.03 18.07.2018 05.00.01 23.02279 287.2962 -125.7101 -0.3416 -1.5912 1.6662 67.6805 35.7222 317.3607 352.3395 -0.9441 0.0000 0.0000
4330.03 18.07.2018 05.10.01 22.96572 287.7646 -126.1461 -0.3428 -1.7018 1.8120 195.7963 100.9497 319.1017 358.0397 -5.4568 0.0000 0.0000
4340.03 18.07.2018 05.20.01 22.91110 288.2778 55.5589 0.1510 -1.7936 2.5928 338.5790 174.4983 324.6575 370.2967 -18.4636 0.0000 0.0000
4350.03 18.07.2018 05.30.01 22.90905 288.8190 211.5149 0.5748 -2.1032 3.5706 553.2752 291.0701 332.0022 396.1035 -49.3929 0.0000 0.0000
4360.03 18.07.2018 05.40.01 22.95385 289.4167 347.9005 0.9454 -2.5776 4.6973 531.3320 279.8125 341.3714 410.1496 -62.0313 0.0000 0.0000
4370.03 18.07.2018 05.50.01 23.03915 289.9523 175.7319 0.4775 -3.1805 4.8774 498.7343 262.8761 344.8414 417.9844 -68.1357 0.0000 0.0000
4380.03 18.07.2018 06.00.01 23.08032 290.4478 46.7165 0.1269 -3.5070 4.8453 463.6560 244.6092 346.9052 423.2305 -71.6683 0.0000 0.0000
4390.03 18.07.2018 06.10.01 23.08773 290.8293 -2.9439 -0.0080 -3.6363 4.8378 444.0322 234.1069 348.0771 426.8133 -73.8356 0.0000 0.0000
4400.03 18.07.2018 06.20.01 23.08273 291.1994 -3.2179 -0.0087 -3.6845 4.9010 425.0028 223.9079 349.3655 429.6120 -75.1821 0.0000 0.0000
4410.03 18.07.2018 06.30.01 23.11218 291.5635 5224.0000 14.1957 -3.7165 23.8829 457.3110 230.2371 350.6316 435.6263 -78.7203 0.0000 0.0000
4420.03 18.07.2018 06.40.01 24.55581 291.9565 2472.8618 6.7197 -10.7332 23.2706 443.9976 223.4104 352.1569 437.7268 -78.8996 0.0000 0.0000
4430.03 18.07.2018 06.50.01 25.26531 292.3175 1186.6327 3.2245 -13.7339 22.6112 433.6057 218.3721 353.4518 439.5835 -79.3843 0.0000 0.0000
4440.03 18.07.2018 07.00.01 25.62682 292.6761 567.5549 1.5423 -14.9061 21.9311 424.0917 213.8766 354.7543 441.0705 -79.7779 0.0000 0.0000
4450.03 18.07.2018 07.10.01 25.81838 292.9147 225.8317 0.6137 -15.2252 21.1185 413.3089 208.9278 355.9535 441.8654 -80.2738 0.0000 0.0000
4460.03 18.07.2018 07.20.01 25.91451 293.1634 53.4072 0.1451 -15.0942 20.3192 402.8615 204.1703 357.1752 442.0898 -81.7185 0.0000 0.0000
4470.03 18.07.2018 07.30.01 25.96108 293.4044 -50.9335 -0.1384 -14.7517 19.4844 428.2710 220.9529 358.1899 447.3935 -88.3140 0.0000 0.0000
4480.03 18.07.2018 07.40.01 25.97753 293.6605 -21.9300 -0.0596 -14.2901 18.9741 421.1722 217.6220 359.5258 447.4569 -90.2582 0.0000 0.0000
4490.03 18.07.2018 07.50.01 26.00033 293.9010 -20.9633 -0.0570 -13.8868 18.4398 413.5106 213.9715 360.6315 447.2091 -91.8836 0.0000 0.0000
4500.03 18.07.2018 08.00.01 26.02233 294.1387 -33.4757 -0.0910 -13.4967 17.8743 407.3712 211.2592 361.6544 446.9456 -93.4729 0.0000 0.0000
4510.03 18.07.2018 08.10.01 26.03924 294.2582 -181.3214 -0.4927 -13.0976 16.8065 387.7579 201.6614 362.7681 445.7748 -93.1651 0.0000 0.0000
4520.03 18.07.2018 08.20.01 26.02871 294.3704 1943.0596 5.2801 -12.5074 23.7166 388.8910 198.4924 363.3804 445.5396 -93.3417 0.0000 0.0000
4530.03 18.07.2018 08.30.01 26.58871 294.4847 442.3822 1.2021 -14.7781 21.3070 364.6070 187.1037 363.9083 443.4222 -90.9666 0.0000 0.0000
4540.03 18.07.2018 08.40.01 26.74383 294.5910 -120.9752 -0.3287 -14.9249 19.4616 346.8624 178.8135 364.1451 441.3713 -88.3579 0.0000 0.0000
4550.03 18.07.2018 08.50.01 26.74310 294.6986 -367.9878 -1.0000 -14.3156 17.7542 343.2414 178.8933 364.5951 441.3738 -87.7537 0.0000 0.0000
4560.03 18.07.2018 09.00.01 26.67175 294.8145 -473.5711 -1.2869 -13.4023 16.1538 325.0377 170.1413 365.1689 439.4114 -84.8982 0.0000 0.0000
4570.03 18.07.2018 09.10.01 26.57021 294.9146 -249.3448 -0.6776 -12.3815 15.6052 320.4197 167.9233 365.8753 438.7409 -80.3912 0.0000 0.0000
4580.03 18.07.2018 09.20.01 26.53372 295.0279 729.1529 1.9814 -11.6932 18.2328 327.6948 170.4448 366.8828 439.5182 -77.8634 0.0000 0.0000
4590.03 18.07.2018 09.30.01 26.76125 295.1483 303.6043 0.8250 -12.3289 17.5385 326.2736 170.2547 368.1738 439.9530 -75.5696 0.0000 0.0000
4600.03 18.07.2018 09.40.01 26.87509 295.2708 130.6115 0.3549 -12.3480 16.9372 323.6817 169.2339 369.5311 440.2736 -73.4096 0.0000 0.0000
4610.03 18.07.2018 09.50.01 26.94189 295.3955 63.0571 0.1714 -12.1240 16.3937 327.9872 172.3080 370.9105 441.7516 -72.5060 0.0000 0.0000
4620.03 18.07.2018 10.00.01 26.98998 295.5219 23.5559 0.0640 -11.8103 15.8324 326.5321 171.9385 372.2434 442.5486 -71.1495 0.0000 0.0000
4630.03 18.07.2018 10.10.01 27.02792 295.6667 173.9035 0.4726 -11.4478 15.8938 334.0717 176.0215 374.2347 443.9210 -71.9624 0.0000 0.0000
4640.03 18.07.2018 10.20.01 27.10711 295.8154 249.5850 0.6782 -11.2906 15.9585 341.0621 179.7726 376.5218 445.2328 -74.0493 0.0000 0.0000
4650.03 18.07.2018 10.30.01 27.20760 295.9549 267.2561 0.7262 -11.2291 15.9404 347.1119 183.0216 378.7011 446.3722 -76.7043 0.0000 0.0000
4660.03 18.07.2018 10.40.01 27.31371 296.0203 282.8961 0.7687 -11.1836 15.9365 353.7718 186.6342 381.1567 448.0006 -78.4445 0.0000 0.0000
4670.03 18.07.2018 10.50.01 27.42523 296.1739 273.7396 0.7439 -11.1450 15.8518 359.5653 189.7880 383.7575 450.6601 -77.4379 0.0000 0.0000
4680.03 18.07.2018 11.00.01 27.53481 296.3454 256.4217 0.6968 -11.0840 15.7077 364.8225 192.6668 386.1567 452.0233 -81.9343 0.0000 0.0000
4690.03 18.07.2018 11.10.01 27.63839 296.3784 13.5738 0.0369 -10.9851 14.6960 349.1117 184.8643 386.9432 453.5840 -77.2365 0.0000 0.0000
4700.03 18.07.2018 11.20.01 27.67422 296.4143 -142.6226 -0.3876 -10.5585 13.5612 330.0925 175.1696 386.7587 453.3245 -73.3809 0.0000 0.0000
4710.03 18.07.2018 11.30.01 27.66525 296.4599 -202.1548 -0.5493 -9.9428 12.5246 311.2627 165.5144 385.9588 452.0578 -70.5921 0.0000 0.0000
4720.03 18.07.2018 11.40.01 27.63772 296.5358 -190.7480 -0.5183 -9.2763 11.6773 294.5781 156.9474 385.1042 450.9049 -67.0502 0.0000 0.0000
4730.03 18.07.2018 11.50.01 27.61169 296.4712 -165.5341 -0.4498 -8.6519 10.9361 278.4081 148.6090 384.0249 449.5253 -65.0274 0.0000 0.0000
4740.03 18.07.2018 12.00.01 27.59100 296.5506 -122.7345 -0.3335 -8.0843 10.3343 263.2891 140.7943 382.9001 448.1180 -60.9312 0.0000 0.0000
4750.03 18.07.2018 12.10.01 27.58083 296.6301 -109.7192 -0.2982 -7.5934 9.7270 257.2533 137.3747 381.7688 446.3085 -58.1239 0.0000 0.0000
4760.03 18.07.2018 12.20.01 27.57318 296.6920 -53.6641 -0.1458 -7.1411 9.3271 254.6733 135.8720 380.9672 445.2030 -57.6764 0.0000 0.0000
4770.03 18.07.2018 12.30.01 27.58022 296.7903 4.7774 0.0130 -6.7787 9.0555 254.0824 135.4659 380.3263 444.3950 -58.4590 0.0000 0.0000
4780.03 18.07.2018 12.40.01 27.60314 296.9299 33.1421 0.0901 -6.5004 8.7872 254.0110 135.3654 379.8443 444.5662 -55.4971 0.0000 0.0000
4790.03 18.07.2018 12.50.01 27.63394 297.0664 42.5430 0.1156 -6.2603 8.5013 254.4300 135.5725 379.3294 444.9360 -52.9211 0.0000 0.0000
4800.03 18.07.2018 13.00.01 27.66726 297.1684 60.2879 0.1638 -6.0350 8.2651 255.7829 136.3037 378.8883 445.3425 -51.6263 0.0000 0.0000
4810.03 18.07.2018 13.10.01 27.70590 297.2838 132.8185 0.3609 -5.8368 8.2636 251.7609 134.3857 380.7753 446.8316 -48.6458 0.0000 0.0000
4820.03 18.07.2018 13.20.01 27.76498 297.3808 126.3012 0.3432 -5.7265 8.0929 245.3829 131.1819 382.3618 446.6503 -50.8342 0.0000 0.0000
4830.03 18.07.2018 13.30.01 27.82278 297.4195 128.6613 0.3496 -5.6026 7.9363 238.1932 127.4804 383.6882 445.1296 -55.5240 0.0000 0.0000
4840.03 18.07.2018 13.40.01 27.88122 297.4206 123.5589 0.3358 -5.4833 7.7587 230.4322 123.4543 384.9894 444.6954 -52.1161 0.0000 0.0000
4850.03 18.07.2018 13.50.01 27.93783 297.6336 120.1139 0.3264 -5.3623 7.5850 222.1141 119.0909 385.7288 443.6955 -52.4994 0.0000 0.0000
4860.03 18.07.2018 14.00.01 27.99313 297.9481 113.0174 0.3071 -5.2370 7.3921 214.8229 115.3587 386.0077 442.5285 -53.6627 0.0000 0.0000
4870.03 18.07.2018 14.10.01 28.04583 297.7814 30.1800 0.0820 -5.1055 6.9167 197.9478 106.3769 384.6358 440.7752 -49.4729 0.0000 0.0000
4880.03 18.07.2018 14.20.01 28.07412 297.5347 -37.7684 -0.1026 -4.8789 6.3683 179.4769 96.4926 382.9418 438.3254 -45.4704 0.0000 0.0000
4890.03 18.07.2018 14.30.01 28.08166 297.2857 -82.4783 -0.2241 -4.5831 5.8120 161.6465 86.9987 381.0812 435.7134 -41.5340 0.0000 0.0000
4900.03 18.07.2018 14.40.01 28.07491 297.1305 -115.0871 -0.3127 -4.2493 5.2488 141.7436 76.2972 379.1465 432.9101 -35.9726 0.0000 0.0000
4910.03 18.07.2018 14.50.01 28.05743 296.9829 -137.5867 -0.3739 -3.8913 4.6899 121.1629 65.1857 376.9118 429.6427 -30.8508 0.0000 0.0000
4920.03 18.07.2018 15.00.01 28.03198 296.7864 -157.6548 -0.4284 -3.5257 4.1298 100.2331 53.8645 374.3881 425.6063 -27.5375 0.0000 0.0000
4930.03 18.07.2018 15.10.01 27.99944 296.6003 -107.4005 -0.2918 -3.1634 3.8288 94.0203 50.4732 371.2883 422.6524 -25.3362 0.0000 0.0000
4940.03 18.07.2018 15.20.01 27.98000 296.3703 -51.0457 -0.1387 -2.8884 3.6663 90.1869 48.4049 368.3462 419.6198 -25.8999 0.0000 0.0000
4950.03 18.07.2018 15.30.01 27.97433 296.1682 -24.8618 -0.0676 -2.7124 3.5265 86.7726 46.5711 365.4724 416.6551 -26.3301 0.0000 0.0000
4960.03 18.07.2018 15.40.01 27.97439 296.0334 -17.3774 -0.0472 -2.5905 3.3910 83.4347 44.7798 362.6772 414.0242 -25.3830 0.0000 0.0000
4970.03 18.07.2018 15.50.01 27.97534 295.8898 -19.3253 -0.0525 -2.4947 3.2563 80.1104 42.9961 359.8573 411.4557 -24.4605 0.0000 0.0000
4980.03 18.07.2018 16.00.01 27.97445 295.7035 -26.2610 -0.0714 -2.4127 3.1218 76.8127 41.2270 356.9961 408.8918 -23.6474 0.0000 0.0000
4990.03 18.07.2018 16.10.01 27.97051 295.8829 -20.0368 -0.0544 -2.3350 3.0407 88.0347 47.4340 356.7251 408.7608 -21.1689 0.0000 0.0000
5000.03 18.07.2018 16.20.01 27.96823 296.0949 9.5392 0.0259 -2.2664 3.0564 101.0710 54.6565 357.0411 409.5546 -19.9818 0.0000 0.0000
5010.03 18.07.2018 16.30.01 27.97421 296.3145 28.9000 0.0785 -2.2368 3.0872 114.4908 62.0975 357.6205 410.8427 -19.5436 0.0000 0.0000
5020.03 18.07.2018 16.40.01 27.98571 296.5510 38.1444 0.1037 -2.2335 3.1162 131.8166 71.7324 358.3568 412.9081 -19.8396 0.0000 0.0000
5030.03 18.07.2018 16.50.01 27.99975 296.7916 45.9845 0.1250 -2.2425 3.1565 149.9319 81.8325 359.2451 415.4810 -20.8448 0.0000 0.0000
5040.03 18.07.2018 17.00.01 28.01583 297.0305 49.3696 0.1342 -2.2629 3.1961 168.4826 92.1964 360.2197 418.4254 -22.4614 0.0000 0.0000
5050.03 18.07.2018 17.10.01 28.03262 296.7765 32.6581 0.0887 -2.2910 3.1729 160.4813 87.8963 360.0491 417.8808 -26.6490 0.0000 0.0000
5060.03 18.07.2018 17.20.01 28.04385 296.4571 -24.1604 -0.0657 -2.3057 2.9867 149.3241 81.8258 359.0534 416.0827 -29.6798 0.0000 0.0000
5070.03 18.07.2018 17.30.01 28.03823 296.1207 -66.3318 -0.1802 -2.2583 2.7708 137.3150 75.2666 357.7556 413.7294 -31.9197 0.0000 0.0000
5080.03 18.07.2018 17.40.01 28.01953 295.7916 -92.9195 -0.2525 -2.1721 2.5595 122.3352 67.0446 356.3142 410.8787 -32.7482 0.0000 0.0000
5090.03 18.07.2018 17.50.01 27.99191 295.4545 -116.3757 -0.3162 -2.0691 2.3371 106.8553 58.5310 354.7616 407.7199 -32.6479 0.0000 0.0000
5100.03 18.07.2018 18.00.01 27.95629 295.1123 -134.9479 -0.3667 -1.9531 2.1151 91.1088 49.8567 353.1632 404.3869 -31.6588 0.0000 0.0000
5110.03 18.07.2018 18.10.01 27.91396 294.7660 -167.3135 -0.4547 -1.8291 1.8326 79.4401 43.4876 351.0775 401.5999 -28.6144 0.0000 0.0000
5120.03 18.07.2018 18.20.01 27.86151 294.4155 -187.7407 -0.5102 -1.6775 1.5564 67.7774 37.1172 349.0305 398.7885 -25.7138 0.0000 0.0000
5130.03 18.07.2018 18.30.01 27.80206 294.0644 -201.6971 -0.5481 -1.5150 1.2892 56.1806 30.7800 346.9819 395.9337 -22.8834 0.0000 0.0000
5140.03 18.07.2018 18.40.01 27.73736 293.7146 -214.4710 -0.5828 -1.3501 1.0230 41.2580 22.5836 344.9379 392.7953 -19.5076 0.0000 0.0000
5150.03 18.07.2018 18.50.01 27.66784 293.3624 -230.2504 -0.6257 -1.1846 0.7452 26.0323 14.2141 342.8458 389.4901 -16.0798 0.0000 0.0000
5160.03 18.07.2018 19.00.01 27.59268 293.0084 -244.3413 -0.6640 -1.0149 0.4678 10.7749 5.8244 340.7409 386.0715 -12.7058 0.0000 0.0000
5170.03 18.07.2018 19.10.01 27.51251 292.7554 -219.0105 -0.5951 -0.8418 0.3288 7.8846 4.2431 340.5947 383.9722 -10.5648 0.0000 0.0000
5180.03 18.07.2018 19.20.01 27.43862 292.5187 -191.5558 -0.5205 -0.7122 0.2555 6.1698 3.3175 340.7483 382.3140 -9.3094 0.0000 0.0000
5190.03 18.07.2018 19.30.01 27.37182 292.2824 -177.0040 -0.4810 -0.6264 0.1939 4.6661 2.5097 340.9943 380.8357 -8.4991 0.0000 0.0000
5200.03 18.07.2018 19.40.01 27.30856 292.0459 -171.5110 -0.4661 -0.5668 0.1344 3.2004 1.7231 341.2907 379.4835 -7.9789 0.0000 0.0000
5210.03 18.07.2018 19.50.01 27.24627 291.8034 -171.2044 -0.4652 -0.5217 0.0752 1.7415 0.9403 341.6243 378.2163 -7.7212 0.0000 0.0000
5220.03 18.07.2018 20.00.01 27.18350 291.5380 -174.0607 -0.4730 -0.4852 0.0163 0.2859 0.1593 341.9740 376.9750 -7.8349 0.0000 0.0000
5230.03 18.07.2018 20.10.01 27.11920 291.4594 -166.4708 -0.4524 -0.4545 0.0028 0.0509 0.0284 343.6336 376.2938 -7.4582 0.0000 0.0000
5240.03 18.07.2018 20.20.01 27.05667 291.3908 -161.0698 -0.4377 -0.4381 0.0005 0.0092 0.0051 345.4266 375.8187 -7.3285 0.0000 0.0000
5250.03 18.07.2018 20.30.01 26.99539 291.3194 -158.6711 -0.4312 -0.4312 0.0001 0.0017 0.0009 347.2781 375.4616 -7.4117 0.0000 0.0000
5260.03 18.07.2018 20.40.01 26.93475 291.2423 -158.6169 -0.4310 -0.4310 0.0000 0.0003 0.0002 349.1794 375.2101 -7.6448 0.0000 0.0000
5270.03 18.07.2018 20.50.01 26.87359 291.1592 -158.7052 -0.4313 -0.4313 0.0000 0.0001 0.0000 351.1109 375.0355 -8.0429 0.0000 0.0000
5280.03 18.07.2018 21.00.01 26.81228 291.0733 -159.6343 -0.4338 -0.4338 0.0000 0.0000 0.0000 353.0647 374.9272 -8.5724 0.0000 0.0000
5290.03 18.07.2018 21.10.01 26.75070 290.9990 -161.2652 -0.4382 -0.4382 0.0000 0.0000 0.0000 352.8653 374.6290 -8.6261 0.0000 0.0000
5300.03 18.07.2018 21.20.01 26.68820 290.9194 -164.2764 -0.4464 -0.4464 0.0000 0.0000 0.0000 352.5691 374.2769 -8.6029 0.0000 0.0000
5310.03 18.07.2018 21.30.01 26.62435 290.8394 -168.5131 -0.4579 -0.4579 0.0000 0.0000 0.0000 352.2634 373.9143 -8.5598 0.0000 0.0000
5320.03 18.07.2018 21.40.01 26.55886 290.7590 -172.9225 -0.4699 -0.4699 0.0000 0.0000 0.0000 351.9544 373.5453 -8.5034 0.0000 0.0000
5330.03 18.07.2018 21.50.01 26.49163 290.6794 -176.8785 -0.4806 -0.4806 0.0000 0.0000 0.0000 351.6450 373.1738 -8.4334 0.0000 0.0000
5340.03 18.07.2018 22.00.01 26.42297 290.6000 -180.5210 -0.4905 -0.4905 0.0000 0.0000 0.0000 351.3379 372.8017 -8.3558 0.0000 0.0000
5350.03 18.07.2018 22.10.01 26.35296 290.5362 -183.7340 -0.4993 -0.4993 0.0000 0.0000 0.0000 350.4793 372.3655 -8.1292 0.0000 0.0000
5360.03 18.07.2018 22.20.01 26.28182 290.4706 -186.9803 -0.5081 -0.5081 0.0000 0.0000 0.0000 349.5921 371.8993 -7.8793 0.0000 0.0000
5370.03 18.07.2018 22.30.01 26.20941 290.4047 -189.9840 -0.5163 -0.5163 0.0000 0.0000 0.0000 348.6983 371.4207 -7.6020 0.0000 0.0000
5380.03 18.07.2018 22.40.01 26.13586 290.3380 -192.6133 -0.5234 -0.5234 0.0000 0.0000 0.0000 347.8031 370.9303 -7.3170 0.0000 0.0000
5390.03 18.07.2018 22.50.01 26.06136 290.2711 -194.9741 -0.5298 -0.5298 0.0000 0.0000 0.0000 346.9069 370.4325 -7.0162 0.0000 0.0000
5400.03 18.07.2018 23.00.01 25.98605 290.2041 -197.0699 -0.5355 -0.5355 0.0000 0.0000 0.0000 346.0101 369.9264 -6.7144 0.0000 0.0000
5410.03 18.07.2018 23.10.01 25.91000 290.0334 -199.2443 -0.5414 -0.5414 0.0000 0.0000 0.0000 344.9378 369.2613 -6.9102 0.0000 0.0000
5420.03 18.07.2018 23.20.01 25.83309 289.8581 -201.5815 -0.5478 -0.5478 0.0000 0.0000 0.0000 343.8380 368.5739 -7.0104 0.0000 0.0000
5430.03 18.07.2018 23.30.01 25.75527 289.6808 -203.9604 -0.5542 -0.5542 0.0000 0.0000 0.0000 342.7272 367.8638 -7.0764 0.0000 0.0000
5440.03 18.07.2018 23.40.01 25.67654 289.4977 -206.0771 -0.5600 -0.5600 0.0000 0.0000 0.0000 341.6045 367.1146 -7.2165 0.0000 0.0000
5450.03 18.07.2018 23.50.01 25.59692 289.3159 -207.9005 -0.5649 -0.5649 0.0000 0.0000 0.0000 340.4816 366.3719 -7.2346 0.0000 0.0000
5460.03 19.07.2018 00.00.01 25.51666 289.1334 -209.5873 -0.5695 -0.5695 0.0000 0.0000 0.0000 339.3591 365.6180 -7.2302 0.0000 0.0000
5470.03 19.07.2018 00.10.01 25.43582 288.9417 -211.3349 -0.5743 -0.5743 0.0000 0.0000 0.0000 338.4844 364.8658 -7.3813 0.0000 0.0000
5480.03 19.07.2018 00.20.01 25.35433 288.7658 -212.9281 -0.5786 -0.5786 0.0000 0.0000 0.0000 337.6312 364.1373 -7.4598 0.0000 0.0000
5490.03 19.07.2018 00.30.01 25.27215 288.5742 -214.0512 -0.5817 -0.5817 0.0000 0.0000 0.0000 336.7734 363.3911 -7.5840 0.0000 0.0000
5500.03 19.07.2018 00.40.01 25.18975 288.3785 -215.5116 -0.5856 -0.5856 0.0000 0.0000 0.0000 335.9104 362.6385 -7.7119 0.0000 0.0000
5510.03 19.07.2018 00.50.01 25.10659 288.1774 -216.2087 -0.5875 -0.5875 0.0000 0.0000 0.0000 335.0413 361.8781 -7.8487 0.0000 0.0000
5520.03 19.07.2018 01.00.01 25.02328 287.9694 -217.3251 -0.5906 -0.5906 0.0000 0.0000 0.0000 334.1718 361.1078 -8.0022 0.0000 0.0000
5530.03 19.07.2018 01.10.01 24.93966 287.8696 -218.2434 -0.5931 -0.5931 0.0000 0.0000 0.0000 333.9990 360.5707 -7.7055 0.0000 0.0000
5540.03 19.07.2018 01.20.01 24.85574 287.7525 -218.2277 -0.5930 -0.5930 0.0000 0.0000 0.0000 333.8800 360.0649 -7.5625 0.0000 0.0000
5550.03 19.07.2018 01.30.01 24.77212 287.6021 -218.2065 -0.5930 -0.5930 0.0000 0.0000 0.0000 333.7696 359.5473 -7.6035 0.0000 0.0000
5560.03 19.07.2018 01.40.01 24.68871 287.4673 -218.1158 -0.5927 -0.5927 0.0000 0.0000 0.0000 333.6655 359.0684 -7.5826 0.0000 0.0000
5570.03 19.07.2018 01.50.01 24.60537 287.4129 -217.5842 -0.5913 -0.5913 0.0000 0.0000 0.0000 333.5805 358.7039 -7.2283 0.0000 0.0000
5580.03 19.07.2018 02.00.01 24.52206 287.3489 -215.8563 -0.5866 -0.5866 0.0000 0.0003 0.0002 333.5218 358.3604 -6.9773 0.0000 0.0000
5590.03 19.07.2018 02.10.01 24.43963 287.3306 -213.8362 -0.5811 -0.5864 0.0071 0.1916 0.1021 332.8765 357.9018 -7.0294 0.0000 0.0000
5600.03 19.07.2018 02.20.01 24.35717 287.3415 -213.4619 -0.5801 -0.5921 0.0160 0.4131 0.2208 332.1840 357.4194 -7.0048 0.0000 0.0000
5610.03 19.07.2018 02.30.01 24.27444 287.1999 -214.5021 -0.5829 -0.6018 0.0252 0.6399 0.3424 331.4386 356.7680 -7.5767 0.0000 0.0000
5620.03 19.07.2018 02.40.01 24.19116 287.0375 -216.3819 -0.5880 -0.6138 0.0344 0.8678 0.4647 330.6769 356.0945 -8.0668 0.0000 0.0000
5630.03 19.07.2018 02.50.01 24.10726 286.8797 -218.0353 -0.5925 -0.6252 0.0437 1.0957 0.5870 329.8627 355.3901 -8.5264 0.0000 0.0000
5640.03 19.07.2018 03.00.01 24.02264 286.7476 -219.3875 -0.5962 -0.6360 0.0531 1.3291 0.7122 329.0370 354.7076 -8.8036 0.0000 0.0000
5650.03 19.07.2018 03.10.01 23.93792 286.7703 -187.7332 -0.5101 -0.6460 0.1811 4.7422 2.5311 328.6138 354.5938 -8.3767 0.0000 0.0000
5660.03 19.07.2018 03.20.01 23.86218 286.8062 -162.6117 -0.4419 -0.6956 0.3383 8.6587 4.6300 328.3598 354.6782 -8.2045 0.0000 0.0000
5670.03 19.07.2018 03.30.01 23.79370 286.8520 -146.8768 -0.3991 -0.7743 0.5002 12.6642 6.7787 328.1781 354.8720 -8.1387 0.0000 0.0000
5680.03 19.07.2018 03.40.01 23.73007 286.9050 -136.5327 -0.3710 -0.8683 0.6631 16.6858 8.9364 328.0385 355.1565 -8.1154 0.0000 0.0000
5690.03 19.07.2018 03.50.01 23.66979 286.9619 -128.8747 -0.3502 -0.9698 0.8261 20.7103 11.0957 327.9276 355.5085 -8.1607 0.0000 0.0000
5700.03 19.07.2018 04.00.01 23.61215 287.0196 -122.7199 -0.3335 -1.0755 0.9894 24.7407 13.2582 327.8371 355.9147 -8.2741 0.0000 0.0000
5710.03 19.07.2018 04.10.01 23.55703 287.3694 -83.3838 -0.2266 -1.1814 1.2731 32.0008 17.1410 328.3935 357.0617 -7.3859 0.0000 0.0000
5720.03 19.07.2018 04.20.01 23.51382 287.7295 -50.5386 -0.1373 -1.3271 1.5864 39.7722 21.3082 329.1576 358.4882 -6.8271 0.0000 0.0000
5730.03 19.07.2018 04.30.01 23.48092 288.0954 -26.8517 -0.0730 -1.5014 1.9046 47.6339 25.5259 330.0224 360.0850 -6.4719 0.0000 0.0000
5740.03 19.07.2018 04.40.01 23.45587 288.4637 -8.6907 -0.0236 -1.6914 2.2237 55.5120 29.7527 330.9498 361.8179 -6.2758 0.0000 0.0000
5750.03 19.07.2018 04.50.01 23.43713 288.8344 6.3626 0.0173 -1.8900 2.5430 70.7381 37.7767 331.9284 363.9443 -6.5679 0.0000 0.0000
5760.03 19.07.2018 05.00.01 23.42388 289.2112 28.9349 0.0786 -2.0930 2.8955 80.4018 42.9236 333.1420 366.2353 -7.0477 0.0000 0.0000
5770.03 19.07.2018 05.10.01 23.41815 289.6037 40.7710 0.1108 -2.3101 3.2278 114.7550 60.6075 334.3104 369.3246 -8.0875 0.0000 0.0000
5780.03 19.07.2018 05.20.01 23.41723 290.0055 88.7727 0.2412 -2.5261 3.6897 152.2411 80.0733 336.3052 373.8999 -10.6470 0.0000 0.0000
5790.03 19.07.2018 05.30.01 23.43118 290.4374 131.6994 0.3579 -2.7880 4.1945 205.4030 108.9182 338.6515 381.4117 -16.0967 0.0000 0.0000
5800.03 19.07.2018 05.40.01 23.45889 290.8947 170.4934 0.4633 -3.0844 4.7303 201.3472 106.9508 341.3471 386.0781 -17.9761 0.0000 0.0000
5810.03 19.07.2018 05.50.01 23.49890 291.2956 134.7998 0.3663 -3.4072 5.0313 194.3978 103.4242 342.7386 389.1928 -18.5231 0.0000 0.0000
5820.03 19.07.2018 06.00.01 23.53076 291.7161 109.4572 0.2974 -3.6596 5.2760 186.7157 99.4969 343.8172 391.7146 -18.4098 0.0000 0.0000
5830.03 19.07.2018 06.10.01 23.55673 291.9772 53.5443 0.1455 -3.8609 5.3419 203.2468 108.0846 345.1346 395.1199 -17.2024 0.0000 0.0000
5840.03 19.07.2018 06.20.01 23.56851 292.1419 63.4158 0.1723 -3.9740 5.5284 221.6312 117.6933 347.1575 398.8341 -20.5100 0.0000 0.0000
5850.03 19.07.2018 06.30.01 23.58410 292.4750 83.4440 0.2268 -4.0861 5.7504 239.7829 127.1365 348.9509 401.8033 -27.7279 0.0000 0.0000
5860.03 19.07.2018 06.40.01 23.61886 293.0063 2010.0225 5.4620 -4.2068 12.8917 269.4348 138.8522 351.4401 407.9991 -26.0195 0.0000 0.0000
5870.03 19.07.2018 06.50.01 24.17721 293.5589 1195.5874 3.2489 -6.8874 13.5150 281.9140 145.1818 353.5586 412.7285 -25.6579 0.0000 0.0000
5880.03 19.07.2018 07.00.01 24.52175 294.1656 823.7463 2.2384 -8.3354 14.0985 294.2011 151.4273 355.6716 417.5949 -27.2048 0.0000 0.0000
5890.03 19.07.2018 07.10.01 24.76751 294.0422 504.5108 1.3710 -9.2221 14.1240 297.2045 153.2656 357.4304 420.8819 -31.2637 0.0000 0.0000
5900.03 19.07.2018 07.20.01 24.92681 294.0280 337.3669 0.9168 -9.6576 14.0991 299.4012 154.6580 358.4919 421.8113 -43.4970 0.0000 0.0000
5910.03 19.07.2018 07.30.01 25.04025 294.1322 249.1147 0.6769 -9.8597 14.0488 320.0372 167.1329 359.1383 424.6493 -57.9352 0.0000 0.0000
5920.03 19.07.2018 07.40.01 25.12957 294.4878 226.2851 0.6149 -9.9396 14.0727 322.7264 168.7081 361.7132 431.3350 -39.9353 0.0000 0.0000
5930.03 19.07.2018 07.50.01 25.21319 294.9820 210.2767 0.5714 -9.9776 14.0654 324.8585 169.9726 362.8419 431.9242 -53.1602 0.0000 0.0000
5940.03 19.07.2018 08.00.01 25.29373 295.1040 202.9186 0.5514 -9.9793 14.0410 327.9228 171.8081 362.6470 430.0440 -71.5799 0.0000 0.0000
5950.03 19.07.2018 08.10.01 25.37335 295.3057 324.8621 0.8828 -9.9682 14.4680 340.1088 178.0784 363.1822 431.4891 -72.7575 0.0000 0.0000
5960.03 19.07.2018 08.20.01 25.49859 295.5191 2221.4448 6.0365 -10.1176 21.5388 371.2989 190.7387 364.2356 434.5728 -76.9549 0.0000 0.0000
5970.03 19.07.2018 08.30.01 26.13867 295.7545 1414.5852 3.8440 -12.7951 22.1854 385.0115 197.7596 365.4938 436.9802 -79.6240 0.0000 0.0000
5980.03 19.07.2018 08.40.01 26.56530 295.9773 984.7606 2.6760 -14.2671 22.5907 395.9245 203.4087 366.7291 439.2645 -82.5028 0.0000 0.0000
5990.03 19.07.2018 08.50.01 26.87704 296.2067 764.5699 2.0776 -15.1094 22.9160 425.3728 220.2393 367.9785 443.8658 -89.6079 0.0000 0.0000
6000.03 19.07.2018 09.00.01 27.12966 296.4566 646.5113 1.7568 -15.6318 23.1849 435.7642 225.6795 369.3822 446.4498 -92.8717 0.0000 0.0000
6010.03 19.07.2018 09.10.01 27.34908 296.6981 373.3919 1.0147 -15.9843 22.6652 434.5706 225.4100 371.1041 449.0011 -92.2778 0.0000 0.0000
6020.03 19.07.2018 09.20.01 27.50411 296.9391 1916.9182 5.2090 -15.9641 28.2308 457.2688 234.8845 372.5857 453.3896 -94.2605 0.0000 0.0000
6030.03 19.07.2018 09.30.01 28.07421 297.1847 900.3873 2.4467 -18.0193 27.2880 454.0976 233.7476 374.2665 455.6769 -93.9216 0.0000 0.0000
6040.03 19.07.2018 09.40.01 28.37032 297.4308 426.8967 1.1600 -18.6246 26.3795 451.1864 232.6817 375.9052 458.0706 -92.0517 0.0000 0.0000
6050.03 19.07.2018 09.50.01 28.53637 297.7004 210.2730 0.5714 -18.5818 25.5376 462.9532 240.3725 377.6174 462.3680 -92.9132 0.0000 0.0000
6060.03 19.07.2018 10.00.01 28.64138 297.9510 70.6845 0.1921 -18.2596 24.6022 461.0957 239.9603 379.1582 464.7699 -92.4714 0.0000 0.0000
6070.03 19.07.2018 10.10.01 28.70504 298.0467 -191.4179 -0.5202 -17.7675 22.9964 449.2389 234.6944 382.6589 469.9413 -81.0316 0.0000 0.0000
6080.03 19.07.2018 10.20.01 28.69476 298.0889 -336.9994 -0.9158 -16.9371 21.3618 432.0380 226.2437 385.6519 472.5045 -76.8258 0.0000 0.0000
6090.03 19.07.2018 10.30.01 28.64202 298.1739 -414.4104 -1.1261 -15.9390 19.7506 413.9169 217.2231 386.9530 470.8378 -84.2768 0.0000 0.0000
6100.03 19.07.2018 10.40.01 28.56539 298.2699 -374.6240 -1.0180 -14.8756 18.4768 400.2823 210.5307 388.5015 470.9126 -76.6174 0.0000 0.0000
6110.03 19.07.2018 10.50.01 28.49746 298.4386 -340.8958 -0.9263 -13.8846 17.2777 386.8760 203.9189 389.9108 470.3067 -79.0473 0.0000 0.0000
6120.03 19.07.2018 11.00.01 28.43450 298.5405 -310.0372 -0.8425 -12.9824 16.1866 374.1484 197.6341 390.7702 468.2967 -87.1338 0.0000 0.0000
6130.03 19.07.2018 11.10.01 28.37740 298.6051 -431.3798 -1.1722 -12.1382 14.6213 346.1036 183.2886 392.8796 469.4504 -71.1951 0.0000 0.0000
6140.03 19.07.2018 11.20.01 28.28597 298.5636 -504.3023 -1.3704 -11.1336 13.0176 315.7959 167.6145 394.4209 467.6263 -66.4881 0.0000 0.0000
6150.03 19.07.2018 11.30.01 28.17355 298.4685 -505.4536 -1.3735 -10.0438 11.5604 286.1594 152.2323 395.2682 463.5857 -69.1702 0.0000 0.0000
6160.03 19.07.2018 11.40.01 28.05941 298.3153 -453.9615 -1.2336 -8.9814 10.3304 259.0403 138.1231 396.0103 460.6166 -61.3220 0.0000 0.0000
6170.03 19.07.2018 11.50.01 27.95739 298.6557 -399.3979 -1.0853 -8.0211 9.2477 232.7966 124.4281 395.9182 457.0078 -58.9523 0.0000 0.0000
6180.03 19.07.2018 12.00.01 27.86956 298.7780 -330.4680 -0.8980 -7.1531 8.3401 207.8817 111.3962 395.4500 452.6895 -58.5362 0.0000 0.0000
6190.03 19.07.2018 12.10.01 27.80001 298.6886 -177.6239 -0.4827 -6.4069 7.8990 200.5954 107.4204 393.7431 449.6690 -55.3982 0.0000 0.0000
6200.03 19.07.2018 12.20.01 27.77194 298.6376 -36.0667 -0.0980 -5.8874 7.7193 197.3792 105.6895 392.6654 447.6351 -53.3742 0.0000 0.0000
6210.03 19.07.2018 12.30.01 27.78274 298.6033 51.7904 0.1407 -5.5667 7.6099 195.2171 104.5380 391.9041 446.0212 -51.7695 0.0000 0.0000
6220.03 19.07.2018 12.40.01 27.81808 298.5769 97.2515 0.2643 -5.3658 7.5067 193.2170 103.4765 391.2576 444.6350 -50.3913 0.0000 0.0000
6230.03 19.07.2018 12.50.01 27.86620 298.5521 120.0839 0.3263 -5.2253 7.4021 191.2892 102.4594 390.6643 443.4275 -49.1561 0.0000 0.0000
6240.03 19.07.2018 13.00.01 27.92074 298.5316 133.5544 0.3629 -5.1160 7.3052 189.4655 101.4974 390.1138 442.3527 -48.1131 0.0000 0.0000
6250.03 19.07.2018 13.10.01 27.97921 298.5228 182.4300 0.4957 -5.0270 7.3636 203.1963 108.6606 387.5818 441.3516 -50.7141 0.0000 0.0000
6260.03 19.07.2018 13.20.01 28.05157 298.5590 262.9504 0.7145 -5.0097 7.6323 221.5039 118.4113 385.5023 441.3819 -54.6029 0.0000 0.0000
6270.03 19.07.2018 13.30.01 28.14611 298.5888 314.4519 0.8545 -5.1046 7.9455 241.1631 128.9394 383.6371 441.8371 -59.2780 0.0000 0.0000
6280.03 19.07.2018 13.40.01 28.25497 298.6490 339.8814 0.9236 -5.2683 8.2559 262.3623 140.3485 382.0149 442.8993 -63.8870 0.0000 0.0000
6290.03 19.07.2018 13.50.01 28.37124 298.7269 358.0462 0.9730 -5.4630 8.5812 284.2575 152.1639 380.5652 444.2852 -69.1338 0.0000 0.0000
6300.03 19.07.2018 14.00.01 28.49273 298.8051 354.4764 0.9633 -5.6782 8.8553 310.4957 166.6268 379.1074 446.3709 -75.7310 0.0000 0.0000
6310.03 19.07.2018 14.10.01 28.61306 298.7527 306.6161 0.8332 -5.8864 8.9594 304.5877 163.7349 379.5127 446.9097 -77.5378 0.0000 0.0000
6320.03 19.07.2018 14.20.01 28.71942 298.6794 179.9327 0.4889 -6.0266 8.6874 291.8905 157.0534 378.9854 446.0183 -77.1517 0.0000 0.0000
6330.03 19.07.2018 14.30.01 28.78979 298.5951 98.2453 0.2670 -6.0005 8.3567 281.9126 152.0476 377.9838 445.1571 -76.4711 0.0000 0.0000
6340.03 19.07.2018 14.40.01 28.83639 298.4934 43.6607 0.1186 -5.8794 7.9974 267.2627 144.2931 376.7660 443.6699 -73.5874 0.0000 0.0000
6350.03 19.07.2018 14.50.01 28.86636 298.3793 19.0172 0.0517 -5.7036 7.6737 251.1526 135.6356 375.4953 441.7308 -70.2723 0.0000 0.0000
6360.03 19.07.2018 15.00.01 28.88787 298.2592 -7.3764 -0.0200 -5.5136 7.3248 234.0516 126.4024 374.1364 439.4592 -66.5402 0.0000 0.0000
6370.03 19.07.2018 15.10.01 28.90057 298.0752 -31.5236 -0.0857 -5.3096 6.9653 221.0620 119.4109 372.9487 437.3527 -63.2399 0.0000 0.0000
6380.03 19.07.2018 15.20.01 28.90579 297.8948 -30.3578 -0.0825 -5.0875 6.6733 208.4184 112.5762 371.8799 435.2202 -60.0658 0.0000 0.0000
6390.03 19.07.2018 15.30.01 28.91003 297.7140 -32.5233 -0.0884 -4.8823 6.3919 195.6684 105.6697 370.8493 432.9906 -57.0134 0.0000 0.0000
6400.03 19.07.2018 15.40.01 28.91256 297.5301 -41.8791 -0.1138 -4.6881 6.0990 181.5475 97.9977 369.7929 430.5520 -53.8420 0.0000 0.0000
6410.03 19.07.2018 15.50.01 28.91146 297.3429 -48.6681 -0.1323 -4.4945 5.8164 167.3854 90.2934 368.7211 427.9902 -50.7198 0.0000 0.0000
6420.03 19.07.2018 16.00.01 28.90740 297.1532 -55.1231 -0.1498 -4.3053 5.5407 153.1965 82.5664 367.6424 425.3332 -47.6061 0.0000 0.0000
6430.03 19.07.2018 16.10.01 28.90060 297.0282 -58.9060 -0.1601 -4.1205 5.2805 154.1460 83.1530 365.9490 423.5672 -46.5415 0.0000 0.0000
6440.03 19.07.2018 16.20.01 28.89193 296.9197 -35.8254 -0.0974 -3.9436 5.1283 157.0136 84.8090 364.4631 422.1950 -46.8187 0.0000 0.0000
6450.03 19.07.2018 16.30.01 28.88870 296.8176 -23.6979 -0.0644 -3.8102 4.9944 160.2481 86.6712 363.1139 421.0475 -47.3618 0.0000 0.0000
6460.03 19.07.2018 16.40.01 28.88790 296.7207 -21.6493 -0.0588 -3.7036 4.8596 165.7001 89.7855 361.7903 420.3338 -47.6489 0.0000 0.0000
6470.03 19.07.2018 16.50.01 28.88693 296.6261 -22.9768 -0.0624 -3.6098 4.7298 171.5944 93.1614 360.5260 419.6925 -48.9823 0.0000 0.0000
6480.03 19.07.2018 17.00.01 28.88476 296.5323 -27.2791 -0.0741 -3.5242 4.6001 177.7022 96.6668 359.3005 419.1873 -50.5678 0.0000 0.0000
6490.03 19.07.2018 17.10.01 28.88021 296.3036 -89.0107 -0.2419 -3.4449 4.2707 164.7713 89.7438 358.0187 417.1832 -50.1105 0.0000 0.0000
6500.03 19.07.2018 17.20.01 28.85714 296.0483 -162.3602 -0.4412 -3.2987 3.8100 149.3513 81.4266 356.3655 414.6291 -47.8566 0.0000 0.0000
6510.03 19.07.2018 17.30.01 28.81210 295.7914 -213.1044 -0.5791 -3.0730 3.3252 133.2845 72.7395 354.5960 411.8633 -44.8142 0.0000 0.0000
6520.03 19.07.2018 17.40.01 28.75137 295.5427 -245.9006 -0.6682 -2.8005 2.8431 115.3279 62.9943 352.8491 409.2250 -39.3456 0.0000 0.0000
6530.03 19.07.2018 17.50.01 28.67986 295.2907 -271.8278 -0.7387 -2.5037 2.3534 97.0384 53.0551 351.0584 406.3469 -34.1234 0.0000 0.0000
6540.03 19.07.2018 18.00.01 28.59960 295.0337 -291.8872 -0.7932 -2.1922 1.8654 78.5911 43.0194 349.2329 403.2695 -29.0779 0.0000 0.0000
6550.03 19.07.2018 18.10.01 28.51245 294.6850 -257.2796 -0.6991 -1.8750 1.5678 67.6976 37.0626 347.7369 400.3959 -26.3556 0.0000 0.0000
6560.03 19.07.2018 18.20.01 28.43319 294.3432 -233.1854 -0.6337 -1.6268 1.3242 57.6402 31.5668 346.3837 397.6684 -23.9937 0.0000 0.0000
6570.03 19.07.2018 18.30.01 28.35912 294.0030 -223.4230 -0.6071 -1.4291 1.0959 47.7821 26.1792 345.0627 394.9709 -21.7078 0.0000 0.0000
6580.03 19.07.2018 18.40.01 28.28649 293.6626 -223.4108 -0.6071 -1.2602 0.8708 35.1153 19.2215 343.7551 392.0541 -19.0720 0.0000 0.0000
6590.03 19.07.2018 18.50.01 28.21270 293.3194 -231.9362 -0.6303 -1.1065 0.6350 22.1768 12.1088 342.4156 389.0480 -16.2873 0.0000 0.0000
6600.03 19.07.2018 19.00.01 28.13537 292.9755 -241.5134 -0.6563 -0.9563 0.4000 9.2171 4.9821 341.0692 385.9952 -13.4796 0.0000 0.0000
6610.03 19.07.2018 19.10.01 28.05438 292.6004 -220.0369 -0.5979 -0.8092 0.2817 6.7550 3.6351 339.5714 383.5978 -12.4496 0.0000 0.0000
6620.03 19.07.2018 19.20.01 27.97799 292.2348 -200.2450 -0.5441 -0.7084 0.2190 5.2879 2.8432 338.2154 381.4869 -11.9018 0.0000 0.0000
6630.03 19.07.2018 19.30.01 27.90588 291.8711 -193.1350 -0.5248 -0.6495 0.1662 3.9995 2.1511 336.9112 379.4937 -11.5563 0.0000 0.0000
6640.03 19.07.2018 19.40.01 27.83462 291.5089 -194.0717 -0.5274 -0.6137 0.1152 2.7432 1.4769 335.6316 377.5845 -11.3312 0.0000 0.0000
6650.03 19.07.2018 19.50.01 27.76208 291.1474 -199.2638 -0.5415 -0.5898 0.0645 1.4927 0.8060 334.3678 375.7368 -11.2122 0.0000 0.0000
6660.03 19.07.2018 20.00.01 27.68713 290.7867 -206.6603 -0.5616 -0.5720 0.0139 0.2450 0.1365 333.1173 373.9396 -11.1709 0.0000 0.0000
6670.03 19.07.2018 20.10.01 27.60925 290.6129 -203.7765 -0.5537 -0.5555 0.0024 0.0436 0.0244 332.3122 372.6399 -10.0493 0.0000 0.0000
6680.03 19.07.2018 20.20.01 27.53149 290.4438 -202.0328 -0.5490 -0.5493 0.0004 0.0079 0.0044 331.6053 371.4764 -9.2093 0.0000 0.0000
6690.03 19.07.2018 20.30.01 27.45367 290.2771 -203.2015 -0.5522 -0.5522 0.0001 0.0014 0.0008 330.9437 370.3988 -8.5518 0.0000 0.0000
6700.03 19.07.2018 20.40.01 27.37512 290.1118 -206.4010 -0.5609 -0.5609 0.0000 0.0003 0.0001 330.3105 369.3870 -8.0344 0.0000 0.0000
6710.03 19.07.2018 20.50.01 27.29507 289.9477 -210.5293 -0.5721 -0.5721 0.0000 0.0000 0.0000 329.6995 368.4277 -7.6308 0.0000 0.0000
6720.03 19.07.2018 21.00.01 27.21331 289.7840 -215.2099 -0.5848 -0.5848 0.0000 0.0000 0.0000 329.1068 367.5107 -7.3217 0.0000 0.0000
6730.03 19.07.2018 21.10.01 27.12969 289.5737 -220.4827 -0.5991 -0.5991 0.0000 0.0000 0.0000 328.7383 366.5615 -7.5076 0.0000 0.0000
6740.03 19.07.2018 21.20.01 27.04391 289.3639 -226.2264 -0.6147 -0.6147 0.0000 0.0000 0.0000 328.3795 365.6395 -7.7425 0.0000 0.0000
6750.03 19.07.2018 21.30.01 26.95590 289.1542 -232.1360 -0.6308 -0.6308 0.0000 0.0000 0.0000 328.0258 364.7398 -8.0118 0.0000 0.0000
6760.03 19.07.2018 21.40.01 26.86563 288.9446 -237.7766 -0.6461 -0.6461 0.0000 0.0000 0.0000 327.6783 363.8576 -8.3142 0.0000 0.0000
6770.03 19.07.2018 21.50.01 26.77322 288.7351 -243.1900 -0.6608 -0.6608 0.0000 0.0000 0.0000 327.3356 362.9926 -8.6409 0.0000 0.0000
6780.03 19.07.2018 22.00.01 26.67883 288.5262 -248.3631 -0.6749 -0.6749 0.0000 0.0000 0.0000 326.9971 362.1412 -8.9891 0.0000 0.0000
6790.03 19.07.2018 22.10.01 26.58251 288.3333 -252.9651 -0.6874 -0.6874 0.0000 0.0000 0.0000 325.6732 361.2245 -8.9515 0.0000 0.0000
6800.03 19.07.2018 22.20.01 26.48452 288.1379 -257.3575 -0.6993 -0.6993 0.0000 0.0000 0.0000 324.3152 360.2930 -8.8176 0.0000 0.0000
6810.03 19.07.2018 22.30.01 26.38488 287.9399 -261.5585 -0.7108 -0.7108 0.0000 0.0000 0.0000 322.9493 359.3310 -8.7492 0.0000 0.0000
6820.03 19.07.2018 22.40.01 26.28365 287.7426 -265.5180 -0.7215 -0.7215 0.0000 0.0000 0.0000 321.5938 358.3838 -8.5927 0.0000 0.0000
6830.03 19.07.2018 22.50.01 26.18093 287.5455 -269.1011 -0.7313 -0.7313 0.0000 0.0000 0.0000 320.2424 357.4331 -8.4264 0.0000 0.0000
6840.03 19.07.2018 23.00.01 26.07696 287.3484 -272.6499 -0.7409 -0.7409 0.0000 0.0000 0.0000 318.8902 356.4794 -8.2498 0.0000 0.0000
6850.03 19.07.2018 23.10.01 25.97161 287.1306 -275.8612 -0.7496 -0.7496 0.0000 0.0000 0.0000 318.0299 355.5465 -8.3490 0.0000 0.0000
6860.03 19.07.2018 23.20.01 25.86508 286.9282 -278.8259 -0.7577 -0.7577 0.0000 0.0000 0.0000 317.2031 354.6446 -8.4282 0.0000 0.0000
6870.03 19.07.2018 23.30.01 25.75741 286.7123 -281.7091 -0.7655 -0.7655 0.0000 0.0000 0.0000 316.3715 353.7269 -8.5886 0.0000 0.0000
6880.03 19.07.2018 23.40.01 25.64868 286.4899 -284.6786 -0.7736 -0.7736 0.0000 0.0000 0.0000 315.5216 352.7574 -8.9180 0.0000 0.0000
6890.03 19.07.2018 23.50.01 25.53875 286.2581 -287.7560 -0.7819 -0.7819 0.0000 0.0000 0.0000 314.6609 351.7775 -9.2786 0.0000 0.0000
6900.03 20.07.2018 00.00.01 25.42764 286.0213 -290.6810 -0.7899 -0.7899 0.0000 0.0000 0.0000 313.7953 350.7930 -9.6498 0.0000 0.0000
6910.03 20.07.2018 00.10.01 25.31545 285.8675 -293.1871 -0.7967 -0.7967 0.0000 0.0000 0.0000 312.8302 349.9207 -9.4805 0.0000 0.0000
6920.03 20.07.2018 00.20.01 25.20239 285.7135 -295.4172 -0.8028 -0.8028 0.0000 0.0000 0.0000 311.8677 349.0607 -9.3177 0.0000 0.0000
6930.03 20.07.2018 00.30.01 25.08853 285.5608 -297.4108 -0.8082 -0.8082 0.0000 0.0000 0.0000 310.9077 348.2107 -9.1684 0.0000 0.0000
6940.03 20.07.2018 00.40.01 24.97396 285.4079 -299.4310 -0.8137 -0.8137 0.0000 0.0000 0.0000 309.9507 347.3713 -9.0217 0.0000 0.0000
6950.03 20.07.2018 00.50.01 24.85861 285.2563 -301.1882 -0.8184 -0.8184 0.0000 0.0000 0.0000 308.9963 346.5409 -8.8778 0.0000 0.0000
6960.03 20.07.2018 01.00.01 24.74252 285.1040 -302.7979 -0.8228 -0.8228 0.0000 0.0000 0.0000 308.0443 345.7155 -8.7489 0.0000 0.0000
6970.03 20.07.2018 01.10.01 24.62585 284.9569 -304.3059 -0.8269 -0.8269 0.0000 0.0000 0.0000 307.4571 344.9846 -8.5451 0.0000 0.0000
6980.03 20.07.2018 01.20.01 24.50866 284.8120 -304.5994 -0.8277 -0.8277 0.0000 0.0000 0.0000 306.8972 344.2765 -8.3981 0.0000 0.0000
6990.03 20.07.2018 01.30.01 24.39147 284.6691 -304.7054 -0.8280 -0.8280 0.0000 0.0000 0.0000 306.3506 343.5949 -8.2443 0.0000 0.0000
7000.03 20.07.2018 01.40.01 24.27429 284.5258 -304.6699 -0.8279 -0.8279 0.0000 0.0000 0.0000 305.8099 342.9189 -8.1421 0.0000 0.0000
7010.03 20.07.2018 01.50.01 24.15710 284.3844 -304.6123 -0.8278 -0.8278 0.0000 0.0000 0.0000 305.2797 342.2649 -8.0232 0.0000 0.0000
7020.03 20.07.2018 02.00.01 24.03991 284.2413 -304.5707 -0.8276 -0.8276 0.0000 0.0004 0.0002 304.7556 341.6118 -7.9545 0.0000 0.0000
7030.03 20.07.2018 02.10.01 23.92275 284.1087 -302.6332 -0.8224 -0.8284 0.0081 0.2166 0.1154 304.5904 340.9960 -8.0821 0.0000 0.0000
7040.03 20.07.2018 02.20.01 23.80612 283.9757 -301.7724 -0.8200 -0.8336 0.0181 0.4670 0.2495 304.4516 340.4148 -8.2427 0.0000 0.0000
7050.03 20.07.2018 02.30.01 23.68966 283.8433 -301.5789 -0.8195 -0.8409 0.0285 0.7234 0.3871 304.3200 339.8517 -8.4297 0.0000 0.0000
7060.03 20.07.2018 02.40.01 23.57321 283.7086 -301.6540 -0.8197 -0.8489 0.0389 0.9809 0.5253 304.1894 339.2953 -8.6664 0.0000 0.0000
7070.03 20.07.2018 02.50.01 23.45669 283.5771 -301.7903 -0.8201 -0.8571 0.0494 1.2387 0.6636 304.0640 338.7586 -8.8951 0.0000 0.0000
7080.03 20.07.2018 03.00.01 23.34011 283.4438 -301.9127 -0.8204 -0.8654 0.0600 1.5010 0.8043 303.9371 338.2251 -9.1657 0.0000 0.0000
7090.03 20.07.2018 03.10.01 23.22372 283.4932 -272.8140 -0.7413 -0.8716 0.1737 4.5281 2.4177 303.6542 338.1668 -8.5128 0.0000 0.0000
7100.03 20.07.2018 03.20.01 23.11599 283.5503 -249.1719 -0.6771 -0.9116 0.3127 7.9929 4.2746 303.4904 338.2727 -8.0750 0.0000 0.0000
7110.03 20.07.2018 03.30.01 23.01537 283.6103 -233.2135 -0.6337 -0.9757 0.4560 11.5349 6.1747 303.3834 338.4532 -7.8213 0.0000 0.0000
7120.03 20.07.2018 03.40.01 22.91982 283.6744 -222.0219 -0.6033 -1.0533 0.6000 15.0911 8.0826 303.3158 338.7144 -7.6188 0.0000 0.0000
7130.03 20.07.2018 03.50.01 22.82797 283.7407 -213.3747 -0.5798 -1.1379 0.7442 18.6497 9.9920 303.2756 339.0310 -7.4978 0.0000 0.0000
7140.03 20.07.2018 04.00.01 22.73916 283.8074 -206.3971 -0.5609 -1.2271 0.8883 22.2083 11.9013 303.2547 339.3801 -7.4903 0.0000 0.0000
7150.03 20.07.2018 04.10.01 22.65289 284.1291 -202.3625 -0.5499 -1.3168 1.0226 25.5013 13.6692 303.7439 340.1183 -6.2133 0.0000 0.0000
7160.03 20.07.2018 04.20.01 22.56875 284.4569 -196.1969 -0.5331 -1.3990 1.1544 28.7523 15.4137 304.3126 340.9691 -5.0338 0.0000 0.0000
7170.03 20.07.2018 04.30.01 22.48736 284.7871 -188.2428 -0.5115 -1.4759 1.2859 31.9959 17.1540 304.9191 341.9010 -3.9611 0.0000 0.0000
7180.03 20.07.2018 04.40.01 22.40917 285.1201 -179.7349 -0.4884 -1.5513 1.4172 35.2380 18.8936 305.5542 342.9045 -2.9750 0.0000 0.0000
7190.03 20.07.2018 04.50.01 22.33431 285.4554 -171.0555 -0.4648 -1.6263 1.5486 38.4800 20.6331 306.2147 343.9700 -2.0665 0.0000 0.0000
