# simtime date time IndoorTemp Av_Tair_at_facade Energyflux.toIndoor.sum  Energyflux.toIndoor.average Energyflux.Conduction.average Energyflux.SW.transmission.average Shortwave.availabe Shortwave.absorbed Longwave.available Longwave.emittedFacade Sensible.outside Vapour.fromGreening Vapour.fromSubstrate
10.02 15.07.2018 05.10.00 19.87368 288.3871 48.5653 0.1760 -0.2235 0.5326 494.9551 277.3972 325.0122 413.1626 -59.2617 0.0230 0.0000
20.02 15.07.2018 05.20.00 19.88738 289.2384 92.0556 0.3335 -0.4002 0.9783 887.8413 498.0104 329.8953 465.5668 -105.1168 0.0652 0.0000
30.03 15.07.2018 05.30.01 19.92318 290.1581 136.6456 0.4951 -0.6324 1.5033 1283.5953 720.2214 336.3742 529.4069 -159.8633 0.1466 0.0000
40.03 15.07.2018 05.40.01 19.98266 291.2329 182.5953 0.6616 -0.9275 2.1188 1207.7632 677.2281 345.1263 541.4196 -171.7074 0.2122 0.0000
50.03 15.07.2018 05.50.01 20.06289 291.9424 100.4200 0.3638 -1.2601 2.1653 1114.9899 624.9500 348.6431 544.0308 -175.4748 0.3038 0.0000
60.03 15.07.2018 06.00.01 20.11263 292.4103 57.1930 0.2072 -1.3749 2.1094 1018.1924 570.4192 349.9313 541.7449 -175.6316 0.4127 0.0000
70.03 15.07.2018 06.10.01 20.14825 292.6694 49.2505 0.1784 -1.3567 2.0469 973.6984 545.3306 350.8299 543.0111 -177.2845 0.5327 0.0000
80.03 15.07.2018 06.20.01 20.18508 292.9715 70.1981 0.2543 -1.2771 2.0420 928.5707 519.7713 352.0791 542.7337 -177.4372 0.6576 0.0000
90.03 15.07.2018 06.30.01 20.23541 293.2483 91.3642 0.3310 -1.1900 2.0280 882.7853 493.8317 353.1816 540.8753 -176.4536 0.7891 0.0000
100.03 15.07.2018 06.40.01 20.29980 293.5480 120.4549 0.4364 -1.0934 2.0397 853.0818 476.8891 354.4317 540.1124 -174.7220 0.9270 0.0000
110.03 15.07.2018 06.50.01 20.38146 293.8472 145.7610 0.5281 -1.0040 2.0428 827.7602 462.5888 355.5314 539.3049 -173.5126 1.0762 0.0000
120.03 15.07.2018 07.00.01 20.47860 294.1484 171.8867 0.6228 -0.9176 2.0539 803.8783 449.1398 356.6327 538.0629 -172.3005 1.2385 0.0000
130.03 15.07.2018 07.10.01 20.59100 294.4501 194.3962 0.7043 -0.8403 2.0595 788.0806 440.2123 358.0974 538.0624 -168.1221 1.4063 0.0000
140.03 15.07.2018 07.20.01 20.71682 294.7511 219.8044 0.7964 -0.7706 2.0894 772.2961 431.2549 359.8072 537.8331 -164.4786 1.5726 0.0000
150.03 15.07.2018 07.30.01 20.85659 295.0503 238.3700 0.8637 -0.7192 2.1105 755.5625 421.7415 361.5133 537.2512 -160.9840 1.7383 0.0000
160.03 15.07.2018 07.40.01 21.00723 295.3735 262.3621 0.9506 -0.6778 2.1712 743.8358 414.9907 363.6140 537.2725 -157.4720 1.9039 0.0000
170.03 15.07.2018 07.50.01 21.17022 295.6935 272.9178 0.9888 -0.6612 2.2001 730.6686 407.4241 365.4452 537.0502 -154.0891 2.0733 0.0000
180.03 15.07.2018 08.00.01 21.33956 296.0430 280.1034 1.0149 -0.6463 2.2150 715.9856 398.9706 367.5369 536.4733 -150.6023 2.2496 0.0000
190.03 15.07.2018 08.10.01 21.51339 296.4224 289.1837 1.0478 -0.6321 2.2398 700.6524 390.1467 370.4353 537.2539 -141.6333 2.4810 0.0000
200.03 15.07.2018 08.20.01 21.69216 296.5302 294.3885 1.0666 -0.6259 2.2566 684.5830 380.8937 371.6873 537.0782 -138.3426 2.6996 0.0000
210.03 15.07.2018 08.30.01 21.87405 296.6484 301.6969 1.0931 -0.6243 2.2899 668.5922 371.6619 372.5331 535.3320 -139.7487 2.9541 0.0000
220.03 15.07.2018 08.40.01 22.05914 296.9183 299.4047 1.0848 -0.6303 2.2868 654.2242 363.3293 373.3869 534.8447 -134.1136 3.2333 0.0000
230.03 15.07.2018 08.50.01 22.24383 297.2007 302.0941 1.0945 -0.6293 2.2985 639.8938 354.9960 374.4118 533.9408 -131.5241 3.5402 0.0000
240.03 15.07.2018 09.00.01 22.42977 297.5280 310.6173 1.1254 -0.6326 2.3440 625.7687 346.7338 375.7829 532.6196 -130.8647 3.8734 0.0000
250.03 15.07.2018 09.10.01 22.61941 297.8031 314.3793 1.1391 -0.6552 2.3923 608.0695 336.4424 378.1046 532.0245 -117.2534 4.1935 0.0000
260.03 15.07.2018 09.20.01 22.81066 298.0704 321.1124 1.1635 -0.6875 2.4680 591.3757 326.7085 380.4812 528.5156 -120.5907 4.4735 0.0000
270.03 15.07.2018 09.30.01 23.00448 298.4288 322.7147 1.1693 -0.7362 2.5406 574.2274 316.7098 382.7761 523.4285 -131.0755 4.7166 0.0000
280.03 15.07.2018 09.40.01 23.19875 298.7934 324.3395 1.1751 -0.7911 2.6216 560.2083 308.4424 383.0189 523.4966 -117.5641 4.9813 0.0000
290.03 15.07.2018 09.50.01 23.39361 299.2855 331.9767 1.2028 -0.8529 2.7409 547.7784 301.0635 384.0836 522.9708 -117.4882 5.2908 0.0000
300.03 15.07.2018 10.00.01 23.59106 299.4107 323.5925 1.1724 -0.9348 2.8096 533.1012 292.4192 384.5683 521.0284 -120.5355 5.6546 0.0000
310.03 15.07.2018 10.10.01 23.78408 299.7222 309.5101 1.1214 -1.0064 2.8371 522.1273 285.9218 385.3960 518.9047 -115.3590 6.0529 0.0000
320.03 15.07.2018 10.20.01 23.97003 299.8971 293.6705 1.0640 -1.0587 2.8302 509.5143 278.4976 386.1294 516.3059 -112.4711 6.4675 0.0000
330.03 15.07.2018 10.30.01 24.14791 299.9318 270.6812 0.9807 -1.0893 2.7600 494.5439 269.7596 386.3115 512.9945 -110.7587 6.8961 0.0000
340.03 15.07.2018 10.40.01 24.31524 300.0017 276.3478 1.0013 -1.0876 2.7851 483.8890 263.3954 387.0638 510.4427 -108.9355 7.3337 0.0000
350.03 15.07.2018 10.50.01 24.48342 300.0867 265.6299 0.9624 -1.1068 2.7590 470.9264 255.7314 387.6596 507.4280 -107.3556 8.2112 0.0000
360.03 15.07.2018 11.00.01 24.64599 300.2225 257.3029 0.9323 -1.1163 2.7314 457.3247 247.6868 388.2849 504.4076 -105.6069 9.1319 0.0000
370.03 15.07.2018 11.10.01 24.80383 300.3542 263.7625 0.9557 -1.1205 2.7683 443.5014 239.5545 389.1330 502.4118 -101.6915 10.0815 0.0000
380.03 15.07.2018 11.20.01 24.96301 300.4943 253.0177 0.9167 -1.1551 2.7624 427.9433 230.4528 389.8598 500.1992 -98.0862 11.1551 0.0000
390.03 15.07.2018 11.30.01 25.11639 300.6119 240.1294 0.8700 -1.1822 2.7363 411.7500 221.0019 390.3895 497.7084 -94.9168 12.2535 0.0000
400.03 15.07.2018 11.40.01 25.26296 300.7445 240.1293 0.8700 -1.1967 2.7557 391.1012 208.7329 391.2259 494.3645 -90.7176 13.3790 0.0000
410.03 15.07.2018 11.50.01 25.40804 300.7887 227.2360 0.8233 -1.2258 2.7322 375.6288 199.6398 391.8370 491.5726 -87.8749 14.6863 0.0000
420.03 15.07.2018 12.00.01 25.54635 300.8102 211.5661 0.7665 -1.2428 2.6791 359.3886 190.1356 392.3052 488.4884 -85.2723 16.1269 0.0000
430.03 15.07.2018 12.10.01 25.67669 301.0111 221.9020 0.8040 -1.2461 2.7335 349.3533 184.2789 393.1507 486.3007 -81.6867 17.8707 0.0000
440.03 15.07.2018 12.20.01 25.81036 301.0487 284.9077 1.0323 -1.2917 3.0986 343.2612 180.6104 393.6832 484.3412 -80.6852 19.6352 0.0000
450.03 15.07.2018 12.30.01 25.96990 300.9655 375.4914 1.3605 -1.4819 3.7898 340.4206 178.6265 393.9343 482.4278 -82.5798 21.4237 0.0000
460.03 15.07.2018 12.40.01 26.16622 300.9026 407.5600 1.4767 -1.8691 4.4611 328.4231 170.9565 394.3418 479.2436 -80.5227 23.1983 0.0000
470.03 15.07.2018 12.50.01 26.37521 300.7919 413.3377 1.4976 -2.3305 5.1042 322.8579 167.0234 394.6062 476.8964 -79.9472 24.9197 0.0000
480.03 15.07.2018 13.00.01 26.58572 300.7545 417.7487 1.5136 -2.8113 5.7665 320.1786 164.6739 395.2601 475.0656 -79.6693 26.5813 0.0000
490.03 15.07.2018 13.10.01 26.79733 300.8032 403.8153 1.4631 -3.3088 6.3625 321.0806 164.6590 395.5920 474.8283 -75.5970 28.2335 0.0000
500.03 15.07.2018 13.20.01 27.00216 300.8709 385.6019 1.3971 -3.7837 6.9077 321.4790 164.3787 395.8415 474.7638 -72.4164 29.9072 0.0000
510.03 15.07.2018 13.30.01 27.19845 300.8969 358.4624 1.2988 -4.2286 7.3698 314.9859 160.0726 395.7850 473.8274 -69.0631 31.6000 0.0000
520.03 15.07.2018 13.40.01 27.38247 300.9425 342.9262 1.2425 -4.6286 7.8282 314.7338 159.4612 395.7011 473.6856 -67.2479 33.3032 0.0000
530.03 15.07.2018 13.50.01 27.55880 300.9956 331.3323 1.2005 -5.0084 8.2784 315.0786 159.2105 395.7167 473.7204 -65.9296 35.0151 0.0000
540.03 15.07.2018 14.00.01 27.72900 300.9985 306.5707 1.1108 -5.3747 8.6472 313.3714 157.8590 395.4895 473.5014 -64.8285 36.7321 0.0000
550.03 15.07.2018 14.10.01 27.88708 301.0618 237.1322 0.8592 -5.6996 8.7450 305.9723 154.0552 396.2679 474.0720 -60.5589 38.4162 0.0000
560.03 15.07.2018 14.20.01 28.01467 301.1280 177.3947 0.6427 -5.8934 8.7148 296.1278 149.0009 396.7962 474.3614 -56.1903 40.0150 0.0000
570.03 15.07.2018 14.30.01 28.11556 301.1944 129.9751 0.4709 -5.9795 8.6005 285.3908 143.5468 397.1867 474.4901 -52.1024 41.5123 0.0000
580.03 15.07.2018 14.40.01 28.19457 301.1845 78.6573 0.2850 -5.9842 8.3590 272.2292 136.8930 397.0819 474.2415 -48.3072 42.9209 0.0000
590.03 15.07.2018 14.50.01 28.25021 301.1861 40.4112 0.1464 -5.9027 8.0655 259.3475 130.4947 396.9877 473.8844 -44.8862 44.2503 0.0000
600.03 15.07.2018 15.00.01 28.28781 301.2072 -1.5274 -0.0055 -5.7605 7.6733 245.1047 123.4391 396.8450 473.1866 -41.8214 45.4938 0.0000
610.03 15.07.2018 15.10.01 28.30642 301.2245 27.6584 0.1002 -5.5566 7.5424 234.5797 117.9749 396.9047 471.4047 -43.4671 46.0629 0.0000
620.03 15.07.2018 15.20.01 28.33596 301.3287 43.1268 0.1563 -5.4276 7.4452 226.0466 113.6624 397.6242 469.8375 -44.4951 46.5378 0.0000
630.03 15.07.2018 15.30.01 28.37063 301.0274 40.1580 0.1455 -5.3425 7.3174 218.7376 109.9945 395.2627 467.6986 -46.6670 46.9860 0.0000
640.03 15.07.2018 15.40.01 28.40283 300.7378 18.3364 0.0664 -5.2631 7.1061 211.2126 106.2193 393.0487 465.2475 -47.9980 47.4710 0.0000
650.03 15.07.2018 15.50.01 28.42468 300.5300 3.5826 0.0130 -5.1509 6.8852 204.2928 102.8187 391.5116 462.7837 -49.0632 47.9746 0.0000
660.03 15.07.2018 16.00.01 28.43917 300.3335 -14.6570 -0.0531 -5.0210 6.6239 190.2746 95.8915 389.9995 460.0382 -49.7357 48.4990 0.0000
670.03 15.07.2018 16.10.01 28.44534 300.1417 8.3933 0.0304 -4.8647 6.5268 182.4217 91.6785 388.0569 456.9359 -47.2577 48.9603 0.0000
680.03 15.07.2018 16.20.01 28.45992 299.9581 14.3376 0.0519 -4.7668 6.4250 174.8060 87.6114 386.2308 454.0075 -45.1014 49.3926 0.0000
690.03 15.07.2018 16.30.01 28.47613 299.7914 12.4544 0.0451 -4.6893 6.3126 167.2385 83.5863 384.4267 451.1291 -43.1139 49.7960 0.0000
700.03 15.07.2018 16.40.01 28.48571 299.6132 -492.0865 -1.7829 -4.6154 3.7766 151.5886 77.0298 382.5706 448.1831 -40.8059 50.1705 0.0000
710.03 15.07.2018 16.50.01 28.29113 299.4161 -216.3787 -0.7840 -3.5111 3.6361 143.6148 72.8231 380.4723 445.1159 -38.6622 50.4859 0.0000
720.03 15.07.2018 17.00.01 28.20645 299.2473 -109.5033 -0.3968 -3.0137 3.4892 135.5854 68.5947 378.4686 442.1752 -36.4753 50.7741 0.0000
730.03 15.07.2018 17.10.01 28.16445 299.0080 -65.7400 -0.2382 -2.7521 3.3519 128.9995 65.1851 376.6177 439.4883 -34.4609 51.0454 0.0000
740.03 15.07.2018 17.20.01 28.13961 298.7748 -50.4003 -0.1826 -2.5889 3.2084 115.9019 58.5237 374.8383 436.7248 -32.4734 51.3077 0.0000
750.03 15.07.2018 17.30.01 28.12054 298.5218 -47.1914 -0.1710 -2.4636 3.0569 109.3287 55.1259 372.9213 433.8579 -30.6245 51.5163 0.0000
760.03 15.07.2018 17.40.01 28.10217 298.2974 -52.8016 -0.1913 -2.3505 2.8789 100.0791 50.4174 371.2420 431.1157 -28.7982 51.7152 0.0000
770.03 15.07.2018 17.50.01 28.08099 298.0692 -58.4101 -0.2116 -2.2322 2.6941 92.0116 46.2187 369.5326 428.2600 -26.7884 51.8896 0.0000
780.03 15.07.2018 18.00.01 28.05679 297.8476 -64.4844 -0.2336 -2.1088 2.5002 84.6105 42.4315 367.8810 425.5403 -24.9779 52.0538 0.0000
790.03 15.07.2018 18.10.01 28.02572 297.3330 -422.3382 -1.5302 -1.9807 0.6007 69.5002 35.8728 366.0673 422.4393 -24.1483 52.2054 0.0000
800.03 15.07.2018 18.20.01 27.84973 296.8078 -203.5493 -0.7375 -1.1268 0.5190 60.0441 30.9917 364.0570 419.1216 -23.1065 52.3190 0.0000
810.03 15.07.2018 18.30.01 27.76086 296.2890 -117.1553 -0.4245 -0.7563 0.4424 49.5948 25.6204 362.0691 415.7873 -22.1079 52.4193 0.0000
820.03 15.07.2018 18.40.01 27.70626 295.7683 -83.5970 -0.3029 -0.5775 0.3661 37.3365 19.3464 360.0453 412.3325 -20.9488 52.4975 0.0000
830.03 15.07.2018 18.50.01 27.66470 295.2481 -73.8220 -0.2675 -0.4760 0.2781 24.2798 12.6563 357.9530 408.6980 -19.6405 52.5632 0.0000
840.03 15.07.2018 19.00.01 27.62652 294.7284 -71.3226 -0.2584 -0.4014 0.1907 12.0489 6.3805 355.8537 404.9777 -18.2253 52.6100 0.0000
850.03 15.07.2018 19.10.01 27.58871 294.1150 -67.7228 -0.2454 -0.3390 0.1248 9.1859 4.8368 353.8079 401.4235 -17.2471 52.6466 0.0000
860.03 15.07.2018 19.20.01 27.55178 293.5063 -60.8733 -0.2206 -0.2925 0.0960 7.4751 3.9260 351.9428 398.2581 -16.9287 52.6751 0.0000
870.03 15.07.2018 19.30.01 27.51687 292.9070 -58.7073 -0.2127 -0.2681 0.0739 5.5485 2.9185 350.1526 395.2539 -16.9335 52.7000 0.0000
880.03 15.07.2018 19.40.01 27.48217 292.2959 -59.5742 -0.2158 -0.2557 0.0531 3.6252 1.9147 348.3857 392.3472 -16.9895 52.7204 0.0000
890.03 15.07.2018 19.50.01 27.44628 291.6973 -61.9982 -0.2246 -0.2481 0.0313 1.8193 0.9683 346.6382 389.5485 -17.1029 52.7379 0.0000
900.03 15.07.2018 20.00.01 27.40865 291.1003 -65.0476 -0.2357 -0.2428 0.0095 0.3027 0.1666 344.9099 386.8420 -17.2866 52.7524 0.0000
910.03 15.07.2018 20.10.01 27.36920 290.6839 -65.6324 -0.2378 -0.2391 0.0017 0.0543 0.0299 343.2562 384.4483 -16.8109 52.7626 0.0000
920.03 15.07.2018 20.20.01 27.32891 290.2781 -66.3497 -0.2404 -0.2406 0.0003 0.0098 0.0054 341.6839 382.2218 -16.4889 52.7714 0.0000
930.03 15.07.2018 20.30.01 27.28762 289.8713 -68.0898 -0.2467 -0.2467 0.0001 0.0018 0.0010 340.1499 380.1031 -16.3011 52.7794 0.0000
940.03 15.07.2018 20.40.01 27.24502 289.4672 -70.5447 -0.2556 -0.2556 0.0000 0.0003 0.0002 338.6366 378.0801 -16.0728 52.7867 0.0000
950.03 15.07.2018 20.50.01 27.20080 289.0659 -73.2246 -0.2653 -0.2653 0.0000 0.0001 0.0000 337.1411 376.1425 -15.9339 52.7933 0.0000
960.03 15.07.2018 21.00.01 27.15487 288.6613 -76.0542 -0.2756 -0.2756 0.0000 0.0000 0.0000 335.6613 374.2698 -15.8871 52.7992 0.0000
970.03 15.07.2018 21.10.01 27.10729 288.3454 -78.4490 -0.2842 -0.2842 0.0000 0.0000 0.0000 334.3981 372.6235 -14.3545 52.8042 0.0000
980.03 15.07.2018 21.20.01 27.05877 288.1208 -79.6331 -0.2885 -0.2885 0.0000 0.0000 0.0000 333.0157 371.1468 -13.3090 52.8085 0.0000
990.03 15.07.2018 21.30.01 27.00939 287.9146 -79.8745 -0.2894 -0.2894 0.0000 0.0000 0.0000 331.8238 369.6362 -13.0553 52.8109 0.0000
1000.03 15.07.2018 21.40.01 26.95995 287.7364 -81.1623 -0.2941 -0.2941 0.0000 0.0000 0.0000 330.7194 368.4214 -12.0735 52.8129 0.0000
1010.03 15.07.2018 21.50.01 26.90902 287.0812 -84.7598 -0.3071 -0.3071 0.0000 0.0000 0.0000 329.3967 366.6515 -14.1012 52.8152 0.0000
1020.03 15.07.2018 22.00.01 26.85534 286.6288 -90.5692 -0.3281 -0.3281 0.0000 0.0000 0.0000 328.1907 364.7772 -17.0947 52.8179 0.0000
1030.03 15.07.2018 22.10.01 26.79766 286.4812 -96.6856 -0.3503 -0.3503 0.0000 0.0000 0.0000 327.4769 363.4255 -16.2851 52.8216 0.0000
1040.03 15.07.2018 22.20.01 26.73708 286.3391 -100.0239 -0.3624 -0.3624 0.0000 0.0000 0.0000 326.7718 362.1765 -15.5802 52.8241 0.0000
1050.03 15.07.2018 22.30.01 26.67501 286.1930 -102.0043 -0.3696 -0.3696 0.0000 0.0000 0.0000 326.0723 360.9939 -14.9894 52.8261 0.0000
1060.03 15.07.2018 22.40.01 26.61184 286.0548 -103.4277 -0.3747 -0.3747 0.0000 0.0000 0.0000 325.3892 359.8864 -14.4317 52.8280 0.0000
1070.03 15.07.2018 22.50.01 26.54781 285.9050 -104.6345 -0.3791 -0.3791 0.0000 0.0000 0.0000 324.7204 358.8183 -13.9974 52.8298 0.0000
1080.03 15.07.2018 23.00.01 26.48303 285.7633 -105.8769 -0.3836 -0.3836 0.0000 0.0000 0.0000 324.0652 357.8052 -13.5980 52.8316 0.0000
1090.03 15.07.2018 23.10.01 26.41772 285.6783 -106.5786 -0.3862 -0.3862 0.0000 0.0000 0.0000 323.6201 357.1333 -11.6086 52.8331 0.0000
1100.03 15.07.2018 23.20.01 26.35272 285.8665 -105.0187 -0.3805 -0.3805 0.0000 0.0000 0.0000 323.0409 356.4810 -9.7002 52.8340 0.0000
1110.03 15.07.2018 23.30.01 26.28896 285.7616 -103.4505 -0.3748 -0.3748 0.0000 0.0000 0.0000 322.6792 355.5587 -10.3610 52.8349 0.0000
1120.03 15.07.2018 23.40.01 26.22503 285.9020 -104.3924 -0.3782 -0.3782 0.0000 0.0000 0.0000 322.1807 355.1832 -8.5262 52.8359 0.0000
1130.03 15.07.2018 23.50.01 26.16073 285.2944 -105.4780 -0.3822 -0.3822 0.0000 0.0000 0.0000 321.6149 353.9361 -11.2857 52.8365 0.0000
1140.03 16.07.2018 00.00.01 26.09487 285.0113 -109.2654 -0.3959 -0.3959 0.0000 0.0000 0.0000 321.0780 352.7024 -13.4164 52.8375 0.0000
1150.03 16.07.2018 00.10.01 26.02633 284.9991 -113.3425 -0.4107 -0.4107 0.0000 0.0000 0.0000 320.6994 352.0028 -12.5020 52.8384 0.0000
1160.03 16.07.2018 00.20.01 25.95605 284.9975 -115.1373 -0.4172 -0.4172 0.0000 0.0000 0.0000 320.4074 351.3898 -11.6652 52.8393 0.0000
1170.03 16.07.2018 00.30.01 25.88491 284.9967 -115.5543 -0.4187 -0.4187 0.0000 0.0000 0.0000 320.1396 350.8288 -10.9226 52.8399 0.0000
1180.03 16.07.2018 00.40.01 25.81350 284.9952 -115.5211 -0.4186 -0.4186 0.0000 0.0000 0.0000 319.8980 350.3156 -10.2491 52.8404 0.0000
1190.03 16.07.2018 00.50.01 25.74215 285.0065 -115.5587 -0.4187 -0.4187 0.0000 0.0000 0.0000 319.6635 349.8483 -9.6033 52.8410 0.0000
1200.03 16.07.2018 01.00.01 25.67074 285.0136 -115.5929 -0.4188 -0.4188 0.0000 0.0000 0.0000 319.4309 349.4052 -9.0349 52.8415 0.0000
1210.03 16.07.2018 01.10.01 25.59933 284.9067 -116.0904 -0.4206 -0.4206 0.0000 0.0000 0.0000 319.0962 348.8977 -9.0793 52.8420 0.0000
1220.03 16.07.2018 01.20.01 25.52749 284.8073 -117.7481 -0.4266 -0.4266 0.0000 0.0000 0.0000 318.7368 348.3764 -9.1427 52.8425 0.0000
1230.03 16.07.2018 01.30.01 25.45455 284.7063 -119.6206 -0.4334 -0.4334 0.0000 0.0000 0.0000 318.3716 347.8434 -9.2151 52.8431 0.0000
1240.03 16.07.2018 01.40.01 25.38052 284.6163 -121.2999 -0.4395 -0.4395 0.0000 0.0000 0.0000 318.0083 347.3613 -9.0716 52.8436 0.0000
1250.03 16.07.2018 01.50.01 25.30554 284.5211 -122.3671 -0.4434 -0.4434 0.0000 0.0000 0.0000 317.6342 346.8830 -8.9657 52.8443 0.0000
1260.03 16.07.2018 02.00.01 25.22997 284.4254 -123.1826 -0.4463 -0.4463 0.0000 0.0005 0.0003 317.2399 346.4111 -8.8757 52.8451 0.0000
1270.03 16.07.2018 02.10.01 25.15402 284.4542 -122.0790 -0.4423 -0.4459 0.0047 0.3147 0.1678 316.8389 346.1460 -7.5444 52.8456 0.0000
1280.03 16.07.2018 02.20.01 25.07946 284.2690 -119.0736 -0.4314 -0.4395 0.0108 0.6751 0.3607 316.1560 345.5718 -7.5703 52.8438 0.0000
1290.03 16.07.2018 02.30.01 25.00686 284.5248 -117.0563 -0.4241 -0.4370 0.0171 1.0429 0.5578 316.1776 345.4041 -6.7138 52.8424 0.0000
1300.03 16.07.2018 02.40.01 24.93456 284.6442 -116.6822 -0.4228 -0.4404 0.0235 1.4121 0.7556 315.7181 345.3164 -5.2459 52.8409 0.0000
1310.03 16.07.2018 02.50.01 24.86273 284.0901 -116.2112 -0.4211 -0.4435 0.0299 1.7815 0.9535 315.4232 344.7157 -7.3960 52.8391 0.0000
1320.03 16.07.2018 03.00.01 24.78991 283.8483 -119.9124 -0.4345 -0.4617 0.0363 2.1538 1.1530 315.0456 343.9799 -9.1482 52.8394 0.0000
1330.03 16.07.2018 03.10.01 24.71459 283.9905 -118.0955 -0.4279 -0.4791 0.0683 4.2313 2.2614 315.0208 343.8446 -8.1010 52.8403 0.0000
1340.03 16.07.2018 03.20.01 24.64034 284.1540 -114.8408 -0.4161 -0.4969 0.1078 6.5598 3.5084 315.1598 343.8943 -7.1545 52.8414 0.0000
1350.03 16.07.2018 03.30.01 24.56786 284.3242 -111.8656 -0.4053 -0.5168 0.1486 8.9285 4.7775 315.3681 344.0567 -6.3030 52.8429 0.0000
1360.03 16.07.2018 03.40.01 24.49700 284.4971 -109.2888 -0.3960 -0.5382 0.1896 11.3048 6.0508 315.6160 344.3090 -5.5461 52.8451 0.0000
1370.03 16.07.2018 03.50.01 24.42767 284.6735 -107.1166 -0.3881 -0.5611 0.2307 13.6825 7.3248 315.8921 344.6390 -4.8689 52.8488 0.0000
1380.03 16.07.2018 04.00.01 24.35955 284.8560 -105.0489 -0.3806 -0.5844 0.2718 16.0600 8.5987 316.1942 345.0406 -4.2474 52.8528 0.0000
1390.03 16.07.2018 04.10.01 24.29287 285.6416 -102.8136 -0.3725 -0.6046 0.3095 18.2123 9.7526 317.8641 346.2672 -1.1012 52.8545 0.0000
1400.03 16.07.2018 04.20.01 24.22842 286.4196 -97.8599 -0.3546 -0.6142 0.3462 20.3315 10.8883 319.3583 347.4417 1.0772 52.8501 0.0000
1410.03 16.07.2018 04.30.01 24.16735 287.1776 -93.1286 -0.3374 -0.6244 0.3827 22.4454 12.0210 321.6242 348.8762 4.1368 52.8469 0.0000
1420.03 16.07.2018 04.40.01 24.10861 287.9974 -89.9841 -0.3260 -0.6404 0.4192 24.5583 13.1531 323.2920 350.4976 5.4163 52.8467 0.0000
1430.03 16.07.2018 04.50.01 24.05175 288.6599 -86.9330 -0.3150 -0.6567 0.4557 96.8433 53.6850 325.2506 358.5688 1.4756 52.8409 0.0000
1440.03 16.07.2018 05.00.01 23.99685 289.4993 -69.8981 -0.2533 -0.6737 0.5606 112.3251 62.3183 327.9611 363.2395 1.6310 52.8444 0.0000
1450.03 16.07.2018 05.10.01 23.94958 290.1339 -70.4309 -0.2552 -0.7174 0.6163 478.7996 268.2229 329.9712 401.9780 -34.6806 52.8543 0.0000
1460.03 16.07.2018 05.20.01 23.90374 291.0488 4.9265 0.0178 -0.7510 1.0251 856.2161 480.1486 334.6916 453.6727 -82.9794 52.8690 0.0000
1470.03 16.07.2018 05.30.01 23.89056 292.0175 62.1411 0.2251 -0.9238 1.5319 1236.5060 693.6687 341.2964 514.5879 -142.5815 52.9014 0.0000
1480.03 16.07.2018 05.40.01 23.90380 293.1143 113.3307 0.4106 -1.1860 2.1288 1162.8333 651.8922 349.7169 526.8091 -160.8800 52.9535 0.0000
1490.03 16.07.2018 05.50.01 23.94106 293.8630 34.5931 0.1253 -1.5101 2.1806 1072.9468 601.2301 353.3546 529.3315 -169.5791 53.0591 0.0000
1500.03 16.07.2018 06.00.01 23.95040 294.4497 -6.2563 -0.0227 -1.6230 2.1337 979.2061 548.4113 355.2173 527.3112 -173.8613 53.1947 0.0000
1510.03 16.07.2018 06.10.01 23.94732 294.7860 -13.8465 -0.0502 -1.6053 2.0735 939.0656 525.7732 356.5825 530.4666 -174.3275 53.3461 0.0000
1520.03 16.07.2018 06.20.01 23.94573 295.1657 8.1814 0.0296 -1.5236 2.0710 898.3603 502.7055 358.2620 532.3764 -172.6310 53.4998 0.0000
1530.03 16.07.2018 06.30.01 23.95825 295.5270 29.7247 0.1077 -1.4342 2.0558 856.8834 479.1946 359.7694 532.7127 -170.0505 53.6592 0.0000
1540.03 16.07.2018 06.40.01 23.98513 295.8879 62.0228 0.2247 -1.3334 2.0774 830.0470 463.8665 361.4873 533.7544 -167.3240 53.8230 0.0000
1550.03 16.07.2018 06.50.01 24.03076 296.2536 87.5876 0.3173 -1.2439 2.0817 807.5318 451.1575 363.0472 534.7892 -164.7145 53.9937 0.0000
1560.03 16.07.2018 07.00.01 24.09222 296.6151 115.0875 0.4170 -1.1545 2.0953 786.0729 439.0678 364.5882 535.3936 -161.7652 54.1699 0.0000
1570.03 16.07.2018 07.10.01 24.16982 296.9450 137.6468 0.4987 -1.0741 2.0971 772.5639 431.4359 366.2703 536.7437 -158.2129 54.3509 0.0000
1580.03 16.07.2018 07.20.01 24.26104 297.2766 164.1523 0.5948 -0.9970 2.1223 759.0538 423.7665 368.1160 538.0235 -154.5807 54.5346 0.0000
1590.03 16.07.2018 07.30.01 24.36703 297.6137 184.0215 0.6667 -0.9369 2.1382 744.5656 415.5250 369.9320 539.0305 -150.5584 54.7227 0.0000
1600.03 16.07.2018 07.40.01 24.48461 297.9751 209.8894 0.7605 -0.8846 2.1934 734.2753 409.5932 372.1222 540.4805 -146.7290 54.9140 0.0000
1610.03 16.07.2018 07.50.01 24.61575 298.3202 222.3421 0.8056 -0.8568 2.2166 722.5277 402.8356 374.0615 541.7198 -142.5337 55.1107 0.0000
1620.03 16.07.2018 08.00.01 24.75445 298.6589 231.6721 0.8394 -0.8307 2.2268 709.2869 395.2032 375.8862 542.5936 -138.2750 55.3128 0.0000
1630.03 16.07.2018 08.10.01 24.89901 298.9723 242.8790 0.8800 -0.8039 2.2452 696.4490 387.7893 377.6569 542.8558 -136.4785 55.5984 0.0000
1640.03 16.07.2018 08.20.01 25.04983 299.2003 250.9383 0.9092 -0.7843 2.2580 682.8987 379.9572 378.7214 542.5278 -135.7889 55.9040 0.0000
1650.03 16.07.2018 08.30.01 25.20532 299.4262 260.5550 0.9440 -0.7691 2.2842 669.2496 372.0449 379.8306 541.8462 -135.3282 56.2330 0.0000
1660.03 16.07.2018 08.40.01 25.36569 299.7053 261.2505 0.9466 -0.7641 2.2809 656.8009 364.7930 380.8066 541.6382 -132.3967 56.5822 0.0000
1670.03 16.07.2018 08.50.01 25.52709 299.9987 265.8839 0.9633 -0.7544 2.2903 644.2468 357.4584 381.8708 541.2468 -129.8278 56.9455 0.0000
1680.03 16.07.2018 09.00.01 25.69097 300.3332 273.1083 0.9895 -0.7495 2.3187 631.2524 349.8318 383.1577 540.6228 -127.5034 57.3248 0.0000
1690.03 16.07.2018 09.10.01 25.85809 300.5606 283.1081 1.0258 -0.7553 2.3747 617.2124 341.5760 384.2073 539.0928 -126.8748 57.7230 0.0000
1700.03 16.07.2018 09.20.01 26.02963 300.7756 292.6276 1.0602 -0.7808 2.4548 603.8514 333.6879 385.3401 537.4227 -126.3274 58.1430 0.0000
1710.03 16.07.2018 09.30.01 26.20516 300.9604 296.1897 1.0732 -0.8259 2.5321 589.9035 325.4549 386.5746 535.4659 -125.6376 58.5878 0.0000
1720.03 16.07.2018 09.40.01 26.38220 301.0546 299.6579 1.0857 -0.8785 2.6189 578.4589 318.5999 387.8836 533.8146 -124.5152 59.0551 0.0000
1730.03 16.07.2018 09.50.01 26.56066 301.0325 308.5971 1.1181 -0.9396 2.7436 568.4693 312.5530 389.3285 532.0938 -124.1744 59.5447 0.0000
1740.03 16.07.2018 10.00.01 26.74249 300.9914 300.0509 1.0871 -1.0211 2.8109 555.7617 304.9707 390.5250 529.7945 -123.6662 60.0614 0.0000
1750.03 16.07.2018 10.10.01 26.92068 301.3857 312.8054 1.1334 -1.0893 2.9636 535.8940 293.4476 392.1456 527.4330 -116.2607 60.5885 0.0000
1760.03 16.07.2018 10.20.01 27.10327 301.4946 302.2742 1.0952 -1.1905 3.0476 513.9888 280.8147 393.4703 523.9472 -112.2137 61.1202 0.0000
1770.03 16.07.2018 10.30.01 27.28076 301.4363 280.4089 1.0160 -1.2763 3.0563 490.1837 267.1616 394.1007 519.5936 -109.8257 61.6547 0.0000
1780.03 16.07.2018 10.40.01 27.44888 301.4640 288.4001 1.0449 -1.3229 3.1572 472.9565 257.1637 395.4414 516.6119 -105.6029 62.1805 0.0000
1790.03 16.07.2018 10.50.01 27.62008 301.4503 281.4026 1.0196 -1.3902 3.2131 454.4827 246.4928 396.7298 513.4965 -102.3452 63.1981 0.0000
1800.03 16.07.2018 11.00.01 27.78771 301.4416 275.5508 0.9984 -1.4517 3.2668 436.3022 236.0006 397.9354 510.4024 -99.8469 64.1823 0.0000
1810.03 16.07.2018 11.10.01 27.95159 301.8663 252.6292 0.9153 -1.5121 3.2365 429.2708 231.6421 398.8677 511.9124 -84.4667 65.1572 0.0000
1820.03 16.07.2018 11.20.01 28.10449 301.8782 239.5496 0.8679 -1.5391 3.2094 421.6524 226.9273 399.8810 511.8069 -85.8111 66.2247 0.0000
1830.03 16.07.2018 11.30.01 28.25079 301.7627 229.1877 0.8304 -1.5510 3.1751 413.2309 221.7417 400.2456 509.0712 -93.6591 67.3194 0.0000
1840.03 16.07.2018 11.40.01 28.39147 302.2158 231.0832 0.8373 -1.5590 3.1950 400.0989 213.6060 402.9872 507.9872 -81.6180 68.3081 0.0000
1850.03 16.07.2018 11.50.01 28.53121 302.3416 218.0530 0.7900 -1.5866 3.1688 390.7332 207.8053 406.5593 506.2510 -77.7549 69.2025 0.0000
1860.03 16.07.2018 12.00.01 28.66384 301.6894 201.5962 0.7304 -1.6049 3.1137 379.9938 201.2294 403.9252 502.5350 -84.1216 70.2585 0.0000
1870.03 16.07.2018 12.10.01 28.78805 301.6301 220.5943 0.7993 -1.6100 3.2124 368.7255 194.8076 403.8461 500.4884 -84.7422 71.7542 0.0000
1880.03 16.07.2018 12.20.01 28.91921 301.5927 274.7275 0.9954 -1.6741 3.5593 359.7462 189.6660 403.1707 498.4896 -85.4722 73.3630 0.0000
1890.03 16.07.2018 12.30.01 29.07214 301.5958 351.4489 1.2734 -1.8672 4.1874 353.6560 186.0320 402.3396 496.6181 -86.2015 75.0676 0.0000
1900.03 16.07.2018 12.40.01 29.25579 301.6321 372.2334 1.3487 -2.2291 4.7703 339.1559 177.1966 401.4943 492.9429 -85.0920 76.8655 0.0000
1910.03 16.07.2018 12.50.01 29.44732 301.6612 369.6844 1.3394 -2.6406 5.3067 330.7983 171.9577 400.6404 489.9338 -84.7463 78.7493 0.0000
1920.03 16.07.2018 13.00.01 29.63711 301.6877 364.8548 1.3219 -3.0539 5.8345 325.0581 168.1920 400.0579 487.1879 -84.9153 80.6834 0.0000
1930.03 16.07.2018 13.10.01 29.82391 301.6408 339.5154 1.2301 -3.4647 6.2598 322.7821 167.0096 400.0182 486.0204 -84.0481 82.6534 0.0000
1940.03 16.07.2018 13.20.01 29.99880 301.5844 287.6568 1.0422 -3.8306 6.4971 316.8362 163.8877 399.6185 484.4163 -82.9088 84.6318 0.0000
1950.03 16.07.2018 13.30.01 30.15078 301.5417 248.0766 0.8988 -4.1008 6.6661 308.3221 159.3097 399.3045 482.4762 -81.3143 86.6015 0.0000
1960.03 16.07.2018 13.40.01 30.28460 301.4970 201.5179 0.7301 -4.3020 6.7094 301.9376 156.2104 398.8983 481.0851 -79.6590 88.5559 0.0000
1970.03 16.07.2018 13.50.01 30.39724 301.4610 157.1080 0.5692 -4.4221 6.6551 294.8453 152.8384 398.4745 479.7572 -77.6813 90.4805 0.0000
1980.03 16.07.2018 14.00.01 30.48950 301.4201 108.0656 0.3915 -4.4664 6.4772 285.9872 148.6065 397.9406 478.3199 -75.3419 92.3612 0.0000
1990.03 16.07.2018 14.10.01 30.55990 301.3583 111.2579 0.4031 -4.4289 6.4427 278.5751 144.6504 396.9465 475.9477 -74.9212 94.1923 0.0000
2000.03 16.07.2018 14.20.01 30.62954 301.2941 105.0657 0.3807 -4.4158 6.3953 271.7222 141.0501 395.9157 473.7045 -74.2988 96.0076 0.0000
2010.03 16.07.2018 14.30.01 30.69518 301.2353 91.4297 0.3313 -4.4073 6.3180 264.6508 137.3694 394.9045 471.4937 -73.3647 97.8018 0.0000
2020.03 16.07.2018 14.40.01 30.75356 301.2843 70.4750 0.2553 -4.3846 6.1866 256.5574 133.1831 393.9150 469.3864 -71.5663 99.5700 0.0000
2030.03 16.07.2018 14.50.01 30.80178 301.1974 53.4580 0.1937 -4.3317 6.0338 248.6363 129.1361 392.9224 467.1806 -70.0616 101.3038 0.0000
2040.03 16.07.2018 15.00.01 30.84149 301.1112 33.4636 0.1212 -4.2565 5.8370 240.0908 124.7852 391.9099 464.9778 -68.2099 103.0003 0.0000
2050.03 16.07.2018 15.10.01 30.87231 301.0603 102.1456 0.3701 -4.1550 6.0335 235.0341 121.5692 390.5671 462.7084 -64.3253 103.8384 0.0000
2060.03 16.07.2018 15.20.01 30.93075 301.0090 140.9951 0.5109 -4.2060 6.2891 231.0458 118.9506 389.4185 460.8481 -60.8043 104.6585 0.0000
2070.03 16.07.2018 15.30.01 31.00472 300.9637 159.7190 0.5787 -4.3433 6.5627 227.7858 116.6878 388.3731 459.0804 -58.1920 105.4585 0.0000
2080.03 16.07.2018 15.40.01 31.08615 300.9198 178.0912 0.6453 -4.5227 6.8906 226.2229 115.1932 387.3187 457.4733 -55.4962 106.2484 0.0000
2090.03 16.07.2018 15.50.01 31.17495 300.8743 192.6684 0.6981 -4.7428 7.2545 225.5014 114.1471 386.3391 456.1038 -53.3254 107.0414 0.0000
2100.03 16.07.2018 16.00.01 31.26965 300.8358 198.3218 0.7186 -4.9954 7.6186 216.8395 109.1198 385.4279 454.6771 -51.0922 107.8370 0.0000
2110.03 16.07.2018 16.10.01 31.36529 300.6724 80.1577 0.2904 -5.2622 7.4034 206.9375 104.0096 384.4993 453.1484 -49.6851 108.5446 0.0000
2120.03 16.07.2018 16.20.01 31.41161 300.5193 20.1526 0.0730 -5.2894 7.1499 196.3894 98.5668 383.3048 451.3690 -47.9744 109.2304 0.0000
2130.03 16.07.2018 16.30.01 31.43191 300.3613 -13.6196 -0.0493 -5.2055 6.8749 185.7617 93.1044 382.0521 449.4531 -46.0435 109.8930 0.0000
2140.03 16.07.2018 16.40.01 31.43142 300.2031 -556.8368 -2.0175 -5.0665 4.0653 166.0391 84.6721 380.7266 447.2353 -44.2471 110.5308 0.0000
2150.03 16.07.2018 16.50.01 31.21038 300.0370 -266.9598 -0.9672 -3.8255 3.8110 154.4158 78.6965 379.4098 444.7856 -42.0154 111.0888 0.0000
2160.03 16.07.2018 17.00.01 31.10415 299.8670 -156.6454 -0.5676 -3.2290 3.5486 142.7414 72.7047 377.9991 442.2907 -39.7645 111.6213 0.0000
2170.03 16.07.2018 17.10.01 31.04138 299.6380 -104.0907 -0.3771 -2.8814 3.3390 133.7060 68.0736 376.6686 439.8406 -37.7835 112.1271 0.0000
2180.03 16.07.2018 17.20.01 30.99896 299.4103 -85.6530 -0.3103 -2.6564 3.1280 119.0931 60.6672 375.3639 437.2928 -35.6337 112.6069 0.0000
2190.03 16.07.2018 17.30.01 30.96319 299.1799 -82.0433 -0.2973 -2.4799 2.9102 110.4477 56.2483 374.1845 434.6769 -33.4030 112.9907 0.0000
2200.03 16.07.2018 17.40.01 30.92788 298.9503 -92.5534 -0.3353 -2.3198 2.6459 98.9009 50.4175 372.9091 432.0883 -31.2250 113.3521 0.0000
2210.03 16.07.2018 17.50.01 30.88735 298.7203 -101.5020 -0.3678 -2.1474 2.3728 88.3606 45.0249 371.6480 429.3535 -28.8340 113.6684 0.0000
2220.03 16.07.2018 18.00.01 30.84222 298.4913 -109.6271 -0.3972 -1.9666 2.0925 78.3599 39.9651 370.3530 426.7019 -26.5394 113.9623 0.0000
2230.03 16.07.2018 18.10.01 30.79037 298.0996 -343.9700 -1.2463 -1.7798 0.7113 65.0360 33.9012 368.7686 423.8204 -24.4629 114.2301 0.0000
2240.03 16.07.2018 18.20.01 30.64315 297.7171 -183.6107 -0.6653 -1.1231 0.6105 55.8843 29.1283 367.2433 420.9475 -22.2992 114.4379 0.0000
2250.03 16.07.2018 18.30.01 30.55950 297.3387 -120.5327 -0.4367 -0.8225 0.5144 46.0841 24.0378 365.6339 418.1016 -20.2473 114.6215 0.0000
2260.03 16.07.2018 18.40.01 30.50076 296.9528 -96.7746 -0.3506 -0.6647 0.4188 34.9730 18.2935 364.0600 415.2015 -18.1553 114.7676 0.0000
2270.03 16.07.2018 18.50.01 30.45101 296.6464 -90.3988 -0.3275 -0.5637 0.3149 23.3151 12.2639 362.4300 412.2793 -15.6684 114.8892 0.0000
2280.03 16.07.2018 19.00.01 30.40325 296.2512 -89.3899 -0.3239 -0.4825 0.2115 12.2277 6.5206 360.8130 409.1630 -13.7868 114.9767 0.0000
2290.03 16.07.2018 19.10.01 30.35531 295.4469 -83.2990 -0.3018 -0.4112 0.1459 9.3499 4.9659 359.1096 405.9832 -14.1791 115.0398 0.0000
2300.03 16.07.2018 19.20.01 30.30898 294.7012 -76.6361 -0.2777 -0.3627 0.1134 7.5167 3.9857 357.4848 403.1215 -14.7435 115.0854 0.0000
2310.03 16.07.2018 19.30.01 30.26452 293.9531 -74.9682 -0.2716 -0.3368 0.0869 5.6313 2.9890 355.9005 400.2885 -15.6063 115.1219 0.0000
2320.03 16.07.2018 19.40.01 30.21993 293.2072 -76.1078 -0.2758 -0.3218 0.0615 3.7583 2.0004 354.3611 397.5202 -16.3313 115.1482 0.0000
2330.03 16.07.2018 19.50.01 30.17434 292.4729 -78.6759 -0.2851 -0.3117 0.0356 1.9532 1.0451 352.8500 394.8169 -17.0215 115.1680 0.0000
2340.03 16.07.2018 20.00.01 30.12707 291.7682 -81.5341 -0.2954 -0.3027 0.0097 0.3122 0.1720 351.3555 392.1871 -17.6153 115.1830 0.0000
2350.03 16.07.2018 20.10.01 30.07806 291.6391 -80.5191 -0.2917 -0.2930 0.0017 0.0544 0.0299 352.1570 390.4431 -16.7940 115.1948 0.0000
2360.03 16.07.2018 20.20.01 30.02917 291.4898 -79.8424 -0.2893 -0.2895 0.0003 0.0100 0.0055 353.1684 388.9466 -16.3511 115.2036 0.0000
2370.03 16.07.2018 20.30.01 29.98000 291.3354 -79.8291 -0.2892 -0.2893 0.0001 0.0018 0.0010 354.2034 387.6071 -16.1144 115.2100 0.0000
2380.03 16.07.2018 20.40.01 29.93057 291.2135 -80.4892 -0.2916 -0.2916 0.0000 0.0003 0.0002 355.2380 386.4982 -15.4917 115.2159 0.0000
2390.03 16.07.2018 20.50.01 29.88082 291.0761 -81.3027 -0.2946 -0.2946 0.0000 0.0001 0.0000 356.2939 385.5513 -15.0917 115.2216 0.0000
2400.03 16.07.2018 21.00.01 29.83047 290.8872 -82.2014 -0.2978 -0.2978 0.0000 0.0000 0.0000 357.3260 384.7003 -15.1120 115.2273 0.0000
2410.03 16.07.2018 21.10.01 29.77947 291.2552 -83.5300 -0.3026 -0.3026 0.0000 0.0000 0.0000 357.4603 384.3747 -12.5582 115.2330 0.0000
2420.03 16.07.2018 21.20.01 29.72756 291.6283 -85.5615 -0.3100 -0.3100 0.0000 0.0000 0.0000 357.6537 384.1415 -10.1739 115.2387 0.0000
2430.03 16.07.2018 21.30.01 29.67434 292.0294 -87.4637 -0.3169 -0.3169 0.0000 0.0000 0.0000 357.9365 384.0401 -7.7561 115.2444 0.0000
2440.03 16.07.2018 21.40.01 29.61999 292.4595 -89.1292 -0.3229 -0.3229 0.0000 0.0000 0.0000 358.3107 384.1081 -5.2157 115.2509 0.0000
2450.03 16.07.2018 21.50.01 29.56475 292.9037 -90.4739 -0.3278 -0.3278 0.0000 0.0000 0.0000 358.7553 384.3351 -2.5538 115.2626 0.0000
2460.03 16.07.2018 22.00.01 29.50891 293.3525 -91.4264 -0.3313 -0.3313 0.0000 0.0000 0.0000 359.2662 384.7245 0.2345 115.2765 0.0000
2470.03 16.07.2018 22.10.01 29.45251 292.9502 -91.6607 -0.3321 -0.3321 0.0000 0.0000 0.0000 359.1035 384.4244 -2.6108 115.2865 0.0000
2480.03 16.07.2018 22.20.01 29.39630 293.2134 -91.6695 -0.3321 -0.3321 0.0000 0.0000 0.0000 359.2062 384.3800 -2.0041 115.2902 0.0000
2490.03 16.07.2018 22.30.01 29.33950 292.5843 -93.6516 -0.3393 -0.3393 0.0000 0.0000 0.0000 359.1301 383.2730 -5.4019 115.2990 0.0000
2500.03 16.07.2018 22.40.01 29.28069 292.2291 -97.3914 -0.3529 -0.3529 0.0000 0.0000 0.0000 358.8014 382.8728 -6.1715 115.3081 0.0000
2510.03 16.07.2018 22.50.01 29.22079 291.8495 -97.3754 -0.3528 -0.3528 0.0000 0.0000 0.0000 358.6970 382.2986 -7.0791 115.3113 0.0000
2520.03 16.07.2018 23.00.01 29.16110 291.5045 -98.1276 -0.3555 -0.3555 0.0000 0.0000 0.0000 358.7462 381.3993 -9.7716 115.3158 0.0000
2530.03 16.07.2018 23.10.01 29.09963 291.4068 -101.8151 -0.3689 -0.3689 0.0000 0.0000 0.0000 358.5273 380.8507 -9.6866 115.3223 0.0000
2540.03 16.07.2018 23.20.01 29.03652 291.3046 -103.5742 -0.3753 -0.3753 0.0000 0.0000 0.0000 358.3930 380.3180 -9.7270 115.3280 0.0000
2550.03 16.07.2018 23.30.01 28.97250 291.1991 -103.5957 -0.3753 -0.3753 0.0000 0.0000 0.0000 358.2914 379.7942 -9.8426 115.3337 0.0000
2560.03 16.07.2018 23.40.01 28.90875 291.0947 -103.5775 -0.3753 -0.3753 0.0000 0.0000 0.0000 358.2120 379.2938 -9.9426 115.3394 0.0000
2570.03 16.07.2018 23.50.01 28.84539 290.9904 -103.5933 -0.3753 -0.3753 0.0000 0.0000 0.0000 358.1462 378.8046 -10.0777 115.3451 0.0000
2580.03 17.07.2018 00.00.01 28.78219 290.8888 -103.3234 -0.3744 -0.3744 0.0000 0.0000 0.0000 358.0867 378.3272 -10.2308 115.3508 0.0000
2590.03 17.07.2018 00.10.01 28.71902 290.9472 -102.2620 -0.3705 -0.3705 0.0000 0.0000 0.0000 357.8706 378.0084 -9.4761 115.3553 0.0000
2600.03 17.07.2018 00.20.01 28.65667 290.9904 -100.8462 -0.3654 -0.3654 0.0000 0.0000 0.0000 357.6527 377.6935 -8.9041 115.3583 0.0000
2610.03 17.07.2018 00.30.01 28.59524 291.0258 -99.2538 -0.3596 -0.3596 0.0000 0.0000 0.0000 357.4188 377.3723 -8.4638 115.3611 0.0000
2620.03 17.07.2018 00.40.01 28.53475 291.0747 -97.7968 -0.3543 -0.3543 0.0000 0.0000 0.0000 357.1332 377.1041 -7.8470 115.3640 0.0000
2630.03 17.07.2018 00.50.01 28.47518 291.1240 -96.0886 -0.3481 -0.3481 0.0000 0.0000 0.0000 356.7274 376.8408 -7.3207 115.3668 0.0000
2640.03 17.07.2018 01.00.01 28.41659 291.2311 -95.2117 -0.3450 -0.3450 0.0000 0.0000 0.0000 356.7580 376.6518 -6.7054 115.3696 0.0000
2650.03 17.07.2018 01.10.01 28.35800 291.2367 -95.6251 -0.3465 -0.3465 0.0000 0.0000 0.0000 356.1707 376.6645 -5.5080 115.3725 0.0000
2660.03 17.07.2018 01.20.01 28.29879 291.2566 -96.6551 -0.3502 -0.3502 0.0000 0.0000 0.0000 355.6157 376.6485 -4.4694 115.3753 0.0000
2670.03 17.07.2018 01.30.01 28.23895 291.0713 -97.9950 -0.3551 -0.3551 0.0000 0.0000 0.0000 354.6635 375.9824 -5.5403 115.3788 0.0000
2680.03 17.07.2018 01.40.01 28.17852 290.8803 -98.7533 -0.3578 -0.3578 0.0000 0.0000 0.0000 353.4603 375.7339 -4.9178 115.3819 0.0000
2690.03 17.07.2018 01.50.01 28.11810 290.9054 -97.9054 -0.3547 -0.3547 0.0000 0.0000 0.0000 353.0701 375.2279 -5.4003 115.3847 0.0000
2700.03 17.07.2018 02.00.01 28.05715 290.8073 -100.8901 -0.3655 -0.3656 0.0000 0.0006 0.0003 352.1400 374.4838 -6.2239 115.3906 0.0000
2710.03 17.07.2018 02.10.01 27.99392 290.4776 -103.2619 -0.3741 -0.3782 0.0054 0.3631 0.1936 349.2766 373.6596 -6.6547 115.3979 0.0000
2720.03 17.07.2018 02.20.01 27.92965 290.1213 -103.8818 -0.3764 -0.3857 0.0125 0.7790 0.4163 346.3795 372.5519 -7.4324 115.4036 0.0000
2730.03 17.07.2018 02.30.01 27.86520 289.7882 -103.8050 -0.3761 -0.3909 0.0198 1.2034 0.6436 343.4191 371.3164 -8.0572 115.4093 0.0000
2740.03 17.07.2018 02.40.01 27.80111 289.4896 -103.5073 -0.3750 -0.3954 0.0271 1.6294 0.8719 340.5048 370.2366 -7.6626 115.4138 0.0000
2750.03 17.07.2018 02.50.01 27.73739 289.1590 -102.0352 -0.3697 -0.3956 0.0345 2.0557 1.1003 337.5403 368.9442 -7.6593 115.4167 0.0000
2760.03 17.07.2018 03.00.01 27.67483 288.7930 -100.4784 -0.3641 -0.3955 0.0419 2.4858 1.3308 334.3278 367.5806 -7.6859 115.4182 0.0000
2770.03 17.07.2018 03.10.01 27.61324 288.7332 -91.9983 -0.3333 -0.3960 0.0836 5.2002 2.7788 333.8900 366.9063 -6.9547 115.4175 0.0000
2780.03 17.07.2018 03.20.01 27.55502 288.7644 -86.4635 -0.3133 -0.4148 0.1353 8.2511 4.4126 334.0160 366.5294 -6.4917 115.4182 0.0000
2790.03 17.07.2018 03.30.01 27.49890 288.8458 -84.2380 -0.3052 -0.4468 0.1888 11.3556 6.0759 334.1758 366.3256 -6.0436 115.4211 0.0000
2800.03 17.07.2018 03.40.01 27.44369 288.9298 -83.2854 -0.3018 -0.4837 0.2425 14.4705 7.7450 334.3318 366.2635 -5.7545 115.4241 0.0000
2810.03 17.07.2018 03.50.01 27.38888 288.9719 -82.7801 -0.2999 -0.5222 0.2964 17.5872 9.4150 334.4494 366.2436 -5.7794 115.4296 0.0000
2820.03 17.07.2018 04.00.01 27.33425 289.0305 -82.6439 -0.2994 -0.5621 0.3503 20.7058 11.0860 334.5718 366.3172 -5.8192 115.4362 0.0000
2830.03 17.07.2018 04.10.01 27.27981 289.3414 -79.2142 -0.2870 -0.6009 0.4185 24.7816 13.2672 334.8797 366.8407 -4.3099 115.4481 0.0000
2840.03 17.07.2018 04.20.01 27.22720 289.6576 -75.6212 -0.2740 -0.6422 0.4909 28.9983 15.5263 335.3100 367.5371 -2.9832 115.4628 0.0000
2850.03 17.07.2018 04.30.01 27.17657 289.9891 -72.5766 -0.2630 -0.6860 0.5641 33.2376 17.7978 335.7993 368.3716 -1.7932 115.4804 0.0000
2860.03 17.07.2018 04.40.01 27.12768 290.3320 -69.9235 -0.2533 -0.7314 0.6374 37.4812 20.0716 336.3324 369.3370 -0.7162 115.5009 0.0000
2870.03 17.07.2018 04.50.01 27.08035 290.6919 -67.3483 -0.2440 -0.7770 0.7107 73.2900 40.0686 336.9030 373.4054 -2.6260 115.5240 0.0000
2880.03 17.07.2018 05.00.01 27.03460 291.0848 -58.4780 -0.2119 -0.8228 0.8146 84.8754 46.4611 337.7311 376.0380 -3.2505 115.5501 0.0000
2890.03 17.07.2018 05.10.01 26.99297 291.4460 -62.5770 -0.2267 -0.8818 0.8734 344.6396 192.3841 338.9555 403.9573 -25.9779 115.5812 0.0000
2900.03 17.07.2018 05.20.01 26.95080 291.9045 -11.6762 -0.0423 -0.9257 1.1779 612.0060 342.4898 342.1641 441.0695 -56.1813 115.6162 0.0000
2910.03 17.07.2018 05.30.01 26.93075 292.3302 27.4386 0.0994 -1.0637 1.5508 881.4500 493.7498 346.5599 485.2880 -91.5690 115.6655 0.0000
2920.03 17.07.2018 05.40.01 26.92880 292.8995 63.0142 0.2283 -1.2617 1.9867 862.0989 482.5870 352.1606 498.8473 -105.5417 115.7383 0.0000
2930.03 17.07.2018 05.50.01 26.94348 293.4163 14.9985 0.0543 -1.5029 2.0763 832.2533 465.6625 355.2202 506.6108 -113.3701 115.8345 0.0000
2940.03 17.07.2018 06.00.01 26.94158 293.8852 -8.8349 -0.0320 -1.6115 2.1060 799.6900 447.2034 357.4115 511.8405 -117.5484 115.9316 0.0000
2950.03 17.07.2018 06.10.01 26.93319 294.1095 -8.1676 -0.0296 -1.6357 2.1415 777.5182 434.6089 359.1088 516.6060 -121.6180 116.0312 0.0000
2960.03 17.07.2018 06.20.01 26.92880 294.3335 5.6620 0.0205 -1.6208 2.1884 753.8356 421.0893 360.7507 519.6848 -124.3444 116.1400 0.0000
2970.03 17.07.2018 06.30.01 26.93441 294.5823 20.5053 0.0743 -1.5895 2.2184 729.2095 407.0302 362.1740 521.4327 -125.4334 116.2578 0.0000
2980.03 17.07.2018 06.40.01 26.95083 294.7847 46.1901 0.1674 -1.5411 2.2779 713.2518 397.8064 363.7159 523.2097 -126.7782 116.3844 0.0000
2990.03 17.07.2018 06.50.01 26.98248 295.0006 67.0116 0.2428 -1.4967 2.3193 700.9746 390.8185 365.0866 524.8411 -128.1002 116.5209 0.0000
3000.03 17.07.2018 07.00.01 27.02749 295.2024 90.6257 0.3284 -1.4482 2.3687 689.2451 384.1470 366.4407 525.9858 -129.0068 116.6666 0.0000
3010.03 17.07.2018 07.10.01 27.08657 295.3898 106.4098 0.3855 -1.4037 2.3856 683.6808 380.9740 367.4128 526.6603 -133.7202 116.8218 0.0000
3020.03 17.07.2018 07.20.01 27.15630 295.5794 128.1516 0.4643 -1.3512 2.4207 678.0188 377.7139 368.4756 527.4100 -135.6770 116.9852 0.0000
3030.03 17.07.2018 07.30.01 27.23864 295.7671 144.7124 0.5243 -1.3068 2.4415 671.3110 373.8488 369.4081 527.4994 -138.4046 117.1561 0.0000
3040.03 17.07.2018 07.40.01 27.33114 295.9799 168.2956 0.6098 -1.2640 2.4984 666.5193 371.0183 370.6529 528.0932 -139.1622 117.3347 0.0000
3050.03 17.07.2018 07.50.01 27.43624 296.1830 180.4627 0.6539 -1.2408 2.5262 660.3792 367.4232 371.6352 528.2336 -139.5141 117.5213 0.0000
3060.03 17.07.2018 08.00.01 27.54885 296.3741 190.3017 0.6895 -1.2177 2.5429 652.8941 363.0388 372.4975 527.9841 -139.6807 117.7180 0.0000
3070.03 17.07.2018 08.10.01 27.66766 296.5653 195.6365 0.7088 -1.1943 2.5375 648.6190 360.4965 373.8456 527.6774 -141.1548 117.9804 0.0000
3080.03 17.07.2018 08.20.01 27.79034 296.7274 200.3694 0.7260 -1.1648 2.5210 643.3571 357.3793 374.6037 526.8542 -143.5659 118.2459 0.0000
3090.03 17.07.2018 08.30.01 27.91641 296.8380 209.4280 0.7588 -1.1310 2.5198 637.9007 354.1219 375.4462 525.7699 -146.7635 118.5137 0.0000
3100.03 17.07.2018 08.40.01 28.04730 296.9306 210.9528 0.7643 -1.1050 2.4925 631.3981 350.2642 376.0208 524.9747 -145.8342 118.7875 0.0000
3110.03 17.07.2018 08.50.01 28.17965 297.0774 215.6992 0.7815 -1.0743 2.4744 624.5273 346.1714 376.6538 523.8726 -146.3816 119.0621 0.0000
3120.03 17.07.2018 09.00.01 28.31460 297.1935 221.9456 0.8042 -1.0476 2.4690 616.8249 341.5636 377.4666 522.5772 -147.2017 119.3373 0.0000
3130.03 17.07.2018 09.10.01 28.45306 297.1740 270.1945 0.9790 -1.0299 2.6785 583.7730 322.5449 378.7166 517.9742 -144.2786 119.6116 0.0000
3140.03 17.07.2018 09.20.01 28.61160 297.2436 289.9265 1.0505 -1.1095 2.8800 551.4210 303.9579 380.1928 513.7458 -137.6913 119.8810 0.0000
3150.03 17.07.2018 09.30.01 28.77865 297.2815 297.0641 1.0763 -1.2261 3.0699 519.4056 285.5933 381.4318 509.1870 -133.2827 120.1464 0.0000
3160.03 17.07.2018 09.40.01 28.94894 297.1832 299.7655 1.0861 -1.3559 3.2560 494.8455 271.4038 381.5411 504.3017 -132.6681 120.4591 0.0000
3170.03 17.07.2018 09.50.01 29.12017 297.1343 306.4459 1.1103 -1.4944 3.4729 472.5074 258.4957 381.8819 500.1132 -130.3276 120.8737 0.0000
3180.03 17.07.2018 10.00.01 29.29342 297.1116 298.4292 1.0813 -1.6539 3.6469 449.3712 245.1792 382.7668 495.7191 -127.7851 121.3471 0.0000
3190.03 17.07.2018 10.10.01 29.46249 297.1802 260.2241 0.9428 -1.8028 3.6609 433.0580 235.8997 383.2030 492.3044 -123.2176 121.8330 0.0000
3200.03 17.07.2018 10.20.01 29.61511 297.2390 235.8893 0.8547 -1.8789 3.6447 415.8927 226.1588 383.4748 488.9256 -118.5542 122.3235 0.0000
3210.03 17.07.2018 10.30.01 29.75656 297.2897 212.2414 0.7690 -1.9157 3.5795 397.4297 215.7176 383.3663 485.3571 -114.0044 122.8150 0.0000
3220.03 17.07.2018 10.40.01 29.88705 297.3470 210.1753 0.7615 -1.9179 3.5725 383.0464 207.5437 383.4997 482.3379 -109.8971 123.3037 0.0000
3230.03 17.07.2018 10.50.01 30.01528 297.4016 199.9727 0.7245 -1.9293 3.5385 367.9108 198.9634 383.5368 479.2676 -105.8282 124.2697 0.0000
3240.03 17.07.2018 11.00.01 30.13772 297.4587 190.4008 0.6899 -1.9377 3.5034 352.9687 190.4999 383.5623 476.3150 -101.9208 125.2356 0.0000
3250.03 17.07.2018 11.10.01 30.25457 297.5669 189.4900 0.6866 -1.9450 3.5087 353.0792 190.1881 383.8611 474.8434 -98.9743 126.2047 0.0000
3260.03 17.07.2018 11.20.01 30.36947 297.6851 192.3290 0.6968 -1.9674 3.5524 353.9034 190.2436 384.4605 473.9328 -96.8197 127.2379 0.0000
3270.03 17.07.2018 11.30.01 30.48394 297.8027 189.2684 0.6858 -2.0126 3.5978 354.2595 190.0152 385.1649 473.2327 -95.0861 128.2867 0.0000
3280.03 17.07.2018 11.40.01 30.59567 297.9303 191.2786 0.6930 -2.0675 3.6807 351.4221 187.7949 386.1902 472.1999 -93.2666 129.3596 0.0000
3290.03 17.07.2018 11.50.01 30.70675 298.0550 181.2676 0.6568 -2.1415 3.7310 350.6983 186.8960 387.1262 471.6879 -92.0364 130.5415 0.0000
3300.03 17.07.2018 12.00.01 30.81219 298.1756 169.3256 0.6135 -2.2095 3.7639 348.9632 185.4207 388.0289 471.1905 -90.7006 131.7988 0.0000
3310.03 17.07.2018 12.10.01 30.91134 298.1784 182.3271 0.6606 -2.2700 3.9075 339.6300 180.2878 389.2307 470.8513 -89.8425 133.2658 0.0000
3320.03 17.07.2018 12.20.01 31.01458 298.1479 202.8446 0.7349 -2.3751 4.1468 329.5150 174.7160 389.7990 470.0556 -88.8608 134.7207 0.0000
3330.03 17.07.2018 12.30.01 31.12512 298.1163 232.5736 0.8427 -2.5400 4.5102 322.3603 170.8260 390.0542 469.4992 -87.8122 136.1538 0.0000
3340.03 17.07.2018 12.40.01 31.24658 298.0785 227.2991 0.8235 -2.7785 4.8027 310.0606 163.7967 390.2079 467.8163 -85.9997 137.5608 0.0000
3350.03 17.07.2018 12.50.01 31.36456 298.0349 205.7056 0.7453 -3.0163 5.0154 301.0131 158.7390 390.1759 466.4612 -84.2897 138.9415 0.0000
3360.03 17.07.2018 13.00.01 31.47238 297.9937 186.7753 0.6767 -3.2206 5.1964 294.0978 154.9421 390.2836 465.3563 -82.8067 140.3019 0.0000
3370.03 17.07.2018 13.10.01 31.57113 297.8916 170.4827 0.6177 -3.3977 5.3539 290.3878 152.6209 389.4204 463.5903 -83.5081 141.6561 0.0000
3380.03 17.07.2018 13.20.01 31.66177 297.7932 163.5907 0.5927 -3.5553 5.5307 287.5361 150.7654 388.4947 461.9316 -84.0556 143.0346 0.0000
3390.03 17.07.2018 13.30.01 31.74828 297.6995 162.1327 0.5874 -3.7136 5.7347 283.4980 148.1435 387.6805 460.0192 -84.4431 144.4381 0.0000
3400.03 17.07.2018 13.40.01 31.83291 297.6057 158.7597 0.5752 -3.8815 5.9423 281.7097 146.8354 386.8375 458.4083 -84.9315 145.8647 0.0000
3410.03 17.07.2018 13.50.01 31.91500 297.5144 156.6021 0.5674 -4.0534 6.1611 280.2434 145.6974 386.0135 456.8284 -85.5344 147.3076 0.0000
3420.03 17.07.2018 14.00.01 31.99517 297.4205 149.3150 0.5410 -4.2321 6.3641 278.1588 144.2120 385.1154 455.1471 -86.1291 148.7726 0.0000
3430.03 17.07.2018 14.10.01 32.07168 297.2947 174.7883 0.6333 -4.4068 6.7202 278.4802 143.6817 383.0331 453.0972 -86.7308 150.2510 0.0000
3440.03 17.07.2018 14.20.01 32.15807 297.1694 193.5943 0.7014 -4.6427 7.1255 279.7210 143.6200 380.9405 451.1706 -87.0591 151.7501 0.0000
3450.03 17.07.2018 14.30.01 32.25186 297.0442 207.5303 0.7519 -4.9226 7.5660 281.2920 143.7022 378.8610 449.3511 -87.1270 153.2698 0.0000
3460.03 17.07.2018 14.40.01 32.35116 296.9197 223.5363 0.8099 -5.2364 8.0617 283.6937 144.1121 376.7027 447.5486 -87.0778 154.8115 0.0000
3470.03 17.07.2018 14.50.01 32.45696 296.7962 241.0466 0.8734 -5.5876 8.6145 287.2940 145.1524 374.6512 445.9807 -87.2457 156.3713 0.0000
3480.03 17.07.2018 15.00.01 32.56976 296.6711 248.0910 0.8989 -5.9776 9.1686 290.4544 145.9248 372.5551 444.4373 -87.3959 157.9571 0.0000
3490.03 17.07.2018 15.10.01 32.68411 296.4893 141.5720 0.5129 -6.3771 9.1868 280.3877 140.6247 371.0313 443.1870 -86.2065 158.7720 0.0000
3500.03 17.07.2018 15.20.01 32.75292 296.2960 84.5571 0.3064 -6.5672 9.1648 269.6286 134.9936 369.3863 441.4227 -85.3968 159.5437 0.0000
3510.03 17.07.2018 15.30.01 32.79678 296.1038 47.4562 0.1719 -6.6528 9.0997 259.8998 129.8858 367.6769 439.3746 -84.6408 160.2719 0.0000
3520.03 17.07.2018 15.40.01 32.82366 295.9136 12.0467 0.0436 -6.6770 8.9609 250.4058 124.8692 365.8595 437.1095 -83.2520 160.9745 0.0000
3530.03 17.07.2018 15.50.01 32.83438 295.7204 -10.4329 -0.0378 -6.6437 8.8078 241.3813 120.1523 364.0799 434.8215 -81.8672 161.6586 0.0000
3540.03 17.07.2018 16.00.01 32.83416 295.5327 -29.3634 -0.1064 -6.5796 8.6309 222.8652 110.7383 362.3710 432.3467 -79.5570 162.3260 0.0000
3550.03 17.07.2018 16.10.01 32.82461 295.2787 -42.3219 -0.1533 -6.4917 8.4512 214.4737 106.3828 360.3696 429.5622 -77.7289 162.8923 0.0000
3560.03 17.07.2018 16.20.01 32.80810 295.0249 -53.1320 -0.1925 -6.3929 8.2672 206.6592 102.3729 358.4661 427.0014 -75.8069 163.4405 0.0000
3570.03 17.07.2018 16.30.01 32.78561 294.7678 -65.4656 -0.2372 -6.2873 8.0668 198.9852 98.4669 356.6033 424.4793 -73.8376 163.9727 0.0000
3580.03 17.07.2018 16.40.01 32.74963 294.5158 -743.9321 -2.6954 -6.1705 4.6334 179.9913 90.9145 354.7404 421.8679 -71.3270 164.4816 0.0000
3590.03 17.07.2018 16.50.01 32.43890 294.2678 -371.1251 -1.3447 -4.6726 4.4373 171.3168 86.5078 352.8168 419.1102 -68.7734 164.9255 0.0000
3600.03 17.07.2018 17.00.01 32.27639 294.0099 -227.6637 -0.8249 -3.9976 4.2303 162.5441 82.0617 350.9255 416.4321 -66.3235 165.3520 0.0000
3610.03 17.07.2018 17.10.01 32.17092 293.7371 -180.2430 -0.6531 -3.6410 3.9839 152.0528 76.7518 349.3094 413.7559 -63.5799 165.7569 0.0000
3620.03 17.07.2018 17.20.01 32.08383 293.4656 -167.7694 -0.6079 -3.3943 3.7153 133.5348 67.4106 347.6390 410.8826 -60.1336 166.1409 0.0000
3630.03 17.07.2018 17.30.01 32.00082 293.1934 -167.6956 -0.6076 -3.1821 3.4327 122.7673 61.9431 345.9315 407.9347 -56.4556 166.4365 0.0000
3640.03 17.07.2018 17.40.01 31.91686 292.9212 -184.1578 -0.6672 -2.9794 3.0829 107.2660 54.0848 344.2651 404.9446 -52.6900 166.7138 0.0000
3650.03 17.07.2018 17.50.01 31.82531 292.6483 -196.6374 -0.7125 -2.7524 2.7199 94.5874 47.7059 342.5555 401.9672 -48.9058 166.9497 0.0000
3660.03 17.07.2018 18.00.01 31.72411 292.3755 -541.9968 -1.9638 -2.5094 0.7276 79.6624 41.2112 340.8433 399.0081 -45.1982 167.1646 0.0000
3670.03 17.07.2018 18.10.01 31.48324 292.0518 -301.2418 -1.0915 -1.5665 0.6334 67.2773 34.8399 339.5414 396.1706 -40.9122 167.3579 0.0000
3680.03 17.07.2018 18.20.01 31.33862 291.7341 -204.4429 -0.7407 -1.1498 0.5454 58.2537 30.1615 338.3372 393.5552 -36.7777 167.4987 0.0000
3690.03 17.07.2018 18.30.01 31.23303 291.4192 -164.2168 -0.5950 -0.9437 0.4650 48.4293 25.0933 337.1487 391.0775 -33.0467 167.6235 0.0000
3700.03 17.07.2018 18.40.01 31.14349 291.1060 -147.9073 -0.5359 -0.8250 0.3855 37.0814 19.2659 335.9829 388.6179 -29.4220 167.7165 0.0000
3710.03 17.07.2018 18.50.01 31.06045 290.7924 -143.9075 -0.5214 -0.7433 0.2959 25.0013 13.0579 334.7649 386.0859 -25.9229 167.7954 0.0000
3720.03 17.07.2018 19.00.01 30.97875 290.4804 -142.9581 -0.5180 -0.6730 0.2067 13.6759 7.2284 333.5452 383.5197 -22.6948 167.8536 0.0000
3730.03 17.07.2018 19.10.01 30.89706 290.0878 -138.7266 -0.5026 -0.6094 0.1424 10.7234 5.6405 332.1409 381.0039 -21.3085 167.8942 0.0000
3740.03 17.07.2018 19.20.01 30.81649 289.6947 -132.1763 -0.4789 -0.5623 0.1112 8.8040 4.6203 330.8506 378.7458 -20.5235 167.9273 0.0000
3750.03 17.07.2018 19.30.01 30.73794 289.3020 -130.2149 -0.4718 -0.5363 0.0860 6.5474 3.4413 329.6021 376.5842 -19.9333 167.9565 0.0000
3760.03 17.07.2018 19.40.01 30.65954 288.9095 -130.8208 -0.4740 -0.5205 0.0620 4.2727 2.2552 328.3692 374.4841 -19.4206 167.9801 0.0000
3770.03 17.07.2018 19.50.01 30.58029 288.5162 -133.0705 -0.4821 -0.5096 0.0366 2.1381 1.1375 327.1378 372.4236 -19.0527 167.9956 0.0000
3780.03 17.07.2018 20.00.01 30.49948 288.1230 -135.6750 -0.4916 -0.5000 0.0112 0.3565 0.1962 325.9099 370.4158 -18.7485 168.0068 0.0000
3790.03 17.07.2018 20.10.01 30.41717 287.7366 -135.0572 -0.4893 -0.4908 0.0020 0.0642 0.0353 324.8020 368.5606 -18.4279 168.0125 0.0000
3800.03 17.07.2018 20.20.01 30.33471 287.3537 -134.4961 -0.4873 -0.4876 0.0004 0.0115 0.0063 323.7530 366.8426 -18.2838 168.0182 0.0000
3810.03 17.07.2018 20.30.01 30.25204 286.9761 -134.9920 -0.4891 -0.4891 0.0001 0.0021 0.0011 322.7360 365.2109 -18.1834 168.0239 0.0000
3820.03 17.07.2018 20.40.01 30.16873 286.6053 -136.0986 -0.4931 -0.4931 0.0000 0.0004 0.0002 321.7353 363.6449 -18.1236 168.0296 0.0000
3830.03 17.07.2018 20.50.01 30.08462 286.2430 -137.4206 -0.4979 -0.4979 0.0000 0.0001 0.0000 320.7526 362.1302 -18.1722 168.0353 0.0000
3840.03 17.07.2018 21.00.01 29.99966 285.8944 -138.8841 -0.5032 -0.5032 0.0000 0.0000 0.0000 319.8136 360.7316 -17.9546 168.0406 0.0000
3850.03 17.07.2018 21.10.01 29.91384 285.8318 -139.4879 -0.5054 -0.5054 0.0000 0.0000 0.0000 319.3248 359.6847 -16.4470 168.0445 0.0000
3860.03 17.07.2018 21.20.01 29.82818 286.0260 -139.3457 -0.5049 -0.5049 0.0000 0.0000 0.0000 318.9428 358.9975 -14.3620 168.0464 0.0000
3870.03 17.07.2018 21.30.01 29.74301 286.1955 -138.9911 -0.5036 -0.5036 0.0000 0.0000 0.0000 318.6001 358.3840 -12.5605 168.0464 0.0000
3880.03 17.07.2018 21.40.01 29.65786 285.8270 -138.5941 -0.5022 -0.5022 0.0000 0.0000 0.0000 318.1127 357.2799 -12.9471 168.0464 0.0000
3890.03 17.07.2018 21.50.01 29.57269 285.8962 -138.7916 -0.5029 -0.5029 0.0000 0.0000 0.0000 317.7592 356.5795 -11.8380 168.0464 0.0000
3900.03 17.07.2018 22.00.01 29.48751 286.0086 -139.0448 -0.5038 -0.5038 0.0000 0.0000 0.0000 317.5022 355.9407 -10.5960 168.0464 0.0000
3910.03 17.07.2018 22.10.01 29.40228 285.9739 -139.3684 -0.5050 -0.5050 0.0000 0.0000 0.0000 317.1699 355.3071 -10.0176 168.0456 0.0000
3920.03 17.07.2018 22.20.01 29.31628 285.8387 -139.5734 -0.5057 -0.5057 0.0000 0.0000 0.0000 316.7936 354.6024 -9.9185 168.0441 0.0000
3930.03 17.07.2018 22.30.01 29.23022 285.6727 -140.7792 -0.5101 -0.5101 0.0000 0.0000 0.0000 316.3919 353.8859 -9.9851 168.0419 0.0000
3940.03 17.07.2018 22.40.01 29.14327 285.5348 -141.9364 -0.5143 -0.5143 0.0000 0.0000 0.0000 315.9956 353.1922 -9.9794 168.0376 0.0000
3950.03 17.07.2018 22.50.01 29.05560 285.3890 -143.1499 -0.5187 -0.5187 0.0000 0.0000 0.0000 315.5896 352.5085 -10.0329 168.0325 0.0000
3960.03 17.07.2018 23.00.01 28.96716 285.2396 -144.4982 -0.5235 -0.5235 0.0000 0.0000 0.0000 315.1753 351.8302 -10.1381 168.0260 0.0000
3970.03 17.07.2018 23.10.01 28.87786 285.1844 -145.8871 -0.5286 -0.5286 0.0000 0.0000 0.0000 314.7444 351.2204 -9.8159 168.0194 0.0000
3980.03 17.07.2018 23.20.01 28.78781 284.1839 -147.3275 -0.5338 -0.5338 0.0000 0.0000 0.0000 314.0052 350.0781 -12.6389 168.0122 0.0000
3990.03 17.07.2018 23.30.01 28.69665 284.1142 -149.1756 -0.5405 -0.5405 0.0000 0.0000 0.0000 313.5324 349.3155 -12.5458 168.0039 0.0000
4000.03 17.07.2018 23.40.01 28.60452 284.0013 -150.2521 -0.5444 -0.5444 0.0000 0.0000 0.0000 313.0800 348.5817 -12.4597 167.9958 0.0000
4010.03 17.07.2018 23.50.01 28.51199 283.8471 -151.3436 -0.5483 -0.5483 0.0000 0.0000 0.0000 312.6681 347.8177 -12.6393 167.9878 0.0000
4020.03 18.07.2018 00.00.01 28.41860 283.6561 -152.0708 -0.5510 -0.5510 0.0000 0.0000 0.0000 312.2690 347.0203 -13.0705 167.9798 0.0000
4030.03 18.07.2018 00.10.01 28.32476 283.6910 -152.7911 -0.5536 -0.5536 0.0000 0.0000 0.0000 311.9339 346.5016 -12.1774 167.9710 0.0000
4040.03 18.07.2018 00.20.01 28.23077 283.7035 -152.7670 -0.5535 -0.5535 0.0000 0.0000 0.0000 311.6083 346.0072 -11.5284 167.9617 0.0000
4050.03 18.07.2018 00.30.01 28.13656 283.6762 -153.1192 -0.5548 -0.5548 0.0000 0.0000 0.0000 311.4000 345.5443 -11.1496 167.9515 0.0000
4060.03 18.07.2018 00.40.01 28.04220 283.6329 -154.2630 -0.5589 -0.5589 0.0000 0.0000 0.0000 311.1456 345.1374 -10.5034 167.9408 0.0000
4070.03 18.07.2018 00.50.01 27.94723 283.6006 -154.2672 -0.5589 -0.5589 0.0000 0.0000 0.0000 310.8570 344.7315 -9.7614 167.9294 0.0000
4080.03 18.07.2018 01.00.01 27.85262 283.6023 -154.2717 -0.5590 -0.5590 0.0000 0.0000 0.0000 310.5699 344.3855 -9.0006 167.9175 0.0000
4090.03 18.07.2018 01.10.01 27.75802 283.4529 -154.2897 -0.5590 -0.5590 0.0000 0.0000 0.0000 310.3033 343.8505 -9.4587 167.9056 0.0000
4100.03 18.07.2018 01.20.01 27.66284 283.3444 -154.8032 -0.5609 -0.5609 0.0000 0.0000 0.0000 310.0205 343.3186 -9.7920 167.8952 0.0000
4110.03 18.07.2018 01.30.01 27.56732 283.2304 -155.9885 -0.5652 -0.5652 0.0000 0.0000 0.0000 309.6711 342.7804 -10.1491 167.8858 0.0000
4120.03 18.07.2018 01.40.01 27.47106 283.1222 -157.3495 -0.5701 -0.5701 0.0000 0.0000 0.0000 309.2722 342.2301 -10.5393 167.8761 0.0000
4130.03 18.07.2018 01.50.01 27.37402 283.0069 -158.5742 -0.5745 -0.5745 0.0000 0.0000 0.0000 308.8384 341.6411 -10.8827 167.8653 0.0000
4140.03 18.07.2018 02.00.01 27.27612 282.9008 -159.5997 -0.5783 -0.5783 0.0000 0.0004 0.0002 308.3894 341.0342 -11.1256 167.8539 0.0000
4150.03 18.07.2018 02.10.01 27.17767 282.9199 -159.5880 -0.5782 -0.5810 0.0038 0.2502 0.1333 308.1912 340.6015 -10.6346 167.8425 0.0000
4160.03 18.07.2018 02.20.01 27.07934 282.9698 -159.2615 -0.5770 -0.5835 0.0086 0.5366 0.2867 308.0612 340.2379 -10.0796 167.8284 0.0000
4170.03 18.07.2018 02.30.01 26.98141 283.0229 -158.9034 -0.5757 -0.5860 0.0136 0.8290 0.4434 307.9632 339.9231 -9.5404 167.8127 0.0000
4180.03 18.07.2018 02.40.01 26.88348 283.0757 -157.8826 -0.5720 -0.5861 0.0187 1.1225 0.6006 307.8863 339.6456 -9.0229 167.7954 0.0000
4190.03 18.07.2018 02.50.01 26.78643 283.1321 -157.3260 -0.5700 -0.5878 0.0238 1.4161 0.7580 307.8272 339.4085 -8.5170 167.7751 0.0000
4200.03 18.07.2018 03.00.01 26.68957 283.1934 -156.1742 -0.5658 -0.5875 0.0289 1.7134 0.9173 307.7846 339.2106 -8.0105 167.7533 0.0000
4210.03 18.07.2018 03.10.01 26.59353 283.4977 -148.2435 -0.5371 -0.5870 0.0666 4.1824 2.2341 308.1438 339.4930 -6.3231 167.7267 0.0000
4220.03 18.07.2018 03.20.01 26.50143 283.8157 -141.5523 -0.5129 -0.5982 0.1138 6.9712 3.7276 308.7034 339.9810 -4.8558 167.6971 0.0000
4230.03 18.07.2018 03.30.01 26.41262 284.1418 -136.7190 -0.4954 -0.6174 0.1627 9.8111 5.2491 309.3540 340.6035 -3.5435 167.6664 0.0000
4240.03 18.07.2018 03.40.01 26.32635 284.4724 -132.9526 -0.4817 -0.6407 0.2119 12.6608 6.7760 310.0550 341.3354 -2.3661 167.6347 0.0000
4250.03 18.07.2018 03.50.01 26.24218 284.8065 -129.7377 -0.4701 -0.6659 0.2612 15.5122 8.3039 310.7932 342.1602 -1.3056 167.6022 0.0000
4260.03 18.07.2018 04.00.01 26.15984 285.1416 -126.8096 -0.4595 -0.6923 0.3104 18.3643 9.8321 311.5453 343.0632 -0.3525 167.5692 0.0000
4270.03 18.07.2018 04.10.01 26.07934 285.4740 -123.3312 -0.4469 -0.7192 0.3631 21.4416 11.4804 312.7304 344.1033 0.3283 167.5394 0.0000
4280.03 18.07.2018 04.20.01 26.00082 285.8129 -120.0585 -0.4350 -0.7475 0.4167 24.5522 13.1470 313.9802 345.2341 0.9081 167.5167 0.0000
4290.03 18.07.2018 04.30.01 25.92425 286.1543 -116.8605 -0.4234 -0.7763 0.4705 27.6680 14.8166 315.2602 346.4320 1.4037 167.4999 0.0000
4300.03 18.07.2018 04.40.01 25.84957 286.4923 -113.7182 -0.4120 -0.8053 0.5244 30.7848 16.4866 316.5615 347.6815 1.7986 167.4899 0.0000
4310.03 18.07.2018 04.50.01 25.77688 286.8315 -110.6872 -0.4010 -0.8347 0.5782 91.8789 50.7099 317.8821 354.1084 -3.7209 167.4854 0.0000
4320.03 18.07.2018 05.00.01 25.70617 287.2598 -95.9065 -0.3475 -0.8636 0.6881 106.4410 58.7992 319.6314 357.8751 -5.5608 167.4854 0.0000
4330.03 18.07.2018 05.10.01 25.64218 287.7520 -97.0937 -0.3518 -0.9153 0.7514 444.5482 248.7529 321.4023 393.1268 -37.4904 167.4904 0.0000
4340.03 18.07.2018 05.20.01 25.57928 288.7594 -28.3587 -0.1027 -0.9556 1.1371 792.5751 444.1618 325.6459 442.0066 -75.3942 167.5013 0.0000
4350.03 18.07.2018 05.30.01 25.54635 289.6338 24.2419 0.0878 -1.1215 1.6124 1141.2328 639.8309 331.4715 501.3538 -119.0909 167.5369 0.0000
4360.03 18.07.2018 05.40.01 25.53796 290.4559 69.8474 0.2531 -1.3664 2.1594 1075.6199 602.6759 338.8256 516.6704 -128.9495 167.6052 0.0000
4370.03 18.07.2018 05.50.01 25.55126 291.1038 2.0968 0.0076 -1.6633 2.2279 993.8605 556.5720 342.4677 522.2658 -132.5748 167.7107 0.0000
4380.03 18.07.2018 06.00.01 25.54083 291.4912 -34.6471 -0.1255 -1.7748 2.1990 908.3368 508.3633 344.7030 522.8390 -133.6678 167.8248 0.0000
4390.03 18.07.2018 06.10.01 25.51949 291.7982 -35.8950 -0.1301 -1.7643 2.1791 865.3730 484.0241 346.0094 524.5918 -136.8870 167.9449 0.0000
4400.03 18.07.2018 06.20.01 25.50250 292.0954 -15.4767 -0.0561 -1.7016 2.1940 824.6245 460.9598 347.3425 525.0202 -139.0871 168.0729 0.0000
4410.03 18.07.2018 06.30.01 25.49926 292.3750 11.9470 0.0433 -1.6257 2.2253 782.6456 437.1298 348.6980 523.6324 -139.7836 168.2145 0.0000
4420.03 18.07.2018 06.40.01 25.51302 292.6687 44.5414 0.1614 -1.5470 2.2778 757.0634 422.4774 350.2206 523.2466 -140.0542 168.3649 0.0000
4430.03 18.07.2018 06.50.01 25.54601 292.9530 72.2582 0.2618 -1.4765 2.3178 736.0829 410.6050 351.6017 522.9038 -140.3110 168.5246 0.0000
4440.03 18.07.2018 07.00.01 25.59606 293.2304 101.2620 0.3669 -1.4069 2.3650 715.2617 398.8180 352.9630 521.8992 -140.2143 168.6938 0.0000
4450.03 18.07.2018 07.10.01 25.66339 293.3550 139.3515 0.5049 -1.3459 2.4678 687.8871 383.2488 354.1671 519.3288 -139.0392 168.8785 0.0000
4460.03 18.07.2018 07.20.01 25.75103 293.5309 170.1413 0.6165 -1.3185 2.5799 660.2962 367.5354 355.4005 516.1407 -137.4002 169.0789 0.0000
4470.03 18.07.2018 07.30.01 25.85537 293.7217 191.1033 0.6924 -1.3138 2.6750 631.8166 351.3147 356.4969 512.5393 -134.8966 169.3016 0.0000
4480.03 18.07.2018 07.40.01 25.97201 293.9400 215.7227 0.7816 -1.3175 2.7989 613.9831 341.0333 357.7865 509.9697 -132.5743 169.5414 0.0000
4490.03 18.07.2018 07.50.01 26.10171 294.1553 231.7680 0.8397 -1.3422 2.9093 595.5957 330.4392 358.9463 507.3849 -130.1144 169.8054 0.0000
4500.03 18.07.2018 08.00.01 26.24047 294.3769 242.9201 0.8801 -1.3764 3.0087 576.2529 319.2915 360.0293 504.6176 -127.3632 170.0902 0.0000
4510.03 18.07.2018 08.10.01 26.38589 294.4985 261.3609 0.9470 -1.4153 3.1497 534.8328 295.7467 361.3672 499.3495 -122.0837 170.4444 0.0000
4520.03 18.07.2018 08.20.01 26.54019 294.5910 264.1520 0.9571 -1.4800 3.2494 492.5746 271.7642 362.1189 493.3161 -116.2138 170.8087 0.0000
4530.03 18.07.2018 08.30.01 26.69647 294.6838 267.0779 0.9677 -1.5417 3.3459 450.8267 248.0930 362.7724 486.9774 -109.9872 171.1845 0.0000
4540.03 18.07.2018 08.40.01 26.85439 294.7644 264.9177 0.9598 -1.6061 3.4213 419.7153 230.3925 363.2093 481.4827 -104.3878 171.5693 0.0000
4550.03 18.07.2018 08.50.01 27.01153 294.8503 268.6748 0.9735 -1.6667 3.5201 389.9865 213.4850 363.7782 476.2144 -98.9595 171.9606 0.0000
4560.03 18.07.2018 09.00.01 27.16992 294.9426 270.5829 0.9804 -1.7389 3.6257 361.0921 197.0669 364.4316 471.0621 -93.5433 172.3637 0.0000
4570.03 18.07.2018 09.10.01 27.32833 295.0514 252.3111 0.9142 -1.8216 3.6477 353.8329 192.8364 365.3335 468.9098 -87.3340 172.7665 0.0000
4580.03 18.07.2018 09.20.01 27.47845 295.1950 248.3839 0.8999 -1.8756 3.7007 347.6161 189.1829 366.4488 467.2009 -82.9043 173.1551 0.0000
4590.03 18.07.2018 09.30.01 27.62582 295.2840 248.4196 0.9001 -1.9333 3.7778 342.3282 186.0480 367.8322 465.7019 -79.9169 173.5342 0.0000
4600.03 18.07.2018 09.40.01 27.77188 295.3932 242.8330 0.8798 -2.0049 3.8463 338.2137 183.5669 369.2820 464.6164 -77.2722 173.9063 0.0000
4610.03 18.07.2018 09.50.01 27.91421 295.5317 239.1737 0.8666 -2.0799 3.9286 334.8003 181.4832 370.7896 463.9438 -74.8515 174.2718 0.0000
4620.03 18.07.2018 10.00.01 28.05349 295.6292 229.4307 0.8313 -2.1637 3.9932 330.7709 179.0582 372.2644 463.3662 -72.8397 174.6313 0.0000
4630.03 18.07.2018 10.10.01 28.18719 295.6661 225.4216 0.8167 -2.2444 4.0815 338.0289 182.8410 374.5467 463.5540 -74.6975 174.9700 0.0000
4640.03 18.07.2018 10.20.01 28.31756 295.8983 224.1387 0.8121 -2.3336 4.1943 345.7036 186.8351 377.1058 464.3041 -76.1293 175.2964 0.0000
4650.03 18.07.2018 10.30.01 28.44595 296.2192 216.2034 0.7833 -2.4350 4.2912 352.4720 190.3109 380.0544 465.3375 -77.3111 175.6106 0.0000
4660.03 18.07.2018 10.40.01 28.56976 296.4441 215.2248 0.7798 -2.5344 4.4189 359.8557 194.1144 382.3598 467.1400 -77.0628 175.9151 0.0000
4670.03 18.07.2018 10.50.01 28.69213 296.5465 208.3254 0.7548 -2.6442 4.5320 366.3150 197.3875 384.2765 468.9376 -77.9764 176.5935 0.0000
4680.03 18.07.2018 11.00.01 28.81057 296.6752 200.9237 0.7280 -2.7529 4.6412 372.1388 200.2879 386.2070 470.2713 -80.7790 177.3337 0.0000
4690.03 18.07.2018 11.10.01 28.92440 296.6949 178.2934 0.6460 -2.8586 4.6728 354.1635 190.4025 387.2025 470.6666 -76.2311 178.1018 0.0000
4700.03 18.07.2018 11.20.01 29.02737 296.6834 140.6222 0.5095 -2.9290 4.5847 332.8878 178.7311 387.3599 469.9091 -71.3905 178.8783 0.0000
4710.03 18.07.2018 11.30.01 29.11321 296.6897 115.6751 0.4191 -2.9361 4.4736 311.9177 167.2791 387.0572 468.6868 -66.6371 179.6103 0.0000
4720.03 18.07.2018 11.40.01 29.18710 296.7323 102.8794 0.3728 -2.9063 4.3721 291.9699 156.3624 386.5530 467.0654 -62.1062 180.2974 0.0000
4730.03 18.07.2018 11.50.01 29.25427 296.7248 89.9886 0.3260 -2.8662 4.2564 273.9830 146.6458 385.5913 465.1807 -58.7544 180.9834 0.0000
4740.03 18.07.2018 12.00.01 29.31472 296.7404 80.6851 0.2923 -2.8130 4.1404 257.0787 137.5776 384.6340 463.2478 -55.2637 181.6411 0.0000
4750.03 18.07.2018 12.10.01 29.36974 296.7330 56.7760 0.2057 -2.7532 3.9452 253.4468 135.4108 383.0718 461.2720 -53.7732 182.3088 0.0000
4760.03 18.07.2018 12.20.01 29.41384 297.3405 71.6510 0.2596 -2.6587 3.8911 252.9622 134.9572 381.9905 460.4609 -52.5076 183.0355 0.0000
4770.03 18.07.2018 12.30.01 29.46340 298.0404 97.1329 0.3519 -2.6073 3.9457 253.7785 135.1865 380.9415 459.8968 -53.4999 183.8258 0.0000
4780.03 18.07.2018 12.40.01 29.52227 298.3321 115.2309 0.4175 -2.6218 4.0524 252.1326 133.8546 380.2664 458.4584 -53.8938 184.6880 0.0000
4790.03 18.07.2018 12.50.01 29.58792 298.6295 129.1759 0.4680 -2.6827 4.2009 251.4192 133.0005 379.6800 457.0651 -54.1672 185.6110 0.0000
4800.03 18.07.2018 13.00.01 29.65908 298.8714 147.7510 0.5353 -2.7777 4.4173 251.6898 132.6114 379.2850 455.8253 -54.3859 186.6102 0.0000
4810.03 18.07.2018 13.10.01 29.73736 298.5391 134.2271 0.4863 -2.9144 4.5343 247.2201 130.2637 381.2842 456.7752 -48.9864 187.6112 0.0000
4820.03 18.07.2018 13.20.01 29.80932 297.9542 104.3870 0.3782 -3.0254 4.5381 239.7523 126.2859 383.3113 456.6751 -46.5748 188.5226 0.0000
4830.03 18.07.2018 13.30.01 29.86883 298.1273 84.6595 0.3067 -3.0740 4.5077 231.0158 121.5924 385.0906 456.1081 -46.4706 189.3518 0.0000
4840.03 18.07.2018 13.40.01 29.91940 298.0021 64.7422 0.2346 -3.0875 4.4294 223.0420 117.4327 387.9174 455.7819 -42.3380 190.0623 0.0000
4850.03 18.07.2018 13.50.01 29.96078 297.7906 46.1570 0.1672 -3.0692 4.3152 214.8008 113.1685 386.5950 454.4704 -45.0642 190.7873 0.0000
4860.03 18.07.2018 14.00.01 29.99297 297.3987 23.8564 0.0864 -3.0292 4.1542 205.8674 108.5652 385.9581 452.0266 -51.5834 191.6231 0.0000
4870.03 18.07.2018 14.10.01 30.01388 297.3200 -15.9994 -0.0580 -2.9557 3.8637 189.5350 100.0370 384.7603 450.4403 -46.5141 192.4702 0.0000
4880.03 18.07.2018 14.20.01 30.01699 297.2995 -49.8130 -0.1805 -2.8105 3.5067 171.7561 90.7485 383.3122 448.3757 -41.7106 193.2208 0.0000
4890.03 18.07.2018 14.30.01 30.00479 297.1992 -75.0072 -0.2718 -2.6076 3.1144 153.5415 81.2575 381.6605 445.7604 -38.0703 193.8794 0.0000
4900.03 18.07.2018 14.40.01 29.98065 297.0691 -99.7037 -0.3612 -2.3647 2.6713 134.4284 71.3415 379.8753 442.7934 -33.9464 194.4480 0.0000
4910.03 18.07.2018 14.50.01 29.94485 296.9116 -120.2141 -0.4356 -2.0849 2.1992 115.0980 61.3428 377.8539 439.2572 -31.0776 194.9289 0.0000
4920.03 18.07.2018 15.00.01 29.89910 296.6749 -139.1038 -0.5040 -1.7773 1.6977 95.4789 51.2183 375.5886 435.3483 -29.1150 195.3121 0.0000
4930.03 18.07.2018 15.10.01 29.84457 296.5528 -77.1807 -0.2796 -1.4535 1.5651 89.7191 48.0902 372.4577 432.1716 -27.8657 195.4717 0.0000
4940.03 18.07.2018 15.20.01 29.81478 296.2103 -41.8801 -0.1517 -1.2743 1.4968 86.1260 46.1593 369.5232 428.6326 -29.3911 195.6299 0.0000
4950.03 18.07.2018 15.30.01 29.79812 295.8891 -28.4465 -0.1031 -1.1827 1.4395 82.8718 44.4143 366.6577 425.1633 -30.5770 195.7951 0.0000
4960.03 18.07.2018 15.40.01 29.78576 295.6526 -25.4851 -0.0923 -1.1305 1.3842 79.6838 42.7060 363.8565 422.0626 -30.2606 195.9776 0.0000
4970.03 18.07.2018 15.50.01 29.77358 295.4178 -27.3974 -0.0993 -1.0962 1.3293 76.5072 41.0038 361.1291 418.8971 -30.2749 196.1761 0.0000
4980.03 18.07.2018 16.00.01 29.75958 295.2047 -30.8554 -0.1118 -1.0683 1.2753 73.3522 39.3121 358.4174 415.7905 -30.0141 196.3851 0.0000
4990.03 18.07.2018 16.10.01 29.74447 295.4198 79.0914 0.2866 -1.0405 1.7695 81.9341 43.2123 358.2616 414.3138 -25.3998 196.5938 0.0000
5000.03 18.07.2018 16.20.01 29.77477 295.6491 141.2655 0.5118 -1.2387 2.3340 92.1737 48.0013 358.5640 413.7063 -22.4074 196.8349 0.0000
5010.03 18.07.2018 16.30.01 29.83163 295.8930 176.0732 0.6379 -1.5582 2.9282 102.7692 52.9625 359.1412 413.6215 -20.3274 197.1037 0.0000
5020.03 18.07.2018 16.40.01 29.90148 296.1389 -22.1428 -0.0802 -1.9406 2.4806 112.1177 57.9486 359.8941 414.0027 -18.7534 197.3930 0.0000
5030.03 18.07.2018 16.50.01 29.89208 296.3906 68.9486 0.2498 -1.9079 2.8770 124.5151 63.9556 360.8286 414.7904 -17.8793 197.6795 0.0000
5040.03 18.07.2018 17.00.01 29.91961 296.6458 107.3381 0.3889 -2.0692 3.2775 136.9368 69.9731 361.8446 415.8886 -17.7025 197.9792 0.0000
5050.03 18.07.2018 17.10.01 29.96179 296.3572 11.2303 0.0407 -2.3114 3.1362 130.1443 66.6417 361.5363 415.8197 -21.9347 198.3110 0.0000
5060.03 18.07.2018 17.20.01 29.96359 296.0299 -49.2122 -0.1783 -2.3617 2.9112 115.9377 59.4756 360.4841 414.4819 -25.1687 198.6632 0.0000
5070.03 18.07.2018 17.30.01 29.93911 295.6849 -83.3567 -0.3020 -2.3008 2.6651 106.4506 54.6509 359.2479 412.6196 -27.5860 198.9630 0.0000
5080.03 18.07.2018 17.40.01 29.89874 295.3326 -115.0016 -0.4167 -2.1855 2.3585 93.5330 48.1038 357.8712 410.3777 -29.1671 199.2456 0.0000
5090.03 18.07.2018 17.50.01 29.84371 294.9857 -135.3848 -0.4905 -2.0218 2.0417 82.3318 42.4555 356.4026 407.8865 -29.9914 199.4904 0.0000
5100.03 18.07.2018 18.00.01 29.77682 294.6428 -322.2885 -1.1677 -1.8321 0.8859 69.9719 36.7466 354.8835 405.2403 -30.1152 199.7152 0.0000
5110.03 18.07.2018 18.10.01 29.63342 294.2895 -192.3812 -0.6970 -1.2727 0.7675 59.3441 31.1975 352.8772 402.5405 -28.1282 199.9126 0.0000
5120.03 18.07.2018 18.20.01 29.54131 293.9373 -142.1646 -0.5151 -1.0043 0.6522 50.4294 26.5099 350.9283 399.8218 -26.1633 200.0719 0.0000
5130.03 18.07.2018 18.30.01 29.46877 293.5851 -122.7473 -0.4447 -0.8507 0.5413 41.1477 21.6450 348.9597 397.0902 -24.2220 200.2070 0.0000
5140.03 18.07.2018 18.40.01 29.40353 293.2354 -116.4519 -0.4219 -0.7450 0.4308 30.9010 16.2990 347.0063 394.3210 -22.0574 200.3176 0.0000
5150.03 18.07.2018 18.50.01 29.34026 292.8876 -116.6535 -0.4227 -0.6585 0.3145 20.3220 10.7785 345.0101 391.4731 -19.7346 200.4051 0.0000
5160.03 18.07.2018 19.00.01 29.27630 292.5440 -118.2878 -0.4286 -0.5774 0.1984 10.0891 5.4317 343.0121 388.5949 -17.3131 200.4710 0.0000
5170.03 18.07.2018 19.10.01 29.21127 292.3651 -109.2483 -0.3958 -0.4980 0.1363 7.4777 4.0145 342.8661 386.4959 -14.3729 200.5169 0.0000
5180.03 18.07.2018 19.20.01 29.14977 292.1230 -99.5622 -0.3607 -0.4398 0.1054 5.8677 3.1487 342.9606 384.7312 -12.6263 200.5530 0.0000
5190.03 18.07.2018 19.30.01 29.09210 291.8927 -94.8422 -0.3436 -0.4037 0.0801 4.4356 2.3808 343.1251 383.1715 -11.3255 200.5843 0.0000
5200.03 18.07.2018 19.40.01 29.03619 291.6635 -93.2242 -0.3378 -0.3796 0.0558 3.0358 1.6306 343.3317 381.7520 -10.3783 200.6135 0.0000
5210.03 18.07.2018 19.50.01 28.98071 291.4463 -93.3143 -0.3381 -0.3619 0.0317 1.6418 0.8836 343.5711 380.4449 -9.7025 200.6372 0.0000
5220.03 18.07.2018 20.00.01 28.92486 291.2431 -94.2336 -0.3414 -0.3472 0.0077 0.2507 0.1383 343.8208 379.2465 -9.0399 200.6605 0.0000
5230.03 18.07.2018 20.10.01 28.86837 291.1472 -91.5276 -0.3316 -0.3326 0.0013 0.0422 0.0232 345.3473 378.5168 -8.1388 200.6719 0.0000
5240.03 18.07.2018 20.20.01 28.81295 291.0311 -89.8962 -0.3257 -0.3259 0.0002 0.0079 0.0043 346.9954 377.9669 -7.6887 200.6833 0.0000
5250.03 18.07.2018 20.30.01 28.75802 290.9348 -89.4228 -0.3240 -0.3240 0.0000 0.0014 0.0008 348.6956 377.5448 -7.4847 200.6947 0.0000
5260.03 18.07.2018 20.40.01 28.70309 290.8384 -89.6283 -0.3247 -0.3247 0.0000 0.0003 0.0001 350.4402 377.1965 -7.5683 200.7061 0.0000
5270.03 18.07.2018 20.50.01 28.64791 290.7481 -90.1929 -0.3268 -0.3268 0.0000 0.0000 0.0000 352.2113 376.9262 -7.8437 200.7175 0.0000
5280.03 18.07.2018 21.00.01 28.59210 290.6588 -90.6135 -0.3283 -0.3283 0.0000 0.0000 0.0000 354.0026 376.7227 -8.2743 200.7280 0.0000
5290.03 18.07.2018 21.10.01 28.53619 290.5794 -91.7048 -0.3323 -0.3323 0.0000 0.0000 0.0000 353.7931 376.3789 -8.3836 200.7344 0.0000
5300.03 18.07.2018 21.20.01 28.47943 290.4992 -92.8344 -0.3364 -0.3364 0.0000 0.0000 0.0000 353.4888 375.9748 -8.4424 200.7401 0.0000
5310.03 18.07.2018 21.30.01 28.42190 290.4143 -94.3374 -0.3418 -0.3418 0.0000 0.0000 0.0000 353.1749 375.5551 -8.4936 200.7459 0.0000
5320.03 18.07.2018 21.40.01 28.36346 290.3295 -95.7309 -0.3469 -0.3469 0.0000 0.0000 0.0000 352.8582 375.1323 -8.5174 200.7516 0.0000
5330.03 18.07.2018 21.50.01 28.30416 290.2441 -96.8777 -0.3510 -0.3510 0.0000 0.0000 0.0000 352.5405 374.7081 -8.5214 200.7573 0.0000
5340.03 18.07.2018 22.00.01 28.24420 290.1586 -97.9301 -0.3548 -0.3548 0.0000 0.0000 0.0000 352.2253 374.2846 -8.5108 200.7630 0.0000
5350.03 18.07.2018 22.10.01 28.18377 290.0984 -98.9141 -0.3584 -0.3584 0.0000 0.0000 0.0000 351.4033 373.8321 -8.2880 200.7687 0.0000
5360.03 18.07.2018 22.20.01 28.12258 290.0368 -99.4561 -0.3603 -0.3603 0.0000 0.0000 0.0000 350.5556 373.3499 -8.0578 200.7744 0.0000
5370.03 18.07.2018 22.30.01 28.06124 289.9766 -100.4635 -0.3640 -0.3640 0.0000 0.0000 0.0000 349.7012 372.8561 -7.8034 200.7801 0.0000
5380.03 18.07.2018 22.40.01 27.99911 289.9115 -100.8001 -0.3652 -0.3652 0.0000 0.0000 0.0000 348.8469 372.3458 -7.5624 200.7858 0.0000
5390.03 18.07.2018 22.50.01 27.93685 289.8467 -101.3993 -0.3674 -0.3674 0.0000 0.0000 0.0000 347.9919 371.8284 -7.3066 200.7915 0.0000
5400.03 18.07.2018 23.00.01 27.87444 289.7801 -102.1345 -0.3701 -0.3701 0.0000 0.0000 0.0000 347.1367 371.3019 -7.0569 200.7972 0.0000
5410.03 18.07.2018 23.10.01 27.81130 289.5986 -102.2658 -0.3705 -0.3705 0.0000 0.0000 0.0000 346.0762 370.6340 -7.3950 200.8029 0.0000
5420.03 18.07.2018 23.20.01 27.74813 289.3979 -102.9121 -0.3729 -0.3729 0.0000 0.0000 0.0000 344.9835 369.9044 -7.7196 200.8086 0.0000
5430.03 18.07.2018 23.30.01 27.68475 289.2096 -103.6308 -0.3755 -0.3755 0.0000 0.0000 0.0000 343.8798 369.1604 -7.9420 200.8143 0.0000
5440.03 18.07.2018 23.40.01 27.62066 289.0223 -103.7624 -0.3760 -0.3760 0.0000 0.0000 0.0000 342.7700 368.3952 -8.1450 200.8200 0.0000
5450.03 18.07.2018 23.50.01 27.55657 288.8348 -104.2376 -0.3777 -0.3777 0.0000 0.0000 0.0000 341.6548 367.6135 -8.2820 200.8224 0.0000
5460.03 19.07.2018 00.00.01 27.49249 288.6494 -104.9974 -0.3804 -0.3804 0.0000 0.0000 0.0000 340.5396 366.8197 -8.3826 200.8236 0.0000
5470.03 19.07.2018 00.10.01 27.42773 288.4422 -105.1030 -0.3808 -0.3808 0.0000 0.0000 0.0000 339.6461 366.0586 -8.5347 200.8236 0.0000
5480.03 19.07.2018 00.20.01 27.36276 288.2490 -105.2895 -0.3815 -0.3815 0.0000 0.0000 0.0000 338.7763 365.3085 -8.6484 200.8236 0.0000
5490.03 19.07.2018 00.30.01 27.29775 288.0500 -105.9162 -0.3838 -0.3838 0.0000 0.0000 0.0000 337.9025 364.5377 -8.7971 200.8236 0.0000
5500.03 19.07.2018 00.40.01 27.23251 287.8464 -106.5787 -0.3862 -0.3862 0.0000 0.0000 0.0000 337.0238 363.7516 -8.9608 200.8236 0.0000
5510.03 19.07.2018 00.50.01 27.16662 287.6395 -106.7028 -0.3866 -0.3866 0.0000 0.0000 0.0000 336.1398 362.9559 -9.1244 200.8236 0.0000
5520.03 19.07.2018 01.00.01 27.10070 287.4316 -107.1349 -0.3882 -0.3882 0.0000 0.0000 0.0000 335.2556 362.1548 -9.2816 200.8236 0.0000
5530.03 19.07.2018 01.10.01 27.03478 287.3315 -107.8350 -0.3907 -0.3907 0.0000 0.0000 0.0000 335.0544 361.5122 -9.0488 200.8236 0.0000
5540.03 19.07.2018 01.20.01 26.96856 287.2356 -108.0492 -0.3915 -0.3915 0.0000 0.0000 0.0000 334.9109 360.9207 -8.8948 200.8236 0.0000
5550.03 19.07.2018 01.30.01 26.90225 287.1406 -108.0669 -0.3915 -0.3915 0.0000 0.0000 0.0000 334.7800 360.3639 -8.7802 200.8236 0.0000
5560.03 19.07.2018 01.40.01 26.83599 287.0519 -108.0760 -0.3916 -0.3916 0.0000 0.0000 0.0000 334.6520 359.8541 -8.6260 200.8236 0.0000
5570.03 19.07.2018 01.50.01 26.76977 287.0336 -108.0519 -0.3915 -0.3915 0.0000 0.0000 0.0000 334.5314 359.4926 -8.0669 200.8236 0.0000
5580.03 19.07.2018 02.00.01 26.70376 286.9614 -108.0332 -0.3914 -0.3914 0.0000 0.0003 0.0002 334.4453 359.0387 -8.0036 200.8236 0.0000
5590.03 19.07.2018 02.10.01 26.63766 286.9579 -107.4840 -0.3894 -0.3915 0.0028 0.1856 0.0989 333.8287 358.6909 -7.6722 200.8236 0.0000
5600.03 19.07.2018 02.20.01 26.57128 286.8922 -107.5350 -0.3896 -0.3944 0.0064 0.3982 0.2128 333.1720 358.1853 -7.8773 200.8236 0.0000
5610.03 19.07.2018 02.30.01 26.50469 286.6903 -108.3419 -0.3925 -0.4001 0.0101 0.6151 0.3290 332.4722 357.4692 -8.5894 200.8236 0.0000
5620.03 19.07.2018 02.40.01 26.43749 286.5270 -109.1292 -0.3954 -0.4058 0.0139 0.8328 0.4456 331.7482 356.7822 -9.0141 200.8236 0.0000
5630.03 19.07.2018 02.50.01 26.36993 286.3951 -109.5290 -0.3968 -0.4101 0.0176 1.0507 0.5624 330.9841 356.1103 -9.2554 200.8236 0.0000
5640.03 19.07.2018 03.00.01 26.30218 286.2958 -109.8283 -0.3979 -0.4140 0.0215 1.2737 0.6819 330.1979 355.4893 -9.3203 200.8236 0.0000
5650.03 19.07.2018 03.10.01 26.23452 286.3202 -100.6407 -0.3646 -0.4183 0.0715 4.5772 2.4433 329.8094 355.3545 -8.6921 200.8236 0.0000
5660.03 19.07.2018 03.20.01 26.17065 286.3580 -93.6259 -0.3392 -0.4405 0.1351 8.3346 4.4554 329.5992 355.4029 -8.3172 200.8236 0.0000
5670.03 19.07.2018 03.30.01 26.10980 286.4041 -89.8162 -0.3254 -0.4762 0.2010 12.1643 6.5073 329.4599 355.5379 -8.1505 200.8236 0.0000
5680.03 19.07.2018 03.40.01 26.05071 286.4473 -87.5339 -0.3172 -0.5177 0.2674 16.0080 8.5668 329.3582 355.7425 -8.1273 200.8275 0.0000
5690.03 19.07.2018 03.50.01 25.99273 286.4879 -85.9579 -0.3114 -0.5618 0.3338 19.8541 10.6276 329.2819 356.0131 -8.2006 200.8332 0.0000
5700.03 19.07.2018 04.00.01 25.93563 286.5279 -84.6437 -0.3067 -0.6069 0.4003 23.7059 12.6915 329.2245 356.3422 -8.3441 200.8389 0.0000
5710.03 19.07.2018 04.10.01 25.87942 286.8842 -73.4723 -0.2662 -0.6515 0.5138 30.6865 16.4231 329.8748 357.3070 -7.1740 200.8448 0.0000
5720.03 19.07.2018 04.20.01 25.82845 287.2554 -64.1888 -0.2326 -0.7133 0.6410 38.1280 20.4093 330.7378 358.5724 -6.3263 200.8563 0.0000
5730.03 19.07.2018 04.30.01 25.78201 287.6285 -57.7564 -0.2093 -0.7872 0.7706 45.6431 24.4358 331.6960 360.0278 -5.7284 200.8763 0.0000
5740.03 19.07.2018 04.40.01 25.73885 288.0043 -52.9607 -0.1919 -0.8673 0.9006 53.1723 28.4701 332.7105 361.6436 -5.3256 200.9025 0.0000
5750.03 19.07.2018 04.50.01 25.69839 288.3833 -48.9453 -0.1773 -0.9504 1.0307 78.3489 42.4132 333.7689 365.0493 -6.6865 200.9343 0.0000
5760.03 19.07.2018 05.00.01 25.66027 288.7799 -41.7689 -0.1513 -1.0347 1.1778 90.1228 48.8280 334.9880 367.7388 -7.3979 200.9728 0.0000
5770.03 19.07.2018 05.10.01 25.62582 289.1851 -38.7757 -0.1405 -1.1263 1.3144 168.5503 92.7041 336.1862 376.9692 -13.9890 201.0200 0.0000
5780.03 19.07.2018 05.20.01 25.59359 289.7480 -21.6856 -0.0786 -1.2162 1.5169 249.2392 137.8355 337.9366 388.4531 -22.0387 201.0778 0.0000
5790.03 19.07.2018 05.30.01 25.56927 290.2693 -7.5364 -0.0273 -1.3315 1.7389 329.8948 182.9220 340.0075 401.2521 -31.4653 201.1541 0.0000
5800.03 19.07.2018 05.40.01 25.55206 290.7926 5.1150 0.0185 -1.4633 1.9758 307.5917 170.1449 342.3569 404.5002 -32.8654 201.2441 0.0000
5810.03 19.07.2018 05.50.01 25.54128 291.1072 -9.7125 -0.0352 -1.6059 2.0942 281.4536 155.2498 343.8796 405.7893 -32.0465 201.3553 0.0000
5820.03 19.07.2018 06.00.01 25.52599 291.4927 -16.7722 -0.0608 -1.7010 2.1870 254.5752 139.9481 345.0886 405.8493 -30.8459 201.4761 0.0000
5830.03 19.07.2018 06.10.01 25.50924 291.7377 -29.4384 -0.1067 -1.7638 2.2096 290.4914 160.0400 346.7047 412.0495 -32.3610 201.5963 0.0000
5840.03 19.07.2018 06.20.01 25.48922 292.3578 -16.8799 -0.0612 -1.7807 2.2927 327.9832 180.9835 349.0861 420.2593 -33.2959 201.7070 0.0000
5850.03 19.07.2018 06.30.01 25.47634 293.0596 -2.7214 -0.0099 -1.8037 2.3918 364.9771 201.6036 350.4325 427.5131 -41.7077 201.8156 0.0000
5860.03 19.07.2018 06.40.01 25.47131 293.8593 10.2392 0.0371 -1.8358 2.4972 384.6201 212.4615 353.0908 435.2930 -39.1444 201.9385 0.0000
5870.03 19.07.2018 06.50.01 25.47372 293.9743 18.9450 0.0686 -1.8717 2.5871 405.5321 224.1052 355.4634 440.9606 -46.0427 202.0517 0.0000
5880.03 19.07.2018 07.00.01 25.48208 294.0498 27.7358 0.1005 -1.9029 2.6712 426.0298 235.5107 356.6392 446.4751 -55.3113 202.1938 0.0000
5890.03 19.07.2018 07.10.01 25.49612 294.5563 46.3019 0.1678 -1.9312 2.7987 425.0716 234.8034 359.0651 450.4541 -54.8406 202.3411 0.0000
5900.03 19.07.2018 07.20.01 25.52014 294.8689 56.4735 0.2046 -1.9749 2.9060 423.2004 233.5799 359.2887 453.2585 -61.9544 202.5101 0.0000
5910.03 19.07.2018 07.30.01 25.55026 294.8482 64.5074 0.2337 -2.0196 3.0045 420.8168 232.0628 359.4922 454.1143 -72.2190 202.7250 0.0000
5920.03 19.07.2018 07.40.01 25.58575 295.2292 76.5121 0.2772 -2.0599 3.1162 420.6584 231.7764 362.9148 460.2194 -54.0293 202.9316 0.0000
5930.03 19.07.2018 07.50.01 25.62853 295.1199 85.7140 0.3106 -2.1010 3.2154 419.9420 231.1742 362.9044 460.2337 -70.1687 203.1414 0.0000
5940.03 19.07.2018 08.00.01 25.67690 294.9026 93.8248 0.3399 -2.1436 3.3113 418.7562 230.2944 362.3592 457.7566 -90.3001 203.4576 0.0000
5950.03 19.07.2018 08.10.01 25.73025 295.1109 95.6099 0.3464 -2.1851 3.3753 436.7782 240.2107 362.9647 460.3322 -91.6873 203.8543 0.0000
5960.03 19.07.2018 08.20.01 25.78622 295.3474 107.7779 0.3905 -2.2111 3.4688 455.1205 250.2725 363.9309 463.4978 -93.8297 204.2631 0.0000
5970.03 19.07.2018 08.30.01 25.84902 295.5870 120.1833 0.4354 -2.2438 3.5723 473.1015 260.1022 365.0744 466.9353 -96.3402 204.6885 0.0000
5980.03 19.07.2018 08.40.01 25.91866 295.8277 128.9891 0.4674 -2.2846 3.6692 486.9138 267.5804 366.2255 470.1704 -98.8366 205.1311 0.0000
5990.03 19.07.2018 08.50.01 25.99362 296.0651 135.8089 0.4921 -2.3277 3.7597 499.8213 274.5262 367.3806 473.3636 -101.2016 205.5880 0.0000
6000.03 19.07.2018 09.00.01 26.07287 296.2995 145.3026 0.5265 -2.3701 3.8620 512.0844 281.0685 368.6355 476.5524 -103.7921 206.0637 0.0000
6010.03 19.07.2018 09.10.01 26.15746 296.5548 157.4276 0.5704 -2.4181 3.9847 507.6631 278.2878 370.2028 478.6366 -102.3171 206.5536 0.0000
6020.03 19.07.2018 09.20.01 26.24828 296.7964 158.0665 0.5727 -2.4776 4.0671 501.7627 274.6840 371.5981 480.3186 -99.9732 207.0614 0.0000
6030.03 19.07.2018 09.30.01 26.34072 297.0169 168.7565 0.6114 -2.5255 4.1826 496.9010 271.6502 373.1466 481.7331 -99.0218 207.5806 0.0000
6040.03 19.07.2018 09.40.01 26.43871 297.2460 171.7420 0.6223 -2.5835 4.2743 492.4824 268.8555 374.6597 483.2441 -96.9526 208.1132 0.0000
6050.03 19.07.2018 09.50.01 26.53915 297.4766 182.1160 0.6598 -2.6358 4.3942 489.1689 266.6760 376.2916 484.8366 -94.9854 208.6608 0.0000
6060.03 19.07.2018 10.00.01 26.64486 297.6973 182.2189 0.6602 -2.6984 4.4782 484.1765 263.5498 377.7764 485.9728 -93.9292 209.2213 0.0000
6070.03 19.07.2018 10.10.01 26.75173 297.6558 193.3496 0.7005 -2.7508 4.6019 466.6384 253.5427 381.4184 487.6330 -86.3981 209.7432 0.0000
6080.03 19.07.2018 10.20.01 26.86416 298.0619 187.5546 0.6795 -2.8145 4.6587 447.3853 242.6155 385.0822 486.8727 -86.3450 210.2016 0.0000
6090.03 19.07.2018 10.30.01 26.97531 298.2732 177.9897 0.6449 -2.8547 4.6661 427.3149 231.2765 387.9814 485.1666 -88.2861 210.5980 0.0000
6100.03 19.07.2018 10.40.01 27.08318 298.4435 184.6738 0.6691 -2.8708 4.7199 411.9838 222.5843 389.5356 486.3624 -72.2251 210.9502 0.0000
6110.03 19.07.2018 10.50.01 27.19454 299.3943 186.1498 0.6745 -2.8919 4.7552 396.6514 213.9225 390.1730 486.4026 -66.5177 211.7470 0.0000
6120.03 19.07.2018 11.00.01 27.30682 299.1671 185.9348 0.6737 -2.9152 4.7851 381.7909 205.5543 390.2549 483.5708 -77.9532 212.6533 0.0000
6130.03 19.07.2018 11.10.01 27.41854 299.1750 150.2964 0.5446 -2.9379 4.6432 351.2822 188.9033 392.6202 483.6386 -64.6193 213.5896 0.0000
6140.03 19.07.2018 11.20.01 27.51501 299.0351 114.4605 0.4147 -2.8878 4.4034 318.5221 171.0602 394.7783 481.1158 -61.5741 214.4405 0.0000
6150.03 19.07.2018 11.30.01 27.59637 299.3298 95.0249 0.3443 -2.7654 4.1463 286.5106 153.6934 396.8664 476.5269 -64.7624 215.1806 0.0000
6160.03 19.07.2018 11.40.01 27.66891 298.5599 85.6669 0.3104 -2.6131 3.8980 256.1243 137.2139 396.2861 473.0329 -56.6887 215.8468 0.0000
6170.03 19.07.2018 11.50.01 27.73602 298.5238 74.5539 0.2701 -2.4586 3.6383 227.9327 122.0702 395.2945 468.2178 -57.7858 216.6062 0.0000
6180.03 19.07.2018 12.00.01 27.79666 298.3138 64.7742 0.2347 -2.2994 3.3788 201.0175 107.6903 394.2942 462.1437 -63.1336 217.4567 0.0000
6190.03 19.07.2018 12.10.01 27.85180 298.2218 76.0985 0.2757 -2.1370 3.2170 194.3558 104.0195 392.7127 458.3990 -59.8465 218.3298 0.0000
6200.03 19.07.2018 12.20.01 27.91061 298.1637 101.4352 0.3675 -2.0134 3.1746 191.4452 102.4221 391.7279 455.6606 -57.4472 219.1872 0.0000
6210.03 19.07.2018 12.30.01 27.97878 298.1205 115.9479 0.4201 -1.9553 3.1672 189.2469 101.2109 391.0155 453.3740 -55.3852 220.0465 0.0000
6220.03 19.07.2018 12.40.01 28.05181 298.0842 120.3563 0.4361 -1.9377 3.1650 186.7146 99.7819 390.4036 451.2947 -53.5449 220.9103 0.0000
6230.03 19.07.2018 12.50.01 28.12527 298.0508 119.9664 0.4347 -1.9386 3.1643 184.4328 98.4933 389.8482 449.4629 -51.8288 221.7803 0.0000
6240.03 19.07.2018 13.00.01 28.19787 298.0215 117.0193 0.4240 -1.9526 3.1687 182.3555 97.3117 389.3311 447.8296 -50.3521 222.6580 0.0000
6250.03 19.07.2018 13.10.01 28.26891 298.0419 170.0784 0.6162 -1.9753 3.4553 196.8235 104.4988 386.9610 447.0485 -49.6393 223.5621 0.0000
6260.03 19.07.2018 13.20.01 28.36129 298.0590 225.1447 0.8157 -2.1211 3.9158 215.3890 113.8649 385.0788 446.8826 -51.5227 224.5784 0.0000
6270.03 19.07.2018 13.30.01 28.47613 297.9941 267.1242 0.9678 -2.3883 4.4749 234.0845 123.1487 383.4343 446.6355 -55.0538 225.7131 0.0000
6280.03 19.07.2018 13.40.01 28.60842 298.0876 302.9615 1.0977 -2.7456 5.1243 255.0709 133.6135 382.0226 447.1226 -58.2473 226.9559 0.0000
6290.03 19.07.2018 13.50.01 28.75588 298.2016 335.2672 1.2147 -3.1778 5.8567 277.0601 144.5418 380.7959 448.0581 -61.9359 228.3017 0.0000
6300.03 19.07.2018 14.00.01 28.91702 298.3245 358.7725 1.2999 -3.6754 6.6337 298.8133 155.2563 379.5568 449.2666 -65.7643 229.7514 0.0000
6310.03 19.07.2018 14.10.01 29.08645 298.2226 219.7685 0.7963 -4.2131 6.6791 292.8424 152.3326 379.8341 450.1069 -67.7619 231.2879 0.0000
6320.03 19.07.2018 14.20.01 29.19723 298.1035 114.2260 0.4139 -4.4642 6.5041 280.4306 145.9000 379.2235 449.1578 -69.3147 232.8181 0.0000
6330.03 19.07.2018 14.30.01 29.26275 297.9702 50.1733 0.1818 -4.5082 6.2533 266.6378 138.7650 378.2043 447.6529 -69.8780 234.3190 0.0000
6340.03 19.07.2018 14.40.01 29.29980 297.8396 1.8365 0.0067 -4.4370 5.9249 251.4109 130.9292 377.0018 445.8034 -68.9640 235.7746 0.0000
6350.03 19.07.2018 14.50.01 29.31481 297.7143 -29.9848 -0.1086 -4.2826 5.5653 236.3436 123.2395 375.7775 443.7473 -67.5324 237.1764 0.0000
6360.03 19.07.2018 15.00.01 29.31484 297.5933 -60.4944 -0.2192 -4.0791 5.1466 220.3937 115.1181 374.4768 441.3977 -65.5330 238.5264 0.0000
6370.03 19.07.2018 15.10.01 29.30078 297.4185 -56.0274 -0.2030 -3.8344 4.8419 206.8868 108.1424 373.3670 439.1149 -62.7708 239.1740 0.0000
6380.03 19.07.2018 15.20.01 29.28759 297.2444 -56.6155 -0.2051 -3.6114 4.5417 194.3403 101.7222 372.3360 436.8082 -60.0443 239.7823 0.0000
6390.03 19.07.2018 15.30.01 29.27288 297.0729 -64.5906 -0.2340 -3.4002 4.2216 182.3199 95.5912 371.3520 434.4737 -57.2049 240.3519 0.0000
6400.03 19.07.2018 15.40.01 29.25353 296.9015 -84.4220 -0.3059 -3.1834 3.8367 169.5703 89.1219 370.3414 432.0810 -54.1715 240.8796 0.0000
6410.03 19.07.2018 15.50.01 29.22491 296.7310 -100.3240 -0.3635 -2.9373 3.4317 156.8116 82.6764 369.3249 429.6758 -51.0048 241.3774 0.0000
6420.03 19.07.2018 16.00.01 29.18859 296.5635 -114.3085 -0.4142 -2.6702 3.0080 142.9487 75.6983 368.3103 427.2419 -47.6818 241.8435 0.0000
6430.03 19.07.2018 16.10.01 29.14657 296.4642 0.8325 0.0030 -2.3859 3.1852 142.8467 75.2523 366.7777 424.9430 -45.0437 242.2621 0.0000
6440.03 19.07.2018 16.20.01 29.15109 296.3651 60.1444 0.2179 -2.3501 3.4241 144.4931 75.7598 365.3734 423.0941 -43.9010 242.6928 0.0000
6450.03 19.07.2018 16.30.01 29.17983 296.2704 88.5501 0.3208 -2.4404 3.6816 146.4708 76.4390 364.0837 421.4921 -43.1627 243.1367 0.0000
6460.03 19.07.2018 16.40.01 29.21826 296.1793 -91.9751 -0.3332 -2.5897 3.0086 146.5481 76.7477 362.8221 420.0948 -42.1284 243.5969 0.0000
6470.03 19.07.2018 16.50.01 29.18389 296.0864 -0.2180 -0.0008 -2.3681 3.1564 149.4591 77.9762 361.6364 418.7934 -41.9291 244.0489 0.0000
6480.03 19.07.2018 17.00.01 29.18609 296.0388 36.0844 0.1307 -2.3481 3.3051 152.3653 79.2021 360.4620 417.6971 -41.8701 244.5121 0.0000
6490.03 19.07.2018 17.10.01 29.20196 295.8133 -25.0044 -0.0906 -2.4095 3.0918 140.4195 73.0022 359.2152 415.9989 -41.5969 244.9720 0.0000
6500.03 19.07.2018 17.20.01 29.19189 295.5634 -66.7463 -0.2418 -2.3509 2.8121 122.8215 63.8727 357.6560 413.7024 -39.3903 245.4035 0.0000
6510.03 19.07.2018 17.30.01 29.16348 295.3127 -90.9285 -0.3295 -2.2165 2.5161 108.6387 56.4356 356.0364 411.1322 -36.6719 245.7638 0.0000
6520.03 19.07.2018 17.40.01 29.12390 295.0636 -112.7376 -0.4085 -2.0445 2.1813 92.0448 47.7824 354.3996 408.5310 -32.6972 246.0799 0.0000
6530.03 19.07.2018 17.50.01 29.07403 294.8213 -126.8309 -0.4595 -1.8392 1.8395 76.7485 39.8083 352.7515 405.7950 -28.8998 246.3514 0.0000
6540.03 19.07.2018 18.00.01 29.01565 294.5836 -283.9647 -1.0289 -1.6175 0.7848 60.4931 31.7970 351.0698 402.9554 -25.1509 246.5867 0.0000
6550.03 19.07.2018 18.10.01 28.89303 294.2477 -163.6176 -0.5928 -1.0858 0.6574 50.5776 26.5928 349.6709 400.2753 -22.8314 246.7809 0.0000
6560.03 19.07.2018 18.20.01 28.81786 293.9132 -112.8587 -0.4089 -0.8252 0.5550 42.8814 22.5425 348.3984 397.7347 -20.8954 246.9327 0.0000
6570.03 19.07.2018 18.30.01 28.76245 293.5772 -92.8878 -0.3365 -0.6817 0.4601 34.9868 18.4039 347.1210 395.2405 -19.1021 247.0558 0.0000
6580.03 19.07.2018 18.40.01 28.71438 293.2421 -86.4717 -0.3133 -0.5883 0.3667 26.2979 13.8711 345.8636 392.7432 -17.3246 247.1509 0.0000
6590.03 19.07.2018 18.50.01 28.66821 292.9056 -87.0227 -0.3153 -0.5163 0.2680 17.3150 9.1837 344.5741 390.2079 -15.4610 247.2284 0.0000
6600.03 19.07.2018 19.00.01 28.62103 292.5675 -89.3686 -0.3238 -0.4510 0.1696 8.6317 4.6469 343.2851 387.6645 -13.6219 247.2869 0.0000
6610.03 19.07.2018 19.10.01 28.57220 292.2048 -83.3087 -0.3018 -0.3894 0.1167 6.4067 3.4395 341.8339 385.3353 -12.4969 247.3334 0.0000
6620.03 19.07.2018 19.20.01 28.52502 291.8394 -77.7206 -0.2816 -0.3493 0.0903 5.0290 2.6986 340.4732 383.2355 -11.8651 247.3563 0.0000
6630.03 19.07.2018 19.30.01 28.47927 291.4730 -76.7001 -0.2779 -0.3294 0.0686 3.8019 2.0406 339.1492 381.2349 -11.4544 247.3789 0.0000
6640.03 19.07.2018 19.40.01 28.43319 291.1053 -78.3273 -0.2838 -0.3197 0.0478 2.6021 1.3977 337.8440 379.3043 -11.1973 247.3914 0.0000
6650.03 19.07.2018 19.50.01 28.38552 290.7381 -81.0603 -0.2937 -0.3141 0.0272 1.4072 0.7574 336.5522 377.4301 -11.0535 247.4028 0.0000
6660.03 19.07.2018 20.00.01 28.33605 290.3741 -84.5912 -0.3065 -0.3114 0.0066 0.2149 0.1185 335.2706 375.6042 -10.9857 247.4142 0.0000
6670.03 19.07.2018 20.10.01 28.28463 290.2060 -85.2606 -0.3089 -0.3098 0.0012 0.0362 0.0199 334.4722 374.1661 -9.7783 247.4256 0.0000
6680.03 19.07.2018 20.20.01 28.23235 290.0390 -85.9230 -0.3113 -0.3115 0.0002 0.0068 0.0037 333.7657 372.8888 -8.8234 247.4370 0.0000
6690.03 19.07.2018 20.30.01 28.17922 289.8761 -87.3162 -0.3164 -0.3164 0.0000 0.0012 0.0007 333.0998 371.7193 -8.0421 247.4485 0.0000
6700.03 19.07.2018 20.40.01 28.12493 289.7138 -89.2210 -0.3233 -0.3233 0.0000 0.0002 0.0001 332.4595 370.6300 -7.4128 247.4562 0.0000
6710.03 19.07.2018 20.50.01 28.06942 289.5490 -91.5400 -0.3317 -0.3317 0.0000 0.0000 0.0000 331.8389 369.6003 -6.9267 247.4597 0.0000
6720.03 19.07.2018 21.00.01 28.01241 289.3861 -93.8157 -0.3399 -0.3399 0.0000 0.0000 0.0000 331.2351 368.6231 -6.5451 247.4618 0.0000
6730.03 19.07.2018 21.10.01 27.95400 289.1762 -96.3461 -0.3491 -0.3491 0.0000 0.0000 0.0000 330.8227 367.6495 -6.6343 247.4618 0.0000
6740.03 19.07.2018 21.20.01 27.89404 288.9670 -98.9831 -0.3586 -0.3586 0.0000 0.0000 0.0000 330.4174 366.7058 -6.7824 247.4618 0.0000
6750.03 19.07.2018 21.30.01 27.83239 288.7597 -101.4176 -0.3675 -0.3675 0.0000 0.0000 0.0000 330.0161 365.7894 -6.9624 247.4618 0.0000
6760.03 19.07.2018 21.40.01 27.76931 288.5517 -103.8596 -0.3763 -0.3763 0.0000 0.0000 0.0000 329.6199 364.8931 -7.1822 247.4618 0.0000
6770.03 19.07.2018 21.50.01 27.70477 288.3472 -106.1128 -0.3845 -0.3845 0.0000 0.0000 0.0000 329.2282 364.0199 -7.4146 247.4618 0.0000
6780.03 19.07.2018 22.00.01 27.63894 288.1402 -108.2227 -0.3921 -0.3921 0.0000 0.0000 0.0000 328.8399 363.1595 -7.6828 247.4618 0.0000
6790.03 19.07.2018 22.10.01 27.57180 287.9307 -110.0592 -0.3988 -0.3988 0.0000 0.0000 0.0000 327.5398 362.2041 -7.7618 247.4618 0.0000
6800.03 19.07.2018 22.20.01 27.50356 287.7203 -111.8039 -0.4051 -0.4051 0.0000 0.0000 0.0000 326.2058 361.2220 -7.7668 247.4618 0.0000
6810.03 19.07.2018 22.30.01 27.43432 287.5116 -113.4616 -0.4111 -0.4111 0.0000 0.0000 0.0000 324.8667 360.2266 -7.7809 247.4618 0.0000
6820.03 19.07.2018 22.40.01 27.36407 287.2998 -115.0107 -0.4167 -0.4167 0.0000 0.0000 0.0000 323.5362 359.2259 -7.7577 247.4618 0.0000
6830.03 19.07.2018 22.50.01 27.29290 287.0912 -116.4352 -0.4219 -0.4219 0.0000 0.0000 0.0000 322.2092 358.2235 -7.7150 247.4618 0.0000
6840.03 19.07.2018 23.00.01 27.22088 286.8853 -117.7326 -0.4266 -0.4266 0.0000 0.0000 0.0000 320.8819 357.2213 -7.6531 247.4618 0.0000
6850.03 19.07.2018 23.10.01 27.14803 286.6603 -119.0069 -0.4312 -0.4312 0.0000 0.0000 0.0000 319.9990 356.2717 -7.7521 247.4618 0.0000
6860.03 19.07.2018 23.20.01 27.07452 286.4641 -120.1844 -0.4355 -0.4355 0.0000 0.0000 0.0000 319.1485 355.3772 -7.7631 247.4618 0.0000
6870.03 19.07.2018 23.30.01 27.00036 286.2640 -121.4809 -0.4401 -0.4401 0.0000 0.0000 0.0000 318.2945 354.4748 -7.8299 247.4618 0.0000
6880.03 19.07.2018 23.40.01 26.92529 286.0482 -122.3810 -0.4434 -0.4434 0.0000 0.0000 0.0000 317.4257 353.5491 -8.0095 247.4618 0.0000
6890.03 19.07.2018 23.50.01 26.84966 285.8250 -123.5094 -0.4475 -0.4475 0.0000 0.0000 0.0000 316.5464 352.6040 -8.2355 247.4618 0.0000
6900.03 20.07.2018 00.00.01 26.77334 285.5834 -124.6338 -0.4516 -0.4516 0.0000 0.0000 0.0000 315.6631 351.6372 -8.5208 247.4618 0.0000
6910.03 20.07.2018 00.10.01 26.69644 285.4405 -125.7572 -0.4556 -0.4556 0.0000 0.0000 0.0000 314.7158 350.7623 -8.2761 247.4618 0.0000
6920.03 20.07.2018 00.20.01 26.61874 285.2991 -126.5234 -0.4584 -0.4584 0.0000 0.0000 0.0000 313.7725 349.9011 -8.0596 247.4618 0.0000
6930.03 20.07.2018 00.30.01 26.54064 285.1545 -127.5232 -0.4620 -0.4620 0.0000 0.0000 0.0000 312.8319 349.0497 -7.8761 247.4618 0.0000
6940.03 20.07.2018 00.40.01 26.46191 285.0119 -128.3788 -0.4651 -0.4651 0.0000 0.0000 0.0000 311.8937 348.2130 -7.6970 247.4618 0.0000
6950.03 20.07.2018 00.50.01 26.38265 284.8621 -129.2089 -0.4681 -0.4681 0.0000 0.0000 0.0000 310.9578 347.3791 -7.5557 247.4618 0.0000
6960.03 20.07.2018 01.00.01 26.30300 284.7153 -130.2382 -0.4719 -0.4719 0.0000 0.0000 0.0000 310.0246 346.5560 -7.4197 247.4599 0.0000
6970.03 20.07.2018 01.10.01 26.22256 284.5661 -130.7730 -0.4738 -0.4738 0.0000 0.0000 0.0000 309.4253 345.7957 -7.2665 247.4572 0.0000
6980.03 20.07.2018 01.20.01 26.14199 284.4023 -131.3800 -0.4760 -0.4760 0.0000 0.0000 0.0000 308.8531 345.0416 -7.2266 247.4534 0.0000
6990.03 20.07.2018 01.30.01 26.06121 284.2419 -131.9108 -0.4779 -0.4779 0.0000 0.0000 0.0000 308.2918 344.3066 -7.1966 247.4469 0.0000
7000.03 20.07.2018 01.40.01 25.97991 284.0807 -131.9380 -0.4780 -0.4780 0.0000 0.0000 0.0000 307.7376 343.5833 -7.1995 247.4378 0.0000
7010.03 20.07.2018 01.50.01 25.89846 283.9162 -132.0086 -0.4783 -0.4783 0.0000 0.0000 0.0000 307.1905 342.8699 -7.2234 247.4278 0.0000
7020.03 20.07.2018 02.00.01 25.81701 283.7551 -132.3978 -0.4797 -0.4797 0.0000 0.0003 0.0002 306.6509 342.1689 -7.2608 247.4152 0.0000
7030.03 20.07.2018 02.10.01 25.73556 283.6288 -132.5395 -0.4802 -0.4826 0.0031 0.2098 0.1118 306.4581 341.5675 -7.2319 247.3997 0.0000
7040.03 20.07.2018 02.20.01 25.65380 283.5110 -132.6175 -0.4805 -0.4859 0.0072 0.4501 0.2405 306.2916 341.0073 -7.2425 247.3839 0.0000
7050.03 20.07.2018 02.30.01 25.57180 283.3842 -132.8255 -0.4813 -0.4898 0.0114 0.6953 0.3719 306.1319 340.4593 -7.3262 247.3681 0.0000
7060.03 20.07.2018 02.40.01 25.48965 283.2641 -133.2268 -0.4827 -0.4945 0.0157 0.9414 0.5037 305.9732 339.9342 -7.4249 247.3523 0.0000
7070.03 20.07.2018 02.50.01 25.40731 283.1395 -133.7923 -0.4848 -0.4997 0.0199 1.1877 0.6357 305.8185 339.4195 -7.5673 247.3365 0.0000
7080.03 20.07.2018 03.00.01 25.32461 283.0167 -134.1781 -0.4862 -0.5043 0.0243 1.4385 0.7701 305.6624 338.9173 -7.7328 247.3194 0.0000
7090.03 20.07.2018 03.10.01 25.24172 283.0674 -125.9275 -0.4563 -0.5078 0.0687 4.3676 2.3321 305.4206 338.7569 -7.0319 247.3006 0.0000
7100.03 20.07.2018 03.20.01 25.16253 283.1162 -119.5014 -0.4330 -0.5267 0.1250 7.6914 4.1120 305.3036 338.7539 -6.5704 247.2811 0.0000
7110.03 20.07.2018 03.30.01 25.08633 283.1633 -115.6825 -0.4191 -0.5566 0.1833 11.0780 5.9264 305.2476 338.8425 -6.2821 247.2615 0.0000
7120.03 20.07.2018 03.40.01 25.01196 283.2132 -113.1114 -0.4098 -0.5913 0.2420 14.4768 7.7476 305.2269 339.0107 -6.1037 247.2424 0.0000
7130.03 20.07.2018 03.50.01 24.93890 283.2693 -111.2952 -0.4032 -0.6288 0.3007 17.8777 9.5698 305.2328 339.2476 -6.0102 247.2245 0.0000
7140.03 20.07.2018 04.00.01 24.86685 283.3281 -109.8393 -0.3980 -0.6676 0.3595 21.2786 11.3921 305.2593 339.5420 -5.9941 247.2080 0.0000
7150.03 20.07.2018 04.10.01 24.79568 283.6801 -109.0207 -0.3950 -0.7058 0.4144 24.4221 13.0773 305.8559 340.2039 -4.4877 247.1921 0.0000
7160.03 20.07.2018 04.20.01 24.72537 284.0330 -107.5384 -0.3896 -0.7407 0.4681 27.5277 14.7414 306.5360 340.9774 -3.2005 247.1763 0.0000
7170.03 20.07.2018 04.30.01 24.65618 284.3790 -105.3710 -0.3818 -0.7731 0.5217 30.6273 16.4023 307.2531 341.8379 -2.0904 247.1608 0.0000
7180.03 20.07.2018 04.40.01 24.58834 284.7232 -103.1436 -0.3737 -0.8051 0.5752 33.7257 18.0625 307.9974 342.7800 -1.1101 247.1483 0.0000
7190.03 20.07.2018 04.50.01 24.52194 285.0694 -100.7358 -0.3650 -0.8365 0.6288 36.8239 19.7226 308.7660 343.7985 -0.2257 247.1396 0.0000
