# simtime date time IndoorTemp Av_Tair_at_facade Energyflux.toIndoor.sum  Energyflux.toIndoor.average Energyflux.Conduction.average Energyflux.SW.transmission.average Shortwave.availabe Shortwave.absorbed Longwave.available Longwave.emittedFacade Sensible.outside Vapour.fromGreening Vapour.fromSubstrate
10.02 15.07.2018 05.10.00 19.92614 288.4843 161.3298 0.5845 -0.6983 1.7104 388.0329 214.7685 326.1759 400.1924 -47.0495 0.0267 0.0000
20.02 15.07.2018 05.20.00 19.96978 289.4226 267.2525 0.9683 -1.2355 2.9383 701.7012 389.1922 334.0928 440.4049 -82.1114 0.0701 0.0000
30.03 15.07.2018 05.30.01 20.06234 290.3880 389.4814 1.4112 -1.8837 4.3931 806.3033 437.9367 344.4471 455.2872 -92.2591 0.1430 0.0000
40.03 15.07.2018 05.40.01 20.21234 290.8738 518.9978 1.8804 -2.6942 6.0995 774.4770 420.0636 357.5675 469.2851 -103.5616 0.2133 0.0000
50.03 15.07.2018 05.50.01 20.41229 291.4732 292.2235 1.0588 -3.6312 6.2534 713.7274 386.4427 360.7895 473.3348 -108.9790 0.3303 0.0000
60.03 15.07.2018 06.00.01 20.53207 291.9460 146.5573 0.5310 -4.0563 6.1164 650.1877 351.4567 361.7015 474.2520 -109.5845 0.4622 0.0000
70.03 15.07.2018 06.10.01 20.60046 292.2153 85.3856 0.3094 -4.1604 5.9597 617.1266 333.0889 361.9720 475.5365 -111.1172 0.6003 0.0000
80.03 15.07.2018 06.20.01 20.64874 292.5031 96.5992 0.3500 -4.1221 5.9628 586.3885 315.9471 362.7937 476.0176 -111.9415 0.7460 0.0000
90.03 15.07.2018 06.30.01 20.70333 292.7941 104.3599 0.3781 -4.0764 5.9393 575.9520 311.0147 363.4132 478.2960 -115.3619 0.9041 0.0000
100.03 15.07.2018 06.40.01 20.76367 293.1053 130.3786 0.4724 -4.0166 5.9854 555.2460 299.3186 364.3889 478.3459 -113.7987 1.0736 0.0000
110.03 15.07.2018 06.50.01 20.83602 293.4074 146.2221 0.5298 -3.9767 6.0086 538.2228 289.8550 365.1393 478.3825 -112.1928 1.2558 0.0000
120.03 15.07.2018 07.00.01 20.91686 293.7115 165.8619 0.6009 -3.9385 6.0526 523.3653 281.6698 365.9368 478.3181 -110.3731 1.4498 0.0000
130.03 15.07.2018 07.10.01 21.00720 294.0669 178.7378 0.6476 -3.9118 6.0793 513.4704 276.1885 367.2045 477.9965 -108.8511 1.6474 0.0000
140.03 15.07.2018 07.20.01 21.10464 294.4077 204.8372 0.7422 -3.8875 6.1729 504.4142 271.1402 368.8583 477.6484 -107.9269 1.8401 0.0000
150.03 15.07.2018 07.30.01 21.21349 294.7407 218.2574 0.7908 -3.8907 6.2420 494.7314 265.7416 370.4762 477.1206 -107.0696 2.0295 0.0000
160.03 15.07.2018 07.40.01 21.32946 295.0733 251.5786 0.9115 -3.9029 6.4192 489.5334 262.7660 372.8514 477.2163 -106.3464 2.2157 0.0000
170.03 15.07.2018 07.50.01 21.45919 295.4202 254.8553 0.9234 -3.9599 6.5111 482.2120 258.6028 374.6553 477.0465 -105.1847 2.4014 0.0000
180.03 15.07.2018 08.00.01 21.59133 295.8027 252.3887 0.9145 -4.0078 6.5630 474.0363 253.9704 376.6816 476.7850 -103.5949 2.5898 0.0000
190.03 15.07.2018 08.10.01 21.72354 296.2212 259.6299 0.9407 -4.0422 6.6439 465.6227 249.1949 379.7758 476.8363 -99.8502 2.8276 0.0000
200.03 15.07.2018 08.20.01 21.85897 296.5440 261.1850 0.9463 -4.0804 6.7023 456.7315 244.1568 381.1494 477.3896 -92.9549 3.0572 0.0000
210.03 15.07.2018 08.30.01 21.99651 296.8741 275.9282 0.9997 -4.1048 6.8060 355.0816 183.4161 381.9256 462.8788 -75.4455 3.3223 0.0000
220.03 15.07.2018 08.40.01 22.14050 297.1767 266.1301 0.9642 -4.1427 6.8093 350.4614 180.8841 382.6891 463.1258 -70.2632 3.6047 0.0000
230.03 15.07.2018 08.50.01 22.28137 297.5579 270.8861 0.9815 -4.1584 6.8532 346.4830 178.6948 383.6139 463.4397 -68.9436 3.8962 0.0000
240.03 15.07.2018 09.00.01 22.42449 297.9496 291.8960 1.0576 -4.1846 6.9896 344.1466 177.3950 385.0786 464.0503 -68.0783 4.2010 0.0000
250.03 15.07.2018 09.10.01 22.57534 298.0466 306.3111 1.1098 -4.2596 7.1592 339.8264 174.9721 388.0107 465.4503 -57.1915 4.4845 0.0000
260.03 15.07.2018 09.20.01 22.73058 297.6248 324.6361 1.1762 -4.3810 7.4096 336.0474 172.7842 388.5722 465.8203 -59.4853 4.7599 0.0000
270.03 15.07.2018 09.30.01 22.89156 297.5789 326.9867 1.1847 -4.5495 7.6457 332.9351 171.0169 389.1112 464.2402 -72.6235 5.0704 0.0000
280.03 15.07.2018 09.40.01 23.05309 297.8461 332.1203 1.2033 -4.7264 7.9063 331.3555 170.0275 389.8614 465.6959 -66.1017 5.4274 0.0000
290.03 15.07.2018 09.50.01 23.21664 298.2082 356.0683 1.2901 -4.9213 8.2818 330.2719 169.2069 390.7026 466.7281 -65.8482 5.8238 0.0000
300.03 15.07.2018 10.00.01 23.38812 298.1474 335.9899 1.2174 -5.1655 8.5104 327.7693 167.6952 391.0167 465.0532 -73.3233 6.2529 0.0000
310.03 15.07.2018 10.10.01 23.55093 298.4105 292.6180 1.0602 -5.3733 8.5780 325.5931 166.4281 391.6400 464.9285 -69.1653 6.7046 0.0000
320.03 15.07.2018 10.20.01 23.69653 298.6681 250.5497 0.9078 -5.5015 8.5457 322.4984 164.7193 392.2292 464.8933 -65.7892 7.1713 0.0000
330.03 15.07.2018 10.30.01 23.82495 298.8764 192.7727 0.6985 -5.5532 8.3356 316.7422 161.6020 391.9635 464.3779 -62.8425 7.6532 0.0000
340.03 15.07.2018 10.40.01 23.93185 299.1033 217.7370 0.7889 -5.5111 8.4001 314.4244 160.1979 392.2615 464.2456 -60.4229 8.1456 0.0000
350.03 15.07.2018 10.50.01 24.04717 299.2718 197.8268 0.7168 -5.5194 8.3149 310.7914 158.1688 392.4405 463.9195 -58.8559 9.1309 0.0000
360.03 15.07.2018 11.00.01 24.15426 299.4322 184.6947 0.6692 -5.4997 8.2252 307.1198 156.1224 392.6730 463.5512 -57.9623 10.1506 0.0000
370.03 15.07.2018 11.10.01 24.25579 299.5349 215.2086 0.7797 -5.4679 8.3303 307.1131 156.1936 393.1005 464.2590 -56.0737 11.1773 0.0000
380.03 15.07.2018 11.20.01 24.36746 299.5957 200.7060 0.7272 -5.5048 8.3093 302.2096 153.4659 393.5599 464.2135 -54.5160 12.2554 0.0000
390.03 15.07.2018 11.30.01 24.47271 299.6125 179.7890 0.6514 -5.5225 8.2318 296.4542 150.2868 393.7287 463.6707 -54.0249 13.3301 0.0000
400.03 15.07.2018 11.40.01 24.56976 299.6320 194.1189 0.7033 -5.5117 8.2866 290.7803 146.9516 394.1446 462.8722 -53.6283 14.4029 0.0000
410.03 15.07.2018 11.50.01 24.67111 299.6664 173.4055 0.6283 -5.5351 8.2179 286.1449 144.3735 394.2783 462.1744 -53.9845 15.6203 0.0000
420.03 15.07.2018 12.00.01 24.76415 299.7417 143.7244 0.5207 -5.5258 8.0621 280.8114 141.4728 394.5075 461.3034 -54.6275 16.9063 0.0000
430.03 15.07.2018 12.10.01 24.84597 299.9753 194.3727 0.7042 -5.4693 8.2314 277.3794 139.4463 394.9294 461.7369 -49.6554 18.5951 0.0000
440.03 15.07.2018 12.20.01 24.94808 300.1319 408.1069 1.4786 -5.5226 9.3350 275.1608 137.5076 395.0871 461.3550 -49.6353 20.4403 0.0000
450.03 15.07.2018 12.30.01 25.13244 300.2075 708.8726 2.5684 -5.9933 11.4156 275.3900 136.2785 395.1162 460.5973 -52.3980 22.3050 0.0000
460.03 15.07.2018 12.40.01 25.43047 300.3067 841.3411 3.0483 -7.0252 13.4314 278.4735 136.5974 395.8563 459.9960 -54.9218 24.1123 0.0000
470.03 15.07.2018 12.50.01 25.78033 300.3425 893.8981 3.2388 -8.2822 15.3613 283.2487 137.8354 396.2134 459.2096 -58.5965 25.8290 0.0000
480.03 15.07.2018 13.00.01 26.15261 300.4158 937.5867 3.3971 -9.6107 17.3436 290.2840 140.2425 397.1062 458.6425 -61.9698 27.4981 0.0000
490.03 15.07.2018 13.10.01 26.54312 300.4837 922.3772 3.3419 -10.9937 19.1142 295.7147 141.9612 397.8084 458.9434 -60.2881 29.1471 0.0000
500.03 15.07.2018 13.20.01 26.92959 300.5490 891.4250 3.2298 -12.3228 20.7368 300.3284 143.2981 398.4511 459.3245 -59.1153 30.8007 0.0000
510.03 15.07.2018 13.30.01 27.30551 300.6463 832.1436 3.0150 -13.5724 22.1166 303.1806 143.8106 398.9363 459.6866 -58.2254 32.4523 0.0000
520.03 15.07.2018 13.40.01 27.66024 300.7585 805.3532 2.9179 -14.6966 23.4860 306.3271 144.4580 399.4004 460.0972 -57.5153 34.0852 0.0000
530.03 15.07.2018 13.50.01 28.00546 300.8755 789.5696 2.8608 -15.7609 24.8288 309.8192 145.3303 400.0987 460.6822 -57.0670 35.6943 0.0000
540.03 15.07.2018 14.00.01 28.34490 301.0594 734.6412 2.6617 -16.7861 25.9305 311.7401 145.5185 401.2849 461.3631 -56.3638 37.2629 0.0000
550.03 15.07.2018 14.10.01 28.66250 301.3517 549.2164 1.9899 -17.6937 26.2448 306.3741 142.6148 404.1826 462.5824 -53.0457 38.6736 0.0000
560.03 15.07.2018 14.20.01 28.90997 301.4806 385.0483 1.3951 -18.2423 26.1832 298.0479 138.3449 405.3035 463.4061 -50.0016 39.9338 0.0000
570.03 15.07.2018 14.30.01 29.09460 301.3969 253.4096 0.9182 -18.4848 25.8705 288.4663 133.5908 404.3823 463.8134 -47.7862 41.1612 0.0000
580.03 15.07.2018 14.40.01 29.22747 301.3527 108.6615 0.3937 -18.4903 25.1787 276.2994 127.7399 403.4908 463.9436 -44.8224 42.4342 0.0000
590.03 15.07.2018 14.50.01 29.30370 301.2959 1.2482 0.0045 -18.2431 24.3302 260.5978 120.2315 402.4332 463.6868 -41.8426 43.7366 0.0000
600.03 15.07.2018 15.00.01 29.33660 301.2446 -117.6966 -0.4264 -17.8179 23.1886 241.7274 111.2766 401.3792 462.9404 -38.6360 44.9491 0.0000
610.03 15.07.2018 15.10.01 29.32296 301.0907 -27.0588 -0.0980 -17.2157 22.8235 234.0026 107.3434 399.8262 461.3059 -39.5232 45.5106 0.0000
620.03 15.07.2018 15.20.01 29.34173 300.9861 26.9858 0.0978 -16.8139 22.5489 220.8589 100.8001 398.9640 459.8481 -39.0352 46.0731 0.0000
630.03 15.07.2018 15.30.01 29.37856 300.8035 27.1223 0.0983 -16.5382 22.1820 214.8811 97.9049 397.1590 457.9362 -39.5088 46.5768 0.0000
640.03 15.07.2018 15.40.01 29.41342 300.6698 -28.8734 -0.1046 -16.2801 21.5673 207.2363 94.2935 395.3992 455.9993 -39.1721 47.0908 0.0000
650.03 15.07.2018 15.50.01 29.42596 300.5651 -66.9036 -0.2424 -15.9330 20.9208 199.9971 90.9499 393.8935 454.0388 -38.7519 47.6053 0.0000
660.03 15.07.2018 16.00.01 29.41375 300.4966 -1102.6595 -3.9951 -15.5318 15.3822 183.4143 85.9428 392.5830 451.9616 -38.1414 48.1205 0.0000
670.03 15.07.2018 16.10.01 29.02365 300.2955 -524.1917 -1.8992 -13.1777 15.0380 176.5146 82.4592 391.0467 449.8745 -34.9789 48.5927 0.0000
680.03 15.07.2018 16.20.01 28.84121 300.1176 -275.0121 -0.9964 -12.0160 14.6927 169.8591 79.1234 389.5481 447.9077 -32.1814 49.0226 0.0000
690.03 15.07.2018 16.30.01 28.74847 300.0253 -170.6252 -0.6182 -11.3651 14.3292 163.2268 75.8211 388.5593 446.0472 -29.7504 49.4002 0.0000
700.03 15.07.2018 16.40.01 28.69314 299.7546 -138.9492 -0.5034 -10.9319 13.9046 149.5127 69.0340 386.5614 443.9278 -28.4313 49.7323 0.0000
710.03 15.07.2018 16.50.01 28.64822 299.4060 -136.5137 -0.4946 -10.5739 13.4390 142.3021 65.5018 383.5486 441.2787 -28.4848 50.0340 0.0000
720.03 15.07.2018 17.00.01 28.60314 299.1446 -145.2995 -0.5264 -10.2331 12.9422 135.2842 62.1163 381.0447 438.6303 -28.8628 50.3477 0.0000
730.03 15.07.2018 17.10.01 28.55380 298.9222 -149.3558 -0.5411 -9.8866 12.4606 129.1757 59.2208 379.2308 436.1713 -27.5112 50.6522 0.0000
740.03 15.07.2018 17.20.01 28.49395 298.7020 -1080.4121 -3.9145 -9.5420 7.5033 114.7039 54.9045 377.4653 433.7234 -26.0838 50.9412 0.0000
750.03 15.07.2018 17.30.01 28.09475 298.4737 -581.2221 -2.1059 -7.4354 7.1061 108.5070 51.8983 375.6686 431.2352 -24.6162 51.2002 0.0000
760.03 15.07.2018 17.40.01 27.87905 298.2543 51.5772 0.1869 -6.3491 8.7146 106.5259 49.7837 373.9684 428.8891 -23.1910 51.4448 0.0000
770.03 15.07.2018 17.50.01 27.89306 298.0409 -105.3672 -0.3818 -6.4919 8.1468 98.5494 45.9286 372.3122 426.5030 -21.5260 51.6879 0.0000
780.03 15.07.2018 18.00.01 27.85018 297.8201 -180.8222 -0.6552 -6.3195 7.5525 91.1009 42.4184 370.5882 424.1351 -20.0316 51.9150 0.0000
790.03 15.07.2018 18.10.01 27.77859 297.3050 -275.1806 -0.9970 -6.0062 6.6789 76.1106 35.3259 368.6147 421.2840 -19.6233 52.1251 0.0000
800.03 15.07.2018 18.20.01 27.67059 296.7700 -332.8658 -1.2060 -5.5261 5.7601 65.7443 30.5216 366.3353 418.0970 -19.0221 52.2814 0.0000
810.03 15.07.2018 18.30.01 27.53951 296.2487 -363.9949 -1.3188 -4.9568 4.8506 57.8802 26.9839 364.1311 414.9619 -18.5792 52.4206 0.0000
820.03 15.07.2018 18.40.01 27.39422 295.7317 -463.4244 -1.6791 -4.3505 3.5619 43.2785 20.3086 361.9224 411.6949 -18.0102 52.5600 0.0000
830.03 15.07.2018 18.50.01 27.20992 295.2039 -521.3591 -1.8890 -3.5776 2.2514 28.1556 13.3436 359.5000 408.0862 -17.1430 52.6735 0.0000
840.03 15.07.2018 19.00.01 27.00176 294.6756 -552.5318 -2.0019 -2.7225 0.9608 13.1288 6.4146 357.0634 404.3227 -16.1040 52.7577 0.0000
850.03 15.07.2018 19.10.01 26.78140 294.0594 -356.6033 -1.2920 -1.8376 0.7274 9.6738 4.6459 354.6808 400.6063 -15.5015 52.8082 0.0000
860.03 15.07.2018 19.20.01 26.63156 293.4509 -270.4307 -0.9798 -1.3545 0.4996 7.7622 3.7684 352.6274 397.3592 -15.4907 52.8477 0.0000
870.03 15.07.2018 19.30.01 26.51299 292.8507 -206.2070 -0.7471 -1.0487 0.4021 6.2845 3.0472 350.6890 394.3021 -15.6042 52.8799 0.0000
880.03 15.07.2018 19.40.01 26.41766 292.2552 -183.7671 -0.6658 -0.8732 0.2765 4.3516 2.1200 348.8113 391.3748 -15.8383 52.9073 0.0000
890.03 15.07.2018 19.50.01 26.33026 291.6701 -175.0541 -0.6343 -0.7470 0.1503 2.3747 1.1668 346.9521 388.5444 -16.0645 52.9288 0.0000
900.03 15.07.2018 20.00.01 26.24563 291.0925 -171.9770 -0.6231 -0.6430 0.0265 0.4093 0.2176 345.1140 385.8079 -16.3016 52.9435 0.0000
910.03 15.07.2018 20.10.01 26.16192 290.6825 -150.6371 -0.5458 -0.5494 0.0048 0.0737 0.0392 343.3977 383.3601 -15.8347 52.9529 0.0000
920.03 15.07.2018 20.20.01 26.08605 290.2889 -137.3942 -0.4978 -0.4984 0.0009 0.0132 0.0070 341.7849 381.1089 -15.4766 52.9611 0.0000
930.03 15.07.2018 20.30.01 26.01507 289.9080 -130.5772 -0.4731 -0.4732 0.0002 0.0024 0.0013 340.2278 378.9946 -15.1666 52.9687 0.0000
940.03 15.07.2018 20.40.01 25.94665 289.5359 -127.5343 -0.4621 -0.4621 0.0000 0.0004 0.0002 338.7239 376.9852 -14.9457 52.9761 0.0000
950.03 15.07.2018 20.50.01 25.87914 289.1746 -126.5542 -0.4585 -0.4585 0.0000 0.0001 0.0000 337.2495 375.0764 -14.7585 52.9829 0.0000
960.03 15.07.2018 21.00.01 25.81170 288.7913 -126.6292 -0.4588 -0.4588 0.0000 0.0000 0.0000 335.7782 373.2255 -14.7328 52.9892 0.0000
970.03 15.07.2018 21.10.01 25.74395 288.4915 -128.1888 -0.4645 -0.4645 0.0000 0.0000 0.0000 334.6750 371.5734 -14.3947 52.9957 0.0000
980.03 15.07.2018 21.20.01 25.67578 287.7953 -126.4246 -0.4581 -0.4581 0.0000 0.0000 0.0000 332.8632 370.0162 -14.2609 53.0008 0.0000
990.03 15.07.2018 21.30.01 25.60809 287.4053 -129.8702 -0.4705 -0.4705 0.0000 0.0000 0.0000 331.5472 368.0888 -16.6540 53.0050 0.0000
1000.03 15.07.2018 21.40.01 25.53732 287.2575 -135.0817 -0.4894 -0.4894 0.0000 0.0000 0.0000 330.3999 366.8262 -13.5063 53.0081 0.0000
1010.03 15.07.2018 21.50.01 25.46649 287.2070 -130.2974 -0.4721 -0.4721 0.0000 0.0000 0.0000 329.2394 365.4693 -11.6904 53.0102 0.0000
1020.03 15.07.2018 22.00.01 25.39919 287.0286 -124.2716 -0.4503 -0.4503 0.0000 0.0000 0.0000 328.1586 364.0215 -13.0221 53.0122 0.0000
1030.03 15.07.2018 22.10.01 25.33312 287.0335 -124.8625 -0.4524 -0.4524 0.0000 0.0000 0.0000 327.4755 362.9285 -11.8692 53.0143 0.0000
1040.03 15.07.2018 22.20.01 25.26669 286.9418 -124.8815 -0.4525 -0.4525 0.0000 0.0000 0.0000 326.7599 361.8567 -11.2022 53.0163 0.0000
1050.03 15.07.2018 22.30.01 25.20025 286.7879 -124.8885 -0.4525 -0.4525 0.0000 0.0000 0.0000 326.0390 360.7794 -10.8233 53.0183 0.0000
1060.03 15.07.2018 22.40.01 25.13360 286.6452 -124.9068 -0.4526 -0.4526 0.0000 0.0000 0.0000 325.3334 359.7635 -10.4326 53.0199 0.0000
1070.03 15.07.2018 22.50.01 25.06680 286.5012 -125.1642 -0.4535 -0.4535 0.0000 0.0000 0.0000 324.6406 358.7921 -10.0989 53.0216 0.0000
1080.03 15.07.2018 23.00.01 24.99996 286.3595 -125.9807 -0.4565 -0.4565 0.0000 0.0000 0.0000 323.9612 357.8640 -9.8060 53.0232 0.0000
1090.03 15.07.2018 23.10.01 24.93313 286.2094 -125.0645 -0.4531 -0.4531 0.0000 0.0000 0.0000 323.2640 357.1575 -8.6220 53.0244 0.0000
1100.03 15.07.2018 23.20.01 24.86706 285.4340 -125.5115 -0.4548 -0.4548 0.0000 0.0000 0.0000 322.5844 355.7864 -12.1905 53.0255 0.0000
1110.03 15.07.2018 23.30.01 24.79763 285.2210 -136.4971 -0.4946 -0.4946 0.0000 0.0000 0.0000 321.9041 354.5141 -14.1524 53.0269 0.0000
1120.03 15.07.2018 23.40.01 24.72204 285.3440 -145.7908 -0.5282 -0.5282 0.0000 0.0000 0.0000 321.5233 354.0154 -11.2399 53.0283 0.0000
1130.03 15.07.2018 23.50.01 24.64477 285.2557 -143.1596 -0.5187 -0.5187 0.0000 0.0000 0.0000 320.9625 352.9634 -10.7492 53.0292 0.0000
1140.03 16.07.2018 00.00.01 24.57070 285.1849 -135.2713 -0.4901 -0.4901 0.0000 0.0000 0.0000 320.3677 351.9575 -11.1842 53.0296 0.0000
1150.03 16.07.2018 00.10.01 24.50018 285.1586 -130.8257 -0.4740 -0.4740 0.0000 0.0000 0.0000 319.9416 351.2966 -10.4134 53.0299 0.0000
1160.03 16.07.2018 00.20.01 24.43130 285.1383 -128.2480 -0.4647 -0.4647 0.0000 0.0000 0.0000 319.5890 350.7055 -9.7402 53.0303 0.0000
1170.03 16.07.2018 00.30.01 24.36355 285.0997 -126.8789 -0.4597 -0.4597 0.0000 0.0000 0.0000 319.2594 350.1467 -9.2538 53.0301 0.0000
1180.03 16.07.2018 00.40.01 24.29614 285.0564 -126.6252 -0.4588 -0.4588 0.0000 0.0000 0.0000 318.9770 349.6215 -8.8505 53.0291 0.0000
1190.03 16.07.2018 00.50.01 24.22839 285.0283 -127.0445 -0.4603 -0.4603 0.0000 0.0000 0.0000 318.7353 349.1297 -8.4674 53.0272 0.0000
1200.03 16.07.2018 01.00.01 24.16046 284.9989 -128.5194 -0.4656 -0.4656 0.0000 0.0000 0.0000 318.5061 348.6602 -8.1624 53.0249 0.0000
1210.03 16.07.2018 01.10.01 24.09179 284.9683 -129.7601 -0.4701 -0.4701 0.0000 0.0000 0.0000 318.1005 348.1880 -7.6981 53.0221 0.0000
1220.03 16.07.2018 01.20.01 24.02313 284.9756 -129.1411 -0.4679 -0.4679 0.0000 0.0000 0.0000 317.8242 347.7474 -7.3083 53.0201 0.0000
1230.03 16.07.2018 01.30.01 23.95446 284.8807 -129.9815 -0.4709 -0.4709 0.0000 0.0000 0.0000 317.5128 347.2824 -7.4089 53.0200 0.0000
1240.03 16.07.2018 01.40.01 23.88461 284.8289 -132.5622 -0.4803 -0.4803 0.0000 0.0000 0.0000 317.1765 346.8548 -7.1410 53.0200 0.0000
1250.03 16.07.2018 01.50.01 23.81347 284.7821 -134.7877 -0.4884 -0.4884 0.0000 0.0000 0.0000 316.8262 346.4454 -6.8579 53.0203 0.0000
1260.03 16.07.2018 02.00.01 23.74127 284.7440 -136.5911 -0.4949 -0.4949 0.0000 0.0004 0.0002 316.4602 346.0563 -6.5512 53.0206 0.0000
1270.03 16.07.2018 02.10.01 23.66851 284.5359 -132.8780 -0.4814 -0.4936 0.0163 0.2539 0.1232 315.8725 345.6280 -6.4383 53.0191 0.0000
1280.03 16.07.2018 02.20.01 23.59756 284.1894 -131.2098 -0.4754 -0.5027 0.0364 0.5614 0.2745 315.4155 345.1049 -7.8556 53.0169 0.0000
1290.03 16.07.2018 02.30.01 23.52471 284.0344 -139.1805 -0.5043 -0.5472 0.0572 0.8798 0.4316 315.1168 344.4749 -9.1064 53.0170 0.0000
1300.03 16.07.2018 02.40.01 23.44717 284.1055 -145.4301 -0.5269 -0.5855 0.0781 1.2001 0.5897 314.7717 344.2245 -7.1253 53.0167 0.0000
1310.03 16.07.2018 02.50.01 23.36996 284.2152 -138.4247 -0.5015 -0.5758 0.0990 1.5206 0.7480 314.3793 343.8194 -5.6756 53.0118 0.0000
1320.03 16.07.2018 03.00.01 23.29742 284.3520 -131.1926 -0.4753 -0.5654 0.1201 1.8435 0.9074 314.3347 343.6040 -5.8165 53.0106 0.0000
1330.03 16.07.2018 03.10.01 23.22637 284.4225 -114.1420 -0.4136 -0.5855 0.2293 3.5423 1.7345 314.2676 343.4295 -5.2407 53.0110 0.0000
1340.03 16.07.2018 03.20.01 23.16171 284.5567 -100.9064 -0.3656 -0.6353 0.3597 5.5345 2.7151 314.4223 343.4440 -4.5244 53.0115 0.0000
1350.03 16.07.2018 03.30.01 23.10256 284.6995 -91.7414 -0.3324 -0.7026 0.4936 7.5858 3.7275 314.6616 343.5572 -3.8604 53.0122 0.0000
1360.03 16.07.2018 03.40.01 23.04754 284.8479 -85.0141 -0.3080 -0.7792 0.6282 9.6471 4.7451 314.9471 343.7490 -3.2498 53.0132 0.0000
1370.03 16.07.2018 03.50.01 22.99569 285.0010 -79.5209 -0.2881 -0.8603 0.7629 11.7103 5.7637 315.2651 344.0109 -2.6874 53.0148 0.0000
1380.03 16.07.2018 04.00.01 22.94659 285.1610 -74.8338 -0.2711 -0.9444 0.8977 13.7735 6.7824 315.6131 344.3371 -2.1594 53.0168 0.0000
1390.03 16.07.2018 04.10.01 22.90029 285.9145 -69.8477 -0.2531 -1.0187 1.0208 15.6551 7.7129 317.0327 345.2914 0.7997 53.0154 0.0000
1400.03 16.07.2018 04.20.01 22.85885 286.2950 -58.9362 -0.2135 -1.0693 1.1411 17.4979 8.6231 318.7679 346.1429 1.8125 53.0085 0.0000
1410.03 16.07.2018 04.30.01 22.82217 287.0436 -52.5293 -0.1903 -1.1360 1.2609 19.3328 9.5291 320.9085 347.4592 5.5260 53.0119 0.0000
1420.03 16.07.2018 04.40.01 22.78890 287.7555 -44.9540 -0.1629 -1.1984 1.3806 21.1665 10.4344 322.6895 348.8026 6.5066 53.0186 0.0000
1430.03 16.07.2018 04.50.01 22.76034 288.5140 -35.3232 -0.1280 -1.2533 1.5004 77.9955 41.9939 324.3435 355.1021 3.7598 53.0211 0.0000
1440.03 16.07.2018 05.00.01 22.73708 289.4172 11.7482 0.0426 -1.3115 1.8054 92.1029 49.7133 327.4313 359.4027 4.2061 53.0187 0.0000
1450.03 16.07.2018 05.10.01 22.73257 290.0308 10.6439 0.0386 -1.4420 1.9741 376.1141 207.9016 329.4968 387.4863 -23.6471 53.0230 0.0000
1460.03 16.07.2018 05.20.01 22.73071 291.0535 213.2094 0.7725 -1.5547 3.1029 677.0204 375.2366 337.0740 427.4548 -61.5774 53.0297 0.0000
1470.03 16.07.2018 05.30.01 22.80703 292.0681 375.5854 1.3608 -2.0225 4.5112 777.7272 422.1767 347.6111 442.4108 -77.5951 53.0580 0.0000
1480.03 16.07.2018 05.40.01 22.94921 292.7573 521.5749 1.8898 -2.7380 6.1703 746.7668 404.7787 360.6393 457.5344 -91.4806 53.1334 0.0000
1490.03 16.07.2018 05.50.01 23.14990 293.5160 306.3058 1.1098 -3.6467 6.3420 688.0734 372.2793 364.0295 463.0736 -96.6127 53.2745 0.0000
1500.03 16.07.2018 06.00.01 23.27621 294.1528 164.9285 0.5976 -4.0775 6.2335 626.7132 338.4776 365.3030 464.9652 -99.9009 53.4633 0.0000
1510.03 16.07.2018 06.10.01 23.35293 294.5121 98.6153 0.3573 -4.2044 6.0823 596.4741 321.6604 366.2241 467.5202 -100.9292 53.6757 0.0000
1520.03 16.07.2018 06.20.01 23.40649 294.8821 104.5690 0.3789 -4.1893 6.0909 568.5757 306.0799 367.7333 469.5327 -100.8700 53.8912 0.0000
1530.03 16.07.2018 06.30.01 23.46346 295.2448 104.8017 0.3797 -4.1678 6.0634 559.9744 302.1158 368.9526 473.2499 -103.4343 54.1136 0.0000
1540.03 16.07.2018 06.40.01 23.52249 295.6156 131.4599 0.4763 -4.1254 6.1356 541.4535 291.6254 370.6647 474.6400 -102.2640 54.3419 0.0000
1550.03 16.07.2018 06.50.01 23.59329 295.9809 140.9694 0.5108 -4.1102 6.1612 526.2465 283.1704 372.0101 475.9202 -101.1170 54.5780 0.0000
1560.03 16.07.2018 07.00.01 23.66973 296.3393 157.3268 0.5700 -4.0886 6.2115 512.9548 275.8398 373.3884 477.0081 -99.8045 54.8205 0.0000
1570.03 16.07.2018 07.10.01 23.75411 296.6676 163.2130 0.5914 -4.0757 6.2227 504.4164 271.1163 374.9090 478.1942 -98.3831 55.0671 0.0000
1580.03 16.07.2018 07.20.01 23.84249 297.0014 184.8099 0.6696 -4.0546 6.2989 496.6763 266.8038 376.7463 479.3848 -97.0821 55.3085 0.0000
1590.03 16.07.2018 07.30.01 23.94055 297.3356 194.2659 0.7039 -4.0578 6.3488 488.2947 262.1339 378.5212 480.3860 -95.3488 55.5467 0.0000
1600.03 16.07.2018 07.40.01 24.04348 297.6654 226.1810 0.8195 -4.0601 6.5061 483.8868 259.6088 380.9947 481.8896 -93.9728 55.7811 0.0000
1610.03 16.07.2018 07.50.01 24.15966 298.0097 227.8918 0.8257 -4.1076 6.5777 477.3517 255.8945 382.8956 483.0770 -91.9315 56.0153 0.0000
1620.03 16.07.2018 08.00.01 24.27770 298.3494 225.2192 0.8160 -4.1432 6.6122 469.9804 251.7185 384.6588 484.0948 -89.7423 56.2497 0.0000
1630.03 16.07.2018 08.10.01 24.39578 298.5921 232.0381 0.8407 -4.1619 6.6702 462.9909 247.7378 386.2673 485.5726 -86.5518 56.5649 0.0000
1640.03 16.07.2018 08.20.01 24.51711 298.7872 234.3206 0.8490 -4.1851 6.7121 455.5902 243.5276 387.1577 486.7505 -84.2194 56.8967 0.0000
1650.03 16.07.2018 08.30.01 24.63998 298.9890 244.5933 0.8862 -4.2067 6.7905 355.1647 183.4646 388.2012 471.9349 -69.3012 57.2445 0.0000
1660.03 16.07.2018 08.40.01 24.76690 299.1375 234.2314 0.8487 -4.2430 6.7888 351.3574 181.3643 388.9247 471.9250 -66.1000 57.6040 0.0000
1670.03 16.07.2018 08.50.01 24.89028 299.3753 236.8739 0.8582 -4.2580 6.8217 348.1339 179.5784 389.8764 472.3908 -63.1804 57.9672 0.0000
1680.03 16.07.2018 09.00.01 25.01461 299.5868 248.0737 0.8988 -4.2789 6.9037 346.1435 178.4842 391.2881 473.1964 -61.2626 58.3340 0.0000
1690.03 16.07.2018 09.10.01 25.14324 299.7112 275.2504 0.9973 -4.3224 7.0929 343.5292 176.9353 392.1605 473.5194 -60.9282 58.7088 0.0000
1700.03 16.07.2018 09.20.01 25.28201 299.7663 301.8499 1.0937 -4.4205 7.3522 341.5122 175.6681 393.0325 473.4658 -61.7423 59.0984 0.0000
1710.03 16.07.2018 09.30.01 25.43047 299.7796 311.2180 1.1276 -4.5710 7.5982 340.1403 174.8072 394.2123 473.3327 -63.4310 59.5097 0.0000
1720.03 16.07.2018 09.40.01 25.58242 299.7923 321.1479 1.1636 -4.7402 7.8717 340.0870 174.6132 395.4904 473.1735 -65.4020 59.9439 0.0000
1730.03 16.07.2018 09.50.01 25.73815 299.8466 349.0677 1.2647 -4.9299 8.2596 340.4381 174.5333 396.6046 472.9190 -67.9083 60.4048 0.0000
1740.03 16.07.2018 10.00.01 25.90386 299.9288 327.5890 1.1869 -5.1735 8.4806 339.1837 173.6732 397.5147 472.4175 -70.7427 60.9030 0.0000
1750.03 16.07.2018 10.10.01 26.06213 300.2247 372.4918 1.3496 -5.3772 8.9691 335.0940 171.2501 398.8761 473.9118 -63.0953 61.4340 0.0000
1760.03 16.07.2018 10.20.01 26.23654 300.5035 352.0131 1.2754 -5.6689 9.2591 329.0690 167.8818 399.9300 474.5693 -58.6811 61.9911 0.0000
1770.03 16.07.2018 10.30.01 26.40298 300.5801 298.1359 1.0802 -5.9227 9.3372 320.0960 162.9698 399.9276 473.7826 -57.9613 62.5663 0.0000
1780.03 16.07.2018 10.40.01 26.54928 300.6586 325.5402 1.1795 -6.0810 9.6806 315.4050 160.2170 400.6856 473.4287 -56.9982 63.1321 0.0000
1790.03 16.07.2018 10.50.01 26.70532 300.7884 309.4702 1.1213 -6.2976 9.8918 309.7917 157.0567 401.5797 472.9352 -57.5351 64.2046 0.0000
1800.03 16.07.2018 11.00.01 26.85513 300.9193 298.8452 1.0828 -6.4892 10.0959 304.2821 153.9661 402.4476 472.1775 -59.3298 65.2147 0.0000
1810.03 16.07.2018 11.10.01 26.99981 301.2620 228.3467 0.8273 -6.6630 9.9871 306.1921 155.0628 403.3833 475.1026 -45.3158 66.1942 0.0000
1820.03 16.07.2018 11.20.01 27.11727 301.0866 193.6574 0.7017 -6.7125 9.8855 305.0753 154.3373 404.1714 475.3676 -49.8773 67.1642 0.0000
1830.03 16.07.2018 11.30.01 27.22082 300.9867 169.8414 0.6154 -6.7078 9.7642 303.5115 153.3642 404.1747 473.1765 -63.1670 68.1215 0.0000
1840.03 16.07.2018 11.40.01 27.31463 301.6553 187.7308 0.6802 -6.6700 9.8002 301.9538 152.1926 407.6522 474.4791 -53.9172 68.9860 0.0000
1850.03 16.07.2018 11.50.01 27.41494 301.8331 169.4131 0.6138 -6.6638 9.7035 301.0641 151.5661 408.0873 474.9701 -50.9783 69.9021 0.0000
1860.03 16.07.2018 12.00.01 27.50887 301.8373 146.2462 0.5299 -6.6118 9.5222 299.3255 150.5241 406.0655 474.2041 -55.0590 71.0595 0.0000
1870.03 16.07.2018 12.10.01 27.59503 301.9335 233.7478 0.8469 -6.5240 9.8279 295.0540 148.0604 405.8546 473.8585 -56.5275 72.7734 0.0000
1880.03 16.07.2018 12.20.01 27.71456 301.9893 425.7088 1.5424 -6.6207 10.8842 290.7739 145.1312 405.1676 473.0650 -58.1945 74.6956 0.0000
1890.03 16.07.2018 12.30.01 27.90743 302.0408 687.5166 2.4910 -7.0978 12.7850 288.3853 142.6842 404.3359 472.0695 -59.7030 76.7128 0.0000
1900.03 16.07.2018 12.40.01 28.19869 302.1206 784.6406 2.8429 -8.0667 14.5461 288.4067 141.5940 403.6942 471.1204 -60.6799 78.8097 0.0000
1910.03 16.07.2018 12.50.01 28.52764 302.1590 806.5453 2.9223 -9.2019 16.1656 289.9100 141.3613 403.0135 470.1852 -61.6767 80.9621 0.0000
1920.03 16.07.2018 13.00.01 28.86639 302.1906 815.6224 2.9552 -10.3613 17.7553 293.0767 142.0342 402.5326 469.4295 -62.5347 83.1536 0.0000
1930.03 16.07.2018 13.10.01 29.20922 302.1509 771.3241 2.7947 -11.5212 19.0877 293.8845 141.8252 402.6333 469.1809 -61.8136 85.3702 0.0000
1940.03 16.07.2018 13.20.01 29.53521 302.0928 639.8311 2.3182 -12.5808 19.8653 291.3394 140.1568 402.4855 468.7117 -60.9087 87.5783 0.0000
1950.03 16.07.2018 13.30.01 29.81191 302.0523 536.8210 1.9450 -13.3841 20.4388 287.9761 138.1864 402.2389 468.1887 -59.8108 89.7637 0.0000
1960.03 16.07.2018 13.40.01 30.04879 302.0088 410.4442 1.4871 -13.9906 20.6370 282.6913 135.4628 401.9537 467.5934 -58.5899 91.9195 0.0000
1970.03 16.07.2018 13.50.01 30.23690 301.9764 288.2883 1.0445 -14.3629 20.5433 275.9706 132.1858 401.6033 466.8973 -57.2654 94.0310 0.0000
1980.03 16.07.2018 14.00.01 30.37710 301.9374 150.7809 0.5463 -14.5146 20.0812 267.2261 128.0917 401.1510 466.0318 -55.9326 96.0873 0.0000
1990.03 16.07.2018 14.10.01 30.46444 301.8450 153.0794 0.5546 -14.4313 19.9812 261.2460 124.9737 400.1636 464.4074 -56.6407 98.0949 0.0000
2000.03 16.07.2018 14.20.01 30.55029 301.7486 138.7835 0.5028 -14.3781 19.8413 255.3110 121.9228 399.0635 462.6934 -57.1477 100.0951 0.0000
2010.03 16.07.2018 14.30.01 30.62887 301.6583 107.6145 0.3899 -14.3177 19.6101 249.1619 118.8437 398.0248 460.9412 -57.3629 102.0785 0.0000
2020.03 16.07.2018 14.40.01 30.69396 301.6483 55.2771 0.2003 -14.2128 19.2174 241.9395 115.3133 397.0204 459.1984 -56.8193 104.0418 0.0000
2030.03 16.07.2018 14.50.01 30.73791 301.5493 12.9604 0.0470 -14.0233 18.7603 233.0738 111.0087 395.9941 457.2415 -56.2998 105.9750 0.0000
2040.03 16.07.2018 15.00.01 30.76437 301.4500 -38.1386 -0.1382 -13.7674 18.1723 222.6839 106.0020 394.9688 455.1663 -55.3706 107.8294 0.0000
2050.03 16.07.2018 15.10.01 30.77224 301.3670 163.9863 0.5942 -13.4378 18.7093 221.1552 104.5522 393.7010 453.3714 -52.2724 108.7162 0.0000
2060.03 16.07.2018 15.20.01 30.85500 301.2984 291.5310 1.0563 -13.5067 19.4173 216.4705 101.5094 392.5502 451.9285 -49.2957 109.6003 0.0000
2070.03 16.07.2018 15.30.01 30.98531 301.2369 362.9002 1.3149 -13.8195 20.1791 216.1949 100.6389 391.5531 450.5797 -47.0596 110.4223 0.0000
2080.03 16.07.2018 15.40.01 31.14312 301.1678 432.6928 1.5677 -14.2619 21.1062 216.7786 100.0601 390.5345 449.4371 -44.8965 111.2402 0.0000
2090.03 16.07.2018 15.50.01 31.32781 301.1073 489.8671 1.7749 -14.8290 22.1385 218.1720 99.8580 389.5915 448.5140 -43.1068 112.0544 0.0000
2100.03 16.07.2018 16.00.01 31.52459 301.0546 -629.3718 -2.2803 -15.4943 17.6186 209.1288 97.8446 388.7383 447.6405 -41.4002 112.8658 0.0000
2110.03 16.07.2018 16.10.01 31.31255 300.8806 -337.5235 -1.2229 -14.0192 17.0617 200.2279 93.5418 387.8202 446.5836 -40.5523 113.6446 0.0000
2120.03 16.07.2018 16.20.01 31.20306 300.7183 -236.1484 -0.8556 -13.1678 16.4162 190.5668 88.8777 386.5843 445.2140 -39.2851 114.3986 0.0000
2130.03 16.07.2018 16.30.01 31.12820 300.5513 -206.7599 -0.7491 -12.5460 15.7291 180.6951 84.1314 385.2564 443.6662 -37.8240 115.1267 0.0000
2140.03 16.07.2018 16.40.01 31.06179 300.3821 -232.8118 -0.8435 -12.0067 14.8843 162.7320 75.4549 383.8601 441.7722 -36.4682 115.8271 0.0000
2150.03 16.07.2018 16.50.01 30.98373 300.2075 -264.3309 -0.9577 -11.4404 13.9770 151.5885 70.1968 382.4989 439.5890 -34.6767 116.4212 0.0000
2160.03 16.07.2018 17.00.01 30.89193 300.0288 -293.4485 -1.0632 -10.8358 13.0302 140.6270 65.0868 381.0264 437.4215 -32.9183 116.9890 0.0000
2170.03 16.07.2018 17.10.01 30.78774 299.7913 -273.2521 -0.9900 -10.1987 12.2782 131.9030 61.0022 379.5818 435.2012 -31.3602 117.5286 0.0000
2180.03 16.07.2018 17.20.01 30.68185 299.5572 -1084.7258 -3.9302 -9.6236 7.5913 116.0007 55.7702 378.1759 432.9545 -29.7150 118.0426 0.0000
2190.03 16.07.2018 17.30.01 30.27953 299.3245 -616.7172 -2.2345 -7.5238 7.0524 107.6619 51.7514 376.8507 430.6566 -27.9517 118.5082 0.0000
2200.03 16.07.2018 17.40.01 30.04827 299.0912 -89.2271 -0.3233 -6.3847 8.0819 101.9816 48.1127 375.4779 428.4069 -26.2564 118.9513 0.0000
2210.03 16.07.2018 17.50.01 30.00793 298.8578 -231.9617 -0.8404 -6.2783 7.2505 91.1545 42.9753 374.0306 426.0077 -24.3799 119.3877 0.0000
2220.03 16.07.2018 18.00.01 29.91500 298.6243 -302.0856 -1.0945 -5.8931 6.3981 80.7392 38.1068 372.6065 423.6111 -22.4356 119.7968 0.0000
2230.03 16.07.2018 18.10.01 29.79543 298.2256 -323.0027 -1.1703 -5.3844 5.6188 67.6832 31.8633 370.8831 420.9130 -21.0259 120.1675 0.0000
2240.03 16.07.2018 18.20.01 29.66647 297.8249 -340.7729 -1.2347 -4.8549 4.8269 58.1888 27.3962 369.2624 418.1296 -19.5187 120.4558 0.0000
2250.03 16.07.2018 18.30.01 29.52923 297.4409 -352.3432 -1.2766 -4.3105 4.0452 50.4890 23.8386 367.5022 415.4358 -18.0935 120.7108 0.0000
2260.03 16.07.2018 18.40.01 29.38561 297.0565 -418.9117 -1.5178 -3.7621 2.9924 38.0256 18.0653 365.6746 412.6942 -16.4278 120.9595 0.0000
2270.03 16.07.2018 18.50.01 29.21591 296.6945 -458.2271 -1.6602 -3.1036 1.9245 25.1941 12.0870 363.8831 409.8183 -14.3969 121.1640 0.0000
2280.03 16.07.2018 19.00.01 29.02984 296.3193 -479.0252 -1.7356 -2.3888 0.8709 12.4321 6.1348 362.0874 406.8190 -12.4502 121.3126 0.0000
2290.03 16.07.2018 19.10.01 28.83572 295.5205 -322.5430 -1.1686 -1.6587 0.6534 9.1757 4.4685 360.1432 403.5861 -12.9434 121.4023 0.0000
2300.03 16.07.2018 19.20.01 28.69735 294.7612 -249.1120 -0.9026 -1.2577 0.4735 7.3027 3.5764 358.3035 400.7347 -13.5276 121.4667 0.0000
2310.03 16.07.2018 19.30.01 28.58517 294.0404 -202.1361 -0.7324 -1.0119 0.3728 5.7692 2.8231 356.5364 398.0525 -13.9464 121.5187 0.0000
2320.03 16.07.2018 19.40.01 28.48983 293.3245 -185.0570 -0.6705 -0.8634 0.2572 3.9940 1.9618 354.7988 395.4454 -14.3563 121.5601 0.0000
2330.03 16.07.2018 19.50.01 28.40051 292.6079 -178.0307 -0.6450 -0.7511 0.1414 2.1968 1.0874 353.0797 392.8675 -14.8528 121.5892 0.0000
2340.03 16.07.2018 20.00.01 28.31359 291.9135 -175.1176 -0.6345 -0.6548 0.0271 0.4075 0.2159 351.3762 390.2966 -15.4444 121.6051 0.0000
2350.03 16.07.2018 20.10.01 28.22793 291.7798 -154.5314 -0.5599 -0.5635 0.0048 0.0754 0.0402 351.7204 388.3949 -14.6105 121.6128 0.0000
2360.03 16.07.2018 20.20.01 28.15063 291.5893 -138.4312 -0.5016 -0.5022 0.0009 0.0133 0.0071 352.2858 386.7681 -14.2172 121.6194 0.0000
2370.03 16.07.2018 20.30.01 28.08016 291.3874 -127.6120 -0.4624 -0.4625 0.0002 0.0024 0.0013 352.8806 385.3002 -14.0983 121.6259 0.0000
2380.03 16.07.2018 20.40.01 28.01443 291.1453 -120.0783 -0.4351 -0.4351 0.0000 0.0004 0.0002 353.4213 383.9771 -13.8833 121.6325 0.0000
2390.03 16.07.2018 20.50.01 27.95239 290.9953 -113.5061 -0.4113 -0.4113 0.0000 0.0001 0.0000 354.0732 382.8821 -13.4567 121.6391 0.0000
2400.03 16.07.2018 21.00.01 27.89370 290.8615 -107.4313 -0.3892 -0.3892 0.0000 0.0000 0.0000 354.7601 381.9340 -13.0866 121.6457 0.0000
2410.03 16.07.2018 21.10.01 27.83798 291.1560 -102.3956 -0.3710 -0.3710 0.0000 0.0000 0.0000 354.9028 381.5427 -10.9371 121.6523 0.0000
2420.03 16.07.2018 21.20.01 27.78427 291.5518 -100.2214 -0.3631 -0.3631 0.0000 0.0000 0.0000 355.1351 381.3259 -8.3367 121.6589 0.0000
2430.03 16.07.2018 21.30.01 27.73156 291.9788 -98.1861 -0.3557 -0.3557 0.0000 0.0000 0.0000 355.4663 381.2845 -5.5953 121.6654 0.0000
2440.03 16.07.2018 21.40.01 27.68008 292.4288 -95.3946 -0.3456 -0.3456 0.0000 0.0000 0.0000 355.9136 381.4169 -2.7802 121.6720 0.0000
2450.03 16.07.2018 21.50.01 27.63018 292.8919 -92.0797 -0.3336 -0.3336 0.0000 0.0000 0.0000 356.4447 381.6812 -0.0048 121.6801 0.0000
2460.03 16.07.2018 22.00.01 27.58224 293.3513 -88.1975 -0.3196 -0.3196 0.0000 0.0000 0.0000 357.0407 382.0850 2.7410 121.6933 0.0000
2470.03 16.07.2018 22.10.01 27.53634 292.8807 -84.8166 -0.3073 -0.3073 0.0000 0.0000 0.0000 356.1668 381.6234 -0.5156 121.7014 0.0000
2480.03 16.07.2018 22.20.01 27.49178 292.7090 -83.9100 -0.3040 -0.3040 0.0000 0.0000 0.0000 356.7240 381.2887 -1.6021 121.7078 0.0000
2490.03 16.07.2018 22.30.01 27.44543 292.4045 -91.5120 -0.3316 -0.3316 0.0000 0.0000 0.0000 356.4522 380.7343 -3.0895 121.7183 0.0000
2500.03 16.07.2018 22.40.01 27.39416 292.0003 -99.6794 -0.3612 -0.3612 0.0000 0.0000 0.0000 355.8668 380.1076 -4.2877 121.7271 0.0000
2510.03 16.07.2018 22.50.01 27.34127 291.7846 -98.2306 -0.3559 -0.3559 0.0000 0.0000 0.0000 355.7183 379.5569 -4.8182 121.7331 0.0000
2520.03 16.07.2018 23.00.01 27.28912 291.7054 -98.9384 -0.3585 -0.3585 0.0000 0.0000 0.0000 355.8071 378.9613 -6.2674 121.7397 0.0000
2530.03 16.07.2018 23.10.01 27.23449 291.6011 -106.1889 -0.3847 -0.3847 0.0000 0.0000 0.0000 355.5274 378.4443 -6.3416 121.7463 0.0000
2540.03 16.07.2018 23.20.01 27.17690 291.4816 -109.6274 -0.3972 -0.3972 0.0000 0.0000 0.0000 355.3122 377.9282 -6.5148 121.7528 0.0000
2550.03 16.07.2018 23.30.01 27.11831 291.3633 -110.5698 -0.4006 -0.4006 0.0000 0.0000 0.0000 355.1248 377.4230 -6.6886 121.7594 0.0000
2560.03 16.07.2018 23.40.01 27.05972 291.2440 -110.4165 -0.4001 -0.4001 0.0000 0.0000 0.0000 354.9567 376.9338 -6.8187 121.7660 0.0000
2570.03 16.07.2018 23.50.01 27.00128 291.1226 -109.2146 -0.3957 -0.3957 0.0000 0.0000 0.0000 354.8023 376.4512 -6.9685 121.7726 0.0000
2580.03 17.07.2018 00.00.01 26.94360 291.0023 -107.8594 -0.3908 -0.3908 0.0000 0.0000 0.0000 354.6558 375.9780 -7.1183 121.7792 0.0000
2590.03 17.07.2018 00.10.01 26.88671 291.0114 -105.8096 -0.3834 -0.3834 0.0000 0.0000 0.0000 354.4085 375.6580 -6.4036 121.7856 0.0000
2600.03 17.07.2018 00.20.01 26.83135 291.0231 -102.2544 -0.3705 -0.3705 0.0000 0.0000 0.0000 354.1394 375.3665 -5.7705 121.7883 0.0000
2610.03 17.07.2018 00.30.01 26.77801 291.0383 -98.5885 -0.3572 -0.3572 0.0000 0.0000 0.0000 353.8256 375.1030 -5.1877 121.7887 0.0000
2620.03 17.07.2018 00.40.01 26.72650 291.0653 -95.2793 -0.3452 -0.3452 0.0000 0.0000 0.0000 353.5505 374.8871 -4.6198 121.7887 0.0000
2630.03 17.07.2018 00.50.01 26.67611 291.0837 -95.3051 -0.3453 -0.3453 0.0000 0.0000 0.0000 353.5262 374.6631 -4.5468 121.7893 0.0000
2640.03 17.07.2018 01.00.01 26.62460 291.1730 -98.5483 -0.3571 -0.3571 0.0000 0.0000 0.0000 353.4748 374.5081 -3.9850 121.7942 0.0000
2650.03 17.07.2018 01.10.01 26.57125 291.1354 -101.7123 -0.3685 -0.3685 0.0000 0.0000 0.0000 352.9068 374.3706 -3.4720 121.8007 0.0000
2660.03 17.07.2018 01.20.01 26.51656 291.0108 -103.6635 -0.3756 -0.3756 0.0000 0.0000 0.0000 352.2232 374.0841 -3.5451 121.8063 0.0000
2670.03 17.07.2018 01.30.01 26.46108 290.8727 -104.6107 -0.3790 -0.3790 0.0000 0.0000 0.0000 351.3486 373.4733 -4.3455 121.8109 0.0000
2680.03 17.07.2018 01.40.01 26.40527 290.8093 -104.5355 -0.3788 -0.3788 0.0000 0.0000 0.0000 350.3114 373.1894 -3.1464 121.8122 0.0000
2690.03 17.07.2018 01.50.01 26.35037 291.0565 -102.5869 -0.3717 -0.3717 0.0000 0.0000 0.0000 350.1557 373.0413 -2.3800 121.8137 0.0000
2700.03 17.07.2018 02.00.01 26.29443 290.9699 -109.0499 -0.3951 -0.3951 0.0000 0.0005 0.0002 349.3664 372.5166 -3.1578 121.8203 0.0000
2710.03 17.07.2018 02.10.01 26.23394 290.6188 -114.1885 -0.4137 -0.4278 0.0188 0.2930 0.1422 346.9059 371.7027 -4.2917 121.8269 0.0000
2720.03 17.07.2018 02.20.01 26.17123 290.2555 -115.8886 -0.4199 -0.4514 0.0420 0.6478 0.3168 344.3892 370.7364 -4.8869 121.8335 0.0000
2730.03 17.07.2018 02.30.01 26.10803 289.8648 -116.5674 -0.4223 -0.4718 0.0660 1.0152 0.4980 341.7390 369.6410 -5.7388 121.8400 0.0000
2740.03 17.07.2018 02.40.01 26.04427 289.4968 -117.2325 -0.4248 -0.4923 0.0901 1.3847 0.6805 339.0833 368.5296 -6.0129 121.8461 0.0000
2750.03 17.07.2018 02.50.01 25.98071 289.1241 -116.3814 -0.4217 -0.5074 0.1143 1.7546 0.8631 336.3167 367.3374 -6.0991 121.8464 0.0000
2760.03 17.07.2018 03.00.01 25.91793 288.7879 -113.6706 -0.4119 -0.5158 0.1386 2.1277 1.0472 333.4990 366.0659 -6.3646 121.8464 0.0000
2770.03 17.07.2018 03.10.01 25.85635 288.7374 -89.7486 -0.3252 -0.5359 0.2810 4.3438 2.1259 333.1349 365.3200 -5.8411 121.8456 0.0000
2780.03 17.07.2018 03.20.01 25.80288 288.7435 -74.6188 -0.2704 -0.6092 0.4518 6.9531 3.4101 333.1716 364.8433 -5.5084 121.8457 0.0000
2790.03 17.07.2018 03.30.01 25.75500 288.7511 -66.7053 -0.2417 -0.7122 0.6273 9.6416 4.7369 333.2929 364.4904 -5.3271 121.8484 0.0000
2800.03 17.07.2018 03.40.01 25.71011 288.7624 -62.1811 -0.2253 -0.8281 0.8038 12.3436 6.0708 333.4303 364.2495 -5.1636 121.8550 0.0000
2810.03 17.07.2018 03.50.01 25.66729 288.7712 -58.7644 -0.2129 -0.9482 0.9804 15.0480 7.4061 333.5555 364.0918 -5.1286 121.8618 0.0000
2820.03 17.07.2018 04.00.01 25.62621 288.7737 -55.9793 -0.2028 -1.0706 1.1571 17.7542 8.7421 333.6846 364.0017 -5.2074 121.8749 0.0000
2830.03 17.07.2018 04.10.01 25.58679 289.1506 -41.7720 -0.1513 -1.1888 1.3833 21.2328 10.4531 334.1202 364.4157 -3.1104 121.8891 0.0000
2840.03 17.07.2018 04.20.01 25.55428 289.5173 -27.1772 -0.0985 -1.3145 1.6213 24.8760 12.2501 334.6819 365.0095 -1.3084 121.9157 0.0000
2850.03 17.07.2018 04.30.01 25.52889 289.8844 -14.4137 -0.0522 -1.4483 1.8614 28.5525 14.0651 335.3095 365.7647 0.3354 121.9485 0.0000
2860.03 17.07.2018 04.40.01 25.50976 290.2527 -3.1430 -0.0114 -1.5878 2.1019 32.2346 15.8829 335.9840 366.6635 1.8254 121.9874 0.0000
2870.03 17.07.2018 04.50.01 25.49642 290.6290 6.8932 0.0250 -1.7318 2.3424 60.6513 31.4877 336.7002 369.9018 0.9608 122.0338 0.0000
2880.03 17.07.2018 05.00.01 25.48828 291.0434 33.3393 0.1208 -1.8786 2.6658 70.9098 36.9587 337.9139 372.3092 0.6882 122.0880 0.0000
2890.03 17.07.2018 05.10.01 25.49102 291.4204 20.7626 0.0752 -2.0604 2.8475 272.3680 149.1106 339.2549 392.6381 -17.3852 122.1506 0.0000
2900.03 17.07.2018 05.20.01 25.49169 292.0086 157.5012 0.5707 -2.2021 3.6971 485.6561 267.6720 344.5382 421.1648 -43.8627 122.2244 0.0000
2910.03 17.07.2018 05.30.01 25.54534 292.5274 269.3854 0.9760 -2.5802 4.7416 560.9019 303.2143 351.4251 431.6398 -58.5855 122.3190 0.0000
2920.03 17.07.2018 05.40.01 25.64428 292.9770 369.8831 1.3402 -3.1310 5.9615 558.6840 301.5868 360.2230 442.9297 -72.8884 122.4412 0.0000
2930.03 17.07.2018 05.50.01 25.78332 293.4131 236.5516 0.8571 -3.8209 6.2373 538.4408 290.1199 363.5041 448.6612 -79.1184 122.5911 0.0000
2940.03 17.07.2018 06.00.01 25.87634 293.7292 150.4357 0.5451 -4.2122 6.3429 516.2272 277.6527 365.7253 452.7757 -82.3643 122.7450 0.0000
2950.03 17.07.2018 06.10.01 25.93960 293.9921 120.8293 0.4378 -4.4135 6.4684 500.0088 268.4486 367.5627 456.0619 -85.6485 122.8991 0.0000
2960.03 17.07.2018 06.20.01 25.99355 294.2599 119.5972 0.4333 -4.5367 6.6266 483.8041 259.2172 369.2759 458.3372 -87.9178 123.0591 0.0000
2970.03 17.07.2018 06.30.01 26.04879 294.5179 115.2448 0.4176 -4.6351 6.7369 482.9347 259.2380 370.6365 462.2757 -91.1148 123.2259 0.0000
2980.03 17.07.2018 06.40.01 26.10452 294.7727 136.3699 0.4941 -4.7013 6.9272 472.1555 252.9529 372.3732 463.8416 -92.3291 123.4002 0.0000
2990.03 17.07.2018 06.50.01 26.17001 295.0066 142.9822 0.5181 -4.7835 7.0687 464.1155 248.3611 373.6864 465.2724 -93.5415 123.5902 0.0000
3000.03 17.07.2018 07.00.01 26.24008 295.2377 157.1511 0.5694 -4.8541 7.2313 457.4004 244.5431 374.9983 466.5093 -94.4014 123.7888 0.0000
3010.03 17.07.2018 07.10.01 26.31713 295.4612 147.4176 0.5341 -4.9286 7.2836 454.0182 242.6238 375.9563 467.5583 -97.1577 123.9974 0.0000
3020.03 17.07.2018 07.20.01 26.39245 295.6620 158.9590 0.5759 -4.9634 7.3858 451.2811 241.0398 377.1291 468.4283 -99.2790 124.2189 0.0000
3030.03 17.07.2018 07.30.01 26.47360 295.8619 161.4324 0.5849 -5.0015 7.4486 447.6394 238.9542 378.0468 468.8693 -101.5100 124.4552 0.0000
3040.03 17.07.2018 07.40.01 26.55734 296.0595 187.6251 0.6798 -5.0276 7.6098 446.5007 238.2174 379.5651 469.5458 -103.6442 124.7048 0.0000
3050.03 17.07.2018 07.50.01 26.65206 296.2528 188.5318 0.6831 -5.0866 7.6930 443.4385 236.4062 380.4638 469.6108 -105.3065 124.9770 0.0000
3060.03 17.07.2018 08.00.01 26.74838 296.4355 186.5244 0.6758 -5.1323 7.7442 439.6285 234.1804 381.1812 469.1880 -107.6229 125.2713 0.0000
3070.03 17.07.2018 08.10.01 26.84490 296.5931 171.7244 0.6222 -5.1624 7.7128 437.5189 232.9599 382.3749 469.4027 -107.9550 125.6468 0.0000
3080.03 17.07.2018 08.20.01 26.93655 296.7292 160.4762 0.5814 -5.1564 7.6505 434.6840 231.3368 383.0200 469.3503 -109.0827 126.0302 0.0000
3090.03 17.07.2018 08.30.01 27.02447 296.8622 165.1055 0.5982 -5.1240 7.6296 346.7014 178.5823 383.9082 454.2239 -99.9358 126.4213 0.0000
3100.03 17.07.2018 08.40.01 27.11428 296.9589 153.6479 0.5567 -5.0968 7.5380 344.8468 177.5664 384.2519 452.9032 -98.8584 126.8206 0.0000
3110.03 17.07.2018 08.50.01 27.20010 297.0824 153.8024 0.5573 -5.0462 7.4713 343.4125 176.7770 384.7262 451.8927 -99.2042 127.2252 0.0000
3120.03 17.07.2018 09.00.01 27.28597 297.1934 160.3532 0.5810 -4.9966 7.4368 342.8374 176.4740 385.6428 451.2943 -99.9432 127.6369 0.0000
3130.03 17.07.2018 09.10.01 27.37542 297.1647 317.5803 1.1507 -4.9622 8.1505 334.9859 171.9932 386.6078 450.3617 -99.0848 128.0455 0.0000
3140.03 17.07.2018 09.20.01 27.52294 297.1641 386.0229 1.3986 -5.2344 8.8440 326.5667 167.1910 387.5291 449.8218 -94.9441 128.4320 0.0000
3150.03 17.07.2018 09.30.01 27.69604 297.2202 411.0724 1.4894 -5.6358 9.5002 318.4889 162.6374 388.9565 449.7672 -89.1162 128.7935 0.0000
3160.03 17.07.2018 09.40.01 27.87884 297.2731 422.0476 1.5292 -6.0807 10.1465 313.3245 159.5783 390.3131 449.8398 -84.9463 129.1301 0.0000
3170.03 17.07.2018 09.50.01 28.06616 297.2027 446.9680 1.6194 -6.5438 10.8844 308.8165 156.8113 390.2072 450.2189 -78.7462 129.4671 0.0000
3180.03 17.07.2018 10.00.01 28.26263 297.2004 432.9212 1.5686 -7.0539 11.4967 303.3028 153.5778 390.4168 450.1867 -78.2083 129.8565 0.0000
3190.03 17.07.2018 10.10.01 28.45297 297.2941 309.0154 1.1196 -7.5356 11.5403 296.9735 150.1914 390.6836 449.9829 -76.3211 130.2577 0.0000
3200.03 17.07.2018 10.20.01 28.59701 297.3617 231.9131 0.8403 -7.7817 11.4960 289.9117 146.4618 390.7197 449.5506 -74.8430 130.6584 0.0000
3210.03 17.07.2018 10.30.01 28.71124 297.4151 164.0407 0.5944 -7.8905 11.3131 281.0095 141.7758 390.1849 448.7091 -73.0775 131.0586 0.0000
3220.03 17.07.2018 10.40.01 28.79907 297.4816 162.6086 0.5892 -7.8842 11.2978 274.7479 138.4180 389.9076 448.0412 -71.2768 131.4549 0.0000
3230.03 17.07.2018 10.50.01 28.88506 297.5259 142.4974 0.5163 -7.8860 11.2031 267.9436 134.8223 389.5793 447.2906 -69.5336 132.2343 0.0000
3240.03 17.07.2018 11.00.01 28.96270 297.5845 127.2446 0.4610 -7.8676 11.1048 261.2155 131.2755 389.2888 446.5435 -67.7277 133.0097 0.0000
3250.03 17.07.2018 11.10.01 29.03341 297.7033 141.8808 0.5141 -7.8346 11.1315 265.2219 133.3285 389.3059 446.5718 -66.2521 133.7803 0.0000
3260.03 17.07.2018 11.20.01 29.10888 297.8410 167.8993 0.6083 -7.8410 11.2657 268.7204 134.9629 389.8638 446.8627 -65.1307 134.5691 0.0000
3270.03 17.07.2018 11.30.01 29.19360 297.9818 179.7544 0.6513 -7.9026 11.4052 272.1963 136.5780 390.5274 447.3337 -64.3552 135.3573 0.0000
3280.03 17.07.2018 11.40.01 29.28277 298.1806 206.4572 0.7480 -7.9918 11.6531 275.6973 138.0775 391.7507 447.9059 -63.7616 136.1410 0.0000
3290.03 17.07.2018 11.50.01 29.38174 298.4202 200.1012 0.7250 -8.1303 11.8071 279.4227 139.8133 393.0499 448.7770 -63.3401 136.9859 0.0000
3300.03 17.07.2018 12.00.01 29.47830 298.7809 187.1039 0.6779 -8.2551 11.9107 282.6304 141.2953 395.4449 449.8610 -62.6212 137.8231 0.0000
3310.03 17.07.2018 12.10.01 29.57070 298.8733 252.5823 0.9152 -8.3605 12.3675 278.9190 139.1810 397.2003 451.0130 -62.5096 138.8046 0.0000
3320.03 17.07.2018 12.20.01 29.68795 298.8444 343.0104 1.2428 -8.5973 13.1201 273.8353 136.1337 397.7626 451.6007 -62.4326 139.8268 0.0000
3330.03 17.07.2018 12.30.01 29.83978 298.7980 462.2529 1.6748 -9.0109 14.2477 269.3503 133.1610 397.7646 451.8933 -62.0901 140.8348 0.0000
3340.03 17.07.2018 12.40.01 30.03628 298.7458 475.8021 1.7239 -9.6465 15.1605 265.9961 130.9219 397.7798 452.1036 -61.6143 141.8160 0.0000
3350.03 17.07.2018 12.50.01 30.23809 298.6905 435.9080 1.5794 -10.2965 15.8344 262.7072 128.8575 397.6349 452.1904 -60.9004 142.7829 0.0000
3360.03 17.07.2018 13.00.01 30.42532 298.6448 398.5583 1.4441 -10.8630 16.4095 260.2251 127.3055 397.6346 452.3040 -60.1999 143.7391 0.0000
3370.03 17.07.2018 13.10.01 30.59844 298.4903 353.5070 1.2808 -11.3549 16.8476 259.3560 126.4618 396.5144 451.9012 -60.6848 144.7050 0.0000
3380.03 17.07.2018 13.20.01 30.75454 298.2974 342.7947 1.2420 -11.7668 17.3450 258.7860 125.7122 394.9071 451.2767 -61.3898 145.7234 0.0000
3390.03 17.07.2018 13.30.01 30.90597 298.1337 351.5256 1.2736 -12.1675 17.9215 259.0205 125.3479 393.5174 450.6147 -62.1488 146.8008 0.0000
3400.03 17.07.2018 13.40.01 31.06005 297.9927 356.0171 1.2899 -12.5921 18.5094 259.5185 125.1024 392.3050 449.9098 -62.8094 147.9304 0.0000
3410.03 17.07.2018 13.50.01 31.21551 297.8699 363.4884 1.3170 -13.0307 19.1303 260.2646 124.9649 391.2110 449.1888 -63.4589 149.1018 0.0000
3420.03 17.07.2018 14.00.01 31.37338 297.7519 356.5361 1.2918 -13.4869 19.7049 260.6436 124.6549 390.1391 448.4150 -64.0554 150.3164 0.0000
3430.03 17.07.2018 14.10.01 31.52938 297.6748 440.5889 1.5963 -13.9344 20.7076 264.2335 125.6109 388.7104 447.4815 -64.5136 151.5368 0.0000
3440.03 17.07.2018 14.20.01 31.71725 297.6046 510.4872 1.8496 -14.5429 21.8567 268.7202 126.9402 387.2346 446.6379 -64.9008 152.7597 0.0000
3450.03 17.07.2018 14.30.01 31.93197 297.5392 566.4053 2.0522 -15.2803 23.1100 273.8753 128.5588 385.8652 445.9810 -65.2043 153.9900 0.0000
3460.03 17.07.2018 14.40.01 32.16888 297.4935 629.3292 2.2802 -16.1175 24.5302 280.2979 130.6882 384.6219 445.4436 -65.4923 155.2255 0.0000
3470.03 17.07.2018 14.50.01 32.43066 297.4769 696.7521 2.5245 -17.0652 26.1195 284.7831 131.7751 383.6435 445.1034 -65.7683 156.4596 0.0000
3480.03 17.07.2018 15.00.01 32.71880 297.4010 733.9631 2.6593 -18.1270 27.7151 286.1209 131.2428 382.2774 444.6196 -66.1544 157.6436 0.0000
3490.03 17.07.2018 15.10.01 33.01931 297.2152 439.3637 1.5919 -19.2261 27.7573 280.9259 128.4597 380.7210 444.2069 -64.7470 158.2134 0.0000
3500.03 17.07.2018 15.20.01 33.20849 296.9966 275.6085 0.9986 -19.7626 27.6816 265.4125 120.5528 378.9328 443.0984 -64.2257 158.7749 0.0000
3510.03 17.07.2018 15.30.01 33.33553 296.6776 169.1987 0.6130 -19.9968 27.4798 258.2042 116.8300 376.1211 441.3748 -63.6673 159.2733 0.0000
3520.03 17.07.2018 15.40.01 33.42095 296.4599 68.3425 0.2476 -20.0475 27.0601 249.4564 112.4227 374.1535 439.6357 -62.5285 159.7627 0.0000
3530.03 17.07.2018 15.50.01 33.46676 296.2361 5.3230 0.0193 -19.9290 26.5977 240.6244 108.0003 372.0894 437.7470 -61.1311 160.2374 0.0000
3540.03 17.07.2018 16.00.01 33.47415 296.0156 -1462.1947 -5.2978 -19.7163 19.2246 219.5753 101.7971 370.1071 435.7632 -59.7427 160.6991 0.0000
3550.03 17.07.2018 16.10.01 32.94503 295.6791 -735.6472 -2.6654 -16.7387 18.7644 211.5780 97.8426 367.5540 433.4442 -58.7731 161.1344 0.0000
3560.03 17.07.2018 16.20.01 32.67599 295.3877 -422.2903 -1.5300 -15.2658 18.3144 204.2256 94.2644 365.3505 431.2175 -57.6703 161.5608 0.0000
3570.03 17.07.2018 16.30.01 32.51928 295.0952 -293.1313 -1.0621 -14.4413 17.8390 196.9828 90.7794 363.2023 428.9663 -56.5440 161.9761 0.0000
3580.03 17.07.2018 16.40.01 32.40820 294.8128 -272.6749 -0.9880 -13.8906 17.2035 179.7164 82.4054 361.1389 426.4733 -55.2002 162.3812 0.0000
3590.03 17.07.2018 16.50.01 32.30313 294.4844 -282.5757 -1.0238 -13.3966 16.4970 171.1621 78.3978 358.6834 423.6643 -53.5726 162.7159 0.0000
3600.03 17.07.2018 17.00.01 32.19293 294.2091 -302.0892 -1.0945 -12.8993 15.7397 162.7996 74.5560 356.6767 421.0944 -51.7781 163.0351 0.0000
3610.03 17.07.2018 17.10.01 32.07388 293.9263 -348.0165 -1.2609 -12.3808 14.8266 152.7492 69.9455 354.8788 418.5097 -49.6591 163.3358 0.0000
3620.03 17.07.2018 17.20.01 31.92669 293.6361 -1458.4304 -5.2842 -11.7915 8.6765 132.4719 63.4193 352.9843 415.7356 -47.5684 163.6211 0.0000
3630.03 17.07.2018 17.30.01 31.37414 293.3339 -858.7047 -3.1112 -9.1093 7.9974 121.9631 58.3720 350.9868 412.7926 -45.4736 163.8764 0.0000
3640.03 17.07.2018 17.40.01 31.04080 293.0535 -180.6539 -0.6545 -7.6587 9.3389 113.9283 53.2602 349.1128 409.8425 -43.0010 164.1159 0.0000
3650.03 17.07.2018 17.50.01 30.95278 292.7799 -373.6239 -1.3537 -7.5333 8.2394 100.6147 47.0669 347.2279 406.9315 -40.4243 164.3460 0.0000
3660.03 17.07.2018 18.00.01 30.79382 292.4978 -466.8187 -1.6914 -7.0295 7.1176 87.1730 40.8198 345.2580 403.9200 -37.7573 164.5552 0.0000
3670.03 17.07.2018 18.10.01 30.60012 292.1858 -457.5134 -1.6577 -6.3546 6.2626 72.5313 33.8170 343.7407 400.9455 -33.8964 164.7360 0.0000
3680.03 17.07.2018 18.20.01 30.40927 291.8650 -452.6572 -1.6401 -5.7039 5.4185 62.7923 29.2714 342.2073 398.0884 -30.4151 164.8626 0.0000
3690.03 17.07.2018 18.30.01 30.21978 291.5678 -448.5591 -1.6252 -5.0683 4.5908 55.4370 25.9355 340.8147 395.4900 -27.2780 164.9633 0.0000
3700.03 17.07.2018 18.40.01 30.03069 291.2902 -516.5967 -1.8717 -4.4465 3.4330 42.1668 19.8453 339.5065 392.9544 -24.1771 165.0577 0.0000
3710.03 17.07.2018 18.50.01 29.81573 291.0013 -554.7902 -2.0101 -3.7022 2.2562 28.4441 13.5036 337.9573 390.2049 -21.3178 165.1288 0.0000
3720.03 17.07.2018 19.00.01 29.58541 290.7200 -573.8277 -2.0791 -2.9007 1.0955 14.7978 7.1902 336.3559 387.3645 -18.7795 165.1797 0.0000
3730.03 17.07.2018 19.10.01 29.34805 290.3517 -397.6891 -1.4409 -2.0836 0.8570 11.3290 5.4286 334.5543 384.5640 -17.4910 165.2112 0.0000
3740.03 17.07.2018 19.20.01 29.17422 290.0019 -325.9904 -1.1811 -1.6247 0.5914 9.1841 4.4543 333.0786 382.1618 -16.6420 165.2321 0.0000
3750.03 17.07.2018 19.30.01 29.02667 289.6516 -263.2328 -0.9537 -1.3125 0.4784 7.4754 3.6215 331.6985 379.9016 -15.9810 165.2506 0.0000
3760.03 17.07.2018 19.40.01 28.90197 289.2981 -242.6869 -0.8793 -1.1261 0.3291 5.1795 2.5216 330.3503 377.7294 -15.4464 165.2633 0.0000
3770.03 17.07.2018 19.50.01 28.78463 288.9369 -233.9354 -0.8476 -0.9816 0.1787 2.8251 1.3873 328.9919 375.5956 -15.0135 165.2728 0.0000
3780.03 17.07.2018 20.00.01 28.67034 288.5745 -230.1069 -0.8337 -0.8571 0.0312 0.4838 0.2573 327.6396 373.5122 -14.6552 165.2793 0.0000
3790.03 17.07.2018 20.10.01 28.55740 288.2317 -204.1333 -0.7396 -0.7438 0.0056 0.0869 0.0462 326.4060 371.5028 -14.4835 165.2819 0.0000
3800.03 17.07.2018 20.20.01 28.45379 287.8424 -188.8388 -0.6842 -0.6850 0.0010 0.0156 0.0083 325.2733 369.6083 -14.6331 165.2827 0.0000
3810.03 17.07.2018 20.30.01 28.35558 287.4211 -181.7775 -0.6586 -0.6588 0.0002 0.0028 0.0015 324.1666 367.7842 -15.0119 165.2827 0.0000
3820.03 17.07.2018 20.40.01 28.25976 286.9653 -179.6917 -0.6511 -0.6511 0.0000 0.0005 0.0003 323.0512 366.0174 -15.6273 165.2827 0.0000
3830.03 17.07.2018 20.50.01 28.16406 286.5492 -180.1600 -0.6528 -0.6528 0.0000 0.0001 0.0000 321.9765 364.3262 -16.0673 165.2827 0.0000
3840.03 17.07.2018 21.00.01 28.06790 286.1925 -181.7693 -0.6586 -0.6586 0.0000 0.0000 0.0000 320.9818 362.7849 -16.0686 165.2827 0.0000
3850.03 17.07.2018 21.10.01 27.97085 286.1600 -182.9441 -0.6628 -0.6628 0.0000 0.0000 0.0000 320.4960 361.5774 -15.2864 165.2827 0.0000
3860.03 17.07.2018 21.20.01 27.87310 286.3055 -184.0218 -0.6667 -0.6667 0.0000 0.0000 0.0000 320.2478 360.5842 -13.9636 165.2827 0.0000
3870.03 17.07.2018 21.30.01 27.77517 286.4145 -184.0475 -0.6668 -0.6668 0.0000 0.0000 0.0000 320.0361 359.6601 -12.9140 165.2834 0.0000
3880.03 17.07.2018 21.40.01 27.67730 285.2513 -183.4998 -0.6649 -0.6649 0.0000 0.0000 0.0000 318.7803 357.9122 -15.9560 165.2835 0.0000
3890.03 17.07.2018 21.50.01 27.57934 285.0944 -184.9482 -0.6701 -0.6701 0.0000 0.0000 0.0000 318.3255 356.7310 -16.0152 165.2835 0.0000
3900.03 17.07.2018 22.00.01 27.48049 284.9334 -186.1747 -0.6745 -0.6745 0.0000 0.0000 0.0000 317.9135 355.6060 -16.1534 165.2835 0.0000
3910.03 17.07.2018 22.10.01 27.38104 284.8525 -187.0733 -0.6778 -0.6778 0.0000 0.0000 0.0000 317.4942 354.6454 -15.6530 165.2835 0.0000
3920.03 17.07.2018 22.20.01 27.28149 284.7617 -186.8595 -0.6770 -0.6770 0.0000 0.0000 0.0000 317.0545 353.7213 -15.2159 165.2835 0.0000
3930.03 17.07.2018 22.30.01 27.18252 284.6535 -186.3851 -0.6753 -0.6753 0.0000 0.0000 0.0000 316.6053 352.8243 -14.8712 165.2832 0.0000
3940.03 17.07.2018 22.40.01 27.08367 284.5456 -185.1134 -0.6707 -0.6707 0.0000 0.0000 0.0000 316.1641 351.9567 -14.5840 165.2820 0.0000
3950.03 17.07.2018 22.50.01 26.98568 284.4359 -184.1029 -0.6670 -0.6670 0.0000 0.0000 0.0000 315.7251 351.1280 -14.3187 165.2799 0.0000
3960.03 17.07.2018 23.00.01 26.88821 284.3266 -183.0265 -0.6631 -0.6631 0.0000 0.0000 0.0000 315.2881 350.3363 -14.0697 165.2753 0.0000
3970.03 17.07.2018 23.10.01 26.79128 284.1851 -181.4814 -0.6575 -0.6575 0.0000 0.0000 0.0000 314.7947 349.5339 -13.8705 165.2686 0.0000
3980.03 17.07.2018 23.20.01 26.69549 283.8209 -179.2342 -0.6494 -0.6494 0.0000 0.0000 0.0000 314.1399 348.7442 -13.7812 165.2595 0.0000
3990.03 17.07.2018 23.30.01 26.60079 283.7503 -177.4188 -0.6428 -0.6428 0.0000 0.0000 0.0000 313.6071 348.1195 -13.2218 165.2493 0.0000
4000.03 17.07.2018 23.40.01 26.50701 283.6634 -175.4723 -0.6358 -0.6358 0.0000 0.0000 0.0000 313.1000 347.4516 -12.7942 165.2367 0.0000
4010.03 17.07.2018 23.50.01 26.41445 283.5228 -172.7981 -0.6261 -0.6261 0.0000 0.0000 0.0000 312.6056 346.7152 -12.7012 165.2225 0.0000
4020.03 18.07.2018 00.00.01 26.32339 283.3925 -170.0849 -0.6162 -0.6162 0.0000 0.0000 0.0000 312.1327 345.9915 -12.6261 165.2079 0.0000
4030.03 18.07.2018 00.10.01 26.23354 283.3851 -168.1308 -0.6092 -0.6092 0.0000 0.0000 0.0000 311.8065 345.5284 -12.0579 165.1930 0.0000
4040.03 18.07.2018 00.20.01 26.14385 283.3882 -168.2944 -0.6098 -0.6098 0.0000 0.0000 0.0000 311.4640 345.0810 -11.5952 165.1776 0.0000
4050.03 18.07.2018 00.30.01 26.05386 283.3389 -170.1827 -0.6166 -0.6166 0.0000 0.0000 0.0000 311.1871 344.5813 -11.3776 165.1612 0.0000
4060.03 18.07.2018 00.40.01 25.96295 283.2156 -171.3688 -0.6209 -0.6209 0.0000 0.0000 0.0000 310.8809 344.0271 -11.0816 165.1432 0.0000
4070.03 18.07.2018 00.50.01 25.87228 283.1280 -170.4067 -0.6174 -0.6174 0.0000 0.0000 0.0000 310.5370 343.5147 -10.7429 165.1243 0.0000
4080.03 18.07.2018 01.00.01 25.78228 283.0701 -168.3546 -0.6100 -0.6100 0.0000 0.0000 0.0000 310.1940 343.0347 -10.3949 165.1040 0.0000
4090.03 18.07.2018 01.10.01 25.69329 282.9853 -167.4955 -0.6069 -0.6069 0.0000 0.0000 0.0000 309.8612 342.5492 -10.5808 165.0829 0.0000
4100.03 18.07.2018 01.20.01 25.60385 282.8993 -169.4348 -0.6139 -0.6139 0.0000 0.0000 0.0000 309.5030 342.0371 -10.8083 165.0614 0.0000
4110.03 18.07.2018 01.30.01 25.51290 282.8010 -172.6941 -0.6257 -0.6257 0.0000 0.0000 0.0000 309.1132 341.4962 -11.0599 165.0395 0.0000
4120.03 18.07.2018 01.40.01 25.42013 282.7181 -176.2341 -0.6385 -0.6385 0.0000 0.0000 0.0000 308.7198 340.9688 -11.1920 165.0172 0.0000
4130.03 18.07.2018 01.50.01 25.32549 282.6453 -179.4568 -0.6502 -0.6502 0.0000 0.0000 0.0000 308.3063 340.4278 -11.3329 164.9948 0.0000
4140.03 18.07.2018 02.00.01 25.22921 282.5734 -182.3754 -0.6608 -0.6608 0.0000 0.0003 0.0002 307.8739 339.8743 -11.4813 164.9715 0.0000
4150.03 18.07.2018 02.10.01 25.13159 282.6620 -181.7810 -0.6586 -0.6683 0.0129 0.2019 0.0980 307.6971 339.4835 -10.7491 164.9452 0.0000
4160.03 18.07.2018 02.20.01 25.03457 282.7426 -180.1099 -0.6526 -0.6743 0.0289 0.4463 0.2182 307.5817 339.1496 -10.0572 164.9159 0.0000
4170.03 18.07.2018 02.30.01 24.93847 282.8221 -177.7847 -0.6441 -0.6782 0.0455 0.6994 0.3431 307.4947 338.8664 -9.3717 164.8831 0.0000
4180.03 18.07.2018 02.40.01 24.84350 282.8942 -174.8130 -0.6334 -0.6799 0.0621 0.9539 0.4688 307.4254 338.6143 -8.7182 164.8478 0.0000
4190.03 18.07.2018 02.50.01 24.75015 282.9683 -171.6053 -0.6218 -0.6808 0.0787 1.2087 0.5946 307.3713 338.4053 -8.0653 164.8087 0.0000
4200.03 18.07.2018 03.00.01 24.65862 283.0447 -168.2879 -0.6097 -0.6814 0.0955 1.4665 0.7218 307.3292 338.2384 -7.4134 164.7675 0.0000
4210.03 18.07.2018 03.10.01 24.56927 283.3588 -140.7922 -0.5101 -0.6786 0.2246 3.4765 1.6994 307.6954 338.4359 -5.5675 164.7200 0.0000
4220.03 18.07.2018 03.20.01 24.49166 283.6756 -117.4588 -0.4256 -0.7110 0.3806 5.8603 2.8726 308.2797 338.8355 -4.0075 164.6685 0.0000
4230.03 18.07.2018 03.30.01 24.42428 284.0007 -100.7545 -0.3651 -0.7709 0.5412 8.3195 4.0862 308.9604 339.3745 -2.6268 164.6153 0.0000
4240.03 18.07.2018 03.40.01 24.36447 284.3271 -88.2225 -0.3196 -0.8466 0.7026 10.7914 5.3065 309.6940 340.0188 -1.4121 164.5605 0.0000
4250.03 18.07.2018 03.50.01 24.31057 284.6573 -78.3715 -0.2840 -0.9321 0.8642 13.2656 6.5280 310.4687 340.7542 -0.3234 164.5048 0.0000
4260.03 18.07.2018 04.00.01 24.26141 284.9980 -70.2562 -0.2546 -1.0239 1.0258 15.7406 7.7500 311.2770 341.5697 0.6760 164.4493 0.0000
4270.03 18.07.2018 04.10.01 24.21612 285.3279 -61.5924 -0.2232 -1.1225 1.1991 18.3973 9.0601 312.4536 342.4774 1.3542 164.3962 0.0000
4280.03 18.07.2018 04.20.01 24.17474 285.6582 -54.3456 -0.1969 -1.2282 1.3751 21.0929 10.3906 313.6995 343.4675 1.9275 164.3498 0.0000
4290.03 18.07.2018 04.30.01 24.13696 285.9902 -47.9951 -0.1739 -1.3376 1.5517 23.7962 11.7252 314.9766 344.5209 2.4202 164.3118 0.0000
4300.03 18.07.2018 04.40.01 24.10244 286.3265 -42.0729 -0.1524 -1.4486 1.7283 26.5008 13.0605 316.2747 345.6316 2.8492 164.2835 0.0000
4310.03 18.07.2018 04.50.01 24.07095 286.6586 -36.4368 -0.1320 -1.5607 1.9049 74.6279 39.7139 317.5953 350.6970 -0.6868 164.2633 0.0000
4320.03 18.07.2018 05.00.01 24.04269 287.0742 0.4511 0.0016 -1.6734 2.2334 87.8217 46.8730 319.7563 354.1289 -2.1944 164.2503 0.0000
4330.03 18.07.2018 05.10.01 24.02883 287.5680 -6.3925 -0.0232 -1.8441 2.4279 349.8016 192.7522 321.7182 381.0955 -21.9918 164.2504 0.0000
4340.03 18.07.2018 05.20.01 24.01534 288.4107 175.9185 0.6374 -1.9869 3.4991 627.2624 347.0164 328.5732 420.0411 -49.3318 164.2574 0.0000
4350.03 18.07.2018 05.30.01 24.07223 289.3304 322.8244 1.1697 -2.4495 4.8256 720.8810 390.7235 337.8082 434.6321 -62.4498 164.2872 0.0000
4360.03 18.07.2018 05.40.01 24.18826 289.8964 447.8972 1.6228 -3.1407 6.3513 693.0576 375.0939 349.6038 448.5915 -76.9687 164.3418 0.0000
4370.03 18.07.2018 05.50.01 24.35415 290.5811 256.5277 0.9294 -4.0009 6.5739 640.0246 345.6843 353.6367 453.8115 -83.3696 164.4346 0.0000
4380.03 18.07.2018 06.00.01 24.45367 291.0637 124.6642 0.4517 -4.4383 6.5199 584.3004 314.9537 355.6769 455.6739 -87.5392 164.5442 0.0000
4390.03 18.07.2018 06.10.01 24.50701 291.4458 78.9041 0.2859 -4.5896 6.5006 554.0848 298.0597 356.6010 457.5391 -90.3414 164.6612 0.0000
4400.03 18.07.2018 06.20.01 24.54547 291.8297 83.8021 0.3036 -4.6294 6.5774 526.2672 282.5044 357.7019 458.6221 -92.4897 164.7863 0.0000
4410.03 18.07.2018 06.30.01 24.58785 292.2016 102.6765 0.3720 -4.6533 6.7004 516.2069 277.5529 358.7687 461.5205 -95.5861 164.9216 0.0000
4420.03 18.07.2018 06.40.01 24.63970 292.5644 130.9959 0.4746 -4.6847 6.8791 499.1420 267.7984 360.2510 461.9073 -96.7187 165.0743 0.0000
4430.03 18.07.2018 06.50.01 24.70458 292.8802 145.9764 0.5289 -4.7393 7.0243 485.7173 260.2617 361.4264 462.2250 -97.7937 165.2393 0.0000
4440.03 18.07.2018 07.00.01 24.77761 293.1752 165.4416 0.5994 -4.7916 7.1880 473.4456 253.3995 362.6374 462.2481 -98.4691 165.4173 0.0000
4450.03 18.07.2018 07.10.01 24.86062 293.3352 221.6846 0.8032 -4.8538 7.5427 458.1203 244.7074 363.5316 461.3073 -98.8490 165.6163 0.0000
4460.03 18.07.2018 07.20.01 24.96661 293.5099 259.8803 0.9416 -5.0008 7.9233 443.1056 236.1749 364.4848 460.0213 -98.8435 165.8437 0.0000
4470.03 18.07.2018 07.30.01 25.08871 293.6941 274.4781 0.9945 -5.1976 8.2562 427.2043 227.1600 365.1884 458.3573 -98.1784 166.1037 0.0000
4480.03 18.07.2018 07.40.01 25.21816 293.8813 303.4655 1.0995 -5.4010 8.6674 418.7856 222.2036 366.3226 457.3078 -97.6360 166.3990 0.0000
4490.03 18.07.2018 07.50.01 25.36001 294.0931 315.3281 1.1425 -5.6404 9.0439 409.3089 216.6467 367.1535 456.1058 -96.8259 166.7348 0.0000
4500.03 18.07.2018 08.00.01 25.50771 294.3113 319.1458 1.1563 -5.8850 9.3884 399.3063 210.8101 367.9507 454.7862 -95.8504 167.1096 0.0000
4510.03 18.07.2018 08.10.01 25.65829 294.4039 353.6482 1.2813 -6.1242 9.8740 376.6613 198.0310 369.0000 452.1960 -94.1804 167.5594 0.0000
4520.03 18.07.2018 08.20.01 25.82217 294.4823 347.9429 1.2607 -6.4223 10.2439 352.4806 184.4526 369.2519 448.9542 -91.4348 168.0267 0.0000
4530.03 18.07.2018 08.30.01 25.98440 294.5625 344.5980 1.2485 -6.7045 10.6040 283.4948 144.0018 369.4349 438.0281 -82.3413 168.5098 0.0000
4540.03 18.07.2018 08.40.01 26.14544 294.6156 331.5926 1.2014 -6.9781 10.9061 272.0785 137.7684 369.2655 435.3783 -79.1478 169.0029 0.0000
4550.03 18.07.2018 08.50.01 26.30169 294.6984 338.6407 1.2270 -7.2276 11.2727 261.8436 132.1765 369.3833 433.2361 -76.0324 169.5059 0.0000
4560.03 18.07.2018 09.00.01 26.46047 294.7856 344.5579 1.2484 -7.4938 11.6563 252.2140 126.9300 369.6928 431.4099 -72.9442 170.0245 0.0000
4570.03 18.07.2018 09.10.01 26.62066 294.8392 287.9745 1.0434 -7.7742 11.7567 249.9065 125.5755 370.1066 430.0409 -69.2234 170.5510 0.0000
4580.03 18.07.2018 09.20.01 26.75973 294.9267 277.9569 1.0071 -7.9499 11.9427 249.0279 124.9886 370.9112 429.4286 -66.1266 171.0828 0.0000
4590.03 18.07.2018 09.30.01 26.89456 295.0324 285.4042 1.0341 -8.1136 12.1969 249.1134 124.9075 372.0039 429.2939 -63.5515 171.6208 0.0000
4600.03 18.07.2018 09.40.01 27.03146 295.1469 281.6933 1.0206 -8.2987 12.4258 249.6553 125.0722 373.1748 429.4405 -61.3636 172.1715 0.0000
4610.03 18.07.2018 09.50.01 27.16647 295.2682 286.5018 1.0380 -8.4839 12.6959 250.4151 125.3215 374.3394 429.8130 -59.4854 172.7305 0.0000
4620.03 18.07.2018 10.00.01 27.30258 295.3932 276.0495 1.0002 -8.6857 12.9145 250.7379 125.3643 375.4984 430.3279 -57.8153 173.2968 0.0000
4630.03 18.07.2018 10.10.01 27.43444 295.5316 284.6228 1.0312 -8.8739 13.2069 256.9004 128.3749 377.2151 431.3642 -56.4142 173.8644 0.0000
4640.03 18.07.2018 10.20.01 27.56942 295.7155 302.3220 1.0954 -9.0803 13.5676 264.1056 131.9391 379.3932 432.9099 -55.7432 174.4269 0.0000
4650.03 18.07.2018 10.30.01 27.71096 295.8891 301.5597 1.0926 -9.3198 13.8832 270.6708 135.1677 381.6372 434.5491 -55.7190 174.9644 0.0000
4660.03 18.07.2018 10.40.01 27.85235 295.9961 319.3944 1.1572 -9.5587 14.2879 278.0065 138.7693 384.4407 436.5597 -55.2954 175.4514 0.0000
4670.03 18.07.2018 10.50.01 28.00076 296.2591 319.1589 1.1564 -9.8311 14.6499 284.9050 142.1554 387.6232 439.2466 -53.6185 176.3076 0.0000
4680.03 18.07.2018 11.00.01 28.14965 296.5101 317.3903 1.1500 -10.1005 15.0007 291.6288 145.4509 390.4069 441.7780 -53.6170 177.1378 0.0000
4690.03 18.07.2018 11.10.01 28.29727 296.5548 259.4867 0.9402 -10.3653 15.0739 284.1889 141.7314 391.1659 443.7288 -53.5590 177.9834 0.0000
4700.03 18.07.2018 11.20.01 28.42181 296.6311 159.6814 0.5786 -10.5247 14.8044 271.5986 135.2917 390.8426 444.3928 -52.4902 178.8697 0.0000
4710.03 18.07.2018 11.30.01 28.50726 296.6670 95.2294 0.3450 -10.5082 14.4710 258.1362 128.3956 389.8157 444.3135 -51.2890 179.7601 0.0000
4720.03 18.07.2018 11.40.01 28.56686 296.6687 63.1544 0.2288 -10.3952 14.1654 245.4047 121.8537 388.7424 443.8070 -49.9274 180.6473 0.0000
4730.03 18.07.2018 11.50.01 28.61236 296.6371 33.7502 0.1223 -10.2414 13.8183 232.9508 115.5240 388.0074 443.0947 -47.9017 181.5125 0.0000
4740.03 18.07.2018 12.00.01 28.64510 296.6285 13.4073 0.0486 -10.0537 13.4697 220.7218 109.3297 386.7406 442.1690 -46.0239 182.3653 0.0000
4750.03 18.07.2018 12.10.01 28.66754 296.5676 -60.7164 -0.2200 -9.8520 12.8427 217.2438 107.6538 384.8776 441.0004 -45.8473 183.2750 0.0000
4760.03 18.07.2018 12.20.01 28.66064 296.8815 -18.1912 -0.0659 -9.5394 12.6314 216.1681 107.0299 383.4107 440.3019 -46.1260 184.2917 0.0000
4770.03 18.07.2018 12.30.01 28.66845 296.8953 61.4378 0.2226 -9.3343 12.7425 216.3421 106.8968 382.3089 439.2071 -48.2939 185.4410 0.0000
4780.03 18.07.2018 12.40.01 28.70529 296.9486 127.7200 0.4628 -9.2936 13.0084 217.4187 107.1402 381.7299 438.3384 -48.0715 186.7008 0.0000
4790.03 18.07.2018 12.50.01 28.76724 297.0183 184.9705 0.6702 -9.3797 13.3998 219.2513 107.6864 381.2577 437.7170 -47.1448 188.0207 0.0000
4800.03 18.07.2018 13.00.01 28.85168 297.1235 255.1193 0.9243 -9.5695 13.9918 222.6006 108.9090 380.9313 437.4679 -45.7053 189.3783 0.0000
4810.03 18.07.2018 13.10.01 28.96288 297.2269 239.9076 0.8692 -9.8769 14.3282 219.8289 107.3313 382.9086 438.4600 -41.6589 190.6924 0.0000
4820.03 18.07.2018 13.20.01 29.06964 297.1517 171.3397 0.6208 -10.1291 14.3332 214.5391 104.5839 384.9120 438.7574 -40.7541 191.8516 0.0000
4830.03 18.07.2018 13.30.01 29.15212 297.5111 123.9145 0.4490 -10.2294 14.2378 208.5247 101.4980 386.7883 438.8898 -39.9317 192.8737 0.0000
4840.03 18.07.2018 13.40.01 29.21768 297.4722 76.1033 0.2757 -10.2243 14.0001 201.7285 98.0946 388.8231 438.7970 -36.2707 193.7767 0.0000
4850.03 18.07.2018 13.50.01 29.26519 297.8685 31.0074 0.1123 -10.1289 13.6549 194.3985 94.4838 389.0117 439.0681 -33.9072 194.5618 0.0000
4860.03 18.07.2018 14.00.01 29.29464 298.0679 -22.0624 -0.0799 -9.9578 13.1704 186.2599 90.5389 387.8198 438.2070 -36.4750 195.4604 0.0000
4870.03 18.07.2018 14.10.01 29.30169 297.9767 -142.9431 -0.5179 -9.7015 12.2448 171.9751 83.6452 386.9936 437.3793 -33.8533 196.3551 0.0000
4880.03 18.07.2018 14.20.01 29.26098 297.7177 -246.3386 -0.8925 -9.2372 11.1262 155.8529 75.8562 385.5572 435.8076 -31.7432 197.1454 0.0000
4890.03 18.07.2018 14.30.01 29.17864 297.3405 -325.3438 -1.1788 -8.6061 9.9031 139.0655 67.7827 383.9917 433.7323 -29.9710 197.8339 0.0000
4900.03 18.07.2018 14.40.01 29.06347 297.1588 -403.2634 -1.4611 -7.8571 8.5280 121.2314 59.2722 382.6138 431.4485 -27.1401 198.3996 0.0000
4910.03 18.07.2018 14.50.01 28.91604 296.9691 -466.6649 -1.6908 -6.9904 7.0661 102.7358 50.4808 379.9955 428.7896 -24.7129 198.8722 0.0000
4920.03 18.07.2018 15.00.01 28.74166 296.7250 -525.8121 -1.9051 -6.0425 5.5166 84.2038 41.7220 376.8784 425.6267 -23.2596 199.3003 0.0000
4930.03 18.07.2018 15.10.01 28.54363 296.5913 -331.7364 -1.2019 -5.0402 5.1177 78.3673 38.7459 374.3418 422.7997 -21.0193 199.4748 0.0000
4940.03 18.07.2018 15.20.01 28.41766 296.2270 -208.5946 -0.7558 -4.4310 4.9003 75.0006 37.0579 371.3974 420.0160 -21.1879 199.6269 0.0000
4950.03 18.07.2018 15.30.01 28.33566 295.9645 -150.8224 -0.5465 -4.0816 4.7135 72.1421 35.6429 368.4517 417.3530 -21.5093 199.7912 0.0000
4960.03 18.07.2018 15.40.01 28.27368 295.8560 -126.9490 -0.4600 -3.8593 4.5324 69.3683 34.2727 365.8268 414.8120 -21.2097 199.9633 0.0000
4970.03 18.07.2018 15.50.01 28.21963 295.7455 -119.0845 -0.4315 -3.6957 4.3523 66.6105 32.9109 363.1487 412.2940 -21.0622 200.1498 0.0000
4980.03 18.07.2018 16.00.01 28.16754 295.5306 -118.2413 -0.4284 -3.5591 4.1742 63.8745 31.5591 360.4970 409.6945 -21.1923 200.3512 0.0000
4990.03 18.07.2018 16.10.01 28.11709 295.6721 113.8966 0.4127 -3.4291 5.1224 72.6338 35.2908 360.1873 408.3482 -17.3366 200.5508 0.0000
5000.03 18.07.2018 16.20.01 28.15444 295.8290 264.8424 0.9596 -3.7267 6.2483 83.3636 40.0151 360.4983 407.9081 -14.8389 200.7699 0.0000
5010.03 18.07.2018 16.30.01 28.25085 295.9947 358.1301 1.2976 -4.2819 7.4392 94.6183 44.9852 361.1723 407.9932 -13.1667 201.0046 0.0000
5020.03 18.07.2018 16.40.01 28.38540 296.1950 473.9989 1.7174 -4.9807 8.9308 105.2119 49.4480 362.0975 408.5034 -11.9453 201.2452 0.0000
5030.03 18.07.2018 16.50.01 28.56603 296.4151 549.1336 1.9896 -5.8678 10.4765 118.5643 55.2744 363.1611 409.4169 -11.2860 201.4674 0.0000
5040.03 18.07.2018 17.00.01 28.77767 296.6604 597.0386 2.1632 -6.8645 12.0370 132.1446 61.2257 364.3957 410.7240 -11.1997 201.6953 0.0000
5050.03 18.07.2018 17.10.01 29.00585 296.3916 181.6208 0.6580 -7.9235 11.4421 126.4375 58.8276 364.1891 411.1530 -14.7153 201.9571 0.0000
5060.03 18.07.2018 17.20.01 29.07424 296.0782 -746.6517 -2.7053 -8.1763 7.2947 111.3811 53.7329 362.9164 410.3825 -17.4543 202.2472 0.0000
5070.03 18.07.2018 17.30.01 28.80145 295.7593 -458.3573 -1.6607 -6.6847 6.6987 102.1942 49.3235 361.3841 409.0150 -19.6206 202.5452 0.0000
5080.03 18.07.2018 17.40.01 28.62872 295.4591 -368.6659 -1.3357 -5.8232 5.9833 90.8595 43.8755 359.7917 407.2251 -21.1670 202.8598 0.0000
5090.03 18.07.2018 17.50.01 28.48718 295.1319 -125.0836 -0.4532 -5.1816 6.3045 82.1440 39.1221 358.1877 405.1240 -22.4920 203.1676 0.0000
5100.03 18.07.2018 18.00.01 28.43078 294.7953 -288.1935 -1.0442 -5.0413 5.3295 70.3488 33.6268 356.5380 402.7771 -23.2908 203.4632 0.0000
5110.03 18.07.2018 18.10.01 28.31268 294.4554 -312.8115 -1.1334 -4.6064 4.6306 58.9787 28.1398 354.5079 400.2988 -22.0860 203.7220 0.0000
5120.03 18.07.2018 18.20.01 28.18340 294.1033 -330.0162 -1.1957 -4.1484 3.9369 50.1648 23.9379 352.5382 397.7659 -20.8257 203.9284 0.0000
5130.03 18.07.2018 18.30.01 28.04592 293.7517 -341.9957 -1.2391 -3.6791 3.2533 42.5395 20.3398 350.5272 395.2547 -19.5876 204.1052 0.0000
5140.03 18.07.2018 18.40.01 27.90197 293.4024 -392.2320 -1.4211 -3.2066 2.3806 31.7007 15.2509 348.4936 392.6910 -18.0877 204.2725 0.0000
5150.03 18.07.2018 18.50.01 27.73779 293.0525 -423.0985 -1.5330 -2.6561 1.4975 20.6076 10.0203 346.4330 389.9893 -16.3532 204.4022 0.0000
5160.03 18.07.2018 19.00.01 27.56048 292.7083 -441.0223 -1.5979 -2.0663 0.6246 9.5586 4.8050 344.3677 387.2324 -14.4782 204.4966 0.0000
5170.03 18.07.2018 19.10.01 27.37609 292.5280 -311.8254 -1.1298 -1.4592 0.4393 6.7157 3.3400 343.8343 385.0277 -11.7743 204.5486 0.0000
5180.03 18.07.2018 19.20.01 27.23931 292.2829 -234.6999 -0.8504 -1.1063 0.3413 5.2107 2.5856 343.6021 383.1847 -10.2926 204.5904 0.0000
5190.03 18.07.2018 19.30.01 27.13152 292.0473 -194.1786 -0.7035 -0.8977 0.2589 3.9490 1.9607 343.4727 381.5494 -9.2193 204.6265 0.0000
5200.03 18.07.2018 19.40.01 27.03930 291.8180 -173.0020 -0.6268 -0.7613 0.1794 2.7308 1.3588 343.3978 380.0695 -8.4011 204.6592 0.0000
5210.03 18.07.2018 19.50.01 26.95544 291.6051 -161.4440 -0.5849 -0.6602 0.1003 1.5205 0.7612 343.3647 378.7222 -7.7663 204.6855 0.0000
5220.03 18.07.2018 20.00.01 26.87628 291.2813 -154.9408 -0.5614 -0.5775 0.0215 0.3131 0.1651 343.3488 377.3708 -7.8217 204.7059 0.0000
5230.03 18.07.2018 20.10.01 26.79977 291.1798 -138.8005 -0.5029 -0.5057 0.0037 0.0600 0.0321 344.4125 376.4385 -6.9994 204.7191 0.0000
5240.03 18.07.2018 20.20.01 26.72979 291.0724 -126.2355 -0.4574 -0.4579 0.0007 0.0104 0.0055 345.6297 375.7111 -6.5068 204.7322 0.0000
5250.03 18.07.2018 20.30.01 26.66522 290.9856 -117.4212 -0.4254 -0.4255 0.0001 0.0019 0.0010 346.9132 375.1464 -6.1256 204.7454 0.0000
5260.03 18.07.2018 20.40.01 26.60455 290.9073 -110.9598 -0.4020 -0.4020 0.0000 0.0003 0.0002 348.2450 374.7076 -5.8789 204.7586 0.0000
5270.03 18.07.2018 20.50.01 26.54690 290.8279 -106.1332 -0.3845 -0.3845 0.0000 0.0001 0.0000 349.6091 374.3682 -5.7984 204.7715 0.0000
5280.03 18.07.2018 21.00.01 26.49148 290.7413 -102.4023 -0.3710 -0.3710 0.0000 0.0000 0.0000 350.9978 374.1023 -5.8857 204.7836 0.0000
5290.03 18.07.2018 21.10.01 26.43786 290.6663 -99.7768 -0.3615 -0.3615 0.0000 0.0000 0.0000 350.8127 373.7524 -5.9896 204.7946 0.0000
5300.03 18.07.2018 21.20.01 26.38506 290.5855 -99.0306 -0.3588 -0.3588 0.0000 0.0000 0.0000 350.4950 373.3467 -6.0359 204.8022 0.0000
5310.03 18.07.2018 21.30.01 26.33203 290.5026 -99.4228 -0.3602 -0.3602 0.0000 0.0000 0.0000 350.1655 372.9306 -6.0758 204.8088 0.0000
5320.03 18.07.2018 21.40.01 26.27880 290.4153 -100.8703 -0.3655 -0.3655 0.0000 0.0000 0.0000 349.8329 372.5072 -6.1152 204.8153 0.0000
5330.03 18.07.2018 21.50.01 26.22479 290.3278 -102.2662 -0.3705 -0.3705 0.0000 0.0000 0.0000 349.5003 372.0820 -6.1454 204.8219 0.0000
5340.03 18.07.2018 22.00.01 26.16998 290.2406 -103.3761 -0.3746 -0.3746 0.0000 0.0000 0.0000 349.1690 371.6565 -6.1672 204.8285 0.0000
5350.03 18.07.2018 22.10.01 26.11462 290.1761 -104.4960 -0.3786 -0.3786 0.0000 0.0000 0.0000 348.4477 371.2138 -6.0715 204.8351 0.0000
5360.03 18.07.2018 22.20.01 26.05868 290.1114 -106.0262 -0.3842 -0.3842 0.0000 0.0000 0.0000 347.6886 370.7489 -5.9335 204.8417 0.0000
5370.03 18.07.2018 22.30.01 26.00192 290.0451 -107.5148 -0.3895 -0.3895 0.0000 0.0000 0.0000 346.9225 370.2721 -5.7770 204.8482 0.0000
5380.03 18.07.2018 22.40.01 25.94427 289.9773 -108.7467 -0.3940 -0.3940 0.0000 0.0000 0.0000 346.1538 369.7870 -5.6032 204.8548 0.0000
5390.03 18.07.2018 22.50.01 25.88601 289.9093 -109.8750 -0.3981 -0.3981 0.0000 0.0000 0.0000 345.3834 369.2962 -5.4151 204.8614 0.0000
5400.03 18.07.2018 23.00.01 25.82733 289.8403 -111.1203 -0.4026 -0.4026 0.0000 0.0000 0.0000 344.6122 368.8008 -5.2197 204.8680 0.0000
5410.03 18.07.2018 23.10.01 25.76782 289.6650 -112.1037 -0.4062 -0.4062 0.0000 0.0000 0.0000 343.6368 368.1881 -5.5686 204.8746 0.0000
5420.03 18.07.2018 23.20.01 25.70773 289.4680 -113.6863 -0.4119 -0.4119 0.0000 0.0000 0.0000 342.6257 367.5185 -5.8814 204.8811 0.0000
5430.03 18.07.2018 23.30.01 25.64678 289.2776 -115.3114 -0.4178 -0.4178 0.0000 0.0000 0.0000 341.6024 366.8305 -6.1144 204.8877 0.0000
5440.03 18.07.2018 23.40.01 25.58499 289.0915 -116.8060 -0.4232 -0.4232 0.0000 0.0000 0.0000 340.5739 366.1189 -6.3428 204.8943 0.0000
5450.03 18.07.2018 23.50.01 25.52245 288.9070 -118.1543 -0.4281 -0.4281 0.0000 0.0000 0.0000 339.5360 365.3998 -6.4666 204.9007 0.0000
5460.03 19.07.2018 00.00.01 25.45928 288.7221 -119.3934 -0.4326 -0.4326 0.0000 0.0000 0.0000 338.4957 364.6678 -6.5629 204.9046 0.0000
5470.03 19.07.2018 00.10.01 25.39538 288.5205 -120.3512 -0.4361 -0.4361 0.0000 0.0000 0.0000 337.6270 363.9261 -6.8112 204.9056 0.0000
5480.03 19.07.2018 00.20.01 25.33105 288.3281 -121.5933 -0.4406 -0.4406 0.0000 0.0000 0.0000 336.7859 363.1929 -7.0055 204.9056 0.0000
5490.03 19.07.2018 00.30.01 25.26605 288.1333 -122.7354 -0.4447 -0.4447 0.0000 0.0000 0.0000 335.9394 362.4520 -7.1774 204.9056 0.0000
5500.03 19.07.2018 00.40.01 25.20037 287.9359 -123.4364 -0.4472 -0.4472 0.0000 0.0000 0.0000 335.0873 361.7064 -7.3186 204.9056 0.0000
5510.03 19.07.2018 00.50.01 25.13445 287.7371 -124.1864 -0.4500 -0.4500 0.0000 0.0000 0.0000 334.2298 360.9566 -7.4450 204.9056 0.0000
5520.03 19.07.2018 01.00.01 25.06829 287.5361 -124.8726 -0.4524 -0.4524 0.0000 0.0000 0.0000 333.3708 360.2022 -7.5637 204.9056 0.0000
5530.03 19.07.2018 01.10.01 25.00158 287.4216 -124.8611 -0.4524 -0.4524 0.0000 0.0000 0.0000 333.0771 359.5436 -7.3838 204.9056 0.0000
5540.03 19.07.2018 01.20.01 24.93554 287.3149 -124.7315 -0.4519 -0.4519 0.0000 0.0000 0.0000 332.8501 358.9476 -7.2301 204.9056 0.0000
5550.03 19.07.2018 01.30.01 24.86962 287.2124 -123.5793 -0.4478 -0.4478 0.0000 0.0000 0.0000 332.6300 358.3932 -7.0865 204.9056 0.0000
5560.03 19.07.2018 01.40.01 24.80441 287.1173 -122.1922 -0.4427 -0.4427 0.0000 0.0000 0.0000 332.4176 357.8883 -6.8766 204.9056 0.0000
5570.03 19.07.2018 01.50.01 24.73995 287.0267 -120.7121 -0.4374 -0.4374 0.0000 0.0000 0.0000 332.2315 357.4516 -6.6381 204.9056 0.0000
5580.03 19.07.2018 02.00.01 24.67629 286.9890 -119.0412 -0.4313 -0.4313 0.0000 0.0002 0.0001 332.0830 357.0466 -6.3169 204.9056 0.0000
5590.03 19.07.2018 02.10.01 24.61321 286.9283 -115.9890 -0.4202 -0.4274 0.0096 0.1498 0.0727 331.5732 356.5890 -6.3347 204.9056 0.0000
5600.03 19.07.2018 02.20.01 24.55093 286.8435 -115.7885 -0.4195 -0.4356 0.0215 0.3311 0.1619 330.9980 356.0881 -6.4540 204.9056 0.0000
5610.03 19.07.2018 02.30.01 24.48831 286.7547 -117.2540 -0.4248 -0.4501 0.0337 0.5189 0.2546 330.3574 355.5638 -6.5942 204.9056 0.0000
5620.03 19.07.2018 02.40.01 24.42474 286.6474 -119.0179 -0.4312 -0.4658 0.0461 0.7077 0.3478 329.6822 355.0152 -6.7046 204.9056 0.0000
5630.03 19.07.2018 02.50.01 24.36041 286.5060 -120.1018 -0.4352 -0.4790 0.0584 0.8968 0.4411 328.9373 354.4180 -6.9973 204.9056 0.0000
5640.03 19.07.2018 03.00.01 24.29547 286.3887 -121.2298 -0.4392 -0.4925 0.0710 1.0901 0.5365 328.1920 353.8394 -7.1621 204.9056 0.0000
5650.03 19.07.2018 03.10.01 24.23028 286.4078 -89.2629 -0.3234 -0.5055 0.2428 3.7689 1.8381 327.8210 353.5981 -6.5485 204.9056 0.0000
5660.03 19.07.2018 03.20.01 24.17718 286.4443 -65.5363 -0.2375 -0.5771 0.4528 6.9778 3.4171 327.6829 353.5460 -6.1280 204.9056 0.0000
5670.03 19.07.2018 03.30.01 24.13345 286.4932 -51.3933 -0.1862 -0.6882 0.6694 10.2938 5.0535 327.6374 353.5994 -5.8392 204.9058 0.0000
5680.03 19.07.2018 03.40.01 24.09557 286.5474 -42.4959 -0.1540 -0.8193 0.8871 13.6278 6.6994 327.6330 353.7262 -5.6737 204.9124 0.0000
5690.03 19.07.2018 03.50.01 24.06158 286.6043 -36.0685 -0.1307 -0.9595 1.1050 16.9652 8.3471 327.6541 353.9132 -5.6335 204.9190 0.0000
5700.03 19.07.2018 04.00.01 24.03063 286.6596 -31.0120 -0.1124 -1.1048 1.3233 20.3074 9.9972 327.6906 354.1577 -5.6829 204.9256 0.0000
5710.03 19.07.2018 04.10.01 24.00262 287.0081 7.4887 0.0271 -1.2503 1.7032 26.1742 12.8725 328.3957 354.8915 -4.3767 204.9354 0.0000
5720.03 19.07.2018 04.20.01 23.99038 287.3696 38.4333 0.1393 -1.4522 2.1220 32.5795 16.0294 329.3625 355.9238 -3.3841 204.9487 0.0000
5730.03 19.07.2018 04.30.01 23.99124 287.7384 59.6384 0.2161 -1.6944 2.5473 39.0934 19.2447 330.4462 357.1521 -2.6120 204.9687 0.0000
5740.03 19.07.2018 04.40.01 24.00158 288.1102 75.2476 0.2726 -1.9578 2.9739 45.6256 22.4696 331.5952 358.5364 -2.0295 205.0002 0.0000
5750.03 19.07.2018 04.50.01 24.01925 288.4853 87.5814 0.3173 -2.2332 3.4007 65.9827 33.4003 332.7967 361.2689 -2.8070 205.0383 0.0000
5760.03 19.07.2018 05.00.01 24.04305 288.8876 107.6357 0.3900 -2.5152 3.8736 76.3123 38.7346 334.2993 363.6372 -3.2060 205.0835 0.0000
5770.03 19.07.2018 05.10.01 24.07568 289.2891 115.8285 0.4197 -2.8187 4.3178 137.7623 72.5631 335.7020 370.6107 -8.1091 205.1386 0.0000
5780.03 19.07.2018 05.20.01 24.11309 289.8666 161.3963 0.5848 -3.1210 4.9410 202.5059 108.1833 338.1705 379.7152 -14.3626 205.2029 0.0000
5790.03 19.07.2018 05.30.01 24.16918 290.4564 199.8083 0.7239 -3.4910 5.6199 227.0985 119.6587 341.1016 384.0319 -16.4555 205.2873 0.0000
5800.03 19.07.2018 05.40.01 24.24163 291.0126 233.6485 0.8466 -3.9087 6.3403 218.1495 114.3760 344.4992 388.0009 -17.7438 205.3860 0.0000
5810.03 19.07.2018 05.50.01 24.32849 291.1627 190.3050 0.6895 -4.3638 6.7377 203.1556 105.8001 346.1361 389.8122 -18.2270 205.5007 0.0000
5820.03 19.07.2018 06.00.01 24.40099 291.5741 160.6061 0.5819 -4.7145 7.0619 187.6777 97.0088 347.3740 390.9973 -17.5263 205.6310 0.0000
5830.03 19.07.2018 06.10.01 24.46331 291.8386 101.3961 0.3674 -4.9925 7.1465 207.7771 107.7445 348.9733 394.9381 -16.9347 205.7636 0.0000
5840.03 19.07.2018 06.20.01 24.50488 292.1438 110.9281 0.4019 -5.1455 7.3966 230.5567 119.9169 351.5009 399.8876 -18.4362 205.8796 0.0000
5850.03 19.07.2018 06.30.01 24.55081 292.4514 127.5892 0.4623 -5.3069 7.6923 253.1568 131.9333 352.8196 404.1677 -25.3854 206.0233 0.0000
5860.03 19.07.2018 06.40.01 24.60400 293.1849 142.7904 0.5174 -5.4867 8.0054 272.1986 142.3669 355.8533 410.8339 -22.6129 206.1855 0.0000
5870.03 19.07.2018 06.50.01 24.66436 293.6202 146.8490 0.5321 -5.6747 8.2756 286.1972 149.8198 358.4008 415.2261 -25.4307 206.3422 0.0000
5880.03 19.07.2018 07.00.01 24.72860 294.1498 153.7587 0.5571 -5.8404 8.5300 299.9273 157.1294 361.3843 419.3342 -31.8519 206.5042 0.0000
5890.03 19.07.2018 07.10.01 24.79754 294.1080 193.0624 0.6995 -6.0008 8.9338 301.5320 157.7230 362.4590 423.7851 -31.1834 206.6837 0.0000
5900.03 19.07.2018 07.20.01 24.88140 294.1291 200.6792 0.7271 -6.2342 9.2817 302.1372 157.7758 362.8500 426.2551 -38.9384 206.9088 0.0000
5910.03 19.07.2018 07.30.01 24.96884 294.0915 201.9698 0.7318 -6.4721 9.6051 302.1901 157.5224 363.0309 427.0109 -48.3915 207.1943 0.0000
5920.03 19.07.2018 07.40.01 25.05786 294.6050 213.3909 0.7732 -6.7001 9.9643 304.1701 158.3160 367.2236 431.2159 -35.3918 207.4559 0.0000
5930.03 19.07.2018 07.50.01 25.15270 295.7370 219.1792 0.7941 -6.9233 10.2899 305.3279 158.6504 367.9942 433.1508 -42.0459 207.6848 0.0000
5940.03 19.07.2018 08.00.01 25.25256 295.4034 227.6703 0.8249 -7.1297 10.6061 306.2309 158.8409 366.5652 431.4056 -60.6095 208.0302 0.0000
5950.03 19.07.2018 08.10.01 25.35580 295.5816 209.6679 0.7597 -7.3484 10.8108 318.1865 165.1066 367.2685 432.9858 -61.8246 208.4755 0.0000
5960.03 19.07.2018 08.20.01 25.45324 295.8180 220.7535 0.7998 -7.5233 11.0976 325.1194 168.2722 368.4589 434.2746 -62.6004 208.9382 0.0000
5970.03 19.07.2018 08.30.01 25.55569 296.0626 235.2744 0.8524 -7.7067 11.4122 298.2561 151.1309 369.8895 430.9293 -57.5461 209.4186 0.0000
5980.03 19.07.2018 08.40.01 25.66470 296.2951 242.1446 0.8773 -7.9046 11.7093 307.8116 155.9800 371.2623 432.6554 -58.8699 209.9194 0.0000
5990.03 19.07.2018 08.50.01 25.77737 296.5451 245.2695 0.8887 -8.1022 11.9879 317.0993 160.6884 372.6556 434.5863 -60.1747 210.4379 0.0000
6000.03 19.07.2018 09.00.01 25.89230 296.7933 256.7562 0.9303 -8.2936 12.2985 326.9198 165.6848 374.2520 436.7584 -61.9270 210.9768 0.0000
6010.03 19.07.2018 09.10.01 26.01254 297.0669 280.5915 1.0166 -8.4963 12.6840 329.3508 166.7904 376.0491 438.9820 -61.6064 211.5329 0.0000
6020.03 19.07.2018 09.20.01 26.14224 297.3217 271.1384 0.9824 -8.7345 12.9559 330.2167 167.0780 377.5683 440.9619 -60.6387 212.1036 0.0000
6030.03 19.07.2018 09.30.01 26.26940 297.5543 288.4985 1.0453 -8.9459 13.3216 332.2978 167.9944 379.2731 443.0041 -60.7622 212.6864 0.0000
6040.03 19.07.2018 09.40.01 26.40353 297.7987 284.6584 1.0314 -9.1827 13.6187 334.3099 168.8870 380.9915 445.1313 -59.9767 213.2840 0.0000
6050.03 19.07.2018 09.50.01 26.53716 298.0554 302.3873 1.0956 -9.4046 14.0002 336.7079 169.9166 382.7017 447.2891 -59.0660 213.8910 0.0000
6060.03 19.07.2018 10.00.01 26.67779 298.2958 291.2043 1.0551 -9.6526 14.2769 338.1281 170.4755 384.2574 449.3027 -58.9973 214.5041 0.0000
6070.03 19.07.2018 10.10.01 26.81521 298.2540 313.7865 1.1369 -9.8691 14.6747 333.3416 167.7947 388.7822 453.5875 -48.9649 215.0415 0.0000
6080.03 19.07.2018 10.20.01 26.96169 298.5370 287.9722 1.0434 -10.1165 14.8798 326.5992 164.1493 392.9153 454.7185 -53.3996 215.5038 0.0000
6090.03 19.07.2018 10.30.01 27.09893 298.5098 248.3108 0.8997 -10.3100 14.9463 317.9385 159.5000 394.5971 454.1322 -62.6965 215.9160 0.0000
6100.03 19.07.2018 10.40.01 27.22119 298.3502 255.0442 0.9241 -10.4353 15.1459 312.0124 156.2420 393.9600 456.1599 -53.4691 216.3702 0.0000
6110.03 19.07.2018 10.50.01 27.34582 298.3177 246.1144 0.8917 -10.5762 15.2905 305.8580 152.9083 393.6787 456.6037 -53.1625 217.4100 0.0000
6120.03 19.07.2018 11.00.01 27.46700 298.4090 238.3369 0.8635 -10.7005 15.4187 299.7338 149.6124 393.3961 456.1478 -57.8173 218.6414 0.0000
6130.03 19.07.2018 11.10.01 27.58401 298.4118 110.4897 0.4003 -10.8068 14.9428 282.3120 140.9042 395.5800 457.0766 -50.6387 219.8950 0.0000
6140.03 19.07.2018 11.20.01 27.65219 298.4247 -7.7519 -0.0281 -10.6682 14.1868 260.4101 129.8101 397.5474 455.9267 -49.8479 220.9739 0.0000
6150.03 19.07.2018 11.30.01 27.67541 298.6176 -74.4445 -0.2697 -10.3068 13.3828 237.9312 118.4199 398.8202 453.8179 -50.7894 221.8881 0.0000
6160.03 19.07.2018 11.40.01 27.67309 298.5361 -103.0252 -0.3733 -9.8264 12.6041 216.3953 107.5046 400.7922 452.4369 -41.5467 222.6520 0.0000
6170.03 19.07.2018 11.50.01 27.65817 298.9559 -130.0760 -0.4713 -9.3152 11.7919 195.2289 96.8480 397.9181 450.4067 -38.9278 223.4341 0.0000
6180.03 19.07.2018 12.00.01 27.63122 298.9966 -149.5139 -0.5417 -8.7764 10.9795 174.3538 86.3652 395.7938 446.8945 -43.0471 224.3058 0.0000
6190.03 19.07.2018 12.10.01 27.59487 298.8305 -100.0587 -0.3625 -8.2379 10.5004 168.0954 83.1808 393.9599 444.1409 -41.3112 225.2172 0.0000
6200.03 19.07.2018 12.20.01 27.57543 298.7284 -13.8249 -0.0501 -7.8245 10.3658 165.2624 81.6982 392.7480 442.1046 -39.9713 226.1162 0.0000
6210.03 19.07.2018 12.30.01 27.58703 298.6534 42.7988 0.1551 -7.5939 10.3319 163.3990 80.7069 391.9225 440.4358 -38.8107 227.0157 0.0000
6220.03 19.07.2018 12.40.01 27.61917 298.5919 70.4028 0.2551 -7.4796 10.3129 161.8218 79.8621 391.2264 438.9737 -37.7946 227.9174 0.0000
6230.03 19.07.2018 12.50.01 27.66143 298.5364 83.2084 0.3015 -7.4221 10.2981 160.3742 79.0821 390.6043 437.6758 -36.8052 228.8221 0.0000
6240.03 19.07.2018 13.00.01 27.70815 298.4888 91.4326 0.3313 -7.3924 10.2982 159.1293 78.3998 390.0260 436.5159 -35.9558 229.7319 0.0000
6250.03 19.07.2018 13.10.01 27.75945 298.4182 272.7218 0.9881 -7.3906 11.1717 172.3507 84.5274 387.9088 435.8108 -36.2059 230.6696 0.0000
6260.03 19.07.2018 13.20.01 27.87942 298.4432 461.1754 1.6709 -7.7438 12.5530 189.8610 92.6830 386.3349 435.9251 -36.9824 231.7323 0.0000
6270.03 19.07.2018 13.30.01 28.07186 298.3191 614.2933 2.2257 -8.4430 14.2250 209.4566 101.7764 385.0443 436.3841 -39.2077 232.9521 0.0000
6280.03 19.07.2018 13.40.01 28.32443 298.3501 748.3125 2.7113 -9.4141 16.1672 230.8353 111.6078 384.1416 437.6141 -40.9538 234.3097 0.0000
6290.03 19.07.2018 13.50.01 28.63006 298.4161 870.1193 3.1526 -10.6150 18.3567 253.5806 121.9877 383.4382 439.1803 -43.7058 235.7898 0.0000
6300.03 19.07.2018 14.00.01 28.98437 298.4920 964.3474 3.4940 -12.0172 20.6816 276.7171 132.4562 382.7969 440.7852 -47.7331 237.3843 0.0000
6310.03 19.07.2018 14.10.01 29.37237 298.4200 560.2474 2.0299 -13.5473 20.7696 273.0626 130.7846 383.2711 442.0574 -50.4478 239.0969 0.0000
6320.03 19.07.2018 14.20.01 29.60967 298.3580 245.7982 0.8906 -14.2769 20.2233 262.5862 125.7003 382.7840 441.7251 -52.6848 240.8186 0.0000
6330.03 19.07.2018 14.30.01 29.72769 298.2825 49.2084 0.1783 -14.4141 19.4566 250.0762 119.6355 381.7637 440.6957 -54.0472 242.5103 0.0000
6340.03 19.07.2018 14.40.01 29.76901 298.1677 -99.0141 -0.3587 -14.2030 18.4590 235.9391 112.8713 380.5128 439.1815 -54.3625 244.1435 0.0000
6350.03 19.07.2018 14.50.01 29.75140 298.0400 -198.8147 -0.7203 -13.7457 17.3671 219.6010 105.0724 379.1765 437.3016 -53.9741 245.7187 0.0000
6360.03 19.07.2018 15.00.01 29.69274 297.9069 -292.5937 -1.0601 -13.1352 16.1001 203.0222 97.2342 377.7705 435.0799 -52.8584 247.1621 0.0000
6370.03 19.07.2018 15.10.01 29.59622 297.7213 -280.3706 -1.0158 -12.3976 15.1757 191.0609 91.4907 376.5227 433.0075 -50.4870 247.8469 0.0000
6380.03 19.07.2018 15.20.01 29.50295 297.5387 -280.0881 -1.0148 -11.7101 14.2604 177.4166 84.9686 375.3283 430.9230 -48.1110 248.5035 0.0000
6390.03 19.07.2018 15.30.01 29.40731 297.3571 -300.0628 -1.0872 -11.0506 13.2845 166.3014 79.7582 374.1928 428.7730 -45.7646 249.0992 0.0000
6400.03 19.07.2018 15.40.01 29.30187 297.1720 -356.2341 -1.2907 -10.3768 12.1147 154.0208 74.0828 373.0356 426.5790 -43.5110 249.6627 0.0000
6410.03 19.07.2018 15.50.01 29.17346 296.9891 -401.6142 -1.4551 -9.6188 10.8849 141.4914 68.3155 371.8514 424.2986 -41.2011 250.1992 0.0000
6420.03 19.07.2018 16.00.01 29.02456 296.8091 -593.0505 -2.1487 -8.7980 8.8657 127.6027 62.3741 370.6699 421.9800 -38.8442 250.7048 0.0000
6430.03 19.07.2018 16.10.01 28.80648 296.6939 -225.0080 -0.8152 -7.6370 9.0957 127.8650 62.1354 369.0739 419.8486 -36.7804 251.1805 0.0000
6440.03 19.07.2018 16.20.01 28.72299 296.5787 -25.5724 -0.0927 -7.2103 9.4902 130.1851 62.9558 367.6857 418.1856 -36.0103 251.6661 0.0000
6450.03 19.07.2018 16.30.01 28.71346 296.4706 76.7504 0.2781 -7.1686 9.9290 132.9822 64.0154 366.4640 416.7841 -35.5715 252.1667 0.0000
6460.03 19.07.2018 16.40.01 28.74294 296.3675 158.9382 0.5759 -7.3154 10.5217 134.3560 64.2773 365.2700 415.5471 -34.7316 252.6821 0.0000
6470.03 19.07.2018 16.50.01 28.80395 296.2646 205.4389 0.7443 -7.6089 11.1377 138.2240 65.7789 364.1876 414.4150 -34.6714 253.1807 0.0000
6480.03 19.07.2018 17.00.01 28.88329 296.1857 231.0615 0.8372 -7.9798 11.7560 142.2376 67.3676 363.1281 413.4957 -34.8491 253.6914 0.0000
6490.03 19.07.2018 17.10.01 28.97057 295.9707 -45.8313 -0.1661 -8.3917 10.9676 132.1835 62.6847 361.9999 412.1246 -35.3899 254.2002 0.0000
6500.03 19.07.2018 17.20.01 28.94998 295.7169 -723.5507 -2.6216 -8.2741 7.5367 115.0426 55.9197 360.4379 410.0978 -34.4253 254.6753 0.0000
6510.03 19.07.2018 17.30.01 28.68011 295.4568 -513.7870 -1.8615 -6.8846 6.6974 102.1437 49.6307 358.7489 407.8046 -32.7551 255.1054 0.0000
6520.03 19.07.2018 17.40.01 28.48312 295.1971 -445.9570 -1.6158 -5.9519 5.7815 87.8216 42.6470 357.0438 405.4597 -29.5607 255.4875 0.0000
6530.03 19.07.2018 17.50.01 28.31017 294.9410 -249.3843 -0.9036 -5.1800 5.7019 75.6270 36.2320 355.2865 403.0415 -26.4285 255.8297 0.0000
6540.03 19.07.2018 18.00.01 28.20669 294.6887 -370.1524 -1.3411 -4.8067 4.6208 61.0663 29.2510 353.4800 400.5283 -23.2869 256.1425 0.0000
6550.03 19.07.2018 18.10.01 28.05816 294.3497 -345.3023 -1.2511 -4.2149 3.9518 50.3560 24.0386 351.8592 397.9928 -21.1727 256.3993 0.0000
6560.03 19.07.2018 18.20.01 27.91711 294.0156 -325.3701 -1.1789 -3.6919 3.3507 42.6750 20.3643 350.4479 395.6038 -19.3910 256.5984 0.0000
6570.03 19.07.2018 18.30.01 27.78201 293.6785 -316.8293 -1.1479 -3.2244 2.7686 36.1821 17.2988 349.0243 393.3042 -17.8550 256.7689 0.0000
6580.03 19.07.2018 18.40.01 27.64855 293.3406 -349.9452 -1.2679 -2.7884 2.0273 26.9861 12.9825 347.5908 390.9875 -16.3536 256.9206 0.0000
6590.03 19.07.2018 18.50.01 27.50161 293.0014 -371.4689 -1.3459 -2.3030 1.2761 17.5566 8.5364 346.1460 388.5861 -14.6816 257.0378 0.0000
6600.03 19.07.2018 19.00.01 27.34536 292.6609 -384.0945 -1.3916 -1.7921 0.5340 8.1727 4.1077 344.6978 386.1539 -12.9832 257.1214 0.0000
6610.03 19.07.2018 19.10.01 27.18401 292.2927 -273.6548 -0.9915 -1.2737 0.3763 5.7525 2.8609 343.1196 383.8317 -11.9404 257.1732 0.0000
6620.03 19.07.2018 19.20.01 27.06243 291.9249 -211.1089 -0.7649 -0.9843 0.2925 4.4657 2.2159 341.6634 381.7811 -11.3603 257.1995 0.0000
6630.03 19.07.2018 19.30.01 26.96337 291.5588 -181.3940 -0.6572 -0.8237 0.2219 3.3848 1.6805 340.2632 379.8449 -10.9574 257.2259 0.0000
6640.03 19.07.2018 19.40.01 26.87502 291.1949 -168.3815 -0.6101 -0.7254 0.1537 2.3407 1.1647 338.8875 377.9864 -10.6803 257.2470 0.0000
6650.03 19.07.2018 19.50.01 26.79122 290.8297 -163.2836 -0.5916 -0.6561 0.0860 1.3033 0.6525 337.5275 376.1861 -10.5135 257.2602 0.0000
6660.03 19.07.2018 20.00.01 26.70898 290.4659 -161.8952 -0.5866 -0.6004 0.0184 0.2684 0.1415 336.1804 374.4360 -10.4222 257.2733 0.0000
6670.03 19.07.2018 20.10.01 26.62710 290.2881 -150.7089 -0.5460 -0.5485 0.0032 0.0514 0.0275 335.2945 372.9880 -9.2158 257.2865 0.0000
6680.03 19.07.2018 20.20.01 26.54977 290.1141 -141.6529 -0.5132 -0.5137 0.0006 0.0089 0.0047 334.5141 371.6977 -8.2934 257.2996 0.0000
6690.03 19.07.2018 20.30.01 26.47619 289.9429 -135.8225 -0.4921 -0.4922 0.0001 0.0016 0.0009 333.7819 370.5125 -7.5704 257.3128 0.0000
6700.03 19.07.2018 20.40.01 26.40505 289.7769 -132.2328 -0.4791 -0.4791 0.0000 0.0003 0.0002 333.0804 369.4143 -6.9887 257.3241 0.0000
6710.03 19.07.2018 20.50.01 26.33535 289.6126 -129.9844 -0.4710 -0.4710 0.0000 0.0001 0.0000 332.4024 368.3818 -6.5429 257.3305 0.0000
6720.03 19.07.2018 21.00.01 26.26669 289.4494 -128.8710 -0.4669 -0.4669 0.0000 0.0000 0.0000 331.7439 367.4030 -6.2095 257.3337 0.0000
6730.03 19.07.2018 21.10.01 26.19811 289.2412 -128.3397 -0.4650 -0.4650 0.0000 0.0000 0.0000 331.2241 366.4244 -6.3401 257.3352 0.0000
6740.03 19.07.2018 21.20.01 26.12948 289.0334 -128.9723 -0.4673 -0.4673 0.0000 0.0000 0.0000 330.7198 365.4751 -6.5273 257.3352 0.0000
6750.03 19.07.2018 21.30.01 26.06048 288.8259 -130.3911 -0.4724 -0.4724 0.0000 0.0000 0.0000 330.2218 364.5477 -6.7561 257.3352 0.0000
6760.03 19.07.2018 21.40.01 25.99075 288.6187 -131.9857 -0.4782 -0.4782 0.0000 0.0000 0.0000 329.7316 363.6402 -7.0176 257.3352 0.0000
6770.03 19.07.2018 21.50.01 25.92016 288.4119 -133.6274 -0.4842 -0.4842 0.0000 0.0000 0.0000 329.2469 362.7493 -7.3055 257.3352 0.0000
6780.03 19.07.2018 22.00.01 25.84875 288.2052 -135.2625 -0.4901 -0.4901 0.0000 0.0000 0.0000 328.7674 361.8726 -7.6174 257.3352 0.0000
6790.03 19.07.2018 22.10.01 25.77642 288.0032 -136.6554 -0.4951 -0.4951 0.0000 0.0000 0.0000 327.5782 360.9635 -7.7099 257.3352 0.0000
6800.03 19.07.2018 22.20.01 25.70330 287.7964 -137.9861 -0.4999 -0.4999 0.0000 0.0000 0.0000 326.3377 360.0272 -7.7235 257.3352 0.0000
6810.03 19.07.2018 22.30.01 25.62942 287.5854 -139.6104 -0.5058 -0.5058 0.0000 0.0000 0.0000 325.0909 359.0741 -7.7886 257.3352 0.0000
6820.03 19.07.2018 22.40.01 25.55468 287.3748 -141.2156 -0.5117 -0.5117 0.0000 0.0000 0.0000 323.8496 358.1241 -7.7776 257.3352 0.0000
6830.03 19.07.2018 22.50.01 25.47912 287.1691 -142.8008 -0.5174 -0.5174 0.0000 0.0000 0.0000 322.6120 357.1779 -7.7358 257.3352 0.0000
6840.03 19.07.2018 23.00.01 25.40270 286.9637 -144.2312 -0.5226 -0.5226 0.0000 0.0000 0.0000 321.3719 356.2308 -7.6862 257.3352 0.0000
6850.03 19.07.2018 23.10.01 25.32559 286.7376 -145.7497 -0.5281 -0.5281 0.0000 0.0000 0.0000 320.4759 355.2959 -7.8598 257.3352 0.0000
6860.03 19.07.2018 23.20.01 25.24774 286.5444 -147.3024 -0.5337 -0.5337 0.0000 0.0000 0.0000 319.6199 354.4168 -7.9339 257.3352 0.0000
6870.03 19.07.2018 23.30.01 25.16900 286.3435 -148.5341 -0.5382 -0.5382 0.0000 0.0000 0.0000 318.7632 353.5315 -8.0444 257.3352 0.0000
6880.03 19.07.2018 23.40.01 25.08953 286.1444 -149.8780 -0.5430 -0.5430 0.0000 0.0000 0.0000 317.9033 352.6570 -8.1340 257.3352 0.0000
6890.03 19.07.2018 23.50.01 25.00933 285.9287 -151.4043 -0.5486 -0.5486 0.0000 0.0000 0.0000 317.0321 351.7637 -8.2918 257.3352 0.0000
6900.03 20.07.2018 00.00.01 24.92831 285.6982 -153.0297 -0.5545 -0.5545 0.0000 0.0000 0.0000 316.1538 350.8555 -8.5069 257.3352 0.0000
6910.03 20.07.2018 00.10.01 24.84643 285.5472 -154.5044 -0.5598 -0.5598 0.0000 0.0000 0.0000 315.2515 349.9995 -8.3612 257.3352 0.0000
6920.03 20.07.2018 00.20.01 24.76403 285.3977 -155.8835 -0.5648 -0.5648 0.0000 0.0000 0.0000 314.3505 349.1594 -8.2227 257.3352 0.0000
6930.03 20.07.2018 00.30.01 24.68075 285.2482 -156.6870 -0.5677 -0.5677 0.0000 0.0000 0.0000 313.4531 348.3302 -8.1097 257.3352 0.0000
6940.03 20.07.2018 00.40.01 24.59710 285.0988 -157.7247 -0.5715 -0.5715 0.0000 0.0000 0.0000 312.5586 347.5130 -8.0014 257.3352 0.0000
6950.03 20.07.2018 00.50.01 24.51287 284.9486 -158.5669 -0.5745 -0.5745 0.0000 0.0000 0.0000 311.6668 346.7044 -7.9065 257.3352 0.0000
6960.03 20.07.2018 01.00.01 24.42825 284.7986 -159.4460 -0.5777 -0.5777 0.0000 0.0000 0.0000 310.7779 345.9029 -7.8309 257.3352 0.0000
6970.03 20.07.2018 01.10.01 24.34313 284.6481 -160.0883 -0.5800 -0.5800 0.0000 0.0000 0.0000 310.1536 345.1430 -7.6934 257.3342 0.0000
6980.03 20.07.2018 01.20.01 24.25802 284.4879 -160.1306 -0.5802 -0.5802 0.0000 0.0000 0.0000 309.5612 344.3978 -7.6450 257.3316 0.0000
6990.03 20.07.2018 01.30.01 24.17288 284.3284 -159.4863 -0.5778 -0.5778 0.0000 0.0000 0.0000 308.9803 343.6708 -7.6116 257.3282 0.0000
7000.03 20.07.2018 01.40.01 24.08834 284.1690 -159.2929 -0.5771 -0.5771 0.0000 0.0000 0.0000 308.4070 342.9573 -7.6107 257.3247 0.0000
7010.03 20.07.2018 01.50.01 24.00405 284.0109 -159.0898 -0.5764 -0.5764 0.0000 0.0000 0.0000 307.8415 342.2589 -7.6087 257.3205 0.0000
7020.03 20.07.2018 02.00.01 23.91982 283.8528 -158.6768 -0.5749 -0.5749 0.0000 0.0003 0.0001 307.2839 341.5699 -7.6354 257.3145 0.0000
7030.03 20.07.2018 02.10.01 23.83563 283.7233 -156.1810 -0.5659 -0.5740 0.0108 0.1693 0.0822 307.0086 340.9437 -7.6489 257.3059 0.0000
7040.03 20.07.2018 02.20.01 23.75231 283.6055 -154.8734 -0.5611 -0.5793 0.0243 0.3743 0.1830 306.7685 340.3645 -7.6712 257.2971 0.0000
7050.03 20.07.2018 02.30.01 23.66931 283.4846 -154.2395 -0.5588 -0.5874 0.0381 0.5866 0.2878 306.5372 339.8031 -7.7404 257.2880 0.0000
7060.03 20.07.2018 02.40.01 23.58645 283.3638 -154.0173 -0.5580 -0.5971 0.0521 0.8001 0.3932 306.3091 339.2580 -7.8423 257.2784 0.0000
7070.03 20.07.2018 02.50.01 23.50363 283.2437 -154.0480 -0.5581 -0.6077 0.0660 1.0138 0.4987 306.0849 338.7280 -7.9639 257.2687 0.0000
7080.03 20.07.2018 03.00.01 23.42077 283.1194 -154.1035 -0.5583 -0.6185 0.0802 1.2312 0.6060 305.8616 338.2046 -8.1269 257.2589 0.0000
7090.03 20.07.2018 03.10.01 23.33819 283.1718 -124.7951 -0.4522 -0.6267 0.2328 3.6096 1.7620 305.6421 337.9639 -7.2209 257.2461 0.0000
7100.03 20.07.2018 03.20.01 23.26730 283.2177 -101.9994 -0.3696 -0.6835 0.4186 6.4490 3.1593 305.5693 337.8780 -6.5969 257.2327 0.0000
7110.03 20.07.2018 03.30.01 23.20577 283.2639 -87.3641 -0.3165 -0.7741 0.6101 9.3815 4.6064 305.5699 337.8891 -6.1687 257.2201 0.0000
7120.03 20.07.2018 03.40.01 23.15048 283.3135 -77.6294 -0.2813 -0.8832 0.8026 12.3296 6.0618 305.6108 337.9815 -5.8454 257.2084 0.0000
7130.03 20.07.2018 03.50.01 23.09957 283.3704 -70.5490 -0.2556 -1.0021 0.9954 15.2806 7.5188 305.6817 338.1442 -5.6124 257.1975 0.0000
7140.03 20.07.2018 04.00.01 23.05197 283.4276 -64.9899 -0.2355 -1.1265 1.1881 18.2318 8.9758 305.7756 338.3587 -5.4884 257.1874 0.0000
7150.03 20.07.2018 04.10.01 23.00717 283.7757 -62.3457 -0.2259 -1.2515 1.3675 20.9755 10.3322 306.4341 338.9500 -3.6836 257.1784 0.0000
7160.03 20.07.2018 04.20.01 22.96462 284.1215 -57.2797 -0.2075 -1.3653 1.5438 23.6748 11.6653 307.1745 339.6568 -2.1523 257.1712 0.0000
7170.03 20.07.2018 04.30.01 22.92529 284.4592 -50.7796 -0.1840 -1.4736 1.7194 26.3653 12.9937 307.9537 340.4526 -0.8357 257.1653 0.0000
7180.03 20.07.2018 04.40.01 22.88952 284.7952 -43.9492 -0.1592 -1.5805 1.8950 29.0542 14.3213 308.7642 341.3304 0.3203 257.1610 0.0000
7190.03 20.07.2018 04.50.01 22.85739 285.1322 -37.2994 -0.1351 -1.6881 2.0706 31.7428 15.6487 309.6021 342.2815 1.3472 257.1598 0.0000
