# simtime date time IndoorTemp Av_Tair_at_facade Energyflux.toIndoor.sum  Energyflux.toIndoor.average Energyflux.Conduction.average Energyflux.SW.transmission.average Shortwave.availabe Shortwave.absorbed Longwave.available Longwave.emittedFacade Sensible.outside Vapour.fromGreening Vapour.fromSubstrate
10.02 15.07.2018 05.10.00 19.88665 288.6274 100.5632 0.2857 -0.3512 0.8492 510.9995 283.9577 325.4996 412.9125 -60.1549 0.0296 0.0000
20.02 15.07.2018 05.20.00 19.90734 289.4289 175.9125 0.4998 -0.6221 1.4958 917.6891 510.2629 330.3326 464.4209 -105.8735 0.0808 0.0000
30.03 15.07.2018 05.30.01 19.95535 290.3345 258.7352 0.7350 -0.9562 2.2550 1327.8590 738.4840 336.8053 527.8881 -160.5262 0.1748 0.0000
40.03 15.07.2018 05.40.01 20.03448 291.3664 347.6326 0.9876 -1.3702 3.1437 1248.9924 693.6378 345.3767 540.8437 -172.5305 0.2478 0.0000
50.03 15.07.2018 05.50.01 20.14147 291.9175 199.7544 0.5675 -1.8406 3.2108 1153.6618 640.3550 348.4865 544.1464 -180.0790 0.3669 0.0000
60.03 15.07.2018 06.00.01 20.20852 292.2872 111.0951 0.3156 -2.0337 3.1324 1054.2332 584.8448 349.7368 543.0356 -180.6018 0.5085 0.0000
70.03 15.07.2018 06.10.01 20.25277 292.5098 82.3960 0.2341 -2.0493 3.0445 1009.0661 559.6619 350.6048 545.2726 -182.3140 0.6597 0.0000
80.03 15.07.2018 06.20.01 20.29250 292.7740 106.8190 0.3035 -1.9761 3.0394 963.1746 533.9041 351.8282 545.7904 -182.5534 0.8155 0.0000
90.03 15.07.2018 06.30.01 20.34347 293.0219 132.9863 0.3778 -1.8883 3.0214 916.5601 507.7304 352.8659 544.6062 -181.7265 0.9819 0.0000
100.03 15.07.2018 06.40.01 20.40673 293.2781 173.6498 0.4933 -1.7873 3.0408 886.6428 490.8042 354.0323 544.3042 -180.1778 1.1632 0.0000
110.03 15.07.2018 06.50.01 20.48626 293.5498 208.1185 0.5912 -1.6944 3.0476 858.0619 474.7030 355.1202 543.4798 -178.7073 1.3626 0.0000
120.03 15.07.2018 07.00.01 20.58019 293.8299 244.5581 0.6948 -1.6047 3.0660 829.8297 458.7888 356.2228 541.9589 -176.8733 1.5803 0.0000
130.03 15.07.2018 07.10.01 20.68871 294.1572 275.2152 0.7819 -1.5255 3.0765 810.1175 447.6067 357.6735 541.9180 -171.2264 1.8082 0.0000
140.03 15.07.2018 07.20.01 20.80975 294.4924 312.2425 0.8871 -1.4543 3.1218 790.6068 436.4860 359.3606 541.5987 -166.5015 2.0376 0.0000
150.03 15.07.2018 07.30.01 20.94457 294.8269 338.2628 0.9610 -1.4050 3.1546 770.3755 424.9536 361.0489 540.8381 -162.2080 2.2695 0.0000
160.03 15.07.2018 07.40.01 21.08981 295.1699 375.0595 1.0655 -1.3679 3.2445 727.9304 402.5346 363.1130 539.5595 -157.2266 2.5024 0.0000
170.03 15.07.2018 07.50.01 21.24777 295.5152 388.6913 1.1042 -1.3619 3.2882 698.6555 386.6618 364.9688 537.4128 -151.9752 2.7383 0.0000
180.03 15.07.2018 08.00.01 21.41137 295.8922 396.3395 1.1260 -1.3581 3.3120 681.9829 377.0075 367.0656 535.3497 -146.9091 2.9782 0.0000
190.03 15.07.2018 08.10.01 21.57842 296.3080 408.2600 1.1598 -1.3529 3.3503 664.7063 367.0035 369.5902 535.1792 -135.8965 3.2759 0.0000
200.03 15.07.2018 08.20.01 21.74954 296.7794 414.1136 1.1765 -1.3564 3.3772 646.8907 356.6944 372.0096 534.2997 -129.6309 3.5535 0.0000
210.03 15.07.2018 08.30.01 21.92294 297.1616 424.7254 1.2066 -1.3642 3.4277 616.7239 340.1934 373.4064 530.7809 -131.2188 3.8076 0.0000
220.03 15.07.2018 08.40.01 22.09988 297.4641 417.9357 1.1873 -1.3822 3.4260 600.9621 331.0178 374.1547 528.7009 -124.6766 4.0950 0.0000
230.03 15.07.2018 08.50.01 22.27502 297.7336 420.7879 1.1954 -1.3886 3.4454 585.3813 321.9145 375.1728 526.5938 -121.4517 4.4029 0.0000
240.03 15.07.2018 09.00.01 22.45114 298.0515 433.7885 1.2324 -1.4030 3.5138 570.3059 313.0289 376.5361 524.3766 -119.2536 4.7271 0.0000
250.03 15.07.2018 09.10.01 22.63076 298.2258 441.4479 1.2541 -1.4421 3.5950 552.1657 302.4117 379.2345 523.8486 -105.6630 5.0380 0.0000
260.03 15.07.2018 09.20.01 22.81243 298.1359 453.3533 1.2879 -1.4980 3.7146 535.1808 292.4311 380.6586 519.8647 -112.1059 5.3262 0.0000
270.03 15.07.2018 09.30.01 22.99722 297.9892 455.7754 1.2948 -1.5783 3.8308 517.9333 282.2880 381.2211 513.4938 -124.4261 5.6571 0.0000
280.03 15.07.2018 09.40.01 23.18209 298.1524 457.1384 1.2987 -1.6705 3.9589 503.6449 273.7783 381.8093 512.4815 -109.5570 6.0426 0.0000
290.03 15.07.2018 09.50.01 23.36691 298.3987 468.6059 1.3313 -1.7739 4.1402 491.0479 266.2086 382.8062 510.1532 -113.0489 6.4933 0.0000
300.03 15.07.2018 10.00.01 23.55413 298.4705 452.3408 1.2851 -1.9026 4.2502 476.5896 257.6311 383.4535 505.9680 -119.4077 6.9933 0.0000
310.03 15.07.2018 10.10.01 23.73541 298.6778 420.6447 1.1950 -2.0157 4.2809 464.8953 250.6965 384.3503 503.4401 -109.9667 7.5285 0.0000
320.03 15.07.2018 10.20.01 23.90606 298.8987 389.1833 1.1056 -2.0919 4.2634 447.0117 240.1217 385.2034 500.2672 -101.9881 8.0779 0.0000
330.03 15.07.2018 10.30.01 24.06591 299.0921 346.2716 0.9837 -2.1328 4.1553 432.0722 231.4637 385.5332 497.7148 -96.1024 8.6368 0.0000
340.03 15.07.2018 10.40.01 24.21212 299.2898 355.1345 1.0089 -2.1276 4.1820 395.0843 210.3585 386.3797 492.8159 -89.4107 9.1969 0.0000
350.03 15.07.2018 10.50.01 24.35964 299.4613 335.9552 0.9544 -2.1480 4.1365 383.7484 203.7050 387.0621 490.2442 -85.8955 10.2973 0.0000
360.03 15.07.2018 11.00.01 24.49996 299.6364 320.5584 0.9107 -2.1563 4.0893 372.1129 196.8736 387.7190 487.8055 -83.4602 11.4205 0.0000
370.03 15.07.2018 11.10.01 24.63409 299.7484 331.8174 0.9427 -2.1596 4.1364 360.8757 190.2710 388.6005 486.3156 -78.0028 12.5491 0.0000
380.03 15.07.2018 11.20.01 24.77017 299.8490 313.8564 0.8916 -2.2010 4.1235 348.0613 182.8109 389.3622 484.6637 -73.6114 13.7680 0.0000
390.03 15.07.2018 11.30.01 24.89929 299.9150 291.2645 0.8275 -2.2338 4.0817 334.7273 175.0872 389.9197 482.7318 -70.6204 14.9929 0.0000
400.03 15.07.2018 11.40.01 25.02020 299.9715 290.5206 0.8253 -2.2527 4.1040 318.2688 165.3285 390.7498 480.0387 -67.7560 16.2221 0.0000
410.03 15.07.2018 11.50.01 25.13925 300.0217 267.3940 0.7596 -2.2897 4.0658 305.6729 157.9819 391.3907 477.7273 -66.3067 17.6130 0.0000
420.03 15.07.2018 12.00.01 25.24987 300.0791 238.9647 0.6789 -2.3106 3.9860 294.8415 151.7562 391.9950 475.4881 -65.5999 19.0918 0.0000
430.03 15.07.2018 12.10.01 25.35089 300.3235 259.5889 0.7375 -2.3101 4.0634 287.2504 147.3242 393.1591 474.9389 -56.4036 20.9200 0.0000
440.03 15.07.2018 12.20.01 25.45736 300.4725 393.0989 1.1168 -2.3622 4.6386 282.0484 144.0096 393.7901 473.4496 -58.4671 22.9088 0.0000
450.03 15.07.2018 12.30.01 25.60317 300.5462 584.5997 1.6608 -2.6342 5.7267 281.1888 142.8829 394.0647 471.7201 -64.3388 24.8917 0.0000
460.03 15.07.2018 12.40.01 25.80486 300.6378 664.6960 1.8883 -3.2002 6.7848 282.4035 142.7721 394.7360 470.1555 -67.5166 26.8218 0.0000
470.03 15.07.2018 12.50.01 26.03008 300.6427 691.2957 1.9639 -3.8861 7.8001 285.1255 143.4117 395.0714 468.4889 -70.3349 28.6770 0.0000
480.03 15.07.2018 13.00.01 26.26336 300.7368 709.7376 2.0163 -4.6125 8.8384 290.5914 145.5126 395.8979 467.2986 -71.8949 30.4918 0.0000
490.03 15.07.2018 13.10.01 26.50195 300.7853 690.8184 1.9626 -5.3652 9.7704 293.9306 146.5380 396.1748 467.0324 -66.9848 32.3263 0.0000
500.03 15.07.2018 13.20.01 26.73480 300.8273 661.7771 1.8800 -6.0890 10.6255 296.8234 147.3584 396.3668 467.0488 -63.2571 34.2207 0.0000
510.03 15.07.2018 13.30.01 26.95864 300.8968 615.6155 1.7489 -6.7696 11.3581 297.7030 147.1372 396.2895 467.0934 -60.3151 36.1704 0.0000
520.03 15.07.2018 13.40.01 27.16854 300.9501 590.1767 1.6766 -7.3848 12.0819 299.6344 147.4988 396.1814 467.3109 -58.3332 38.1562 0.0000
530.03 15.07.2018 13.50.01 27.37042 300.9965 572.3546 1.6260 -7.9664 12.7899 310.5769 152.4241 396.1689 467.9060 -57.3040 40.1781 0.0000
540.03 15.07.2018 14.00.01 27.56634 301.0485 530.5590 1.5073 -8.5255 13.3770 310.8373 151.9759 395.9273 468.4801 -56.4633 42.2314 0.0000
550.03 15.07.2018 14.10.01 27.74856 301.1230 398.3398 1.1316 -9.0243 13.5413 304.7405 148.8245 396.6978 469.5643 -53.0520 44.2680 0.0000
560.03 15.07.2018 14.20.01 27.89062 301.2093 282.7708 0.8033 -9.3302 13.5113 296.3384 144.5594 397.2198 470.3335 -49.8113 46.2124 0.0000
570.03 15.07.2018 14.30.01 27.99722 301.2746 189.6147 0.5387 -9.4739 13.3501 286.7457 139.7753 397.5502 470.8373 -47.0395 48.0548 0.0000
580.03 15.07.2018 14.40.01 28.07452 301.3092 88.8888 0.2525 -9.4924 12.9932 274.6098 133.7843 397.4078 470.9045 -44.6686 49.8081 0.0000
590.03 15.07.2018 14.50.01 28.12045 301.3380 12.6506 0.0359 -9.3767 12.5503 262.4224 127.8948 397.2405 470.7650 -42.3816 51.4769 0.0000
600.03 15.07.2018 15.00.01 28.14190 301.3562 -69.7121 -0.1980 -9.1642 11.9549 248.6389 121.2724 396.9301 470.2646 -39.9745 53.0594 0.0000
610.03 15.07.2018 15.10.01 28.13790 301.3570 -10.1308 -0.0288 -8.8560 11.7697 260.6760 127.2091 396.5774 469.6212 -39.4073 53.8062 0.0000
620.03 15.07.2018 15.20.01 28.15051 301.3607 23.6182 0.0671 -8.6531 11.6269 254.4372 124.1200 396.6200 469.1841 -41.7132 54.5013 0.0000
630.03 15.07.2018 15.30.01 28.17184 301.3840 22.0397 0.0626 -8.5139 11.4354 246.2819 120.1130 396.7935 468.1812 -43.5631 55.1410 0.0000
640.03 15.07.2018 15.40.01 28.19155 301.2286 -16.0761 -0.0457 -8.3827 11.1160 236.2059 115.1824 395.2648 466.6619 -44.7775 55.7342 0.0000
650.03 15.07.2018 15.50.01 28.19924 300.9877 -42.4170 -0.1205 -8.2040 10.7779 225.0667 109.7848 392.9612 464.6653 -46.3420 56.3440 0.0000
660.03 15.07.2018 16.00.01 28.19827 300.8628 -74.8446 -0.2126 -7.9951 10.3766 215.1577 105.0406 391.4134 462.4378 -47.1453 56.9499 0.0000
670.03 15.07.2018 16.10.01 28.18746 300.6390 -27.9329 -0.0794 -7.7469 10.2235 207.5958 101.0822 389.6325 459.9816 -45.6348 57.5244 0.0000
680.03 15.07.2018 16.20.01 28.18929 300.4570 -12.9979 -0.0369 -7.5831 10.0616 200.1915 97.2264 388.0656 457.5725 -44.1595 58.0588 0.0000
690.03 15.07.2018 16.30.01 28.19460 300.3531 -13.8753 -0.0394 -7.4513 9.8825 192.7516 93.3711 386.8204 455.1939 -42.6137 58.5443 0.0000
700.03 15.07.2018 16.40.01 28.19897 300.1156 -28.7920 -0.0818 -7.3257 9.6586 176.4272 85.1021 384.6927 452.5313 -41.0872 58.9945 0.0000
710.03 15.07.2018 16.50.01 28.19821 299.7639 -46.4156 -0.1319 -7.1863 9.4059 168.2448 80.9167 381.7128 449.3829 -40.4684 59.3929 0.0000
720.03 15.07.2018 17.00.01 28.19149 299.4800 -64.7037 -0.1838 -7.0293 9.1273 159.9215 76.6734 379.0949 446.2844 -39.7756 59.7995 0.0000
730.03 15.07.2018 17.10.01 28.17855 299.2446 -83.2006 -0.2364 -6.8539 8.8234 152.7082 73.0895 377.2882 443.5580 -37.4070 60.1982 0.0000
740.03 15.07.2018 17.20.01 28.15304 299.0131 -1021.5358 -2.9021 -6.6596 5.0100 135.5374 66.6938 375.5365 440.7855 -35.2062 60.5805 0.0000
750.03 15.07.2018 17.30.01 27.85784 298.7659 -525.4543 -1.4928 -5.0727 4.7732 128.3480 63.0799 373.6903 437.9252 -33.2284 60.9096 0.0000
760.03 15.07.2018 17.40.01 27.70367 298.5374 -319.1080 -0.9066 -4.2772 4.4942 120.1740 59.0064 372.0054 435.1859 -31.3551 61.2232 0.0000
770.03 15.07.2018 17.50.01 27.60851 298.3103 -231.0419 -0.6564 -3.8098 4.2045 111.2341 54.4896 370.3279 432.3685 -29.3714 61.5186 0.0000
780.03 15.07.2018 18.00.01 27.53845 298.0834 -196.3338 -0.5578 -3.4834 3.9008 102.7415 50.2637 368.6567 429.6088 -27.5698 61.7975 0.0000
790.03 15.07.2018 18.10.01 27.47772 297.5657 -221.1412 -0.6282 -3.2157 3.4499 84.6524 41.3559 366.7926 426.4013 -26.5496 62.0555 0.0000
800.03 15.07.2018 18.20.01 27.40899 297.0279 -242.1553 -0.6879 -2.9194 2.9753 73.1107 35.7198 364.6681 422.8851 -25.3301 62.2444 0.0000
810.03 15.07.2018 18.30.01 27.33328 296.5053 -254.7107 -0.7236 -2.6029 2.5057 61.6858 30.1443 362.6305 419.3927 -24.2045 62.4106 0.0000
820.03 15.07.2018 18.40.01 27.25253 295.9825 -317.0406 -0.9007 -2.2789 1.8376 45.7290 22.4277 360.5720 415.7397 -22.9638 62.5584 0.0000
830.03 15.07.2018 18.50.01 27.15240 295.4562 -353.5301 -1.0043 -1.8730 1.1583 29.4662 14.5498 358.4183 411.8273 -21.5985 62.6784 0.0000
840.03 15.07.2018 19.00.01 27.04043 294.9306 -373.2950 -1.0605 -1.4274 0.4892 13.2993 6.7153 356.2690 407.7721 -20.0962 62.7712 0.0000
850.03 15.07.2018 19.10.01 26.92236 294.3161 -242.9884 -0.6903 -0.9678 0.3700 10.3571 5.2064 354.2135 403.8972 -18.9659 62.8278 0.0000
860.03 15.07.2018 19.20.01 26.84094 293.7038 -212.9055 -0.6048 -0.7182 0.1511 8.0948 4.1525 352.2997 400.4387 -18.4518 62.8713 0.0000
870.03 15.07.2018 19.30.01 26.76803 293.1007 -153.2568 -0.4354 -0.5224 0.1161 6.5326 3.3462 350.4690 397.1848 -18.1220 62.9036 0.0000
880.03 15.07.2018 19.40.01 26.71206 292.4987 -127.1472 -0.3612 -0.4234 0.0829 4.4642 2.2875 348.6806 394.0628 -18.0309 62.9311 0.0000
890.03 15.07.2018 19.50.01 26.66332 291.9055 -116.9611 -0.3323 -0.3685 0.0483 2.3743 1.2180 346.9151 391.0576 -17.9811 62.9538 0.0000
900.03 15.07.2018 20.00.01 26.61724 291.3239 -113.8721 -0.3235 -0.3337 0.0136 0.2913 0.1520 345.1711 388.1650 -17.9555 62.9718 0.0000
910.03 15.07.2018 20.10.01 26.57177 290.9193 -107.5951 -0.3057 -0.3075 0.0024 0.0523 0.0273 343.5146 385.5803 -17.2620 62.9856 0.0000
920.03 15.07.2018 20.20.01 26.52795 290.5265 -103.1191 -0.2930 -0.2933 0.0004 0.0094 0.0049 341.9395 383.1891 -16.7203 62.9935 0.0000
930.03 15.07.2018 20.30.01 26.48531 290.1514 -101.5680 -0.2885 -0.2886 0.0001 0.0017 0.0009 340.4058 380.9482 -16.2482 63.0007 0.0000
940.03 15.07.2018 20.40.01 26.44286 289.7736 -101.6910 -0.2889 -0.2889 0.0000 0.0003 0.0002 338.9177 378.8042 -15.9419 63.0078 0.0000
950.03 15.07.2018 20.50.01 26.39987 289.4038 -102.5633 -0.2914 -0.2914 0.0000 0.0001 0.0000 337.4551 376.7631 -15.7044 63.0140 0.0000
960.03 15.07.2018 21.00.01 26.35641 289.0227 -104.6287 -0.2972 -0.2972 0.0000 0.0000 0.0000 335.9931 374.7987 -15.6191 63.0194 0.0000
970.03 15.07.2018 21.10.01 26.31198 288.7289 -107.5035 -0.3054 -0.3054 0.0000 0.0000 0.0000 334.8687 372.9735 -15.2874 63.0251 0.0000
980.03 15.07.2018 21.20.01 26.26638 288.1293 -108.4133 -0.3080 -0.3080 0.0000 0.0000 0.0000 333.1170 371.2606 -15.2893 63.0294 0.0000
990.03 15.07.2018 21.30.01 26.22027 287.6884 -112.7485 -0.3203 -0.3203 0.0000 0.0000 0.0000 331.8074 369.1107 -18.0621 63.0330 0.0000
1000.03 15.07.2018 21.40.01 26.17159 287.4773 -118.5010 -0.3367 -0.3367 0.0000 0.0000 0.0000 330.6321 367.8390 -14.6850 63.0367 0.0000
1010.03 15.07.2018 21.50.01 26.12216 287.4394 -117.3957 -0.3335 -0.3335 0.0000 0.0000 0.0000 329.4206 366.4409 -12.5476 63.0402 0.0000
1020.03 15.07.2018 22.00.01 26.07394 287.2491 -113.4322 -0.3223 -0.3223 0.0000 0.0000 0.0000 328.3772 364.7968 -13.7393 63.0432 0.0000
1030.03 15.07.2018 22.10.01 26.02633 287.1758 -113.0728 -0.3212 -0.3212 0.0000 0.0000 0.0000 327.7466 363.5794 -12.8626 63.0468 0.0000
1040.03 15.07.2018 22.20.01 25.97872 287.0614 -114.2946 -0.3247 -0.3247 0.0000 0.0000 0.0000 327.0688 362.4239 -12.2543 63.0503 0.0000
1050.03 15.07.2018 22.30.01 25.93041 286.9084 -115.6335 -0.3285 -0.3285 0.0000 0.0000 0.0000 326.3831 361.2861 -11.8643 63.0531 0.0000
1060.03 15.07.2018 22.40.01 25.88149 286.7625 -117.5245 -0.3339 -0.3339 0.0000 0.0000 0.0000 325.7108 360.2082 -11.4773 63.0553 0.0000
1070.03 15.07.2018 22.50.01 25.83181 286.6168 -119.5092 -0.3395 -0.3395 0.0000 0.0000 0.0000 325.0499 359.1757 -11.1450 63.0570 0.0000
1080.03 15.07.2018 23.00.01 25.78127 286.4766 -121.5659 -0.3454 -0.3454 0.0000 0.0000 0.0000 324.4008 358.1899 -10.8429 63.0584 0.0000
1090.03 15.07.2018 23.10.01 25.73000 286.4707 -122.2193 -0.3472 -0.3472 0.0000 0.0000 0.0000 323.7829 357.6607 -9.0224 63.0590 0.0000
1100.03 15.07.2018 23.20.01 25.67846 285.7989 -124.9043 -0.3548 -0.3548 0.0000 0.0000 0.0000 323.2345 356.3114 -12.3203 63.0599 0.0000
1110.03 15.07.2018 23.30.01 25.62435 285.4904 -134.1985 -0.3812 -0.3812 0.0000 0.0000 0.0000 322.5584 354.8557 -14.9071 63.0612 0.0000
1120.03 15.07.2018 23.40.01 25.56616 285.5802 -142.0215 -0.4035 -0.4035 0.0000 0.0000 0.0000 322.1541 354.3365 -11.8178 63.0623 0.0000
1130.03 15.07.2018 23.50.01 25.50665 285.4763 -141.5110 -0.4020 -0.4020 0.0000 0.0000 0.0000 321.6068 353.4307 -11.2036 63.0631 0.0000
1140.03 16.07.2018 00.00.01 25.44836 285.3171 -137.0454 -0.3893 -0.3893 0.0000 0.0000 0.0000 321.0467 352.3073 -12.1205 63.0632 0.0000
1150.03 16.07.2018 00.10.01 25.39150 285.3014 -134.5919 -0.3824 -0.3824 0.0000 0.0000 0.0000 320.6506 351.6132 -11.2009 63.0632 0.0000
1160.03 16.07.2018 00.20.01 25.33557 285.2921 -134.2081 -0.3813 -0.3813 0.0000 0.0000 0.0000 320.3335 350.9921 -10.3933 63.0632 0.0000
1170.03 16.07.2018 00.30.01 25.27969 285.2752 -134.1095 -0.3810 -0.3810 0.0000 0.0000 0.0000 320.0397 350.4165 -9.7295 63.0632 0.0000
1180.03 16.07.2018 00.40.01 25.22366 285.2186 -134.4912 -0.3821 -0.3821 0.0000 0.0000 0.0000 319.7496 349.8684 -9.3013 63.0622 0.0000
1190.03 16.07.2018 00.50.01 25.16689 285.2140 -134.7362 -0.3828 -0.3828 0.0000 0.0000 0.0000 319.5394 349.3633 -8.7396 63.0601 0.0000
1200.03 16.07.2018 01.00.01 25.11013 285.2173 -135.9193 -0.3861 -0.3861 0.0000 0.0000 0.0000 319.3619 348.8977 -8.2452 63.0574 0.0000
1210.03 16.07.2018 01.10.01 25.05279 285.1826 -137.0177 -0.3893 -0.3893 0.0000 0.0000 0.0000 318.9660 348.4285 -7.8243 63.0541 0.0000
1220.03 16.07.2018 01.20.01 24.99514 285.1798 -137.5627 -0.3908 -0.3908 0.0000 0.0000 0.0000 318.7326 347.9761 -7.4576 63.0523 0.0000
1230.03 16.07.2018 01.30.01 24.93716 285.0799 -139.5179 -0.3964 -0.3964 0.0000 0.0000 0.0000 318.4472 347.4875 -7.5880 63.0522 0.0000
1240.03 16.07.2018 01.40.01 24.87805 285.0373 -142.2961 -0.4043 -0.4043 0.0000 0.0000 0.0000 318.1441 347.0499 -7.3155 63.0522 0.0000
1250.03 16.07.2018 01.50.01 24.81790 284.9849 -144.4069 -0.4102 -0.4102 0.0000 0.0000 0.0000 317.8144 346.6207 -7.1031 63.0522 0.0000
1260.03 16.07.2018 02.00.01 24.75695 284.9233 -146.2311 -0.4154 -0.4154 0.0000 0.0005 0.0003 317.4565 346.1964 -6.9367 63.0522 0.0000
1270.03 16.07.2018 02.10.01 24.69564 284.7470 -144.9317 -0.4117 -0.4177 0.0079 0.3089 0.1610 316.8053 345.8594 -6.5471 63.0513 0.0000
1280.03 16.07.2018 02.20.01 24.63470 284.4902 -143.4987 -0.4077 -0.4210 0.0178 0.6619 0.3451 316.4719 345.2714 -7.7523 63.0490 0.0000
1290.03 16.07.2018 02.30.01 24.57308 284.2648 -148.7547 -0.4226 -0.4436 0.0280 1.0219 0.5330 316.1240 344.5103 -9.6410 63.0489 0.0000
1300.03 16.07.2018 02.40.01 24.50881 284.3084 -153.8692 -0.4371 -0.4659 0.0383 1.3833 0.7215 315.7834 344.3915 -7.4427 63.0483 0.0000
1310.03 16.07.2018 02.50.01 24.44427 284.4624 -149.9444 -0.4260 -0.4624 0.0486 1.7449 0.9102 315.2582 344.1030 -5.7582 63.0440 0.0000
1320.03 16.07.2018 03.00.01 24.38223 284.4521 -144.8414 -0.4115 -0.4557 0.0590 2.1094 1.1003 315.2948 343.6648 -6.7193 63.0416 0.0000
1330.03 16.07.2018 03.10.01 24.32083 284.5251 -134.3483 -0.3817 -0.4659 0.1123 4.1476 2.1626 315.2439 343.5119 -6.1717 63.0411 0.0000
1340.03 16.07.2018 03.20.01 24.26248 284.6562 -126.4758 -0.3593 -0.4915 0.1763 6.4278 3.3524 315.3934 343.5382 -5.5077 63.0403 0.0000
1350.03 16.07.2018 03.30.01 24.20669 284.7990 -121.1205 -0.3441 -0.5257 0.2421 8.7464 4.5621 315.6201 343.6657 -4.8779 63.0400 0.0000
1360.03 16.07.2018 03.40.01 24.15280 284.9486 -117.2804 -0.3332 -0.5644 0.3083 11.0725 5.7757 315.8896 343.8770 -4.2974 63.0407 0.0000
1370.03 16.07.2018 03.50.01 24.10034 285.1047 -114.1545 -0.3243 -0.6053 0.3746 13.3999 6.9900 316.1879 344.1641 -3.7577 63.0416 0.0000
1380.03 16.07.2018 04.00.01 24.04907 285.2675 -111.3487 -0.3163 -0.6470 0.4409 15.7272 8.2043 316.5130 344.5203 -3.2529 63.0427 0.0000
1390.03 16.07.2018 04.10.01 23.99914 286.1080 -108.2396 -0.3075 -0.6836 0.5015 17.8334 9.3033 318.0340 345.6840 0.3939 63.0404 0.0000
1400.03 16.07.2018 04.20.01 23.95178 286.6202 -100.6361 -0.2859 -0.7064 0.5607 19.9076 10.3855 319.9612 346.7034 1.8568 63.0331 0.0000
1410.03 16.07.2018 04.30.01 23.90698 287.2800 -96.8342 -0.2751 -0.7398 0.6196 21.9768 11.4651 322.0487 347.9652 4.7479 63.0357 0.0000
1420.03 16.07.2018 04.40.01 23.86367 288.0160 -92.6265 -0.2631 -0.7720 0.6785 24.0450 12.5442 323.8736 349.4686 5.9052 63.0404 0.0000
1430.03 16.07.2018 04.50.01 23.82266 288.7885 -86.2468 -0.2450 -0.7980 0.7374 98.7392 54.0898 325.5661 357.4137 2.3576 63.0413 0.0000
1440.03 16.07.2018 05.00.01 23.78460 289.6428 -53.1852 -0.1511 -0.8225 0.8952 114.5150 62.7402 328.1594 361.9269 2.1595 63.0377 0.0000
1450.03 16.07.2018 05.10.01 23.75701 290.2591 -53.4557 -0.1519 -0.8867 0.9798 494.0216 274.3459 330.1356 399.7577 -34.4209 63.0427 0.0000
1460.03 16.07.2018 05.20.01 23.73107 291.1447 84.8515 0.2411 -0.9401 1.5748 884.7458 491.7813 334.6372 450.6840 -82.8112 63.0495 0.0000
1470.03 16.07.2018 05.30.01 23.74737 292.0906 193.8559 0.5507 -1.1811 2.3091 1278.8843 711.0748 341.3861 510.5300 -145.0560 63.0760 0.0000
1480.03 16.07.2018 05.40.01 23.79879 293.0905 292.6381 0.8314 -1.5480 3.1725 1202.2393 667.4868 349.6296 523.3190 -163.7346 63.1529 0.0000
1490.03 16.07.2018 05.50.01 23.88214 293.7919 150.8734 0.4286 -2.0078 3.2486 1109.8333 615.8241 353.2257 527.0182 -172.8197 63.2995 0.0000
1500.03 16.07.2018 06.00.01 23.92822 294.3764 65.5869 0.1863 -2.2020 3.1845 1013.4982 562.0268 355.0062 526.1603 -177.0865 63.4949 0.0000
1510.03 16.07.2018 06.10.01 23.95294 294.7165 35.6548 0.1013 -2.2235 3.0997 972.8161 539.3463 356.3690 530.4830 -178.1739 63.7180 0.0000
1520.03 16.07.2018 06.20.01 23.97253 295.0799 58.0659 0.1650 -2.1584 3.0978 931.4842 516.1349 358.0341 533.3992 -176.8579 63.9461 0.0000
1530.03 16.07.2018 06.30.01 24.00247 295.4343 80.3502 0.2283 -2.0802 3.0779 889.3276 492.4563 359.5332 534.6288 -174.7035 64.1831 0.0000
1540.03 16.07.2018 06.40.01 24.04315 295.7867 122.5068 0.3480 -1.9855 3.1114 862.3438 477.1598 361.2244 536.3583 -172.1124 64.4273 0.0000
1550.03 16.07.2018 06.50.01 24.10034 296.1420 153.0909 0.4349 -1.9047 3.1194 836.5351 462.6145 362.7708 537.6157 -169.1261 64.6826 0.0000
1560.03 16.07.2018 07.00.01 24.17056 296.4964 187.8171 0.5336 -1.8224 3.1413 810.9366 448.1688 364.3021 538.1891 -165.5424 64.9463 0.0000
1570.03 16.07.2018 07.10.01 24.25460 296.8135 214.4026 0.6091 -1.7494 3.1447 793.7089 438.3862 365.9690 539.5503 -160.6828 65.2178 0.0000
1580.03 16.07.2018 07.20.01 24.34976 297.1351 249.2000 0.7080 -1.6783 3.1817 776.6427 428.6434 367.7961 540.8045 -155.7455 65.4932 0.0000
1590.03 16.07.2018 07.30.01 24.45800 297.4613 273.7959 0.7778 -1.6262 3.2053 758.8026 418.4577 369.5979 541.7760 -150.5383 65.7734 0.0000
1600.03 16.07.2018 07.40.01 24.57601 297.7849 310.6093 0.8824 -1.5819 3.2857 718.4029 397.1653 371.7259 542.1258 -145.7369 66.0571 0.0000
1610.03 16.07.2018 07.50.01 24.70687 298.1132 324.4948 0.9219 -1.5678 3.3196 690.7752 382.2170 373.6409 541.4445 -140.1805 66.3471 0.0000
1620.03 16.07.2018 08.00.01 24.84368 298.4399 333.3047 0.9469 -1.5544 3.3351 675.5089 373.3656 375.4559 540.7580 -134.9271 66.6434 0.0000
1630.03 16.07.2018 08.10.01 24.98449 298.6564 346.1947 0.9835 -1.5382 3.3623 660.6080 364.7049 377.1003 539.4426 -133.8524 67.0345 0.0000
1640.03 16.07.2018 08.20.01 25.13012 298.8370 354.2328 1.0063 -1.5298 3.3815 645.1662 355.7327 378.1596 537.7045 -133.0570 67.4561 0.0000
1650.03 16.07.2018 08.30.01 25.27886 299.0280 365.9509 1.0396 -1.5254 3.4201 617.1686 340.4529 379.2745 535.4106 -131.5743 67.9062 0.0000
1660.03 16.07.2018 08.40.01 25.43130 299.2376 362.2675 1.0292 -1.5329 3.4161 603.1248 332.2433 380.2579 533.4873 -128.0594 68.3792 0.0000
1670.03 16.07.2018 08.50.01 25.58309 299.4543 365.5471 1.0385 -1.5344 3.4305 589.1072 324.0176 381.3396 531.6990 -125.3811 68.8667 0.0000
1680.03 16.07.2018 09.00.01 25.73571 299.6515 374.5010 1.0639 -1.5406 3.4727 574.9658 315.6642 382.5925 529.6376 -123.6403 69.3669 0.0000
1690.03 16.07.2018 09.10.01 25.89095 299.7954 390.9700 1.1107 -1.5618 3.5633 560.0713 306.8412 383.6572 526.9668 -122.2321 69.8828 0.0000
1700.03 16.07.2018 09.20.01 26.05093 299.9227 406.5241 1.1549 -1.6110 3.6879 545.9917 298.4554 384.8082 524.2861 -120.8146 70.4169 0.0000
1710.03 16.07.2018 09.30.01 26.21514 300.0312 411.7959 1.1699 -1.6873 3.8096 531.4984 289.8160 386.0556 521.4516 -119.2105 70.9701 0.0000
1720.03 16.07.2018 09.40.01 26.38058 300.1125 416.3879 1.1829 -1.7755 3.9446 519.3818 282.4802 387.3596 518.9767 -118.0287 71.5374 0.0000
1730.03 16.07.2018 09.50.01 26.54708 300.1867 430.6042 1.2233 -1.8759 4.1322 508.8115 275.9991 388.7630 516.6290 -117.2755 72.0965 0.0000
1740.03 16.07.2018 10.00.01 26.71713 300.2662 414.0814 1.1764 -2.0030 4.2391 495.9330 268.2573 389.9772 513.9148 -116.2531 72.6736 0.0000
1750.03 16.07.2018 10.10.01 26.88204 300.4887 437.6920 1.2434 -2.1129 4.4751 477.3215 257.3492 391.6745 512.9659 -100.7598 73.2476 0.0000
1760.03 16.07.2018 10.20.01 27.05300 300.6990 420.3334 1.1941 -2.2665 4.6141 452.3303 242.7635 393.1287 510.2745 -91.4483 73.8173 0.0000
1770.03 16.07.2018 10.30.01 27.21804 300.8053 381.0770 1.0826 -2.4016 4.6456 430.8751 230.4768 393.8729 506.8965 -90.3746 74.3807 0.0000
1780.03 16.07.2018 10.40.01 27.37097 300.9011 393.2807 1.1173 -2.4883 4.8075 391.9909 208.3402 395.2552 502.0680 -86.1205 74.9217 0.0000
1790.03 16.07.2018 10.50.01 27.52688 301.0213 379.2374 1.0774 -2.6024 4.9063 377.9601 200.2265 396.6816 499.1088 -85.0640 75.9453 0.0000
1800.03 16.07.2018 11.00.01 27.67791 301.1244 367.9324 1.0453 -2.7064 5.0022 364.3825 192.3868 397.9451 496.1308 -85.1084 76.9235 0.0000
1810.03 16.07.2018 11.10.01 27.82424 301.5185 318.1699 0.9039 -2.8053 4.9455 357.6677 188.2929 398.8839 497.9830 -61.3735 77.9073 0.0000
1820.03 16.07.2018 11.20.01 27.95455 301.3814 289.9810 0.8238 -2.8465 4.8937 350.5428 183.9419 399.7235 496.5960 -70.0421 78.9684 0.0000
1830.03 16.07.2018 11.30.01 28.07501 301.3200 268.9058 0.7639 -2.8597 4.8315 342.8053 179.2410 400.0006 492.5027 -82.4632 80.0722 0.0000
1840.03 16.07.2018 11.40.01 28.18826 301.8932 272.0439 0.7729 -2.8614 4.8456 331.7887 172.4251 402.9818 490.9126 -71.8619 81.0907 0.0000
1850.03 16.07.2018 11.50.01 28.30093 302.1311 252.2292 0.7166 -2.8795 4.7948 323.4810 167.3356 405.7504 489.0262 -67.7277 82.0476 0.0000
1860.03 16.07.2018 12.00.01 28.40646 302.1328 227.0552 0.6450 -2.8823 4.7032 316.4021 163.0463 403.8951 486.5372 -69.5218 83.2254 0.0000
1870.03 16.07.2018 12.10.01 28.50405 302.2074 271.7220 0.7719 -2.8637 4.8475 308.3897 158.4751 403.9956 485.1506 -69.2903 84.9404 0.0000
1880.03 16.07.2018 12.20.01 28.61401 302.2255 392.0587 1.1138 -2.9348 5.3982 301.2042 154.1992 403.3844 483.5770 -69.4907 86.9392 0.0000
1890.03 16.07.2018 12.30.01 28.75909 302.2434 558.5870 1.5869 -3.2074 6.3923 297.9308 151.9172 402.5327 482.2524 -70.0070 89.0372 0.0000
1900.03 16.07.2018 12.40.01 28.95242 302.2876 615.1271 1.7475 -3.7402 7.3170 296.4341 150.5257 401.6690 480.9350 -69.5271 91.2253 0.0000
1910.03 16.07.2018 12.50.01 29.16183 302.3103 621.2699 1.7650 -4.3621 8.1695 296.2349 149.8050 400.7443 479.6070 -69.3136 93.4995 0.0000
1920.03 16.07.2018 13.00.01 29.37271 302.3427 617.1932 1.7534 -4.9982 9.0022 298.2498 150.2982 400.0797 478.5583 -69.3195 95.8605 0.0000
1930.03 16.07.2018 13.10.01 29.58163 302.2885 574.9750 1.6335 -5.6322 9.6876 299.3973 150.7085 400.0630 478.3230 -68.0495 98.2714 0.0000
1940.03 16.07.2018 13.20.01 29.77685 302.2119 479.4489 1.3621 -6.2062 10.0910 296.7575 149.2119 399.6875 477.7248 -66.7201 100.6708 0.0000
1950.03 16.07.2018 13.30.01 29.94296 302.1572 401.3590 1.1402 -6.6453 10.3807 294.5267 148.1086 399.3902 477.3032 -65.5878 103.0375 0.0000
1960.03 16.07.2018 13.40.01 30.08453 302.1018 309.8326 0.8802 -6.9771 10.4764 290.3495 146.1036 399.0014 476.7615 -64.3546 105.3668 0.0000
1970.03 16.07.2018 13.50.01 30.19766 302.0553 221.6197 0.6296 -7.1839 10.4180 289.7382 145.9976 398.5797 476.2764 -63.3487 107.6465 0.0000
1980.03 16.07.2018 14.00.01 30.28295 302.0007 124.5636 0.3539 -7.2728 10.1690 281.8032 142.3020 398.0088 475.5965 -62.4194 109.8612 0.0000
1990.03 16.07.2018 14.10.01 30.33837 301.9331 125.5498 0.3567 -7.2373 10.1252 275.1610 138.8016 396.9179 473.7484 -63.4155 112.0263 0.0000
2000.03 16.07.2018 14.20.01 30.39263 301.8695 113.0947 0.3213 -7.2219 10.0576 269.0150 135.6244 395.8418 471.8884 -64.2294 114.1959 0.0000
2010.03 16.07.2018 14.30.01 30.44149 301.8055 90.0122 0.2557 -7.2011 9.9424 262.5508 132.3227 394.8248 469.9372 -64.7745 116.3623 0.0000
2020.03 16.07.2018 14.40.01 30.48251 301.7974 52.7209 0.1498 -7.1581 9.7439 255.0184 128.5139 393.8483 467.9688 -64.6414 118.5077 0.0000
2030.03 16.07.2018 14.50.01 30.51150 301.6985 22.1186 0.0628 -7.0695 9.5098 247.5107 124.7752 392.8774 465.8115 -64.8839 120.6231 0.0000
2040.03 16.07.2018 15.00.01 30.53036 301.5944 -13.8522 -0.0394 -6.9451 9.2077 239.2779 120.7012 391.8885 463.5322 -64.9397 122.7068 0.0000
2050.03 16.07.2018 15.10.01 30.53872 301.5108 123.5454 0.3510 -6.7813 9.5097 247.6207 124.2169 390.5698 461.6710 -61.9245 123.7412 0.0000
2060.03 16.07.2018 15.20.01 30.58703 301.4431 208.4264 0.5921 -6.8317 9.8984 247.7421 123.6478 389.4217 460.4542 -59.3324 124.7805 0.0000
2070.03 16.07.2018 15.30.01 30.66009 301.3850 255.1413 0.7248 -7.0115 10.3151 246.9085 122.5876 388.3797 459.2145 -57.3749 125.8277 0.0000
2080.03 16.07.2018 15.40.01 30.74709 301.3183 300.8395 0.8547 -7.2601 10.8196 246.9119 121.8550 387.3494 458.1065 -55.2495 126.8680 0.0000
2090.03 16.07.2018 15.50.01 30.84783 301.2627 337.1702 0.9579 -7.5753 11.3775 245.9145 120.6314 386.4153 457.1683 -53.3669 127.8964 0.0000
2100.03 16.07.2018 16.00.01 30.95950 301.2154 355.7813 1.0107 -7.9414 11.9361 245.8938 119.8918 385.5650 456.3034 -51.6138 128.8948 0.0000
2110.03 16.07.2018 16.10.01 31.07528 301.0460 128.4298 0.3649 -8.3325 11.5965 235.4480 114.6515 384.6353 455.3300 -51.0158 129.8738 0.0000
2120.03 16.07.2018 16.20.01 31.12426 300.8847 5.5097 0.0157 -8.3834 11.1987 224.2570 109.0484 383.4455 453.9003 -50.0254 130.8255 0.0000
2130.03 16.07.2018 16.30.01 31.13622 300.7198 -65.5788 -0.1863 -8.2615 10.7669 212.8691 103.3738 382.1946 452.2417 -48.7963 131.7499 0.0000
2140.03 16.07.2018 16.40.01 31.12582 300.5528 -136.0356 -0.3865 -8.0483 10.2158 191.2945 92.6780 380.8730 450.0808 -47.5287 132.6413 0.0000
2150.03 16.07.2018 16.50.01 31.09316 300.3762 -186.5092 -0.5299 -7.7454 9.6207 178.2962 86.2880 379.6114 447.5709 -45.7810 133.4029 0.0000
2160.03 16.07.2018 17.00.01 31.04424 300.1936 -225.5168 -0.6407 -7.3848 8.9921 165.1383 79.8373 378.2138 445.0096 -43.9161 134.1309 0.0000
2170.03 16.07.2018 17.10.01 30.98260 299.9516 -216.9263 -0.6163 -6.9836 8.4898 154.8977 74.8317 376.8912 442.4454 -42.1964 134.8289 0.0000
2180.03 16.07.2018 17.20.01 30.91619 299.7140 -1034.9219 -2.9401 -6.6133 4.8975 136.0253 67.4273 375.5983 439.7886 -40.2062 135.4915 0.0000
2190.03 16.07.2018 17.30.01 30.61425 299.4791 -569.6715 -1.6184 -5.0366 4.5576 126.2557 62.5677 374.4167 437.0578 -38.0342 136.0706 0.0000
2200.03 16.07.2018 17.40.01 30.44430 299.2437 -386.3919 -1.0977 -4.2056 4.1438 114.7086 56.8708 373.1532 434.3570 -35.8326 136.6180 0.0000
2210.03 16.07.2018 17.50.01 30.32641 299.0092 -310.7246 -0.8827 -3.6704 3.7168 102.4907 50.7925 371.8706 431.5188 -33.3848 137.1340 0.0000
2220.03 16.07.2018 18.00.01 30.22967 298.7745 -282.1111 -0.8015 -3.2604 3.2786 90.6385 44.9511 370.5902 428.7148 -30.8976 137.6133 0.0000
2230.03 16.07.2018 18.10.01 30.14065 298.3844 -261.8254 -0.7438 -2.9036 2.8797 75.2701 37.3084 369.0079 425.7016 -28.5309 138.0512 0.0000
2240.03 16.07.2018 18.20.01 30.05663 297.9960 -258.1442 -0.7334 -2.5889 2.4740 64.6920 32.0628 367.5594 422.6030 -26.2605 138.3788 0.0000
2250.03 16.07.2018 18.30.01 29.97280 297.6114 -258.6727 -0.7349 -2.2901 2.0737 54.2361 26.8807 365.9524 419.5390 -24.1887 138.6718 0.0000
2260.03 16.07.2018 18.40.01 29.88766 297.2276 -299.7446 -0.8515 -2.0002 1.5315 40.5439 20.1701 364.3544 416.4314 -21.7982 138.9242 0.0000
2270.03 16.07.2018 18.50.01 29.78973 296.8517 -324.3576 -0.9215 -1.6576 0.9815 26.6376 13.3465 362.7551 413.2511 -19.0957 139.1338 0.0000
2280.03 16.07.2018 19.00.01 29.68374 296.4756 -337.7187 -0.9594 -1.2886 0.4389 12.8008 6.5544 361.1738 409.9851 -16.5771 139.2875 0.0000
2290.03 16.07.2018 19.10.01 29.57360 295.6905 -234.4760 -0.6661 -0.9126 0.3286 9.9143 5.0624 359.5289 406.6543 -16.3868 139.3813 0.0000
2300.03 16.07.2018 19.20.01 29.49236 294.9532 -201.6150 -0.5728 -0.7077 0.1800 7.7919 4.0261 357.8672 403.6016 -16.6197 139.4513 0.0000
2310.03 16.07.2018 19.30.01 29.42010 294.2252 -161.1169 -0.4577 -0.5609 0.1376 6.1291 3.1633 356.2639 400.6428 -17.0895 139.5049 0.0000
2320.03 16.07.2018 19.40.01 29.35922 293.5105 -143.7675 -0.4084 -0.4810 0.0968 4.1912 2.1637 354.6684 397.8291 -17.3820 139.5479 0.0000
2330.03 16.07.2018 19.50.01 29.30313 292.8026 -137.2227 -0.3898 -0.4313 0.0553 2.2432 1.1591 353.0858 395.0862 -17.7021 139.5729 0.0000
2340.03 16.07.2018 20.00.01 29.24868 292.1155 -135.2505 -0.3842 -0.3946 0.0138 0.3005 0.1572 351.5160 392.4150 -17.9664 139.5892 0.0000
2350.03 16.07.2018 20.10.01 29.19473 292.0229 -126.5299 -0.3595 -0.3613 0.0025 0.0524 0.0273 352.3026 390.5050 -16.7660 139.5980 0.0000
2360.03 16.07.2018 20.20.01 29.14370 291.8497 -118.4280 -0.3364 -0.3368 0.0004 0.0096 0.0050 353.2565 388.8619 -16.2623 139.6052 0.0000
2370.03 16.07.2018 20.30.01 29.09533 291.6370 -113.0796 -0.3212 -0.3213 0.0001 0.0017 0.0009 354.2002 387.3726 -16.2093 139.6124 0.0000
2380.03 16.07.2018 20.40.01 29.04864 291.3423 -110.1955 -0.3131 -0.3131 0.0000 0.0003 0.0002 355.0448 386.0198 -16.1986 139.6197 0.0000
2390.03 16.07.2018 20.50.01 29.00298 291.1880 -107.9832 -0.3068 -0.3068 0.0000 0.0001 0.0000 356.0190 384.9121 -15.7547 139.6269 0.0000
2400.03 16.07.2018 21.00.01 28.95828 291.0403 -105.7728 -0.3005 -0.3005 0.0000 0.0000 0.0000 357.0075 383.9388 -15.5713 139.6341 0.0000
2410.03 16.07.2018 21.10.01 28.91433 291.3452 -104.1702 -0.2959 -0.2959 0.0000 0.0000 0.0000 357.1213 383.4869 -12.8626 139.6413 0.0000
2420.03 16.07.2018 21.20.01 28.87039 291.7387 -103.9389 -0.2953 -0.2953 0.0000 0.0000 0.0000 357.3582 383.1651 -10.1290 139.6486 0.0000
2430.03 16.07.2018 21.30.01 28.82644 292.1553 -104.1856 -0.2960 -0.2960 0.0000 0.0000 0.0000 357.6990 382.9642 -7.5291 139.6558 0.0000
2440.03 16.07.2018 21.40.01 28.78250 292.6051 -104.1776 -0.2960 -0.2960 0.0000 0.0000 0.0000 358.1497 382.9374 -4.8675 139.6630 0.0000
2450.03 16.07.2018 21.50.01 28.73867 293.0764 -103.8499 -0.2950 -0.2950 0.0000 0.0000 0.0000 358.6829 383.1082 -2.0577 139.6702 0.0000
2460.03 16.07.2018 22.00.01 28.69549 293.5399 -103.6821 -0.2946 -0.2946 0.0000 0.0000 0.0000 359.2667 383.4524 0.7665 139.6783 0.0000
2470.03 16.07.2018 22.10.01 28.65246 293.0705 -102.7483 -0.2919 -0.2919 0.0000 0.0000 0.0000 358.6463 383.1651 -2.1217 139.6858 0.0000
2480.03 16.07.2018 22.20.01 28.60943 292.9883 -102.1202 -0.2901 -0.2901 0.0000 0.0000 0.0000 359.2401 382.7070 -3.3681 139.6930 0.0000
2490.03 16.07.2018 22.30.01 28.56561 292.6206 -107.9813 -0.3068 -0.3068 0.0000 0.0000 0.0000 359.1202 381.8233 -5.8431 139.7032 0.0000
2500.03 16.07.2018 22.40.01 28.51873 292.2530 -114.9806 -0.3266 -0.3266 0.0000 0.0000 0.0000 358.7050 381.5094 -6.2848 139.7132 0.0000
2510.03 16.07.2018 22.50.01 28.47033 291.9968 -114.5008 -0.3253 -0.3253 0.0000 0.0000 0.0000 358.3409 381.1562 -6.1730 139.7191 0.0000
2520.03 16.07.2018 23.00.01 28.42288 291.8708 -112.9077 -0.3208 -0.3208 0.0000 0.0000 0.0000 358.7170 380.3613 -8.2539 139.7261 0.0000
2530.03 16.07.2018 23.10.01 28.37454 291.7588 -117.6137 -0.3341 -0.3341 0.0000 0.0000 0.0000 358.4877 379.8674 -8.3273 139.7333 0.0000
2540.03 16.07.2018 23.20.01 28.32452 291.6393 -120.5097 -0.3424 -0.3424 0.0000 0.0000 0.0000 358.3390 379.3734 -8.5058 139.7405 0.0000
2550.03 16.07.2018 23.30.01 28.27361 291.5206 -121.6010 -0.3455 -0.3455 0.0000 0.0000 0.0000 358.2215 378.8842 -8.7108 139.7478 0.0000
2560.03 16.07.2018 23.40.01 28.22234 291.4027 -121.7474 -0.3459 -0.3459 0.0000 0.0000 0.0000 358.1236 378.4138 -8.8715 139.7550 0.0000
2570.03 16.07.2018 23.50.01 28.17108 291.2865 -121.3641 -0.3448 -0.3448 0.0000 0.0000 0.0000 358.0403 377.9502 -9.0474 139.7622 0.0000
2580.03 17.07.2018 00.00.01 28.12029 291.1716 -121.3147 -0.3446 -0.3446 0.0000 0.0000 0.0000 357.9646 377.4916 -9.2324 139.7694 0.0000
2590.03 17.07.2018 00.10.01 28.06988 291.1883 -120.8421 -0.3433 -0.3433 0.0000 0.0000 0.0000 357.7272 377.1699 -8.5566 139.7767 0.0000
2600.03 17.07.2018 00.20.01 28.01977 291.1986 -118.5789 -0.3369 -0.3369 0.0000 0.0000 0.0000 357.4785 376.8564 -7.9963 139.7836 0.0000
2610.03 17.07.2018 00.30.01 27.97067 291.2221 -116.1285 -0.3299 -0.3299 0.0000 0.0000 0.0000 357.2191 376.5568 -7.4444 139.7858 0.0000
2620.03 17.07.2018 00.40.01 27.92263 291.2504 -113.5767 -0.3227 -0.3227 0.0000 0.0000 0.0000 356.8304 376.2824 -6.8144 139.7859 0.0000
2630.03 17.07.2018 00.50.01 27.87567 291.3386 -111.0380 -0.3154 -0.3154 0.0000 0.0000 0.0000 356.7844 376.0010 -6.4061 139.7859 0.0000
2640.03 17.07.2018 01.00.01 27.82900 291.3961 -110.8465 -0.3149 -0.3149 0.0000 0.0000 0.0000 356.7269 375.7791 -6.0634 139.7877 0.0000
2650.03 17.07.2018 01.10.01 27.78204 291.3694 -113.5453 -0.3226 -0.3226 0.0000 0.0000 0.0000 356.1713 375.6961 -5.2670 139.7940 0.0000
2660.03 17.07.2018 01.20.01 27.73370 291.2861 -117.3934 -0.3335 -0.3335 0.0000 0.0000 0.0000 355.5249 375.5029 -5.1514 139.8012 0.0000
2670.03 17.07.2018 01.30.01 27.68371 291.1615 -120.9164 -0.3435 -0.3435 0.0000 0.0000 0.0000 354.5639 374.9376 -5.8370 139.8084 0.0000
2680.03 17.07.2018 01.40.01 27.63253 291.0397 -121.9291 -0.3464 -0.3464 0.0000 0.0000 0.0000 353.4535 374.7433 -4.5860 139.8129 0.0000
2690.03 17.07.2018 01.50.01 27.58236 291.2404 -117.8375 -0.3348 -0.3348 0.0000 0.0000 0.0000 352.9874 374.4230 -3.9983 139.8131 0.0000
2700.03 17.07.2018 02.00.01 27.53274 291.1472 -120.1874 -0.3414 -0.3415 0.0000 0.0006 0.0003 352.1659 373.7136 -4.9990 139.8201 0.0000
2710.03 17.07.2018 02.10.01 27.48101 290.7773 -123.9007 -0.3520 -0.3588 0.0091 0.3565 0.1857 349.3370 372.8882 -5.9438 139.8273 0.0000
2720.03 17.07.2018 02.20.01 27.42803 290.4265 -125.2756 -0.3559 -0.3713 0.0205 0.7637 0.3982 346.5044 371.8366 -6.6180 139.8345 0.0000
2730.03 17.07.2018 02.30.01 27.37469 290.0690 -125.4383 -0.3564 -0.3806 0.0323 1.1791 0.6150 343.5321 370.6927 -7.3700 139.8418 0.0000
2740.03 17.07.2018 02.40.01 27.32125 289.6951 -125.4134 -0.3563 -0.3894 0.0442 1.5961 0.8325 340.5452 369.6512 -7.1841 139.8458 0.0000
2750.03 17.07.2018 02.50.01 27.26824 289.2986 -124.5494 -0.3538 -0.3959 0.0561 2.0134 1.0503 337.4339 368.4343 -7.2244 139.8458 0.0000
2760.03 17.07.2018 03.00.01 27.21560 289.0008 -122.7067 -0.3486 -0.3996 0.0681 2.4345 1.2699 334.5501 367.0475 -7.7478 139.8458 0.0000
2770.03 17.07.2018 03.10.01 27.16329 288.9843 -109.5156 -0.3111 -0.4143 0.1376 5.0978 2.6579 334.2841 366.3101 -7.0799 139.8458 0.0000
2780.03 17.07.2018 03.20.01 27.11440 288.9709 -100.8347 -0.2865 -0.4525 0.2214 8.0853 4.2168 334.2868 365.8087 -6.8485 139.8458 0.0000
2790.03 17.07.2018 03.30.01 27.06799 288.9794 -96.4848 -0.2741 -0.5049 0.3077 11.1244 5.8024 334.3756 365.4462 -6.7183 139.8494 0.0000
2800.03 17.07.2018 03.40.01 27.02288 288.9774 -94.1245 -0.2674 -0.5633 0.3945 14.1734 7.3932 334.5032 365.2071 -6.6136 139.8566 0.0000
2810.03 17.07.2018 03.50.01 26.97860 288.9798 -92.1044 -0.2617 -0.6227 0.4814 17.2242 8.9849 334.6245 365.0700 -6.6171 139.8638 0.0000
2820.03 17.07.2018 04.00.01 26.93511 288.9801 -90.3675 -0.2567 -0.6829 0.5683 20.2768 10.5776 334.7528 365.0097 -6.7296 139.8722 0.0000
2830.03 17.07.2018 04.10.01 26.89242 289.3392 -81.6428 -0.2319 -0.7414 0.6793 24.2691 12.6599 335.1082 365.4941 -4.7492 139.8866 0.0000
2840.03 17.07.2018 04.20.01 26.85305 289.7030 -72.6911 -0.2065 -0.8037 0.7963 28.3972 14.8138 335.5876 366.1696 -2.9646 139.9018 0.0000
2850.03 17.07.2018 04.30.01 26.81707 290.0714 -65.0818 -0.1849 -0.8707 0.9144 32.5468 16.9788 336.1259 367.0003 -1.3349 139.9317 0.0000
2860.03 17.07.2018 04.40.01 26.78411 290.4419 -58.5451 -0.1663 -0.9408 1.0326 36.7007 19.1461 336.7065 367.9815 0.1769 139.9663 0.0000
2870.03 17.07.2018 04.50.01 26.75372 290.8202 -52.5100 -0.1492 -1.0124 1.1509 73.5244 39.5169 337.3245 371.9830 -1.4189 140.0059 0.0000
2880.03 17.07.2018 05.00.01 26.72579 291.2222 -35.4685 -0.1008 -1.0859 1.3135 85.2230 45.8569 338.1846 374.6222 -1.8302 140.0520 0.0000
2890.03 17.07.2018 05.10.01 26.70333 291.5985 -43.6217 -0.1239 -1.1770 1.4041 354.1530 195.7701 339.4226 402.1159 -24.4821 140.1054 0.0000
2900.03 17.07.2018 05.20.01 26.67986 292.1080 49.3709 0.1403 -1.2473 1.8501 630.8848 349.7361 342.5431 438.4150 -56.6324 140.1637 0.0000
2910.03 17.07.2018 05.30.01 26.68496 292.5748 124.2920 0.3531 -1.4419 2.3933 910.0795 505.0449 346.8191 481.1904 -96.3325 140.2442 0.0000
2920.03 17.07.2018 05.40.01 26.71432 293.1178 192.5376 0.5470 -1.7230 3.0266 889.8194 493.1258 352.2121 494.3323 -113.8714 140.3526 0.0000
2930.03 17.07.2018 05.50.01 26.76562 293.5769 105.7153 0.3003 -2.0696 3.1599 859.4062 475.9935 355.1071 502.3388 -123.8868 140.4957 0.0000
2940.03 17.07.2018 06.00.01 26.79446 293.9120 54.9940 0.1562 -2.2496 3.2078 826.2710 457.3655 357.0866 508.0239 -129.7360 140.6447 0.0000
2950.03 17.07.2018 06.10.01 26.81118 294.1533 45.6495 0.1297 -2.3196 3.2658 803.8346 444.7295 358.7784 513.3083 -134.1419 140.7977 0.0000
2960.03 17.07.2018 06.20.01 26.82830 294.4036 58.4270 0.1660 -2.3389 3.3398 779.8726 431.1528 360.4392 516.8376 -136.9149 140.9616 0.0000
2970.03 17.07.2018 06.30.01 26.85247 294.6534 73.1732 0.2079 -2.3345 3.3899 754.9481 417.0367 361.8858 518.9057 -138.2159 141.1371 0.0000
2980.03 17.07.2018 06.40.01 26.88476 294.8885 106.9374 0.3038 -2.3082 3.4826 738.9957 407.8597 363.4570 520.9054 -139.5011 141.3194 0.0000
2990.03 17.07.2018 06.50.01 26.93066 295.1203 131.9436 0.3748 -2.2869 3.5490 723.9590 399.2796 364.8536 522.3190 -140.6155 141.5110 0.0000
3000.03 17.07.2018 07.00.01 26.98763 295.3430 162.4174 0.4614 -2.2590 3.6272 708.9358 390.6847 366.2143 523.0536 -141.1256 141.7135 0.0000
3010.03 17.07.2018 07.10.01 27.05700 295.5566 177.2755 0.5036 -2.2354 3.6520 700.4435 385.7788 367.2151 523.2836 -145.8879 141.9295 0.0000
3020.03 17.07.2018 07.20.01 27.13397 295.7487 204.4723 0.5809 -2.1963 3.7029 691.9433 380.8228 368.2615 523.3962 -148.1151 142.1553 0.0000
3030.03 17.07.2018 07.30.01 27.22173 295.9551 223.7538 0.6357 -2.1643 3.7333 659.2164 363.6967 369.1675 522.2311 -150.0487 142.3942 0.0000
3040.03 17.07.2018 07.40.01 27.31783 296.1529 257.0366 0.7302 -2.1317 3.8159 651.9765 359.3573 370.3538 521.1448 -149.6586 142.6464 0.0000
3050.03 17.07.2018 07.50.01 27.42590 296.3517 270.7314 0.7691 -2.1230 3.8562 632.0244 348.6170 371.2928 519.7388 -149.0239 142.9156 0.0000
3060.03 17.07.2018 08.00.01 27.53982 296.5406 280.9461 0.7981 -2.1123 3.8806 622.5958 343.0581 372.1207 517.7533 -148.5900 143.2013 0.0000
3070.03 17.07.2018 08.10.01 27.65826 296.7097 281.3683 0.7993 -2.0997 3.8654 616.0677 339.1715 373.3830 516.1922 -148.8026 143.5607 0.0000
3080.03 17.07.2018 08.20.01 27.77798 296.8427 282.0833 0.8014 -2.0744 3.8343 608.6398 334.7715 374.0952 514.3494 -150.1165 143.9266 0.0000
3090.03 17.07.2018 08.30.01 27.89877 296.9675 291.5883 0.8284 -2.0405 3.8252 589.5473 324.4872 374.9021 512.1517 -151.0813 144.2990 0.0000
3100.03 17.07.2018 08.40.01 28.02288 297.0789 288.4384 0.8194 -2.0144 3.7785 580.9903 319.4294 375.4659 510.0805 -148.3215 144.6801 0.0000
3110.03 17.07.2018 08.50.01 28.14645 297.2089 291.7489 0.8288 -1.9800 3.7451 572.1410 314.1723 376.0631 507.8937 -147.9028 145.0653 0.0000
3120.03 17.07.2018 09.00.01 28.27117 297.3202 298.6352 0.8484 -1.9494 3.7305 562.7333 308.5445 376.8327 505.5968 -147.6419 145.4554 0.0000
3130.03 17.07.2018 09.10.01 28.39858 297.3008 396.9831 1.1278 -1.9301 4.0772 531.8172 290.5667 378.1034 499.7438 -146.1793 145.8403 0.0000
3140.03 17.07.2018 09.20.01 28.55453 297.3367 439.2608 1.2479 -2.0611 4.4120 501.9484 273.2411 379.5182 495.1503 -138.7225 146.2055 0.0000
3150.03 17.07.2018 09.30.01 28.72289 297.3892 455.1472 1.2930 -2.2555 4.7313 472.7513 256.3348 380.9704 491.5343 -130.1539 146.5434 0.0000
3160.03 17.07.2018 09.40.01 28.89596 297.5080 461.3293 1.3106 -2.4731 5.0449 450.5312 243.3401 382.9503 487.9055 -124.4539 146.8802 0.0000
3170.03 17.07.2018 09.50.01 29.07092 297.4147 474.7270 1.3487 -2.7025 5.4016 430.7265 231.7324 383.0120 485.0528 -116.8442 147.2128 0.0000
3180.03 17.07.2018 10.00.01 29.24908 297.3882 462.6069 1.3142 -2.9590 5.6977 410.5110 219.9697 383.6053 482.6332 -110.9455 147.6120 0.0000
3190.03 17.07.2018 10.10.01 29.42260 297.4828 380.8527 1.0820 -3.2050 5.7159 395.0513 211.1757 384.1702 480.4723 -106.2381 148.0301 0.0000
3200.03 17.07.2018 10.20.01 29.57128 297.5402 327.8689 0.9314 -3.3374 5.6918 376.0824 200.3405 384.4862 477.3714 -102.4101 148.4482 0.0000
3210.03 17.07.2018 10.30.01 29.70312 297.5940 279.1172 0.7929 -3.4053 5.5977 359.1282 190.8284 384.4031 474.5578 -98.8285 148.8657 0.0000
3220.03 17.07.2018 10.40.01 29.81927 297.6615 271.3692 0.7709 -3.4185 5.5859 331.6337 175.3580 384.5349 470.6077 -94.0215 149.2804 0.0000
3230.03 17.07.2018 10.50.01 29.93185 297.7076 251.6571 0.7149 -3.4372 5.5362 319.2751 168.4273 384.5716 468.0254 -90.3474 150.0973 0.0000
3240.03 17.07.2018 11.00.01 30.03661 297.7636 234.9674 0.6675 -3.4463 5.4851 307.2091 161.6722 384.5971 465.6638 -87.0172 150.9116 0.0000
3250.03 17.07.2018 11.10.01 30.13513 297.8852 235.4194 0.6688 -3.4524 5.4949 306.9352 161.1747 384.9677 464.3856 -84.1769 151.7225 0.0000
3260.03 17.07.2018 11.20.01 30.23220 298.0258 243.1025 0.6906 -3.4790 5.5595 307.4654 161.0686 385.7222 463.5861 -82.0439 152.5631 0.0000
3270.03 17.07.2018 11.30.01 30.33004 298.1607 241.4032 0.6858 -3.5342 5.6267 307.6665 160.7609 386.5724 462.9131 -80.5544 153.4025 0.0000
3280.03 17.07.2018 11.40.01 30.42620 298.3360 248.5727 0.7062 -3.6038 5.7467 305.6422 159.0235 387.9331 461.9106 -79.4530 154.2399 0.0000
3290.03 17.07.2018 11.50.01 30.52313 298.5396 234.7728 0.6670 -3.6983 5.8204 305.0971 158.2468 389.2984 461.3367 -78.8301 155.1507 0.0000
3300.03 17.07.2018 12.00.01 30.61486 298.8176 217.0230 0.6165 -3.7858 5.8699 305.2785 157.9440 391.2644 461.0744 -78.3159 156.0932 0.0000
3310.03 17.07.2018 12.10.01 30.70040 298.9058 247.8474 0.7041 -3.8638 6.0906 299.6214 154.8350 393.1123 461.4030 -77.4175 157.2100 0.0000
3320.03 17.07.2018 12.20.01 30.79415 298.8771 301.1470 0.8555 -4.0042 6.4797 293.0088 151.1464 393.7385 461.3255 -76.7158 158.4080 0.0000
3330.03 17.07.2018 12.30.01 30.90292 298.8309 372.4590 1.0581 -4.2413 7.0659 288.4957 148.5700 393.8552 461.3428 -75.8606 159.5860 0.0000
3340.03 17.07.2018 12.40.01 31.03155 298.7777 373.8073 1.0620 -4.5946 7.5421 284.8223 146.4560 393.8797 461.2106 -74.9553 160.7428 0.0000
3350.03 17.07.2018 12.50.01 31.15963 298.7220 339.4053 0.9642 -4.9570 7.8949 281.1936 144.4098 393.7402 460.9574 -73.8848 161.8767 0.0000
3360.03 17.07.2018 13.00.01 31.27676 298.6740 305.5427 0.8680 -5.2758 8.1918 278.9345 143.1766 393.7723 460.8459 -72.9500 162.9928 0.0000
3370.03 17.07.2018 13.10.01 31.38293 298.5180 272.6265 0.7745 -5.5534 8.4372 276.0115 141.2440 392.4527 459.9372 -72.9035 164.1286 0.0000
3380.03 17.07.2018 13.20.01 31.47848 298.3875 259.9036 0.7384 -5.7944 8.7104 273.9901 139.7955 391.2956 458.9517 -72.9437 165.3064 0.0000
3390.03 17.07.2018 13.30.01 31.56930 298.2749 259.7460 0.7379 -6.0290 9.0226 272.9149 138.8478 390.3101 457.9968 -73.0151 166.5159 0.0000
3400.03 17.07.2018 13.40.01 31.65920 298.1596 257.6885 0.7321 -6.2745 9.3421 271.9743 137.9375 389.2928 456.9701 -72.9927 167.7669 0.0000
3410.03 17.07.2018 13.50.01 31.74777 298.0397 258.0606 0.7331 -6.5254 9.6781 275.3191 139.1748 388.2719 456.0309 -73.3548 169.0582 0.0000
3420.03 17.07.2018 14.00.01 31.83578 297.9118 249.5823 0.7090 -6.7849 9.9919 274.2415 138.1740 387.1619 455.0023 -73.8252 170.4022 0.0000
3430.03 17.07.2018 14.10.01 31.92120 297.8388 303.8801 0.8633 -7.0391 10.5366 275.5767 138.0970 385.4838 453.6096 -74.2678 171.7521 0.0000
3440.03 17.07.2018 14.20.01 32.02242 297.7685 347.6477 0.9876 -7.3793 11.1560 278.0037 138.5559 383.7919 452.2272 -74.8706 173.0989 0.0000
3450.03 17.07.2018 14.30.01 32.13656 297.6949 381.9359 1.0850 -7.7878 11.8304 280.9484 139.2387 382.1009 450.9189 -75.3518 174.4582 0.0000
3460.03 17.07.2018 14.40.01 32.26110 297.6189 421.4394 1.1973 -8.2485 12.5943 284.8584 140.3024 380.3626 449.6424 -75.7518 175.8361 0.0000
3470.03 17.07.2018 14.50.01 32.39764 297.5682 462.9315 1.3151 -8.7678 13.4439 290.0957 142.0362 378.7932 448.6527 -75.9999 177.2337 0.0000
3480.03 17.07.2018 15.00.01 32.54659 297.5137 484.7561 1.3771 -9.3463 14.2979 295.0234 143.5792 377.2709 447.7746 -76.1321 178.6566 0.0000
3490.03 17.07.2018 15.10.01 32.70086 297.3686 282.9526 0.8038 -9.9427 14.3288 313.1343 152.4228 375.9070 447.8775 -75.4874 179.3971 0.0000
3500.03 17.07.2018 15.20.01 32.79458 297.1512 169.1968 0.4807 -10.2423 14.2974 306.1315 148.7451 374.1638 447.5976 -77.1710 180.1303 0.0000
3510.03 17.07.2018 15.30.01 32.85400 296.9228 94.5682 0.2687 -10.3811 14.1997 296.2551 143.6618 372.2670 446.6742 -77.4655 180.8554 0.0000
3520.03 17.07.2018 15.40.01 32.89013 296.6817 25.0959 0.0713 -10.4216 13.9905 282.3183 136.5576 370.1627 445.2070 -76.9034 181.5539 0.0000
3530.03 17.07.2018 15.50.01 32.90453 296.4135 -19.9236 -0.0566 -10.3736 13.7560 270.9166 130.7890 367.9211 443.4209 -76.2685 182.2071 0.0000
3540.03 17.07.2018 16.00.01 32.90423 296.2029 -57.4289 -0.1632 -10.2747 13.4820 259.5077 125.0624 365.9132 441.4922 -74.9924 182.8281 0.0000
3550.03 17.07.2018 16.10.01 32.89147 295.8975 -81.5277 -0.2316 -10.1367 13.2067 250.7441 120.6535 363.6205 439.2025 -74.6410 183.4218 0.0000
3560.03 17.07.2018 16.20.01 32.87017 295.6124 -101.7531 -0.2891 -9.9803 12.9217 242.4010 116.5009 361.5315 436.9804 -73.3976 184.0020 0.0000
3570.03 17.07.2018 16.30.01 32.84139 295.3164 -124.1982 -0.3528 -9.8099 12.6095 234.0631 112.3848 359.4878 434.6816 -72.3555 184.5650 0.0000
3580.03 17.07.2018 16.40.01 32.80453 295.0374 -172.2831 -0.4894 -9.6218 12.1765 213.1185 102.0397 357.4948 432.1155 -70.1000 185.1070 0.0000
3590.03 17.07.2018 16.50.01 32.75213 294.7171 -213.3189 -0.6060 -9.3762 11.6936 203.0988 97.1783 355.0988 429.1893 -67.8221 185.5573 0.0000
3600.03 17.07.2018 17.00.01 32.68630 294.4478 -249.3166 -0.7083 -9.0847 11.1686 192.8493 92.2241 353.0632 426.4062 -65.4679 185.9902 0.0000
3610.03 17.07.2018 17.10.01 32.60836 294.1479 -301.5674 -0.8567 -8.7557 10.5319 180.5870 86.3089 351.2611 423.5306 -63.1661 186.4069 0.0000
3620.03 17.07.2018 17.20.01 32.50619 293.8542 -1413.5706 -4.0158 -8.3650 5.7989 156.3013 76.8870 349.4219 420.4448 -60.1948 186.8041 0.0000
3630.03 17.07.2018 17.30.01 32.08389 293.5462 -813.7939 -2.3119 -6.3310 5.3588 143.9153 70.7604 347.4299 417.1914 -57.0755 187.1457 0.0000
3640.03 17.07.2018 17.40.01 31.83172 293.2644 -580.5779 -1.6494 -5.2585 4.8122 128.3640 63.0632 345.6381 413.9248 -53.6286 187.4680 0.0000
3650.03 17.07.2018 17.50.01 31.64578 292.9823 -484.7897 -1.3772 -4.5615 4.2457 113.1050 55.5733 343.7993 410.6348 -50.1149 187.7557 0.0000
3660.03 17.07.2018 18.00.01 31.48663 292.7003 -447.6930 -1.2719 -4.0224 3.6673 97.7629 48.0514 341.9586 407.2951 -46.5577 188.0160 0.0000
3670.03 17.07.2018 18.10.01 31.33782 292.3837 -397.1759 -1.1283 -3.5488 3.2273 80.6201 39.5657 340.6336 404.0304 -41.6773 188.2432 0.0000
3680.03 17.07.2018 18.20.01 31.20336 292.0650 -373.9875 -1.0625 -3.1568 2.7924 69.8336 34.2679 339.3047 400.8861 -37.2921 188.4013 0.0000
3690.03 17.07.2018 18.30.01 31.07543 291.7606 -362.1129 -1.0287 -2.8034 2.3662 59.2442 29.0727 338.0972 397.9670 -33.3647 188.5351 0.0000
3700.03 17.07.2018 18.40.01 30.95034 291.4605 -403.4009 -1.1460 -2.4715 1.7672 44.7220 22.0208 336.8978 395.0619 -29.6429 188.6462 0.0000
3710.03 17.07.2018 18.50.01 30.81274 291.1614 -426.9193 -1.2128 -2.0816 1.1583 29.9350 14.8296 335.6020 392.0516 -26.0790 188.7330 0.0000
3720.03 17.07.2018 19.00.01 30.66772 290.8716 -438.2650 -1.2451 -1.6634 0.5578 15.2268 7.6739 334.2659 388.9932 -22.7370 188.7833 0.0000
3730.03 17.07.2018 19.10.01 30.51956 290.4881 -320.6536 -0.9109 -1.2381 0.4362 12.1627 6.1052 332.7551 386.0419 -21.3470 188.8123 0.0000
3740.03 17.07.2018 19.20.01 30.40463 290.1184 -305.9144 -0.8691 -1.0004 0.1751 9.5681 4.9056 331.4093 383.4131 -20.3159 188.8325 0.0000
3750.03 17.07.2018 19.30.01 30.29388 289.7516 -242.6639 -0.6894 -0.7906 0.1350 7.7574 3.9713 330.1219 380.9310 -19.4536 188.8504 0.0000
3760.03 17.07.2018 19.40.01 30.20126 289.3860 -214.4102 -0.6091 -0.6816 0.0967 5.3031 2.7158 328.8598 378.5589 -18.7015 188.8681 0.0000
3770.03 17.07.2018 19.50.01 30.11669 289.0169 -202.6264 -0.5756 -0.6179 0.0564 2.8193 1.4455 327.5981 376.2520 -18.0684 188.8822 0.0000
3780.03 17.07.2018 20.00.01 30.03542 288.6496 -198.0480 -0.5626 -0.5747 0.0160 0.3431 0.1790 326.3395 374.0151 -17.4936 188.8856 0.0000
3790.03 17.07.2018 20.10.01 29.95538 288.3250 -189.5640 -0.5385 -0.5407 0.0029 0.0617 0.0322 325.1932 371.9451 -16.7447 188.8856 0.0000
3800.03 17.07.2018 20.20.01 29.87765 287.9648 -183.1635 -0.5204 -0.5207 0.0005 0.0111 0.0058 324.1277 370.0046 -16.3890 188.8856 0.0000
3810.03 17.07.2018 20.30.01 29.80172 287.5847 -180.1437 -0.5118 -0.5118 0.0001 0.0020 0.0010 323.0979 368.1570 -16.2031 188.8856 0.0000
3820.03 17.07.2018 20.40.01 29.72665 287.1799 -179.4257 -0.5097 -0.5097 0.0000 0.0004 0.0002 322.0623 366.3902 -16.2003 188.8856 0.0000
3830.03 17.07.2018 20.50.01 29.65157 286.7926 -179.6918 -0.5105 -0.5105 0.0000 0.0001 0.0000 321.0562 364.7116 -16.2254 188.8856 0.0000
3840.03 17.07.2018 21.00.01 29.57617 286.4526 -180.4012 -0.5125 -0.5125 0.0000 0.0000 0.0000 320.1325 363.1921 -16.0176 188.8856 0.0000
3850.03 17.07.2018 21.10.01 29.50021 286.4678 -180.9983 -0.5142 -0.5142 0.0000 0.0000 0.0000 319.7035 361.9575 -14.9023 188.8856 0.0000
3860.03 17.07.2018 21.20.01 29.42422 286.6967 -181.9714 -0.5170 -0.5170 0.0000 0.0000 0.0000 319.5605 360.9645 -13.4596 188.8856 0.0000
3870.03 17.07.2018 21.30.01 29.34765 286.8382 -183.0033 -0.5199 -0.5199 0.0000 0.0000 0.0000 319.4700 360.0417 -12.5586 188.8856 0.0000
3880.03 17.07.2018 21.40.01 29.27065 285.8057 -184.9385 -0.5254 -0.5254 0.0000 0.0000 0.0000 318.5016 358.4872 -15.0114 188.8856 0.0000
3890.03 17.07.2018 21.50.01 29.19250 285.6234 -188.0972 -0.5344 -0.5344 0.0000 0.0000 0.0000 318.1041 357.3333 -15.2621 188.8856 0.0000
3900.03 17.07.2018 22.00.01 29.11300 285.4309 -191.4661 -0.5439 -0.5439 0.0000 0.0000 0.0000 317.7416 356.2022 -15.6919 188.8856 0.0000
3910.03 17.07.2018 22.10.01 29.03207 285.2753 -194.5478 -0.5527 -0.5527 0.0000 0.0000 0.0000 317.3556 355.1646 -15.6674 188.8856 0.0000
3920.03 17.07.2018 22.20.01 28.94998 285.1093 -196.9270 -0.5595 -0.5595 0.0000 0.0000 0.0000 316.9521 354.1373 -15.7085 188.8856 0.0000
3930.03 17.07.2018 22.30.01 28.86697 284.9506 -198.8079 -0.5648 -0.5648 0.0000 0.0000 0.0000 316.5382 353.1452 -15.7325 188.8855 0.0000
3940.03 17.07.2018 22.40.01 28.78326 284.8193 -200.4405 -0.5694 -0.5694 0.0000 0.0000 0.0000 316.1304 352.2032 -15.6687 188.8829 0.0000
3950.03 17.07.2018 22.50.01 28.69903 284.6955 -201.8514 -0.5734 -0.5734 0.0000 0.0000 0.0000 315.7287 351.3038 -15.5816 188.8795 0.0000
3960.03 17.07.2018 23.00.01 28.61407 284.5777 -202.6027 -0.5756 -0.5756 0.0000 0.0000 0.0000 315.3303 350.4433 -15.4772 188.8753 0.0000
3970.03 17.07.2018 23.10.01 28.52892 284.4646 -203.4388 -0.5780 -0.5780 0.0000 0.0000 0.0000 314.8591 349.6545 -15.1765 188.8705 0.0000
3980.03 17.07.2018 23.20.01 28.44375 284.0616 -204.1070 -0.5798 -0.5798 0.0000 0.0000 0.0000 314.2592 348.7522 -15.5438 188.8649 0.0000
3990.03 17.07.2018 23.30.01 28.35830 283.9381 -204.4172 -0.5807 -0.5807 0.0000 0.0000 0.0000 313.7479 347.9663 -15.3402 188.8574 0.0000
4000.03 17.07.2018 23.40.01 28.27303 283.8092 -204.0679 -0.5797 -0.5797 0.0000 0.0000 0.0000 313.2656 347.2567 -14.8498 188.8468 0.0000
4010.03 17.07.2018 23.50.01 28.18798 283.6789 -202.0361 -0.5740 -0.5740 0.0000 0.0000 0.0000 312.8123 346.5647 -14.4376 188.8345 0.0000
4020.03 18.07.2018 00.00.01 28.10385 283.5550 -199.8573 -0.5678 -0.5678 0.0000 0.0000 0.0000 312.3781 345.8938 -14.0876 188.8221 0.0000
4030.03 18.07.2018 00.10.01 28.02053 283.5215 -198.3255 -0.5634 -0.5634 0.0000 0.0000 0.0000 312.0732 345.3137 -13.6781 188.8097 0.0000
4040.03 18.07.2018 00.20.01 27.93725 283.4902 -198.8001 -0.5648 -0.5648 0.0000 0.0000 0.0000 311.7292 344.7577 -13.3760 188.7973 0.0000
4050.03 18.07.2018 00.30.01 27.85354 283.4507 -200.7634 -0.5704 -0.5703 0.0000 0.0000 0.0000 311.4725 344.2217 -13.1831 188.7830 0.0000
4060.03 18.07.2018 00.40.01 27.76901 283.3792 -202.3146 -0.5748 -0.5748 0.0000 0.0000 0.0000 311.2029 343.7522 -12.6330 188.7678 0.0000
4070.03 18.07.2018 00.50.01 27.68417 283.2980 -202.2064 -0.5745 -0.5744 0.0000 0.0000 0.0000 310.8893 343.2563 -12.2255 188.7513 0.0000
4080.03 18.07.2018 01.00.01 27.59988 283.2464 -201.9086 -0.5736 -0.5736 0.0000 0.0000 0.0000 310.5887 342.7803 -11.7829 188.7347 0.0000
4090.03 18.07.2018 01.10.01 27.51565 283.1441 -201.3873 -0.5721 -0.5721 0.0000 0.0000 0.0000 310.2629 342.2252 -12.0702 188.7164 0.0000
4100.03 18.07.2018 01.20.01 27.43121 283.0550 -202.3720 -0.5749 -0.5749 0.0000 0.0000 0.0000 309.9190 341.6600 -12.3130 188.6978 0.0000
4110.03 18.07.2018 01.30.01 27.34606 282.9601 -203.9727 -0.5795 -0.5795 0.0000 0.0000 0.0000 309.5476 341.0791 -12.5393 188.6789 0.0000
4120.03 18.07.2018 01.40.01 27.26016 282.8777 -205.4848 -0.5838 -0.5838 0.0000 0.0000 0.0000 309.1677 340.5109 -12.6366 188.6597 0.0000
4130.03 18.07.2018 01.50.01 27.17370 282.7919 -206.8643 -0.5877 -0.5877 0.0000 0.0000 0.0000 308.7698 339.9296 -12.7618 188.6397 0.0000
4140.03 18.07.2018 02.00.01 27.08672 282.7027 -208.0285 -0.5910 -0.5910 0.0000 0.0004 0.0002 308.3541 339.3396 -12.8978 188.6192 0.0000
4150.03 18.07.2018 02.10.01 26.99954 282.7748 -207.0932 -0.5883 -0.5931 0.0063 0.2456 0.1279 308.1983 338.9372 -12.1374 188.5960 0.0000
4160.03 18.07.2018 02.20.01 26.91259 282.8533 -204.8346 -0.5819 -0.5925 0.0142 0.5261 0.2743 308.1008 338.6120 -11.3835 188.5726 0.0000
4170.03 18.07.2018 02.30.01 26.82656 282.9324 -202.5266 -0.5754 -0.5921 0.0223 0.8123 0.4236 308.0292 338.3409 -10.6652 188.5466 0.0000
4180.03 18.07.2018 02.40.01 26.74145 283.0112 -200.3443 -0.5692 -0.5920 0.0305 1.0996 0.5735 307.9759 338.1177 -9.9599 188.5170 0.0000
4190.03 18.07.2018 02.50.01 26.65725 283.0922 -198.1745 -0.5630 -0.5920 0.0386 1.3870 0.7235 307.9378 337.9389 -9.2784 188.4815 0.0000
4200.03 18.07.2018 03.00.01 26.57397 283.1743 -196.2141 -0.5574 -0.5926 0.0469 1.6781 0.8754 307.9128 337.7982 -8.6236 188.4438 0.0000
4210.03 18.07.2018 03.10.01 26.49169 283.5004 -179.3854 -0.5096 -0.5920 0.1099 4.1008 2.1379 308.3054 338.0976 -6.7363 188.4022 0.0000
4220.03 18.07.2018 03.20.01 26.41509 283.8367 -165.2161 -0.4694 -0.6092 0.1865 6.8318 3.5629 308.9011 338.5929 -5.0970 188.3559 0.0000
4230.03 18.07.2018 03.30.01 26.34341 284.1776 -154.9484 -0.4402 -0.6393 0.2654 9.6118 5.0133 309.5863 339.2193 -3.6507 188.3083 0.0000
4240.03 18.07.2018 03.40.01 26.27535 284.5215 -147.2761 -0.4184 -0.6770 0.3448 12.4012 6.4687 310.3202 339.9543 -2.3679 188.2605 0.0000
4250.03 18.07.2018 03.50.01 26.21020 284.8674 -140.9813 -0.4005 -0.7187 0.4243 15.1923 7.9250 311.0902 340.7814 -1.2276 188.2131 0.0000
4260.03 18.07.2018 04.00.01 26.14749 285.2105 -135.6885 -0.3855 -0.7633 0.5038 17.9841 9.3816 311.8697 341.6845 -0.2301 188.1655 0.0000
4270.03 18.07.2018 04.10.01 26.08688 285.5465 -129.3986 -0.3676 -0.8093 0.5889 20.9970 10.9534 313.0719 342.7070 0.4089 188.1212 0.0000
4280.03 18.07.2018 04.20.01 26.02865 285.8857 -123.6573 -0.3513 -0.8579 0.6755 24.0418 12.5420 314.3400 343.8126 0.9388 188.0834 0.0000
4290.03 18.07.2018 04.30.01 25.97268 286.2257 -118.6623 -0.3371 -0.9089 0.7623 27.0918 14.1333 315.6387 344.9830 1.3933 188.0536 0.0000
4300.03 18.07.2018 04.40.01 25.91873 286.5659 -113.9446 -0.3237 -0.9606 0.8492 30.1427 15.7251 316.9581 346.2114 1.7930 188.0299 0.0000
4310.03 18.07.2018 04.50.01 25.86672 286.9068 -109.3916 -0.3108 -1.0128 0.9361 93.2017 50.7536 318.2971 352.5287 -3.3636 188.0154 0.0000
4320.03 18.07.2018 05.00.01 25.81677 287.3074 -83.5165 -0.2373 -1.0653 1.1041 107.9992 58.8328 320.0339 356.2777 -5.0640 188.0035 0.0000
4330.03 18.07.2018 05.10.01 25.77490 287.7800 -87.2231 -0.2478 -1.1487 1.2013 458.0986 254.0241 321.8523 390.9609 -35.6594 188.0036 0.0000
4340.03 18.07.2018 05.20.01 25.73361 288.5670 37.4810 0.1065 -1.2171 1.7648 818.3792 454.5000 325.9748 438.7230 -74.2663 188.0149 0.0000
4350.03 18.07.2018 05.30.01 25.73040 289.4033 136.5985 0.3881 -1.4536 2.4555 1179.8526 655.5180 331.6976 496.8331 -120.2664 188.0443 0.0000
4360.03 18.07.2018 05.40.01 25.75915 290.2035 222.4276 0.6319 -1.8049 3.2490 1111.4324 616.6552 338.8670 513.2433 -131.6817 188.1173 0.0000
4370.03 18.07.2018 05.50.01 25.81567 290.8369 97.5118 0.2770 -2.2363 3.3511 1027.3163 569.5926 342.6230 520.4665 -136.6926 188.2257 0.0000
4380.03 18.07.2018 06.00.01 25.83947 291.2661 19.1869 0.0545 -2.4316 3.3148 939.3701 520.4524 344.8876 522.3192 -139.3874 188.3423 0.0000
4390.03 18.07.2018 06.10.01 25.84396 291.6139 2.4479 0.0070 -2.4646 3.2954 895.6148 495.9115 346.1965 524.8405 -143.7507 188.4686 0.0000
4400.03 18.07.2018 06.20.01 25.84738 291.9546 23.9298 0.0680 -2.4268 3.3264 853.9233 472.5219 347.5183 525.7058 -147.3504 188.6112 0.0000
4410.03 18.07.2018 06.30.01 25.86132 292.2761 58.1548 0.1652 -2.3701 3.3804 810.9423 448.3202 348.8790 524.5530 -149.4425 188.7701 0.0000
4420.03 18.07.2018 06.40.01 25.88986 292.5928 101.8698 0.2894 -2.3099 3.4658 785.0018 433.5601 350.3877 524.1485 -151.1774 188.9379 0.0000
4430.03 18.07.2018 06.50.01 25.93585 292.8986 137.0771 0.3894 -2.2601 3.5327 760.4904 419.6919 351.7737 523.2666 -152.4115 189.1175 0.0000
4440.03 18.07.2018 07.00.01 25.99667 293.2076 175.2914 0.4980 -2.2099 3.6105 735.8582 405.7294 353.1356 521.6756 -152.6839 189.3077 0.0000
4450.03 18.07.2018 07.10.01 26.07302 293.3763 234.6605 0.6666 -2.1694 3.7814 704.3730 387.8256 354.3330 517.9309 -152.2535 189.5083 0.0000
4460.03 18.07.2018 07.20.01 26.17037 293.5706 280.6767 0.7974 -2.1771 3.9660 673.0312 369.9838 355.5420 513.8088 -150.5361 189.7279 0.0000
4470.03 18.07.2018 07.30.01 26.28430 293.7632 308.9510 0.8777 -2.2167 4.1259 620.1883 341.3820 356.5932 508.9592 -146.6781 189.9795 0.0000
4480.03 18.07.2018 07.40.01 26.40933 293.9558 344.2733 0.9780 -2.2677 4.3276 600.4621 329.9176 357.8006 504.9355 -142.2032 190.2592 0.0000
4490.03 18.07.2018 07.50.01 26.54696 294.1562 364.7907 1.0363 -2.3458 4.5095 570.8983 313.5445 358.9014 501.2826 -137.7246 190.5653 0.0000
4500.03 18.07.2018 08.00.01 26.69238 294.3669 377.7776 1.0732 -2.4336 4.6758 550.8167 301.8837 359.9243 497.5806 -132.8955 190.9061 0.0000
4510.03 18.07.2018 08.10.01 26.84310 294.4776 407.1665 1.1567 -2.5265 4.9110 510.0966 278.6527 361.1956 491.9696 -126.0890 191.3350 0.0000
4520.03 18.07.2018 08.20.01 27.00311 294.5621 408.4487 1.1604 -2.6548 5.0869 469.0244 255.3098 361.8746 485.8283 -119.1368 191.7889 0.0000
4530.03 18.07.2018 08.30.01 27.16390 294.6479 409.3413 1.1629 -2.7810 5.2585 422.8144 229.4954 362.4617 479.3275 -112.0702 192.2699 0.0000
4540.03 18.07.2018 08.40.01 27.32495 294.7295 401.3638 1.1402 -2.9096 5.3998 393.7776 212.9122 362.8700 473.6210 -105.8223 192.7787 0.0000
4550.03 18.07.2018 08.50.01 27.48336 294.8199 404.7267 1.1498 -3.0313 5.5747 366.3923 197.2621 363.4293 468.2868 -100.2856 193.3078 0.0000
4560.03 18.07.2018 09.00.01 27.64211 294.9123 406.0266 1.1535 -3.1661 5.7595 340.1707 182.2894 364.0689 463.1350 -95.1092 193.8472 0.0000
4570.03 18.07.2018 09.10.01 27.80029 295.0024 366.1717 1.0403 -3.3134 5.8049 333.1320 178.1644 364.8984 460.6294 -89.7033 194.4086 0.0000
4580.03 18.07.2018 09.20.01 27.94589 295.1017 355.3111 1.0094 -3.4116 5.8947 327.1786 174.6151 365.9045 458.3244 -86.3956 194.9780 0.0000
4590.03 18.07.2018 09.30.01 28.08718 295.2099 354.3953 1.0068 -3.5074 6.0190 322.1996 171.5936 367.1379 456.4509 -83.7254 195.5533 0.0000
4600.03 18.07.2018 09.40.01 28.22692 295.3284 345.3150 0.9810 -3.6173 6.1311 318.3117 169.1845 368.4281 455.0810 -81.0726 196.1473 0.0000
4610.03 18.07.2018 09.50.01 28.36266 295.4525 340.3163 0.9668 -3.7300 6.2624 315.1655 167.1931 369.7423 454.1428 -78.5984 196.7477 0.0000
4620.03 18.07.2018 10.00.01 28.49548 295.5770 325.2507 0.9240 -3.8527 6.3689 311.5320 164.9463 371.0256 453.4138 -76.1641 197.3556 0.0000
4630.03 18.07.2018 10.10.01 28.62249 295.6974 321.6976 0.9139 -3.9693 6.5110 317.8061 168.0961 372.9762 453.4590 -76.3263 197.9680 0.0000
4640.03 18.07.2018 10.20.01 28.74728 295.8559 323.9824 0.9204 -4.0958 6.6882 323.0958 170.5960 375.2396 453.6890 -76.7571 198.5718 0.0000
4650.03 18.07.2018 10.30.01 28.87155 296.0064 314.1704 0.8925 -4.2396 6.8428 328.9619 173.4784 377.5621 454.3398 -77.5626 199.1514 0.0000
4660.03 18.07.2018 10.40.01 28.99185 296.1311 315.9456 0.8976 -4.3831 7.0410 327.1397 172.0216 380.4297 454.9989 -75.2866 199.6830 0.0000
4670.03 18.07.2018 10.50.01 29.11193 296.4418 307.3989 0.8733 -4.5405 7.2184 332.9950 174.8821 383.9143 457.5103 -70.6417 200.6141 0.0000
4680.03 18.07.2018 11.00.01 29.22891 296.7638 298.6563 0.8485 -4.6944 7.3905 338.3839 177.4730 387.2672 459.2621 -70.5496 201.4834 0.0000
4690.03 18.07.2018 11.10.01 29.34207 296.7598 254.9733 0.7244 -4.8459 7.4270 324.4775 169.9176 387.5841 460.7139 -66.6180 202.3621 0.0000
4700.03 18.07.2018 11.20.01 29.44070 296.7867 184.2762 0.5235 -4.9468 7.2938 307.2950 160.6660 387.1102 460.6322 -63.7366 203.3107 0.0000
4710.03 18.07.2018 11.30.01 29.51672 296.8311 135.8559 0.3860 -4.9597 7.1275 290.2976 151.5815 386.2040 459.4448 -62.3899 204.2684 0.0000
4720.03 18.07.2018 11.40.01 29.57690 296.8676 109.2591 0.3104 -4.9208 6.9750 274.1920 142.9553 385.4066 457.9564 -60.3070 205.2229 0.0000
4730.03 18.07.2018 11.50.01 29.62753 296.8322 84.8876 0.2412 -4.8606 6.8023 259.5717 135.2505 384.6372 457.1547 -56.5606 206.1516 0.0000
4740.03 18.07.2018 12.00.01 29.66940 296.8602 66.8627 0.1900 -4.7821 6.6294 246.0710 128.2150 383.5565 455.6207 -54.3706 207.0684 0.0000
4750.03 18.07.2018 12.10.01 29.70419 296.8531 16.5715 0.0471 -4.6938 6.3211 240.8224 125.2859 382.0334 453.5125 -54.1043 208.0192 0.0000
4760.03 18.07.2018 12.20.01 29.72280 297.2342 39.8859 0.1133 -4.5530 6.2218 238.6777 123.9762 380.7880 452.4360 -53.0329 209.0691 0.0000
4770.03 18.07.2018 12.30.01 29.74703 297.1610 88.2325 0.2507 -4.4680 6.2915 237.6077 123.1575 379.8682 450.8584 -54.3805 210.2215 0.0000
4780.03 18.07.2018 12.40.01 29.78405 297.2666 128.7692 0.3658 -4.4663 6.4428 237.1934 122.6130 379.3579 449.8668 -53.2370 211.4571 0.0000
4790.03 18.07.2018 12.50.01 29.83306 297.3758 162.3529 0.4612 -4.5345 6.6610 237.2981 122.2640 378.8567 448.7894 -54.0959 212.7462 0.0000
4800.03 18.07.2018 13.00.01 29.89205 297.4627 203.9653 0.5794 -4.6573 6.9823 238.9628 122.6777 378.4744 447.7964 -55.5781 214.1016 0.0000
4810.03 18.07.2018 13.10.01 29.96285 297.4933 185.3302 0.5265 -4.8431 7.1595 235.8060 120.9831 380.4979 449.6052 -45.2559 215.4620 0.0000
4820.03 18.07.2018 13.20.01 30.02813 297.4457 135.1795 0.3840 -4.9941 7.1708 229.6630 117.7281 382.3547 450.4242 -43.5858 216.7251 0.0000
4830.03 18.07.2018 13.30.01 30.07894 297.6908 99.2702 0.2820 -5.0634 7.1272 223.3944 114.4743 384.2205 449.5544 -47.5203 217.8787 0.0000
4840.03 18.07.2018 13.40.01 30.11923 297.6293 63.7301 0.1811 -5.0765 7.0100 216.3590 110.8617 386.2538 449.3160 -42.7456 218.8988 0.0000
4850.03 18.07.2018 13.50.01 30.14855 298.1674 30.3137 0.0861 -5.0410 6.8362 208.9444 107.1018 387.4359 449.3001 -40.1422 219.7606 0.0000
4860.03 18.07.2018 14.00.01 30.16723 298.1906 -7.4153 -0.0211 -4.9637 6.5902 202.2061 103.7065 386.6360 447.7911 -44.9722 220.7146 0.0000
4870.03 18.07.2018 14.10.01 30.17294 298.1032 -87.4659 -0.2485 -4.8437 6.1269 186.3257 95.6118 385.5337 446.7779 -40.9997 221.6634 0.0000
4880.03 18.07.2018 14.20.01 30.15353 297.8841 -156.4860 -0.4446 -4.6177 5.5641 168.9655 86.7811 384.0518 445.0737 -38.0732 222.5101 0.0000
4890.03 18.07.2018 14.30.01 30.11212 297.5634 -209.6716 -0.5957 -4.3056 4.9466 151.0925 77.7239 382.5829 442.7757 -36.1608 223.2464 0.0000
4900.03 18.07.2018 14.40.01 30.05322 297.3965 -262.4742 -0.7457 -3.9330 4.2497 132.2110 68.2055 381.2785 440.2911 -32.6277 223.8374 0.0000
4910.03 18.07.2018 14.50.01 29.97701 297.1216 -305.6740 -0.8684 -3.4987 3.5070 112.9974 58.5565 378.5201 437.3267 -30.1326 224.3332 0.0000
4920.03 18.07.2018 15.00.01 29.88622 296.9327 -346.1644 -0.9834 -3.0222 2.7184 93.4008 48.7442 375.5393 433.6900 -28.7460 224.8092 0.0000
4930.03 18.07.2018 15.10.01 29.78274 296.7256 -220.2642 -0.6258 -2.5150 2.5190 87.8036 45.8117 373.1569 430.5518 -27.0120 224.9999 0.0000
4940.03 18.07.2018 15.20.01 29.71591 296.4169 -140.9799 -0.4005 -2.2089 2.4111 84.2936 43.9817 370.2068 427.2467 -27.6729 225.1588 0.0000
4950.03 18.07.2018 15.30.01 29.67117 296.1616 -104.6484 -0.2973 -2.0366 2.3191 81.1095 42.3203 367.2058 424.0334 -28.3564 225.3377 0.0000
4960.03 18.07.2018 15.40.01 29.63616 296.0300 -90.9244 -0.2583 -1.9308 2.2300 77.9892 40.6923 364.5282 421.1405 -27.3625 225.5216 0.0000
4970.03 18.07.2018 15.50.01 29.60430 295.8616 -87.8482 -0.2496 -1.8557 2.1415 74.8799 39.0700 361.7419 418.1806 -27.2075 225.7176 0.0000
4980.03 18.07.2018 16.00.01 29.57256 295.6363 -89.5693 -0.2545 -1.7952 2.0544 71.7968 37.4601 358.9656 415.1768 -27.4169 225.9281 0.0000
4990.03 18.07.2018 16.10.01 29.54125 295.7881 135.0663 0.3837 -1.7381 2.8291 83.4164 42.7198 358.8100 413.7515 -23.3507 226.1373 0.0000
5000.03 18.07.2018 16.20.01 29.57641 295.9633 270.6304 0.7688 -2.0120 3.7078 96.7791 48.8659 359.1722 413.2768 -20.7455 226.3784 0.0000
5010.03 18.07.2018 16.30.01 29.65283 296.1598 352.3603 1.0010 -2.4731 4.6321 110.6178 55.2317 359.8844 413.3623 -19.0490 226.6435 0.0000
5020.03 18.07.2018 16.40.01 29.75512 296.3914 460.0392 1.3069 -3.0378 5.7929 123.7396 61.0949 360.8451 413.9597 -17.6920 226.9246 0.0000
5030.03 18.07.2018 16.50.01 29.89071 296.6312 527.3263 1.4981 -3.7459 6.9919 140.1485 68.5911 361.8827 415.0121 -17.0053 227.1959 0.0000
5040.03 18.07.2018 17.00.01 30.04778 296.8897 569.0668 1.6167 -4.5357 8.2032 156.6000 76.0983 363.0446 416.5138 -16.8866 227.4855 0.0000
5050.03 18.07.2018 17.10.01 30.21557 296.6226 155.2489 0.4410 -5.3711 7.7496 148.1861 72.1353 362.7781 416.7337 -21.4133 227.8102 0.0000
5060.03 18.07.2018 17.20.01 30.25765 296.2870 -757.5516 -2.1521 -5.5795 4.5698 129.8739 64.7747 361.4501 415.7022 -25.0316 228.1570 0.0000
5070.03 18.07.2018 17.30.01 30.03561 295.9513 -458.0293 -1.3012 -4.4401 4.1852 119.0092 59.3932 359.8977 414.0547 -27.7974 228.4919 0.0000
5080.03 18.07.2018 17.40.01 29.89651 295.6420 -360.4268 -1.0239 -3.8030 3.7054 105.4850 52.7044 358.3306 412.0236 -29.3355 228.8407 0.0000
5090.03 18.07.2018 17.50.01 29.78323 295.3255 -329.5212 -0.9361 -3.3440 3.2104 92.0961 46.1216 356.7722 409.6469 -30.3827 229.1955 0.0000
5100.03 18.07.2018 18.00.01 29.67697 294.9848 -325.2889 -0.9241 -2.9553 2.7083 78.6581 39.5197 355.2622 406.9879 -30.9988 229.5255 0.0000
5110.03 18.07.2018 18.10.01 29.57052 294.6317 -291.1545 -0.8271 -2.5921 2.3533 65.5670 32.9446 353.2667 404.3344 -28.8196 229.8217 0.0000
5120.03 18.07.2018 18.20.01 29.47283 294.2743 -279.6173 -0.7944 -2.2951 2.0010 55.7316 28.0003 351.3492 401.5878 -26.8532 230.0552 0.0000
5130.03 18.07.2018 18.30.01 29.37753 293.9173 -276.8948 -0.7866 -2.0271 1.6539 46.0137 23.1172 349.3902 398.8190 -25.0379 230.2587 0.0000
5140.03 18.07.2018 18.40.01 29.28188 293.5637 -305.2116 -0.8671 -1.7730 1.2079 34.0411 17.1694 347.4377 395.9830 -23.0278 230.4239 0.0000
5150.03 18.07.2018 18.50.01 29.17724 293.2123 -323.4919 -0.9190 -1.4863 0.7565 21.9197 11.1431 345.4639 393.0220 -20.9319 230.5580 0.0000
5160.03 18.07.2018 19.00.01 29.06637 292.8672 -334.4402 -0.9501 -1.1828 0.3103 9.8474 5.1389 343.4966 389.9894 -18.7802 230.6584 0.0000
5170.03 18.07.2018 19.10.01 28.95208 292.6698 -249.8689 -0.7099 -0.8725 0.2169 7.3111 3.8152 343.3568 387.6642 -15.9886 230.7198 0.0000
5180.03 18.07.2018 19.20.01 28.86224 292.4305 -199.7263 -0.5674 -0.6936 0.1683 5.7388 2.9949 343.4177 385.6847 -14.2728 230.7629 0.0000
5190.03 18.07.2018 19.30.01 28.78713 292.2001 -174.0318 -0.4944 -0.5902 0.1277 4.3377 2.2639 343.5478 383.9086 -13.0049 230.7918 0.0000
5200.03 18.07.2018 19.40.01 28.71960 291.9736 -161.2664 -0.4581 -0.5246 0.0886 2.9676 1.5491 343.7200 382.3002 -12.0084 230.8207 0.0000
5210.03 18.07.2018 19.50.01 28.65585 291.7598 -155.0426 -0.4405 -0.4777 0.0497 1.6030 0.8371 343.9257 380.8332 -11.2345 230.8487 0.0000
5220.03 18.07.2018 20.00.01 28.59393 291.4473 -152.3671 -0.4329 -0.4411 0.0109 0.2414 0.1267 344.1442 379.3431 -11.2709 230.8632 0.0000
5230.03 18.07.2018 20.10.01 28.53274 291.3529 -143.5083 -0.4077 -0.4091 0.0019 0.0406 0.0211 345.6153 378.3924 -10.2502 230.8776 0.0000
5240.03 18.07.2018 20.20.01 28.47430 291.2477 -136.6217 -0.3881 -0.3884 0.0004 0.0076 0.0040 347.2115 377.6439 -9.6809 230.8921 0.0000
5250.03 18.07.2018 20.30.01 28.41812 291.1553 -132.1313 -0.3754 -0.3754 0.0001 0.0013 0.0007 348.8611 377.0493 -9.3340 230.9065 0.0000
5260.03 18.07.2018 20.40.01 28.36352 291.0706 -129.2361 -0.3671 -0.3672 0.0000 0.0002 0.0001 350.5528 376.5964 -9.1245 230.9210 0.0000
5270.03 18.07.2018 20.50.01 28.30996 290.9893 -127.1424 -0.3612 -0.3612 0.0000 0.0000 0.0000 352.2713 376.2513 -9.0906 230.9354 0.0000
5280.03 18.07.2018 21.00.01 28.25710 290.9109 -125.5083 -0.3566 -0.3566 0.0000 0.0000 0.0000 354.0089 375.9991 -9.2044 230.9499 0.0000
5290.03 18.07.2018 21.10.01 28.20492 290.8359 -124.4720 -0.3536 -0.3536 0.0000 0.0000 0.0000 353.8028 375.6327 -9.1495 230.9643 0.0000
5300.03 18.07.2018 21.20.01 28.15276 290.7554 -124.5413 -0.3538 -0.3538 0.0000 0.0000 0.0000 353.4975 375.2251 -9.0556 230.9788 0.0000
5310.03 18.07.2018 21.30.01 28.10046 290.6731 -125.7527 -0.3573 -0.3573 0.0000 0.0000 0.0000 353.1820 374.8112 -8.9696 230.9932 0.0000
5320.03 18.07.2018 21.40.01 28.04736 290.5903 -126.5840 -0.3596 -0.3596 0.0000 0.0000 0.0000 352.8637 374.3951 -8.8873 231.0077 0.0000
5330.03 18.07.2018 21.50.01 27.99407 290.5060 -127.9735 -0.3636 -0.3636 0.0000 0.0000 0.0000 352.5446 373.9772 -8.8119 231.0221 0.0000
5340.03 18.07.2018 22.00.01 27.94009 290.4220 -128.7844 -0.3659 -0.3659 0.0000 0.0000 0.0000 352.2279 373.5601 -8.7400 231.0366 0.0000
5350.03 18.07.2018 22.10.01 27.88604 290.3582 -130.0746 -0.3695 -0.3695 0.0000 0.0000 0.0000 351.4234 373.0912 -8.5719 231.0510 0.0000
5360.03 18.07.2018 22.20.01 27.83111 290.2935 -130.4568 -0.3706 -0.3706 0.0000 0.0000 0.0000 350.5920 372.6007 -8.3721 231.0644 0.0000
5370.03 18.07.2018 22.30.01 27.77618 290.2282 -131.5090 -0.3736 -0.3736 0.0000 0.0000 0.0000 349.7536 372.0995 -8.1501 231.0759 0.0000
5380.03 18.07.2018 22.40.01 27.72082 290.1614 -132.3341 -0.3759 -0.3759 0.0000 0.0000 0.0000 348.9145 371.5899 -7.9154 231.0869 0.0000
5390.03 18.07.2018 22.50.01 27.66500 290.0947 -132.7422 -0.3771 -0.3771 0.0000 0.0000 0.0000 348.0742 371.0746 -7.6657 231.0979 0.0000
5400.03 18.07.2018 23.00.01 27.60916 290.0271 -133.4727 -0.3792 -0.3792 0.0000 0.0000 0.0000 347.2330 370.5541 -7.4119 231.1082 0.0000
5410.03 18.07.2018 23.10.01 27.55319 289.8521 -134.4478 -0.3820 -0.3820 0.0000 0.0000 0.0000 346.1833 369.9235 -7.7032 231.1123 0.0000
5420.03 18.07.2018 23.20.01 27.49645 289.6635 -134.9482 -0.3834 -0.3834 0.0000 0.0000 0.0000 345.0997 369.2539 -7.9087 231.1123 0.0000
5430.03 18.07.2018 23.30.01 27.43969 289.4790 -136.2265 -0.3870 -0.3870 0.0000 0.0000 0.0000 344.0034 368.5621 -8.0489 231.1123 0.0000
5440.03 18.07.2018 23.40.01 27.38226 289.2960 -136.9010 -0.3889 -0.3889 0.0000 0.0000 0.0000 342.9023 367.8338 -8.2230 231.1123 0.0000
5450.03 18.07.2018 23.50.01 27.32458 289.1147 -137.8022 -0.3915 -0.3915 0.0000 0.0000 0.0000 341.7933 367.1063 -8.2680 231.1123 0.0000
5460.03 19.07.2018 00.00.01 27.26675 288.9321 -138.8357 -0.3944 -0.3944 0.0000 0.0000 0.0000 340.6829 366.3627 -8.2909 231.1123 0.0000
5470.03 19.07.2018 00.10.01 27.20818 288.7285 -138.9821 -0.3948 -0.3948 0.0000 0.0000 0.0000 339.7847 365.5826 -8.5670 231.1123 0.0000
5480.03 19.07.2018 00.20.01 27.14959 288.5338 -139.4241 -0.3961 -0.3961 0.0000 0.0000 0.0000 338.9111 364.8115 -8.7750 231.1123 0.0000
5490.03 19.07.2018 00.30.01 27.09100 288.3375 -140.2224 -0.3984 -0.3984 0.0000 0.0000 0.0000 338.0328 364.0437 -8.9297 231.1123 0.0000
5500.03 19.07.2018 00.40.01 27.03225 288.1390 -141.0269 -0.4006 -0.4006 0.0000 0.0000 0.0000 337.1501 363.2771 -9.0418 231.1123 0.0000
5510.03 19.07.2018 00.50.01 26.97296 287.9393 -141.0288 -0.4007 -0.4007 0.0000 0.0000 0.0000 336.2611 362.5087 -9.1328 231.1123 0.0000
5520.03 19.07.2018 01.00.01 26.91354 287.7399 -141.0537 -0.4007 -0.4007 0.0000 0.0000 0.0000 335.3710 361.7400 -9.2046 231.1123 0.0000
5530.03 19.07.2018 01.10.01 26.85406 287.6272 -141.0888 -0.4008 -0.4008 0.0000 0.0000 0.0000 335.1440 361.1116 -8.9265 231.1123 0.0000
5540.03 19.07.2018 01.20.01 26.79476 287.5215 -141.0203 -0.4006 -0.4006 0.0000 0.0000 0.0000 334.9748 360.5348 -8.7124 231.1123 0.0000
5550.03 19.07.2018 01.30.01 26.73583 287.4197 -140.9925 -0.4005 -0.4005 0.0000 0.0000 0.0000 334.8121 359.9910 -8.5432 231.1123 0.0000
5560.03 19.07.2018 01.40.01 26.67721 287.3261 -140.7859 -0.4000 -0.4000 0.0000 0.0000 0.0000 334.6516 359.4975 -8.3051 231.1123 0.0000
5570.03 19.07.2018 01.50.01 26.61862 287.2353 -139.9116 -0.3975 -0.3975 0.0000 0.0000 0.0000 334.5040 359.0687 -7.9752 231.1123 0.0000
5580.03 19.07.2018 02.00.01 26.56039 287.1838 -138.5186 -0.3935 -0.3935 0.0000 0.0003 0.0002 334.4118 358.6793 -7.6544 231.1123 0.0000
5590.03 19.07.2018 02.10.01 26.50271 287.1344 -136.7722 -0.3886 -0.3921 0.0047 0.1822 0.0949 333.8322 358.1567 -7.7609 231.1123 0.0000
5600.03 19.07.2018 02.20.01 26.44506 287.0171 -136.5267 -0.3879 -0.3957 0.0105 0.3903 0.2035 333.2106 357.5487 -8.1841 231.1123 0.0000
5610.03 19.07.2018 02.30.01 26.38726 286.9230 -137.6287 -0.3910 -0.4034 0.0165 0.6027 0.3143 332.5442 356.9394 -8.4760 231.1123 0.0000
5620.03 19.07.2018 02.40.01 26.32894 286.8509 -138.9361 -0.3947 -0.4117 0.0226 0.8158 0.4255 331.8453 356.3842 -8.4599 231.1123 0.0000
5630.03 19.07.2018 02.50.01 26.27017 286.7317 -139.6854 -0.3968 -0.4183 0.0287 1.0291 0.5368 331.0623 355.7927 -8.6985 231.1123 0.0000
5640.03 19.07.2018 03.00.01 26.21105 286.6175 -140.4291 -0.3989 -0.4251 0.0349 1.2474 0.6507 330.2660 355.2062 -8.8486 231.1123 0.0000
5650.03 19.07.2018 03.10.01 26.15182 286.6222 -120.9150 -0.3435 -0.4325 0.1186 4.4897 2.3401 329.8742 355.0162 -8.3373 231.1123 0.0000
5660.03 19.07.2018 03.20.01 26.09832 286.6555 -106.4166 -0.3023 -0.4686 0.2217 8.1691 4.2601 329.6898 354.9983 -7.9840 231.1123 0.0000
5670.03 19.07.2018 03.30.01 26.04928 286.7003 -98.0145 -0.2785 -0.5246 0.3282 11.9181 6.2161 329.5851 355.0850 -7.7567 231.1123 0.0000
5680.03 19.07.2018 03.40.01 26.00289 286.7493 -92.8848 -0.2639 -0.5903 0.4353 15.6805 8.1792 329.5170 355.2614 -7.6210 231.1123 0.0000
5690.03 19.07.2018 03.50.01 25.95828 286.7983 -89.3151 -0.2537 -0.6606 0.5425 19.4453 10.1434 329.4701 355.5083 -7.6060 231.1124 0.0000
5700.03 19.07.2018 04.00.01 25.91494 286.8451 -86.5530 -0.2459 -0.7332 0.6498 23.2157 12.1106 329.4350 355.8141 -7.7019 231.1193 0.0000
5710.03 19.07.2018 04.10.01 25.87289 287.1923 -62.9290 -0.1788 -0.8057 0.8359 30.0573 15.6779 330.1058 356.6835 -6.5537 231.1338 0.0000
5720.03 19.07.2018 04.20.01 25.83843 287.5546 -43.7045 -0.1242 -0.9054 1.0417 37.3430 19.4794 331.0033 357.8401 -5.6850 231.1482 0.0000
5730.03 19.07.2018 04.30.01 25.81045 287.9241 -30.3371 -0.0862 -1.0243 1.2509 44.6994 23.3176 331.9997 359.1933 -5.0284 231.1632 0.0000
5740.03 19.07.2018 04.40.01 25.78723 288.2978 -20.5130 -0.0583 -1.1538 1.4607 52.0694 27.1628 333.0531 360.7117 -4.5534 231.1888 0.0000
5750.03 19.07.2018 04.50.01 25.76766 288.6746 -12.5055 -0.0355 -1.2885 1.6706 77.7054 41.1860 334.1508 363.9550 -5.8866 231.2186 0.0000
5760.03 19.07.2018 05.00.01 25.75128 289.0735 1.0503 0.0030 -1.4259 1.9051 89.4403 47.4451 335.4036 366.5488 -6.4829 231.2569 0.0000
5770.03 19.07.2018 05.10.01 25.73962 289.4741 6.6218 0.0188 -1.5743 2.1241 170.2628 92.2555 336.6353 375.4550 -13.1904 231.3098 0.0000
5780.03 19.07.2018 05.20.01 25.73058 290.0361 37.7858 0.1073 -1.7214 2.4384 253.3966 138.2842 338.3951 386.6701 -21.1124 231.3848 0.0000
5790.03 19.07.2018 05.30.01 25.73171 290.6071 64.1242 0.1822 -1.9031 2.7804 336.6198 184.3294 340.5089 399.3749 -30.1285 231.4739 0.0000
5800.03 19.07.2018 05.40.01 25.74182 291.1931 87.9491 0.2499 -2.1080 3.1438 312.9820 170.7472 342.9166 403.0383 -30.7007 231.5788 0.0000
5810.03 19.07.2018 05.50.01 25.76019 291.3456 60.5770 0.1721 -2.3299 3.3360 285.5922 155.2151 344.4973 404.4872 -30.6946 231.6992 0.0000
5820.03 19.07.2018 06.00.01 25.77194 291.7533 44.1469 0.1254 -2.4933 3.4916 257.4271 139.2720 345.7593 404.8932 -29.3621 231.8320 0.0000
5830.03 19.07.2018 06.10.01 25.78008 292.0360 11.4604 0.0326 -2.6153 3.5305 294.9348 160.1106 347.4213 411.7077 -29.6334 231.9671 0.0000
5840.03 19.07.2018 06.20.01 25.78021 292.4264 25.1388 0.0714 -2.6711 3.6567 334.0191 181.7421 349.4911 419.2618 -33.8254 232.0886 0.0000
5850.03 19.07.2018 06.30.01 25.78573 292.8618 43.4562 0.1235 -2.7307 3.8055 372.6727 203.0808 350.6121 425.6986 -45.1079 232.2433 0.0000
5860.03 19.07.2018 06.40.01 25.79806 293.5957 60.2394 0.1711 -2.8013 3.9633 393.2658 214.3252 353.0462 433.7264 -41.1763 232.4193 0.0000
5870.03 19.07.2018 06.50.01 25.81710 293.9013 70.6158 0.2006 -2.8736 4.0989 413.7730 225.5555 355.2476 439.3240 -47.0852 232.5934 0.0000
5880.03 19.07.2018 07.00.01 25.84142 294.3976 82.7763 0.2352 -2.9345 4.2262 433.6195 236.4054 358.0124 445.3758 -54.1781 232.7695 0.0000
5890.03 19.07.2018 07.10.01 25.87136 294.4268 115.7770 0.3289 -2.9908 4.4263 430.9351 234.6104 358.6925 449.2733 -55.0131 232.9620 0.0000
5900.03 19.07.2018 07.20.01 25.91226 294.3932 128.4965 0.3650 -3.0831 4.5975 427.4560 232.3874 359.0249 450.7144 -66.0249 233.2065 0.0000
5910.03 19.07.2018 07.30.01 25.95797 294.3728 136.1579 0.3868 -3.1801 4.7559 412.7496 224.5323 359.2910 450.5443 -76.6840 233.5165 0.0000
5920.03 19.07.2018 07.40.01 26.00753 294.8300 151.3045 0.4298 -3.2703 4.9335 411.4137 223.4659 362.4762 457.1986 -55.6103 233.8112 0.0000
5930.03 19.07.2018 07.50.01 26.06362 295.8986 163.8659 0.4655 -3.3542 5.0930 404.4002 219.5467 363.9351 457.4690 -64.5731 234.0531 0.0000
5940.03 19.07.2018 08.00.01 26.12551 295.5320 175.7321 0.4992 -3.4365 5.2477 402.3870 218.1031 362.6665 453.5101 -87.0507 234.4009 0.0000
5950.03 19.07.2018 08.10.01 26.19152 295.7155 170.5074 0.4844 -3.5267 5.3482 418.4205 226.7872 363.2554 455.4962 -88.7003 234.8551 0.0000
5960.03 19.07.2018 08.20.01 26.25729 295.9398 184.5016 0.5242 -3.5940 5.4909 434.6465 235.5158 364.1829 458.0226 -90.8802 235.3301 0.0000
5970.03 19.07.2018 08.30.01 26.32852 296.1734 200.2845 0.5690 -3.6671 5.6482 444.2303 240.8532 365.2936 460.6315 -93.1560 235.8333 0.0000
5980.03 19.07.2018 08.40.01 26.40560 296.4077 210.3242 0.5975 -3.7492 5.7956 455.7106 246.8955 366.4114 462.9605 -95.2634 236.3635 0.0000
5990.03 19.07.2018 08.50.01 26.48678 296.6436 217.3673 0.6175 -3.8330 5.9341 466.2575 252.3918 367.5478 465.3711 -97.2529 236.9114 0.0000
6000.03 19.07.2018 09.00.01 26.57110 296.8801 229.3609 0.6516 -3.9157 6.0898 476.2450 257.5227 368.7519 467.7609 -99.4382 237.4707 0.0000
6010.03 19.07.2018 09.10.01 26.65991 297.1376 248.0825 0.7048 -4.0052 6.2800 471.2725 254.3110 370.3386 469.4925 -97.3416 238.0620 0.0000
6020.03 19.07.2018 09.20.01 26.75497 297.3829 245.3946 0.6971 -4.1126 6.4130 464.9708 250.3955 371.7548 470.9668 -94.4390 238.6717 0.0000
6030.03 19.07.2018 09.30.01 26.85015 297.6117 259.9856 0.7386 -4.2062 6.5931 459.7637 247.0600 373.2805 472.1794 -92.9494 239.2803 0.0000
6040.03 19.07.2018 09.40.01 26.95028 297.8535 261.1916 0.7420 -4.3126 6.7396 454.9580 243.9564 374.8697 473.6171 -90.2167 239.9063 0.0000
6050.03 19.07.2018 09.50.01 27.05157 298.1053 275.1064 0.7816 -4.4123 6.9252 451.3038 241.4881 376.5214 475.1730 -87.5594 240.5273 0.0000
6060.03 19.07.2018 10.00.01 27.15753 298.3393 271.0727 0.7701 -4.5251 7.0602 446.2250 238.2432 378.0382 476.3022 -86.0078 241.1547 0.0000
6070.03 19.07.2018 10.10.01 27.26318 298.4546 287.9749 0.8181 -4.6217 7.2531 430.4964 229.1930 382.6224 479.2631 -75.9009 241.7019 0.0000
6080.03 19.07.2018 10.20.01 27.37463 298.8471 275.1511 0.7817 -4.7319 7.3515 410.8360 217.9317 387.2607 478.9356 -77.6319 242.1730 0.0000
6090.03 19.07.2018 10.30.01 27.48272 298.5667 252.0527 0.7161 -4.8184 7.3792 393.3708 208.1043 387.5866 476.2022 -87.5581 242.6308 0.0000
6100.03 19.07.2018 10.40.01 27.58425 298.5414 258.5046 0.7344 -4.8700 7.4726 368.9699 194.3511 388.3251 474.6214 -74.6015 243.1414 0.0000
6110.03 19.07.2018 10.50.01 27.68765 298.6014 253.9976 0.7216 -4.9335 7.5401 357.6385 187.9826 388.9177 473.6647 -69.6070 244.2672 0.0000
6120.03 19.07.2018 11.00.01 27.78939 298.6376 248.3454 0.7055 -4.9946 7.6001 346.7856 181.9125 389.3933 471.3600 -75.8522 245.5334 0.0000
6130.03 19.07.2018 11.10.01 27.88870 298.6176 168.0478 0.4774 -5.0469 7.3658 321.4287 168.3401 391.6737 472.2484 -62.4566 246.8124 0.0000
6140.03 19.07.2018 11.20.01 27.96368 298.6263 92.8726 0.2638 -4.9805 6.9925 293.7765 153.6115 393.8017 470.7108 -62.5991 247.9553 0.0000
6150.03 19.07.2018 11.30.01 28.01605 298.8076 49.5475 0.1408 -4.8050 6.5943 266.7003 139.2707 395.3686 467.4094 -65.1136 248.9510 0.0000
6160.03 19.07.2018 11.40.01 28.05517 298.6869 29.5416 0.0839 -4.5726 6.2088 240.9830 125.6599 397.6077 465.1703 -52.4098 249.7901 0.0000
6170.03 19.07.2018 11.50.01 28.08691 299.1861 9.9895 0.0284 -4.3270 5.8072 216.9575 113.0880 395.9683 462.3721 -47.9686 250.6432 0.0000
6180.03 19.07.2018 12.00.01 28.11147 299.0488 -5.8017 -0.0165 -4.0711 5.4061 194.1371 101.2352 394.5012 457.7677 -54.0366 251.5822 0.0000
6190.03 19.07.2018 12.10.01 28.12960 298.8928 20.6934 0.0588 -3.8170 5.1677 187.6022 97.7551 392.8938 454.6485 -51.9689 252.5602 0.0000
6200.03 19.07.2018 12.20.01 28.15432 298.7996 71.3884 0.2028 -3.6233 5.1015 184.7480 96.2351 391.8861 452.3333 -50.4119 253.5365 0.0000
6210.03 19.07.2018 12.30.01 28.19290 298.7307 104.0505 0.2956 -3.5205 5.0881 182.5808 95.0618 391.1597 450.3556 -49.0155 254.5127 0.0000
6220.03 19.07.2018 12.40.01 28.24023 298.6733 117.3320 0.3333 -3.4786 5.0825 180.6327 93.9967 390.5340 448.5956 -47.7855 255.4927 0.0000
6230.03 19.07.2018 12.50.01 28.29086 298.6211 120.7922 0.3432 -3.4664 5.0794 178.7769 92.9736 389.9693 447.0137 -46.5902 256.4761 0.0000
6240.03 19.07.2018 13.00.01 28.34167 298.5755 121.2629 0.3445 -3.4683 5.0837 177.1500 92.0678 389.4426 445.5886 -45.5639 257.4622 0.0000
6250.03 19.07.2018 13.10.01 28.39251 298.4837 235.5489 0.6692 -3.4838 5.5373 190.2478 98.3924 387.0652 444.5430 -45.7518 258.4642 0.0000
6260.03 19.07.2018 13.20.01 28.47695 298.4808 353.3419 1.0038 -3.6831 6.2493 207.5823 106.8683 385.2457 444.1940 -47.3756 259.5954 0.0000
6270.03 19.07.2018 13.30.01 28.59664 298.4362 449.3067 1.2764 -4.0584 7.1131 226.5358 116.0892 383.6416 444.0227 -50.3649 260.8906 0.0000
6280.03 19.07.2018 13.40.01 28.74545 298.5085 533.7789 1.5164 -4.5727 8.1189 247.0311 125.9853 382.3482 444.5096 -53.2872 262.3281 0.0000
6290.03 19.07.2018 13.50.01 28.92019 298.5996 609.7247 1.7322 -5.2081 9.2537 268.7811 136.4405 381.2420 445.4126 -56.7286 263.8709 0.0000
6300.03 19.07.2018 14.00.01 29.11822 298.6914 668.3312 1.8987 -5.9479 10.4622 294.5200 148.7881 380.1253 446.6827 -60.4773 265.5349 0.0000
6310.03 19.07.2018 14.10.01 29.33212 298.6251 396.5669 1.1266 -6.7556 10.5096 289.1203 146.1267 380.2329 447.8307 -60.9284 267.3483 0.0000
6320.03 19.07.2018 14.20.01 29.46563 298.5465 186.5599 0.5300 -7.1475 10.2366 277.4120 140.1774 379.5509 447.5552 -61.1971 269.2006 0.0000
6330.03 19.07.2018 14.30.01 29.53607 298.4435 53.8429 0.1530 -7.2335 9.8486 264.2698 133.5434 378.5067 446.6062 -61.5336 271.0305 0.0000
6340.03 19.07.2018 14.40.01 29.56542 298.3027 -46.6405 -0.1325 -7.1380 9.3407 249.5550 126.1718 377.2796 445.1910 -61.0791 272.8091 0.0000
6350.03 19.07.2018 14.50.01 29.56320 298.1603 -114.9989 -0.3267 -6.9127 8.7813 234.7824 118.8446 376.0315 443.4343 -60.5431 274.5230 0.0000
6360.03 19.07.2018 15.00.01 29.53869 298.0245 -178.6384 -0.5075 -6.6058 8.1310 219.0213 111.0579 374.7127 441.3166 -59.6030 276.1526 0.0000
6370.03 19.07.2018 15.10.01 29.49392 297.8349 -171.1547 -0.4862 -6.2314 7.6602 213.5045 108.2725 373.6047 439.4269 -57.7540 276.9420 0.0000
6380.03 19.07.2018 15.20.01 29.45062 297.6520 -172.2691 -0.4894 -5.8835 7.1921 201.0468 102.0756 372.5503 437.5696 -56.0239 277.6959 0.0000
6390.03 19.07.2018 15.30.01 29.40554 297.4713 -186.6992 -0.5304 -5.5493 6.6918 187.9310 95.5798 371.5420 435.4707 -54.0769 278.4132 0.0000
6400.03 19.07.2018 15.40.01 29.35494 297.2873 -224.9552 -0.6391 -5.2073 6.0909 173.0166 88.2336 370.5167 433.1647 -51.9579 279.0876 0.0000
6410.03 19.07.2018 15.50.01 29.29189 297.1079 -256.2927 -0.7281 -4.8213 5.4576 158.6562 81.1990 369.5046 430.7194 -49.6844 279.7110 0.0000
6420.03 19.07.2018 16.00.01 29.21844 296.9312 -283.8667 -0.8064 -4.4024 4.7946 144.3170 74.1964 368.4939 428.1708 -47.3007 280.2887 0.0000
6430.03 19.07.2018 16.10.01 29.13741 296.8202 -52.7486 -0.1499 -3.9557 5.0745 145.9797 74.6269 366.9639 425.7729 -45.2970 280.8224 0.0000
6440.03 19.07.2018 16.20.01 29.12328 296.7116 75.7350 0.2152 -3.8678 5.4440 149.3943 75.9664 365.5665 423.8281 -44.7186 281.3726 0.0000
6450.03 19.07.2018 16.30.01 29.14681 296.6069 143.3257 0.4072 -3.9740 5.8415 153.1887 77.4913 364.2879 422.1610 -44.4778 281.9457 0.0000
6460.03 19.07.2018 16.40.01 29.19070 296.5079 208.2820 0.5917 -4.1784 6.3602 155.2477 78.0753 363.0397 420.7296 -43.6540 282.5402 0.0000
6470.03 19.07.2018 16.50.01 29.25405 296.4096 244.8245 0.6955 -4.4759 6.8953 160.3345 80.1702 361.9003 419.3959 -43.7950 283.1190 0.0000
6480.03 19.07.2018 17.00.01 29.32861 296.3335 264.5013 0.7514 -4.8228 7.4323 165.4123 82.2571 360.7472 418.2988 -44.1510 283.7176 0.0000
6490.03 19.07.2018 17.10.01 29.40743 296.1088 5.0430 0.0143 -5.1952 6.9460 152.6130 75.8461 359.5414 416.6427 -44.5924 284.3258 0.0000
6500.03 19.07.2018 17.20.01 29.40652 295.8590 -652.3215 -1.8532 -5.1800 4.4358 132.3314 66.8371 358.0184 414.3425 -43.4224 284.9036 0.0000
6510.03 19.07.2018 17.30.01 29.21517 295.6063 -429.4950 -1.2202 -4.1947 3.9661 117.4604 59.2579 356.4283 411.7358 -41.5305 285.4118 0.0000
6520.03 19.07.2018 17.40.01 29.08563 295.3539 -353.7680 -1.0050 -3.5816 3.4354 100.8522 50.8199 354.8133 409.1590 -37.7025 285.8652 0.0000
6530.03 19.07.2018 17.50.01 28.97643 295.1053 -328.2167 -0.9324 -3.1031 2.8942 84.3536 42.4646 353.1743 406.4237 -33.9141 286.2739 0.0000
6540.03 19.07.2018 18.00.01 28.87344 294.8583 -323.1961 -0.9182 -2.6793 2.3482 67.8406 34.1074 351.5175 403.5626 -30.0322 286.6234 0.0000
6550.03 19.07.2018 18.10.01 28.77105 294.5175 -271.4858 -0.7713 -2.2777 2.0085 55.8650 28.0712 350.1337 400.7618 -27.4783 286.9219 0.0000
6560.03 19.07.2018 18.20.01 28.68261 294.1817 -243.0647 -0.6905 -1.9679 1.7031 47.3935 23.8105 348.9062 398.0993 -25.1859 287.1498 0.0000
6570.03 19.07.2018 18.30.01 28.60165 293.8445 -231.0795 -0.6565 -1.7122 1.4076 39.1321 19.6587 347.6406 395.5178 -23.0816 287.3338 0.0000
6580.03 19.07.2018 18.40.01 28.52331 293.5080 -250.9026 -0.7128 -1.4843 1.0286 28.9725 14.6125 346.3841 392.9372 -20.9935 287.4906 0.0000
6590.03 19.07.2018 18.50.01 28.43835 293.1707 -264.8438 -0.7524 -1.2358 0.6446 18.6758 9.4941 345.1148 390.3166 -18.7959 287.6138 0.0000
6600.03 19.07.2018 19.00.01 28.34854 292.8330 -273.7545 -0.7777 -0.9766 0.2652 8.4251 4.3967 343.8467 387.6829 -16.6152 287.7044 0.0000
6610.03 19.07.2018 19.10.01 28.25573 292.4673 -202.4410 -0.5751 -0.7145 0.1858 6.2641 3.2689 342.4348 385.2263 -15.2950 287.7640 0.0000
6620.03 19.07.2018 19.20.01 28.18298 292.1030 -162.7876 -0.4625 -0.5706 0.1442 4.9185 2.5669 341.0716 383.0177 -14.4454 287.7929 0.0000
6630.03 19.07.2018 19.30.01 28.12121 291.7397 -144.8730 -0.4116 -0.4937 0.1095 3.7179 1.9405 339.7413 380.9309 -13.8108 287.8217 0.0000
6640.03 19.07.2018 19.40.01 28.06423 291.3774 -138.1662 -0.3925 -0.4495 0.0759 2.5436 1.3278 338.4278 378.9386 -13.3240 287.8420 0.0000
6650.03 19.07.2018 19.50.01 28.00878 291.0157 -136.6973 -0.3883 -0.4203 0.0426 1.3740 0.7175 337.1264 377.0197 -12.9666 287.8564 0.0000
6660.03 19.07.2018 20.00.01 27.95336 290.6552 -137.9102 -0.3918 -0.3988 0.0094 0.2069 0.1086 335.8343 375.1621 -12.7064 287.8709 0.0000
6670.03 19.07.2018 20.10.01 27.89727 290.4776 -133.1057 -0.3781 -0.3794 0.0017 0.0348 0.0181 335.0252 373.6784 -11.3057 287.8853 0.0000
6680.03 19.07.2018 20.20.01 27.84246 290.3041 -129.7140 -0.3685 -0.3687 0.0003 0.0065 0.0034 334.3085 372.3459 -10.2229 287.8998 0.0000
6690.03 19.07.2018 20.30.01 27.78845 290.1339 -128.0314 -0.3637 -0.3638 0.0001 0.0011 0.0006 333.6323 371.1191 -9.3604 287.9142 0.0000
6700.03 19.07.2018 20.40.01 27.73483 289.9663 -127.9054 -0.3634 -0.3634 0.0000 0.0002 0.0001 332.9820 369.9784 -8.6642 287.9267 0.0000
6710.03 19.07.2018 20.50.01 27.68084 289.8003 -128.2193 -0.3643 -0.3643 0.0000 0.0000 0.0000 332.3515 368.9074 -8.1126 287.9347 0.0000
6720.03 19.07.2018 21.00.01 27.62682 289.6354 -129.7545 -0.3686 -0.3686 0.0000 0.0000 0.0000 331.7377 367.8945 -7.6794 287.9393 0.0000
6730.03 19.07.2018 21.10.01 27.57202 289.4254 -131.3556 -0.3732 -0.3732 0.0000 0.0000 0.0000 331.3079 366.8862 -7.7458 287.9415 0.0000
6740.03 19.07.2018 21.20.01 27.51644 289.2160 -133.6132 -0.3796 -0.3796 0.0000 0.0000 0.0000 330.8855 365.9126 -7.8716 287.9415 0.0000
6750.03 19.07.2018 21.30.01 27.45995 289.0069 -136.0624 -0.3865 -0.3865 0.0000 0.0000 0.0000 330.4668 364.9676 -8.0418 287.9415 0.0000
6760.03 19.07.2018 21.40.01 27.40243 288.7983 -138.5476 -0.3936 -0.3936 0.0000 0.0000 0.0000 330.0539 364.0461 -8.2516 287.9415 0.0000
6770.03 19.07.2018 21.50.01 27.34390 288.5902 -140.8554 -0.4002 -0.4002 0.0000 0.0000 0.0000 329.6451 363.1466 -8.4900 287.9415 0.0000
6780.03 19.07.2018 22.00.01 27.28439 288.3822 -143.1226 -0.4066 -0.4066 0.0000 0.0000 0.0000 329.2398 362.2641 -8.7591 287.9415 0.0000
6790.03 19.07.2018 22.10.01 27.22396 288.1813 -145.1287 -0.4123 -0.4123 0.0000 0.0000 0.0000 327.9529 361.3274 -8.7508 287.9415 0.0000
6800.03 19.07.2018 22.20.01 27.16268 287.9762 -147.1021 -0.4179 -0.4179 0.0000 0.0000 0.0000 326.6281 360.3736 -8.6583 287.9415 0.0000
6810.03 19.07.2018 22.30.01 27.10058 287.7700 -148.9592 -0.4232 -0.4232 0.0000 0.0000 0.0000 325.3001 359.3973 -8.6324 287.9415 0.0000
6820.03 19.07.2018 22.40.01 27.03771 287.5635 -150.7990 -0.4284 -0.4284 0.0000 0.0000 0.0000 323.9782 358.4300 -8.5221 287.9415 0.0000
6830.03 19.07.2018 22.50.01 26.97405 287.3603 -152.5303 -0.4333 -0.4333 0.0000 0.0000 0.0000 322.6598 357.4631 -8.3935 287.9415 0.0000
6840.03 19.07.2018 23.00.01 26.90981 287.1576 -154.2829 -0.4383 -0.4383 0.0000 0.0000 0.0000 321.3416 356.4940 -8.2639 287.9415 0.0000
6850.03 19.07.2018 23.10.01 26.84481 286.9308 -155.9711 -0.4431 -0.4431 0.0000 0.0000 0.0000 320.4505 355.5284 -8.4500 287.9415 0.0000
6860.03 19.07.2018 23.20.01 26.77905 286.7254 -157.2669 -0.4468 -0.4468 0.0000 0.0000 0.0000 319.5945 354.6000 -8.5879 287.9415 0.0000
6870.03 19.07.2018 23.30.01 26.71279 286.5135 -158.8198 -0.4512 -0.4512 0.0000 0.0000 0.0000 318.7364 353.6767 -8.7249 287.9415 0.0000
6880.03 19.07.2018 23.40.01 26.64596 286.2974 -160.5045 -0.4560 -0.4560 0.0000 0.0000 0.0000 317.8734 352.7245 -8.9581 287.9415 0.0000
6890.03 19.07.2018 23.50.01 26.57827 286.0731 -161.7774 -0.4596 -0.4596 0.0000 0.0000 0.0000 316.9999 351.7666 -9.2045 287.9415 0.0000
6900.03 20.07.2018 00.00.01 26.51006 285.8435 -163.3721 -0.4641 -0.4641 0.0000 0.0000 0.0000 316.1213 350.8056 -9.4658 287.9415 0.0000
6910.03 20.07.2018 00.10.01 26.44131 285.6928 -165.1325 -0.4691 -0.4691 0.0000 0.0000 0.0000 315.1818 349.9216 -9.2809 287.9415 0.0000
6920.03 20.07.2018 00.20.01 26.37173 285.5428 -166.3107 -0.4725 -0.4725 0.0000 0.0000 0.0000 314.2460 349.0546 -9.1075 287.9415 0.0000
6930.03 20.07.2018 00.30.01 26.30166 285.3930 -167.6153 -0.4762 -0.4762 0.0000 0.0000 0.0000 313.3133 348.2000 -8.9560 287.9415 0.0000
6940.03 20.07.2018 00.40.01 26.23116 285.2432 -169.2529 -0.4808 -0.4808 0.0000 0.0000 0.0000 312.3827 347.3589 -8.8092 287.9415 0.0000
6950.03 20.07.2018 00.50.01 26.15981 285.0930 -170.2161 -0.4836 -0.4836 0.0000 0.0000 0.0000 311.4546 346.5273 -8.6745 287.9415 0.0000
6960.03 20.07.2018 01.00.01 26.08825 284.9430 -171.6954 -0.4878 -0.4878 0.0000 0.0000 0.0000 310.5289 345.7048 -8.5560 287.9415 0.0000
6970.03 20.07.2018 01.10.01 26.01595 284.7921 -172.5674 -0.4902 -0.4902 0.0000 0.0000 0.0000 309.9241 344.9510 -8.3516 287.9415 0.0000
6980.03 20.07.2018 01.20.01 25.94363 284.6372 -173.6119 -0.4932 -0.4932 0.0000 0.0000 0.0000 309.3475 344.2146 -8.2288 287.9397 0.0000
6990.03 20.07.2018 01.30.01 25.87084 284.4825 -173.7991 -0.4937 -0.4937 0.0000 0.0000 0.0000 308.7807 343.5025 -8.1108 287.9363 0.0000
7000.03 20.07.2018 01.40.01 25.79791 284.3280 -173.8109 -0.4938 -0.4938 0.0000 0.0000 0.0000 308.2219 342.7995 -8.0454 287.9328 0.0000
7010.03 20.07.2018 01.50.01 25.72488 284.1742 -173.8139 -0.4938 -0.4938 0.0000 0.0000 0.0000 307.6693 342.1162 -7.9733 287.9294 0.0000
7020.03 20.07.2018 02.00.01 25.65170 284.0209 -173.8404 -0.4939 -0.4939 0.0000 0.0003 0.0002 307.1247 341.4391 -7.9465 287.9259 0.0000
7030.03 20.07.2018 02.10.01 25.57845 283.8898 -172.7704 -0.4908 -0.4948 0.0053 0.2060 0.1073 306.9223 340.8040 -8.0276 287.9209 0.0000
7040.03 20.07.2018 02.20.01 25.50561 283.7662 -172.6879 -0.4906 -0.4995 0.0119 0.4413 0.2301 306.7466 340.2164 -8.1089 287.9139 0.0000
7050.03 20.07.2018 02.30.01 25.43267 283.6405 -172.9349 -0.4913 -0.5053 0.0187 0.6813 0.3553 306.5776 339.6489 -8.2307 287.9054 0.0000
7060.03 20.07.2018 02.40.01 25.35964 283.5154 -173.4675 -0.4928 -0.5120 0.0255 0.9222 0.4810 306.4103 339.0975 -8.3884 287.8964 0.0000
7070.03 20.07.2018 02.50.01 25.28646 283.3904 -174.1214 -0.4947 -0.5190 0.0324 1.1633 0.6068 306.2462 338.5658 -8.5570 287.8875 0.0000
7080.03 20.07.2018 03.00.01 25.21292 283.2638 -174.5612 -0.4959 -0.5255 0.0394 1.4088 0.7349 306.0811 338.0418 -8.7663 287.8785 0.0000
7090.03 20.07.2018 03.10.01 25.13934 283.3159 -156.6739 -0.4451 -0.5304 0.1138 4.2835 2.2328 305.8481 337.8661 -7.9190 287.8691 0.0000
7100.03 20.07.2018 03.20.01 25.07141 283.3679 -142.7428 -0.4055 -0.5593 0.2050 7.5382 3.9312 305.7452 337.8439 -7.3001 287.8584 0.0000
7110.03 20.07.2018 03.30.01 25.00796 283.4213 -133.8774 -0.3803 -0.6047 0.2992 10.8535 5.6609 305.7056 337.9109 -6.8865 287.8469 0.0000
7120.03 20.07.2018 03.40.01 24.94747 283.4781 -128.0468 -0.3638 -0.6592 0.3939 14.1804 7.3967 305.7005 338.0701 -6.5584 287.8353 0.0000
7130.03 20.07.2018 03.50.01 24.88903 283.5403 -123.7856 -0.3517 -0.7181 0.4886 17.5094 9.1336 305.7215 338.3017 -6.3265 287.8239 0.0000
7140.03 20.07.2018 04.00.01 24.83215 283.6034 -120.5426 -0.3425 -0.7800 0.5834 20.8383 10.8704 305.7646 338.5831 -6.2226 287.8131 0.0000
7150.03 20.07.2018 04.10.01 24.77657 283.9464 -118.8917 -0.3378 -0.8416 0.6717 23.9146 12.4757 306.3930 339.1841 -4.6360 287.8036 0.0000
7160.03 20.07.2018 04.20.01 24.72216 284.2922 -115.6637 -0.3286 -0.8974 0.7584 26.9545 14.0617 307.1042 339.9269 -3.2249 287.7957 0.0000
7170.03 20.07.2018 04.30.01 24.66934 284.6348 -111.5802 -0.3170 -0.9506 0.8449 29.9885 15.6447 307.8510 340.7722 -1.9881 287.7896 0.0000
7180.03 20.07.2018 04.40.01 24.61837 284.9775 -107.0984 -0.3043 -1.0027 0.9312 33.0213 17.2270 308.6244 341.7093 -0.8889 287.7848 0.0000
7190.03 20.07.2018 04.50.01 24.56927 285.3217 -102.5807 -0.2914 -1.0546 1.0176 36.0540 18.8093 309.4207 342.7271 0.0925 287.7818 0.0000
