# simtime date time IndoorTemp Av_Tair_at_facade Energyflux.toIndoor.sum  Energyflux.toIndoor.average Energyflux.Conduction.average Energyflux.SW.transmission.average Shortwave.availabe Shortwave.absorbed Longwave.available Longwave.emittedFacade Sensible.outside Vapour.fromGreening Vapour.fromSubstrate
10.02 15.07.2018 05.10.00 19.87527 288.5198 54.5383 0.1976 -0.2018 0.5326 496.5254 278.7491 324.4198 412.1580 -57.5591 0.0000 0.0000
20.02 15.07.2018 05.20.00 19.89257 289.2997 96.1849 0.3485 -0.3848 0.9777 890.6583 500.4417 328.7918 465.4637 -104.8226 0.0000 0.0000
30.03 15.07.2018 05.30.01 19.93035 290.1650 139.0544 0.5038 -0.6228 1.5022 1287.9209 723.9565 335.4226 530.5345 -160.9892 0.0000 0.0000
40.03 15.07.2018 05.40.01 19.99148 291.1423 185.3668 0.6716 -0.9164 2.1174 1213.8798 682.5075 344.2700 544.0159 -174.3176 0.0000 0.0000
50.03 15.07.2018 05.50.01 20.07394 291.8176 104.6223 0.3791 -1.2446 2.1648 1121.3236 630.4083 347.4320 546.7978 -178.3125 0.0000 0.0000
60.03 15.07.2018 06.00.01 20.12621 292.3489 61.5088 0.2229 -1.3595 2.1098 1024.4132 575.7728 349.1202 544.4379 -178.3613 0.0000 0.0000
70.03 15.07.2018 06.10.01 20.16433 292.6368 53.2490 0.1929 -1.3430 2.0479 979.7772 550.5566 350.1843 545.5555 -179.9338 0.0000 0.0000
80.03 15.07.2018 06.20.01 20.20352 292.9558 74.3854 0.2695 -1.2631 2.0435 934.6768 525.0157 351.5854 545.2225 -180.1293 0.0000 0.0000
90.03 15.07.2018 06.30.01 20.25662 293.2430 96.4213 0.3494 -1.1732 2.0300 888.8855 499.0661 352.7716 543.2699 -179.1691 0.0000 0.0000
100.03 15.07.2018 06.40.01 20.32458 293.5552 126.8725 0.4597 -1.0718 2.0420 859.2372 482.1694 354.1240 542.4706 -177.5029 0.0000 0.0000
110.03 15.07.2018 06.50.01 20.41073 293.8690 154.2006 0.5587 -0.9750 2.0449 833.9367 467.8887 355.3439 541.6100 -176.3134 0.0000 0.0000
120.03 15.07.2018 07.00.01 20.51373 294.1818 182.8239 0.6624 -0.8795 2.0558 810.0965 454.4770 356.5574 540.3329 -175.1484 0.0000 0.0000
130.03 15.07.2018 07.10.01 20.63369 294.4854 207.9892 0.7536 -0.7925 2.0615 794.3242 445.5713 357.9921 540.3726 -170.8921 0.0000 0.0000
140.03 15.07.2018 07.20.01 20.76879 294.7902 236.1774 0.8557 -0.7128 2.0913 778.6371 436.6977 359.6982 540.2391 -167.2133 0.0000 0.0000
150.03 15.07.2018 07.30.01 20.91958 295.0948 257.7424 0.9338 -0.6505 2.1125 761.9754 427.2457 361.3739 539.7321 -163.6491 0.0000 0.0000
160.03 15.07.2018 07.40.01 21.08306 295.4102 284.7047 1.0315 -0.5984 2.1732 750.4320 420.6527 363.4924 539.8953 -160.2066 0.0000 0.0000
170.03 15.07.2018 07.50.01 21.26077 295.7280 298.3272 1.0809 -0.5707 2.2021 737.3641 413.1711 365.3214 539.7478 -156.7763 0.0000 0.0000
180.03 15.07.2018 08.00.01 21.44665 296.0327 308.3530 1.1172 -0.5456 2.2171 722.7344 404.7632 367.0279 539.1983 -153.4141 0.0000 0.0000
190.03 15.07.2018 08.10.01 21.63876 296.3098 319.9937 1.1594 -0.5220 2.2419 707.4853 396.0114 368.9771 539.9957 -144.3757 0.0000 0.0000
200.03 15.07.2018 08.20.01 21.83724 296.4500 327.7588 1.1875 -0.5066 2.2588 691.4753 386.8094 370.7646 539.6538 -140.9944 0.0000 0.0000
210.03 15.07.2018 08.30.01 22.04034 296.6125 337.7091 1.2236 -0.4955 2.2921 675.5917 377.6698 372.2648 537.7631 -142.6632 0.0000 0.0000
220.03 15.07.2018 08.40.01 22.24853 296.9234 337.5826 1.2231 -0.4937 2.2890 661.2249 369.3376 373.5318 537.1735 -137.0439 0.0000 0.0000
230.03 15.07.2018 08.50.01 22.45748 297.2380 342.7122 1.2417 -0.4838 2.3007 646.9379 361.0417 374.9006 536.2406 -134.5277 0.0000 0.0000
240.03 15.07.2018 09.00.01 22.66934 297.5724 353.2202 1.2798 -0.4799 2.3462 632.9521 352.8994 376.5715 534.9450 -134.1234 0.0000 0.0000
250.03 15.07.2018 09.10.01 22.88595 297.8097 359.2667 1.3017 -0.4942 2.3946 615.4019 342.7361 378.4132 534.6063 -120.4158 0.0000 0.0000
260.03 15.07.2018 09.20.01 23.10543 298.0169 367.9478 1.3331 -0.5196 2.4703 598.9555 333.2146 380.1234 531.3924 -123.5532 0.0000 0.0000
270.03 15.07.2018 09.30.01 23.32870 298.2758 371.2078 1.3450 -0.5623 2.5430 582.0264 323.4040 381.3781 526.4090 -134.0179 0.0000 0.0000
280.03 15.07.2018 09.40.01 23.55340 298.7856 374.5819 1.3572 -0.6109 2.6241 568.2557 315.3500 382.8551 526.5314 -120.4725 0.0000 0.0000
290.03 15.07.2018 09.50.01 23.77978 299.3331 384.1053 1.3917 -0.6659 2.7434 556.2178 308.3080 384.5506 526.0401 -120.7553 0.0000 0.0000
300.03 15.07.2018 10.00.01 24.00988 299.4979 377.5799 1.3680 -0.7412 2.8123 541.7612 299.8524 385.6016 524.0279 -124.0777 0.0000 0.0000
310.03 15.07.2018 10.10.01 24.23663 299.8170 365.1166 1.3229 -0.8070 2.8398 530.9060 293.4565 386.6173 521.9184 -119.0116 0.0000 0.0000
320.03 15.07.2018 10.20.01 24.45727 299.9994 350.5295 1.2700 -0.8548 2.8331 518.2927 286.0314 387.5406 519.2745 -116.1532 0.0000 0.0000
330.03 15.07.2018 10.30.01 24.67053 300.0400 328.5837 1.1905 -0.8816 2.7629 503.1257 277.1239 387.8121 515.8153 -114.3221 0.0000 0.0000
340.03 15.07.2018 10.40.01 24.87368 300.1128 335.0272 1.2139 -0.8771 2.7879 492.5899 270.8628 388.6799 513.3247 -112.6751 0.0000 0.0000
350.03 15.07.2018 10.50.01 25.07833 300.1951 325.3009 1.1786 -0.8927 2.7618 479.5715 263.1503 389.3406 510.2908 -111.1706 0.0000 0.0000
360.03 15.07.2018 11.00.01 25.27789 300.3218 317.4763 1.1503 -0.9004 2.7342 465.9064 255.0511 389.9533 507.2845 -109.5733 0.0000 0.0000
370.03 15.07.2018 11.10.01 25.47289 300.4565 324.2198 1.1747 -0.9036 2.7711 452.2341 247.0489 390.8908 505.3284 -105.8096 0.0000 0.0000
380.03 15.07.2018 11.20.01 25.66949 300.5916 314.1721 1.1383 -0.9356 2.7652 436.6768 237.9475 391.7153 503.0915 -102.2893 0.0000 0.0000
390.03 15.07.2018 11.30.01 25.86047 300.7190 301.8342 1.0936 -0.9608 2.7391 420.4219 228.4434 392.3141 500.5928 -99.1152 0.0000 0.0000
400.03 15.07.2018 11.40.01 26.04501 300.8468 301.7406 1.0933 -0.9756 2.7585 399.8665 216.2547 393.1256 497.3258 -95.1119 0.0000 0.0000
410.03 15.07.2018 11.50.01 26.22814 300.8874 288.8854 1.0467 -1.0047 2.7351 384.3454 207.1193 393.6836 494.5248 -92.3228 0.0000 0.0000
420.03 15.07.2018 12.00.01 26.40426 300.8958 272.9647 0.9890 -1.0225 2.6821 367.9510 197.4822 394.0226 491.3539 -89.7037 0.0000 0.0000
430.03 15.07.2018 12.10.01 26.57229 301.0976 282.8315 1.0248 -1.0275 2.7364 358.1197 191.8016 394.8638 489.2101 -86.2752 0.0000 0.0000
440.03 15.07.2018 12.20.01 26.74337 301.1180 345.8597 1.2531 -1.0731 3.1016 356.0931 190.5682 395.3512 487.7673 -86.4061 0.0000 0.0000
450.03 15.07.2018 12.30.01 26.94073 301.0296 438.4884 1.5887 -1.2610 3.7996 360.8712 193.1655 395.6353 486.8459 -90.1881 0.0000 0.0000
460.03 15.07.2018 12.40.01 27.17617 300.9766 473.0787 1.7141 -1.6439 4.4773 354.7790 189.1919 396.0818 484.7615 -89.5444 0.0000 0.0000
470.03 15.07.2018 12.50.01 27.42571 300.8710 477.0821 1.7286 -2.1023 5.1078 352.7711 187.7050 396.2797 483.3667 -89.9821 0.0000 0.0000
480.03 15.07.2018 13.00.01 27.67639 300.8346 479.6211 1.7378 -2.5745 5.7496 352.3115 187.1388 396.7233 482.5202 -90.5188 0.0000 0.0000
490.03 15.07.2018 13.10.01 27.92751 300.8844 465.8295 1.6878 -3.0569 6.3263 354.4789 188.3580 396.9386 483.0329 -87.3325 0.0000 0.0000
500.03 15.07.2018 13.20.01 28.17220 300.9510 448.8447 1.6262 -3.5160 6.8563 355.6644 189.0238 397.0242 483.6015 -84.8383 0.0000 0.0000
510.03 15.07.2018 13.30.01 28.40890 300.9749 423.3587 1.5339 -3.9467 7.3074 349.5521 185.3705 396.7503 483.1209 -81.8845 0.0000 0.0000
520.03 15.07.2018 13.40.01 28.63406 301.0159 409.8206 1.4849 -4.3340 7.7585 349.6726 185.4127 396.4341 483.4112 -80.4124 0.0000 0.0000
530.03 15.07.2018 13.50.01 28.85256 301.0586 399.9363 1.4490 -4.7042 8.2043 350.4009 185.8231 396.2367 483.8477 -79.4104 0.0000 0.0000
540.03 15.07.2018 14.00.01 29.06579 301.0460 376.7453 1.3650 -5.0632 8.5710 348.8590 184.9318 395.7954 483.8570 -78.4224 0.0000 0.0000
550.03 15.07.2018 14.10.01 29.26769 301.0668 308.8557 1.1190 -5.3822 8.6684 340.3878 180.6951 396.2245 484.4739 -73.5782 0.0000 0.0000
560.03 15.07.2018 14.20.01 29.43963 301.0769 250.6526 0.9082 -5.5737 8.6425 329.2377 174.9451 396.4012 484.5935 -68.4512 0.0000 0.0000
570.03 15.07.2018 14.30.01 29.58541 301.0764 203.8400 0.7386 -5.6620 8.5341 317.1079 168.6698 396.4295 484.4459 -63.5452 0.0000 0.0000
580.03 15.07.2018 14.40.01 29.70944 301.0399 152.8386 0.5538 -5.6705 8.2991 302.2354 160.8913 396.2298 483.6765 -58.7393 0.0000 0.0000
590.03 15.07.2018 14.50.01 29.81024 301.0229 114.5211 0.4149 -5.5944 8.0124 287.6089 153.2999 396.0858 482.8010 -54.2954 0.0000 0.0000
600.03 15.07.2018 15.00.01 29.89282 301.0174 72.7778 0.2637 -5.4583 7.6293 271.5168 144.9013 395.7421 481.4739 -50.1718 0.0000 0.0000
610.03 15.07.2018 15.10.01 29.95620 300.9465 101.8632 0.3691 -5.2621 7.5082 258.8927 137.8427 394.6940 478.9729 -50.7030 0.0000 0.0000
620.03 15.07.2018 15.20.01 30.03076 300.9441 116.8258 0.4233 -5.1389 7.4163 248.3405 132.0042 394.0382 476.6240 -50.7699 0.0000 0.0000
630.03 15.07.2018 15.30.01 30.11035 300.8564 114.1755 0.4137 -5.0567 7.2938 239.7415 127.3607 393.2657 473.7892 -52.2943 0.0000 0.0000
640.03 15.07.2018 15.40.01 30.18771 300.7246 92.8324 0.3363 -4.9799 7.0883 231.4825 123.0284 392.2624 470.7263 -53.4272 0.0000 0.0000
650.03 15.07.2018 15.50.01 30.25494 300.5829 77.6326 0.2813 -4.8722 6.8713 223.8087 119.0557 391.3136 467.6796 -54.5209 0.0000 0.0000
660.03 15.07.2018 16.00.01 30.31442 300.4605 58.8368 0.2132 -4.7475 6.6142 205.8838 108.9626 390.3354 463.1827 -53.5168 0.0000 0.0000
670.03 15.07.2018 16.10.01 30.36508 300.2689 80.5408 0.2918 -4.5985 6.5204 197.6870 104.4679 388.2613 460.2909 -51.1006 0.0000 0.0000
680.03 15.07.2018 16.20.01 30.42346 300.0706 85.0278 0.3081 -4.5068 6.4199 189.6780 100.0909 386.1885 457.4565 -48.9537 0.0000 0.0000
690.03 15.07.2018 16.30.01 30.48254 299.8856 81.4674 0.2952 -4.4359 6.3081 181.6949 95.7378 384.1091 454.6457 -46.9552 0.0000 0.0000
700.03 15.07.2018 16.40.01 30.53387 299.6871 -424.9418 -1.5396 -4.3693 3.7728 163.5888 87.1541 382.0110 450.8921 -43.6557 0.0000 0.0000
710.03 15.07.2018 16.50.01 30.37704 299.4900 -158.6865 -0.5750 -3.3001 3.6336 155.1678 82.5740 379.7829 447.9675 -41.3833 0.0000 0.0000
720.03 15.07.2018 17.00.01 30.32635 299.3025 -55.4992 -0.2011 -2.8164 3.4871 146.6551 77.9438 377.5058 445.0577 -39.0661 0.0000 0.0000
730.03 15.07.2018 17.10.01 30.31671 299.0807 -14.1349 -0.0512 -2.5637 3.3500 139.6033 74.1508 375.7254 442.2545 -36.9754 0.0000 0.0000
740.03 15.07.2018 17.20.01 30.32287 298.8593 -1.1456 -0.0042 -2.4092 3.2067 123.3233 64.8254 373.9683 438.1321 -33.7690 0.0000 0.0000
750.03 15.07.2018 17.30.01 30.33318 298.6356 -0.4173 -0.0015 -2.2933 3.0557 116.3609 61.0968 372.2054 435.3584 -31.8792 0.0000 0.0000
760.03 15.07.2018 17.40.01 30.34265 298.4182 -9.1404 -0.0331 -2.1915 2.8779 105.8406 55.3185 370.5048 432.2230 -29.6553 0.0000 0.0000
770.03 15.07.2018 17.50.01 30.34722 298.2014 -18.0797 -0.0655 -2.0853 2.6931 97.3607 50.7697 368.8145 429.4186 -27.6421 0.0000 0.0000
780.03 15.07.2018 18.00.01 30.34670 297.9844 -27.8050 -0.1007 -1.9752 2.4993 89.5377 46.6225 367.1146 426.7072 -25.8240 0.0000 0.0000
790.03 15.07.2018 18.10.01 30.33697 297.4630 -389.5155 -1.4113 -1.8611 0.5997 72.5692 38.4974 365.3432 422.9180 -24.3303 0.0000 0.0000
800.03 15.07.2018 18.20.01 30.17791 296.9395 -179.7653 -0.6513 -1.0401 0.5184 62.7004 33.2611 363.3753 419.6123 -23.2875 0.0000 0.0000
810.03 15.07.2018 18.30.01 30.10204 296.4162 -97.8274 -0.3544 -0.6858 0.4418 51.3732 27.1464 361.4031 416.0521 -22.0654 0.0000 0.0000
820.03 15.07.2018 18.40.01 30.05816 295.8925 -67.6307 -0.2450 -0.5192 0.3656 38.7461 20.5571 359.4051 412.6161 -20.9353 0.0000 0.0000
830.03 15.07.2018 18.50.01 30.02535 295.3673 -61.1737 -0.2216 -0.4300 0.2777 25.1011 13.3664 357.2954 408.8783 -19.5274 0.0000 0.0000
840.03 15.07.2018 19.00.01 29.99386 294.8416 -62.2166 -0.2254 -0.3683 0.1905 12.6134 6.8683 355.1675 405.1979 -18.1800 0.0000 0.0000
850.03 15.07.2018 19.10.01 29.96053 294.2145 -62.3769 -0.2260 -0.3196 0.1248 9.5592 5.1582 353.1118 401.6578 -17.2885 0.0000 0.0000
860.03 15.07.2018 19.20.01 29.92565 293.5945 -59.3210 -0.2149 -0.2869 0.0960 7.7618 4.1728 351.3011 398.5704 -17.1299 0.0000 0.0000
870.03 15.07.2018 19.30.01 29.89050 292.9848 -60.9456 -0.2208 -0.2762 0.0739 5.7690 3.1084 349.5885 395.6485 -17.3091 0.0000 0.0000
880.03 15.07.2018 19.40.01 29.85302 292.3681 -65.4489 -0.2371 -0.2769 0.0531 3.7831 2.0508 347.9179 392.8387 -17.5283 0.0000 0.0000
890.03 15.07.2018 19.50.01 29.81237 291.7632 -71.9147 -0.2606 -0.2840 0.0313 1.9124 1.0487 346.2676 390.1276 -17.7994 0.0000 0.0000
900.03 15.07.2018 20.00.01 29.76757 291.1620 -78.8757 -0.2858 -0.2929 0.0095 0.3312 0.1912 344.6398 387.5048 -18.1291 0.0000 0.0000
910.03 15.07.2018 20.10.01 29.71847 290.7425 -83.1151 -0.3011 -0.3024 0.0017 0.0596 0.0344 343.0195 385.2459 -17.8374 0.0000 0.0000
920.03 15.07.2018 20.20.01 29.66628 290.3367 -87.3338 -0.3164 -0.3167 0.0003 0.0108 0.0062 341.4944 383.1544 -17.6886 0.0000 0.0000
930.03 15.07.2018 20.30.01 29.61105 289.9289 -92.6276 -0.3356 -0.3356 0.0001 0.0019 0.0011 340.0111 381.1582 -17.6687 0.0000 0.0000
940.03 15.07.2018 20.40.01 29.55233 289.5253 -98.4123 -0.3566 -0.3566 0.0000 0.0004 0.0002 338.5531 379.2622 -17.5819 0.0000 0.0000
950.03 15.07.2018 20.50.01 29.49001 289.1231 -104.3201 -0.3780 -0.3780 0.0000 0.0001 0.0000 337.1162 377.4383 -17.5736 0.0000 0.0000
960.03 15.07.2018 21.00.01 29.42410 288.7179 -110.2671 -0.3995 -0.3995 0.0000 0.0000 0.0000 335.6988 375.6715 -17.6424 0.0000 0.0000
970.03 15.07.2018 21.10.01 29.35464 288.4229 -115.5050 -0.4185 -0.4185 0.0000 0.0000 0.0000 334.4765 374.3330 -16.0284 0.0000 0.0000
980.03 15.07.2018 21.20.01 29.28256 288.2001 -119.0381 -0.4313 -0.4313 0.0000 0.0000 0.0000 333.1623 373.0637 -15.0038 0.0000 0.0000
990.03 15.07.2018 21.30.01 29.20849 288.0259 -121.9192 -0.4417 -0.4417 0.0000 0.0000 0.0000 332.0002 371.8594 -14.3946 0.0000 0.0000
1000.03 15.07.2018 21.40.01 29.13265 287.8351 -125.1726 -0.4535 -0.4535 0.0000 0.0000 0.0000 330.8930 370.5833 -13.8405 0.0000 0.0000
1010.03 15.07.2018 21.50.01 29.05401 287.1633 -131.1436 -0.4752 -0.4752 0.0000 0.0000 0.0000 329.6227 368.7119 -16.1207 0.0000 0.0000
1020.03 15.07.2018 22.00.01 28.97112 286.7181 -139.2339 -0.5045 -0.5045 0.0000 0.0000 0.0000 328.5155 366.6148 -19.3663 0.0000 0.0000
1030.03 15.07.2018 22.10.01 28.88290 286.5758 -147.5356 -0.5345 -0.5345 0.0000 0.0000 0.0000 327.8094 365.3851 -18.6671 0.0000 0.0000
1040.03 15.07.2018 22.20.01 28.79052 286.4373 -152.8500 -0.5538 -0.5538 0.0000 0.0000 0.0000 327.0953 364.2411 -18.0620 0.0000 0.0000
1050.03 15.07.2018 22.30.01 28.69543 286.2939 -156.4977 -0.5670 -0.5670 0.0000 0.0000 0.0000 326.3843 363.1497 -17.5613 0.0000 0.0000
1060.03 15.07.2018 22.40.01 28.59829 286.1547 -159.5318 -0.5780 -0.5780 0.0000 0.0000 0.0000 325.6901 362.1205 -17.0898 0.0000 0.0000
1070.03 15.07.2018 22.50.01 28.49944 286.0144 -162.2360 -0.5878 -0.5878 0.0000 0.0000 0.0000 325.0141 361.1317 -16.6952 0.0000 0.0000
1080.03 15.07.2018 23.00.01 28.39901 285.8711 -164.8704 -0.5974 -0.5974 0.0000 0.0000 0.0000 324.3481 360.1760 -16.3618 0.0000 0.0000
1090.03 15.07.2018 23.10.01 28.29699 285.8086 -166.3458 -0.6027 -0.6027 0.0000 0.0000 0.0000 323.9777 359.8267 -14.0373 0.0000 0.0000
1100.03 15.07.2018 23.20.01 28.19503 286.0141 -165.7974 -0.6007 -0.6007 0.0000 0.0000 0.0000 323.4529 359.4966 -11.7204 0.0000 0.0000
1110.03 15.07.2018 23.30.01 28.09371 285.9489 -164.7324 -0.5969 -0.5969 0.0000 0.0000 0.0000 322.7861 358.5402 -12.4524 0.0000 0.0000
1120.03 15.07.2018 23.40.01 27.99209 286.0590 -166.2103 -0.6022 -0.6022 0.0000 0.0000 0.0000 322.4688 358.3278 -10.5047 0.0000 0.0000
1130.03 15.07.2018 23.50.01 27.88949 285.3881 -167.9346 -0.6085 -0.6085 0.0000 0.0000 0.0000 321.9381 356.7892 -13.9128 0.0000 0.0000
1140.03 16.07.2018 00.00.01 27.78494 285.1124 -172.7789 -0.6260 -0.6260 0.0000 0.0000 0.0000 321.4024 355.3360 -16.3784 0.0000 0.0000
1150.03 16.07.2018 00.10.01 27.67718 285.1095 -177.5858 -0.6434 -0.6434 0.0000 0.0000 0.0000 321.0027 354.6976 -15.4011 0.0000 0.0000
1160.03 16.07.2018 00.20.01 27.56732 285.1160 -179.7777 -0.6514 -0.6514 0.0000 0.0000 0.0000 320.7013 354.1478 -14.5111 0.0000 0.0000
1170.03 16.07.2018 00.30.01 27.45654 285.1216 -180.6579 -0.6546 -0.6546 0.0000 0.0000 0.0000 320.4381 353.6463 -13.7257 0.0000 0.0000
1180.03 16.07.2018 00.40.01 27.34551 285.1272 -181.1119 -0.6562 -0.6562 0.0000 0.0000 0.0000 320.1772 353.1842 -12.9935 0.0000 0.0000
1190.03 16.07.2018 00.50.01 27.23419 285.1403 -181.1182 -0.6562 -0.6562 0.0000 0.0000 0.0000 319.9282 352.7569 -12.3084 0.0000 0.0000
1200.03 16.07.2018 01.00.01 27.12283 285.1509 -181.0944 -0.6561 -0.6561 0.0000 0.0000 0.0000 319.6800 352.3484 -11.6921 0.0000 0.0000
1210.03 16.07.2018 01.10.01 27.01125 285.0438 -181.3155 -0.6569 -0.6569 0.0000 0.0000 0.0000 319.3064 351.7730 -11.8220 0.0000 0.0000
1220.03 16.07.2018 01.20.01 26.89941 284.9391 -182.8684 -0.6626 -0.6626 0.0000 0.0000 0.0000 318.9102 351.1713 -11.9823 0.0000 0.0000
1230.03 16.07.2018 01.30.01 26.78646 284.8247 -184.6495 -0.6690 -0.6690 0.0000 0.0000 0.0000 318.4827 350.5428 -12.1772 0.0000 0.0000
1240.03 16.07.2018 01.40.01 26.67245 284.7284 -186.2755 -0.6749 -0.6749 0.0000 0.0000 0.0000 318.0990 350.0087 -12.0575 0.0000 0.0000
1250.03 16.07.2018 01.50.01 26.55752 284.6297 -187.3482 -0.6788 -0.6788 0.0000 0.0000 0.0000 317.7127 349.4786 -11.9586 0.0000 0.0000
1260.03 16.07.2018 02.00.01 26.44216 284.5317 -188.3111 -0.6823 -0.6823 0.0000 0.0005 0.0003 317.3136 348.9543 -11.8671 0.0000 0.0000
1270.03 16.07.2018 02.10.01 26.32653 284.5793 -187.2749 -0.6785 -0.6821 0.0047 0.3286 0.1797 317.0261 348.9051 -10.0971 0.0000 0.0000
1280.03 16.07.2018 02.20.01 26.21215 284.4000 -183.6457 -0.6654 -0.6735 0.0108 0.7072 0.3884 316.5316 348.5067 -9.6484 0.0000 0.0000
1290.03 16.07.2018 02.30.01 26.10006 284.6864 -180.6827 -0.6546 -0.6675 0.0171 1.0940 0.6017 316.1126 348.2659 -9.0244 0.0000 0.0000
1300.03 16.07.2018 02.40.01 25.98901 284.8214 -179.7257 -0.6512 -0.6688 0.0235 1.4824 0.8160 315.9265 348.3677 -7.2618 0.0000 0.0000
1310.03 16.07.2018 02.50.01 25.87838 284.1953 -178.8857 -0.6481 -0.6706 0.0299 1.8710 1.0304 315.5096 347.3981 -9.9850 0.0000 0.0000
1320.03 16.07.2018 03.00.01 25.76708 283.9340 -182.3510 -0.6607 -0.6880 0.0363 2.2626 1.2465 315.0405 346.3766 -12.2109 0.0000 0.0000
1330.03 16.07.2018 03.10.01 25.65347 284.0763 -180.4727 -0.6539 -0.7051 0.0683 4.4344 2.4360 314.9171 346.2943 -11.2338 0.0000 0.0000
1340.03 16.07.2018 03.20.01 25.54098 284.2377 -176.8373 -0.6407 -0.7216 0.1079 6.8814 3.7848 314.9521 346.4005 -10.3856 0.0000 0.0000
1350.03 16.07.2018 03.30.01 25.43054 284.4049 -173.4135 -0.6283 -0.7398 0.1487 9.3726 5.1591 315.0549 346.6112 -9.6307 0.0000 0.0000
1360.03 16.07.2018 03.40.01 25.32205 284.5744 -170.3391 -0.6172 -0.7595 0.1897 11.8723 6.5383 315.1974 346.9012 -8.9602 0.0000 0.0000
1370.03 16.07.2018 03.50.01 25.21536 284.7476 -167.5402 -0.6070 -0.7802 0.2309 14.3735 7.9184 315.3720 347.2597 -8.3545 0.0000 0.0000
1380.03 16.07.2018 04.00.01 25.11038 284.9268 -164.9916 -0.5978 -0.8018 0.2720 16.8746 9.2984 315.5729 347.6799 -7.7929 0.0000 0.0000
1390.03 16.07.2018 04.10.01 25.00707 285.7798 -161.9323 -0.5867 -0.8190 0.3097 19.1407 10.5499 317.2136 349.3283 -3.8637 0.0000 0.0000
1400.03 16.07.2018 04.20.01 24.90667 286.6081 -156.1135 -0.5656 -0.8255 0.3464 21.3704 11.7803 318.8973 350.8344 -1.1575 0.0000 0.0000
1410.03 16.07.2018 04.30.01 24.80999 287.3587 -150.2935 -0.5445 -0.8318 0.3830 23.5942 13.0074 320.5120 352.3007 1.2432 0.0000 0.0000
1420.03 16.07.2018 04.40.01 24.71636 288.2094 -146.1884 -0.5297 -0.8443 0.4195 25.8169 14.2338 322.2916 354.0655 3.0436 0.0000 0.0000
1430.03 16.07.2018 04.50.01 24.62530 288.8386 -142.1870 -0.5152 -0.8572 0.4561 98.2117 54.8599 324.0660 362.2106 -1.1609 0.0000 0.0000
1440.03 16.07.2018 05.00.01 24.53665 289.6613 -124.0768 -0.4496 -0.8702 0.5608 113.9874 63.7474 326.4544 367.0141 -1.7341 0.0000 0.0000
1450.03 16.07.2018 05.10.01 24.45654 290.2988 -123.4516 -0.4473 -0.9097 0.6166 480.6304 269.7970 328.3786 405.8238 -37.8506 0.0000 0.0000
1460.03 16.07.2018 05.20.01 24.37853 291.2330 -46.8520 -0.1698 -0.9382 1.0246 859.1804 482.7052 333.6226 458.2945 -86.6061 0.0000 0.0000
1470.03 16.07.2018 05.30.01 24.33447 292.1738 12.9925 0.0471 -1.1011 1.5309 1240.9259 697.4835 340.6279 520.1669 -146.9390 0.0000 0.0000
1480.03 16.07.2018 05.40.01 24.31869 293.2196 67.7012 0.2453 -1.3504 2.1276 1168.9903 657.2041 349.4824 533.5198 -166.2947 0.0000 0.0000
1490.03 16.07.2018 05.50.01 24.32925 293.9208 -7.0745 -0.0256 -1.6608 2.1803 1079.3332 606.7324 352.8087 535.7994 -176.0459 0.0000 0.0000
1500.03 16.07.2018 06.00.01 24.31371 294.5242 -45.3215 -0.1642 -1.7648 2.1342 985.5040 553.8306 354.7346 533.3670 -180.6418 0.0000 0.0000
1510.03 16.07.2018 06.10.01 24.28723 294.8672 -50.6281 -0.1834 -1.7394 2.0746 945.2275 531.0699 356.1092 536.1350 -180.5823 0.0000 0.0000
1520.03 16.07.2018 06.20.01 24.26376 295.2551 -25.9608 -0.0941 -1.6485 2.0726 904.5549 508.0255 357.8626 537.7959 -178.5084 0.0000 0.0000
1530.03 16.07.2018 06.30.01 24.25628 295.6204 -0.9776 -0.0035 -1.5470 2.0579 863.0677 484.5012 359.3743 537.8650 -175.5662 0.0000 0.0000
1540.03 16.07.2018 06.40.01 24.26547 295.9882 35.2413 0.1277 -1.4321 2.0797 836.3127 469.2415 361.1473 538.7399 -172.5663 0.0000 0.0000
1550.03 16.07.2018 06.50.01 24.29604 296.3575 65.2100 0.2363 -1.3265 2.0837 813.8222 456.5554 362.7170 539.5856 -169.6783 0.0000 0.0000
1560.03 16.07.2018 07.00.01 24.34521 296.7241 97.5396 0.3534 -1.2195 2.0973 792.4137 444.5098 364.2831 540.0363 -166.4861 0.0000 0.0000
1570.03 16.07.2018 07.10.01 24.41354 297.0572 125.2064 0.4536 -1.1206 2.0990 778.9182 436.8898 365.9987 541.2362 -162.6671 0.0000 0.0000
1580.03 16.07.2018 07.20.01 24.49865 297.3928 156.7179 0.5678 -1.0254 2.1243 765.4919 429.2925 367.9226 542.4372 -158.8464 0.0000 0.0000
1590.03 16.07.2018 07.30.01 24.60153 297.7326 181.7307 0.6584 -0.9467 2.1402 751.0593 421.0987 369.7860 543.3623 -154.6375 0.0000 0.0000
1600.03 16.07.2018 07.40.01 24.71917 298.1016 212.5482 0.7701 -0.8764 2.1954 740.9360 415.3105 372.0676 544.8476 -150.7013 0.0000 0.0000
1610.03 16.07.2018 07.50.01 24.85342 298.4476 229.8272 0.8327 -0.8313 2.2187 729.2704 408.6232 374.0401 546.0511 -146.3543 0.0000 0.0000
1620.03 16.07.2018 08.00.01 24.99813 298.7902 243.7736 0.8832 -0.7885 2.2289 716.0696 401.0248 375.9006 546.8777 -141.9223 0.0000 0.0000
1630.03 16.07.2018 08.10.01 25.15148 299.0538 259.2217 0.9392 -0.7463 2.2473 703.2967 393.6668 377.3489 546.9342 -140.3884 0.0000 0.0000
1640.03 16.07.2018 08.20.01 25.31362 299.2952 271.3294 0.9831 -0.7120 2.2601 689.7942 385.8756 378.6557 546.4681 -139.6685 0.0000 0.0000
1650.03 16.07.2018 08.30.01 25.48281 299.5277 284.9097 1.0323 -0.6825 2.2863 676.2298 378.0359 380.0197 545.6943 -139.2546 0.0000 0.0000
1660.03 16.07.2018 08.40.01 25.65927 299.7982 289.2546 1.0480 -0.6643 2.2831 663.7837 370.7862 381.1315 545.3525 -136.2902 0.0000 0.0000
1670.03 16.07.2018 08.50.01 25.83889 300.0878 297.3844 1.0775 -0.6419 2.2926 651.2675 363.4841 382.3424 544.8900 -133.6933 0.0000 0.0000
1680.03 16.07.2018 09.00.01 26.02300 300.4542 307.8024 1.1152 -0.6255 2.3209 638.3556 355.9284 383.7993 544.2993 -131.1534 0.0000 0.0000
1690.03 16.07.2018 09.10.01 26.21258 300.6827 320.3797 1.1608 -0.6219 2.3770 624.4932 347.8254 385.0076 542.7609 -130.7110 0.0000 0.0000
1700.03 16.07.2018 09.20.01 26.40798 300.8929 332.9176 1.2062 -0.6366 2.4571 611.3937 340.1618 386.3160 541.1134 -130.4401 0.0000 0.0000
1710.03 16.07.2018 09.30.01 26.60916 301.0728 339.2466 1.2292 -0.6717 2.5345 597.6806 332.1305 387.7362 539.1739 -130.0333 0.0000 0.0000
1720.03 16.07.2018 09.40.01 26.81344 301.1649 345.1374 1.2505 -0.7155 2.6214 586.5038 325.5052 389.2056 537.5784 -129.1673 0.0000 0.0000
1730.03 16.07.2018 09.50.01 27.02059 301.1380 356.3404 1.2911 -0.7685 2.7461 576.9249 319.8113 390.8288 535.9700 -129.2158 0.0000 0.0000
1740.03 16.07.2018 10.00.01 27.23248 301.0903 349.8802 1.2677 -0.8425 2.8136 564.4330 312.4137 392.1598 533.6710 -128.9337 0.0000 0.0000
1750.03 16.07.2018 10.10.01 27.44186 301.4966 364.5491 1.3208 -0.9039 2.9663 545.0593 301.3152 394.0193 531.4685 -121.6954 0.0000 0.0000
1760.03 16.07.2018 10.20.01 27.65695 301.6126 355.9608 1.2897 -0.9982 3.0505 523.4187 288.9087 395.5025 528.0320 -117.6812 0.0000 0.0000
1770.03 16.07.2018 10.30.01 27.86804 301.5582 335.7105 1.2163 -1.0782 3.0593 499.6428 275.2798 396.0973 523.6373 -115.2576 0.0000 0.0000
1780.03 16.07.2018 10.40.01 28.07043 301.5785 344.7616 1.2491 -1.1210 3.1602 482.7490 265.5688 397.3733 520.8686 -111.1780 0.0000 0.0000
1790.03 16.07.2018 10.50.01 28.27664 301.5675 338.9315 1.2280 -1.1841 3.2162 464.4522 255.0493 398.5482 517.8546 -107.7962 0.0000 0.0000
1800.03 16.07.2018 11.00.01 28.47997 301.5566 333.8456 1.2096 -1.2429 3.2700 446.4375 244.6994 399.6397 514.8450 -105.1565 0.0000 0.0000
1810.03 16.07.2018 11.10.01 28.68002 302.0067 311.7043 1.1294 -1.3005 3.2398 439.3452 240.2878 400.7253 516.2866 -89.3540 0.0000 0.0000
1820.03 16.07.2018 11.20.01 28.86947 302.0238 299.2135 1.0841 -1.3254 3.2127 431.6681 235.5225 401.7225 516.2357 -90.6791 0.0000 0.0000
1830.03 16.07.2018 11.30.01 29.05261 301.9164 289.1345 1.0476 -1.3362 3.1784 423.1669 230.2684 402.0958 513.4542 -98.3765 0.0000 0.0000
1840.03 16.07.2018 11.40.01 29.23034 302.3037 291.3411 1.0556 -1.3431 3.1982 410.1403 222.2234 403.7080 512.7623 -85.8402 0.0000 0.0000
1850.03 16.07.2018 11.50.01 29.40728 302.1131 278.6131 1.0095 -1.3696 3.1721 400.7273 216.3815 404.7352 510.8286 -82.1844 0.0000 0.0000
1860.03 16.07.2018 12.00.01 29.57708 301.7041 262.4355 0.9509 -1.3869 3.1170 389.8396 209.6779 404.7426 506.4926 -88.6670 0.0000 0.0000
1870.03 16.07.2018 12.10.01 29.73870 301.6840 281.5598 1.0201 -1.3916 3.2157 378.9157 203.5529 405.0476 504.4275 -89.5436 0.0000 0.0000
1880.03 16.07.2018 12.20.01 29.90740 301.6788 336.2479 1.2183 -1.4537 3.5626 373.7749 200.7094 404.8946 502.7824 -91.0683 0.0000 0.0000
1890.03 16.07.2018 12.30.01 30.09857 301.6914 415.5129 1.5055 -1.6425 4.1973 374.6428 201.2535 404.5153 501.7406 -93.5615 0.0000 0.0000
1900.03 16.07.2018 12.40.01 30.32214 301.7181 438.8822 1.5902 -1.9993 4.7860 365.2658 195.6226 404.0637 498.7967 -94.4958 0.0000 0.0000
1910.03 16.07.2018 12.50.01 30.55508 301.7350 434.8356 1.5755 -2.4075 5.3106 359.7256 192.3426 403.3673 496.2753 -96.0836 0.0000 0.0000
1920.03 16.07.2018 13.00.01 30.78585 301.7609 428.4808 1.5525 -2.8126 5.8200 355.4896 189.8575 402.7712 493.8669 -98.0126 0.0000 0.0000
1930.03 16.07.2018 13.10.01 31.01302 301.7167 403.3906 1.4616 -3.2100 6.2288 353.1040 189.0338 402.7573 492.9314 -98.2183 0.0000 0.0000
1940.03 16.07.2018 13.20.01 31.22839 301.6632 352.8221 1.2783 -3.5636 6.4559 346.2643 185.6747 402.3333 491.2806 -97.4920 0.0000 0.0000
1950.03 16.07.2018 13.30.01 31.42126 301.6238 314.3445 1.1389 -3.8260 6.6199 336.6728 180.7132 402.0012 489.2479 -96.0945 0.0000 0.0000
1960.03 16.07.2018 13.40.01 31.59625 301.5834 268.4501 0.9726 -4.0242 6.6624 328.9015 176.9430 401.5804 487.6478 -94.2149 0.0000 0.0000
1970.03 16.07.2018 13.50.01 31.75012 301.5539 224.3777 0.8130 -4.1448 6.6103 320.2764 172.7321 401.1432 486.0561 -91.7539 0.0000 0.0000
1980.03 16.07.2018 14.00.01 31.88339 301.5193 175.1806 0.6347 -4.1929 6.4368 309.6546 167.4141 400.5913 484.2617 -88.6319 0.0000 0.0000
1990.03 16.07.2018 14.10.01 31.99438 301.4540 177.5631 0.6433 -4.1626 6.4080 301.6851 163.1463 399.4842 481.5666 -88.1101 0.0000 0.0000
2000.03 16.07.2018 14.20.01 32.10433 301.3868 169.7245 0.6149 -4.1577 6.3635 294.2010 159.1818 398.3268 479.0224 -87.3332 0.0000 0.0000
2010.03 16.07.2018 14.30.01 32.20870 301.3249 155.7113 0.5642 -4.1525 6.2890 286.4303 155.0678 397.1856 476.5169 -86.1672 0.0000 0.0000
2020.03 16.07.2018 14.40.01 32.30593 301.3720 133.2117 0.4827 -4.1376 6.1603 277.4985 150.3165 396.0622 474.1098 -83.9982 0.0000 0.0000
2030.03 16.07.2018 14.50.01 32.39208 301.2810 114.6124 0.4153 -4.0927 6.0106 268.7276 145.6779 394.9268 471.6238 -82.1025 0.0000 0.0000
2040.03 16.07.2018 15.00.01 32.46868 301.1909 93.2228 0.3378 -4.0256 5.8178 259.2891 140.6703 393.7403 469.1330 -79.7648 0.0000 0.0000
2050.03 16.07.2018 15.10.01 32.53539 301.1385 160.2100 0.5805 -3.9336 6.0188 254.1895 137.4205 392.1697 466.8847 -75.8346 0.0000 0.0000
2060.03 16.07.2018 15.20.01 32.62905 301.0882 197.7157 0.7164 -3.9899 6.2750 249.9924 134.6698 390.9073 465.0709 -72.2004 0.0000 0.0000
2070.03 16.07.2018 15.30.01 32.73773 301.0426 215.9084 0.7823 -4.1298 6.5495 246.8714 132.5509 389.7180 463.4115 -69.7638 0.0000 0.0000
2080.03 16.07.2018 15.40.01 32.85366 300.9982 233.9011 0.8475 -4.3118 6.8791 246.0848 131.7060 388.4974 462.1072 -67.5858 0.0000 0.0000
2090.03 16.07.2018 15.50.01 32.97674 300.9556 247.9344 0.8983 -4.5346 7.2439 246.2071 131.3796 387.4001 461.0574 -65.9485 0.0000 0.0000
2100.03 16.07.2018 16.00.01 33.10528 300.9197 253.3539 0.9179 -4.7894 7.6098 234.8045 124.1388 386.3170 458.8217 -61.5149 0.0000 0.0000
2110.03 16.07.2018 16.10.01 33.23446 300.7522 134.5770 0.4876 -5.0598 7.3965 224.2582 118.5217 385.2149 457.1987 -59.6846 0.0000 0.0000
2120.03 16.07.2018 16.20.01 33.31326 300.5974 71.7601 0.2600 -5.0981 7.1442 212.9756 112.4928 383.9540 455.2601 -57.3945 0.0000 0.0000
2130.03 16.07.2018 16.30.01 33.36413 300.4420 34.8276 0.1262 -5.0263 6.8700 201.5845 106.4154 382.6247 453.1968 -54.8870 0.0000 0.0000
2140.03 16.07.2018 16.40.01 33.39218 300.2810 -511.5799 -1.8536 -4.8996 4.0613 178.9133 95.5459 381.1977 450.0777 -50.9478 0.0000 0.0000
2150.03 16.07.2018 16.50.01 33.19488 300.1089 -232.4590 -0.8422 -3.6986 3.8085 166.4740 88.8877 379.6620 447.5040 -48.3793 0.0000 0.0000
2160.03 16.07.2018 17.00.01 33.10824 299.9397 -126.3368 -0.4577 -3.1178 3.5467 153.9435 82.1808 378.1352 444.8524 -45.6353 0.0000 0.0000
2170.03 16.07.2018 17.10.01 33.06329 299.7094 -76.2013 -0.2761 -2.7792 3.3374 144.2182 76.9752 376.7200 442.2980 -43.3094 0.0000 0.0000
2180.03 16.07.2018 17.20.01 33.03750 299.4765 -59.5912 -0.2159 -2.5610 3.1268 126.5344 66.9955 375.3218 438.8534 -39.0107 0.0000 0.0000
2190.03 16.07.2018 17.30.01 33.01708 299.2413 -57.6406 -0.2088 -2.3909 2.9095 117.3581 62.1255 373.9232 436.2719 -36.7932 0.0000 0.0000
2200.03 16.07.2018 17.40.01 32.99606 299.0107 -70.4235 -0.2552 -2.2391 2.6453 104.5201 55.2061 372.5634 433.4152 -33.8703 0.0000 0.0000
2210.03 16.07.2018 17.50.01 32.96832 298.7794 -81.8127 -0.2964 -2.0757 2.3723 93.4119 49.3312 371.1793 430.6678 -31.3650 0.0000 0.0000
2220.03 16.07.2018 18.00.01 32.93432 298.5464 -92.6576 -0.3357 -1.9048 2.0921 82.8359 43.7812 369.7793 427.9663 -28.9197 0.0000 0.0000
2230.03 16.07.2018 18.10.01 32.89181 298.1528 -329.8852 -1.1952 -1.7285 0.7110 68.0609 36.4906 368.1656 424.7196 -25.8899 0.0000 0.0000
2240.03 16.07.2018 18.20.01 32.75100 297.7660 -175.9075 -0.6373 -1.0951 0.6103 58.4875 31.3550 366.5018 421.8366 -23.6681 0.0000 0.0000
2250.03 16.07.2018 18.30.01 32.67104 297.3909 -115.9636 -0.4202 -0.8059 0.5143 47.9460 25.6352 364.8595 418.8666 -21.2202 0.0000 0.0000
2260.03 16.07.2018 18.40.01 32.61434 297.0098 -94.4324 -0.3421 -0.6562 0.4187 36.4481 19.5598 363.2199 415.9695 -19.0252 0.0000 0.0000
2270.03 16.07.2018 18.50.01 32.56527 296.7080 -90.2332 -0.3269 -0.5631 0.3149 24.2553 13.0740 361.5393 412.9844 -16.2977 0.0000 0.0000
2280.03 16.07.2018 19.00.01 32.51681 296.3181 -91.7311 -0.3324 -0.4910 0.2115 12.8612 7.0660 359.8323 409.8703 -14.3505 0.0000 0.0000
2290.03 16.07.2018 19.10.01 32.46655 295.5164 -88.3133 -0.3200 -0.4295 0.1460 9.7893 5.3433 358.2149 406.6360 -14.6539 0.0000 0.0000
2300.03 16.07.2018 19.20.01 32.41628 294.7765 -84.3748 -0.3057 -0.3908 0.1135 7.8580 4.2788 356.7510 403.8004 -15.2315 0.0000 0.0000
2310.03 16.07.2018 19.30.01 32.36620 294.0349 -85.4194 -0.3095 -0.3747 0.0869 5.8927 3.2136 355.3495 401.0211 -16.1518 0.0000 0.0000
2320.03 16.07.2018 19.40.01 32.31457 293.2949 -89.4668 -0.3242 -0.3703 0.0615 3.9432 2.1593 354.0034 398.3382 -16.9536 0.0000 0.0000
2330.03 16.07.2018 19.50.01 32.25976 292.5642 -94.3216 -0.3417 -0.3684 0.0356 2.0606 1.1374 352.6803 395.7364 -17.7364 0.0000 0.0000
2340.03 16.07.2018 20.00.01 32.20199 291.8594 -99.9491 -0.3621 -0.3694 0.0097 0.3422 0.1977 351.3589 393.2232 -18.4353 0.0000 0.0000
2350.03 16.07.2018 20.10.01 32.14062 291.7366 -101.4469 -0.3676 -0.3689 0.0017 0.0600 0.0346 352.3007 391.7264 -17.8703 0.0000 0.0000
2360.03 16.07.2018 20.20.01 32.07781 291.5839 -103.5553 -0.3752 -0.3754 0.0003 0.0110 0.0064 353.4387 390.4546 -17.7272 0.0000 0.0000
2370.03 16.07.2018 20.30.01 32.01330 291.4272 -106.6254 -0.3863 -0.3864 0.0001 0.0020 0.0011 354.5981 389.3250 -17.7553 0.0000 0.0000
2380.03 16.07.2018 20.40.01 31.94671 291.3100 -109.9637 -0.3984 -0.3984 0.0000 0.0004 0.0002 355.7723 388.4726 -17.2792 0.0000 0.0000
2390.03 16.07.2018 20.50.01 31.87817 291.1719 -113.0798 -0.4097 -0.4097 0.0000 0.0001 0.0000 356.9844 387.7543 -16.9974 0.0000 0.0000
2400.03 16.07.2018 21.00.01 31.80770 290.9750 -116.2008 -0.4210 -0.4210 0.0000 0.0000 0.0000 358.2127 387.0911 -17.1051 0.0000 0.0000
2410.03 16.07.2018 21.10.01 31.73525 291.3546 -119.6581 -0.4335 -0.4335 0.0000 0.0000 0.0000 358.1433 386.8873 -14.7887 0.0000 0.0000
2420.03 16.07.2018 21.20.01 31.66052 291.7314 -123.6632 -0.4481 -0.4481 0.0000 0.0000 0.0000 358.1457 386.7449 -12.6512 0.0000 0.0000
2430.03 16.07.2018 21.30.01 31.58328 292.1292 -127.6760 -0.4626 -0.4626 0.0000 0.0000 0.0000 358.2158 386.7165 -10.5052 0.0000 0.0000
2440.03 16.07.2018 21.40.01 31.50369 292.5451 -131.2077 -0.4754 -0.4754 0.0000 0.0000 0.0000 358.3369 386.8167 -8.3307 0.0000 0.0000
2450.03 16.07.2018 21.50.01 31.42208 292.9710 -134.3017 -0.4866 -0.4866 0.0000 0.0000 0.0000 358.5115 387.0560 -6.0584 0.0000 0.0000
2460.03 16.07.2018 22.00.01 31.33877 293.3992 -136.6985 -0.4953 -0.4953 0.0000 0.0000 0.0000 358.7464 387.4368 -3.6735 0.0000 0.0000
2470.03 16.07.2018 22.10.01 31.25421 293.0766 -138.1840 -0.5007 -0.5007 0.0000 0.0000 0.0000 359.1501 387.2745 -4.9914 0.0000 0.0000
2480.03 16.07.2018 22.20.01 31.16909 293.3665 -138.0231 -0.5001 -0.5001 0.0000 0.0000 0.0000 359.3533 387.2580 -4.3373 0.0000 0.0000
2490.03 16.07.2018 22.30.01 31.08367 292.6276 -140.7684 -0.5100 -0.5100 0.0000 0.0000 0.0000 358.9778 385.6818 -9.1554 0.0000 0.0000
2500.03 16.07.2018 22.40.01 30.99557 292.3400 -145.4916 -0.5271 -0.5271 0.0000 0.0000 0.0000 359.0212 385.4685 -8.6501 0.0000 0.0000
2510.03 16.07.2018 22.50.01 30.90588 291.9935 -145.2717 -0.5263 -0.5263 0.0000 0.0000 0.0000 359.3608 385.0939 -9.0755 0.0000 0.0000
2520.03 16.07.2018 23.00.01 30.81671 291.5671 -146.3120 -0.5301 -0.5301 0.0000 0.0000 0.0000 359.1647 383.7246 -12.9006 0.0000 0.0000
2530.03 16.07.2018 23.10.01 30.72537 291.4675 -150.7891 -0.5463 -0.5463 0.0000 0.0000 0.0000 358.9373 383.1566 -12.8115 0.0000 0.0000
2540.03 16.07.2018 23.20.01 30.63195 291.3632 -152.9460 -0.5542 -0.5542 0.0000 0.0000 0.0000 358.8183 382.6163 -12.8642 0.0000 0.0000
2550.03 16.07.2018 23.30.01 30.53765 291.2562 -153.5381 -0.5563 -0.5563 0.0000 0.0000 0.0000 358.7348 382.0885 -12.9947 0.0000 0.0000
2560.03 16.07.2018 23.40.01 30.44332 291.1519 -153.6579 -0.5567 -0.5567 0.0000 0.0000 0.0000 358.6841 381.5975 -13.0775 0.0000 0.0000
2570.03 16.07.2018 23.50.01 30.34902 291.0479 -153.2343 -0.5552 -0.5552 0.0000 0.0000 0.0000 358.6512 381.1192 -13.1937 0.0000 0.0000
2580.03 17.07.2018 00.00.01 30.25500 290.9453 -152.7617 -0.5535 -0.5535 0.0000 0.0000 0.0000 358.6288 380.6530 -13.3301 0.0000 0.0000
2590.03 17.07.2018 00.10.01 30.16158 291.0139 -152.2404 -0.5516 -0.5516 0.0000 0.0000 0.0000 358.4029 380.4261 -12.4323 0.0000 0.0000
2600.03 17.07.2018 00.20.01 30.06860 291.0712 -150.6061 -0.5457 -0.5457 0.0000 0.0000 0.0000 358.1959 380.1996 -11.6915 0.0000 0.0000
2610.03 17.07.2018 00.30.01 29.97668 291.1206 -148.8251 -0.5392 -0.5392 0.0000 0.0000 0.0000 357.9917 379.9603 -11.0871 0.0000 0.0000
2620.03 17.07.2018 00.40.01 29.88583 291.1858 -147.0018 -0.5326 -0.5326 0.0000 0.0000 0.0000 357.8043 379.8128 -10.2036 0.0000 0.0000
2630.03 17.07.2018 00.50.01 29.79617 291.2662 -145.1116 -0.5258 -0.5258 0.0000 0.0000 0.0000 357.5654 379.6668 -9.4158 0.0000 0.0000
2640.03 17.07.2018 01.00.01 29.70754 291.3574 -143.8466 -0.5212 -0.5212 0.0000 0.0000 0.0000 357.2755 379.4166 -9.0961 0.0000 0.0000
2650.03 17.07.2018 01.10.01 29.61898 291.3437 -143.9900 -0.5217 -0.5217 0.0000 0.0000 0.0000 356.5395 379.3439 -7.9733 0.0000 0.0000
2660.03 17.07.2018 01.20.01 29.53018 291.3752 -145.3519 -0.5266 -0.5266 0.0000 0.0000 0.0000 355.8059 379.3075 -6.9557 0.0000 0.0000
2670.03 17.07.2018 01.30.01 29.44045 291.1554 -146.5379 -0.5309 -0.5309 0.0000 0.0000 0.0000 354.6784 378.4528 -8.3750 0.0000 0.0000
2680.03 17.07.2018 01.40.01 29.35003 291.0192 -146.7632 -0.5318 -0.5318 0.0000 0.0000 0.0000 353.9908 378.3998 -6.6653 0.0000 0.0000
2690.03 17.07.2018 01.50.01 29.26031 290.9983 -145.7217 -0.5280 -0.5280 0.0000 0.0000 0.0000 353.1921 377.6086 -7.9871 0.0000 0.0000
2700.03 17.07.2018 02.00.01 29.17004 290.8325 -148.6835 -0.5387 -0.5387 0.0000 0.0006 0.0003 351.9526 376.4808 -9.8067 0.0000 0.0000
2710.03 17.07.2018 02.10.01 29.07742 290.5099 -151.3057 -0.5482 -0.5523 0.0054 0.3791 0.2073 349.0006 375.5253 -9.6789 0.0000 0.0000
2720.03 17.07.2018 02.20.01 28.98364 290.1625 -151.7216 -0.5497 -0.5591 0.0125 0.8160 0.4481 346.0342 374.3144 -10.0622 0.0000 0.0000
2730.03 17.07.2018 02.30.01 28.88989 289.8279 -151.3506 -0.5484 -0.5632 0.0198 1.2623 0.6943 342.9853 372.9820 -10.4417 0.0000 0.0000
2740.03 17.07.2018 02.40.01 28.79653 289.5628 -150.3366 -0.5447 -0.5651 0.0271 1.7105 0.9416 340.0752 371.9444 -9.5077 0.0000 0.0000
2750.03 17.07.2018 02.50.01 28.70410 289.2624 -148.4324 -0.5378 -0.5637 0.0345 2.1589 1.1890 337.1648 370.7115 -9.1208 0.0000 0.0000
2760.03 17.07.2018 03.00.01 28.61321 288.9156 -146.5078 -0.5308 -0.5623 0.0419 2.6114 1.4386 334.1224 369.4041 -8.7936 0.0000 0.0000
2770.03 17.07.2018 03.10.01 28.52358 288.8664 -137.8417 -0.4994 -0.5621 0.0836 5.4486 2.9923 333.7625 368.8628 -8.1363 0.0000 0.0000
2780.03 17.07.2018 03.20.01 28.43740 288.8754 -131.9308 -0.4780 -0.5795 0.1354 8.6545 4.7594 333.6476 368.5468 -7.9883 0.0000 0.0000
2790.03 17.07.2018 03.30.01 28.35348 288.9605 -129.4876 -0.4692 -0.6108 0.1889 11.9197 6.5607 333.6220 368.4312 -7.7558 0.0000 0.0000
2800.03 17.07.2018 03.40.01 28.27056 289.0509 -128.3115 -0.4649 -0.6469 0.2427 15.1964 8.3686 333.6801 368.4547 -7.6159 0.0000 0.0000
2810.03 17.07.2018 03.50.01 28.18817 289.0749 -127.7761 -0.4630 -0.6854 0.2966 18.4750 10.1776 333.7439 368.4601 -7.8984 0.0000 0.0000
2820.03 17.07.2018 04.00.01 28.10598 289.1162 -127.5980 -0.4623 -0.7252 0.3505 21.7557 11.9877 333.8252 368.5437 -8.1939 0.0000 0.0000
2830.03 17.07.2018 04.10.01 28.02395 289.4331 -124.0407 -0.4494 -0.7635 0.4188 26.0356 14.3443 333.9702 369.2255 -6.8175 0.0000 0.0000
2840.03 17.07.2018 04.20.01 27.94390 289.7520 -120.2756 -0.4358 -0.8042 0.4913 30.4701 16.7904 334.2330 370.0620 -5.6338 0.0000 0.0000
2850.03 17.07.2018 04.30.01 27.86590 290.0838 -117.0412 -0.4241 -0.8474 0.5645 34.9294 19.2507 334.5600 371.0124 -4.5841 0.0000 0.0000
2860.03 17.07.2018 04.40.01 27.78979 290.4287 -114.0196 -0.4131 -0.8915 0.6379 39.3935 21.7138 334.9442 372.0832 -3.5819 0.0000 0.0000
2870.03 17.07.2018 04.50.01 27.71548 290.7897 -111.0802 -0.4025 -0.9359 0.7113 75.4229 41.9001 335.3732 376.2426 -5.5487 0.0000 0.0000
2880.03 17.07.2018 05.00.01 27.64306 291.1834 -101.8537 -0.3690 -0.9804 0.8152 87.3112 48.5535 336.1115 379.0012 -6.2822 0.0000 0.0000
2890.03 17.07.2018 05.10.01 27.57504 291.5511 -105.2552 -0.3814 -1.0369 0.8740 347.2541 194.6298 337.2810 407.0406 -28.8837 0.0000 0.0000
2900.03 17.07.2018 05.20.01 27.50686 292.0091 -53.7292 -0.1947 -1.0782 1.1780 615.4682 345.4697 340.8764 444.7224 -59.5446 0.0000 0.0000
2910.03 17.07.2018 05.30.01 27.46151 292.3996 -13.1216 -0.0475 -1.2105 1.5506 885.9842 497.6563 345.6539 489.6265 -95.5985 0.0000 0.0000
2920.03 17.07.2018 05.40.01 27.43536 292.9342 24.4117 0.0884 -1.4013 1.9863 867.9025 487.5876 351.6938 504.0293 -110.2485 0.0000 0.0000
2930.03 17.07.2018 05.50.01 27.42739 293.3866 -21.2066 -0.0768 -1.6342 2.0765 838.3712 470.9290 354.4083 511.8821 -118.0864 0.0000 0.0000
2940.03 17.07.2018 06.00.01 27.40383 293.8263 -43.1848 -0.1565 -1.7365 2.1068 805.9310 452.5709 356.3654 517.1427 -121.9038 0.0000 0.0000
2950.03 17.07.2018 06.10.01 27.37466 294.0450 -40.7480 -0.1476 -1.7547 2.1427 783.8956 440.0894 358.1771 521.7866 -126.0380 0.0000 0.0000
2960.03 17.07.2018 06.20.01 27.35085 294.2752 -25.2064 -0.0913 -1.7339 2.1901 760.3870 426.7151 359.9496 524.7768 -128.7434 0.0000 0.0000
2970.03 17.07.2018 06.30.01 27.33816 294.5185 -7.9183 -0.0287 -1.6941 2.2206 735.8795 412.7544 361.4510 526.4300 -129.6748 0.0000 0.0000
2980.03 17.07.2018 06.40.01 27.33795 294.7340 20.5713 0.0745 -1.6357 2.2802 720.1143 403.6946 363.1481 528.1512 -131.0489 0.0000 0.0000
2990.03 17.07.2018 06.50.01 27.35491 294.9479 44.5048 0.1612 -1.5799 2.3215 707.9706 396.8230 364.6100 529.6835 -132.4249 0.0000 0.0000
3000.03 17.07.2018 07.00.01 27.38720 295.1605 71.7955 0.2601 -1.5180 2.3709 696.3978 390.2866 366.0540 530.8498 -132.9177 0.0000 0.0000
3010.03 17.07.2018 07.10.01 27.43594 295.3582 91.4098 0.3312 -1.4597 2.3878 690.8933 387.1648 367.1212 531.3798 -137.7387 0.0000 0.0000
3020.03 17.07.2018 07.20.01 27.49764 295.5903 117.1586 0.4245 -1.3927 2.4229 685.3439 384.0014 368.2989 531.8363 -140.8239 0.0000 0.0000
3030.03 17.07.2018 07.30.01 27.57446 295.7437 137.7033 0.4989 -1.3339 2.4438 678.7065 380.1965 369.2948 531.9695 -142.8116 0.0000 0.0000
3040.03 17.07.2018 07.40.01 27.66387 295.9656 165.2837 0.5989 -1.2767 2.5007 674.0864 377.5139 370.6546 532.9209 -141.7467 0.0000 0.0000
3050.03 17.07.2018 07.50.01 27.76837 296.1638 181.4558 0.6574 -1.2390 2.5286 668.0419 374.0004 371.6679 533.0508 -142.2456 0.0000 0.0000
3060.03 17.07.2018 08.00.01 27.88281 296.4232 195.0856 0.7068 -1.2021 2.5453 660.6149 369.6658 372.5570 532.6887 -142.5681 0.0000 0.0000
3070.03 17.07.2018 08.10.01 28.00567 296.5445 204.1937 0.7398 -1.1651 2.5399 656.3347 367.1188 373.4841 532.1853 -144.6020 0.0000 0.0000
3080.03 17.07.2018 08.20.01 28.13467 296.6162 212.3302 0.7693 -1.1233 2.5234 651.0335 363.9677 374.2509 531.0847 -147.7979 0.0000 0.0000
3090.03 17.07.2018 08.30.01 28.26901 296.7368 224.4426 0.8132 -1.0784 2.5222 645.5800 360.7130 375.1584 529.8928 -150.6337 0.0000 0.0000
3100.03 17.07.2018 08.40.01 28.41006 296.9114 228.9445 0.8295 -1.0417 2.4949 639.0081 356.7956 375.7585 528.8475 -150.1100 0.0000 0.0000
3110.03 17.07.2018 08.50.01 28.55438 296.9908 236.5396 0.8570 -1.0006 2.4768 632.0936 352.6651 376.4057 527.7297 -150.2885 0.0000 0.0000
3120.03 17.07.2018 09.00.01 28.70297 297.1517 245.4542 0.8893 -0.9642 2.4714 624.3742 348.0428 377.2935 526.3517 -150.7616 0.0000 0.0000
3130.03 17.07.2018 09.10.01 28.85662 297.1233 296.2281 1.0733 -0.9374 2.6809 591.9498 329.5646 378.5051 522.5800 -145.7080 0.0000 0.0000
3140.03 17.07.2018 09.20.01 29.03216 297.2108 319.0135 1.1558 -1.0060 2.8825 560.2136 311.5064 379.6710 518.5527 -140.5773 0.0000 0.0000
3150.03 17.07.2018 09.30.01 29.21801 297.1660 328.9666 1.1919 -1.1126 3.0726 528.7629 293.6263 380.9192 513.2548 -139.7668 0.0000 0.0000
3160.03 17.07.2018 09.40.01 29.40872 297.1567 334.0489 1.2103 -1.2339 3.2589 504.7584 279.9137 382.0237 508.2657 -137.9574 0.0000 0.0000
3170.03 17.07.2018 09.50.01 29.60180 297.1599 342.8487 1.2422 -1.3648 3.4760 483.0876 267.5787 383.2146 503.4801 -137.7995 0.0000 0.0000
3180.03 17.07.2018 10.00.01 29.79818 297.1418 336.9793 1.2209 -1.5167 3.6501 460.4717 254.7085 384.2493 498.8937 -135.9666 0.0000 0.0000
3190.03 17.07.2018 10.10.01 29.99151 297.2046 300.6199 1.0892 -1.6590 3.6643 444.2265 245.4860 384.7166 495.4938 -131.2195 0.0000 0.0000
3200.03 17.07.2018 10.20.01 30.16931 297.2623 277.1989 1.0043 -1.7318 3.6482 427.0222 235.7109 385.0013 492.0345 -126.6157 0.0000 0.0000
3210.03 17.07.2018 10.30.01 30.33636 297.3141 254.1486 0.9208 -1.7665 3.5830 408.3639 225.1016 384.8434 488.3407 -121.9014 0.0000 0.0000
3220.03 17.07.2018 10.40.01 30.49273 297.3708 252.2787 0.9141 -1.7679 3.5760 393.9781 216.9258 384.9732 485.3099 -117.8008 0.0000 0.0000
3230.03 17.07.2018 10.50.01 30.64703 297.4264 242.4507 0.8784 -1.7780 3.5419 378.7453 208.2619 384.9949 482.2023 -113.5582 0.0000 0.0000
3240.03 17.07.2018 11.00.01 30.79550 297.4838 233.2381 0.8451 -1.7851 3.5068 363.7004 199.7101 385.0002 479.2079 -109.5504 0.0000 0.0000
3250.03 17.07.2018 11.10.01 30.93856 297.5928 232.3378 0.8418 -1.7923 3.5121 363.8381 199.4221 385.2517 477.7803 -106.6595 0.0000 0.0000
3260.03 17.07.2018 11.20.01 31.07971 297.7099 234.8221 0.8508 -1.8160 3.5558 364.8091 199.6038 385.8553 476.9681 -104.6725 0.0000 0.0000
3270.03 17.07.2018 11.30.01 31.22036 297.8281 231.5754 0.8390 -1.8619 3.6013 365.3186 199.5072 386.5908 476.3762 -103.0832 0.0000 0.0000
3280.03 17.07.2018 11.40.01 31.35809 297.9569 233.3858 0.8456 -1.9176 3.6843 362.7619 197.5282 387.6215 475.5668 -101.3832 0.0000 0.0000
3290.03 17.07.2018 11.50.01 31.49505 298.0816 223.2310 0.8088 -1.9921 3.7346 362.2122 196.7783 388.5187 475.2038 -100.1132 0.0000 0.0000
3300.03 17.07.2018 12.00.01 31.62625 298.2009 210.9371 0.7643 -2.0615 3.7676 360.5904 195.3999 389.2947 474.7848 -98.9102 0.0000 0.0000
3310.03 17.07.2018 12.10.01 31.75091 298.1949 223.4423 0.8096 -2.1238 3.9112 351.7224 190.6672 390.5055 474.5283 -98.4942 0.0000 0.0000
3320.03 17.07.2018 12.20.01 31.87942 298.1712 243.6303 0.8827 -2.2303 4.1506 343.9770 186.5353 391.1640 473.9539 -97.8776 0.0000 0.0000
3330.03 17.07.2018 12.30.01 32.01519 298.1391 274.3490 0.9940 -2.3944 4.5179 340.6445 184.9548 391.5669 473.8150 -97.7385 0.0000 0.0000
3340.03 17.07.2018 12.40.01 32.16244 298.1044 269.7690 0.9774 -2.6327 4.8135 330.6996 179.4189 391.8820 472.4874 -96.6733 0.0000 0.0000
3350.03 17.07.2018 12.50.01 32.30645 298.0634 246.7025 0.8938 -2.8709 5.0197 322.4214 174.9509 391.9562 471.3258 -95.4333 0.0000 0.0000
3360.03 17.07.2018 13.00.01 32.43972 298.0251 226.4492 0.8205 -3.0733 5.1916 315.4757 171.3074 392.1426 470.3470 -94.3162 0.0000 0.0000
3370.03 17.07.2018 13.10.01 32.56326 297.9262 209.6863 0.7597 -3.2470 5.3423 312.2437 169.3763 391.3131 468.5011 -95.4505 0.0000 0.0000
3380.03 17.07.2018 13.20.01 32.67840 297.8297 202.2777 0.7329 -3.4016 5.5126 309.7763 167.8898 390.3946 466.7838 -96.5179 0.0000 0.0000
3390.03 17.07.2018 13.30.01 32.78906 297.7374 200.7925 0.7275 -3.5559 5.7112 306.1276 165.6728 389.5874 464.8291 -97.5125 0.0000 0.0000
3400.03 17.07.2018 13.40.01 32.89788 297.6439 197.5188 0.7156 -3.7204 5.9148 304.7122 164.7644 388.7255 463.1491 -98.5981 0.0000 0.0000
3410.03 17.07.2018 13.50.01 33.00411 297.5532 195.3798 0.7079 -3.8899 6.1304 303.6400 164.0526 387.8809 461.5101 -99.8247 0.0000 0.0000
3420.03 17.07.2018 14.00.01 33.10839 297.4610 188.2830 0.6822 -4.0662 6.3312 301.8916 162.9459 386.9475 459.7472 -100.9639 0.0000 0.0000
3430.03 17.07.2018 14.10.01 33.20907 297.3342 213.8816 0.7749 -4.2394 6.6858 303.3580 163.3737 384.7002 457.9014 -102.2914 0.0000 0.0000
3440.03 17.07.2018 14.20.01 33.31985 297.2089 232.8676 0.8437 -4.4725 7.0883 305.8078 164.3553 382.4324 456.2516 -103.3646 0.0000 0.0000
3450.03 17.07.2018 14.30.01 33.43813 297.0848 247.0126 0.8950 -4.7497 7.5263 308.6179 165.5260 380.1765 454.7477 -104.1545 0.0000 0.0000
3460.03 17.07.2018 14.40.01 33.56216 296.9604 263.5043 0.9547 -5.0602 8.0199 312.4659 167.1930 377.8115 453.3196 -104.9061 0.0000 0.0000
3470.03 17.07.2018 14.50.01 33.69293 296.8381 281.6953 1.0206 -5.4075 8.5709 317.6219 169.6016 375.5541 452.1862 -105.8157 0.0000 0.0000
3480.03 17.07.2018 15.00.01 33.83117 296.7130 289.9654 1.0506 -5.7937 9.1257 322.4055 171.7852 373.2261 451.0262 -106.8605 0.0000 0.0000
3490.03 17.07.2018 15.10.01 33.97161 296.5321 184.5455 0.6686 -6.1917 9.1471 310.0923 164.8587 371.6289 448.9982 -103.8474 0.0000 0.0000
3500.03 17.07.2018 15.20.01 34.06637 296.3394 126.9918 0.4601 -6.3869 9.1294 297.0768 157.5410 370.0148 446.4513 -101.5731 0.0000 0.0000
3510.03 17.07.2018 15.30.01 34.13558 296.1468 88.7824 0.3217 -6.4808 9.0700 285.9700 151.4005 368.2852 443.9037 -100.0101 0.0000 0.0000
3520.03 17.07.2018 15.40.01 34.18698 295.9563 52.0619 0.1886 -6.5146 8.9376 275.8817 145.9479 366.3493 441.3784 -98.4029 0.0000 0.0000
3530.03 17.07.2018 15.50.01 34.22128 295.7598 27.9038 0.1011 -6.4918 8.7905 266.2719 140.7939 364.4138 438.8523 -96.6303 0.0000 0.0000
3540.03 17.07.2018 16.00.01 34.24359 295.5755 6.8877 0.0250 -6.4382 8.6176 242.6638 127.2598 362.5943 435.1276 -89.9966 0.0000 0.0000
3550.03 17.07.2018 16.10.01 34.25533 295.3178 -8.1062 -0.0294 -6.3606 8.4416 233.7278 122.4751 360.5121 432.3798 -88.3520 0.0000 0.0000
3560.03 17.07.2018 16.20.01 34.25894 295.0632 -21.3156 -0.0772 -6.2718 8.2595 225.3493 118.0291 358.5180 429.7457 -86.4209 0.0000 0.0000
3570.03 17.07.2018 16.30.01 34.25515 294.8058 -35.9682 -0.1303 -6.1755 8.0602 217.0899 113.6673 356.5832 427.1417 -84.4215 0.0000 0.0000
3580.03 17.07.2018 16.40.01 34.23654 294.5524 -716.7916 -2.5971 -6.0680 4.6279 194.7485 103.3564 354.6351 423.7580 -79.1729 0.0000 0.0000
3590.03 17.07.2018 16.50.01 33.93789 294.3016 -356.0194 -1.2899 -4.6151 4.4336 185.4299 98.4165 352.6024 420.9779 -76.7504 0.0000 0.0000
3600.03 17.07.2018 17.00.01 33.78311 294.0456 -216.7479 -0.7853 -3.9559 4.2275 175.9631 93.3963 350.6219 418.2344 -74.1534 0.0000 0.0000
3610.03 17.07.2018 17.10.01 33.68356 293.7721 -171.2783 -0.6206 -3.6068 3.9816 164.6523 87.4072 348.9453 415.4765 -71.1590 0.0000 0.0000
3620.03 17.07.2018 17.20.01 33.60125 293.4987 -160.6935 -0.5822 -3.3672 3.7133 142.1168 74.7005 347.2026 411.7483 -64.3324 0.0000 0.0000
3630.03 17.07.2018 17.30.01 33.52188 293.2227 -162.9218 -0.5903 -3.1638 3.4314 130.6753 68.6611 345.4020 408.8894 -60.9507 0.0000 0.0000
3640.03 17.07.2018 17.40.01 33.44003 292.9500 -182.0120 -0.6595 -2.9708 3.0818 113.5003 59.3919 343.6499 405.6735 -56.1542 0.0000 0.0000
3650.03 17.07.2018 17.50.01 33.34872 292.6751 -197.5159 -0.7156 -2.7548 2.7189 100.0905 52.3922 341.8502 402.7188 -52.3687 0.0000 0.0000
3660.03 17.07.2018 18.00.01 33.24581 292.4013 -546.2595 -1.9792 -2.5243 0.7268 84.4280 45.2698 340.0364 399.7427 -48.4972 0.0000 0.0000
3670.03 17.07.2018 18.10.01 32.99926 292.0763 -313.9853 -1.1376 -1.6122 0.6327 70.3061 37.4311 338.6965 396.6589 -43.0897 0.0000 0.0000
3680.03 17.07.2018 18.20.01 32.84557 291.7565 -220.6225 -0.7994 -1.2081 0.5450 60.8749 32.4019 337.4323 394.1562 -39.2015 0.0000 0.0000
3690.03 17.07.2018 18.30.01 32.72924 291.4420 -182.6214 -0.6617 -1.0102 0.4647 50.2331 26.6409 336.2302 391.6379 -35.1588 0.0000 0.0000
3700.03 17.07.2018 18.40.01 32.62768 291.1282 -168.4574 -0.6104 -0.8992 0.3852 38.5257 20.5060 335.0520 389.2615 -31.6338 0.0000 0.0000
3710.03 17.07.2018 18.50.01 32.53124 290.8132 -166.7080 -0.6040 -0.8258 0.2957 25.8786 13.8154 333.8109 386.7148 -27.9565 0.0000 0.0000
3720.03 17.07.2018 19.00.01 32.43475 290.5007 -168.2907 -0.6097 -0.7647 0.2066 14.2903 7.7585 332.5572 384.2147 -24.7566 0.0000 0.0000
3730.03 17.07.2018 19.10.01 32.33669 290.1076 -166.7927 -0.6043 -0.7112 0.1424 11.1496 6.0072 331.1361 381.6982 -23.3240 0.0000 0.0000
3740.03 17.07.2018 19.20.01 32.23803 289.7146 -163.0029 -0.5906 -0.6740 0.1112 9.1362 4.9062 329.8757 379.4706 -22.5963 0.0000 0.0000
3750.03 17.07.2018 19.30.01 32.13976 289.3218 -163.6467 -0.5929 -0.6574 0.0860 6.8039 3.6622 328.6698 377.3398 -22.0692 0.0000 0.0000
3760.03 17.07.2018 19.40.01 32.03991 288.9298 -166.7057 -0.6040 -0.6505 0.0619 4.4569 2.4140 327.4899 375.2721 -21.6148 0.0000 0.0000
3770.03 17.07.2018 19.50.01 31.93780 288.5368 -171.6173 -0.6218 -0.6492 0.0366 2.2470 1.2314 326.3095 373.2342 -21.2925 0.0000 0.0000
3780.03 17.07.2018 20.00.01 31.83245 288.1434 -176.6271 -0.6400 -0.6483 0.0112 0.3901 0.2252 325.1341 371.2488 -21.0295 0.0000 0.0000
3790.03 17.07.2018 20.10.01 31.72424 287.7570 -178.6088 -0.6471 -0.6486 0.0020 0.0704 0.0407 324.0987 369.4536 -20.8010 0.0000 0.0000
3800.03 17.07.2018 20.20.01 31.61425 287.3748 -180.1603 -0.6528 -0.6530 0.0004 0.0127 0.0074 323.1329 367.7992 -20.7502 0.0000 0.0000
3810.03 17.07.2018 20.30.01 31.50283 286.9978 -182.8146 -0.6624 -0.6624 0.0001 0.0023 0.0013 322.2046 366.2369 -20.7325 0.0000 0.0000
3820.03 17.07.2018 20.40.01 31.38955 286.6285 -185.9693 -0.6738 -0.6738 0.0000 0.0004 0.0002 321.2960 364.7458 -20.7366 0.0000 0.0000
3830.03 17.07.2018 20.50.01 31.27429 286.2682 -189.2700 -0.6858 -0.6858 0.0000 0.0001 0.0000 320.4071 363.3014 -20.8349 0.0000 0.0000
3840.03 17.07.2018 21.00.01 31.15698 285.9242 -192.4808 -0.6974 -0.6974 0.0000 0.0000 0.0000 319.5706 362.0031 -20.6289 0.0000 0.0000
3850.03 17.07.2018 21.10.01 31.03793 285.8710 -194.8412 -0.7059 -0.7059 0.0000 0.0000 0.0000 319.1306 361.1512 -19.1487 0.0000 0.0000
3860.03 17.07.2018 21.20.01 30.91790 286.0797 -196.0513 -0.7103 -0.7103 0.0000 0.0000 0.0000 318.8163 360.6666 -16.9927 0.0000 0.0000
3870.03 17.07.2018 21.30.01 30.79705 286.2593 -196.2245 -0.7110 -0.7110 0.0000 0.0000 0.0000 318.5359 360.2482 -15.0878 0.0000 0.0000
3880.03 17.07.2018 21.40.01 30.67620 285.9012 -197.2333 -0.7146 -0.7146 0.0000 0.0000 0.0000 318.1184 359.2691 -15.3891 0.0000 0.0000
3890.03 17.07.2018 21.50.01 30.55456 285.9771 -198.5688 -0.7195 -0.7195 0.0000 0.0000 0.0000 317.7970 358.7176 -14.2160 0.0000 0.0000
3900.03 17.07.2018 22.00.01 30.43209 286.0998 -199.5861 -0.7231 -0.7231 0.0000 0.0000 0.0000 317.5158 358.2383 -12.9127 0.0000 0.0000
3910.03 17.07.2018 22.10.01 30.30914 286.0725 -200.6891 -0.7271 -0.7271 0.0000 0.0000 0.0000 317.1612 357.6963 -12.2853 0.0000 0.0000
3920.03 17.07.2018 22.20.01 30.18542 285.9448 -202.1449 -0.7324 -0.7324 0.0000 0.0000 0.0000 316.7868 357.0571 -12.1225 0.0000 0.0000
3930.03 17.07.2018 22.30.01 30.06072 285.7840 -203.7140 -0.7381 -0.7381 0.0000 0.0000 0.0000 316.3976 356.3853 -12.1305 0.0000 0.0000
3940.03 17.07.2018 22.40.01 29.93502 285.6499 -205.3716 -0.7441 -0.7441 0.0000 0.0000 0.0000 316.0083 355.7254 -12.0815 0.0000 0.0000
3950.03 17.07.2018 22.50.01 29.80831 285.5071 -206.9265 -0.7497 -0.7497 0.0000 0.0000 0.0000 315.6179 355.0599 -12.0938 0.0000 0.0000
3960.03 17.07.2018 23.00.01 29.68066 285.3588 -208.5157 -0.7555 -0.7555 0.0000 0.0000 0.0000 315.2254 354.3873 -12.1556 0.0000 0.0000
3970.03 17.07.2018 23.10.01 29.55206 285.3102 -209.9690 -0.7608 -0.7608 0.0000 0.0000 0.0000 314.7926 353.8046 -11.7821 0.0000 0.0000
3980.03 17.07.2018 23.20.01 29.42263 284.2904 -211.4298 -0.7660 -0.7660 0.0000 0.0000 0.0000 314.2337 352.5764 -14.4664 0.0000 0.0000
3990.03 17.07.2018 23.30.01 29.29211 284.2231 -213.1743 -0.7724 -0.7724 0.0000 0.0000 0.0000 313.7630 351.8306 -14.3836 0.0000 0.0000
4000.03 17.07.2018 23.40.01 29.16070 284.1136 -214.1149 -0.7758 -0.7758 0.0000 0.0000 0.0000 313.3350 351.1040 -14.3234 0.0000 0.0000
4010.03 17.07.2018 23.50.01 29.02886 283.9557 -214.8425 -0.7784 -0.7784 0.0000 0.0000 0.0000 312.9216 350.3170 -14.5868 0.0000 0.0000
4020.03 18.07.2018 00.00.01 28.89651 283.7639 -215.6090 -0.7812 -0.7812 0.0000 0.0000 0.0000 312.5217 349.4825 -15.0762 0.0000 0.0000
4030.03 18.07.2018 00.10.01 28.76376 283.8124 -216.2673 -0.7836 -0.7836 0.0000 0.0000 0.0000 312.2077 349.0458 -14.0344 0.0000 0.0000
4040.03 18.07.2018 00.20.01 28.63101 283.8265 -215.9907 -0.7826 -0.7826 0.0000 0.0000 0.0000 311.8364 348.5827 -13.3172 0.0000 0.0000
4050.03 18.07.2018 00.30.01 28.49828 283.8138 -216.0724 -0.7829 -0.7829 0.0000 0.0000 0.0000 311.5362 348.0825 -12.9951 0.0000 0.0000
4060.03 18.07.2018 00.40.01 28.36553 283.7915 -216.8121 -0.7856 -0.7856 0.0000 0.0000 0.0000 311.2638 347.7160 -12.2238 0.0000 0.0000
4070.03 18.07.2018 00.50.01 28.23266 283.7795 -216.8257 -0.7856 -0.7856 0.0000 0.0000 0.0000 310.9422 347.3608 -11.3691 0.0000 0.0000
4080.03 18.07.2018 01.00.01 28.09988 283.7966 -216.2370 -0.7835 -0.7835 0.0000 0.0000 0.0000 310.6347 347.0517 -10.5282 0.0000 0.0000
4090.03 18.07.2018 01.10.01 27.96713 283.6574 -215.3789 -0.7804 -0.7804 0.0000 0.0000 0.0000 310.2881 346.4419 -11.0212 0.0000 0.0000
4100.03 18.07.2018 01.20.01 27.83447 283.5325 -215.5677 -0.7810 -0.7810 0.0000 0.0000 0.0000 309.9204 345.8197 -11.4784 0.0000 0.0000
4110.03 18.07.2018 01.30.01 27.70172 283.4223 -216.4958 -0.7844 -0.7844 0.0000 0.0000 0.0000 309.5151 345.1952 -11.8464 0.0000 0.0000
4120.03 18.07.2018 01.40.01 27.56832 283.3147 -217.1275 -0.7867 -0.7867 0.0000 0.0000 0.0000 309.1045 344.5508 -12.2367 0.0000 0.0000
4130.03 18.07.2018 01.50.01 27.43466 283.1888 -217.9794 -0.7898 -0.7898 0.0000 0.0000 0.0000 308.6746 343.8643 -12.6493 0.0000 0.0000
4140.03 18.07.2018 02.00.01 27.30038 283.0666 -218.4463 -0.7915 -0.7915 0.0000 0.0004 0.0002 308.2239 343.1594 -12.9896 0.0000 0.0000
4150.03 18.07.2018 02.10.01 27.16583 283.0767 -217.9494 -0.7897 -0.7925 0.0038 0.2612 0.1428 307.9704 342.6884 -12.5885 0.0000 0.0000
4160.03 18.07.2018 02.20.01 27.03173 283.1154 -217.3619 -0.7875 -0.7940 0.0086 0.5622 0.3087 307.7735 342.2899 -12.1328 0.0000 0.0000
4170.03 18.07.2018 02.30.01 26.89807 283.1571 -216.5383 -0.7846 -0.7948 0.0136 0.8696 0.4783 307.6025 341.9377 -11.6885 0.0000 0.0000
4180.03 18.07.2018 02.40.01 26.76513 283.1992 -215.7996 -0.7819 -0.7959 0.0187 1.1783 0.6486 307.4540 341.6242 -11.2508 0.0000 0.0000
4190.03 18.07.2018 02.50.01 26.63241 283.2458 -214.4636 -0.7770 -0.7949 0.0238 1.4872 0.8191 307.3228 341.3475 -10.8139 0.0000 0.0000
4200.03 18.07.2018 03.00.01 26.50057 283.2982 -213.3196 -0.7729 -0.7946 0.0289 1.8000 0.9916 307.2072 341.1066 -10.3657 0.0000 0.0000
4210.03 18.07.2018 03.10.01 26.36971 283.6027 -205.3202 -0.7439 -0.7939 0.0666 4.3799 2.4040 307.4457 341.4645 -8.7622 0.0000 0.0000
4220.03 18.07.2018 03.20.01 26.24279 283.9174 -198.1627 -0.7180 -0.8034 0.1139 7.3103 4.0191 307.8742 342.0268 -7.4050 0.0000 0.0000
4230.03 18.07.2018 03.30.01 26.11932 284.2389 -192.6264 -0.6979 -0.8200 0.1628 10.2971 5.6668 308.3900 342.7107 -6.1956 0.0000 0.0000
4240.03 18.07.2018 03.40.01 25.99890 284.5647 -188.3490 -0.6824 -0.8415 0.2121 13.2948 7.3208 308.9585 343.4910 -5.1003 0.0000 0.0000
4250.03 18.07.2018 03.50.01 25.88088 284.8937 -184.5897 -0.6688 -0.8648 0.2614 16.2944 8.9758 309.5646 344.3504 -4.1037 0.0000 0.0000
4260.03 18.07.2018 04.00.01 25.76510 285.2123 -181.0658 -0.6560 -0.8890 0.3107 19.2947 10.6313 310.1888 345.2565 -3.2560 0.0000 0.0000
4270.03 18.07.2018 04.10.01 25.65145 285.5454 -177.0073 -0.6413 -0.9139 0.3634 22.5302 12.4153 311.2969 346.3356 -2.5540 0.0000 0.0000
4280.03 18.07.2018 04.20.01 25.54025 285.8840 -172.9000 -0.6264 -0.9392 0.4170 25.8021 14.2204 312.4687 347.4999 -1.9472 0.0000 0.0000
4290.03 18.07.2018 04.30.01 25.43151 286.2258 -168.7950 -0.6116 -0.9648 0.4709 29.0798 16.0289 313.6715 348.7255 -1.4109 0.0000 0.0000
4300.03 18.07.2018 04.40.01 25.32528 286.5641 -164.5988 -0.5964 -0.9900 0.5248 32.3586 17.8380 314.8997 349.9974 -0.9596 0.0000 0.0000
4310.03 18.07.2018 04.50.01 25.22164 286.9037 -160.3985 -0.5812 -1.0152 0.5787 93.6147 52.2004 316.1477 356.4442 -6.4148 0.0000 0.0000
4320.03 18.07.2018 05.00.01 25.12075 287.3377 -144.3753 -0.5231 -1.0395 0.6885 108.4893 60.5595 317.9003 360.3275 -8.2899 0.0000 0.0000
4330.03 18.07.2018 05.10.01 25.02749 287.8221 -144.0451 -0.5219 -1.0857 0.7518 446.7879 250.6778 319.5708 395.6149 -40.3717 0.0000 0.0000
4340.03 18.07.2018 05.20.01 24.93618 288.8255 -73.9542 -0.2680 -1.1206 1.1368 795.8859 447.0145 324.2858 445.0679 -79.2376 0.0000 0.0000
4350.03 18.07.2018 05.30.01 24.87606 289.6763 -18.8573 -0.0683 -1.2771 1.6117 1145.9086 643.8631 330.6030 505.1172 -124.2671 0.0000 0.0000
4360.03 18.07.2018 05.40.01 24.84222 290.4738 29.9319 0.1084 -1.5104 2.1585 1081.8848 608.0787 338.6325 521.3440 -135.3769 0.0000 0.0000
4370.03 18.07.2018 05.50.01 24.83218 291.0867 -34.0862 -0.1235 -1.7944 2.2278 1000.4004 562.2044 342.1088 526.9510 -138.9250 0.0000 0.0000
4380.03 18.07.2018 06.00.01 24.80020 291.4697 -68.4290 -0.2479 -1.8977 2.1997 914.8392 513.9569 344.2766 527.3718 -139.5608 0.0000 0.0000
4390.03 18.07.2018 06.10.01 24.75875 291.7885 -67.7512 -0.2455 -1.8807 2.1803 871.8549 489.5949 345.6098 528.8979 -142.4262 0.0000 0.0000
4400.03 18.07.2018 06.20.01 24.72283 292.0982 -44.6686 -0.1618 -1.8087 2.1958 831.1859 466.5940 347.0018 529.1629 -144.3642 0.0000 0.0000
4410.03 18.07.2018 06.30.01 24.70251 292.3872 -14.0231 -0.0508 -1.7214 2.2275 789.3356 442.8708 348.4028 527.6440 -144.8634 0.0000 0.0000
4420.03 18.07.2018 06.40.01 24.70144 292.6892 22.1897 0.0804 -1.6298 2.2802 763.9252 428.3648 349.9651 527.1907 -144.9752 0.0000 0.0000
4430.03 18.07.2018 06.50.01 24.72207 292.9790 54.0614 0.1959 -1.5441 2.3200 743.0744 416.6055 351.3577 526.7549 -145.0585 0.0000 0.0000
4440.03 18.07.2018 07.00.01 24.76238 293.2612 87.6610 0.3176 -1.4578 2.3672 722.4017 404.9468 352.7361 525.6812 -144.8037 0.0000 0.0000
4450.03 18.07.2018 07.10.01 24.82290 293.3910 130.5663 0.4731 -1.3794 2.4700 695.3411 389.6476 354.0540 523.0286 -143.7490 0.0000 0.0000
4460.03 18.07.2018 07.20.01 24.90673 293.5717 166.5757 0.6035 -1.3332 2.5822 668.0922 374.2278 355.3866 519.7870 -142.2447 0.0000 0.0000
4470.03 18.07.2018 07.30.01 25.01058 293.7670 192.6314 0.6979 -1.3101 2.6774 639.9042 358.2575 356.5508 516.1140 -139.8251 0.0000 0.0000
4480.03 18.07.2018 07.40.01 25.12972 293.9902 222.4088 0.8058 -1.2952 2.8014 622.4419 348.2950 357.9475 513.5370 -137.6837 0.0000 0.0000
4490.03 18.07.2018 07.50.01 25.26510 294.2080 243.3583 0.8817 -1.3022 2.9119 604.3949 337.9929 359.1866 510.9176 -135.3722 0.0000 0.0000
4500.03 18.07.2018 08.00.01 25.41250 294.4317 259.2421 0.9393 -1.3193 3.0114 585.3549 327.1051 360.3372 508.1063 -132.7430 0.0000 0.0000
4510.03 18.07.2018 08.10.01 25.56939 294.5400 282.0066 1.0218 -1.3426 3.1525 544.3612 303.9263 361.5290 502.8048 -127.6552 0.0000 0.0000
4520.03 18.07.2018 08.20.01 25.73770 294.6351 289.1602 1.0477 -1.3916 3.2523 502.4042 280.2021 362.3303 496.7040 -121.7745 0.0000 0.0000
4530.03 18.07.2018 08.30.01 25.91058 294.7318 295.9338 1.0722 -1.4395 3.3489 460.9434 256.7773 363.0317 490.3126 -115.5433 0.0000 0.0000
4540.03 18.07.2018 08.40.01 26.08740 294.8158 297.3684 1.0774 -1.4909 3.4244 430.0575 239.2702 363.4808 484.7358 -109.8953 0.0000 0.0000
4550.03 18.07.2018 08.50.01 26.26550 294.9047 304.3464 1.1027 -1.5398 3.5234 400.6224 222.6149 364.0897 479.4409 -104.5091 0.0000 0.0000
4560.03 18.07.2018 09.00.01 26.44677 295.0003 309.2828 1.1206 -1.6011 3.6289 372.0369 206.4620 364.7835 474.2861 -99.1689 0.0000 0.0000
4570.03 18.07.2018 09.10.01 26.62982 295.1110 293.8254 1.0646 -1.6737 3.6511 364.8470 202.2903 365.6140 472.1469 -92.7006 0.0000 0.0000
4580.03 18.07.2018 09.20.01 26.80609 295.2537 292.0545 1.0582 -1.7199 3.7041 358.7891 198.7733 366.6765 470.5209 -88.1275 0.0000 0.0000
4590.03 18.07.2018 09.30.01 26.98095 295.3377 293.9313 1.0650 -1.7710 3.7813 353.7361 195.8401 368.0195 469.1544 -85.0903 0.0000 0.0000
4600.03 18.07.2018 09.40.01 27.15554 295.4398 290.1696 1.0513 -1.8361 3.8499 349.8269 193.5354 369.4165 468.1870 -82.3889 0.0000 0.0000
4610.03 18.07.2018 09.50.01 27.32754 295.5649 288.0659 1.0437 -1.9054 3.9322 346.6695 191.6716 370.8570 467.6549 -79.9663 0.0000 0.0000
4620.03 18.07.2018 10.00.01 27.49734 295.6355 279.8207 1.0138 -1.9838 3.9969 342.8361 189.4146 372.2319 467.1620 -77.9545 0.0000 0.0000
4630.03 18.07.2018 10.10.01 27.66235 295.5820 276.9702 1.0035 -2.0604 4.0852 350.3674 193.4321 374.2610 467.5222 -79.8481 0.0000 0.0000
4640.03 18.07.2018 10.20.01 27.82470 295.7562 276.7044 1.0026 -2.1460 4.1981 358.3895 197.7246 376.5500 468.5803 -81.1056 0.0000 0.0000
4650.03 18.07.2018 10.30.01 27.98565 295.9684 269.7689 0.9774 -2.2439 4.2951 365.4557 201.4559 378.7420 469.8108 -82.2135 0.0000 0.0000
4660.03 18.07.2018 10.40.01 28.14266 296.2008 269.7834 0.9775 -2.3397 4.4229 373.2406 205.6040 381.1923 471.6848 -82.0434 0.0000 0.0000
4670.03 18.07.2018 10.50.01 28.29904 296.3772 264.0750 0.9568 -2.4453 4.5361 380.0514 209.1787 383.7770 473.4449 -83.2120 0.0000 0.0000
4680.03 18.07.2018 11.00.01 28.45211 296.5622 257.8607 0.9343 -2.5498 4.6455 386.2137 212.3694 386.2045 474.6698 -86.4104 0.0000 0.0000
4690.03 18.07.2018 11.10.01 28.60128 296.5338 236.2678 0.8560 -2.6518 4.6772 368.3586 202.5865 387.0231 475.1352 -81.7635 0.0000 0.0000
4700.03 18.07.2018 11.20.01 28.74011 296.4725 199.2310 0.7219 -2.7200 4.5891 346.8096 190.6793 386.9374 474.1785 -76.5757 0.0000 0.0000
4710.03 18.07.2018 11.30.01 28.86196 296.4256 174.5585 0.6325 -2.7260 4.4779 325.4941 178.9305 386.2837 472.6863 -71.4514 0.0000 0.0000
4720.03 18.07.2018 11.40.01 28.97216 296.4419 161.4108 0.5848 -2.6974 4.3764 305.2320 167.7439 385.5388 470.7868 -66.6017 0.0000 0.0000
4730.03 18.07.2018 11.50.01 29.07540 296.4349 148.8620 0.5394 -2.6560 4.2605 286.8810 157.7148 384.4610 468.5538 -62.9217 0.0000 0.0000
4740.03 18.07.2018 12.00.01 29.17202 296.4507 139.5581 0.5056 -2.6027 4.1445 269.6095 148.3314 383.3831 466.3245 -59.1286 0.0000 0.0000
4750.03 18.07.2018 12.10.01 29.26330 296.5394 115.6133 0.4189 -2.5430 3.9492 265.3806 145.6517 382.3432 463.9401 -57.2327 0.0000 0.0000
4760.03 18.07.2018 12.20.01 29.34356 297.2822 130.4471 0.4726 -2.4485 3.8949 265.2605 145.3308 381.6507 463.0566 -55.8299 0.0000 0.0000
4770.03 18.07.2018 12.30.01 29.42932 298.0674 156.5035 0.5670 -2.3959 3.9505 267.5087 146.3471 381.1574 462.4618 -56.9717 0.0000 0.0000
4780.03 18.07.2018 12.40.01 29.52490 298.3893 175.4223 0.6356 -2.4084 4.0586 267.4668 145.9452 380.7855 461.2693 -57.7622 0.0000 0.0000
4790.03 18.07.2018 12.50.01 29.62777 298.7093 189.0278 0.6849 -2.4684 4.2044 268.1724 145.9634 380.3740 460.2255 -58.6091 0.0000 0.0000
4800.03 18.07.2018 13.00.01 29.73596 298.9646 207.0624 0.7502 -2.5610 4.4150 269.7745 146.4719 380.0494 459.4332 -59.6284 0.0000 0.0000
4810.03 18.07.2018 13.10.01 29.85110 298.6138 193.0254 0.6994 -2.6944 4.5250 265.1424 144.1572 381.9654 460.8600 -54.4254 0.0000 0.0000
4820.03 18.07.2018 13.20.01 29.95956 297.9808 163.3094 0.5917 -2.8019 4.5248 257.0913 139.8746 383.4359 461.1512 -51.9966 0.0000 0.0000
4830.03 18.07.2018 13.30.01 30.05526 298.1110 142.8066 0.5174 -2.8519 4.4924 247.6805 134.8012 384.6694 460.8819 -51.5496 0.0000 0.0000
4840.03 18.07.2018 13.40.01 30.14144 297.7087 121.7997 0.4413 -2.8690 4.4137 238.9137 130.1517 385.7890 460.5641 -46.9875 0.0000 0.0000
4850.03 18.07.2018 13.50.01 30.21768 297.7839 102.2151 0.3703 -2.8548 4.3002 229.8258 125.3359 386.6947 458.6770 -49.6243 0.0000 0.0000
4860.03 18.07.2018 14.00.01 30.28408 297.5658 79.5256 0.2881 -2.8173 4.1406 219.9562 120.0864 387.2580 455.6074 -55.9997 0.0000 0.0000
4870.03 18.07.2018 14.10.01 30.33889 297.4120 38.6109 0.1399 -2.7492 3.8521 202.3847 110.6263 385.7497 453.7014 -50.6730 0.0000 0.0000
4880.03 18.07.2018 14.20.01 30.37496 297.3729 3.1362 0.0114 -2.6115 3.4972 183.2068 100.2537 384.0135 451.2716 -45.2990 0.0000 0.0000
4890.03 18.07.2018 14.30.01 30.39446 297.2659 -24.2208 -0.0878 -2.4181 3.1071 163.5222 89.6037 382.0840 448.2276 -40.9940 0.0000 0.0000
4900.03 18.07.2018 14.40.01 30.40066 297.1330 -51.4062 -0.1863 -2.1859 2.6662 142.8082 78.4088 379.9939 444.7598 -36.1373 0.0000 0.0000
4910.03 18.07.2018 14.50.01 30.39358 296.9653 -74.2815 -0.2691 -1.9163 2.1963 121.8359 67.0808 377.7625 440.6862 -32.5954 0.0000 0.0000
4920.03 18.07.2018 15.00.01 30.37496 296.7056 -95.7610 -0.3470 -1.6197 1.6971 100.5266 55.5716 375.3187 436.1551 -29.9378 0.0000 0.0000
4930.03 18.07.2018 15.10.01 30.34597 296.6413 -36.6950 -0.1330 -1.3077 1.5663 94.4188 52.1273 372.1481 432.7444 -28.3511 0.0000 0.0000
4940.03 18.07.2018 15.20.01 30.34033 296.3112 -3.1347 -0.0114 -1.1350 1.4982 90.6319 50.0267 369.2424 429.0399 -29.7528 0.0000 0.0000
4950.03 18.07.2018 15.30.01 30.34695 295.9886 8.6867 0.0315 -1.0492 1.4409 87.2065 48.1344 366.4121 425.4707 -30.9241 0.0000 0.0000
4960.03 18.07.2018 15.40.01 30.35690 295.7355 9.9386 0.0360 -1.0032 1.3856 83.8524 46.2834 363.6068 422.2564 -30.6949 0.0000 0.0000
4970.03 18.07.2018 15.50.01 30.36587 295.4784 6.0781 0.0220 -0.9759 1.3306 80.5106 44.4394 360.7841 419.0187 -30.8525 0.0000 0.0000
4980.03 18.07.2018 16.00.01 30.37173 295.2449 0.2381 0.0009 -0.9566 1.2766 77.1925 42.6077 357.9017 415.8615 -30.7190 0.0000 0.0000
4990.03 18.07.2018 16.10.01 30.37490 295.4623 107.7098 0.3903 -0.9377 1.7707 86.7973 47.3445 357.5952 415.0530 -27.1844 0.0000 0.0000
5000.03 18.07.2018 16.20.01 30.42263 295.7049 168.7260 0.6113 -1.1396 2.3346 98.2123 53.1135 357.9168 415.1476 -25.1952 0.0000 0.0000
5010.03 18.07.2018 16.30.01 30.49633 295.9675 202.9562 0.7353 -1.4608 2.9283 110.0305 59.1014 358.5028 415.7514 -23.9955 0.0000 0.0000
5020.03 18.07.2018 16.40.01 30.58276 296.2327 3.9653 0.0144 -1.8457 2.4801 119.9111 64.5449 359.2374 416.5505 -22.7188 0.0000 0.0000
5030.03 18.07.2018 16.50.01 30.58819 296.4986 91.2413 0.3306 -1.8268 2.8765 133.5789 71.6235 360.1011 418.0072 -22.5804 0.0000 0.0000
5040.03 18.07.2018 17.00.01 30.62890 296.7624 127.5674 0.4622 -1.9954 3.2768 147.2712 78.7157 361.0623 419.7387 -23.0365 0.0000 0.0000
5050.03 18.07.2018 17.10.01 30.68319 296.4422 30.0469 0.1089 -2.2425 3.1352 139.9810 74.9812 360.9316 419.1166 -27.3722 0.0000 0.0000
5060.03 18.07.2018 17.20.01 30.69576 296.0876 -33.1963 -0.1203 -2.3031 2.9104 123.0313 65.5161 359.9729 416.4661 -29.0084 0.0000 0.0000
5070.03 18.07.2018 17.30.01 30.68005 295.7309 -70.4920 -0.2554 -2.2540 2.6647 112.9575 60.1931 358.6441 414.2040 -31.1731 0.0000 0.0000
5080.03 18.07.2018 17.40.01 30.64660 295.3739 -105.3452 -0.3817 -2.1504 2.3583 98.8133 52.6104 357.1769 411.3492 -31.8095 0.0000 0.0000
5090.03 18.07.2018 17.50.01 30.59643 295.0215 -128.6479 -0.4661 -1.9974 2.0417 86.9697 46.4160 355.5839 408.5320 -32.1531 0.0000 0.0000
5100.03 18.07.2018 18.00.01 30.53265 294.6745 -318.2943 -1.1532 -1.8177 0.8859 73.9632 40.1566 353.9332 405.6039 -31.7419 0.0000 0.0000
5110.03 18.07.2018 18.10.01 30.38976 294.3195 -193.4644 -0.7010 -1.2767 0.7676 62.2273 33.6676 351.8164 402.5878 -28.8254 0.0000 0.0000
5120.03 18.07.2018 18.20.01 30.29614 293.9641 -145.4122 -0.5269 -1.0162 0.6525 52.8850 28.6122 349.7269 399.7880 -26.6388 0.0000 0.0000
5130.03 18.07.2018 18.30.01 30.22112 293.6110 -127.5714 -0.4622 -0.8683 0.5415 42.9778 23.2148 347.6658 396.9294 -24.2693 0.0000 0.0000
5140.03 18.07.2018 18.40.01 30.15246 293.2594 -122.6223 -0.4443 -0.7675 0.4309 32.3302 17.5253 345.6125 394.1133 -21.9340 0.0000 0.0000
5150.03 18.07.2018 18.50.01 30.08489 292.9086 -124.3304 -0.4505 -0.6865 0.3146 21.2677 11.5914 343.5141 391.1910 -19.3630 0.0000 0.0000
5160.03 18.07.2018 19.00.01 30.01568 292.5624 -127.7480 -0.4629 -0.6118 0.1986 10.6889 5.9467 341.4018 388.2797 -16.8233 0.0000 0.0000
5170.03 18.07.2018 19.10.01 29.94424 292.3809 -120.6228 -0.4370 -0.5394 0.1364 7.8906 4.3685 341.2685 386.2741 -14.1506 0.0000 0.0000
5180.03 18.07.2018 19.20.01 29.87512 292.1382 -112.7954 -0.4087 -0.4878 0.1055 6.1869 3.4223 341.4369 384.6228 -12.7052 0.0000 0.0000
5190.03 18.07.2018 19.30.01 29.80877 291.9078 -109.8977 -0.3982 -0.4583 0.0802 4.6784 2.5889 341.6989 383.1660 -11.6623 0.0000 0.0000
5200.03 18.07.2018 19.40.01 29.74297 291.6783 -110.0458 -0.3987 -0.4406 0.0559 3.2054 1.7760 342.0137 381.8387 -10.9283 0.0000 0.0000
5210.03 18.07.2018 19.50.01 29.67654 291.4612 -112.0508 -0.4060 -0.4298 0.0317 1.7389 0.9667 342.3665 380.6131 -10.4242 0.0000 0.0000
5220.03 18.07.2018 20.00.01 29.60851 291.2590 -114.7895 -0.4159 -0.4217 0.0077 0.2755 0.1593 342.7399 379.5005 -9.8930 0.0000 0.0000
5230.03 18.07.2018 20.10.01 29.53878 291.1629 -114.0213 -0.4131 -0.4141 0.0014 0.0467 0.0269 344.4176 378.9176 -9.2821 0.0000 0.0000
5240.03 18.07.2018 20.20.01 29.46896 291.0471 -114.2792 -0.4141 -0.4142 0.0002 0.0088 0.0051 346.2292 378.5029 -9.0834 0.0000 0.0000
5250.03 18.07.2018 20.30.01 29.39846 290.9516 -115.5713 -0.4187 -0.4188 0.0000 0.0015 0.0009 348.1024 378.2042 -9.0905 0.0000 0.0000
5260.03 18.07.2018 20.40.01 29.32687 290.8563 -117.3444 -0.4252 -0.4252 0.0000 0.0003 0.0002 350.0258 377.9717 -9.3488 0.0000 0.0000
5270.03 18.07.2018 20.50.01 29.25408 290.7677 -119.4815 -0.4329 -0.4329 0.0000 0.0001 0.0000 351.9828 377.8093 -9.7649 0.0000 0.0000
5280.03 18.07.2018 21.00.01 29.17999 290.6802 -121.6706 -0.4408 -0.4408 0.0000 0.0000 0.0000 353.9611 377.7064 -10.3104 0.0000 0.0000
5290.03 18.07.2018 21.10.01 29.10452 290.6024 -123.7694 -0.4484 -0.4484 0.0000 0.0000 0.0000 353.7616 377.3905 -10.4239 0.0000 0.0000
5300.03 18.07.2018 21.20.01 29.02773 290.5232 -126.2451 -0.4574 -0.4574 0.0000 0.0000 0.0000 353.4691 377.0078 -10.4730 0.0000 0.0000
5310.03 18.07.2018 21.30.01 28.94940 290.4397 -128.8434 -0.4668 -0.4668 0.0000 0.0000 0.0000 353.1661 376.6064 -10.5060 0.0000 0.0000
5320.03 18.07.2018 21.40.01 28.86944 290.3561 -131.0656 -0.4749 -0.4749 0.0000 0.0000 0.0000 352.8595 376.1992 -10.5071 0.0000 0.0000
5330.03 18.07.2018 21.50.01 28.78826 290.2725 -133.1164 -0.4823 -0.4823 0.0000 0.0000 0.0000 352.5540 375.7898 -10.4849 0.0000 0.0000
5340.03 18.07.2018 22.00.01 28.70599 290.1883 -134.8385 -0.4885 -0.4885 0.0000 0.0000 0.0000 352.2505 375.3794 -10.4473 0.0000 0.0000
5350.03 18.07.2018 22.10.01 28.62267 290.1291 -136.2362 -0.4936 -0.4936 0.0000 0.0000 0.0000 351.3863 374.9234 -10.1835 0.0000 0.0000
5360.03 18.07.2018 22.20.01 28.53851 290.0683 -137.4110 -0.4979 -0.4979 0.0000 0.0000 0.0000 350.4952 374.4335 -9.9126 0.0000 0.0000
5370.03 18.07.2018 22.30.01 28.45364 290.0087 -138.4617 -0.5017 -0.5017 0.0000 0.0000 0.0000 349.5977 373.9305 -9.6179 0.0000 0.0000
5380.03 18.07.2018 22.40.01 28.36819 289.9443 -139.5014 -0.5054 -0.5054 0.0000 0.0000 0.0000 348.6995 373.4092 -9.3360 0.0000 0.0000
5390.03 18.07.2018 22.50.01 28.28213 289.8800 -140.1981 -0.5080 -0.5080 0.0000 0.0000 0.0000 347.7998 372.8792 -9.0408 0.0000 0.0000
5400.03 18.07.2018 23.00.01 28.19570 289.8140 -140.8744 -0.5104 -0.5104 0.0000 0.0000 0.0000 346.8988 372.3384 -8.7507 0.0000 0.0000
5410.03 18.07.2018 23.10.01 28.10876 289.6338 -141.3431 -0.5121 -0.5121 0.0000 0.0000 0.0000 345.8328 371.6313 -8.9972 0.0000 0.0000
5420.03 18.07.2018 23.20.01 28.02178 289.4367 -142.3432 -0.5157 -0.5157 0.0000 0.0000 0.0000 344.7391 370.8765 -9.2183 0.0000 0.0000
5430.03 18.07.2018 23.30.01 27.93389 289.2522 -142.5269 -0.5164 -0.5164 0.0000 0.0000 0.0000 343.6346 370.1140 -9.3476 0.0000 0.0000
5440.03 18.07.2018 23.40.01 27.84600 289.0671 -143.1032 -0.5185 -0.5185 0.0000 0.0000 0.0000 342.5160 369.3273 -9.4878 0.0000 0.0000
5450.03 18.07.2018 23.50.01 27.75799 288.8838 -143.8455 -0.5212 -0.5212 0.0000 0.0000 0.0000 341.4002 368.5380 -9.5463 0.0000 0.0000
5460.03 19.07.2018 00.00.01 27.66924 288.7029 -143.8802 -0.5213 -0.5213 0.0000 0.0000 0.0000 340.2851 367.7410 -9.5749 0.0000 0.0000
5470.03 19.07.2018 00.10.01 27.58047 288.4992 -144.1495 -0.5223 -0.5223 0.0000 0.0000 0.0000 339.4240 366.9754 -9.6789 0.0000 0.0000
5480.03 19.07.2018 00.20.01 27.49166 288.3082 -144.7500 -0.5245 -0.5245 0.0000 0.0000 0.0000 338.5841 366.2230 -9.7621 0.0000 0.0000
5490.03 19.07.2018 00.30.01 27.40258 288.1117 -145.3613 -0.5267 -0.5267 0.0000 0.0000 0.0000 337.7398 365.4535 -9.8837 0.0000 0.0000
5500.03 19.07.2018 00.40.01 27.31286 287.9109 -145.4907 -0.5271 -0.5271 0.0000 0.0000 0.0000 336.8896 364.6732 -10.0194 0.0000 0.0000
5510.03 19.07.2018 00.50.01 27.22314 287.7070 -145.9898 -0.5289 -0.5289 0.0000 0.0000 0.0000 336.0346 363.8864 -10.1582 0.0000 0.0000
5520.03 19.07.2018 01.00.01 27.13342 287.5022 -146.8450 -0.5320 -0.5320 0.0000 0.0000 0.0000 335.1780 363.0967 -10.2909 0.0000 0.0000
5530.03 19.07.2018 01.10.01 27.04287 287.4062 -146.8316 -0.5320 -0.5320 0.0000 0.0000 0.0000 335.0172 362.5043 -10.0807 0.0000 0.0000
5540.03 19.07.2018 01.20.01 26.95236 287.3130 -146.8209 -0.5320 -0.5320 0.0000 0.0000 0.0000 334.9101 361.9587 -9.9533 0.0000 0.0000
5550.03 19.07.2018 01.30.01 26.86187 287.2188 -146.8405 -0.5320 -0.5320 0.0000 0.0000 0.0000 334.8119 361.4425 -9.8695 0.0000 0.0000
5560.03 19.07.2018 01.40.01 26.77142 287.1307 -146.8329 -0.5320 -0.5320 0.0000 0.0000 0.0000 334.7203 360.9735 -9.7350 0.0000 0.0000
5570.03 19.07.2018 01.50.01 26.68102 287.1224 -146.8432 -0.5320 -0.5320 0.0000 0.0000 0.0000 334.6430 360.6664 -9.1335 0.0000 0.0000
5580.03 19.07.2018 02.00.01 26.59078 287.0534 -146.8052 -0.5319 -0.5319 0.0000 0.0003 0.0002 334.6017 360.2579 -9.0700 0.0000 0.0000
5590.03 19.07.2018 02.10.01 26.50051 287.0426 -146.2721 -0.5300 -0.5321 0.0028 0.1938 0.1060 333.9419 359.8746 -8.8136 0.0000 0.0000
5600.03 19.07.2018 02.20.01 26.41021 286.9692 -146.6981 -0.5315 -0.5363 0.0064 0.4171 0.2290 333.2394 359.3262 -9.0995 0.0000 0.0000
5610.03 19.07.2018 02.30.01 26.31951 286.7582 -147.6634 -0.5350 -0.5426 0.0101 0.6452 0.3549 332.4871 358.5633 -9.8890 0.0000 0.0000
5620.03 19.07.2018 02.40.01 26.22820 286.5927 -148.5605 -0.5383 -0.5487 0.0139 0.8742 0.4812 331.7176 357.8561 -10.3293 0.0000 0.0000
5630.03 19.07.2018 02.50.01 26.13647 286.4496 -149.1455 -0.5404 -0.5536 0.0176 1.1034 0.6077 330.8974 357.1533 -10.6263 0.0000 0.0000
5640.03 19.07.2018 03.00.01 26.04437 286.3456 -149.2851 -0.5409 -0.5570 0.0215 1.3381 0.7371 330.0582 356.5007 -10.7026 0.0000 0.0000
5650.03 19.07.2018 03.10.01 25.95226 286.3701 -139.8294 -0.5066 -0.5603 0.0715 4.7886 2.6252 329.6175 356.4222 -10.1750 0.0000 0.0000
5660.03 19.07.2018 03.20.01 25.86434 286.4047 -132.7322 -0.4809 -0.5823 0.1351 8.7365 4.8011 329.3397 356.5358 -9.9404 0.0000 0.0000
5670.03 19.07.2018 03.30.01 25.77957 286.4476 -128.6146 -0.4660 -0.6168 0.2011 12.7644 7.0230 329.1336 356.7310 -9.9106 0.0000 0.0000
5680.03 19.07.2018 03.40.01 25.69677 286.4880 -126.0734 -0.4568 -0.6574 0.2675 16.8077 9.2538 328.9726 356.9919 -10.0082 0.0000 0.0000
5690.03 19.07.2018 03.50.01 25.61526 286.5255 -124.2055 -0.4500 -0.7005 0.3340 20.8537 11.4863 328.8421 357.3114 -10.1946 0.0000 0.0000
5700.03 19.07.2018 04.00.01 25.53478 286.5636 -122.5485 -0.4440 -0.7445 0.4006 24.9056 13.7219 328.7343 357.6846 -10.4396 0.0000 0.0000
5710.03 19.07.2018 04.10.01 25.45544 286.9227 -111.0285 -0.4023 -0.7879 0.5141 32.2240 17.7439 329.2540 358.8402 -9.5104 0.0000 0.0000
5720.03 19.07.2018 04.20.01 25.38159 287.2897 -101.1750 -0.3666 -0.8477 0.6414 40.0475 22.0581 329.9812 360.2855 -8.9333 0.0000 0.0000
5730.03 19.07.2018 04.30.01 25.31262 287.6615 -94.1861 -0.3413 -0.9196 0.7711 47.9521 26.4191 330.8087 361.9056 -8.5730 0.0000 0.0000
5740.03 19.07.2018 04.40.01 25.24734 288.0350 -88.6288 -0.3211 -0.9971 0.9013 55.8725 30.7892 331.7022 363.6664 -8.3826 0.0000 0.0000
5750.03 19.07.2018 04.50.01 25.18524 288.4116 -83.8364 -0.3038 -1.0774 1.0315 81.4406 45.0682 332.6462 367.1986 -9.9322 0.0000 0.0000
5760.03 19.07.2018 05.00.01 25.12600 288.8061 -75.7899 -0.2746 -1.1586 1.1787 93.6515 51.8586 333.7861 370.0272 -10.8526 0.0000 0.0000
5770.03 19.07.2018 05.10.01 25.07101 289.2113 -71.7950 -0.2601 -1.2467 1.3154 172.4898 96.0875 334.9174 379.3820 -17.5538 0.0000 0.0000
5780.03 19.07.2018 05.20.01 25.01882 289.7744 -53.5189 -0.1939 -1.3323 1.5178 253.7690 141.7274 336.7181 391.0948 -25.8709 0.0000 0.0000
5790.03 19.07.2018 05.30.01 24.97546 290.2935 -37.9369 -0.1375 -1.4424 1.7399 335.0789 187.3772 338.8497 404.1483 -35.6089 0.0000 0.0000
5800.03 19.07.2018 05.40.01 24.94018 290.8116 -23.6097 -0.0855 -1.5682 1.9769 313.4770 175.2031 341.2873 407.6791 -37.3229 0.0000 0.0000
5810.03 19.07.2018 05.50.01 24.91247 291.1225 -36.4796 -0.1322 -1.7039 2.0956 287.7132 160.6278 342.7105 409.0326 -36.5176 0.0000 0.0000
5820.03 19.07.2018 06.00.01 24.88128 291.5047 -41.7370 -0.1512 -1.7927 2.1886 261.1260 145.5743 343.8297 409.1133 -35.2375 0.0000 0.0000
5830.03 19.07.2018 06.10.01 24.84976 291.7151 -52.7350 -0.1911 -1.8496 2.2114 297.1245 165.7351 345.1597 415.3653 -36.1685 0.0000 0.0000
5840.03 19.07.2018 06.20.01 24.81585 292.2764 -38.5822 -0.1398 -1.8608 2.2947 334.8679 186.8940 346.9911 423.7788 -36.5898 0.0000 0.0000
5850.03 19.07.2018 06.30.01 24.79022 293.0537 -22.5759 -0.0818 -1.8773 2.3940 372.1665 207.7749 348.8223 431.0099 -45.2378 0.0000 0.0000
5860.03 19.07.2018 06.40.01 24.77392 293.8026 -7.1978 -0.0261 -1.9007 2.4995 392.1320 218.9095 351.1090 438.9812 -42.4475 0.0000 0.0000
5870.03 19.07.2018 06.50.01 24.76644 293.8906 4.2637 0.0154 -1.9266 2.5894 413.3172 230.7881 353.1548 444.7012 -49.4524 0.0000 0.0000
5880.03 19.07.2018 07.00.01 24.76666 294.0207 15.8698 0.0575 -1.9477 2.6736 434.0723 242.4147 355.1898 450.0161 -59.0215 0.0000 0.0000
5890.03 19.07.2018 07.10.01 24.77429 294.4546 37.5245 0.1360 -1.9649 2.8011 433.5001 242.0390 356.9336 454.2459 -58.3505 0.0000 0.0000
5900.03 19.07.2018 07.20.01 24.79382 294.8644 50.9267 0.1845 -1.9970 2.9086 431.9551 241.0954 358.1587 456.7601 -65.8746 0.0000 0.0000
5910.03 19.07.2018 07.30.01 24.82162 294.9103 62.5671 0.2267 -2.0287 3.0072 429.8720 239.8361 358.9538 457.3494 -76.5899 0.0000 0.0000
5920.03 19.07.2018 07.40.01 24.85702 295.1778 78.0377 0.2827 -2.0565 3.1190 430.0500 239.8385 361.1530 464.1118 -57.5297 0.0000 0.0000
5930.03 19.07.2018 07.50.01 24.90167 295.1492 90.1961 0.3268 -2.0869 3.2183 429.6363 239.4961 362.5097 463.4520 -74.9033 0.0000 0.0000
5940.03 19.07.2018 08.00.01 24.95385 294.9429 102.0132 0.3696 -2.1161 3.3143 428.7428 238.8671 362.5666 460.4034 -96.1923 0.0000 0.0000
5950.03 19.07.2018 08.10.01 25.01333 295.1502 107.4142 0.3892 -2.1446 3.3784 446.9636 248.9538 363.0866 462.9533 -97.6408 0.0000 0.0000
5960.03 19.07.2018 08.20.01 25.07748 295.3870 122.7076 0.4446 -2.1594 3.4719 465.5930 259.2622 364.1036 466.1644 -99.9712 0.0000 0.0000
5970.03 19.07.2018 08.30.01 25.15035 295.6269 138.0199 0.5001 -2.1816 3.5756 483.8916 269.3645 365.3182 469.6662 -102.7116 0.0000 0.0000
5980.03 19.07.2018 08.40.01 25.23187 295.8678 149.5200 0.5417 -2.2127 3.6725 498.0048 277.1008 366.5385 472.9502 -105.4345 0.0000 0.0000
5990.03 19.07.2018 08.50.01 25.32021 296.1062 159.0526 0.5763 -2.2461 3.7631 511.1915 284.2864 367.7672 476.1914 -107.9891 0.0000 0.0000
6000.03 19.07.2018 09.00.01 25.41451 296.3410 170.9898 0.6195 -2.2796 3.8656 523.7664 291.0962 369.1162 479.4368 -110.8244 0.0000 0.0000
6010.03 19.07.2018 09.10.01 25.51562 296.5982 185.4813 0.6720 -2.3192 3.9883 519.7235 288.6404 370.8224 481.6711 -109.5451 0.0000 0.0000
6020.03 19.07.2018 09.20.01 25.62438 296.8422 188.4287 0.6827 -2.3704 4.0708 514.0757 285.2531 372.3287 483.4625 -107.2288 0.0000 0.0000
6030.03 19.07.2018 09.30.01 25.73611 297.0649 201.1792 0.7289 -2.4109 4.1864 509.5707 282.5257 374.0243 485.0153 -106.4614 0.0000 0.0000
6040.03 19.07.2018 09.40.01 25.85464 297.2960 206.3000 0.7475 -2.4612 4.2783 505.4297 279.9692 375.6681 486.6609 -104.4412 0.0000 0.0000
6050.03 19.07.2018 09.50.01 25.97689 297.5307 218.6288 0.7921 -2.5066 4.3982 502.4985 278.1180 377.4459 488.4449 -102.6032 0.0000 0.0000
6060.03 19.07.2018 10.00.01 26.10571 297.7601 220.6257 0.7994 -2.5624 4.4823 497.7651 275.2139 379.0487 489.6901 -101.5837 0.0000 0.0000
6070.03 19.07.2018 10.10.01 26.23678 297.7122 233.4156 0.8457 -2.6089 4.6061 480.6218 265.5458 382.4245 492.0839 -93.3287 0.0000 0.0000
6080.03 19.07.2018 10.20.01 26.37435 298.0169 229.2036 0.8304 -2.6668 4.6631 461.5417 254.7665 385.2486 491.8054 -92.7755 0.0000 0.0000
6090.03 19.07.2018 10.30.01 26.51147 298.0461 220.9818 0.8007 -2.7023 4.6706 441.4897 243.4429 386.6797 490.3352 -93.8737 0.0000 0.0000
6100.03 19.07.2018 10.40.01 26.64608 298.2310 229.1038 0.8301 -2.7132 4.7243 426.3294 234.8974 388.4935 491.4771 -77.5101 0.0000 0.0000
6110.03 19.07.2018 10.50.01 26.78558 299.3358 232.2366 0.8414 -2.7283 4.7597 411.1013 226.3249 390.2901 491.1753 -71.9865 0.0000 0.0000
6120.03 19.07.2018 11.00.01 26.92721 299.2177 234.2744 0.8488 -2.7434 4.7896 396.3240 218.0282 391.4532 487.8654 -83.7216 0.0000 0.0000
6130.03 19.07.2018 11.10.01 27.06939 299.1852 201.2685 0.7292 -2.7566 4.6478 365.4036 201.0225 393.5397 487.9496 -69.8518 0.0000 0.0000
6140.03 19.07.2018 11.20.01 27.19772 298.9883 166.7993 0.6043 -2.7015 4.4078 331.9093 182.5479 395.0007 485.3764 -66.1119 0.0000 0.0000
6150.03 19.07.2018 11.30.01 27.31152 299.1947 148.1035 0.5366 -2.5763 4.1505 299.1083 164.5031 395.7453 480.5831 -68.5028 0.0000 0.0000
6160.03 19.07.2018 11.40.01 27.41677 298.4753 139.1263 0.5041 -2.4224 3.9020 267.9600 147.3696 396.4337 476.1369 -60.3693 0.0000 0.0000
6170.03 19.07.2018 11.50.01 27.51690 298.5748 128.9113 0.4671 -2.2645 3.6421 238.9664 131.5374 396.7480 470.4949 -61.0399 0.0000 0.0000
6180.03 19.07.2018 12.00.01 27.61126 298.4084 120.2638 0.4357 -2.1010 3.3823 211.2465 116.4670 396.5049 463.8078 -66.0457 0.0000 0.0000
6190.03 19.07.2018 12.10.01 27.70077 298.3189 132.2867 0.4793 -1.9359 3.2203 204.0676 112.3532 394.7921 459.9504 -62.5801 0.0000 0.0000
6200.03 19.07.2018 12.20.01 27.79431 298.2604 158.1936 0.5732 -1.8101 3.1777 201.1790 110.7220 393.7311 457.2931 -60.3393 0.0000 0.0000
6210.03 19.07.2018 12.30.01 27.89761 298.2159 173.4341 0.6284 -1.7495 3.1705 199.2505 109.6392 392.9771 455.1405 -58.5328 0.0000 0.0000
6220.03 19.07.2018 12.40.01 28.00640 298.1776 177.7184 0.6439 -1.7326 3.1686 196.9384 108.3195 392.3436 453.1942 -56.9714 0.0000 0.0000
6230.03 19.07.2018 12.50.01 28.11566 298.1422 176.7970 0.6406 -1.7348 3.1672 194.7728 107.0873 391.7608 451.4874 -55.5170 0.0000 0.0000
6240.03 19.07.2018 13.00.01 28.22326 298.1099 173.8029 0.6297 -1.7481 3.1704 192.7566 105.9392 391.2235 449.9629 -54.3080 0.0000 0.0000
6250.03 19.07.2018 13.10.01 28.32906 298.1214 226.1226 0.8193 -1.7726 3.4558 208.9837 114.3161 388.6840 449.5126 -54.5278 0.0000 0.0000
6260.03 19.07.2018 13.20.01 28.45602 298.1359 280.5340 1.0164 -1.9179 3.9125 229.7361 125.2776 386.6536 449.8793 -57.7431 0.0000 0.0000
6270.03 19.07.2018 13.30.01 28.60531 298.0510 322.1725 1.1673 -2.1825 4.4664 250.7880 136.3444 384.8324 450.1864 -62.9433 0.0000 0.0000
6280.03 19.07.2018 13.40.01 28.77194 298.1411 357.8488 1.2966 -2.5360 5.1101 274.3137 148.7776 383.2357 451.3698 -67.7057 0.0000 0.0000
6290.03 19.07.2018 13.50.01 28.95370 298.2548 390.3199 1.4142 -2.9629 5.8362 298.9743 161.8292 381.8305 453.0361 -73.0449 0.0000 0.0000
6300.03 19.07.2018 14.00.01 29.14941 298.3807 414.1578 1.5006 -3.4547 6.6070 323.4187 174.7206 380.3982 454.9484 -78.4879 0.0000 0.0000
6310.03 19.07.2018 14.10.01 29.35366 298.2876 275.8146 0.9993 -3.9856 6.6466 316.6736 171.4504 380.8635 455.4129 -80.5591 0.0000 0.0000
6320.03 19.07.2018 14.20.01 29.49896 298.1752 170.3352 0.6172 -4.2377 6.4732 303.0726 164.2303 380.3119 453.8592 -81.5622 0.0000 0.0000
6330.03 19.07.2018 14.30.01 29.59832 298.0424 104.5287 0.3787 -4.2905 6.2256 287.9577 156.1592 379.2757 451.7102 -81.4097 0.0000 0.0000
6340.03 19.07.2018 14.40.01 29.66784 297.9100 54.1095 0.1960 -4.2296 5.9008 271.2289 147.2146 378.0131 449.2344 -79.5901 0.0000 0.0000
6350.03 19.07.2018 14.50.01 29.71395 297.7816 19.5695 0.0709 -4.0878 5.5449 254.6492 138.3832 376.7052 446.6143 -77.2340 0.0000 0.0000
6360.03 19.07.2018 15.00.01 29.74334 297.6563 -13.1289 -0.0476 -3.8960 5.1313 237.1044 129.0162 375.2655 443.7338 -74.1804 0.0000 0.0000
6370.03 19.07.2018 15.10.01 29.75710 297.4779 -11.1057 -0.0402 -3.6635 4.8310 221.9824 120.7587 374.0158 441.0366 -70.3124 0.0000 0.0000
6380.03 19.07.2018 15.20.01 29.77050 297.3011 -14.1662 -0.0513 -3.4514 4.5335 207.9296 113.1401 372.9223 438.4276 -66.6667 0.0000 0.0000
6390.03 19.07.2018 15.30.01 29.78097 297.1263 -24.0712 -0.0872 -3.2491 4.2158 194.6894 106.0243 371.8537 435.8947 -63.1472 0.0000 0.0000
6400.03 19.07.2018 15.40.01 29.78570 296.9528 -46.0308 -0.1668 -3.0417 3.8332 180.7946 98.6185 370.7477 433.3347 -59.4627 0.0000 0.0000
6410.03 19.07.2018 15.50.01 29.77972 296.7798 -64.1130 -0.2323 -2.8050 3.4302 166.8683 91.2094 369.6213 430.7564 -55.6250 0.0000 0.0000
6420.03 19.07.2018 16.00.01 29.76461 296.6094 -80.6238 -0.2921 -2.5480 3.0079 151.3202 82.8402 368.5055 428.0133 -51.2340 0.0000 0.0000
6430.03 19.07.2018 16.10.01 29.74221 296.5067 31.8138 0.1153 -2.2742 3.1860 151.5076 82.6177 366.7615 425.9192 -49.2404 0.0000 0.0000
6440.03 19.07.2018 16.20.01 29.76541 296.4075 89.8259 0.3255 -2.2431 3.4248 153.5809 83.4796 365.2594 424.2523 -48.7437 0.0000 0.0000
6450.03 19.07.2018 16.30.01 29.81222 296.3123 117.5935 0.4261 -2.3355 3.6821 156.0181 84.5454 363.8975 422.8135 -48.6468 0.0000 0.0000
6460.03 19.07.2018 16.40.01 29.86840 296.2214 -63.7464 -0.2310 -2.4876 3.0089 155.8739 84.6765 362.5630 421.4018 -47.5969 0.0000 0.0000
6470.03 19.07.2018 16.50.01 29.85006 296.1269 24.2295 0.0878 -2.2798 3.1568 159.2669 86.3103 361.2590 420.2409 -48.0464 0.0000 0.0000
6480.03 19.07.2018 17.00.01 29.86672 296.0774 58.5003 0.2120 -2.2671 3.3055 162.6500 87.9390 360.0090 419.2493 -48.5393 0.0000 0.0000
6490.03 19.07.2018 17.10.01 29.89593 295.8521 -4.1680 -0.0151 -2.3341 3.0920 150.0205 81.1672 358.7105 417.3296 -47.5257 0.0000 0.0000
6500.03 19.07.2018 17.20.01 29.89782 295.6004 -48.5739 -0.1760 -2.2852 2.8123 130.0580 70.0473 357.0380 414.4461 -43.0559 0.0000 0.0000
6510.03 19.07.2018 17.30.01 29.87960 295.3462 -75.7991 -0.2746 -2.1620 2.5165 115.0802 61.9311 355.2264 411.7527 -39.8453 0.0000 0.0000
6520.03 19.07.2018 17.40.01 29.84826 295.0957 -100.7669 -0.3651 -2.0014 2.1817 97.2125 52.1968 353.4687 408.9234 -34.8563 0.0000 0.0000
6530.03 19.07.2018 17.50.01 29.80477 294.8506 -118.0410 -0.4277 -1.8076 1.8399 81.0825 43.5104 351.6721 406.0720 -30.5484 0.0000 0.0000
6540.03 19.07.2018 18.00.01 29.75085 294.6116 -278.2151 -1.0080 -1.5968 0.7851 63.9920 34.7852 349.8418 403.1008 -26.2572 0.0000 0.0000
6550.03 19.07.2018 18.10.01 29.62994 294.2726 -162.8603 -0.5901 -1.0832 0.6576 53.0460 28.7070 348.3496 400.2077 -23.1936 0.0000 0.0000
6560.03 19.07.2018 18.20.01 29.55432 293.9367 -114.4778 -0.4148 -0.8312 0.5552 44.9717 24.3320 346.9799 397.6473 -21.1785 0.0000 0.0000
6570.03 19.07.2018 18.30.01 29.49725 293.6004 -96.3867 -0.3492 -0.6945 0.4603 36.5430 19.7388 345.6645 395.0855 -19.1179 0.0000 0.0000
6580.03 19.07.2018 18.40.01 29.44644 293.2641 -91.7447 -0.3324 -0.6075 0.3668 27.5145 14.9151 344.3629 392.5721 -17.2711 0.0000 0.0000
6590.03 19.07.2018 18.50.01 29.39642 292.9255 -94.1726 -0.3412 -0.5423 0.2681 18.1209 9.8764 343.0329 389.9901 -15.2599 0.0000 0.0000
6600.03 19.07.2018 19.00.01 29.34423 292.5859 -98.5468 -0.3571 -0.4843 0.1697 9.1443 5.0870 341.6978 387.4281 -13.3675 0.0000 0.0000
6610.03 19.07.2018 19.10.01 29.28906 292.2212 -94.5933 -0.3427 -0.4304 0.1169 6.7604 3.7427 340.2108 385.0968 -12.2592 0.0000 0.0000
6620.03 19.07.2018 19.20.01 29.23425 291.8556 -91.0842 -0.3300 -0.3978 0.0904 5.3026 2.9331 338.8631 383.0256 -11.7056 0.0000 0.0000
6630.03 19.07.2018 19.30.01 29.17968 291.4882 -92.1249 -0.3338 -0.3853 0.0687 4.0100 2.2190 337.5677 381.0548 -11.3771 0.0000 0.0000
6640.03 19.07.2018 19.40.01 29.12365 291.1218 -96.0310 -0.3479 -0.3839 0.0479 2.7475 1.5222 336.2983 379.1545 -11.1885 0.0000 0.0000
6650.03 19.07.2018 19.50.01 29.06469 290.7551 -100.9347 -0.3657 -0.3861 0.0272 1.4905 0.8286 335.0457 377.3068 -11.1103 0.0000 0.0000
6660.03 19.07.2018 20.00.01 29.00237 290.3912 -106.2853 -0.3851 -0.3900 0.0066 0.2361 0.1365 333.8064 375.5055 -11.1029 0.0000 0.0000
6670.03 19.07.2018 20.10.01 28.93682 290.2231 -108.6755 -0.3938 -0.3946 0.0012 0.0400 0.0231 333.0004 374.1670 -10.0977 0.0000 0.0000
6680.03 19.07.2018 20.20.01 28.86941 290.0558 -111.4311 -0.4037 -0.4039 0.0002 0.0075 0.0043 332.2968 372.9779 -9.3274 0.0000 0.0000
6690.03 19.07.2018 20.30.01 28.79992 289.8926 -114.8587 -0.4162 -0.4162 0.0000 0.0013 0.0008 331.6389 371.8840 -8.7028 0.0000 0.0000
6700.03 19.07.2018 20.40.01 28.72817 289.7297 -118.7412 -0.4302 -0.4302 0.0000 0.0002 0.0001 331.0114 370.8590 -8.2071 0.0000 0.0000
6710.03 19.07.2018 20.50.01 28.65399 289.5657 -122.8229 -0.4450 -0.4450 0.0000 0.0000 0.0000 330.4053 369.8849 -7.8268 0.0000 0.0000
6720.03 19.07.2018 21.00.01 28.57720 289.4028 -126.8566 -0.4596 -0.4596 0.0000 0.0000 0.0000 329.8184 368.9544 -7.5344 0.0000 0.0000
6730.03 19.07.2018 21.10.01 28.49798 289.1930 -130.9261 -0.4744 -0.4744 0.0000 0.0000 0.0000 329.4603 368.0080 -7.6892 0.0000 0.0000
6740.03 19.07.2018 21.20.01 28.41628 288.9837 -135.0753 -0.4894 -0.4894 0.0000 0.0000 0.0000 329.1090 367.0880 -7.8962 0.0000 0.0000
6750.03 19.07.2018 21.30.01 28.33206 288.7772 -139.0369 -0.5038 -0.5038 0.0000 0.0000 0.0000 328.7643 366.1944 -8.1270 0.0000 0.0000
6760.03 19.07.2018 21.40.01 28.24548 288.5686 -142.7663 -0.5173 -0.5173 0.0000 0.0000 0.0000 328.4228 365.3167 -8.3983 0.0000 0.0000
6770.03 19.07.2018 21.50.01 28.15667 288.3639 -146.2278 -0.5298 -0.5298 0.0000 0.0000 0.0000 328.0887 364.4619 -8.6775 0.0000 0.0000
6780.03 19.07.2018 22.00.01 28.06582 288.1569 -149.4591 -0.5415 -0.5415 0.0000 0.0000 0.0000 327.7575 363.6182 -8.9889 0.0000 0.0000
6790.03 19.07.2018 22.10.01 27.97305 287.9480 -152.3513 -0.5520 -0.5520 0.0000 0.0000 0.0000 326.4302 362.6666 -9.0520 0.0000 0.0000
6800.03 19.07.2018 22.20.01 27.87856 287.7387 -155.0253 -0.5617 -0.5617 0.0000 0.0000 0.0000 325.0726 361.6916 -9.0331 0.0000 0.0000
6810.03 19.07.2018 22.30.01 27.78253 287.5298 -157.5605 -0.5709 -0.5709 0.0000 0.0000 0.0000 323.7066 360.6947 -9.0277 0.0000 0.0000
6820.03 19.07.2018 22.40.01 27.68499 287.3188 -159.8896 -0.5793 -0.5793 0.0000 0.0000 0.0000 322.3530 359.6993 -8.9794 0.0000 0.0000
6830.03 19.07.2018 22.50.01 27.58608 287.1102 -161.9731 -0.5869 -0.5869 0.0000 0.0000 0.0000 321.0042 358.7008 -8.9126 0.0000 0.0000
6840.03 19.07.2018 23.00.01 27.48589 286.9059 -163.9090 -0.5939 -0.5939 0.0000 0.0000 0.0000 319.6542 357.7037 -8.8178 0.0000 0.0000
6850.03 19.07.2018 23.10.01 27.38458 286.6831 -165.7857 -0.6007 -0.6007 0.0000 0.0000 0.0000 318.8047 356.7606 -8.8988 0.0000 0.0000
6860.03 19.07.2018 23.20.01 27.28219 286.4874 -167.4666 -0.6068 -0.6068 0.0000 0.0000 0.0000 317.9897 355.8725 -8.9035 0.0000 0.0000
6870.03 19.07.2018 23.30.01 27.17880 286.2885 -169.1229 -0.6128 -0.6128 0.0000 0.0000 0.0000 317.1676 354.9781 -8.9618 0.0000 0.0000
6880.03 19.07.2018 23.40.01 27.07443 286.0734 -170.6619 -0.6183 -0.6183 0.0000 0.0000 0.0000 316.3229 354.0530 -9.1388 0.0000 0.0000
6890.03 19.07.2018 23.50.01 26.96908 285.8516 -172.2256 -0.6240 -0.6240 0.0000 0.0000 0.0000 315.4681 353.1108 -9.3600 0.0000 0.0000
6900.03 20.07.2018 00.00.01 26.86279 285.6116 -173.7467 -0.6295 -0.6295 0.0000 0.0000 0.0000 314.6085 352.1484 -9.6397 0.0000 0.0000
6910.03 20.07.2018 00.10.01 26.75564 285.4684 -175.1940 -0.6348 -0.6348 0.0000 0.0000 0.0000 313.6374 351.2847 -9.4204 0.0000 0.0000
6920.03 20.07.2018 00.20.01 26.64761 285.3263 -176.3603 -0.6390 -0.6390 0.0000 0.0000 0.0000 312.6710 350.4305 -9.2225 0.0000 0.0000
6930.03 20.07.2018 00.30.01 26.53875 285.1808 -177.5321 -0.6432 -0.6432 0.0000 0.0000 0.0000 311.7066 349.5818 -9.0529 0.0000 0.0000
6940.03 20.07.2018 00.40.01 26.42922 285.0374 -178.6380 -0.6472 -0.6472 0.0000 0.0000 0.0000 310.7441 348.7448 -8.8816 0.0000 0.0000
6950.03 20.07.2018 00.50.01 26.31909 284.8882 -179.7798 -0.6514 -0.6514 0.0000 0.0000 0.0000 309.7860 347.9099 -8.7390 0.0000 0.0000
6960.03 20.07.2018 01.00.01 26.20831 284.7409 -180.9871 -0.6558 -0.6558 0.0000 0.0000 0.0000 308.8281 347.0819 -8.6005 0.0000 0.0000
6970.03 20.07.2018 01.10.01 26.09667 284.5931 -181.7083 -0.6584 -0.6584 0.0000 0.0000 0.0000 308.2449 346.3384 -8.4468 0.0000 0.0000
6980.03 20.07.2018 01.20.01 25.98489 284.4310 -182.5916 -0.6616 -0.6616 0.0000 0.0000 0.0000 307.6877 345.5981 -8.4029 0.0000 0.0000
6990.03 20.07.2018 01.30.01 25.87231 284.2725 -182.6917 -0.6619 -0.6619 0.0000 0.0000 0.0000 307.1471 344.8795 -8.3626 0.0000 0.0000
7000.03 20.07.2018 01.40.01 25.75973 284.1130 -183.1151 -0.6635 -0.6635 0.0000 0.0000 0.0000 306.6112 344.1676 -8.3560 0.0000 0.0000
7010.03 20.07.2018 01.50.01 25.64712 283.9515 -183.8112 -0.6660 -0.6660 0.0000 0.0000 0.0000 306.0873 343.4690 -8.3597 0.0000 0.0000
7020.03 20.07.2018 02.00.01 25.53402 283.7925 -184.1095 -0.6671 -0.6671 0.0000 0.0004 0.0002 305.5684 342.7781 -8.3809 0.0000 0.0000
7030.03 20.07.2018 02.10.01 25.42050 283.6644 -183.6772 -0.6655 -0.6679 0.0031 0.2190 0.1198 305.4068 342.1836 -8.3928 0.0000 0.0000
7040.03 20.07.2018 02.20.01 25.30718 283.5456 -183.8342 -0.6661 -0.6715 0.0072 0.4715 0.2589 305.2694 341.6302 -8.4398 0.0000 0.0000
7050.03 20.07.2018 02.30.01 25.19375 283.4196 -184.1747 -0.6673 -0.6759 0.0114 0.7294 0.4012 305.1402 341.0882 -8.5515 0.0000 0.0000
7060.03 20.07.2018 02.40.01 25.08019 283.2992 -184.7588 -0.6694 -0.6812 0.0157 0.9883 0.5440 305.0111 340.5651 -8.6786 0.0000 0.0000
7070.03 20.07.2018 02.50.01 24.96618 283.1722 -185.0520 -0.6705 -0.6854 0.0199 1.2474 0.6870 304.8872 340.0492 -8.8519 0.0000 0.0000
7080.03 20.07.2018 03.00.01 24.85198 283.0478 -185.3757 -0.6717 -0.6899 0.0243 1.5112 0.8325 304.7595 339.5432 -9.0438 0.0000 0.0000
7090.03 20.07.2018 03.10.01 24.73770 283.0995 -177.0939 -0.6416 -0.6932 0.0688 4.5711 2.5071 304.4630 339.4742 -8.4747 0.0000 0.0000
7100.03 20.07.2018 03.20.01 24.62722 283.1486 -170.4273 -0.6175 -0.7113 0.1251 8.0635 4.4319 304.2843 339.5640 -8.1479 0.0000 0.0000
7110.03 20.07.2018 03.30.01 24.51983 283.1948 -166.2849 -0.6025 -0.7400 0.1834 11.6253 6.3968 304.1618 339.7295 -7.9901 0.0000 0.0000
7120.03 20.07.2018 03.40.01 24.41448 283.2457 -163.3824 -0.5920 -0.7736 0.2421 15.2006 8.3694 304.0804 339.9704 -7.9067 0.0000 0.0000
7130.03 20.07.2018 03.50.01 24.31066 283.3001 -161.1408 -0.5838 -0.8095 0.3009 18.7782 10.3434 304.0256 340.2676 -7.8986 0.0000 0.0000
7140.03 20.07.2018 04.00.01 24.20818 283.3586 -159.2722 -0.5771 -0.8469 0.3597 22.3558 12.3174 303.9897 340.6095 -7.9586 0.0000 0.0000
7150.03 20.07.2018 04.10.01 24.10677 283.7096 -157.9767 -0.5724 -0.8834 0.4147 25.6648 14.1445 304.4445 341.3812 -6.6045 0.0000 0.0000
7160.03 20.07.2018 04.20.01 24.00649 284.0609 -155.9038 -0.5649 -0.9162 0.4685 28.9323 15.9476 304.9840 342.2406 -5.4445 0.0000 0.0000
7170.03 20.07.2018 04.30.01 23.90777 284.4049 -153.2960 -0.5554 -0.9470 0.5221 32.1930 17.7468 305.5616 343.1672 -4.4358 0.0000 0.0000
7180.03 20.07.2018 04.40.01 23.81072 284.7468 -150.2762 -0.5445 -0.9763 0.5757 35.4525 19.5452 306.1686 344.1592 -3.5309 0.0000 0.0000
7190.03 20.07.2018 04.50.01 23.71557 285.0909 -147.2226 -0.5334 -1.0054 0.6293 38.7117 21.3436 306.8006 345.2127 -2.7005 0.0000 0.0000
