# simtime date time IndoorTemp Av_Tair_at_facade Energyflux.toIndoor.sum  Energyflux.toIndoor.average Energyflux.Conduction.average Energyflux.SW.transmission.average Shortwave.availabe Shortwave.absorbed Longwave.available Longwave.emittedFacade Sensible.outside Vapour.fromGreening Vapour.fromSubstrate
10.02 15.07.2018 05.10.00 19.90746 288.6206 140.8515 0.4891 -0.4717 1.2810 491.6298 272.4400 323.3311 408.1399 -55.9107 0.0000 0.0000
20.02 15.07.2018 05.20.00 19.94723 289.3494 228.9492 0.7950 -0.8948 2.2531 882.9275 489.8507 327.1995 457.8618 -100.9613 0.0000 0.0000
30.03 15.07.2018 05.30.01 20.02447 290.1737 330.0758 1.1461 -1.4158 3.4158 1280.7622 711.0438 333.0914 520.3559 -154.1117 0.0000 0.0000
40.03 15.07.2018 05.40.01 20.14865 291.1035 442.8102 1.5375 -2.0505 4.7840 1210.1338 671.5717 340.9187 535.6511 -167.6679 0.0000 0.0000
50.03 15.07.2018 05.50.01 20.31637 291.7385 263.7928 0.9159 -2.7751 4.9214 1122.8575 623.0957 344.0156 540.0179 -174.6834 0.0000 0.0000
60.03 15.07.2018 06.00.01 20.42388 292.1788 146.6833 0.5093 -3.1029 4.8162 1030.3959 571.6921 345.7762 539.3567 -176.2983 0.0000 0.0000
70.03 15.07.2018 06.10.01 20.49227 292.4405 100.3224 0.3483 -3.1720 4.6938 990.1943 549.4142 346.9438 541.7256 -178.9149 0.0000 0.0000
80.03 15.07.2018 06.20.01 20.54760 292.7457 117.9867 0.4097 -3.1159 4.7007 949.0702 526.4806 348.4012 542.5311 -180.1033 0.0000 0.0000
90.03 15.07.2018 06.30.01 20.61318 293.0294 135.7502 0.4714 -3.0420 4.6845 906.8490 502.9051 349.6603 541.6054 -180.2639 0.0000 0.0000
100.03 15.07.2018 06.40.01 20.68978 293.3243 170.9179 0.5935 -2.9482 4.7222 880.7224 488.2382 351.0500 541.5538 -179.8183 0.0000 0.0000
110.03 15.07.2018 06.50.01 20.78356 293.6201 199.5561 0.6929 -2.8634 4.7417 856.1716 474.5321 352.3318 540.9683 -179.9146 0.0000 0.0000
120.03 15.07.2018 07.00.01 20.89227 293.9137 231.7337 0.8046 -2.7781 4.7770 831.7460 460.8874 353.6021 539.6401 -180.0937 0.0000 0.0000
130.03 15.07.2018 07.10.01 21.01672 294.2301 258.1422 0.8963 -2.7019 4.7976 815.6695 451.8735 355.0745 539.8802 -175.7050 0.0000 0.0000
140.03 15.07.2018 07.20.01 21.15481 294.5512 295.0404 1.0244 -2.6299 4.8724 799.6154 442.8304 356.7850 540.0612 -171.4180 0.0000 0.0000
150.03 15.07.2018 07.30.01 21.30972 294.8589 320.2221 1.1119 -2.5835 4.9272 782.6418 433.2508 358.4729 539.8826 -167.2886 0.0000 0.0000
160.03 15.07.2018 07.40.01 21.47720 295.1776 360.6831 1.2524 -2.5485 5.0678 770.7817 426.4634 360.5314 540.2977 -163.2138 0.0000 0.0000
170.03 15.07.2018 07.50.01 21.66204 295.5169 375.3584 1.3033 -2.5535 5.1424 757.6152 418.9461 362.3628 540.4781 -159.2196 0.0000 0.0000
180.03 15.07.2018 08.00.01 21.85430 295.8189 383.5588 1.3318 -2.5557 5.1833 742.9491 410.5549 364.0810 540.2022 -155.5886 0.0000 0.0000
190.03 15.07.2018 08.10.01 22.05157 296.0811 398.3333 1.3831 -2.5529 5.2479 727.6227 401.7900 366.0058 541.4000 -145.9478 0.0000 0.0000
200.03 15.07.2018 08.20.01 22.25536 296.4237 405.8903 1.4093 -2.5612 5.2940 711.5729 392.6055 367.8021 541.0259 -143.4583 0.0000 0.0000
210.03 15.07.2018 08.30.01 22.46331 296.7845 420.7655 1.4610 -2.5713 5.3764 695.5996 383.4380 369.3193 538.5351 -146.9160 0.0000 0.0000
220.03 15.07.2018 08.40.01 22.67751 297.0789 415.4051 1.4424 -2.5910 5.3779 681.4271 375.2634 370.6432 537.8121 -140.4741 0.0000 0.0000
230.03 15.07.2018 08.50.01 22.89077 297.3792 422.0232 1.4654 -2.5937 5.4120 667.2924 367.0857 372.0528 537.0451 -136.5106 0.0000 0.0000
240.03 15.07.2018 09.00.01 23.10723 297.7215 442.0777 1.5350 -2.6048 5.5198 653.3291 358.9522 373.7115 536.0870 -134.5043 0.0000 0.0000
250.03 15.07.2018 09.10.01 23.33126 297.9678 455.8966 1.5830 -2.6500 5.6440 635.8886 348.8601 375.5272 536.4488 -121.1812 0.0000 0.0000
260.03 15.07.2018 09.20.01 23.56078 298.2359 478.1633 1.6603 -2.7185 5.8384 619.5761 339.3926 377.2773 533.6947 -127.7420 0.0000 0.0000
270.03 15.07.2018 09.30.01 23.79897 298.0820 486.7000 1.6899 -2.8218 6.0157 602.6505 329.5669 378.5680 527.8107 -140.8518 0.0000 0.0000
280.03 15.07.2018 09.40.01 24.04034 298.3848 495.0248 1.7188 -2.9417 6.2141 589.0207 321.5509 380.0303 527.7683 -123.2114 0.0000 0.0000
290.03 15.07.2018 09.50.01 24.28524 298.6367 520.8125 1.8084 -3.0771 6.5140 577.2038 314.5478 381.7577 525.8008 -130.8109 0.0000 0.0000
300.03 15.07.2018 10.00.01 24.53912 298.6368 506.9767 1.7603 -3.2562 6.6887 563.0021 306.2082 382.8730 521.7285 -141.7000 0.0000 0.0000
310.03 15.07.2018 10.10.01 24.78741 298.8666 478.1432 1.6602 -3.4109 6.7616 552.4307 299.9685 383.9002 519.0271 -135.6957 0.0000 0.0000
320.03 15.07.2018 10.20.01 25.02435 299.0857 444.3896 1.5430 -3.5185 6.7487 540.1189 292.7491 384.8342 516.2530 -131.2975 0.0000 0.0000
330.03 15.07.2018 10.30.01 25.24764 299.2872 394.9763 1.3714 -3.5710 6.5899 525.4513 284.2300 385.1868 513.1149 -127.3739 0.0000 0.0000
340.03 15.07.2018 10.40.01 25.45275 299.4967 416.1324 1.4449 -3.5526 6.6634 515.4024 278.2365 386.1076 510.8572 -124.1223 0.0000 0.0000
350.03 15.07.2018 10.50.01 25.66424 299.6949 397.3957 1.3798 -3.5765 6.6085 502.8838 270.8576 386.8231 508.3803 -120.5885 0.0000 0.0000
360.03 15.07.2018 11.00.01 25.86770 299.8759 383.0775 1.3301 -3.5817 6.5491 489.7275 263.0996 387.4829 505.9530 -117.2617 0.0000 0.0000
370.03 15.07.2018 11.10.01 26.06472 299.9757 405.8386 1.4092 -3.5786 6.6504 476.3817 255.2797 388.4620 504.3681 -112.6271 0.0000 0.0000
380.03 15.07.2018 11.20.01 26.26843 300.0601 387.9711 1.3471 -3.6348 6.6426 461.1257 246.3950 389.3135 502.4940 -108.4973 0.0000 0.0000
390.03 15.07.2018 11.30.01 26.46414 300.1184 364.7117 1.2664 -3.6750 6.5884 445.2341 237.1652 389.9589 500.3553 -105.0207 0.0000 0.0000
400.03 15.07.2018 11.40.01 26.65020 300.1598 372.1536 1.2922 -3.6932 6.6473 432.3521 229.5754 390.8169 498.5349 -102.0306 0.0000 0.0000
410.03 15.07.2018 11.50.01 26.83718 300.1952 348.4407 1.2099 -3.7413 6.6015 417.7724 221.0466 391.4368 496.3458 -99.2525 0.0000 0.0000
420.03 15.07.2018 12.00.01 27.01394 300.2265 315.7265 1.0963 -3.7640 6.4804 401.4349 211.5197 391.8285 493.6673 -96.6706 0.0000 0.0000
430.03 15.07.2018 12.10.01 27.17755 300.4947 351.6146 1.2209 -3.7500 6.6279 388.7626 204.1048 392.7137 492.0368 -89.3005 0.0000 0.0000
440.03 15.07.2018 12.20.01 27.35443 300.6766 520.5410 1.8074 -3.8236 7.5080 385.1664 201.5808 393.2294 490.9232 -88.6901 0.0000 0.0000
450.03 15.07.2018 12.30.01 27.59377 300.7381 768.6036 2.6688 -4.2161 9.1798 391.9994 204.7152 393.5282 490.5481 -93.3364 0.0000 0.0000
460.03 15.07.2018 12.40.01 27.92376 300.8030 877.1836 3.0458 -5.0497 10.7940 387.1558 200.8125 393.9416 488.6317 -94.1633 0.0000 0.0000
470.03 15.07.2018 12.50.01 28.29412 300.6982 909.4746 3.1579 -6.0642 12.2961 387.3552 200.0211 394.1247 487.2229 -97.0827 0.0000 0.0000
480.03 15.07.2018 13.00.01 28.67764 300.7297 935.5131 3.2483 -7.1233 13.8288 388.9487 200.0435 394.5449 486.3273 -99.2276 0.0000 0.0000
490.03 15.07.2018 13.10.01 29.07156 300.7823 917.7620 3.1867 -8.2131 15.1997 392.5555 201.5785 394.6869 486.8340 -95.2689 0.0000 0.0000
500.03 15.07.2018 13.20.01 29.45977 300.8483 889.4362 3.0883 -9.2570 16.4604 395.1058 202.5636 394.7107 487.4495 -92.0895 0.0000 0.0000
510.03 15.07.2018 13.30.01 29.83825 300.9124 837.0249 2.9063 -10.2410 17.5298 390.5122 199.4074 394.3821 487.1841 -88.4354 0.0000 0.0000
520.03 15.07.2018 13.40.01 30.19787 300.9725 814.0071 2.8264 -11.1263 18.6036 391.9826 199.8354 394.0275 487.6629 -86.5563 0.0000 0.0000
530.03 15.07.2018 13.50.01 30.54901 301.0222 800.3101 2.7789 -11.9702 19.6654 393.9097 200.5459 393.7853 488.2577 -85.4094 0.0000 0.0000
540.03 15.07.2018 14.00.01 30.89462 301.0487 751.4769 2.6093 -12.7896 20.5318 393.4206 199.9547 393.2897 488.4738 -84.2848 0.0000 0.0000
550.03 15.07.2018 14.10.01 31.22082 301.0712 591.2094 2.0528 -13.5201 20.7639 383.9322 195.1455 393.7062 489.1735 -78.9637 0.0000 0.0000
560.03 15.07.2018 14.20.01 31.48727 301.0975 448.5597 1.5575 -13.9692 20.7023 371.6477 188.8819 393.8948 489.3999 -73.4090 0.0000 0.0000
570.03 15.07.2018 14.30.01 31.69970 301.1054 332.0199 1.1528 -14.1797 20.4434 358.1385 182.0325 393.9459 489.2960 -68.2953 0.0000 0.0000
580.03 15.07.2018 14.40.01 31.86697 301.1043 203.4052 0.7063 -14.2035 19.8797 341.4410 173.5545 393.7812 488.5372 -63.2750 0.0000 0.0000
590.03 15.07.2018 14.50.01 31.98452 301.1200 107.5206 0.3733 -14.0246 19.1973 324.8150 165.2095 393.6865 487.5889 -58.8527 0.0000 0.0000
600.03 15.07.2018 15.00.01 32.06399 301.1341 2.4418 0.0085 -13.7047 18.2843 306.4098 155.9707 393.4099 486.0981 -54.8906 0.0000 0.0000
610.03 15.07.2018 15.10.01 32.10284 301.0832 73.2669 0.2544 -13.2439 17.9977 297.5409 151.3558 392.4336 484.3030 -55.7448 0.0000 0.0000
620.03 15.07.2018 15.20.01 32.16586 300.9939 115.0708 0.3996 -12.9364 17.7813 290.5151 147.7921 391.8290 482.4965 -57.3851 0.0000 0.0000
630.03 15.07.2018 15.30.01 32.24206 300.8905 113.2646 0.3933 -12.7255 17.4917 280.2659 142.3495 391.1199 479.9374 -58.2851 0.0000 0.0000
640.03 15.07.2018 15.40.01 32.31576 300.8189 64.3841 0.2236 -12.5282 17.0024 267.9298 135.8567 390.1985 476.8382 -58.0577 0.0000 0.0000
650.03 15.07.2018 15.50.01 32.37026 300.7689 30.1539 0.1047 -12.2607 16.4872 253.5626 128.1646 389.3313 472.9301 -58.3091 0.0000 0.0000
660.03 15.07.2018 16.00.01 32.41052 300.7470 -12.7137 -0.0441 -11.9515 15.8765 241.5991 121.9869 388.4402 469.3767 -58.1811 0.0000 0.0000
670.03 15.07.2018 16.10.01 32.43429 300.5120 42.8446 0.1488 -11.5864 15.6469 233.1158 117.4736 386.3498 466.5245 -56.0395 0.0000 0.0000
680.03 15.07.2018 16.20.01 32.47598 300.2815 58.8319 0.2043 -11.3466 15.4012 224.7367 113.0348 384.2600 463.6998 -54.1502 0.0000 0.0000
690.03 15.07.2018 16.30.01 32.52175 300.0848 55.2218 0.1917 -11.1548 15.1287 216.2963 108.5794 382.1641 460.9195 -52.0593 0.0000 0.0000
700.03 15.07.2018 16.40.01 32.56054 299.8814 -462.1092 -1.6045 -10.9733 12.4917 194.7301 98.0494 380.0523 456.5912 -48.3946 0.0000 0.0000
710.03 15.07.2018 16.50.01 32.41415 299.6634 -229.2474 -0.7960 -9.8906 12.1261 185.5691 93.2494 377.8269 453.3400 -46.5103 0.0000 0.0000
720.03 15.07.2018 17.00.01 32.34725 299.4547 -139.7023 -0.4851 -9.2798 11.7263 176.1887 88.3426 375.5467 449.9055 -45.0637 0.0000 0.0000
730.03 15.07.2018 17.10.01 32.31011 299.2327 -108.1076 -0.3754 -8.8605 11.3135 168.1090 84.1900 373.7922 447.0080 -42.4524 0.0000 0.0000
740.03 15.07.2018 17.20.01 32.27468 299.0103 -1025.1677 -3.5596 -8.5184 6.6117 148.2108 76.1822 372.0613 443.2852 -39.3305 0.0000 0.0000
750.03 15.07.2018 17.30.01 31.91302 298.7829 -533.8258 -1.8536 -6.5647 6.2815 140.2239 72.0234 370.3293 440.4171 -37.1802 0.0000 0.0000
760.03 15.07.2018 17.40.01 31.72210 298.5599 -329.4239 -1.1438 -5.5702 5.9019 131.1444 67.3207 368.6517 437.5617 -35.0991 0.0000 0.0000
770.03 15.07.2018 17.50.01 31.60238 298.3400 -242.9937 -0.8437 -4.9748 5.5081 121.9218 62.5430 366.9849 434.7014 -33.0477 0.0000 0.0000
780.03 15.07.2018 18.00.01 31.51241 298.1212 -210.1967 -0.7298 -4.5526 5.0970 112.5567 57.6935 365.3128 431.8368 -31.0057 0.0000 0.0000
790.03 15.07.2018 18.10.01 31.43279 297.6046 -236.4774 -0.8211 -4.2046 4.5113 90.9309 45.8757 363.5835 427.1420 -28.6406 0.0000 0.0000
800.03 15.07.2018 18.20.01 31.34213 297.0835 -262.0583 -0.9099 -3.8284 3.8913 78.5355 39.6232 361.6780 423.5762 -27.2634 0.0000 0.0000
810.03 15.07.2018 18.30.01 31.24035 296.5649 -279.2421 -0.9696 -3.4287 3.2788 66.2436 33.4272 359.7641 419.9777 -25.9296 0.0000 0.0000
820.03 15.07.2018 18.40.01 31.12991 296.0447 -346.6176 -1.2035 -3.0219 2.4244 49.1336 24.8744 357.8277 416.1122 -24.2864 0.0000 0.0000
830.03 15.07.2018 18.50.01 30.99304 295.5229 -390.6687 -1.3565 -2.5198 1.5511 31.7253 16.1579 355.7953 412.0158 -22.4365 0.0000 0.0000
840.03 15.07.2018 19.00.01 30.83773 294.9975 -417.5680 -1.4499 -1.9680 0.6907 14.4242 7.4944 353.7478 407.8103 -20.4587 0.0000 0.0000
850.03 15.07.2018 19.10.01 30.67138 294.3700 -292.2392 -1.0147 -1.3993 0.5127 11.2948 5.8356 351.7853 404.1429 -19.2014 0.0000 0.0000
860.03 15.07.2018 19.20.01 30.54763 293.7325 -262.6353 -0.9119 -1.0851 0.2309 8.7776 4.6198 350.0303 400.8827 -18.7639 0.0000 0.0000
870.03 15.07.2018 19.30.01 30.43337 293.1044 -204.7033 -0.7108 -0.8439 0.1775 7.0632 3.7131 348.3631 397.8590 -18.6515 0.0000 0.0000
880.03 15.07.2018 19.40.01 30.33865 292.4987 -180.8302 -0.6279 -0.7231 0.1269 4.8186 2.5346 346.7346 394.9650 -18.6339 0.0000 0.0000
890.03 15.07.2018 19.50.01 30.25149 291.8989 -173.6895 -0.6031 -0.6588 0.0743 2.5554 1.3465 345.1255 392.1691 -18.7191 0.0000 0.0000
900.03 15.07.2018 20.00.01 30.16589 291.3138 -173.8727 -0.6037 -0.6199 0.0216 0.3005 0.1634 343.5371 389.4711 -18.8721 0.0000 0.0000
910.03 15.07.2018 20.10.01 30.07931 290.9145 -169.6236 -0.5890 -0.5919 0.0039 0.0540 0.0294 341.9423 387.1498 -18.4363 0.0000 0.0000
920.03 15.07.2018 20.20.01 29.99359 290.5232 -167.1294 -0.5803 -0.5808 0.0007 0.0098 0.0053 340.4350 385.0023 -18.1652 0.0000 0.0000
930.03 15.07.2018 20.30.01 29.90798 290.1449 -167.6333 -0.5821 -0.5822 0.0001 0.0018 0.0010 338.9659 382.9765 -17.9609 0.0000 0.0000
940.03 15.07.2018 20.40.01 29.82150 289.7714 -170.3391 -0.5915 -0.5915 0.0000 0.0003 0.0002 337.5195 381.0318 -17.8363 0.0000 0.0000
950.03 15.07.2018 20.50.01 29.73330 289.4031 -174.4396 -0.6057 -0.6057 0.0000 0.0001 0.0000 336.0926 379.1655 -17.7811 0.0000 0.0000
960.03 15.07.2018 21.00.01 29.64279 289.0214 -179.1876 -0.6222 -0.6222 0.0000 0.0000 0.0000 334.6841 377.3484 -17.8622 0.0000 0.0000
970.03 15.07.2018 21.10.01 29.54962 288.7078 -184.9722 -0.6423 -0.6423 0.0000 0.0000 0.0000 333.4691 375.6701 -17.8186 0.0000 0.0000
980.03 15.07.2018 21.20.01 29.45352 288.1250 -188.8761 -0.6558 -0.6558 0.0000 0.0000 0.0000 332.1670 374.0905 -17.8505 0.0000 0.0000
990.03 15.07.2018 21.30.01 29.35543 287.7288 -195.6167 -0.6792 -0.6792 0.0000 0.0000 0.0000 331.0186 371.9029 -20.7752 0.0000 0.0000
1000.03 15.07.2018 21.40.01 29.25274 287.5142 -203.9221 -0.7081 -0.7081 0.0000 0.0000 0.0000 329.9096 370.9669 -17.4894 0.0000 0.0000
1010.03 15.07.2018 21.50.01 29.14837 287.4066 -203.2380 -0.7057 -0.7057 0.0000 0.0000 0.0000 328.6458 369.9242 -15.2844 0.0000 0.0000
1020.03 15.07.2018 22.00.01 29.04559 287.2667 -198.3660 -0.6888 -0.6888 0.0000 0.0000 0.0000 327.5518 368.4785 -16.2585 0.0000 0.0000
1030.03 15.07.2018 22.10.01 28.94464 287.1786 -197.6467 -0.6863 -0.6863 0.0000 0.0000 0.0000 326.8669 367.3777 -15.6137 0.0000 0.0000
1040.03 15.07.2018 22.20.01 28.84301 287.0712 -198.6638 -0.6898 -0.6898 0.0000 0.0000 0.0000 326.1690 366.3092 -15.1004 0.0000 0.0000
1050.03 15.07.2018 22.30.01 28.74075 286.9281 -201.1266 -0.6984 -0.6984 0.0000 0.0000 0.0000 325.4739 365.2430 -14.7754 0.0000 0.0000
1060.03 15.07.2018 22.40.01 28.63699 286.7881 -203.8870 -0.7079 -0.7079 0.0000 0.0000 0.0000 324.7943 364.2217 -14.4617 0.0000 0.0000
1070.03 15.07.2018 22.50.01 28.53185 286.6459 -206.8660 -0.7183 -0.7183 0.0000 0.0000 0.0000 324.1320 363.2335 -14.2020 0.0000 0.0000
1080.03 15.07.2018 23.00.01 28.42520 286.5035 -209.7204 -0.7282 -0.7282 0.0000 0.0000 0.0000 323.4790 362.2751 -13.9810 0.0000 0.0000
1090.03 15.07.2018 23.10.01 28.31725 286.5349 -210.4662 -0.7308 -0.7308 0.0000 0.0000 0.0000 323.1160 361.8959 -11.7894 0.0000 0.0000
1100.03 15.07.2018 23.20.01 28.20889 285.9442 -213.8896 -0.7427 -0.7427 0.0000 0.0000 0.0000 322.6140 360.4094 -14.9544 0.0000 0.0000
1110.03 15.07.2018 23.30.01 28.09683 285.5373 -224.9033 -0.7809 -0.7809 0.0000 0.0000 0.0000 321.9822 358.6422 -18.4359 0.0000 0.0000
1120.03 15.07.2018 23.40.01 27.97860 285.7197 -234.9676 -0.8159 -0.8159 0.0000 0.0000 0.0000 321.6633 358.4201 -14.9683 0.0000 0.0000
1130.03 15.07.2018 23.50.01 27.85839 285.5130 -233.2595 -0.8099 -0.8099 0.0000 0.0000 0.0000 321.1473 357.6337 -14.5356 0.0000 0.0000
1140.03 16.07.2018 00.00.01 27.74063 285.2853 -226.8064 -0.7875 -0.7875 0.0000 0.0000 0.0000 320.6376 356.5558 -15.4815 0.0000 0.0000
1150.03 16.07.2018 00.10.01 27.62600 285.3035 -221.7794 -0.7701 -0.7701 0.0000 0.0000 0.0000 320.2553 355.9474 -14.4782 0.0000 0.0000
1160.03 16.07.2018 00.20.01 27.51318 285.3065 -219.4668 -0.7620 -0.7620 0.0000 0.0000 0.0000 319.9695 355.3856 -13.6932 0.0000 0.0000
1170.03 16.07.2018 00.30.01 27.40115 285.2580 -219.1334 -0.7609 -0.7609 0.0000 0.0000 0.0000 319.7209 354.8140 -13.2053 0.0000 0.0000
1180.03 16.07.2018 00.40.01 27.28857 285.2608 -219.3073 -0.7615 -0.7615 0.0000 0.0000 0.0000 319.4725 354.3071 -12.6026 0.0000 0.0000
1190.03 16.07.2018 00.50.01 27.17596 285.2679 -220.1359 -0.7644 -0.7644 0.0000 0.0000 0.0000 319.2360 353.8297 -12.0590 0.0000 0.0000
1200.03 16.07.2018 01.00.01 27.06295 285.2833 -221.0594 -0.7676 -0.7676 0.0000 0.0000 0.0000 319.0000 353.3787 -11.5489 0.0000 0.0000
1210.03 16.07.2018 01.10.01 26.94943 285.2393 -221.4249 -0.7688 -0.7688 0.0000 0.0000 0.0000 318.6319 352.9133 -11.1465 0.0000 0.0000
1220.03 16.07.2018 01.20.01 26.83590 285.2077 -220.9314 -0.7671 -0.7671 0.0000 0.0000 0.0000 318.2435 352.4007 -10.9892 0.0000 0.0000
1230.03 16.07.2018 01.30.01 26.72238 285.0987 -221.7710 -0.7700 -0.7700 0.0000 0.0000 0.0000 317.8261 351.7696 -11.2818 0.0000 0.0000
1240.03 16.07.2018 01.40.01 26.60818 285.0408 -224.5446 -0.7797 -0.7797 0.0000 0.0000 0.0000 317.4503 351.2575 -11.0514 0.0000 0.0000
1250.03 16.07.2018 01.50.01 26.49261 284.9708 -226.6195 -0.7869 -0.7869 0.0000 0.0000 0.0000 317.0713 350.7420 -10.8784 0.0000 0.0000
1260.03 16.07.2018 02.00.01 26.37606 284.8931 -228.5006 -0.7934 -0.7934 0.0000 0.0006 0.0003 316.6798 350.2253 -10.7474 0.0000 0.0000
1270.03 16.07.2018 02.10.01 26.25891 284.8116 -225.8287 -0.7841 -0.7929 0.0118 0.3505 0.1856 316.3884 350.0745 -9.4526 0.0000 0.0000
1280.03 16.07.2018 02.20.01 26.14358 284.5950 -222.5013 -0.7726 -0.7926 0.0267 0.7475 0.3967 315.9016 349.3769 -10.5659 0.0000 0.0000
1290.03 16.07.2018 02.30.01 26.02816 284.3777 -226.0029 -0.7847 -0.8164 0.0422 1.1518 0.6117 315.4954 348.3782 -12.8917 0.0000 0.0000
1300.03 16.07.2018 02.40.01 25.90978 284.5150 -230.9255 -0.8018 -0.8452 0.0578 1.5575 0.8275 315.2955 348.5315 -9.9859 0.0000 0.0000
1310.03 16.07.2018 02.50.01 25.79189 284.5543 -225.2186 -0.7820 -0.8371 0.0734 1.9635 1.0434 314.8844 348.3794 -8.4636 0.0000 0.0000
1320.03 16.07.2018 03.00.01 25.67758 284.4317 -219.3007 -0.7615 -0.8283 0.0892 2.3726 1.2610 314.4316 347.5981 -10.4681 0.0000 0.0000
1330.03 16.07.2018 03.10.01 25.56420 284.5137 -206.8411 -0.7182 -0.8446 0.1686 4.6807 2.4842 314.3259 347.4530 -9.9113 0.0000 0.0000
1340.03 16.07.2018 03.20.01 25.45541 284.6416 -196.4369 -0.6821 -0.8812 0.2655 7.2449 3.8475 314.3690 347.5024 -9.3350 0.0000 0.0000
1350.03 16.07.2018 03.30.01 25.35092 284.7789 -188.7024 -0.6552 -0.9293 0.3654 9.8485 5.2321 314.4755 347.6525 -8.7967 0.0000 0.0000
1360.03 16.07.2018 03.40.01 25.24987 284.9212 -182.6176 -0.6341 -0.9835 0.4658 12.4599 6.6210 314.6192 347.8780 -8.3176 0.0000 0.0000
1370.03 16.07.2018 03.50.01 25.15167 285.0704 -177.4021 -0.6160 -1.0408 0.5664 15.0726 8.0106 314.7929 348.1752 -7.8632 0.0000 0.0000
1380.03 16.07.2018 04.00.01 25.05605 285.2261 -172.6832 -0.5996 -1.0998 0.6669 17.6852 9.4001 314.9911 348.5322 -7.4441 0.0000 0.0000
1390.03 16.07.2018 04.10.01 24.96316 286.1347 -167.2724 -0.5808 -1.1501 0.7590 20.0470 10.6568 316.6640 350.1517 -3.0034 0.0000 0.0000
1400.03 16.07.2018 04.20.01 24.87499 286.7898 -155.5411 -0.5401 -1.1767 0.8488 22.3749 11.8950 318.3828 351.4193 -1.1631 0.0000 0.0000
1410.03 16.07.2018 04.30.01 24.79223 287.2943 -147.7016 -0.5129 -1.2165 0.9382 24.6977 13.1304 320.0340 352.5541 0.1979 0.0000 0.0000
1420.03 16.07.2018 04.40.01 24.71282 288.1285 -141.0774 -0.4899 -1.2605 1.0276 27.0194 14.3653 321.8385 354.3046 2.4006 0.0000 0.0000
1430.03 16.07.2018 04.50.01 24.63766 288.9122 -131.2681 -0.4558 -1.2935 1.1169 98.0972 53.7447 323.6386 361.8598 -0.5939 0.0000 0.0000
1440.03 16.07.2018 05.00.01 24.56790 289.7059 -89.9617 -0.3124 -1.3262 1.3518 113.6650 62.3324 325.9464 366.4207 -1.3386 0.0000 0.0000
1450.03 16.07.2018 05.10.01 24.51428 290.3312 -87.5662 -0.3040 -1.4167 1.4836 476.1590 263.7511 327.8449 401.7608 -35.4935 0.0000 0.0000
1460.03 16.07.2018 05.20.01 24.46438 291.2256 82.4902 0.2864 -1.4935 2.3733 852.1343 472.6497 332.5334 451.0134 -82.1443 0.0000 0.0000
1470.03 16.07.2018 05.30.01 24.47885 292.1165 224.6082 0.7799 -1.8428 3.4969 1234.5274 685.2523 338.7969 510.3361 -140.7127 0.0000 0.0000
1480.03 16.07.2018 05.40.01 24.54968 293.0493 354.3347 1.2303 -2.3888 4.8255 1165.8798 646.8762 346.6729 525.1035 -161.6346 0.0000 0.0000
1490.03 16.07.2018 05.50.01 24.67190 293.7612 185.8389 0.6453 -3.0862 4.9752 1081.2907 599.8791 349.9328 529.0890 -173.2094 0.0000 0.0000
1500.03 16.07.2018 06.00.01 24.73922 294.3851 74.9034 0.2601 -3.4083 4.8912 991.7102 550.0633 351.9243 528.1228 -179.7871 0.0000 0.0000
1510.03 16.07.2018 06.10.01 24.77081 294.7343 28.8346 0.1001 -3.4798 4.7733 955.7074 530.1188 353.3512 532.1402 -181.0567 0.0000 0.0000
1520.03 16.07.2018 06.20.01 24.78942 295.1164 46.8783 0.1628 -3.4256 4.7845 918.8785 509.5767 355.1047 534.9607 -180.1035 0.0000 0.0000
1530.03 16.07.2018 06.30.01 24.81835 295.4817 62.8491 0.2182 -3.3558 4.7653 880.8947 488.3640 356.6410 536.1412 -178.2181 0.0000 0.0000
1540.03 16.07.2018 06.40.01 24.85763 295.8470 102.4193 0.3556 -3.2623 4.8239 857.5281 475.2321 358.3861 537.9074 -175.9906 0.0000 0.0000
1550.03 16.07.2018 06.50.01 24.91555 296.2139 129.5006 0.4497 -3.1847 4.8457 835.6284 463.0106 359.9676 539.2687 -173.4060 0.0000 0.0000
1560.03 16.07.2018 07.00.01 24.98782 296.5788 162.1588 0.5631 -3.1016 4.8862 813.6905 450.7497 361.5390 540.0234 -170.2536 0.0000 0.0000
1570.03 16.07.2018 07.10.01 25.07617 296.9046 185.8671 0.6454 -3.0269 4.8964 799.9341 443.0395 363.2720 541.5410 -165.8715 0.0000 0.0000
1580.03 16.07.2018 07.20.01 25.17715 297.2348 221.8991 0.7705 -2.9488 4.9591 786.1882 435.2941 365.1830 543.0639 -161.4500 0.0000 0.0000
1590.03 16.07.2018 07.30.01 25.29470 297.5670 246.9774 0.8576 -2.8926 5.0002 771.4901 426.9939 367.0436 544.3356 -156.6497 0.0000 0.0000
1600.03 16.07.2018 07.40.01 25.42489 297.9005 288.6835 1.0024 -2.8426 5.1267 761.0725 421.0233 369.2516 545.9762 -152.5989 0.0000 0.0000
1610.03 16.07.2018 07.50.01 25.57305 298.2452 304.8088 1.0584 -2.8317 5.1867 749.3305 414.3123 371.2145 547.4468 -148.0097 0.0000 0.0000
1620.03 16.07.2018 08.00.01 25.72979 298.5881 315.0252 1.0938 -2.8179 5.2156 736.1159 406.7415 373.0754 548.5495 -143.3708 0.0000 0.0000
1630.03 16.07.2018 08.10.01 25.89257 298.8095 331.8299 1.1522 -2.7957 5.2638 723.3283 399.4008 374.5289 548.5301 -143.1503 0.0000 0.0000
1640.03 16.07.2018 08.20.01 26.06332 299.0109 343.1060 1.1913 -2.7827 5.2988 709.8448 391.6528 375.8508 547.7868 -144.2672 0.0000 0.0000
1650.03 16.07.2018 08.30.01 26.23965 299.2077 359.8630 1.2495 -2.7724 5.3626 696.2517 383.8156 377.2113 546.5822 -145.6821 0.0000 0.0000
1660.03 16.07.2018 08.40.01 26.42303 299.4212 358.4292 1.2445 -2.7776 5.3629 684.0385 376.7362 378.3607 545.7257 -144.6548 0.0000 0.0000
1670.03 16.07.2018 08.50.01 26.60705 299.6384 366.4289 1.2723 -2.7707 5.3907 671.7163 369.5697 379.5876 544.6788 -143.8459 0.0000 0.0000
1680.03 16.07.2018 09.00.01 26.79482 299.8826 380.3828 1.3208 -2.7704 5.4549 658.8767 362.0619 381.0087 543.3470 -143.4192 0.0000 0.0000
1690.03 16.07.2018 09.10.01 26.98828 300.0204 406.6519 1.4120 -2.7867 5.5983 645.2613 354.0816 382.2394 541.1560 -144.4823 0.0000 0.0000
1700.03 16.07.2018 09.20.01 27.19183 300.1327 433.4734 1.5051 -2.8462 5.8017 632.4117 346.5156 383.5763 538.8366 -145.4710 0.0000 0.0000
1710.03 16.07.2018 09.30.01 27.40542 300.2234 444.2492 1.5425 -2.9491 5.9889 618.8259 338.5169 384.9862 536.2367 -146.0563 0.0000 0.0000
1720.03 16.07.2018 09.40.01 27.62341 300.2889 455.6620 1.5822 -3.0676 6.1997 607.8930 331.9675 386.4359 534.0626 -146.0698 0.0000 0.0000
1730.03 16.07.2018 09.50.01 27.84594 300.3403 484.0822 1.6808 -3.2031 6.5119 598.6552 326.3608 388.0720 532.1136 -146.3238 0.0000 0.0000
1740.03 16.07.2018 10.00.01 28.07876 300.3893 467.7807 1.6242 -3.3870 6.6816 586.5424 319.1376 389.4215 529.5907 -146.0472 0.0000 0.0000
1750.03 16.07.2018 10.10.01 28.30615 300.6559 506.3597 1.7582 -3.5410 7.0656 567.0588 307.8981 391.2795 527.6753 -135.6284 0.0000 0.0000
1760.03 16.07.2018 10.20.01 28.54708 300.8862 488.4324 1.6959 -3.7649 7.2811 545.3379 295.4443 392.7847 525.1266 -127.4485 0.0000 0.0000
1770.03 16.07.2018 10.30.01 28.78137 301.0618 442.2084 1.5354 -3.9559 7.3219 521.6609 281.9522 393.4865 521.7067 -122.0304 0.0000 0.0000
1780.03 16.07.2018 10.40.01 28.99905 301.1650 466.9641 1.6214 -4.0687 7.5869 504.9065 272.2807 394.8298 519.8765 -115.5274 0.0000 0.0000
1790.03 16.07.2018 10.50.01 29.22576 301.2519 453.5431 1.5748 -4.2284 7.7376 486.7031 261.8251 396.0661 517.7997 -110.4712 0.0000 0.0000
1800.03 16.07.2018 11.00.01 29.44717 301.2608 443.7336 1.5407 -4.3704 7.8815 468.7476 251.5217 397.2158 515.4053 -107.8864 0.0000 0.0000
1810.03 16.07.2018 11.10.01 29.66366 301.6882 390.7810 1.3569 -4.5047 7.8154 462.3719 247.5397 398.2813 517.6322 -88.3759 0.0000 0.0000
1820.03 16.07.2018 11.20.01 29.85986 301.5064 362.5224 1.2588 -4.5563 7.7534 455.3850 243.1867 399.2733 516.9768 -96.0685 0.0000 0.0000
1830.03 16.07.2018 11.30.01 30.04440 301.4349 341.5328 1.1859 -4.5708 7.6756 447.6286 238.3846 399.6770 513.5373 -108.0612 0.0000 0.0000
1840.03 16.07.2018 11.40.01 30.22054 301.8784 355.1401 1.2331 -4.5660 7.7322 442.0929 234.7733 401.2497 514.9523 -93.3955 0.0000 0.0000
1850.03 16.07.2018 11.50.01 30.40026 301.7600 334.5512 1.1616 -4.5956 7.6764 434.1524 229.8047 402.3146 513.0521 -90.5126 0.0000 0.0000
1860.03 16.07.2018 12.00.01 30.57076 301.9992 305.3486 1.0602 -4.6006 7.5478 423.9516 223.5359 402.3840 509.6920 -94.0811 0.0000 0.0000
1870.03 16.07.2018 12.10.01 30.73083 302.0937 368.8791 1.2808 -4.5719 7.8036 409.8188 215.4447 402.7138 507.5218 -94.4238 0.0000 0.0000
1880.03 16.07.2018 12.20.01 30.91366 302.1359 518.1324 1.7991 -4.6800 8.6388 402.7673 211.1632 402.5681 505.6913 -95.7930 0.0000 0.0000
1890.03 16.07.2018 12.30.01 31.15124 302.1728 732.8409 2.5446 -5.0748 10.1592 405.1468 212.0223 402.1880 504.8682 -98.4213 0.0000 0.0000
1900.03 16.07.2018 12.40.01 31.46676 302.2245 811.3168 2.8171 -5.8543 11.5618 396.4806 206.2699 401.7056 502.0684 -98.8908 0.0000 0.0000
1910.03 16.07.2018 12.50.01 31.81152 302.2338 819.0300 2.8439 -6.7648 12.8115 392.4400 203.4091 400.9900 499.8925 -99.9683 0.0000 0.0000
1920.03 16.07.2018 13.00.01 32.15981 302.2496 818.1072 2.8406 -7.6808 14.0286 389.4804 201.2225 400.3804 497.8943 -101.0649 0.0000 0.0000
1930.03 16.07.2018 13.10.01 32.50768 302.2022 769.4433 2.6717 -8.5879 15.0127 386.7662 199.9093 400.3571 497.3889 -99.7882 0.0000 0.0000
1940.03 16.07.2018 13.20.01 32.83691 302.1339 652.2956 2.2649 -9.4014 15.5551 379.2498 196.0483 399.9267 496.1520 -97.7911 0.0000 0.0000
1950.03 16.07.2018 13.30.01 33.12292 302.0893 563.6489 1.9571 -10.0100 15.9562 368.8444 190.5624 399.6128 494.5118 -95.3815 0.0000 0.0000
1960.03 16.07.2018 13.40.01 33.37490 302.0470 454.4100 1.5778 -10.4697 16.0634 359.7097 186.0691 399.2080 493.1812 -92.8512 0.0000 0.0000
1970.03 16.07.2018 13.50.01 33.58508 302.0214 348.6319 1.2105 -10.7492 15.9463 349.3823 181.0298 398.7944 491.7303 -90.1251 0.0000 0.0000
1980.03 16.07.2018 14.00.01 33.75417 302.0280 228.6691 0.7940 -10.8587 15.5369 336.7143 174.8060 398.2675 489.9819 -86.7906 0.0000 0.0000
1990.03 16.07.2018 14.10.01 33.87802 301.9559 234.3064 0.8136 -10.7838 15.4631 328.3023 170.3803 397.1950 487.2303 -87.1007 0.0000 0.0000
2000.03 16.07.2018 14.20.01 34.00109 301.8805 220.1904 0.7645 -10.7525 15.3561 320.3102 166.2322 396.0880 484.5073 -87.4447 0.0000 0.0000
2010.03 16.07.2018 14.30.01 34.11648 301.8019 189.3089 0.6573 -10.7243 15.1754 311.8960 161.8859 394.9950 481.6882 -87.6304 0.0000 0.0000
2020.03 16.07.2018 14.40.01 34.21798 301.7745 139.3213 0.4838 -10.6647 14.8646 302.1290 156.8476 393.9195 478.7922 -87.1226 0.0000 0.0000
2030.03 16.07.2018 14.50.01 34.29897 301.6572 97.4930 0.3385 -10.5404 14.5053 292.4502 151.8990 392.8397 475.7416 -87.0640 0.0000 0.0000
2040.03 16.07.2018 15.00.01 34.36239 301.5388 47.7592 0.1658 -10.3665 14.0431 281.9671 146.5446 391.7133 472.5647 -86.6974 0.0000 0.0000
2050.03 16.07.2018 15.10.01 34.40719 301.4585 216.4593 0.7516 -10.1329 14.5127 280.8519 145.4725 390.1555 470.4657 -83.2624 0.0000 0.0000
2060.03 16.07.2018 15.20.01 34.51214 301.3980 322.0599 1.1183 -10.2178 15.1147 281.3748 145.2824 388.8896 469.0009 -80.2148 0.0000 0.0000
2070.03 16.07.2018 15.30.01 34.65505 301.3460 381.5193 1.3247 -10.4955 15.7603 280.0867 143.9726 387.6954 467.4458 -77.6954 0.0000 0.0000
2080.03 16.07.2018 15.40.01 34.81997 301.2861 439.2165 1.5251 -10.8782 16.5376 279.7216 143.0194 386.4716 466.0957 -75.1002 0.0000 0.0000
2090.03 16.07.2018 15.50.01 35.00625 301.2382 486.6359 1.6897 -11.3602 17.3999 277.1250 140.6629 385.3647 464.6533 -72.2558 0.0000 0.0000
2100.03 16.07.2018 16.00.01 35.21026 301.1963 511.9859 1.7777 -11.9213 18.2654 276.2642 139.3470 384.2747 463.5166 -70.0244 0.0000 0.0000
2110.03 16.07.2018 16.10.01 35.42153 301.0289 227.1880 0.7888 -12.5231 17.7493 264.4084 133.2532 383.1760 461.9160 -68.3782 0.0000 0.0000
2120.03 16.07.2018 16.20.01 35.52932 300.8700 68.8166 0.2389 -12.6166 17.1407 251.7357 126.7399 381.9316 459.8895 -66.4446 0.0000 0.0000
2130.03 16.07.2018 16.30.01 35.57775 300.7072 -25.8213 -0.0897 -12.4502 16.4808 238.8497 120.1376 380.6263 457.6864 -64.2826 0.0000 0.0000
2140.03 16.07.2018 16.40.01 35.58450 300.5386 -629.1172 -2.1844 -12.1455 13.2814 211.2990 106.7258 379.2293 453.9298 -60.0358 0.0000 0.0000
2150.03 16.07.2018 16.50.01 35.37383 300.3456 -412.5132 -1.4323 -10.8019 12.4927 196.8745 99.3716 377.7362 451.0910 -57.6940 0.0000 0.0000
2160.03 16.07.2018 17.00.01 35.23541 300.1602 -337.0845 -1.1704 -9.9163 11.6612 182.2154 91.9079 376.2432 448.1711 -54.9331 0.0000 0.0000
2170.03 16.07.2018 17.10.01 35.12084 299.9135 -276.8731 -0.9614 -9.2092 10.9972 170.8382 86.1242 374.8757 445.3730 -52.5219 0.0000 0.0000
2180.03 16.07.2018 17.20.01 35.01830 299.6698 -1072.8007 -3.7250 -8.6450 6.5600 149.1986 77.0297 373.5238 442.0060 -48.7620 0.0000 0.0000
2190.03 16.07.2018 17.30.01 34.63180 299.4200 -610.2282 -2.1188 -6.6929 6.0988 138.4195 71.4522 372.1729 439.2010 -46.2028 0.0000 0.0000
2200.03 16.07.2018 17.40.01 34.40576 299.1811 -427.5237 -1.4845 -5.6468 5.5498 125.6930 64.9011 370.8557 436.3610 -43.2748 0.0000 0.0000
2210.03 16.07.2018 17.50.01 34.24304 298.9416 -352.7896 -1.2250 -4.9618 4.9824 112.7682 58.2452 369.5176 433.4622 -40.1744 0.0000 0.0000
2220.03 16.07.2018 18.00.01 34.10562 298.7013 -325.3626 -1.1297 -4.4308 4.4015 99.7404 51.5380 368.1678 430.5419 -36.9759 0.0000 0.0000
2230.03 16.07.2018 18.10.01 33.97683 298.3123 -307.4128 -1.0674 -3.9666 3.8656 81.5992 41.6686 366.5959 426.8011 -32.5902 0.0000 0.0000
2240.03 16.07.2018 18.20.01 33.85296 297.9172 -306.1788 -1.0631 -3.5539 3.3210 70.1262 35.8070 364.9797 423.7235 -29.9477 0.0000 0.0000
2250.03 16.07.2018 18.30.01 33.72808 297.5350 -309.0390 -1.0731 -3.1615 2.7846 58.7672 30.0078 363.3814 420.6866 -27.3548 0.0000 0.0000
2260.03 16.07.2018 18.40.01 33.60040 297.1486 -352.9033 -1.2254 -2.7819 2.0753 43.9673 22.5257 361.7869 417.5438 -24.4176 0.0000 0.0000
2270.03 16.07.2018 18.50.01 33.45532 296.7737 -382.0109 -1.3264 -2.3411 1.3529 28.9589 14.9292 360.1609 414.3648 -20.9532 0.0000 0.0000
2280.03 16.07.2018 19.00.01 33.29803 296.3898 -399.9447 -1.3887 -1.8686 0.6398 14.0286 7.3711 358.5128 411.0236 -18.0108 0.0000 0.0000
2290.03 16.07.2018 19.10.01 33.13333 295.6132 -297.8470 -1.0342 -1.3884 0.4723 10.9249 5.7174 356.9863 407.7828 -17.8905 0.0000 0.0000
2300.03 16.07.2018 19.20.01 33.00320 294.8973 -262.6376 -0.9119 -1.1179 0.2747 8.5622 4.5288 355.5814 404.9266 -18.0039 0.0000 0.0000
2310.03 16.07.2018 19.30.01 32.88473 294.1726 -221.6987 -0.7698 -0.9274 0.2101 6.7186 3.5509 354.2326 402.1654 -18.5166 0.0000 0.0000
2320.03 16.07.2018 19.40.01 32.77996 293.4585 -204.9125 -0.7115 -0.8226 0.1482 4.5867 2.4256 352.9354 399.5318 -18.8664 0.0000 0.0000
2330.03 16.07.2018 19.50.01 32.68051 292.7382 -199.6481 -0.6932 -0.7571 0.0852 2.4465 1.2961 351.6602 396.9431 -19.3308 0.0000 0.0000
2340.03 16.07.2018 20.00.01 32.58233 292.0380 -199.2478 -0.6918 -0.7085 0.0222 0.3125 0.1702 350.3865 394.4190 -19.7610 0.0000 0.0000
2350.03 16.07.2018 20.10.01 32.48394 291.9991 -190.4485 -0.6613 -0.6642 0.0039 0.0541 0.0294 351.4980 392.9695 -18.5408 0.0000 0.0000
2360.03 16.07.2018 20.20.01 32.38903 291.8529 -182.0352 -0.6321 -0.6326 0.0007 0.0100 0.0055 352.7919 391.7481 -18.0905 0.0000 0.0000
2370.03 16.07.2018 20.30.01 32.29736 291.6138 -176.9500 -0.6144 -0.6145 0.0001 0.0018 0.0010 354.1024 390.5730 -18.3738 0.0000 0.0000
2380.03 16.07.2018 20.40.01 32.20742 291.2828 -175.1741 -0.6082 -0.6083 0.0000 0.0003 0.0002 355.4237 389.5332 -18.6303 0.0000 0.0000
2390.03 16.07.2018 20.50.01 32.11819 291.1113 -173.5048 -0.6024 -0.6025 0.0000 0.0001 0.0000 356.7786 388.8015 -18.3104 0.0000 0.0000
2400.03 16.07.2018 21.00.01 32.02993 290.9241 -171.3729 -0.5950 -0.5950 0.0000 0.0000 0.0000 358.1483 388.1225 -18.4017 0.0000 0.0000
2410.03 16.07.2018 21.10.01 31.94268 291.2847 -170.5123 -0.5921 -0.5921 0.0000 0.0000 0.0000 358.0935 387.8943 -15.9270 0.0000 0.0000
2420.03 16.07.2018 21.20.01 31.85504 291.6840 -171.7412 -0.5963 -0.5963 0.0000 0.0000 0.0000 358.1142 387.6878 -13.7595 0.0000 0.0000
2430.03 16.07.2018 21.30.01 31.76650 292.1119 -173.9137 -0.6039 -0.6039 0.0000 0.0000 0.0000 358.2008 387.5935 -11.6007 0.0000 0.0000
2440.03 16.07.2018 21.40.01 31.67697 292.5606 -175.6053 -0.6097 -0.6097 0.0000 0.0000 0.0000 358.3340 387.6402 -9.4073 0.0000 0.0000
2450.03 16.07.2018 21.50.01 31.58660 293.0173 -176.5193 -0.6129 -0.6129 0.0000 0.0000 0.0000 358.5160 387.8575 -7.0581 0.0000 0.0000
2460.03 16.07.2018 22.00.01 31.49600 293.4613 -176.5105 -0.6129 -0.6129 0.0000 0.0000 0.0000 358.7541 388.2134 -4.6474 0.0000 0.0000
2470.03 16.07.2018 22.10.01 31.40588 293.1050 -175.3056 -0.6087 -0.6087 0.0000 0.0000 0.0000 359.1791 388.2265 -5.3836 0.0000 0.0000
2480.03 16.07.2018 22.20.01 31.31689 293.0586 -172.8105 -0.6000 -0.6000 0.0000 0.0000 0.0000 359.4115 387.5257 -7.7348 0.0000 0.0000
2490.03 16.07.2018 22.30.01 31.22689 292.5381 -180.2570 -0.6259 -0.6259 0.0000 0.0000 0.0000 359.0984 386.0613 -12.2143 0.0000 0.0000
2500.03 16.07.2018 22.40.01 31.13171 292.2415 -189.9964 -0.6597 -0.6597 0.0000 0.0000 0.0000 359.1672 385.9384 -10.8914 0.0000 0.0000
2510.03 16.07.2018 22.50.01 31.03472 292.0207 -187.6018 -0.6514 -0.6514 0.0000 0.0000 0.0000 359.5248 385.9796 -9.5645 0.0000 0.0000
2520.03 16.07.2018 23.00.01 30.94027 291.7762 -183.5153 -0.6372 -0.6372 0.0000 0.0000 0.0000 359.3860 384.7077 -13.4812 0.0000 0.0000
2530.03 16.07.2018 23.10.01 30.84475 291.6569 -189.6624 -0.6585 -0.6585 0.0000 0.0000 0.0000 359.1909 384.1197 -13.6193 0.0000 0.0000
2540.03 16.07.2018 23.20.01 30.74655 291.5350 -193.3571 -0.6714 -0.6714 0.0000 0.0000 0.0000 359.1021 383.5592 -13.8517 0.0000 0.0000
2550.03 16.07.2018 23.30.01 30.64703 291.4149 -194.4977 -0.6753 -0.6753 0.0000 0.0000 0.0000 359.0473 383.0127 -14.1065 0.0000 0.0000
2560.03 16.07.2018 23.40.01 30.54727 291.2989 -194.3744 -0.6749 -0.6749 0.0000 0.0000 0.0000 359.0238 382.5065 -14.2611 0.0000 0.0000
2570.03 16.07.2018 23.50.01 30.44805 291.1846 -193.8058 -0.6729 -0.6729 0.0000 0.0000 0.0000 359.0175 382.0150 -14.4284 0.0000 0.0000
2580.03 17.07.2018 00.00.01 30.34918 291.0736 -192.5567 -0.6686 -0.6686 0.0000 0.0000 0.0000 359.0211 381.5379 -14.5946 0.0000 0.0000
2590.03 17.07.2018 00.10.01 30.25106 291.1172 -190.5250 -0.6615 -0.6615 0.0000 0.0000 0.0000 358.7926 381.2954 -13.6481 0.0000 0.0000
2600.03 17.07.2018 00.20.01 30.15441 291.1555 -187.0092 -0.6493 -0.6493 0.0000 0.0000 0.0000 358.5838 381.0720 -12.8026 0.0000 0.0000
2610.03 17.07.2018 00.30.01 30.05969 291.2049 -183.1154 -0.6358 -0.6358 0.0000 0.0000 0.0000 358.3773 380.8838 -11.9371 0.0000 0.0000
2620.03 17.07.2018 00.40.01 29.96703 291.2596 -179.0607 -0.6217 -0.6217 0.0000 0.0000 0.0000 358.1860 380.8097 -10.7067 0.0000 0.0000
2630.03 17.07.2018 00.50.01 29.87652 291.3651 -174.8094 -0.6070 -0.6070 0.0000 0.0000 0.0000 357.9490 380.5977 -10.2200 0.0000 0.0000
2640.03 17.07.2018 01.00.01 29.78759 291.4125 -174.0760 -0.6044 -0.6044 0.0000 0.0000 0.0000 357.6626 380.2576 -10.2655 0.0000 0.0000
2650.03 17.07.2018 01.10.01 29.69790 291.3845 -176.6061 -0.6132 -0.6132 0.0000 0.0000 0.0000 356.8888 380.0805 -9.4924 0.0000 0.0000
2660.03 17.07.2018 01.20.01 29.60641 291.2545 -180.7840 -0.6277 -0.6277 0.0000 0.0000 0.0000 356.1220 379.6956 -9.8354 0.0000 0.0000
2670.03 17.07.2018 01.30.01 29.51260 291.0963 -185.5693 -0.6443 -0.6443 0.0000 0.0000 0.0000 354.9732 378.8151 -11.2085 0.0000 0.0000
2680.03 17.07.2018 01.40.01 29.41677 291.0372 -186.6934 -0.6482 -0.6482 0.0000 0.0000 0.0000 354.2407 379.0383 -7.8028 0.0000 0.0000
2690.03 17.07.2018 01.50.01 29.32290 291.2011 -180.1807 -0.6256 -0.6256 0.0000 0.0000 0.0000 353.4102 378.5180 -8.0882 0.0000 0.0000
2700.03 17.07.2018 02.00.01 29.23040 290.9967 -183.0755 -0.6357 -0.6357 0.0000 0.0007 0.0004 352.1596 377.2765 -10.8004 0.0000 0.0000
2710.03 17.07.2018 02.10.01 29.13430 290.6729 -188.4980 -0.6545 -0.6647 0.0136 0.4044 0.2142 349.0644 376.2989 -10.7920 0.0000 0.0000
2720.03 17.07.2018 02.20.01 29.03628 290.3342 -189.6349 -0.6585 -0.6816 0.0308 0.8625 0.4577 345.9639 375.0967 -10.9993 0.0000 0.0000
2730.03 17.07.2018 02.30.01 28.93810 289.9800 -189.4854 -0.6579 -0.6945 0.0487 1.3290 0.7058 342.7846 373.8027 -11.2403 0.0000 0.0000
2740.03 17.07.2018 02.40.01 28.84008 289.6479 -188.5049 -0.6545 -0.7046 0.0667 1.7972 0.9548 339.7367 372.7560 -10.1897 0.0000 0.0000
2750.03 17.07.2018 02.50.01 28.74310 289.2633 -185.4412 -0.6439 -0.7074 0.0847 2.2656 1.2039 336.6902 371.5954 -9.5241 0.0000 0.0000
2760.03 17.07.2018 03.00.01 28.64791 288.9525 -181.6675 -0.6308 -0.7080 0.1029 2.7383 1.4553 333.5211 370.0932 -10.0447 0.0000 0.0000
2770.03 17.07.2018 03.10.01 28.55380 288.9525 -164.6928 -0.5718 -0.7266 0.2064 5.7549 3.0539 333.2007 369.4407 -9.4758 0.0000 0.0000
2780.03 17.07.2018 03.20.01 28.46523 288.9683 -152.7505 -0.5304 -0.7804 0.3334 9.1146 4.8401 333.1059 369.0459 -9.3549 0.0000 0.0000
2790.03 17.07.2018 03.30.01 28.38104 288.9796 -146.1457 -0.5075 -0.8557 0.4643 12.5272 6.6550 333.0939 368.7570 -9.5241 0.0000 0.0000
2800.03 17.07.2018 03.40.01 28.29928 288.9577 -142.3365 -0.4942 -0.9412 0.5959 15.9502 8.4755 333.1612 368.5695 -9.7872 0.0000 0.0000
2810.03 17.07.2018 03.50.01 28.21926 288.9540 -139.3459 -0.4838 -1.0296 0.7277 19.3750 10.2970 333.2335 368.4803 -10.0874 0.0000 0.0000
2820.03 17.07.2018 04.00.01 28.14065 288.9528 -136.6000 -0.4743 -1.1190 0.8596 22.8019 12.1197 333.3216 368.4574 -10.4738 0.0000 0.0000
2830.03 17.07.2018 04.10.01 28.06359 289.3058 -125.3627 -0.4353 -1.2057 1.0272 27.2948 14.5068 333.4512 369.1170 -8.7184 0.0000 0.0000
2840.03 17.07.2018 04.20.01 27.99185 289.6594 -113.4091 -0.3938 -1.2973 1.2046 31.9315 16.9726 333.6928 369.9500 -7.1779 0.0000 0.0000
2850.03 17.07.2018 04.30.01 27.92571 290.0180 -102.9174 -0.3574 -1.3951 1.3837 36.5903 19.4503 333.9944 370.9033 -5.8179 0.0000 0.0000
2860.03 17.07.2018 04.40.01 27.86465 290.3836 -93.7058 -0.3254 -1.4977 1.5631 41.2534 21.9305 334.3489 371.9885 -4.5123 0.0000 0.0000
2870.03 17.07.2018 04.50.01 27.80807 290.7583 -85.2103 -0.2959 -1.6028 1.7426 76.8501 41.5723 334.7456 375.8017 -6.1847 0.0000 0.0000
2880.03 17.07.2018 05.00.01 27.75579 291.1576 -63.2181 -0.2195 -1.7099 1.9872 88.7827 48.0863 335.4028 378.4878 -6.8208 0.0000 0.0000
2890.03 17.07.2018 05.10.01 27.71252 291.5415 -71.2630 -0.2474 -1.8430 2.1274 345.7896 190.8631 336.5484 404.0008 -28.7833 0.0000 0.0000
2900.03 17.07.2018 05.20.01 27.66848 292.0513 43.1881 0.1500 -1.9459 2.7944 612.1884 338.8516 339.7350 439.6049 -58.5257 0.0000 0.0000
2910.03 17.07.2018 05.30.01 27.66793 292.4685 140.9053 0.4893 -2.2293 3.6247 883.1698 489.4851 343.9822 482.0515 -96.1876 0.0000 0.0000
2920.03 17.07.2018 05.40.01 27.70638 292.9853 230.8845 0.8017 -2.6470 4.5983 867.4207 480.5646 349.3220 496.1046 -115.0869 0.0000 0.0000
2930.03 17.07.2018 05.50.01 27.78042 293.3988 128.6723 0.4468 -3.1714 4.8242 841.6195 466.2119 351.8911 504.2002 -125.6910 0.0000 0.0000
2940.03 17.07.2018 06.00.01 27.82165 293.7333 62.8559 0.2182 -3.4631 4.9085 812.6052 450.0400 353.7761 509.8611 -131.2275 0.0000 0.0000
2950.03 17.07.2018 06.10.01 27.84234 293.9624 45.3682 0.1575 -3.5971 5.0062 793.9116 439.6343 355.5391 515.1745 -136.1229 0.0000 0.0000
2960.03 17.07.2018 06.20.01 27.85995 294.2043 54.5839 0.1895 -3.6592 5.1317 773.6256 428.2517 357.2778 518.8494 -139.2936 0.0000 0.0000
2970.03 17.07.2018 06.30.01 27.88445 294.4535 63.3818 0.2201 -3.6928 5.2171 752.1525 416.1875 358.7738 521.1853 -140.6651 0.0000 0.0000
2980.03 17.07.2018 06.40.01 27.91622 294.6868 94.9631 0.3297 -3.6940 5.3650 739.3049 408.8795 360.4221 523.4799 -142.4495 0.0000 0.0000
2990.03 17.07.2018 06.50.01 27.96346 294.9185 116.1817 0.4034 -3.7023 5.4743 727.6724 402.3320 361.8784 525.2357 -144.0058 0.0000 0.0000
3000.03 17.07.2018 07.00.01 28.02261 295.1368 144.2400 0.5008 -3.6988 5.5995 715.8495 395.6566 363.3128 526.4370 -144.6781 0.0000 0.0000
3010.03 17.07.2018 07.10.01 28.09576 295.3589 153.9570 0.5346 -3.6979 5.6433 710.2557 392.4902 364.3649 526.9635 -149.8527 0.0000 0.0000
3020.03 17.07.2018 07.20.01 28.17626 295.5779 180.0995 0.6253 -3.6699 5.7271 704.5629 389.2328 365.5001 527.3113 -153.4993 0.0000 0.0000
3030.03 17.07.2018 07.30.01 28.26965 295.7669 197.3758 0.6853 -3.6489 5.7790 697.8627 385.3959 366.4788 527.3344 -155.9082 0.0000 0.0000
3040.03 17.07.2018 07.40.01 28.37258 295.9853 233.2870 0.8100 -3.6218 5.9091 693.0844 382.5818 367.7591 527.8857 -156.4460 0.0000 0.0000
3050.03 17.07.2018 07.50.01 28.49127 296.1760 247.4606 0.8592 -3.6246 5.9785 687.0765 379.0792 368.7583 527.5280 -157.9740 0.0000 0.0000
3060.03 17.07.2018 08.00.01 28.61776 296.4161 257.3114 0.8934 -3.6224 6.0211 679.7437 374.8021 369.6423 526.7034 -159.3054 0.0000 0.0000
3070.03 17.07.2018 08.10.01 28.74990 296.5536 257.2865 0.8934 -3.6118 6.0069 675.5772 372.3312 370.5599 526.0360 -160.8945 0.0000 0.0000
3080.03 17.07.2018 08.20.01 28.88384 296.6457 257.7406 0.8949 -3.5806 5.9674 670.4498 369.3035 371.3329 524.7910 -163.9937 0.0000 0.0000
3090.03 17.07.2018 08.30.01 29.01937 296.7620 269.7534 0.9366 -3.5339 5.9607 665.1230 366.1300 372.2207 523.4807 -166.5682 0.0000 0.0000
3100.03 17.07.2018 08.40.01 29.16036 296.9118 267.5178 0.9289 -3.4948 5.8982 658.8480 362.4176 372.8546 522.3477 -165.8825 0.0000 0.0000
3110.03 17.07.2018 08.50.01 29.30157 297.0156 273.7121 0.9504 -3.4411 5.8554 652.2083 358.4706 373.5190 521.1074 -166.4118 0.0000 0.0000
3120.03 17.07.2018 09.00.01 29.44567 297.1686 283.7543 0.9853 -3.3912 5.8353 644.6802 353.9729 374.3769 519.5238 -167.2021 0.0000 0.0000
3130.03 17.07.2018 09.10.01 29.59493 297.1061 407.9281 1.4164 -3.3532 6.3595 611.8574 335.1959 375.6546 514.9202 -164.2457 0.0000 0.0000
3140.03 17.07.2018 09.20.01 29.78954 297.1269 466.1855 1.6187 -3.5336 6.8697 579.7683 316.8714 376.9097 511.0007 -157.5333 0.0000 0.0000
3150.03 17.07.2018 09.30.01 30.00625 297.1279 490.1755 1.7020 -3.8064 7.3446 547.8333 298.6634 378.2155 506.8151 -153.2452 0.0000 0.0000
3160.03 17.07.2018 09.40.01 30.23275 297.0849 504.1439 1.7505 -4.1086 7.8122 523.6474 284.7618 379.3960 502.8835 -147.7573 0.0000 0.0000
3170.03 17.07.2018 09.50.01 30.46533 297.1344 530.3972 1.8417 -4.4282 8.3598 501.7937 272.2001 380.6882 499.1986 -142.7193 0.0000 0.0000
3180.03 17.07.2018 10.00.01 30.70727 297.1599 519.8993 1.8052 -4.7948 8.8000 478.9659 259.1344 381.8192 496.0540 -136.9873 0.0000 0.0000
3190.03 17.07.2018 10.10.01 30.94482 297.2330 429.7437 1.4922 -5.1398 8.8426 462.5055 249.8425 382.3234 493.4697 -131.2871 0.0000 0.0000
3200.03 17.07.2018 10.20.01 31.14959 297.2930 369.5346 1.2831 -5.3241 8.8096 445.0769 240.0266 382.6466 490.4936 -126.9255 0.0000 0.0000
3210.03 17.07.2018 10.30.01 31.33154 297.3485 312.5970 1.0854 -5.4109 8.6617 426.2977 229.4891 382.5692 487.2571 -122.4785 0.0000 0.0000
3220.03 17.07.2018 10.40.01 31.49172 297.4113 310.8949 1.0795 -5.4123 8.6557 411.8177 221.3250 382.7651 484.5954 -118.5839 0.0000 0.0000
3230.03 17.07.2018 10.50.01 31.65017 297.4628 290.8987 1.0101 -5.4256 8.5809 396.4611 212.6862 382.8496 481.8058 -114.5951 0.0000 0.0000
3240.03 17.07.2018 11.00.01 31.79958 297.5231 274.3730 0.9527 -5.4242 8.5025 381.2725 204.1491 382.9116 479.0787 -110.7442 0.0000 0.0000
3250.03 17.07.2018 11.10.01 31.94143 297.6400 281.8324 0.9786 -5.4147 8.5244 382.2564 204.3027 383.2190 477.9541 -107.7517 0.0000 0.0000
3260.03 17.07.2018 11.20.01 32.08456 297.7617 299.1063 1.0386 -5.4373 8.6344 383.9817 204.8323 383.8425 477.5129 -105.4716 0.0000 0.0000
3270.03 17.07.2018 11.30.01 32.23269 297.8766 303.7507 1.0547 -5.5070 8.7490 385.2641 205.0928 384.5910 477.2724 -103.7307 0.0000 0.0000
3280.03 17.07.2018 11.40.01 32.38165 297.9989 321.8997 1.1177 -5.5992 8.9559 387.7801 206.0069 385.6250 477.3212 -103.0110 0.0000 0.0000
3290.03 17.07.2018 11.50.01 32.53619 298.1341 310.8346 1.0793 -5.7336 9.0838 388.5229 205.9174 386.5357 477.0849 -102.7852 0.0000 0.0000
3300.03 17.07.2018 12.00.01 32.68575 298.2567 293.1042 1.0177 -5.8584 9.1682 387.6975 204.9218 387.3208 476.6515 -102.7544 0.0000 0.0000
3310.03 17.07.2018 12.10.01 32.82839 298.2400 339.5844 1.1791 -5.9676 9.5289 376.0750 198.4800 388.5688 476.2141 -102.0446 0.0000 0.0000
3320.03 17.07.2018 12.20.01 32.98718 298.2184 404.0071 1.4028 -6.1767 10.1060 367.2541 193.5551 389.2525 475.7446 -100.7643 0.0000 0.0000
3330.03 17.07.2018 12.30.01 33.16915 298.1906 497.0512 1.7259 -6.5156 10.9886 363.4181 191.3907 389.6860 475.8124 -99.8216 0.0000 0.0000
3340.03 17.07.2018 12.40.01 33.38418 298.1581 502.7133 1.7455 -7.0259 11.6953 353.1274 185.4376 390.0163 474.6880 -98.1634 0.0000 0.0000
3350.03 17.07.2018 12.50.01 33.60067 298.1170 459.3976 1.5951 -7.5461 12.1882 344.7956 180.8217 390.1170 473.7809 -96.4642 0.0000 0.0000
3360.03 17.07.2018 13.00.01 33.80093 298.0781 420.4838 1.4600 -7.9923 12.6030 337.5094 176.8913 390.3334 473.0301 -94.7852 0.0000 0.0000
3370.03 17.07.2018 13.10.01 33.98626 297.9998 384.6365 1.3355 -8.3769 12.9500 335.0468 175.2888 389.4834 471.7303 -94.7264 0.0000 0.0000
3380.03 17.07.2018 13.20.01 34.15740 297.9087 374.5365 1.3005 -8.7117 13.3496 333.4332 174.1573 388.5690 470.4759 -94.9780 0.0000 0.0000
3390.03 17.07.2018 13.30.01 34.32375 297.8256 379.8695 1.3190 -9.0447 13.8182 330.7224 172.3149 387.7650 468.9615 -95.2943 0.0000 0.0000
3400.03 17.07.2018 13.40.01 34.49096 297.7428 380.8847 1.3225 -9.4001 14.2968 330.2295 171.7637 386.9040 467.6975 -95.7781 0.0000 0.0000
3410.03 17.07.2018 13.50.01 34.65762 297.6608 384.4542 1.3349 -9.7688 14.8050 330.0894 171.4018 386.0612 466.5193 -96.3544 0.0000 0.0000
3420.03 17.07.2018 14.00.01 34.82467 297.5750 375.4055 1.3035 -10.1529 15.2752 329.2684 170.6591 385.1261 465.2436 -96.8802 0.0000 0.0000
3430.03 17.07.2018 14.10.01 34.98855 297.4393 446.6434 1.5508 -10.5309 16.1090 332.8026 171.9329 382.7759 464.4124 -97.0051 0.0000 0.0000
3440.03 17.07.2018 14.20.01 35.17831 297.3022 504.9552 1.7533 -11.0413 17.0595 337.4925 173.8122 380.4159 463.4715 -97.9846 0.0000 0.0000
3450.03 17.07.2018 14.30.01 35.38952 297.1717 551.1731 1.9138 -11.6560 18.0930 342.6573 175.9129 378.0616 462.5775 -98.9934 0.0000 0.0000
3460.03 17.07.2018 14.40.01 35.61831 297.0326 602.5840 2.0923 -12.3509 19.2576 349.2359 178.6659 375.5961 461.7734 -100.0426 0.0000 0.0000
3470.03 17.07.2018 14.50.01 35.86672 296.9200 658.8877 2.2878 -13.1334 20.5616 357.3209 182.2175 373.2364 461.3289 -100.9825 0.0000 0.0000
3480.03 17.07.2018 15.00.01 36.13629 296.7882 690.9779 2.3992 -14.0066 21.8744 365.0969 185.5788 370.8126 460.8935 -102.0543 0.0000 0.0000
3490.03 17.07.2018 15.10.01 36.41604 296.6001 439.9131 1.5275 -14.9122 21.9196 357.7977 181.7132 369.2014 459.7909 -100.3134 0.0000 0.0000
3500.03 17.07.2018 15.20.01 36.60323 296.4229 297.0363 1.0314 -15.3739 21.8737 349.8884 177.5512 367.5828 458.2392 -99.1964 0.0000 0.0000
3510.03 17.07.2018 15.30.01 36.73715 296.2379 202.7222 0.7039 -15.5939 21.7305 337.5113 170.7830 365.8663 455.8176 -97.8004 0.0000 0.0000
3520.03 17.07.2018 15.40.01 36.83471 296.0691 112.6129 0.3910 -15.6675 21.4113 319.4740 160.7767 363.9526 452.4995 -94.6239 0.0000 0.0000
3530.03 17.07.2018 15.50.01 36.89742 295.8409 54.9412 0.1908 -15.6053 21.0614 305.5139 153.2407 362.0564 449.4957 -92.5117 0.0000 0.0000
3540.03 17.07.2018 16.00.01 36.93667 295.6734 5.0117 0.0174 -15.4677 20.6468 291.4862 145.7117 360.2594 446.5553 -89.5511 0.0000 0.0000
3550.03 17.07.2018 16.10.01 36.95550 295.4450 -28.9138 -0.1004 -15.2696 20.2256 281.6442 140.6351 358.1970 443.7519 -88.1371 0.0000 0.0000
3560.03 17.07.2018 16.20.01 36.95938 295.1912 -57.5728 -0.1999 -15.0414 19.7886 272.1828 135.7977 356.2136 441.0804 -86.2215 0.0000 0.0000
3570.03 17.07.2018 16.30.01 36.95034 294.9209 -88.7522 -0.3082 -14.7910 19.3104 262.6974 130.9770 354.2856 438.4063 -84.7226 0.0000 0.0000
3580.03 17.07.2018 16.40.01 36.92169 294.6585 -805.1131 -2.7955 -14.5121 15.6221 234.9174 117.6712 352.3449 433.9890 -79.6998 0.0000 0.0000
3590.03 17.07.2018 16.50.01 36.63641 294.4035 -501.7123 -1.7421 -12.9868 14.9930 223.8209 112.0683 350.3327 431.0724 -77.0408 0.0000 0.0000
3600.03 17.07.2018 17.00.01 36.45440 294.1595 -387.6924 -1.3462 -12.0784 14.3097 212.3974 106.3091 348.3596 428.1634 -74.1491 0.0000 0.0000
3610.03 17.07.2018 17.10.01 36.30984 293.9022 -374.4326 -1.3001 -11.4159 13.4878 198.7435 99.4394 346.7088 425.1152 -71.1727 0.0000 0.0000
3620.03 17.07.2018 17.20.01 36.15823 293.6318 -1460.1974 -5.0701 -10.8088 7.6516 170.8805 87.8279 345.0001 421.0739 -66.5078 0.0000 0.0000
3630.03 17.07.2018 17.30.01 35.61984 293.3554 -865.4367 -3.0050 -8.3011 7.0615 157.2418 80.7940 343.2424 417.8587 -62.9907 0.0000 0.0000
3640.03 17.07.2018 17.40.01 35.28768 293.0893 -633.4818 -2.1996 -6.9575 6.3439 140.7961 72.3551 341.5257 414.5604 -59.0690 0.0000 0.0000
3650.03 17.07.2018 17.50.01 35.03591 292.8224 -539.5119 -1.8733 -6.0724 5.5988 124.0488 63.7566 339.7679 411.1552 -55.0136 0.0000 0.0000
3660.03 17.07.2018 18.00.01 34.81603 292.5532 -504.5349 -1.7519 -5.3816 4.8396 107.2110 55.1140 337.9986 407.6961 -50.9093 0.0000 0.0000
3670.03 17.07.2018 18.10.01 34.60748 292.2358 -455.4231 -1.5813 -4.7721 4.2543 86.8522 43.9880 336.7251 403.7066 -44.5955 0.0000 0.0000
3680.03 17.07.2018 18.20.01 34.41567 291.9244 -433.0109 -1.5035 -4.2634 3.6799 75.2334 38.0976 335.5235 400.8834 -40.3031 0.0000 0.0000
3690.03 17.07.2018 18.30.01 34.23110 291.6207 -422.1472 -1.4658 -3.8049 3.1188 63.8028 32.3098 334.3759 398.1716 -36.3649 0.0000 0.0000
3700.03 17.07.2018 18.40.01 34.04928 291.3205 -465.4376 -1.6161 -3.3767 2.3475 48.1905 24.4779 333.2510 395.3483 -32.4294 0.0000 0.0000
3710.03 17.07.2018 18.50.01 33.85079 291.0264 -493.3338 -1.7130 -2.8827 1.5596 32.3200 16.5045 332.0744 392.3739 -28.6179 0.0000 0.0000
3720.03 17.07.2018 19.00.01 33.64080 290.7433 -509.1610 -1.7679 -2.3547 0.7824 16.5382 8.5748 330.8877 389.3247 -25.0447 0.0000 0.0000
3730.03 17.07.2018 19.10.01 33.42462 290.3638 -394.1430 -1.3686 -1.8201 0.6020 13.2602 6.8421 329.5382 386.5942 -23.6807 0.0000 0.0000
3740.03 17.07.2018 19.20.01 33.24780 289.9886 -378.7162 -1.3150 -1.5156 0.2675 10.3667 5.4541 328.3223 384.1522 -22.7633 0.0000 0.0000
3750.03 17.07.2018 19.30.01 33.07580 289.6130 -316.5923 -1.0993 -1.2541 0.2064 8.3796 4.4034 327.1540 381.8807 -22.0909 0.0000 0.0000
3760.03 17.07.2018 19.40.01 32.92513 289.2391 -289.8937 -1.0066 -1.1176 0.1480 5.7186 3.0068 326.0088 379.6811 -21.4957 0.0000 0.0000
3770.03 17.07.2018 19.50.01 32.78332 288.8630 -280.2412 -0.9731 -1.0382 0.0868 3.0313 1.5967 324.8636 377.5198 -21.0043 0.0000 0.0000
3780.03 17.07.2018 20.00.01 32.64431 288.4880 -278.0184 -0.9653 -0.9844 0.0255 0.3536 0.1922 323.7225 375.4097 -20.5611 0.0000 0.0000
3790.03 17.07.2018 20.10.01 32.50555 288.1592 -270.4071 -0.9389 -0.9424 0.0046 0.0639 0.0347 322.7265 373.5186 -20.0627 0.0000 0.0000
3800.03 17.07.2018 20.20.01 32.36904 287.8077 -264.7589 -0.9193 -0.9199 0.0008 0.0115 0.0063 321.7925 371.7573 -19.8921 0.0000 0.0000
3810.03 17.07.2018 20.30.01 32.23419 287.4390 -263.0939 -0.9135 -0.9136 0.0002 0.0021 0.0011 320.8928 370.0704 -19.8574 0.0000 0.0000
3820.03 17.07.2018 20.40.01 32.09957 287.0671 -263.6923 -0.9156 -0.9156 0.0000 0.0004 0.0002 320.0115 368.4687 -19.8551 0.0000 0.0000
3830.03 17.07.2018 20.50.01 31.96411 286.7021 -264.8599 -0.9197 -0.9197 0.0000 0.0001 0.0000 319.1477 366.9422 -19.8902 0.0000 0.0000
3840.03 17.07.2018 21.00.01 31.82797 286.3681 -266.8405 -0.9265 -0.9265 0.0000 0.0000 0.0000 318.3338 365.5603 -19.7194 0.0000 0.0000
3850.03 17.07.2018 21.10.01 31.69082 286.3844 -267.9172 -0.9303 -0.9303 0.0000 0.0000 0.0000 317.9261 364.6708 -18.0455 0.0000 0.0000
3860.03 17.07.2018 21.20.01 31.55407 286.6305 -266.1311 -0.9241 -0.9241 0.0000 0.0000 0.0000 317.6381 364.0562 -15.8932 0.0000 0.0000
3870.03 17.07.2018 21.30.01 31.41851 286.8400 -263.6608 -0.9155 -0.9155 0.0000 0.0000 0.0000 317.3834 363.4308 -14.4722 0.0000 0.0000
3880.03 17.07.2018 21.40.01 31.28347 285.9723 -265.0432 -0.9203 -0.9203 0.0000 0.0000 0.0000 316.9983 361.8579 -17.0848 0.0000 0.0000
3890.03 17.07.2018 21.50.01 31.14691 285.8499 -268.3216 -0.9317 -0.9317 0.0000 0.0000 0.0000 316.7022 360.9271 -16.9633 0.0000 0.0000
3900.03 17.07.2018 22.00.01 31.00875 285.7113 -271.3049 -0.9420 -0.9420 0.0000 0.0000 0.0000 316.4441 360.0109 -17.0493 0.0000 0.0000
3910.03 17.07.2018 22.10.01 30.86907 285.5952 -274.3782 -0.9527 -0.9527 0.0000 0.0000 0.0000 316.1067 359.1579 -16.9426 0.0000 0.0000
3920.03 17.07.2018 22.20.01 30.72778 285.4220 -277.3638 -0.9631 -0.9631 0.0000 0.0000 0.0000 315.7504 358.2406 -17.1421 0.0000 0.0000
3930.03 17.07.2018 22.30.01 30.58492 285.2306 -280.6346 -0.9744 -0.9744 0.0000 0.0000 0.0000 315.3797 357.2991 -17.4620 0.0000 0.0000
3940.03 17.07.2018 22.40.01 30.44039 285.0634 -284.0715 -0.9864 -0.9864 0.0000 0.0000 0.0000 315.0083 356.3771 -17.7123 0.0000 0.0000
3950.03 17.07.2018 22.50.01 30.29415 284.9065 -287.2729 -0.9975 -0.9975 0.0000 0.0000 0.0000 314.6357 355.4698 -17.9484 0.0000 0.0000
3960.03 17.07.2018 23.00.01 30.14633 284.7576 -290.0094 -1.0070 -1.0070 0.0000 0.0000 0.0000 314.2611 354.5774 -18.1719 0.0000 0.0000
3970.03 17.07.2018 23.10.01 29.99725 284.6334 -292.3007 -1.0149 -1.0149 0.0000 0.0000 0.0000 313.8379 353.7682 -18.0696 0.0000 0.0000
3980.03 17.07.2018 23.20.01 29.84710 284.1319 -293.7966 -1.0201 -1.0201 0.0000 0.0000 0.0000 313.2961 352.7677 -18.9513 0.0000 0.0000
3990.03 17.07.2018 23.30.01 29.69622 284.0076 -294.9204 -1.0240 -1.0240 0.0000 0.0000 0.0000 312.8378 351.9569 -18.8471 0.0000 0.0000
4000.03 17.07.2018 23.40.01 29.54519 283.8864 -295.0268 -1.0244 -1.0244 0.0000 0.0000 0.0000 312.4193 351.2673 -18.3593 0.0000 0.0000
4010.03 17.07.2018 23.50.01 29.39459 283.7753 -293.3029 -1.0184 -1.0184 0.0000 0.0000 0.0000 312.0167 350.6209 -17.8668 0.0000 0.0000
4020.03 18.07.2018 00.00.01 29.24514 283.6692 -290.4619 -1.0085 -1.0085 0.0000 0.0000 0.0000 311.6274 350.0007 -17.4088 0.0000 0.0000
4030.03 18.07.2018 00.10.01 29.09722 283.6370 -288.2708 -1.0009 -1.0009 0.0000 0.0000 0.0000 311.3224 349.3450 -17.2545 0.0000 0.0000
4040.03 18.07.2018 00.20.01 28.94979 283.5888 -288.9270 -1.0032 -1.0032 0.0000 0.0000 0.0000 310.9614 348.6751 -17.2176 0.0000 0.0000
4050.03 18.07.2018 00.30.01 28.80148 283.5525 -290.4830 -1.0086 -1.0086 0.0000 0.0000 0.0000 310.6717 348.0588 -17.1446 0.0000 0.0000
4060.03 18.07.2018 00.40.01 28.65228 283.4804 -291.3165 -1.0115 -1.0115 0.0000 0.0000 0.0000 310.4082 347.5791 -16.5481 0.0000 0.0000
4070.03 18.07.2018 00.50.01 28.50329 283.3900 -290.4647 -1.0086 -1.0086 0.0000 0.0000 0.0000 310.0938 347.0927 -16.0050 0.0000 0.0000
4080.03 18.07.2018 01.00.01 28.35507 283.3274 -288.6345 -1.0022 -1.0022 0.0000 0.0000 0.0000 309.7947 346.6133 -15.5062 0.0000 0.0000
4090.03 18.07.2018 01.10.01 28.20776 283.2131 -287.0457 -0.9967 -0.9967 0.0000 0.0000 0.0000 309.4601 345.9637 -15.8831 0.0000 0.0000
4100.03 18.07.2018 01.20.01 28.06060 283.1205 -287.1676 -0.9971 -0.9971 0.0000 0.0000 0.0000 309.1056 345.3080 -16.1906 0.0000 0.0000
4110.03 18.07.2018 01.30.01 27.91320 283.0238 -288.3038 -1.0011 -1.0011 0.0000 0.0000 0.0000 308.7139 344.6322 -16.4796 0.0000 0.0000
4120.03 18.07.2018 01.40.01 27.76519 282.9444 -289.2891 -1.0045 -1.0045 0.0000 0.0000 0.0000 308.3162 343.9649 -16.6640 0.0000 0.0000
4130.03 18.07.2018 01.50.01 27.61688 282.8554 -290.1039 -1.0073 -1.0073 0.0000 0.0000 0.0000 307.9000 343.2856 -16.8647 0.0000 0.0000
4140.03 18.07.2018 02.00.01 27.46835 282.7615 -290.6823 -1.0093 -1.0093 0.0000 0.0005 0.0002 307.4639 342.5959 -17.0597 0.0000 0.0000
4150.03 18.07.2018 02.10.01 27.31967 282.8216 -288.5041 -1.0018 -1.0088 0.0093 0.2786 0.1475 307.2285 342.1586 -16.3523 0.0000 0.0000
4160.03 18.07.2018 02.20.01 27.17227 282.8902 -285.3741 -0.9909 -1.0068 0.0212 0.5942 0.3153 307.0467 341.7970 -15.6384 0.0000 0.0000
4170.03 18.07.2018 02.30.01 27.02651 282.9594 -281.9702 -0.9791 -1.0042 0.0336 0.9155 0.4862 306.8899 341.4864 -14.9470 0.0000 0.0000
4180.03 18.07.2018 02.40.01 26.88247 283.0296 -278.4090 -0.9667 -1.0012 0.0460 1.2380 0.6577 306.7534 341.2261 -14.2420 0.0000 0.0000
4190.03 18.07.2018 02.50.01 26.74026 283.1020 -274.7780 -0.9541 -0.9979 0.0584 1.5607 0.8294 306.6333 341.0065 -13.5483 0.0000 0.0000
4200.03 18.07.2018 03.00.01 26.59994 283.1755 -271.2553 -0.9419 -0.9951 0.0709 1.8875 1.0032 306.5281 340.8223 -12.8661 0.0000 0.0000
4210.03 18.07.2018 03.10.01 26.46154 283.5005 -249.3619 -0.8658 -0.9893 0.1646 4.6327 2.4577 306.7819 341.2292 -10.9303 0.0000 0.0000
4220.03 18.07.2018 03.20.01 26.33233 283.8328 -229.8509 -0.7981 -1.0085 0.2806 7.7042 4.0906 307.2161 341.8351 -9.2833 0.0000 0.0000
4230.03 18.07.2018 03.30.01 26.21139 284.1692 -215.1204 -0.7469 -1.0472 0.4003 10.8258 5.7507 307.7323 342.5590 -7.8251 0.0000 0.0000
4240.03 18.07.2018 03.40.01 26.09707 284.5083 -203.6797 -0.7072 -1.0978 0.5208 13.9574 7.4163 308.2980 343.3769 -6.5160 0.0000 0.0000
4250.03 18.07.2018 03.50.01 25.98806 284.8485 -194.1030 -0.6740 -1.1550 0.6413 17.0907 9.0828 308.8988 344.2710 -5.3398 0.0000 0.0000
4260.03 18.07.2018 04.00.01 25.88363 285.1665 -185.8756 -0.6454 -1.2168 0.7619 20.2248 10.7496 309.5172 345.1955 -4.4070 0.0000 0.0000
4270.03 18.07.2018 04.10.01 25.78314 285.5037 -176.7159 -0.6136 -1.2818 0.8909 23.6097 12.5494 310.6453 346.2897 -3.6460 0.0000 0.0000
4280.03 18.07.2018 04.20.01 25.68704 285.8435 -167.8656 -0.5829 -1.3496 1.0222 27.0284 14.3676 311.8326 347.4638 -3.0063 0.0000 0.0000
4290.03 18.07.2018 04.30.01 25.59527 286.1838 -159.5671 -0.5541 -1.4195 1.1540 30.4523 16.1886 313.0494 348.6946 -2.4527 0.0000 0.0000
4300.03 18.07.2018 04.40.01 25.50768 286.5248 -151.7478 -0.5269 -1.4912 1.2858 33.8773 18.0102 314.2895 349.9769 -1.9592 0.0000 0.0000
4310.03 18.07.2018 04.50.01 25.42401 286.8709 -144.1930 -0.5007 -1.5638 1.4175 94.1296 51.3600 315.5482 355.8565 -6.8917 0.0000 0.0000
4320.03 18.07.2018 05.00.01 25.34438 287.2888 -111.0273 -0.3855 -1.6369 1.6686 108.9014 59.4774 317.2288 359.6368 -8.6566 0.0000 0.0000
4330.03 18.07.2018 05.10.01 25.27792 287.7466 -112.1872 -0.3895 -1.7538 1.8191 443.4918 245.3832 318.8804 391.6137 -39.0099 0.0000 0.0000
4340.03 18.07.2018 05.20.01 25.21371 288.5506 41.5394 0.1442 -1.8516 2.6611 790.3472 438.0923 323.0905 437.1879 -77.9201 0.0000 0.0000
4350.03 18.07.2018 05.30.01 25.20776 289.3256 170.8557 0.5932 -2.1945 3.7169 1141.2990 633.1251 328.7258 493.1969 -124.7896 0.0000 0.0000
4360.03 18.07.2018 05.40.01 25.25311 290.0465 283.9178 0.9858 -2.7158 4.9355 1080.1247 598.9838 335.8399 510.0926 -139.3887 0.0000 0.0000
4370.03 18.07.2018 05.50.01 25.34338 290.6107 136.9796 0.4756 -3.3668 5.1233 1003.2613 556.2561 339.1890 517.1744 -145.6584 0.0000 0.0000
4380.03 18.07.2018 06.00.01 25.38595 291.0371 35.3483 0.1227 -3.6878 5.0808 921.5616 510.8007 341.3568 519.2891 -148.0201 0.0000 0.0000
4390.03 18.07.2018 06.10.01 25.39605 291.3966 5.5772 0.0194 -3.7755 5.0599 882.6065 489.0742 342.7264 521.9920 -151.9221 0.0000 0.0000
4400.03 18.07.2018 06.20.01 25.39935 291.7496 21.4082 0.0743 -3.7626 5.1159 845.3345 468.2966 344.1303 523.2935 -154.8734 0.0000 0.0000
4410.03 18.07.2018 06.30.01 25.41262 292.0800 52.3948 0.1819 -3.7258 5.2103 806.5573 446.5849 345.5547 522.6609 -156.4190 0.0000 0.0000
4420.03 18.07.2018 06.40.01 25.44189 292.4093 92.7896 0.3222 -3.6872 5.3458 784.1738 433.9516 347.0945 522.8532 -157.4863 0.0000 0.0000
4430.03 18.07.2018 06.50.01 25.49075 292.7250 123.9601 0.4304 -3.6609 5.4552 763.5018 422.3670 348.4973 522.6859 -157.9928 0.0000 0.0000
4440.03 18.07.2018 07.00.01 25.55581 293.0423 158.9933 0.5521 -3.6313 5.5778 742.3598 410.4893 349.8787 521.8988 -157.5017 0.0000 0.0000
4450.03 18.07.2018 07.10.01 25.63857 293.2181 221.5194 0.7692 -3.6099 5.8388 714.7514 394.8985 351.2276 518.9228 -157.1012 0.0000 0.0000
4460.03 18.07.2018 07.20.01 25.74810 293.4247 270.4406 0.9390 -3.6512 6.1204 686.9319 379.1645 352.5830 515.5885 -155.4867 0.0000 0.0000
4470.03 18.07.2018 07.30.01 25.87930 293.6359 299.0882 1.0385 -3.7340 6.3634 658.2497 362.9426 353.7952 511.9045 -152.7384 0.0000 0.0000
4480.03 18.07.2018 07.40.01 26.02465 293.8529 338.3945 1.1750 -3.8261 6.6682 640.5100 352.7716 355.1937 509.2616 -150.0045 0.0000 0.0000
4490.03 18.07.2018 07.50.01 26.18734 294.0697 362.7432 1.2595 -3.9509 6.9472 622.3082 342.3450 356.4697 506.6679 -147.1236 0.0000 0.0000
4500.03 18.07.2018 08.00.01 26.36172 294.2885 378.0715 1.3127 -4.0867 7.1992 603.1427 331.3627 357.6617 503.9253 -143.9904 0.0000 0.0000
4510.03 18.07.2018 08.10.01 26.54412 294.3905 415.3597 1.4422 -4.2236 7.5544 561.2577 307.7216 358.8979 498.8577 -138.3979 0.0000 0.0000
4520.03 18.07.2018 08.20.01 26.74160 294.4804 418.6613 1.4537 -4.4078 7.8153 518.5217 283.6440 359.7922 493.0012 -132.0907 0.0000 0.0000
4530.03 18.07.2018 08.30.01 26.94161 294.5695 422.5702 1.4673 -4.5830 8.0670 476.2397 259.8443 360.5884 486.7816 -125.6409 0.0000 0.0000
4540.03 18.07.2018 08.40.01 27.14385 294.6521 417.0377 1.4480 -4.7560 8.2721 445.0018 242.1975 361.1646 481.2993 -119.9575 0.0000 0.0000
4550.03 18.07.2018 08.50.01 27.34457 294.7406 426.7391 1.4817 -4.9151 8.5291 415.0928 225.3068 361.8726 475.9906 -114.7868 0.0000 0.0000
4560.03 18.07.2018 09.00.01 27.54891 294.8328 434.1000 1.5073 -5.0916 8.7985 385.9442 208.8600 362.6453 470.7128 -109.8593 0.0000 0.0000
4570.03 18.07.2018 09.10.01 27.75549 294.9285 393.0162 1.3646 -5.2832 8.8638 378.9626 204.8079 363.5643 468.4204 -103.7051 0.0000 0.0000
4580.03 18.07.2018 09.20.01 27.94702 295.0335 387.0828 1.3440 -5.4045 8.9981 372.9936 201.3088 364.6799 466.5979 -99.4114 0.0000 0.0000
4590.03 18.07.2018 09.30.01 28.13586 295.1322 393.9910 1.3680 -5.5236 9.1888 367.9625 198.3287 366.0567 465.0619 -96.3830 0.0000 0.0000
4600.03 18.07.2018 09.40.01 28.32635 295.2457 389.9810 1.3541 -5.6642 9.3577 364.1354 196.0132 367.4770 463.9231 -93.6274 0.0000 0.0000
4610.03 18.07.2018 09.50.01 28.51458 295.3706 392.9176 1.3643 -5.8080 9.5631 361.0794 194.1336 368.9472 463.2148 -91.1565 0.0000 0.0000
4620.03 18.07.2018 10.00.01 28.70284 295.4957 381.4510 1.3245 -5.9686 9.7242 357.3474 191.8806 370.3499 462.6661 -88.6373 0.0000 0.0000
4630.03 18.07.2018 10.10.01 28.88610 295.6004 385.4194 1.3383 -6.1202 9.9447 365.5627 196.1460 372.4535 463.2204 -88.7250 0.0000 0.0000
4640.03 18.07.2018 10.20.01 29.07009 295.7600 396.6795 1.3774 -6.2882 10.2208 374.1993 200.6206 374.7854 464.2720 -89.7067 0.0000 0.0000
4650.03 18.07.2018 10.30.01 29.25744 295.8922 391.7464 1.3602 -6.4844 10.4595 381.9301 204.5805 377.0321 465.5025 -90.9410 0.0000 0.0000
4660.03 18.07.2018 10.40.01 29.44253 295.9130 402.7395 1.3984 -6.6820 10.7738 390.3595 208.9125 379.5242 467.7399 -89.7773 0.0000 0.0000
4670.03 18.07.2018 10.50.01 29.63143 296.0669 398.8702 1.3850 -6.9039 11.0518 397.8350 212.6998 382.1367 470.8202 -86.6950 0.0000 0.0000
4680.03 18.07.2018 11.00.01 29.81902 296.2615 394.5077 1.3698 -7.1202 11.3200 404.6771 216.1168 384.6063 473.1347 -87.0807 0.0000 0.0000
4690.03 18.07.2018 11.10.01 30.00427 296.2754 349.5873 1.2138 -7.3326 11.3952 385.7109 205.7760 385.3108 473.9586 -82.8966 0.0000 0.0000
4700.03 18.07.2018 11.20.01 30.17141 296.3146 262.4231 0.9112 -7.4755 11.1822 363.1852 193.5200 385.1749 473.0282 -78.9483 0.0000 0.0000
4710.03 18.07.2018 11.30.01 30.30477 296.4009 203.9791 0.7083 -7.4796 10.9172 340.9346 181.4699 384.5196 471.1294 -75.9479 0.0000 0.0000
4720.03 18.07.2018 11.40.01 30.41525 296.4817 173.3067 0.6018 -7.4049 10.6756 321.0513 170.7506 383.7819 468.8995 -73.1281 0.0000 0.0000
4730.03 18.07.2018 11.50.01 30.51257 296.4179 144.4419 0.5015 -7.2972 10.3983 301.5228 160.2710 382.7183 467.0254 -68.7675 0.0000 0.0000
4740.03 18.07.2018 12.00.01 30.59747 296.4902 123.4770 0.4287 -7.1607 10.1193 282.8990 150.3329 381.6531 464.5082 -65.4781 0.0000 0.0000
4750.03 18.07.2018 12.10.01 30.67254 296.6504 65.0746 0.2260 -7.0055 9.6420 279.0570 148.0514 380.6209 461.8368 -64.3789 0.0000 0.0000
4760.03 18.07.2018 12.20.01 30.72491 297.2553 102.5634 0.3561 -6.7755 9.5088 279.5521 148.1122 379.9283 460.7663 -63.2046 0.0000 0.0000
4770.03 18.07.2018 12.30.01 30.78924 297.2835 168.6501 0.5856 -6.6408 9.6353 282.5681 149.4880 379.4243 459.3099 -66.0944 0.0000 0.0000
4780.03 18.07.2018 12.40.01 30.87600 297.4523 223.1846 0.7749 -6.6390 9.8853 283.4828 149.5045 379.0161 458.1991 -65.9017 0.0000 0.0000
4790.03 18.07.2018 12.50.01 30.98284 297.6065 266.3693 0.9249 -6.7436 10.2247 285.5431 150.1409 378.5668 457.3236 -66.9576 0.0000 0.0000
4800.03 18.07.2018 13.00.01 31.10568 297.7153 320.4340 1.1126 -6.9275 10.7202 288.6403 151.2829 378.2001 456.6272 -68.7985 0.0000 0.0000
4810.03 18.07.2018 13.10.01 31.24783 297.6482 297.1316 1.0317 -7.2047 10.9819 283.5580 148.6648 380.1636 458.7584 -59.5439 0.0000 0.0000
4820.03 18.07.2018 13.20.01 31.38168 297.4407 231.1698 0.8027 -7.4280 10.9743 274.9737 144.1493 381.6877 459.9252 -55.8723 0.0000 0.0000
4830.03 18.07.2018 13.30.01 31.49200 297.6409 186.3499 0.6470 -7.5237 10.8943 265.0087 138.8611 383.0051 459.9998 -56.5803 0.0000 0.0000
4840.03 18.07.2018 13.40.01 31.58587 297.3019 140.6504 0.4884 -7.5388 10.7028 255.4878 133.9266 384.2142 459.9654 -51.6086 0.0000 0.0000
4850.03 18.07.2018 13.50.01 31.66204 297.8611 97.7504 0.3394 -7.4822 10.4288 245.5298 128.7923 385.2237 459.2372 -50.7492 0.0000 0.0000
4860.03 18.07.2018 14.00.01 31.72115 298.1690 49.1600 0.1707 -7.3623 10.0441 234.6624 123.1966 385.9182 456.7044 -56.1854 0.0000 0.0000
4870.03 18.07.2018 14.10.01 31.76013 297.9021 -49.4601 -0.1717 -7.1769 9.3402 215.5330 113.2405 384.3579 454.7173 -51.6265 0.0000 0.0000
4880.03 18.07.2018 14.20.01 31.76058 297.6892 -137.9905 -0.4791 -6.8393 8.4802 194.7857 102.4333 382.6105 452.1808 -47.0397 0.0000 0.0000
4890.03 18.07.2018 14.30.01 31.72592 297.3186 -208.0077 -0.7222 -6.3750 7.5370 173.4460 91.3340 380.6872 448.9870 -43.4887 0.0000 0.0000
4900.03 18.07.2018 14.40.01 31.66244 297.0742 -277.7581 -0.9644 -5.8185 6.4721 150.8647 79.6210 378.6100 445.5170 -38.3919 0.0000 0.0000
4910.03 18.07.2018 14.50.01 31.57064 296.8506 -336.0127 -1.1667 -5.1707 5.3387 127.9141 67.7382 376.4094 441.4755 -34.5238 0.0000 0.0000
4920.03 18.07.2018 15.00.01 31.45394 296.7740 -391.4017 -1.3590 -4.4606 4.1355 104.5270 55.6449 374.0152 436.8005 -31.8239 0.0000 0.0000
4930.03 18.07.2018 15.10.01 31.31533 296.4952 -240.4266 -0.8348 -3.7033 3.8247 98.4657 52.3829 370.8406 433.3600 -30.1259 0.0000 0.0000
4940.03 18.07.2018 15.20.01 31.23065 296.2642 -142.8907 -0.4961 -3.2418 3.6608 94.5785 50.3116 367.9091 429.8079 -30.6834 0.0000 0.0000
4950.03 18.07.2018 15.30.01 31.17916 296.0740 -98.2126 -0.3410 -2.9818 3.5210 91.0117 48.4136 365.0430 426.3405 -31.2843 0.0000 0.0000
4960.03 18.07.2018 15.40.01 31.14208 295.9663 -81.7402 -0.2838 -2.8232 3.3858 87.5103 46.5512 362.1941 423.2162 -30.2466 0.0000 0.0000
4970.03 18.07.2018 15.50.01 31.10943 295.7854 -78.7802 -0.2735 -2.7121 3.2514 84.0200 44.6948 359.3290 420.0132 -30.1232 0.0000 0.0000
4980.03 18.07.2018 16.00.01 31.07635 295.5414 -82.3335 -0.2859 -2.6254 3.1193 80.5593 42.8530 356.4045 416.8055 -30.2802 0.0000 0.0000
4990.03 18.07.2018 16.10.01 31.04312 295.7260 196.3158 0.6817 -2.5451 4.3023 93.7739 49.1375 356.1667 416.2328 -26.9600 0.0000 0.0000
5000.03 18.07.2018 16.20.01 31.11151 295.9425 369.0922 1.2816 -2.9557 5.6498 108.8122 56.3899 356.5088 416.6588 -25.0845 0.0000 0.0000
5010.03 18.07.2018 16.30.01 31.24502 296.1623 475.9310 1.6525 -3.6478 7.0671 124.3347 63.8792 357.0953 417.6407 -24.0861 0.0000 0.0000
5020.03 18.07.2018 16.40.01 31.41860 296.3921 368.3186 1.2789 -4.4981 7.7026 137.4920 70.3462 357.8189 418.6887 -22.9390 0.0000 0.0000
5030.03 18.07.2018 16.50.01 31.55749 296.6113 507.5509 1.7623 -5.1251 9.1833 155.4130 79.0335 358.6619 420.6264 -22.9465 0.0000 0.0000
5040.03 18.07.2018 17.00.01 31.74841 296.8362 583.3630 2.0256 -5.9822 10.6770 173.3190 87.7040 359.5890 422.9509 -23.3746 0.0000 0.0000
5050.03 18.07.2018 17.10.01 31.96514 296.5591 184.6973 0.6413 -6.9529 10.1256 163.7751 83.0035 359.4038 422.2828 -28.1939 0.0000 0.0000
5060.03 18.07.2018 17.20.01 32.03222 296.2389 -735.2233 -2.5529 -7.2027 6.1998 142.8427 74.0200 358.4603 419.8241 -30.9740 0.0000 0.0000
5070.03 18.07.2018 17.30.01 31.76965 295.8921 -454.7270 -1.5789 -5.8421 5.6842 130.8781 67.8459 357.1762 417.4421 -33.6074 0.0000 0.0000
5080.03 18.07.2018 17.40.01 31.60073 295.5536 -368.6592 -1.2801 -5.0695 5.0526 116.4014 60.4089 355.7589 414.6324 -34.9768 0.0000 0.0000
5090.03 18.07.2018 17.50.01 31.45849 295.2071 -346.6278 -1.2036 -4.5035 4.3999 101.6954 52.8508 354.2260 411.5092 -35.6322 0.0000 0.0000
5100.03 18.07.2018 18.00.01 31.32079 294.8581 -349.3181 -1.2129 -4.0170 3.7388 86.9352 45.2662 352.6391 408.2187 -35.4980 0.0000 0.0000
5110.03 18.07.2018 18.10.01 31.17959 294.5031 -322.9125 -1.1212 -3.5571 3.2479 71.6995 37.0264 350.5376 404.8262 -31.9605 0.0000 0.0000
5120.03 18.07.2018 18.20.01 31.04589 294.1389 -316.2560 -1.0981 -3.1695 2.7618 60.9360 31.4660 348.4648 401.8693 -29.6497 0.0000 0.0000
5130.03 18.07.2018 18.30.01 30.91293 293.7805 -317.1227 -1.1011 -2.8140 2.2838 50.2855 25.9672 346.4171 398.9215 -27.3490 0.0000 0.0000
5140.03 18.07.2018 18.40.01 30.77789 293.4247 -348.7986 -1.2111 -2.4751 1.6854 37.2381 19.2965 344.3780 395.8944 -24.7314 0.0000 0.0000
5150.03 18.07.2018 18.50.01 30.62991 293.0702 -371.1760 -1.2888 -2.0972 1.0778 24.0457 12.5461 342.3003 392.7663 -21.9956 0.0000 0.0000
5160.03 18.07.2018 19.00.01 30.47219 292.7202 -386.3212 -1.3414 -1.6990 0.4769 10.9093 5.8233 340.2112 389.5896 -19.2054 0.0000 0.0000
5170.03 18.07.2018 19.10.01 30.30810 292.5124 -300.6217 -1.0438 -1.2922 0.3312 8.1674 4.3505 340.2183 387.4176 -16.5755 0.0000 0.0000
5180.03 18.07.2018 19.20.01 30.17413 292.2698 -246.7508 -0.8568 -1.0493 0.2567 6.4211 3.4191 340.4964 385.6234 -15.1135 0.0000 0.0000
5190.03 18.07.2018 19.30.01 30.05953 292.0353 -219.0075 -0.7604 -0.9067 0.1950 4.8513 2.5838 340.8585 384.0212 -14.1063 0.0000 0.0000
5200.03 18.07.2018 19.40.01 29.95495 291.8057 -205.5912 -0.7139 -0.8155 0.1356 3.3138 1.7659 341.2688 382.5753 -13.3542 0.0000 0.0000
5210.03 18.07.2018 19.50.01 29.85504 291.5878 -199.3997 -0.6924 -0.7498 0.0766 1.7820 0.9512 341.7149 381.2538 -12.8055 0.0000 0.0000
5220.03 18.07.2018 20.00.01 29.75723 291.2894 -197.2003 -0.6847 -0.6980 0.0177 0.2535 0.1383 342.1805 379.9553 -12.7398 0.0000 0.0000
5230.03 18.07.2018 20.10.01 29.66003 291.2008 -187.4595 -0.6509 -0.6532 0.0031 0.0419 0.0227 344.0233 379.2682 -12.0178 0.0000 0.0000
5240.03 18.07.2018 20.20.01 29.56646 291.1019 -179.5635 -0.6235 -0.6239 0.0006 0.0080 0.0043 345.9899 378.7702 -11.7461 0.0000 0.0000
5250.03 18.07.2018 20.30.01 29.47595 291.0137 -174.4498 -0.6057 -0.6058 0.0001 0.0014 0.0008 348.0135 378.4025 -11.7029 0.0000 0.0000
5260.03 18.07.2018 20.40.01 29.38757 290.9315 -171.3968 -0.5951 -0.5951 0.0000 0.0003 0.0001 350.0845 378.1581 -11.7922 0.0000 0.0000
5270.03 18.07.2018 20.50.01 29.30041 290.8517 -169.2936 -0.5878 -0.5878 0.0000 0.0000 0.0000 352.1868 378.0079 -12.0339 0.0000 0.0000
5280.03 18.07.2018 21.00.01 29.21420 290.7740 -167.9919 -0.5833 -0.5833 0.0000 0.0000 0.0000 354.3081 377.9405 -12.3925 0.0000 0.0000
5290.03 18.07.2018 21.10.01 29.12856 290.6995 -167.1593 -0.5804 -0.5804 0.0000 0.0000 0.0000 354.1033 377.6511 -12.4375 0.0000 0.0000
5300.03 18.07.2018 21.20.01 29.04281 290.6200 -167.3948 -0.5812 -0.5812 0.0000 0.0000 0.0000 353.8141 377.2951 -12.4130 0.0000 0.0000
5310.03 18.07.2018 21.30.01 28.95675 290.5386 -168.9559 -0.5867 -0.5867 0.0000 0.0000 0.0000 353.5152 376.9037 -12.4230 0.0000 0.0000
5320.03 18.07.2018 21.40.01 28.86978 290.4566 -170.7328 -0.5928 -0.5928 0.0000 0.0000 0.0000 353.2125 376.5035 -12.4047 0.0000 0.0000
5330.03 18.07.2018 21.50.01 28.78188 290.3731 -172.2495 -0.5981 -0.5981 0.0000 0.0000 0.0000 352.9115 376.0964 -12.3716 0.0000 0.0000
5340.03 18.07.2018 22.00.01 28.69320 290.2897 -173.5240 -0.6025 -0.6025 0.0000 0.0000 0.0000 352.6118 375.6865 -12.3237 0.0000 0.0000
5350.03 18.07.2018 22.10.01 28.60397 290.2269 -174.6253 -0.6063 -0.6063 0.0000 0.0000 0.0000 351.7131 375.2064 -12.1228 0.0000 0.0000
5360.03 18.07.2018 22.20.01 28.51425 290.1636 -175.8472 -0.6106 -0.6106 0.0000 0.0000 0.0000 350.7907 374.6995 -11.8686 0.0000 0.0000
5370.03 18.07.2018 22.30.01 28.42379 290.0993 -176.8259 -0.6140 -0.6140 0.0000 0.0000 0.0000 349.8615 374.1794 -11.5775 0.0000 0.0000
5380.03 18.07.2018 22.40.01 28.33303 290.0337 -177.9862 -0.6180 -0.6180 0.0000 0.0000 0.0000 348.9323 373.6490 -11.2642 0.0000 0.0000
5390.03 18.07.2018 22.50.01 28.24148 289.9681 -178.3937 -0.6194 -0.6194 0.0000 0.0000 0.0000 348.0016 373.1116 -10.9264 0.0000 0.0000
5400.03 18.07.2018 23.00.01 28.14993 289.9017 -179.0330 -0.6216 -0.6216 0.0000 0.0000 0.0000 347.0698 372.5671 -10.5809 0.0000 0.0000
5410.03 18.07.2018 23.10.01 28.05816 289.7279 -179.7860 -0.6243 -0.6243 0.0000 0.0000 0.0000 345.9680 371.8775 -10.7627 0.0000 0.0000
5420.03 18.07.2018 23.20.01 27.96572 289.5414 -180.5124 -0.6268 -0.6268 0.0000 0.0000 0.0000 344.8393 371.1582 -10.8465 0.0000 0.0000
5430.03 18.07.2018 23.30.01 27.87301 289.3591 -181.6667 -0.6308 -0.6308 0.0000 0.0000 0.0000 343.7009 370.4216 -10.8658 0.0000 0.0000
5440.03 18.07.2018 23.40.01 27.77963 289.1772 -182.4625 -0.6336 -0.6336 0.0000 0.0000 0.0000 342.5492 369.6474 -10.9525 0.0000 0.0000
5450.03 18.07.2018 23.50.01 27.68591 288.9988 -183.3640 -0.6367 -0.6367 0.0000 0.0000 0.0000 341.3999 368.8858 -10.8861 0.0000 0.0000
5460.03 19.07.2018 00.00.01 27.59164 288.8204 -183.9079 -0.6386 -0.6386 0.0000 0.0000 0.0000 340.2517 368.1139 -10.7940 0.0000 0.0000
5470.03 19.07.2018 00.10.01 27.49734 288.6223 -184.8291 -0.6418 -0.6418 0.0000 0.0000 0.0000 339.3741 367.3306 -10.9221 0.0000 0.0000
5480.03 19.07.2018 00.20.01 27.40258 288.4335 -185.1493 -0.6429 -0.6429 0.0000 0.0000 0.0000 338.5167 366.5648 -10.9982 0.0000 0.0000
5490.03 19.07.2018 00.30.01 27.30746 288.2424 -185.1456 -0.6429 -0.6429 0.0000 0.0000 0.0000 337.6550 365.7994 -11.0543 0.0000 0.0000
5500.03 19.07.2018 00.40.01 27.21224 288.0493 -185.1623 -0.6429 -0.6429 0.0000 0.0000 0.0000 336.7878 365.0378 -11.0788 0.0000 0.0000
5510.03 19.07.2018 00.50.01 27.11703 287.8542 -185.2860 -0.6434 -0.6434 0.0000 0.0000 0.0000 335.9157 364.2763 -11.0913 0.0000 0.0000
5520.03 19.07.2018 01.00.01 27.02181 287.6594 -185.4630 -0.6440 -0.6440 0.0000 0.0000 0.0000 335.0421 363.5169 -11.0888 0.0000 0.0000
5530.03 19.07.2018 01.10.01 26.92660 287.5499 -185.6335 -0.6446 -0.6446 0.0000 0.0000 0.0000 334.9067 362.9236 -10.8388 0.0000 0.0000
5540.03 19.07.2018 01.20.01 26.83141 287.4439 -185.1300 -0.6428 -0.6428 0.0000 0.0000 0.0000 334.8212 362.3819 -10.6614 0.0000 0.0000
5550.03 19.07.2018 01.30.01 26.73702 287.3381 -184.9855 -0.6423 -0.6423 0.0000 0.0000 0.0000 334.7443 361.8726 -10.5183 0.0000 0.0000
5560.03 19.07.2018 01.40.01 26.64272 287.2444 -184.0974 -0.6392 -0.6392 0.0000 0.0000 0.0000 334.6728 361.4252 -10.2714 0.0000 0.0000
5570.03 19.07.2018 01.50.01 26.54888 287.1925 -182.8573 -0.6349 -0.6349 0.0000 0.0000 0.0000 334.6122 361.1269 -9.6545 0.0000 0.0000
5580.03 19.07.2018 02.00.01 26.45596 287.1343 -180.5611 -0.6269 -0.6270 0.0000 0.0003 0.0002 334.5890 360.7658 -9.4332 0.0000 0.0000
5590.03 19.07.2018 02.10.01 26.36410 287.1003 -177.8720 -0.6176 -0.6228 0.0069 0.2067 0.1095 333.9068 360.2937 -9.4406 0.0000 0.0000
5600.03 19.07.2018 02.20.01 26.27264 286.9790 -176.7789 -0.6138 -0.6256 0.0158 0.4409 0.2339 333.1871 359.6550 -9.9769 0.0000 0.0000
5610.03 19.07.2018 02.30.01 26.18139 286.8647 -177.8542 -0.6175 -0.6362 0.0249 0.6793 0.3607 332.4213 358.9910 -10.4058 0.0000 0.0000
5620.03 19.07.2018 02.40.01 26.08938 286.7884 -179.1867 -0.6222 -0.6478 0.0341 0.9186 0.4880 331.6373 358.4159 -10.3671 0.0000 0.0000
5630.03 19.07.2018 02.50.01 25.99682 286.6566 -180.0594 -0.6252 -0.6577 0.0433 1.1580 0.6153 330.8048 357.7692 -10.6128 0.0000 0.0000
5640.03 19.07.2018 03.00.01 25.90383 286.5362 -181.1196 -0.6289 -0.6684 0.0527 1.4032 0.7457 329.9518 357.1353 -10.7519 0.0000 0.0000
5650.03 19.07.2018 03.10.01 25.81048 286.5411 -156.9338 -0.5449 -0.6778 0.1772 5.0789 2.6928 329.5115 357.0132 -10.3389 0.0000 0.0000
5660.03 19.07.2018 03.20.01 25.72610 286.5679 -138.0372 -0.4793 -0.7293 0.3333 9.2175 4.8931 329.2221 357.0788 -10.1713 0.0000 0.0000
5670.03 19.07.2018 03.30.01 25.64895 286.6038 -126.2512 -0.4384 -0.8094 0.4948 13.4273 7.1319 328.9994 357.2317 -10.1770 0.0000 0.0000
5680.03 19.07.2018 03.40.01 25.57662 286.6446 -118.6735 -0.4121 -0.9050 0.6572 17.6512 9.3784 328.8189 357.4626 -10.2717 0.0000 0.0000
5690.03 19.07.2018 03.50.01 25.50759 286.6856 -113.0179 -0.3924 -1.0073 0.8198 21.8776 11.6262 328.6669 357.7559 -10.4656 0.0000 0.0000
5700.03 19.07.2018 04.00.01 25.44116 286.7265 -108.3318 -0.3762 -1.1132 0.9827 26.1102 13.8774 328.5367 358.1034 -10.7387 0.0000 0.0000
5710.03 19.07.2018 04.10.01 25.37716 287.0775 -78.4315 -0.2723 -1.2191 1.2624 33.8272 17.9738 329.0541 359.2036 -9.8033 0.0000 0.0000
5720.03 19.07.2018 04.20.01 25.32531 287.4377 -53.0017 -0.1840 -1.3647 1.5743 42.0143 22.3273 329.7645 360.5932 -9.2080 0.0000 0.0000
5730.03 19.07.2018 04.30.01 25.28402 287.8038 -34.5653 -0.1200 -1.5387 1.8915 50.2737 26.7199 330.5681 362.1616 -8.8245 0.0000 0.0000
5740.03 19.07.2018 04.40.01 25.25082 288.1727 -20.5702 -0.0714 -1.7288 2.2098 58.5475 31.1203 331.4332 363.8769 -8.6083 0.0000 0.0000
5750.03 19.07.2018 04.50.01 25.22408 288.5449 -8.9323 -0.0310 -1.9272 2.5283 84.1221 45.1197 332.3453 367.1640 -10.0896 0.0000 0.0000
5760.03 19.07.2018 05.00.01 25.20300 288.9377 9.1928 0.0319 -2.1302 2.8829 96.6011 51.8528 333.4247 369.9122 -10.9740 0.0000 0.0000
5770.03 19.07.2018 05.10.01 25.18987 289.3351 18.0416 0.0626 -2.3492 3.2158 175.0326 95.2464 334.5061 378.4794 -17.5935 0.0000 0.0000
5780.03 19.07.2018 05.20.01 25.18173 289.8846 57.8117 0.2007 -2.5667 3.6899 256.1991 140.1676 336.1554 389.4538 -25.7657 0.0000 0.0000
5790.03 19.07.2018 05.30.01 25.18960 290.4256 93.1358 0.3234 -2.8345 4.2105 338.0819 185.4902 338.1047 401.9481 -35.1920 0.0000 0.0000
5800.03 19.07.2018 05.40.01 25.21249 290.9799 124.8422 0.4335 -3.1402 4.7649 317.4044 173.7755 340.3237 406.0699 -36.4353 0.0000 0.0000
5810.03 19.07.2018 05.50.01 25.24880 291.1473 93.4936 0.3246 -3.4732 5.0638 292.8700 159.9516 341.6970 407.8252 -36.3352 0.0000 0.0000
5820.03 19.07.2018 06.00.01 25.27606 291.5446 72.7826 0.2527 -3.7234 5.3015 267.2116 145.4957 342.7929 408.4462 -34.9962 0.0000 0.0000
5830.03 19.07.2018 06.10.01 25.29742 291.7990 32.0124 0.1112 -3.9124 5.3648 304.7054 166.3119 344.1199 415.2338 -34.3420 0.0000 0.0000
5840.03 19.07.2018 06.20.01 25.30602 292.1810 46.9181 0.1629 -4.0066 5.5594 343.9892 188.0970 345.8654 422.9979 -37.2362 0.0000 0.0000
5850.03 19.07.2018 06.30.01 25.32186 292.7701 68.6825 0.2385 -4.1059 5.7925 383.1831 209.8000 347.6115 429.5990 -48.7244 0.0000 0.0000
5860.03 19.07.2018 06.40.01 25.34762 293.5069 89.3055 0.3101 -4.2197 6.0398 404.8230 221.7166 349.7653 437.7638 -45.3372 0.0000 0.0000
5870.03 19.07.2018 06.50.01 25.38323 293.7415 100.7540 0.3498 -4.3391 6.2519 426.6987 233.8024 351.7205 443.6300 -51.0408 0.0000 0.0000
5880.03 19.07.2018 07.00.01 25.42590 294.0780 113.6839 0.3947 -4.4438 6.4513 448.0264 245.5710 353.6645 449.7736 -59.0914 0.0000 0.0000
5890.03 19.07.2018 07.10.01 25.47607 294.3092 152.0838 0.5281 -4.5413 6.7591 447.4181 245.0486 355.3205 453.8195 -59.5902 0.0000 0.0000
5900.03 19.07.2018 07.20.01 25.54211 294.4237 166.7983 0.5792 -4.6870 7.0215 445.9174 244.0265 356.5106 455.2253 -71.7579 0.0000 0.0000
5910.03 19.07.2018 07.30.01 25.61511 294.4153 176.1074 0.6115 -4.8368 7.2644 443.9311 242.7285 357.3079 455.1852 -85.0579 0.0000 0.0000
5920.03 19.07.2018 07.40.01 25.69363 294.6860 193.9403 0.6734 -4.9779 7.5351 444.2119 242.6713 359.3537 462.7434 -62.8769 0.0000 0.0000
5930.03 19.07.2018 07.50.01 25.78127 295.5866 207.4391 0.7203 -5.1145 7.7798 443.9852 242.3309 360.7018 463.9314 -73.3325 0.0000 0.0000
5940.03 19.07.2018 08.00.01 25.87673 295.3687 220.6439 0.7661 -5.2463 8.0166 443.3034 241.7221 360.8207 460.1525 -97.8866 0.0000 0.0000
5950.03 19.07.2018 08.10.01 25.97823 295.5513 215.1733 0.7471 -5.3830 8.1735 462.3603 252.1218 361.3156 462.5608 -100.0932 0.0000 0.0000
5960.03 19.07.2018 08.20.01 26.07971 295.7776 233.0776 0.8093 -5.4886 8.3972 481.7519 262.6699 362.2680 465.6508 -102.9879 0.0000 0.0000
5970.03 19.07.2018 08.30.01 26.18951 296.0117 253.0512 0.8786 -5.6040 8.6435 500.8010 272.9949 363.4007 469.0161 -106.2489 0.0000 0.0000
5980.03 19.07.2018 08.40.01 26.30837 296.2466 266.2846 0.9246 -5.7327 8.8764 515.6103 280.9482 364.5478 472.1583 -109.5662 0.0000 0.0000
5990.03 19.07.2018 08.50.01 26.43389 296.4834 275.4116 0.9563 -5.8639 9.0936 529.5266 288.3775 365.7014 475.2947 -112.5765 0.0000 0.0000
6000.03 19.07.2018 09.00.01 26.56442 296.7200 290.9934 1.0104 -5.9916 9.3360 542.8027 295.4038 366.9550 478.3946 -115.9126 0.0000 0.0000
6010.03 19.07.2018 09.10.01 26.70229 296.9803 315.9016 1.0969 -6.1284 9.6337 538.8906 292.9051 368.5889 480.6614 -114.6327 0.0000 0.0000
6020.03 19.07.2018 09.20.01 26.85055 297.2315 313.1256 1.0872 -6.2909 9.8375 533.4754 289.5775 370.0471 482.5352 -112.2027 0.0000 0.0000
6030.03 19.07.2018 09.30.01 26.99951 297.4648 333.6983 1.1587 -6.4308 10.1192 529.1348 286.8343 371.6825 484.2019 -111.2900 0.0000 0.0000
6040.03 19.07.2018 09.40.01 27.15719 297.7117 336.0065 1.1667 -6.5905 10.3429 525.2524 284.3348 373.2633 485.9855 -108.9876 0.0000 0.0000
6050.03 19.07.2018 09.50.01 27.31729 297.9687 357.9602 1.2429 -6.7378 10.6409 522.6356 282.5400 374.9940 487.9396 -106.7900 0.0000 0.0000
6060.03 19.07.2018 10.00.01 27.48644 298.2071 353.8217 1.2285 -6.9083 10.8492 518.2326 279.7423 376.5565 489.3710 -105.5671 0.0000 0.0000
6070.03 19.07.2018 10.10.01 27.65566 298.2316 378.3358 1.3137 -7.0552 11.1585 500.6670 269.7902 379.8794 493.1986 -93.4535 0.0000 0.0000
6080.03 19.07.2018 10.20.01 27.83505 298.3425 360.6214 1.2522 -7.2266 11.3050 481.2014 258.8220 382.6977 494.1461 -92.3914 0.0000 0.0000
6090.03 19.07.2018 10.30.01 28.00887 298.1886 330.5108 1.1476 -7.3553 11.3372 460.8714 247.4237 384.2682 490.7782 -102.3745 0.0000 0.0000
6100.03 19.07.2018 10.40.01 28.17266 298.3651 341.9706 1.1874 -7.4240 11.4819 445.4847 238.7665 386.1715 490.2756 -89.1402 0.0000 0.0000
6110.03 19.07.2018 10.50.01 28.34130 298.6819 338.4612 1.1752 -7.5087 11.5785 429.9738 230.0704 388.0613 488.7598 -86.0468 0.0000 0.0000
6120.03 19.07.2018 11.00.01 28.50857 298.7815 333.6106 1.1584 -7.5870 11.6605 414.8653 221.6279 389.3548 485.2722 -95.7335 0.0000 0.0000
6130.03 19.07.2018 11.10.01 28.67336 298.6712 240.1830 0.8340 -7.6515 11.3139 382.3199 204.0138 391.4938 485.1865 -81.4702 0.0000 0.0000
6140.03 19.07.2018 11.20.01 28.80343 298.5208 144.0291 0.5001 -7.5489 10.7319 347.2998 185.0952 393.0687 483.1051 -77.1474 0.0000 0.0000
6150.03 19.07.2018 11.30.01 28.89785 298.6519 87.8719 0.3051 -7.2780 10.1109 312.9847 166.6303 393.9860 479.2140 -77.3489 0.0000 0.0000
6160.03 19.07.2018 11.40.01 28.97088 298.1948 60.6462 0.2106 -6.9227 9.5110 281.4184 149.7139 394.8527 475.8814 -63.9748 0.0000 0.0000
6170.03 19.07.2018 11.50.01 29.03170 298.9583 33.8043 0.1174 -6.5442 8.8821 250.5553 133.2412 395.3654 471.3736 -59.1777 0.0000 0.0000
6180.03 19.07.2018 12.00.01 29.08080 298.8529 13.2806 0.0461 -6.1431 8.2522 220.8729 117.4747 395.3489 464.8665 -64.3977 0.0000 0.0000
6190.03 19.07.2018 12.10.01 29.12002 298.7263 45.2257 0.1570 -5.7415 7.8647 213.6696 113.5277 393.7259 461.1132 -61.5302 0.0000 0.0000
6200.03 19.07.2018 12.20.01 29.16903 298.6515 113.6978 0.3948 -5.4286 7.7645 210.7964 111.9594 392.7255 458.5334 -59.6707 0.0000 0.0000
6210.03 19.07.2018 12.30.01 29.24127 298.5962 157.9343 0.5484 -5.2608 7.7456 208.9249 110.9292 392.0025 456.4312 -58.1465 0.0000 0.0000
6220.03 19.07.2018 12.40.01 29.32855 298.5504 177.7347 0.6171 -5.1868 7.7386 206.5604 109.5908 391.3904 454.4992 -56.7958 0.0000 0.0000
6230.03 19.07.2018 12.50.01 29.42205 298.5069 183.8397 0.6383 -5.1611 7.7325 204.4680 108.4148 390.8248 452.8206 -55.5289 0.0000 0.0000
6240.03 19.07.2018 13.00.01 29.51721 298.4686 185.3393 0.6435 -5.1598 7.7378 202.5294 107.3204 390.3020 451.3149 -54.4821 0.0000 0.0000
6250.03 19.07.2018 13.10.01 29.61276 298.4461 328.8131 1.1417 -5.1768 8.4247 221.3760 116.7956 387.6498 450.8314 -55.4308 0.0000 0.0000
6260.03 19.07.2018 13.20.01 29.76058 298.4435 482.3775 1.6749 -5.4669 9.5224 244.8808 128.7534 385.4791 451.2230 -59.2523 0.0000 0.0000
6270.03 19.07.2018 13.30.01 29.96511 298.3565 606.0678 2.1044 -6.0329 10.8497 268.9203 140.8569 383.4956 451.6732 -64.6317 0.0000 0.0000
6280.03 19.07.2018 13.40.01 30.21612 298.4363 714.9042 2.4823 -6.8105 12.3904 295.7648 154.4244 381.7116 453.1785 -69.3610 0.0000 0.0000
6290.03 19.07.2018 13.50.01 30.50872 298.5246 815.2734 2.8308 -7.7653 14.1281 323.9889 168.6708 380.1077 455.1864 -74.8345 0.0000 0.0000
6300.03 19.07.2018 14.00.01 30.84023 298.6110 892.3262 3.0984 -8.8790 15.9698 352.2102 182.8404 378.4669 457.4329 -80.6475 0.0000 0.0000
6310.03 19.07.2018 14.10.01 31.19824 298.5477 561.2579 1.9488 -10.0905 16.0524 343.9410 178.7401 378.8367 458.0546 -81.8145 0.0000 0.0000
6320.03 19.07.2018 14.20.01 31.43578 298.4697 296.9539 1.0311 -10.6893 15.6272 328.9629 171.0031 378.2601 456.7796 -82.2399 0.0000 0.0000
6330.03 19.07.2018 14.30.01 31.57562 298.3645 127.8734 0.4440 -10.8278 15.0291 312.4334 162.4680 377.2420 454.7943 -82.0864 0.0000 0.0000
6340.03 19.07.2018 14.40.01 31.65072 298.2248 -2.7976 -0.0097 -10.6942 14.2460 294.0480 153.0012 376.0116 452.3463 -80.5854 0.0000 0.0000
6350.03 19.07.2018 14.50.01 31.67468 298.0846 -92.3571 -0.3207 -10.3642 13.3914 275.6283 143.5684 374.7482 449.6666 -78.6938 0.0000 0.0000
6360.03 19.07.2018 15.00.01 31.66229 297.9509 -176.7586 -0.6137 -9.9126 12.3984 256.0989 133.5740 373.3621 446.6612 -76.1409 0.0000 0.0000
6370.03 19.07.2018 15.10.01 31.61614 297.7610 -173.3771 -0.6020 -9.3600 11.6773 241.2854 125.9067 372.1785 444.0923 -72.8134 0.0000 0.0000
6380.03 19.07.2018 15.20.01 31.56945 297.5769 -179.0577 -0.6217 -8.8439 10.9628 227.1438 118.6367 371.1427 441.5393 -69.6655 0.0000 0.0000
6390.03 19.07.2018 15.30.01 31.51806 297.3937 -200.8157 -0.6973 -8.3474 10.2002 211.9453 110.7688 370.1318 438.8024 -66.3492 0.0000 0.0000
6400.03 19.07.2018 15.40.01 31.45620 297.2059 -252.9877 -0.8784 -7.8392 9.2811 194.5445 101.7594 369.0844 435.8093 -62.7008 0.0000 0.0000
6410.03 19.07.2018 15.50.01 31.37307 297.0204 -296.0970 -1.0281 -7.2644 8.3151 178.1540 93.3921 368.0237 432.8566 -59.2255 0.0000 0.0000
6420.03 19.07.2018 16.00.01 31.27184 296.8370 -335.4756 -1.1648 -6.6411 7.3016 161.8678 85.1211 366.9706 429.8730 -55.7251 0.0000 0.0000
6430.03 19.07.2018 16.10.01 31.15655 296.7200 -51.8814 -0.1801 -5.9757 7.7274 163.9098 85.7935 365.2489 427.7179 -54.0703 0.0000 0.0000
6440.03 19.07.2018 16.20.01 31.14208 296.6133 109.0392 0.3786 -5.8428 8.2953 167.7720 87.4483 363.7453 426.0167 -53.9088 0.0000 0.0000
6450.03 19.07.2018 16.30.01 31.18575 296.5107 195.4238 0.6786 -6.0012 8.9063 172.0148 89.2982 362.3672 424.5575 -54.2023 0.0000 0.0000
6460.03 19.07.2018 16.40.01 31.25982 296.4146 70.2086 0.2438 -6.3085 8.7363 172.9888 89.6749 361.0154 423.0352 -53.1733 0.0000 0.0000
6470.03 19.07.2018 16.50.01 31.29061 296.3138 184.3575 0.6401 -6.3866 9.3690 178.4364 92.1301 359.6917 421.8789 -54.0527 0.0000 0.0000
6480.03 19.07.2018 17.00.01 31.36233 296.2395 238.6225 0.8286 -6.6735 10.0028 183.8310 94.5541 358.4144 420.8922 -55.0405 0.0000 0.0000
6490.03 19.07.2018 17.10.01 31.45153 296.0123 -12.2118 -0.0424 -7.0564 9.3520 169.3600 87.0988 357.0903 418.8045 -54.5484 0.0000 0.0000
6500.03 19.07.2018 17.20.01 31.44491 295.7575 -677.1497 -2.3512 -6.9957 6.1927 146.2878 76.3786 355.4274 415.7959 -51.4888 0.0000 0.0000
6510.03 19.07.2018 17.30.01 31.19964 295.4949 -470.3705 -1.6332 -5.7749 5.5223 129.7327 67.6922 353.6423 412.8537 -48.6435 0.0000 0.0000
6520.03 19.07.2018 17.40.01 31.02337 295.2404 -404.3671 -1.4041 -4.9871 4.7774 111.5787 58.2018 351.9053 409.9975 -43.7111 0.0000 0.0000
6530.03 19.07.2018 17.50.01 30.86804 294.9894 -385.9051 -1.3399 -4.3533 4.0178 93.2612 48.6247 350.1363 407.0123 -38.6488 0.0000 0.0000
6540.03 19.07.2018 18.00.01 30.71707 294.7402 -385.9454 -1.3401 -3.7799 3.2530 74.9285 39.0418 348.3375 403.9409 -33.4800 0.0000 0.0000
6550.03 19.07.2018 18.10.01 30.56448 294.3954 -331.7943 -1.1521 -3.2321 2.7734 61.0801 31.5459 346.9154 400.8310 -29.3336 0.0000 0.0000
6560.03 19.07.2018 18.20.01 30.42947 294.0526 -300.7292 -1.0442 -2.8072 2.3507 51.8184 26.7579 345.6011 398.2071 -26.7566 0.0000 0.0000
6570.03 19.07.2018 18.30.01 30.30404 293.7138 -288.0119 -1.0000 -2.4576 1.9434 42.7651 22.0829 344.3351 395.6516 -24.2933 0.0000 0.0000
6580.03 19.07.2018 18.40.01 30.18170 293.3748 -308.4339 -1.0710 -2.1473 1.4351 31.6936 16.4232 343.0815 393.0484 -21.7622 0.0000 0.0000
6590.03 19.07.2018 18.50.01 30.05056 293.0344 -324.6866 -1.1274 -1.8162 0.9184 20.4882 10.6901 341.8052 390.3997 -19.1250 0.0000 0.0000
6600.03 19.07.2018 19.00.01 29.91213 292.6934 -336.2314 -1.1675 -1.4732 0.4076 9.3347 4.9826 340.5245 387.7327 -16.5195 0.0000 0.0000
6610.03 19.07.2018 19.10.01 29.76873 292.3247 -263.6731 -0.9155 -1.1283 0.2837 6.9980 3.7275 339.0866 385.3728 -15.1977 0.0000 0.0000
6620.03 19.07.2018 19.20.01 29.65011 291.9595 -220.9934 -0.7673 -0.9323 0.2200 5.5033 2.9304 337.7689 383.2727 -14.4507 0.0000 0.0000
6630.03 19.07.2018 19.30.01 29.54586 291.5954 -201.5975 -0.7000 -0.8253 0.1671 4.1582 2.2146 336.4972 381.2818 -13.9413 0.0000 0.0000
6640.03 19.07.2018 19.40.01 29.44784 291.2320 -194.6221 -0.6758 -0.7629 0.1162 2.8404 1.5137 335.2492 379.3682 -13.5949 0.0000 0.0000
6650.03 19.07.2018 19.50.01 29.35165 290.8693 -193.7617 -0.6728 -0.7220 0.0656 1.5275 0.8154 334.0163 377.5157 -13.3722 0.0000 0.0000
6660.03 19.07.2018 20.00.01 29.25506 290.5079 -195.8320 -0.6800 -0.6914 0.0152 0.2173 0.1185 332.7957 375.7145 -13.2381 0.0000 0.0000
6670.03 19.07.2018 20.10.01 29.15716 290.3303 -190.6779 -0.6621 -0.6640 0.0026 0.0359 0.0195 332.0209 374.3447 -12.1284 0.0000 0.0000
6680.03 19.07.2018 20.20.01 29.06088 290.1571 -186.8685 -0.6488 -0.6492 0.0005 0.0068 0.0037 331.3423 373.1287 -11.2794 0.0000 0.0000
6690.03 19.07.2018 20.30.01 28.96563 289.9878 -185.2431 -0.6432 -0.6433 0.0001 0.0012 0.0007 330.7061 372.0092 -10.6023 0.0000 0.0000
6700.03 19.07.2018 20.40.01 28.87063 289.8212 -185.1570 -0.6429 -0.6429 0.0000 0.0002 0.0001 330.0982 370.9654 -10.0541 0.0000 0.0000
6710.03 19.07.2018 20.50.01 28.77542 289.6565 -186.1550 -0.6464 -0.6464 0.0000 0.0000 0.0000 329.5101 369.9783 -9.6233 0.0000 0.0000
6720.03 19.07.2018 21.00.01 28.67959 289.4930 -187.8688 -0.6523 -0.6523 0.0000 0.0000 0.0000 328.9397 369.0372 -9.2893 0.0000 0.0000
6730.03 19.07.2018 21.10.01 28.58285 289.2839 -190.1499 -0.6602 -0.6602 0.0000 0.0000 0.0000 328.6166 368.0782 -9.4544 0.0000 0.0000
6740.03 19.07.2018 21.20.01 28.48474 289.0751 -192.9569 -0.6700 -0.6700 0.0000 0.0000 0.0000 328.2984 367.1459 -9.6766 0.0000 0.0000
6750.03 19.07.2018 21.30.01 28.38519 288.8670 -196.0319 -0.6807 -0.6807 0.0000 0.0000 0.0000 327.9862 366.2371 -9.9348 0.0000 0.0000
6760.03 19.07.2018 21.40.01 28.28402 288.6588 -199.0009 -0.6910 -0.6910 0.0000 0.0000 0.0000 327.6768 365.3462 -10.2280 0.0000 0.0000
6770.03 19.07.2018 21.50.01 28.18136 288.4513 -201.8419 -0.7008 -0.7008 0.0000 0.0000 0.0000 327.3744 364.4735 -10.5453 0.0000 0.0000
6780.03 19.07.2018 22.00.01 28.07736 288.2439 -204.6998 -0.7108 -0.7108 0.0000 0.0000 0.0000 327.0743 363.6141 -10.8886 0.0000 0.0000
6790.03 19.07.2018 22.10.01 27.97186 288.0436 -207.0136 -0.7188 -0.7188 0.0000 0.0000 0.0000 325.7085 362.6727 -10.8793 0.0000 0.0000
6800.03 19.07.2018 22.20.01 27.86526 287.8398 -209.2577 -0.7266 -0.7266 0.0000 0.0000 0.0000 324.3157 361.7107 -10.7637 0.0000 0.0000
6810.03 19.07.2018 22.30.01 27.75753 287.6346 -211.4767 -0.7343 -0.7343 0.0000 0.0000 0.0000 322.9153 360.7188 -10.7017 0.0000 0.0000
6820.03 19.07.2018 22.40.01 27.64874 287.4296 -213.6021 -0.7417 -0.7417 0.0000 0.0000 0.0000 321.5268 359.7391 -10.5456 0.0000 0.0000
6830.03 19.07.2018 22.50.01 27.53887 287.2278 -215.4743 -0.7482 -0.7482 0.0000 0.0000 0.0000 320.1427 358.7582 -10.3649 0.0000 0.0000
6840.03 19.07.2018 23.00.01 27.42809 287.0278 -217.2583 -0.7544 -0.7544 0.0000 0.0000 0.0000 318.7583 357.7751 -10.1690 0.0000 0.0000
6850.03 19.07.2018 23.10.01 27.31640 286.8035 -218.8637 -0.7599 -0.7599 0.0000 0.0000 0.0000 317.9071 356.8127 -10.2797 0.0000 0.0000
6860.03 19.07.2018 23.20.01 27.20385 286.6015 -220.2177 -0.7646 -0.7646 0.0000 0.0000 0.0000 317.0881 355.8992 -10.3261 0.0000 0.0000
6870.03 19.07.2018 23.30.01 27.09066 286.3928 -221.6297 -0.7695 -0.7695 0.0000 0.0000 0.0000 316.2626 354.9853 -10.4012 0.0000 0.0000
6880.03 19.07.2018 23.40.01 26.97677 286.1760 -223.1297 -0.7748 -0.7748 0.0000 0.0000 0.0000 315.4152 354.0546 -10.5425 0.0000 0.0000
6890.03 19.07.2018 23.50.01 26.86202 285.9520 -224.8902 -0.7809 -0.7809 0.0000 0.0000 0.0000 314.5580 353.1101 -10.7224 0.0000 0.0000
6900.03 20.07.2018 00.00.01 26.74642 285.7218 -226.5714 -0.7867 -0.7867 0.0000 0.0000 0.0000 313.6969 352.1585 -10.9269 0.0000 0.0000
6910.03 20.07.2018 00.10.01 26.63000 285.5708 -228.2124 -0.7924 -0.7924 0.0000 0.0000 0.0000 312.7120 351.2666 -10.7557 0.0000 0.0000
6920.03 20.07.2018 00.20.01 26.51281 285.4208 -229.6185 -0.7973 -0.7973 0.0000 0.0000 0.0000 311.7330 350.3881 -10.5840 0.0000 0.0000
6930.03 20.07.2018 00.30.01 26.39480 285.2705 -230.7312 -0.8012 -0.8011 0.0000 0.0000 0.0000 310.7550 349.5169 -10.4319 0.0000 0.0000
6940.03 20.07.2018 00.40.01 26.27627 285.1205 -231.8855 -0.8052 -0.8052 0.0000 0.0000 0.0000 309.7794 348.6575 -10.2734 0.0000 0.0000
6950.03 20.07.2018 00.50.01 26.15725 284.9699 -233.0864 -0.8093 -0.8093 0.0000 0.0000 0.0000 308.8074 347.8055 -10.1231 0.0000 0.0000
6960.03 20.07.2018 01.00.01 26.03750 284.8194 -233.8770 -0.8121 -0.8121 0.0000 0.0000 0.0000 307.8359 346.9586 -9.9850 0.0000 0.0000
6970.03 20.07.2018 01.10.01 25.91757 284.6699 -234.9435 -0.8158 -0.8158 0.0000 0.0000 0.0000 307.2604 346.1995 -9.7930 0.0000 0.0000
6980.03 20.07.2018 01.20.01 25.79742 284.5150 -235.2039 -0.8167 -0.8167 0.0000 0.0000 0.0000 306.7091 345.4571 -9.6810 0.0000 0.0000
6990.03 20.07.2018 01.30.01 25.67736 284.3617 -235.0805 -0.8163 -0.8163 0.0000 0.0000 0.0000 306.1738 344.7399 -9.5713 0.0000 0.0000
7000.03 20.07.2018 01.40.01 25.55740 284.2081 -234.7100 -0.8150 -0.8150 0.0000 0.0000 0.0000 305.6429 344.0306 -9.5052 0.0000 0.0000
7010.03 20.07.2018 01.50.01 25.43746 284.0570 -234.0406 -0.8126 -0.8126 0.0000 0.0000 0.0000 305.1233 343.3432 -9.4254 0.0000 0.0000
7020.03 20.07.2018 02.00.01 25.31768 283.9051 -233.4123 -0.8105 -0.8105 0.0000 0.0004 0.0002 304.6085 342.6598 -9.3883 0.0000 0.0000
7030.03 20.07.2018 02.10.01 25.19833 283.7716 -231.7079 -0.8045 -0.8104 0.0078 0.2337 0.1237 304.4760 342.0388 -9.4656 0.0000 0.0000
7040.03 20.07.2018 02.20.01 25.07934 283.6464 -230.3297 -0.7998 -0.8131 0.0178 0.4984 0.2645 304.3661 341.4628 -9.5614 0.0000 0.0000
7050.03 20.07.2018 02.30.01 24.96087 283.5204 -229.8423 -0.7981 -0.8192 0.0281 0.7679 0.4078 304.2630 340.9062 -9.6964 0.0000 0.0000
7060.03 20.07.2018 02.40.01 24.84255 283.3945 -229.7024 -0.7976 -0.8265 0.0385 1.0384 0.5517 304.1604 340.3637 -9.8670 0.0000 0.0000
7070.03 20.07.2018 02.50.01 24.72427 283.2678 -229.6768 -0.7975 -0.8342 0.0490 1.3090 0.6956 304.0623 339.8358 -10.0595 0.0000 0.0000
7080.03 20.07.2018 03.00.01 24.60598 283.1397 -229.6463 -0.7974 -0.8420 0.0595 1.5847 0.8422 303.9604 339.3145 -10.2877 0.0000 0.0000
7090.03 20.07.2018 03.10.01 24.48809 283.1934 -207.5991 -0.7208 -0.8485 0.1702 4.8430 2.5684 303.6632 339.2384 -9.5885 0.0000 0.0000
7100.03 20.07.2018 03.20.01 24.37872 283.2451 -189.0536 -0.6564 -0.8877 0.3083 8.5039 4.5146 303.4767 339.3180 -9.1503 0.0000 0.0000
7110.03 20.07.2018 03.30.01 24.27676 283.2962 -176.6813 -0.6135 -0.9518 0.4511 12.2266 6.4944 303.3420 339.4736 -8.9087 0.0000 0.0000
7120.03 20.07.2018 03.40.01 24.17993 283.3518 -168.1264 -0.5838 -1.0298 0.5947 15.9616 8.4809 303.2457 339.7113 -8.7344 0.0000 0.0000
7130.03 20.07.2018 03.50.01 24.08700 283.4125 -161.6201 -0.5612 -1.1151 0.7385 19.6987 10.4685 303.1744 340.0094 -8.6417 0.0000 0.0000
7140.03 20.07.2018 04.00.01 23.99700 283.4740 -156.2383 -0.5425 -1.2042 0.8823 23.4357 12.4561 303.1208 340.3461 -8.6607 0.0000 0.0000
7150.03 20.07.2018 04.10.01 23.90969 283.8151 -152.9276 -0.5310 -1.2934 1.0165 26.8862 14.2919 303.5720 341.1036 -7.1322 0.0000 0.0000
7160.03 20.07.2018 04.20.01 23.82467 284.1597 -147.9836 -0.5138 -1.3749 1.1481 30.2980 16.1066 304.1043 341.9655 -5.8088 0.0000 0.0000
7170.03 20.07.2018 04.30.01 23.74255 284.5005 -141.7412 -0.4922 -1.4515 1.2792 33.7039 17.9180 304.6724 342.9045 -4.6549 0.0000 0.0000
7180.03 20.07.2018 04.40.01 23.66378 284.8409 -135.0106 -0.4688 -1.5264 1.4102 37.1086 19.7288 305.2682 343.9132 -3.6278 0.0000 0.0000
7190.03 20.07.2018 04.50.01 23.58853 285.1823 -128.3036 -0.4455 -1.6014 1.5412 40.5130 21.5395 305.8868 344.9830 -2.7078 0.0000 0.0000
