# simtime date time IndoorTemp Av_Tair_at_facade Energyflux.toIndoor.sum  Energyflux.toIndoor.average Energyflux.Conduction.average Energyflux.SW.transmission.average Shortwave.availabe Shortwave.absorbed Longwave.available Longwave.emittedFacade Sensible.outside Vapour.fromGreening Vapour.fromSubstrate
10.02 15.07.2018 05.10.00 19.85000 288.8857 0.0000 0.0000 0.0000 0.0000 29.9783 14.9892 326.3732 370.4311 -10.7455 0.0000 0.0000
20.02 15.07.2018 05.20.00 19.85000 289.4100 0.0000 0.0000 0.0000 0.0000 39.8057 19.9029 329.0922 369.0036 -7.2446 0.0000 0.0000
30.03 15.07.2018 05.30.01 19.85000 289.9293 0.0000 0.0000 0.0000 0.0000 53.2955 26.6477 333.6490 368.5992 -4.3878 0.0000 0.0000
40.03 15.07.2018 05.40.01 19.85000 290.4453 0.0000 0.0000 0.0000 0.0000 93.6897 46.8449 339.7893 369.8227 -2.8836 0.0000 0.0000
50.03 15.07.2018 05.50.01 19.85000 290.9264 0.0000 0.0000 0.0000 0.0000 96.7796 48.3898 343.0374 371.6281 -2.0284 0.0000 0.0000
60.03 15.07.2018 06.00.01 19.85000 291.2951 0.0000 0.0000 0.0000 0.0000 156.0841 78.0420 345.1622 374.4498 -3.4880 0.0000 0.0000
70.03 15.07.2018 06.10.01 19.85000 291.5393 0.0000 0.0000 0.0000 0.0000 152.9025 76.4513 346.6993 377.5441 -6.1785 0.0000 0.0000
80.03 15.07.2018 06.20.01 19.85000 291.8036 -0.0573 -0.0002 -0.0002 0.0000 151.3843 75.6921 348.3872 379.8523 -7.6381 0.0000 0.0000
90.03 15.07.2018 06.30.01 19.84994 292.0857 -0.6954 -0.0021 -0.0021 0.0000 219.5936 109.7968 349.8999 383.5877 -11.3633 0.0000 0.0000
100.03 15.07.2018 06.40.01 19.84933 292.3789 -0.6944 -0.0021 -0.0021 0.0000 217.1558 108.5779 351.4641 387.6387 -15.3175 0.0000 0.0000
110.03 15.07.2018 06.50.01 19.84875 292.6653 -0.6711 -0.0020 -0.0020 0.0000 221.9656 110.9828 352.9547 390.8532 -18.1172 0.0000 0.0000
120.03 15.07.2018 07.00.01 19.84823 292.9593 -0.6965 -0.0021 -0.0021 0.0000 229.1860 114.5930 354.4101 393.9808 -20.8532 0.0000 0.0000
130.03 15.07.2018 07.10.01 19.84780 293.3053 -0.7123 -0.0022 -0.0022 0.0000 237.4225 118.7112 356.0109 397.1332 -22.6387 0.0000 0.0000
140.03 15.07.2018 07.20.01 19.84744 293.6578 -0.6677 -0.0020 -0.0020 0.0000 245.7202 122.8601 357.8049 400.2727 -24.5093 0.0000 0.0000
150.03 15.07.2018 07.30.01 19.84722 294.0176 -0.6828 -0.0021 -0.0021 0.0000 253.1104 126.5552 359.5837 403.3475 -26.5112 0.0000 0.0000
160.03 15.07.2018 07.40.01 19.84716 294.3801 -0.6256 -0.0019 -0.0019 0.0000 261.8386 130.9193 361.6188 406.4256 -28.3946 0.0000 0.0000
170.03 15.07.2018 07.50.01 19.84716 294.7531 -0.2993 -0.0009 -0.0009 0.0000 269.7627 134.8813 363.5494 409.5168 -30.1927 0.0000 0.0000
180.03 15.07.2018 08.00.01 19.84716 295.1268 0.6036 0.0018 0.0018 0.0000 333.1603 166.5802 365.3650 413.9352 -33.4875 0.0000 0.0000
190.03 15.07.2018 08.10.01 19.84792 295.5910 0.7621 0.0023 0.0023 0.0000 338.5681 169.2841 367.3440 419.1776 -33.3446 0.0000 0.0000
200.03 15.07.2018 08.20.01 19.84884 296.1492 1.4612 0.0045 0.0045 0.0000 343.1234 171.5617 369.2092 424.0150 -31.3390 0.0000 0.0000
210.03 15.07.2018 08.30.01 19.85015 296.5436 2.0991 0.0064 0.0064 0.0000 347.5582 173.7791 370.8730 428.5681 -31.9875 0.0000 0.0000
220.03 15.07.2018 08.40.01 19.85198 296.8824 2.6971 0.0082 0.0082 0.0000 351.8971 175.9485 372.3879 433.0843 -31.4473 0.0000 0.0000
230.03 15.07.2018 08.50.01 19.85406 297.0536 3.5103 0.0107 0.0107 0.0000 356.1596 178.0798 373.9520 437.2467 -33.3337 0.0000 0.0000
240.03 15.07.2018 09.00.01 19.85681 297.0480 4.0722 0.0124 0.0124 0.0000 360.1283 180.0642 375.6482 440.8256 -38.2347 0.0000 0.0000
250.03 15.07.2018 09.10.01 19.85989 298.0044 5.1144 0.0156 0.0156 0.0000 363.3638 181.6819 377.5273 445.3748 -32.5818 0.0000 0.0000
260.03 15.07.2018 09.20.01 19.86364 298.3997 6.3100 0.0192 0.0192 0.0000 367.8131 183.9066 379.4263 447.8641 -45.3188 0.0000 0.0000
270.03 15.07.2018 09.30.01 19.86825 297.5343 7.1287 0.0217 0.0217 0.0000 370.4602 185.2301 380.7518 449.2078 -61.3031 0.0000 0.0000
280.03 15.07.2018 09.40.01 19.87344 297.6030 8.1792 0.0249 0.0249 0.0000 374.6533 187.3266 382.3364 451.5841 -58.7159 0.0000 0.0000
290.03 15.07.2018 09.50.01 19.87942 297.5945 9.4035 0.0287 0.0287 0.0000 381.2456 190.6228 384.3361 453.9658 -59.6294 0.0000 0.0000
300.03 15.07.2018 10.00.01 19.88610 297.6155 10.6319 0.0324 0.0324 0.0000 384.1031 192.0516 385.6215 455.8607 -64.3308 0.0000 0.0000
310.03 15.07.2018 10.10.01 19.89367 297.8625 12.0534 0.0367 0.0367 0.0000 388.1412 194.0706 386.8849 457.5453 -68.0729 0.0000 0.0000
320.03 15.07.2018 10.20.01 19.90206 298.1180 13.3212 0.0406 0.0406 0.0000 389.8798 194.9399 388.0039 459.0547 -71.5604 0.0000 0.0000
330.03 15.07.2018 10.30.01 19.91140 298.3462 14.7420 0.0449 0.0449 0.0000 389.0766 194.5383 388.6050 460.2427 -74.8617 0.0000 0.0000
340.03 15.07.2018 10.40.01 19.92159 298.5598 16.1142 0.0491 0.0491 0.0000 393.5211 196.7605 389.8643 461.3677 -77.7185 0.0000 0.0000
350.03 15.07.2018 10.50.01 19.93261 298.7762 17.7576 0.0541 0.0541 0.0000 394.6460 197.3230 390.8409 462.4105 -80.6658 0.0000 0.0000
360.03 15.07.2018 11.00.01 19.94521 298.9867 18.5341 0.0565 0.0565 0.0000 394.7264 197.3632 391.7283 463.2112 -83.5261 0.0000 0.0000
370.03 15.07.2018 11.10.01 19.95806 299.0880 20.0762 0.0612 0.0612 0.0000 396.3981 198.1990 393.0343 464.4313 -81.8274 0.0000 0.0000
380.03 15.07.2018 11.20.01 19.97213 299.1944 21.0926 0.0643 0.0643 0.0000 395.0076 197.5038 394.0910 465.7201 -80.5034 0.0000 0.0000
390.03 15.07.2018 11.30.01 19.98681 299.2983 23.2055 0.0707 0.0707 0.0000 392.6000 196.3000 394.9597 466.9162 -79.5206 0.0000 0.0000
400.03 15.07.2018 11.40.01 20.00298 299.4015 23.9155 0.0729 0.0729 0.0000 393.2939 196.6469 396.1192 468.2086 -78.2099 0.0000 0.0000
410.03 15.07.2018 11.50.01 20.01949 299.5145 25.6619 0.0782 0.0782 0.0000 391.4854 195.7427 397.0095 469.4922 -77.4563 0.0000 0.0000
420.03 15.07.2018 12.00.01 20.03738 299.6367 27.0004 0.0823 0.0823 0.0000 387.0015 193.5008 397.5720 470.5573 -77.0504 0.0000 0.0000
430.03 15.07.2018 12.10.01 20.05572 299.7633 28.7007 0.0875 0.0875 0.0000 387.0904 193.5452 398.8160 470.7363 -83.6493 0.0000 0.0000
440.03 15.07.2018 12.20.01 20.07546 299.8844 29.7649 0.0907 0.0907 0.0000 388.7609 194.3804 399.4973 470.6136 -90.0821 0.0000 0.0000
450.03 15.07.2018 12.30.01 20.09564 299.9942 31.7215 0.0967 0.0967 0.0000 394.8496 197.4248 399.8757 470.3225 -95.9254 0.0000 0.0000
460.03 15.07.2018 12.40.01 20.11736 300.0689 32.1013 0.0979 0.0979 0.0000 400.1033 200.0516 400.2621 470.5964 -95.9972 0.0000 0.0000
470.03 15.07.2018 12.50.01 20.13937 300.1888 34.0640 0.1039 0.1039 0.0000 403.7054 201.8527 400.3917 471.0608 -95.6406 0.0000 0.0000
480.03 15.07.2018 13.00.01 20.16265 300.3241 34.8944 0.1064 0.1064 0.0000 408.3061 204.1530 400.7987 471.6555 -95.4536 0.0000 0.0000
490.03 15.07.2018 13.10.01 20.18649 300.3906 36.2060 0.1104 0.1104 0.0000 409.2625 204.6312 400.8697 472.6745 -92.2238 0.0000 0.0000
500.03 15.07.2018 13.20.01 20.21118 300.4584 37.6238 0.1147 0.1147 0.0000 409.0137 204.5068 400.8258 473.6795 -89.9996 0.0000 0.0000
510.03 15.07.2018 13.30.01 20.23684 300.5267 38.4468 0.1172 0.1172 0.0000 405.6617 202.8308 400.3442 474.5827 -88.1763 0.0000 0.0000
520.03 15.07.2018 13.40.01 20.26281 300.5947 40.3801 0.1231 0.1231 0.0000 403.7621 201.8810 399.9039 475.4016 -86.4479 0.0000 0.0000
530.03 15.07.2018 13.50.01 20.29031 300.6583 40.6795 0.1240 0.1240 0.0000 402.4080 201.2040 399.5776 476.2262 -84.8301 0.0000 0.0000
540.03 15.07.2018 14.00.01 20.31783 300.7220 42.4342 0.1294 0.1294 0.0000 397.3932 198.6966 398.8839 476.9459 -83.0567 0.0000 0.0000
550.03 15.07.2018 14.10.01 20.34658 300.7873 43.1634 0.1316 0.1316 0.0000 384.2820 192.1410 399.1427 477.7612 -77.2839 0.0000 0.0000
560.03 15.07.2018 14.20.01 20.37594 300.8651 44.1092 0.1345 0.1345 0.0000 368.4558 184.2279 399.1712 478.3898 -71.0600 0.0000 0.0000
570.03 15.07.2018 14.30.01 20.40530 300.9593 45.9421 0.1401 0.1401 0.0000 351.6270 175.8135 399.0549 478.7653 -65.1261 0.0000 0.0000
580.03 15.07.2018 14.40.01 20.43643 301.0429 46.3365 0.1413 0.1413 0.0000 331.7658 165.8829 398.7048 478.7914 -59.5342 0.0000 0.0000
590.03 15.07.2018 14.50.01 20.46761 301.1259 47.3746 0.1444 0.1444 0.0000 312.8778 156.4389 398.5283 478.4384 -54.5258 0.0000 0.0000
600.03 15.07.2018 15.00.01 20.49932 301.1948 48.7410 0.1486 0.1486 0.0000 292.3306 146.1653 398.1586 477.6960 -50.1865 0.0000 0.0000
610.03 15.07.2018 15.10.01 20.53185 301.2809 49.6207 0.1513 0.1513 0.0000 280.8005 140.4003 397.0629 476.5014 -49.1899 0.0000 0.0000
620.03 15.07.2018 15.20.01 20.56481 301.3149 50.8072 0.1549 0.1549 0.0000 271.8902 135.9451 396.4246 475.1225 -48.5652 0.0000 0.0000
630.03 15.07.2018 15.30.01 20.59866 301.2305 51.4204 0.1568 0.1568 0.0000 262.8443 131.4221 395.6558 473.5699 -48.4719 0.0000 0.0000
640.03 15.07.2018 15.40.01 20.63296 301.1869 52.2861 0.1594 0.1594 0.0000 251.6763 125.8381 394.6579 471.7705 -48.3125 0.0000 0.0000
650.03 15.07.2018 15.50.01 20.66775 301.1693 53.1548 0.1621 0.1621 0.0000 241.4177 120.7088 393.7292 469.7257 -48.0276 0.0000 0.0000
660.03 15.07.2018 16.00.01 20.70318 301.2048 53.7081 0.1637 0.1637 0.0000 230.6761 115.3380 392.7744 467.5664 -47.0891 0.0000 0.0000
670.03 15.07.2018 16.10.01 20.73889 300.8915 54.6390 0.1666 0.1666 0.0000 220.5964 110.2982 390.6520 465.5867 -43.1621 0.0000 0.0000
680.03 15.07.2018 16.20.01 20.77526 300.5793 55.0829 0.1679 0.1679 0.0000 210.6972 105.3486 388.5463 463.3482 -41.4776 0.0000 0.0000
690.03 15.07.2018 16.30.01 20.81188 300.3008 55.6939 0.1698 0.1698 0.0000 201.1569 100.5784 386.4332 460.6601 -42.6881 0.0000 0.0000
700.03 15.07.2018 16.40.01 20.84881 300.0714 56.3693 0.1719 0.1719 0.0000 195.0598 97.5299 384.3018 457.6321 -45.1701 0.0000 0.0000
710.03 15.07.2018 16.50.01 20.88632 299.8438 56.5252 0.1723 0.1723 0.0000 188.5885 94.2943 382.0590 454.4699 -47.1382 0.0000 0.0000
720.03 15.07.2018 17.00.01 20.92385 299.5848 57.1447 0.1742 0.1742 0.0000 181.6843 90.8421 379.7224 451.1757 -48.4140 0.0000 0.0000
730.03 15.07.2018 17.10.01 20.96157 299.3401 57.7291 0.1760 0.1760 0.0000 175.7405 87.8703 377.9211 448.3135 -44.8510 0.0000 0.0000
740.03 15.07.2018 17.20.01 20.99975 299.1047 57.7706 0.1761 0.1761 0.0000 169.4730 84.7365 376.1558 445.5883 -42.1043 0.0000 0.0000
750.03 15.07.2018 17.30.01 21.03805 298.8714 57.7675 0.1761 0.1761 0.0000 162.8726 81.4363 374.4047 442.9235 -39.7965 0.0000 0.0000
760.03 15.07.2018 17.40.01 21.07641 298.6382 57.7631 0.1761 0.1761 0.0000 154.5944 77.2972 372.6984 440.2708 -37.6547 0.0000 0.0000
770.03 15.07.2018 17.50.01 21.11474 298.4103 57.7803 0.1762 0.1762 0.0000 145.8724 72.9362 371.0077 437.5887 -35.6001 0.0000 0.0000
780.03 15.07.2018 18.00.01 21.15307 298.1830 57.7463 0.1761 0.1761 0.0000 136.7984 68.3992 369.3226 434.8810 -33.6032 0.0000 0.0000
790.03 15.07.2018 18.10.01 21.19122 297.6560 57.7567 0.1761 0.1761 0.0000 122.1105 61.0553 367.5844 431.8614 -33.0929 0.0000 0.0000
800.03 15.07.2018 18.20.01 21.22930 297.1225 57.7313 0.1760 0.1760 0.0000 106.6252 53.3126 365.6943 428.5182 -32.1905 0.0000 0.0000
810.03 15.07.2018 18.30.01 21.26718 296.5907 57.7299 0.1760 0.1760 0.0000 90.7749 45.3875 363.7756 424.9385 -31.0700 0.0000 0.0000
820.03 15.07.2018 18.40.01 21.30477 296.0599 57.6725 0.1758 0.1758 0.0000 66.9108 33.4554 361.8362 420.9872 -29.5641 0.0000 0.0000
830.03 15.07.2018 18.50.01 21.34234 295.5265 57.0690 0.1740 0.1740 0.0000 42.2500 21.1250 359.8159 416.5683 -27.5606 0.0000 0.0000
840.03 15.07.2018 19.00.01 21.37963 294.9923 56.3081 0.1717 0.1717 0.0000 17.2408 8.6204 357.7764 411.8238 -25.1568 0.0000 0.0000
850.03 15.07.2018 19.10.01 21.41625 294.3573 56.0101 0.1708 0.1708 0.0000 13.9408 6.9704 355.8196 407.3020 -22.5922 0.0000 0.0000
860.03 15.07.2018 19.20.01 21.45287 293.7384 54.9710 0.1676 0.1676 0.0000 11.7047 5.8523 354.0468 403.3445 -20.8760 0.0000 0.0000
870.03 15.07.2018 19.30.01 21.48861 293.1359 54.6444 0.1666 0.1666 0.0000 9.6768 4.8384 352.3606 399.6682 -19.4355 0.0000 0.0000
880.03 15.07.2018 19.40.01 21.52426 292.5573 53.5338 0.1632 0.1632 0.0000 6.5739 3.2870 350.7109 396.1616 -18.6370 0.0000 0.0000
890.03 15.07.2018 19.50.01 21.55905 291.9739 52.8230 0.1610 0.1610 0.0000 3.4416 1.7208 349.0826 392.8070 -17.8151 0.0000 0.0000
900.03 15.07.2018 20.00.01 21.59335 291.3866 51.8301 0.1580 0.1580 0.0000 0.3063 0.1532 347.4760 389.5941 -17.0779 0.0000 0.0000
910.03 15.07.2018 20.10.01 21.62698 290.9635 50.6598 0.1545 0.1545 0.0000 0.0548 0.0274 345.8644 386.6147 -15.9015 0.0000 0.0000
920.03 15.07.2018 20.20.01 21.65994 290.5551 49.3921 0.1506 0.1506 0.0000 0.0100 0.0050 344.3404 383.8790 -14.8929 0.0000 0.0000
930.03 15.07.2018 20.30.01 21.69198 290.1607 48.2369 0.1471 0.1471 0.0000 0.0018 0.0009 342.8548 381.3316 -13.9930 0.0000 0.0000
940.03 15.07.2018 20.40.01 21.72323 289.8049 47.0287 0.1434 0.1434 0.0000 0.0003 0.0002 341.3924 378.9204 -13.4840 0.0000 0.0000
950.03 15.07.2018 20.50.01 21.75363 289.4448 45.6759 0.1393 0.1393 0.0000 0.0001 0.0000 339.9487 376.6483 -13.0115 0.0000 0.0000
960.03 15.07.2018 21.00.01 21.78317 289.0439 44.2492 0.1349 0.1349 0.0000 0.0000 0.0000 338.5290 374.4660 -12.9145 0.0000 0.0000
970.03 15.07.2018 21.10.01 21.81173 288.8954 42.7843 0.1304 0.1304 0.0000 0.0000 0.0000 337.2825 372.3913 -12.5008 0.0000 0.0000
980.03 15.07.2018 21.20.01 21.83935 287.8501 41.2919 0.1259 0.1259 0.0000 0.0000 0.0000 335.9025 370.2654 -15.2733 0.0000 0.0000
990.03 15.07.2018 21.30.01 21.86599 287.3680 39.6703 0.1209 0.1209 0.0000 0.0000 0.0000 334.7799 367.8500 -19.3001 0.0000 0.0000
1000.03 15.07.2018 21.40.01 21.89156 287.3450 38.1451 0.1163 0.1163 0.0000 0.0000 0.0000 333.6052 366.2026 -13.2971 0.0000 0.0000
1010.03 15.07.2018 21.50.01 21.91607 287.2270 36.5805 0.1115 0.1115 0.0000 0.0000 0.0000 332.3098 364.5768 -12.4313 0.0000 0.0000
1020.03 15.07.2018 22.00.01 21.93954 287.3056 35.0073 0.1067 0.1067 0.0000 0.0000 0.0000 331.2515 362.9118 -12.1207 0.0000 0.0000
1030.03 15.07.2018 22.10.01 21.96194 287.3253 33.3326 0.1016 0.1016 0.0000 0.0000 0.0000 330.5412 361.5130 -10.5158 0.0000 0.0000
1040.03 15.07.2018 22.20.01 21.98324 286.9205 31.6734 0.0966 0.0966 0.0000 0.0000 0.0000 329.8200 360.0242 -11.1982 0.0000 0.0000
1050.03 15.07.2018 22.30.01 22.00353 286.7114 29.8802 0.0911 0.0911 0.0000 0.0000 0.0000 329.1042 358.6652 -10.9788 0.0000 0.0000
1060.03 15.07.2018 22.40.01 22.02258 286.4844 28.2818 0.0862 0.0862 0.0000 0.0000 0.0000 328.4045 357.3603 -10.8843 0.0000 0.0000
1070.03 15.07.2018 22.50.01 22.04055 286.2677 26.6609 0.0813 0.0813 0.0000 0.0000 0.0000 327.7255 356.1110 -10.7936 0.0000 0.0000
1080.03 15.07.2018 23.00.01 22.05743 286.0629 24.9435 0.0760 0.0760 0.0000 0.0000 0.0000 327.0556 354.9153 -10.6885 0.0000 0.0000
1090.03 15.07.2018 23.10.01 22.07324 285.6984 23.1620 0.0706 0.0706 0.0000 0.0000 0.0000 326.6820 353.8561 -9.7482 0.0000 0.0000
1100.03 15.07.2018 23.20.01 22.08792 285.4163 21.4616 0.0654 0.0654 0.0000 0.0000 0.0000 326.1706 352.7348 -10.8278 0.0000 0.0000
1110.03 15.07.2018 23.30.01 22.10140 285.2277 19.8609 0.0606 0.0606 0.0000 0.0000 0.0000 325.5281 351.5171 -12.6086 0.0000 0.0000
1120.03 15.07.2018 23.40.01 22.11385 285.2794 18.2194 0.0555 0.0555 0.0000 0.0000 0.0000 325.1727 350.6628 -9.5294 0.0000 0.0000
1130.03 15.07.2018 23.50.01 22.12521 285.3261 16.5333 0.0504 0.0504 0.0000 0.0000 0.0000 324.6383 349.9089 -7.8884 0.0000 0.0000
1140.03 16.07.2018 00.00.01 22.13549 285.4250 14.8411 0.0452 0.0452 0.0000 0.0000 0.0000 324.1098 349.2108 -7.0740 0.0000 0.0000
1150.03 16.07.2018 00.10.01 22.14471 285.4523 13.1970 0.0402 0.0402 0.0000 0.0000 0.0000 323.6899 348.5429 -6.0945 0.0000 0.0000
1160.03 16.07.2018 00.20.01 22.15280 285.4322 11.6379 0.0355 0.0355 0.0000 0.0000 0.0000 323.3778 347.9158 -5.5162 0.0000 0.0000
1170.03 16.07.2018 00.30.01 22.15988 285.4031 10.0754 0.0307 0.0307 0.0000 0.0000 0.0000 323.1131 347.3273 -5.0722 0.0000 0.0000
1180.03 16.07.2018 00.40.01 22.16589 285.3894 8.5358 0.0260 0.0260 0.0000 0.0000 0.0000 322.8419 346.7817 -4.6023 0.0000 0.0000
1190.03 16.07.2018 00.50.01 22.17092 285.3645 7.0141 0.0214 0.0214 0.0000 0.0000 0.0000 322.5857 346.2661 -4.2260 0.0000 0.0000
1200.03 16.07.2018 01.00.01 22.17492 285.3433 5.5052 0.0168 0.0168 0.0000 0.0000 0.0000 322.3279 345.7800 -3.8712 0.0000 0.0000
1210.03 16.07.2018 01.10.01 22.17794 285.3141 4.0321 0.0123 0.0123 0.0000 0.0000 0.0000 321.9532 345.3436 -3.1791 0.0000 0.0000
1220.03 16.07.2018 01.20.01 22.18002 285.2557 2.5752 0.0079 0.0079 0.0000 0.0000 0.0000 321.5664 344.9061 -2.9771 0.0000 0.0000
1230.03 16.07.2018 01.30.01 22.18115 285.1567 1.1196 0.0034 0.0034 0.0000 0.0000 0.0000 321.1469 344.4411 -3.0838 0.0000 0.0000
1240.03 16.07.2018 01.40.01 22.18133 285.1388 -0.2481 -0.0008 -0.0008 0.0000 0.0000 0.0000 320.7719 344.0098 -2.7358 0.0000 0.0000
1250.03 16.07.2018 01.50.01 22.18063 285.1860 -1.6481 -0.0050 -0.0050 0.0000 0.0000 0.0000 320.3896 343.6202 -2.1518 0.0000 0.0000
1260.03 16.07.2018 02.00.01 22.17901 285.2484 -2.9244 -0.0089 -0.0089 0.0000 0.0006 0.0003 319.9905 343.2612 -1.5235 0.0000 0.0000
1270.03 16.07.2018 02.10.01 22.17651 285.0855 -4.1874 -0.0128 -0.0128 0.0000 0.3359 0.1680 319.6963 342.9063 -1.6616 0.0000 0.0000
1280.03 16.07.2018 02.20.01 22.17321 284.2619 -5.4616 -0.0167 -0.0167 0.0000 0.7240 0.3620 319.1882 342.2216 -5.3026 0.0000 0.0000
1290.03 16.07.2018 02.30.01 22.16909 283.9919 -6.7088 -0.0205 -0.0205 0.0000 1.1189 0.5594 318.7761 341.4634 -7.6067 0.0000 0.0000
1300.03 16.07.2018 02.40.01 22.16418 284.1163 -7.9690 -0.0243 -0.0243 0.0000 1.5153 0.7577 318.5710 341.0790 -4.5445 0.0000 0.0000
1310.03 16.07.2018 02.50.01 22.15850 284.2660 -9.1763 -0.0280 -0.0280 0.0000 1.9120 0.9560 318.1545 340.7365 -3.7696 0.0000 0.0000
1320.03 16.07.2018 03.00.01 22.15209 284.1919 -10.4586 -0.0319 -0.0319 0.0000 2.3117 1.1559 317.6968 340.2500 -4.6035 0.0000 0.0000
1330.03 16.07.2018 03.10.01 22.14477 284.3454 -11.3746 -0.0347 -0.0347 0.0000 4.5315 2.2657 317.5515 339.9731 -3.2071 0.0000 0.0000
1340.03 16.07.2018 03.20.01 22.13677 284.5006 -12.3698 -0.0377 -0.0377 0.0000 7.0376 3.5188 317.5609 339.8536 -2.0456 0.0000 0.0000
1350.03 16.07.2018 03.30.01 22.12811 284.6630 -13.4543 -0.0410 -0.0410 0.0000 9.5810 4.7905 317.6376 339.8593 -1.0092 0.0000 0.0000
1360.03 16.07.2018 03.40.01 22.11886 284.8273 -14.6641 -0.0447 -0.0447 0.0000 12.1327 6.0663 317.7554 339.9715 -0.1035 0.0000 0.0000
1370.03 16.07.2018 03.50.01 22.10879 284.9960 -15.5809 -0.0475 -0.0475 0.0000 14.6857 7.3428 317.9058 340.1793 0.7049 0.0000 0.0000
1380.03 16.07.2018 04.00.01 22.09805 285.1703 -16.3435 -0.0498 -0.0498 0.0000 17.2385 8.6192 318.0829 340.4728 1.4364 0.0000 0.0000
1390.03 16.07.2018 04.10.01 22.08682 285.8253 -17.4561 -0.0532 -0.0532 0.0000 19.5510 9.7755 319.7182 341.0468 3.7347 0.0000 0.0000
1400.03 16.07.2018 04.20.01 22.07491 286.4808 -18.4082 -0.0561 -0.0561 0.0000 21.8256 10.9128 321.4088 341.8701 6.3946 0.0000 0.0000
1410.03 16.07.2018 04.30.01 22.06234 287.2755 -19.0615 -0.0581 -0.0581 0.0000 24.0954 12.0477 322.9750 343.1593 11.8727 0.0000 0.0000
1420.03 16.07.2018 04.40.01 22.04943 288.0701 -20.2170 -0.0616 -0.0616 0.0000 26.3640 13.1820 324.7219 344.4085 12.5419 0.0000 0.0000
1430.03 16.07.2018 04.50.01 22.03573 288.8655 -20.7597 -0.0633 -0.0633 0.0000 28.6324 14.3162 326.4972 345.7727 13.9634 0.0000 0.0000
1440.03 16.07.2018 05.00.01 22.02166 289.7025 -21.5813 -0.0658 -0.0658 0.0000 31.9948 15.9974 328.5594 347.4783 17.5621 0.0000 0.0000
1450.03 16.07.2018 05.10.01 22.00701 290.3246 -22.1787 -0.0676 -0.0676 0.0000 34.6038 17.3019 330.3593 349.3239 19.7468 0.0000 0.0000
1460.03 16.07.2018 05.20.01 21.99212 291.0876 -22.9835 -0.0701 -0.0701 0.0000 43.5520 21.7760 333.9794 351.6278 23.2411 0.0000 0.0000
1470.03 16.07.2018 05.30.01 21.97659 291.8604 -23.3722 -0.0713 -0.0713 0.0000 56.8111 28.4056 338.9995 354.6033 26.5534 0.0000 0.0000
1480.03 16.07.2018 05.40.01 21.96102 292.4671 -24.3751 -0.0743 -0.0743 0.0000 95.9621 47.9810 345.3680 358.6961 27.5060 0.0000 0.0000
1490.03 16.07.2018 05.50.01 21.94470 293.0860 -24.3932 -0.0744 -0.0744 0.0000 99.3979 49.6990 348.8897 363.3975 27.9397 0.0000 0.0000
1500.03 16.07.2018 06.00.01 21.92822 293.7161 -24.8605 -0.0758 -0.0758 0.0000 156.4687 78.2344 351.2556 368.5878 26.4744 0.0000 0.0000
1510.03 16.07.2018 06.10.01 21.91174 294.0834 -25.4967 -0.0777 -0.0777 0.0000 153.6287 76.8143 353.0077 373.8505 19.5818 0.0000 0.0000
1520.03 16.07.2018 06.20.01 21.89498 294.4464 -25.7140 -0.0784 -0.0784 0.0000 152.4077 76.2038 354.9469 377.9294 15.2593 0.0000 0.0000
1530.03 16.07.2018 06.30.01 21.87808 294.8119 -25.7065 -0.0784 -0.0784 0.0000 218.3284 109.1642 356.7115 382.9118 9.3852 0.0000 0.0000
1540.03 16.07.2018 06.40.01 21.86123 295.1849 -25.7311 -0.0784 -0.0784 0.0000 216.4249 108.2124 358.5814 388.4247 2.8161 0.0000 0.0000
1550.03 16.07.2018 06.50.01 21.84442 295.5464 -25.7226 -0.0784 -0.0784 0.0000 221.9386 110.9693 360.3538 392.7937 -1.5368 0.0000 0.0000
1560.03 16.07.2018 07.00.01 21.82781 295.9113 -25.7021 -0.0784 -0.0784 0.0000 229.2611 114.6305 362.0926 396.9769 -5.5470 0.0000 0.0000
1570.03 16.07.2018 07.10.01 21.81133 296.2344 -25.5231 -0.0778 -0.0778 0.0000 237.3430 118.6715 363.9640 400.9523 -9.5910 0.0000 0.0000
1580.03 16.07.2018 07.20.01 21.79485 296.5605 -24.8256 -0.0757 -0.0757 0.0000 245.5510 122.7755 365.9651 404.7779 -13.2777 0.0000 0.0000
1590.03 16.07.2018 07.30.01 21.77877 296.8877 -24.3164 -0.0741 -0.0741 0.0000 252.8856 126.4428 367.9233 408.4725 -16.4473 0.0000 0.0000
1600.03 16.07.2018 07.40.01 21.76318 297.2147 -23.9713 -0.0731 -0.0731 0.0000 261.4449 130.7224 370.1121 412.0996 -19.1542 0.0000 0.0000
1610.03 16.07.2018 07.50.01 21.74783 297.5453 -22.8404 -0.0696 -0.0696 0.0000 269.2357 134.6178 372.1792 415.7110 -21.4332 0.0000 0.0000
1620.03 16.07.2018 08.00.01 21.73318 297.8770 -22.0920 -0.0674 -0.0674 0.0000 331.8207 165.9104 374.1441 420.3930 -24.7938 0.0000 0.0000
1630.03 16.07.2018 08.10.01 21.71911 298.0300 -21.2274 -0.0647 -0.0647 0.0000 337.7585 168.8792 375.7539 425.7245 -30.3030 0.0000 0.0000
1640.03 16.07.2018 08.20.01 21.70562 298.1849 -20.0096 -0.0610 -0.0610 0.0000 343.0028 171.5014 377.2417 429.9889 -34.5511 0.0000 0.0000
1650.03 16.07.2018 08.30.01 21.69280 298.3453 -18.7840 -0.0573 -0.0573 0.0000 348.0221 174.0111 378.7196 433.9401 -38.3954 0.0000 0.0000
1660.03 16.07.2018 08.40.01 21.68090 298.5127 -17.5760 -0.0536 -0.0536 0.0000 353.1370 176.5685 380.0509 437.7832 -40.4710 0.0000 0.0000
1670.03 16.07.2018 08.50.01 21.66982 298.6882 -16.3930 -0.0500 -0.0500 0.0000 358.1029 179.0514 381.4114 441.4926 -42.1569 0.0000 0.0000
1680.03 16.07.2018 09.00.01 21.65960 298.8628 -15.0309 -0.0458 -0.0458 0.0000 361.9565 180.9783 382.8346 445.0470 -43.6466 0.0000 0.0000
1690.03 16.07.2018 09.10.01 21.65023 299.0047 -13.5136 -0.0412 -0.0412 0.0000 367.4554 183.7277 384.1788 448.3008 -46.5555 0.0000 0.0000
1700.03 16.07.2018 09.20.01 21.64187 299.1338 -11.9570 -0.0365 -0.0365 0.0000 373.8222 186.9111 385.6712 451.3756 -49.6659 0.0000 0.0000
1710.03 16.07.2018 09.30.01 21.63452 299.2526 -10.3352 -0.0315 -0.0315 0.0000 378.4834 189.2417 387.1160 454.1939 -53.3760 0.0000 0.0000
1720.03 16.07.2018 09.40.01 21.62829 299.3785 -8.7493 -0.0267 -0.0267 0.0000 384.5012 192.2506 388.6009 456.9258 -55.8940 0.0000 0.0000
1730.03 16.07.2018 09.50.01 21.62313 299.4988 -7.1437 -0.0218 -0.0218 0.0000 393.0301 196.5150 390.4365 459.6198 -58.8362 0.0000 0.0000
1740.03 16.07.2018 10.00.01 21.61907 299.6254 -5.4093 -0.0165 -0.0165 0.0000 397.3680 198.6840 391.8961 462.1768 -62.0815 0.0000 0.0000
1750.03 16.07.2018 10.10.01 21.61611 299.8012 -3.5581 -0.0108 -0.0108 0.0000 399.9966 199.9983 394.0030 464.3627 -66.3165 0.0000 0.0000
1760.03 16.07.2018 10.20.01 21.61440 299.9656 -1.8682 -0.0057 -0.0057 0.0000 398.4512 199.2256 395.7057 466.1924 -70.3616 0.0000 0.0000
1770.03 16.07.2018 10.30.01 21.61385 300.1153 -0.0314 -0.0001 -0.0001 0.0000 393.6016 196.8008 396.6712 467.4577 -74.5185 0.0000 0.0000
1780.03 16.07.2018 10.40.01 21.61447 300.2482 1.8711 0.0057 0.0057 0.0000 394.6671 197.3336 398.3618 468.8477 -74.5220 0.0000 0.0000
1790.03 16.07.2018 10.50.01 21.61630 300.3661 3.6771 0.0112 0.0112 0.0000 392.4813 196.2406 399.8522 470.3099 -75.0203 0.0000 0.0000
1800.03 16.07.2018 11.00.01 21.61968 300.5178 5.0557 0.0154 0.0154 0.0000 389.1845 194.5922 401.2195 471.5308 -75.4780 0.0000 0.0000
1810.03 16.07.2018 11.10.01 21.62393 300.6421 7.0309 0.0214 0.0214 0.0000 392.9354 196.4677 402.5775 474.8899 -59.0926 0.0000 0.0000
1820.03 16.07.2018 11.20.01 21.62942 300.7664 9.0999 0.0277 0.0277 0.0000 396.2021 198.1011 403.8170 478.2042 -53.9114 0.0000 0.0000
1830.03 16.07.2018 11.30.01 21.63638 300.7969 10.5663 0.0322 0.0322 0.0000 399.0265 199.5132 404.4325 479.5529 -67.0647 0.0000 0.0000
1840.03 16.07.2018 11.40.01 21.64419 300.9283 12.7638 0.0389 0.0389 0.0000 405.0329 202.5165 406.3332 480.9313 -73.0118 0.0000 0.0000
1850.03 16.07.2018 11.50.01 21.65338 301.1907 14.5977 0.0445 0.0445 0.0000 408.3632 204.1816 407.6088 482.3076 -76.3022 0.0000 0.0000
1860.03 16.07.2018 12.00.01 21.66396 301.4334 16.1933 0.0494 0.0494 0.0000 409.1546 204.5773 407.9883 482.9512 -83.4584 0.0000 0.0000
1870.03 16.07.2018 12.10.01 21.67544 301.5701 18.1875 0.0554 0.0554 0.0000 407.9904 203.9952 408.7598 483.9273 -83.1546 0.0000 0.0000
1880.03 16.07.2018 12.20.01 21.68829 301.6831 20.0379 0.0611 0.0611 0.0000 405.8051 202.9026 408.7255 484.7034 -83.4875 0.0000 0.0000
1890.03 16.07.2018 12.30.01 21.70242 301.7696 21.5025 0.0656 0.0656 0.0000 407.3801 203.6900 408.3625 485.2931 -84.5578 0.0000 0.0000
1900.03 16.07.2018 12.40.01 21.71737 301.8802 23.7027 0.0723 0.0723 0.0000 407.8124 203.9062 407.7628 485.8122 -85.3239 0.0000 0.0000
1910.03 16.07.2018 12.50.01 21.73388 301.9902 25.0064 0.0762 0.0762 0.0000 406.5029 203.2515 406.8972 486.1447 -86.0017 0.0000 0.0000
1920.03 16.07.2018 13.00.01 21.75137 302.0901 26.7727 0.0816 0.0816 0.0000 405.8127 202.9064 406.1760 486.3467 -86.4188 0.0000 0.0000
1930.03 16.07.2018 13.10.01 21.76971 302.1123 28.7056 0.0875 0.0875 0.0000 399.7744 199.8872 406.0084 486.5976 -84.4970 0.0000 0.0000
1940.03 16.07.2018 13.20.01 21.78961 302.1131 30.0625 0.0917 0.0917 0.0000 388.0000 194.0000 405.3064 486.5291 -82.3499 0.0000 0.0000
1950.03 16.07.2018 13.30.01 21.81002 302.1023 32.0941 0.0978 0.0978 0.0000 377.7860 188.8930 404.8562 486.1769 -80.1232 0.0000 0.0000
1960.03 16.07.2018 13.40.01 21.83203 302.1004 33.4370 0.1019 0.1019 0.0000 365.0442 182.5221 404.2647 485.6169 -77.6635 0.0000 0.0000
1970.03 16.07.2018 13.50.01 21.85470 302.0937 34.9773 0.1066 0.1066 0.0000 351.6255 175.8128 403.6817 484.7809 -75.1503 0.0000 0.0000
1980.03 16.07.2018 14.00.01 21.87853 302.0934 36.5170 0.1113 0.1113 0.0000 335.7824 167.8912 402.9487 483.6458 -72.5131 0.0000 0.0000
1990.03 16.07.2018 14.10.01 21.90328 302.0732 37.7548 0.1151 0.1151 0.0000 325.2719 162.6359 401.6969 481.9812 -72.9886 0.0000 0.0000
2000.03 16.07.2018 14.20.01 21.92895 302.0507 39.1096 0.1192 0.1192 0.0000 315.6862 157.8431 400.4565 480.1273 -73.2030 0.0000 0.0000
2010.03 16.07.2018 14.30.01 21.95550 302.0206 40.4205 0.1232 0.1232 0.0000 305.7436 152.8718 399.2151 478.0867 -73.1035 0.0000 0.0000
2020.03 16.07.2018 14.40.01 21.98300 302.0014 41.3415 0.1260 0.1260 0.0000 294.4998 147.2499 397.9788 475.9147 -72.0660 0.0000 0.0000
2030.03 16.07.2018 14.50.01 22.01098 301.9559 43.1484 0.1316 0.1316 0.0000 283.7427 141.8713 396.7755 473.6028 -70.8697 0.0000 0.0000
2040.03 16.07.2018 15.00.01 22.04031 301.8792 43.3481 0.1322 0.1322 0.0000 272.1997 136.0999 395.5266 471.1499 -69.6802 0.0000 0.0000
2050.03 16.07.2018 15.10.01 22.06942 301.8054 45.1178 0.1376 0.1376 0.0000 268.8893 134.4447 393.9020 469.1058 -66.5740 0.0000 0.0000
2060.03 16.07.2018 15.20.01 22.09960 301.7582 46.1990 0.1409 0.1409 0.0000 267.2455 133.6227 392.6160 467.3567 -63.3383 0.0000 0.0000
2070.03 16.07.2018 15.30.01 22.13049 301.7188 47.0117 0.1433 0.1433 0.0000 265.5934 132.7967 391.4150 465.7914 -61.1953 0.0000 0.0000
2080.03 16.07.2018 15.40.01 22.16180 301.6801 48.0388 0.1465 0.1465 0.0000 264.6638 132.3319 390.1783 464.4499 -58.8047 0.0000 0.0000
2090.03 16.07.2018 15.50.01 22.19381 301.6447 48.6198 0.1482 0.1482 0.0000 264.5199 132.2600 389.0794 463.2769 -56.7837 0.0000 0.0000
2100.03 16.07.2018 16.00.01 22.22616 301.6185 49.3953 0.1506 0.1506 0.0000 263.7582 131.8791 388.0085 462.2377 -54.9841 0.0000 0.0000
2110.03 16.07.2018 16.10.01 22.25909 301.4918 49.7275 0.1516 0.1516 0.0000 250.4534 125.2267 386.9081 460.9308 -53.9647 0.0000 0.0000
2120.03 16.07.2018 16.20.01 22.29205 301.3514 50.5999 0.1543 0.1543 0.0000 236.3898 118.1949 385.6623 459.1346 -52.8400 0.0000 0.0000
2130.03 16.07.2018 16.30.01 22.32568 301.1826 50.8343 0.1550 0.1550 0.0000 222.3977 111.1989 384.3608 457.0432 -51.5794 0.0000 0.0000
2140.03 16.07.2018 16.40.01 22.35952 300.9820 51.1063 0.1558 0.1558 0.0000 211.3042 105.6521 382.9572 454.6444 -51.3763 0.0000 0.0000
2150.03 16.07.2018 16.50.01 22.39340 300.7649 51.5735 0.1572 0.1572 0.0000 199.4421 99.7211 381.4649 452.0664 -50.9248 0.0000 0.0000
2160.03 16.07.2018 17.00.01 22.42736 300.5426 52.1468 0.1590 0.1590 0.0000 186.9022 93.4511 379.9436 449.3176 -49.7999 0.0000 0.0000
2170.03 16.07.2018 17.10.01 22.46179 300.2710 52.1812 0.1591 0.1591 0.0000 177.3004 88.6502 378.5555 446.5189 -48.2765 0.0000 0.0000
2180.03 16.07.2018 17.20.01 22.49630 300.0048 52.1731 0.1591 0.1591 0.0000 167.4541 83.7270 377.1830 443.7415 -46.5344 0.0000 0.0000
2190.03 16.07.2018 17.30.01 22.53085 299.7410 52.2034 0.1592 0.1592 0.0000 157.2110 78.6055 375.8171 440.9391 -44.6345 0.0000 0.0000
2200.03 16.07.2018 17.40.01 22.56536 299.4800 52.1687 0.1591 0.1591 0.0000 144.1138 72.0569 374.4783 438.0699 -42.3559 0.0000 0.0000
2210.03 16.07.2018 17.50.01 22.59979 299.2190 52.1874 0.1591 0.1591 0.0000 130.3901 65.1951 373.1215 435.0947 -39.7505 0.0000 0.0000
2220.03 16.07.2018 18.00.01 22.63415 298.9567 52.1829 0.1591 0.1591 0.0000 116.2224 58.1112 371.7631 432.0448 -36.9366 0.0000 0.0000
2230.03 16.07.2018 18.10.01 22.66836 298.6140 52.1455 0.1590 0.1590 0.0000 102.9833 51.4917 370.1975 429.0660 -32.7586 0.0000 0.0000
2240.03 16.07.2018 18.20.01 22.70229 298.2581 52.1389 0.1590 0.1590 0.0000 89.3688 44.6844 368.6042 426.0872 -28.8003 0.0000 0.0000
2250.03 16.07.2018 18.30.01 22.73620 297.9017 51.7840 0.1579 0.1579 0.0000 75.5400 37.7700 367.0185 423.0640 -25.1620 0.0000 0.0000
2260.03 16.07.2018 18.40.01 22.77007 297.5183 50.9812 0.1554 0.1554 0.0000 55.9881 27.9940 365.4406 419.8519 -21.7523 0.0000 0.0000
2270.03 16.07.2018 18.50.01 22.80328 297.1391 50.7346 0.1547 0.1547 0.0000 35.8750 17.9375 363.8431 416.3700 -18.2495 0.0000 0.0000
2280.03 16.07.2018 19.00.01 22.83624 296.7064 50.1694 0.1530 0.1530 0.0000 15.5160 7.7580 362.2210 412.6333 -15.3179 0.0000 0.0000
2290.03 16.07.2018 19.10.01 22.86889 296.0074 49.3810 0.1506 0.1506 0.0000 12.3189 6.1595 360.7174 408.8868 -14.5470 0.0000 0.0000
2300.03 16.07.2018 19.20.01 22.90096 295.2462 48.8233 0.1489 0.1489 0.0000 10.1361 5.0681 359.3205 405.4579 -14.8708 0.0000 0.0000
2310.03 16.07.2018 19.30.01 22.93273 294.4980 47.9283 0.1461 0.1461 0.0000 8.1385 4.0693 357.9702 402.1595 -15.5136 0.0000 0.0000
2320.03 16.07.2018 19.40.01 22.96386 293.6913 47.1973 0.1439 0.1439 0.0000 5.5442 2.7721 356.6734 398.9622 -16.0541 0.0000 0.0000
2330.03 16.07.2018 19.50.01 22.99444 292.8233 46.2733 0.1411 0.1411 0.0000 2.9354 1.4677 355.4025 395.8135 -16.9870 0.0000 0.0000
2340.03 16.07.2018 20.00.01 23.02450 291.9798 45.1711 0.1377 0.1377 0.0000 0.3265 0.1633 354.1210 392.7256 -17.9122 0.0000 0.0000
2350.03 16.07.2018 20.10.01 23.05380 291.6846 44.1309 0.1345 0.1345 0.0000 0.0541 0.0270 355.1206 389.8792 -18.5039 0.0000 0.0000
2360.03 16.07.2018 20.20.01 23.08236 291.4820 43.1521 0.1316 0.1316 0.0000 0.0103 0.0051 356.2836 387.4296 -18.5516 0.0000 0.0000
2370.03 16.07.2018 20.30.01 23.11019 291.2993 41.9868 0.1280 0.1280 0.0000 0.0018 0.0009 357.4588 385.2795 -18.2919 0.0000 0.0000
2380.03 16.07.2018 20.40.01 23.13729 291.1196 40.7271 0.1242 0.1242 0.0000 0.0003 0.0002 358.6453 383.4430 -17.3807 0.0000 0.0000
2390.03 16.07.2018 20.50.01 23.16357 290.9493 39.3642 0.1200 0.1200 0.0000 0.0001 0.0000 359.8602 381.8419 -16.7965 0.0000 0.0000
2400.03 16.07.2018 21.00.01 23.18899 290.7866 38.0221 0.1159 0.1159 0.0000 0.0000 0.0000 361.0906 380.4404 -16.4658 0.0000 0.0000
2410.03 16.07.2018 21.10.01 23.21349 291.2404 36.6654 0.1118 0.1118 0.0000 0.0000 0.0000 360.9600 379.4636 -12.8899 0.0000 0.0000
2420.03 16.07.2018 21.20.01 23.23712 291.6966 35.2779 0.1076 0.1076 0.0000 0.0000 0.0000 360.9210 378.7891 -8.6788 0.0000 0.0000
2430.03 16.07.2018 21.30.01 23.25979 292.1522 33.8502 0.1032 0.1032 0.0000 0.0000 0.0000 360.9610 378.4235 -4.1962 0.0000 0.0000
2440.03 16.07.2018 21.40.01 23.28152 292.6118 32.4384 0.0989 0.0989 0.0000 0.0000 0.0000 361.0470 378.3440 0.3941 0.0000 0.0000
2450.03 16.07.2018 21.50.01 23.30230 293.0694 30.9963 0.0945 0.0945 0.0000 0.0000 0.0000 361.1791 378.5134 4.8561 0.0000 0.0000
2460.03 16.07.2018 22.00.01 23.32214 293.5231 29.5503 0.0901 0.0901 0.0000 0.0000 0.0000 361.3691 378.8976 9.0820 0.0000 0.0000
2470.03 16.07.2018 22.10.01 23.34100 293.1639 28.1021 0.0857 0.0857 0.0000 0.0000 0.0000 361.8415 378.6105 3.6798 0.0000 0.0000
2480.03 16.07.2018 22.20.01 23.35894 292.8648 26.6648 0.0813 0.0813 0.0000 0.0000 0.0000 362.0973 378.3335 1.6759 0.0000 0.0000
2490.03 16.07.2018 22.30.01 23.37591 292.4887 25.2706 0.0770 0.0770 0.0000 0.0000 0.0000 361.6935 377.8929 -0.9484 0.0000 0.0000
2500.03 16.07.2018 22.40.01 23.39199 292.1606 23.8796 0.0728 0.0728 0.0000 0.0000 0.0000 361.7615 377.4183 -2.0886 0.0000 0.0000
2510.03 16.07.2018 22.50.01 23.40713 292.0757 22.5070 0.0686 0.0686 0.0000 0.0000 0.0000 362.1681 377.0775 -1.7038 0.0000 0.0000
2520.03 16.07.2018 23.00.01 23.42141 291.9648 21.1573 0.0645 0.0645 0.0000 0.0000 0.0000 361.9979 376.7177 -2.4356 0.0000 0.0000
2530.03 16.07.2018 23.10.01 23.43481 291.8371 19.7959 0.0604 0.0604 0.0000 0.0000 0.0000 361.7433 376.3169 -2.7106 0.0000 0.0000
2540.03 16.07.2018 23.20.01 23.44735 291.7103 18.5645 0.0566 0.0566 0.0000 0.0000 0.0000 361.6176 375.9162 -2.9762 0.0000 0.0000
2550.03 16.07.2018 23.30.01 23.45907 291.5858 17.2465 0.0526 0.0526 0.0000 0.0000 0.0000 361.5326 375.5212 -3.2103 0.0000 0.0000
2560.03 16.07.2018 23.40.01 23.47000 291.4695 15.9683 0.0487 0.0487 0.0000 0.0000 0.0000 361.4847 375.1383 -3.3616 0.0000 0.0000
2570.03 16.07.2018 23.50.01 23.48007 291.3558 14.7354 0.0449 0.0449 0.0000 0.0000 0.0000 361.4570 374.7658 -3.5062 0.0000 0.0000
2580.03 17.07.2018 00.00.01 23.48928 291.2456 13.7374 0.0419 0.0419 0.0000 0.0000 0.0000 361.4405 374.4041 -3.6416 0.0000 0.0000
2590.03 17.07.2018 00.10.01 23.49783 291.2994 12.6024 0.0384 0.0384 0.0000 0.0000 0.0000 361.2066 374.1235 -2.9162 0.0000 0.0000
2600.03 17.07.2018 00.20.01 23.50561 291.3306 11.5103 0.0351 0.0351 0.0000 0.0000 0.0000 360.9948 373.8432 -2.5841 0.0000 0.0000
2610.03 17.07.2018 00.30.01 23.51275 291.3545 10.3631 0.0316 0.0316 0.0000 0.0000 0.0000 360.7840 373.5699 -2.3791 0.0000 0.0000
2620.03 17.07.2018 00.40.01 23.51916 291.3607 9.1265 0.0278 0.0278 0.0000 0.0000 0.0000 360.5841 373.3000 -2.2640 0.0000 0.0000
2630.03 17.07.2018 00.50.01 23.52471 291.3231 8.3557 0.0255 0.0255 0.0000 0.0000 0.0000 360.3452 373.0180 -2.2812 0.0000 0.0000
2640.03 17.07.2018 01.00.01 23.52975 291.3718 7.4543 0.0227 0.0227 0.0000 0.0000 0.0000 360.0431 372.7849 -1.7447 0.0000 0.0000
2650.03 17.07.2018 01.10.01 23.53420 291.2816 6.2219 0.0190 0.0190 0.0000 0.0000 0.0000 359.3107 372.5310 -1.4239 0.0000 0.0000
2660.03 17.07.2018 01.20.01 23.53787 291.1800 5.3934 0.0164 0.0164 0.0000 0.0000 0.0000 358.5754 372.2450 -1.3408 0.0000 0.0000
2670.03 17.07.2018 01.30.01 23.54095 291.0688 4.6558 0.0142 0.0142 0.0000 0.0000 0.0000 357.4211 371.8160 -2.3423 0.0000 0.0000
2680.03 17.07.2018 01.40.01 23.54357 291.0194 3.4749 0.0106 0.0106 0.0000 0.0000 0.0000 356.7413 371.4336 -1.7702 0.0000 0.0000
2690.03 17.07.2018 01.50.01 23.54540 291.0946 2.8063 0.0086 0.0086 0.0000 0.0000 0.0000 355.9626 371.1157 -0.7687 0.0000 0.0000
2700.03 17.07.2018 02.00.01 23.54681 291.1763 2.0025 0.0061 0.0061 0.0000 0.0006 0.0003 354.6511 370.8326 0.3022 0.0000 0.0000
2710.03 17.07.2018 02.10.01 23.54772 290.8433 0.8952 0.0027 0.0027 0.0000 0.3876 0.1938 351.6309 370.2077 -1.3706 0.0000 0.0000
2720.03 17.07.2018 02.20.01 23.54788 290.3922 0.4594 0.0014 0.0014 0.0000 0.8354 0.4177 348.6482 369.2823 -3.5944 0.0000 0.0000
2730.03 17.07.2018 02.30.01 23.54785 289.9863 -0.7409 -0.0023 -0.0023 0.0000 1.2911 0.6455 345.5851 368.1796 -5.3979 0.0000 0.0000
2740.03 17.07.2018 02.40.01 23.54696 289.6304 -1.1680 -0.0036 -0.0036 0.0000 1.7485 0.8743 342.6668 367.0319 -5.7980 0.0000 0.0000
2750.03 17.07.2018 02.50.01 23.54580 289.2783 -2.1127 -0.0064 -0.0064 0.0000 2.2062 1.1031 339.7562 365.8085 -6.1788 0.0000 0.0000
2760.03 17.07.2018 03.00.01 23.54397 288.9306 -2.6271 -0.0080 -0.0080 0.0000 2.6681 1.3340 336.7015 364.4485 -7.3122 0.0000 0.0000
2770.03 17.07.2018 03.10.01 23.54186 288.9093 -3.4758 -0.0106 -0.0106 0.0000 5.5680 2.7840 336.3676 363.3674 -5.6917 0.0000 0.0000
2780.03 17.07.2018 03.20.01 23.53915 288.8917 -4.1333 -0.0126 -0.0126 0.0000 8.8518 4.4259 336.2378 362.5821 -4.6263 0.0000 0.0000
2790.03 17.07.2018 03.30.01 23.53604 288.8760 -4.9200 -0.0150 -0.0150 0.0000 12.1855 6.0927 336.1891 361.9781 -3.8956 0.0000 0.0000
2800.03 17.07.2018 03.40.01 23.53237 288.8633 -5.5610 -0.0170 -0.0170 0.0000 15.5302 7.7651 336.2297 361.5372 -3.3064 0.0000 0.0000
2810.03 17.07.2018 03.50.01 23.52834 288.8530 -6.2949 -0.0192 -0.0192 0.0000 18.8767 9.4384 336.2788 361.2361 -2.9036 0.0000 0.0000
2820.03 17.07.2018 04.00.01 23.52377 288.8478 -7.0562 -0.0215 -0.0215 0.0000 22.2253 11.1127 336.3438 361.0550 -2.6476 0.0000 0.0000
2830.03 17.07.2018 04.10.01 23.51876 289.2314 -7.7104 -0.0235 -0.0235 0.0000 26.5955 13.2978 336.4484 361.2217 -0.0417 0.0000 0.0000
2840.03 17.07.2018 04.20.01 23.51327 289.6200 -8.4272 -0.0257 -0.0257 0.0000 31.1266 15.5633 336.6678 361.6439 2.3435 0.0000 0.0000
2850.03 17.07.2018 04.30.01 23.50738 290.0093 -9.0849 -0.0277 -0.0277 0.0000 35.6785 17.8393 336.9527 362.2848 4.5499 0.0000 0.0000
2860.03 17.07.2018 04.40.01 23.50097 290.3994 -9.8331 -0.0300 -0.0300 0.0000 40.2351 20.1176 337.2968 363.1179 6.5683 0.0000 0.0000
2870.03 17.07.2018 04.50.01 23.49420 290.7903 -10.4706 -0.0319 -0.0319 0.0000 44.7925 22.3962 337.6869 364.1247 8.4433 0.0000 0.0000
2880.03 17.07.2018 05.00.01 23.48687 291.1825 -11.0406 -0.0337 -0.0337 0.0000 49.8330 24.9165 338.2565 365.3023 10.1652 0.0000 0.0000
2890.03 17.07.2018 05.10.01 23.47933 291.5607 -11.8247 -0.0361 -0.0361 0.0000 52.8251 26.4126 339.3594 366.5852 11.3047 0.0000 0.0000
2900.03 17.07.2018 05.20.01 23.47112 291.9391 -12.1229 -0.0370 -0.0370 0.0000 60.1260 30.0630 341.7949 368.0804 12.1464 0.0000 0.0000
2910.03 17.07.2018 05.30.01 23.46288 292.3225 -13.0893 -0.0399 -0.0399 0.0000 70.4491 35.2246 345.1535 369.9716 12.3930 0.0000 0.0000
2920.03 17.07.2018 05.40.01 23.45397 292.7087 -13.2674 -0.0404 -0.0404 0.0000 82.7332 41.3666 349.4324 372.2726 11.8881 0.0000 0.0000
2930.03 17.07.2018 05.50.01 23.44482 293.0978 -13.6660 -0.0417 -0.0417 0.0000 104.2350 52.1175 352.0222 375.0542 10.4827 0.0000 0.0000
2940.03 17.07.2018 06.00.01 23.43566 293.4830 -14.5059 -0.0442 -0.0442 0.0000 152.3036 76.1518 353.9803 378.7744 6.8797 0.0000 0.0000
2950.03 17.07.2018 06.10.01 23.42590 293.7080 -14.6216 -0.0446 -0.0446 0.0000 153.7974 76.8987 355.8053 382.5919 1.5085 0.0000 0.0000
2960.03 17.07.2018 06.20.01 23.41589 293.9285 -14.7227 -0.0449 -0.0449 0.0000 155.8577 77.9289 357.6075 385.5897 -2.1327 0.0000 0.0000
2970.03 17.07.2018 06.30.01 23.40585 294.1493 -15.0430 -0.0459 -0.0459 0.0000 212.2669 106.1334 359.2124 389.3997 -7.3315 0.0000 0.0000
2980.03 17.07.2018 06.40.01 23.39578 294.3754 -15.4848 -0.0472 -0.0472 0.0000 213.6000 106.8000 360.8864 393.6874 -13.2928 0.0000 0.0000
2990.03 17.07.2018 06.50.01 23.38568 294.5967 -15.8438 -0.0483 -0.0483 0.0000 221.3921 110.6961 362.4424 397.0837 -17.7136 0.0000 0.0000
3000.03 17.07.2018 07.00.01 23.37548 294.8171 -15.9999 -0.0488 -0.0488 0.0000 230.3022 115.1511 363.9597 400.3616 -22.0494 0.0000 0.0000
3010.03 17.07.2018 07.10.01 23.36532 295.0363 -15.9768 -0.0487 -0.0487 0.0000 238.6413 119.3206 365.1006 403.3816 -26.9847 0.0000 0.0000
3020.03 17.07.2018 07.20.01 23.35522 295.2546 -15.7929 -0.0481 -0.0481 0.0000 247.1055 123.5527 366.2691 406.1802 -31.6445 0.0000 0.0000
3030.03 17.07.2018 07.30.01 23.34515 295.4728 -15.2850 -0.0466 -0.0466 0.0000 254.8707 127.4353 367.3057 408.7719 -36.2798 0.0000 0.0000
3040.03 17.07.2018 07.40.01 23.33514 295.6902 -14.6255 -0.0446 -0.0446 0.0000 263.4283 131.7141 368.5463 411.1955 -40.8061 0.0000 0.0000
3050.03 17.07.2018 07.50.01 23.32571 295.9082 -14.5907 -0.0445 -0.0445 0.0000 271.3805 135.6902 369.6260 413.4753 -45.1414 0.0000 0.0000
3060.03 17.07.2018 08.00.01 23.31652 296.1255 -14.3879 -0.0439 -0.0439 0.0000 327.1005 163.5502 370.5944 416.5476 -51.3722 0.0000 0.0000
3070.03 17.07.2018 08.10.01 23.30737 296.2630 -13.4838 -0.0411 -0.0411 0.0000 333.7410 166.8705 371.5840 420.0425 -59.0004 0.0000 0.0000
3080.03 17.07.2018 08.20.01 23.29888 296.3978 -13.0669 -0.0398 -0.0398 0.0000 339.8269 169.9135 372.4390 422.5676 -65.6842 0.0000 0.0000
3090.03 17.07.2018 08.30.01 23.29064 296.5322 -12.2252 -0.0373 -0.0373 0.0000 346.0059 173.0029 373.3587 424.8055 -71.9808 0.0000 0.0000
3100.03 17.07.2018 08.40.01 23.28304 296.6673 -11.6743 -0.0356 -0.0356 0.0000 351.6584 175.8292 374.1058 426.8090 -76.5596 0.0000 0.0000
3110.03 17.07.2018 08.50.01 23.27572 296.8008 -10.5693 -0.0322 -0.0322 0.0000 357.2390 178.6195 374.8500 428.5246 -81.8876 0.0000 0.0000
3120.03 17.07.2018 09.00.01 23.26922 296.9331 -9.9846 -0.0304 -0.0304 0.0000 361.7510 180.8755 375.6760 430.0432 -87.0633 0.0000 0.0000
3130.03 17.07.2018 09.10.01 23.26312 296.9360 -8.9484 -0.0273 -0.0273 0.0000 362.8044 181.4022 377.0033 431.1412 -92.1179 0.0000 0.0000
3140.03 17.07.2018 09.20.01 23.25762 296.9385 -7.8682 -0.0240 -0.0240 0.0000 362.9758 181.4879 378.3864 431.9602 -96.2684 0.0000 0.0000
3150.03 17.07.2018 09.30.01 23.25292 296.9412 -7.1225 -0.0217 -0.0217 0.0000 360.7327 180.3663 379.7020 432.4972 -100.2138 0.0000 0.0000
3160.03 17.07.2018 09.40.01 23.24877 296.9440 -5.9894 -0.0183 -0.0183 0.0000 361.2248 180.6124 380.9234 432.9594 -102.5149 0.0000 0.0000
3170.03 17.07.2018 09.50.01 23.24520 296.9667 -4.8044 -0.0146 -0.0146 0.0000 363.0618 181.5309 382.3847 433.9985 -98.1131 0.0000 0.0000
3180.03 17.07.2018 10.00.01 23.24246 296.9811 -3.6916 -0.0113 -0.0113 0.0000 361.3922 180.6961 383.6267 435.2709 -95.8083 0.0000 0.0000
3190.03 17.07.2018 10.10.01 23.24050 297.0518 -2.8851 -0.0088 -0.0088 0.0000 358.4358 179.2179 384.2982 436.2478 -95.8846 0.0000 0.0000
3200.03 17.07.2018 10.20.01 23.23910 297.1232 -1.7160 -0.0052 -0.0052 0.0000 353.3923 176.6962 384.7580 437.0044 -95.9832 0.0000 0.0000
3210.03 17.07.2018 10.30.01 23.23843 297.1914 -0.6119 -0.0019 -0.0019 0.0000 346.1013 173.0506 384.8464 437.5248 -95.5955 0.0000 0.0000
3220.03 17.07.2018 10.40.01 23.23843 297.2586 0.6083 0.0019 0.0019 0.0000 342.5493 171.2747 385.2543 437.9213 -94.9941 0.0000 0.0000
3230.03 17.07.2018 10.50.01 23.23943 297.3257 1.4129 0.0043 0.0043 0.0000 337.0252 168.5126 385.4870 438.2698 -94.2261 0.0000 0.0000
3240.03 17.07.2018 11.00.01 23.24124 297.3931 1.9996 0.0061 0.0061 0.0000 330.8327 165.4164 385.6786 438.4628 -93.2344 0.0000 0.0000
3250.03 17.07.2018 11.10.01 23.24307 297.5079 3.8514 0.0117 0.0117 0.0000 337.2003 168.6001 386.1465 438.9141 -92.2905 0.0000 0.0000
3260.03 17.07.2018 11.20.01 23.24621 297.6286 4.3363 0.0132 0.0132 0.0000 344.7558 172.3779 386.8865 439.7213 -92.3742 0.0000 0.0000
3270.03 17.07.2018 11.30.01 23.24987 297.7466 5.3933 0.0164 0.0164 0.0000 352.2327 176.1163 387.7686 440.7142 -93.1352 0.0000 0.0000
3280.03 17.07.2018 11.40.01 23.25381 297.8650 6.9922 0.0213 0.0213 0.0000 361.7394 180.8697 388.9933 441.9280 -94.2888 0.0000 0.0000
3290.03 17.07.2018 11.50.01 23.25924 297.9865 7.0990 0.0216 0.0216 0.0000 369.4665 184.7332 390.0942 443.2626 -96.1010 0.0000 0.0000
3300.03 17.07.2018 12.00.01 23.26473 298.1057 8.4518 0.0258 0.0258 0.0000 375.5779 187.7889 391.0308 444.5889 -98.2024 0.0000 0.0000
3310.03 17.07.2018 12.10.01 23.27078 298.0874 9.7829 0.0298 0.0298 0.0000 372.8335 186.4168 392.5063 445.6009 -100.8987 0.0000 0.0000
3320.03 17.07.2018 12.20.01 23.27807 298.0618 10.0846 0.0307 0.0307 0.0000 366.7191 183.3596 393.1885 446.2656 -102.3453 0.0000 0.0000
3330.03 17.07.2018 12.30.01 23.28539 298.0334 11.5669 0.0353 0.0353 0.0000 362.1559 181.0779 393.5867 446.6799 -103.0911 0.0000 0.0000
3340.03 17.07.2018 12.40.01 23.29354 298.0039 12.5388 0.0382 0.0382 0.0000 356.3577 178.1788 393.8053 446.9115 -103.3477 0.0000 0.0000
3350.03 17.07.2018 12.50.01 23.30267 297.9739 12.7364 0.0388 0.0388 0.0000 348.5973 174.2987 393.7711 446.9250 -102.9251 0.0000 0.0000
3360.03 17.07.2018 13.00.01 23.31185 297.9430 14.1066 0.0430 0.0430 0.0000 341.6843 170.8421 393.8965 446.7649 -102.2078 0.0000 0.0000
3370.03 17.07.2018 13.10.01 23.32186 297.8631 15.3527 0.0468 0.0468 0.0000 337.8977 168.9488 392.9525 446.2334 -103.9572 0.0000 0.0000
3380.03 17.07.2018 13.20.01 23.33285 297.7841 15.4800 0.0472 0.0472 0.0000 335.3194 167.6597 392.0250 445.6149 -104.8479 0.0000 0.0000
3390.03 17.07.2018 13.30.01 23.34387 297.7040 16.5761 0.0505 0.0505 0.0000 333.8872 166.9436 391.2315 444.9532 -105.4591 0.0000 0.0000
3400.03 17.07.2018 13.40.01 23.35534 297.6246 18.1235 0.0553 0.0553 0.0000 332.2645 166.1323 390.3507 444.2738 -105.6993 0.0000 0.0000
3410.03 17.07.2018 13.50.01 23.36810 297.5444 18.1794 0.0554 0.0554 0.0000 330.9414 165.4707 389.4909 443.5643 -105.8299 0.0000 0.0000
3420.03 17.07.2018 14.00.01 23.38094 297.4628 18.8772 0.0576 0.0576 0.0000 328.3054 164.1527 388.5003 442.7967 -105.8348 0.0000 0.0000
3430.03 17.07.2018 14.10.01 23.39379 297.3395 20.4821 0.0624 0.0624 0.0000 330.2518 165.1259 386.1532 441.9180 -106.7214 0.0000 0.0000
3440.03 17.07.2018 14.20.01 23.40786 297.2158 20.8729 0.0636 0.0636 0.0000 333.1779 166.5889 383.8302 440.9257 -108.5258 0.0000 0.0000
3450.03 17.07.2018 14.30.01 23.42248 297.0936 21.0227 0.0641 0.0641 0.0000 336.1333 168.0666 381.4929 439.8499 -110.5167 0.0000 0.0000
3460.03 17.07.2018 14.40.01 23.43716 296.9729 21.6804 0.0661 0.0661 0.0000 339.6279 169.8140 379.0016 438.7349 -112.2393 0.0000 0.0000
3470.03 17.07.2018 14.50.01 23.45184 296.8546 23.0496 0.0703 0.0703 0.0000 344.5145 172.2573 376.6443 437.6057 -114.1467 0.0000 0.0000
3480.03 17.07.2018 15.00.01 23.46728 296.7359 23.6651 0.0721 0.0721 0.0000 348.1289 174.0644 374.2135 436.4614 -115.9089 0.0000 0.0000
3490.03 17.07.2018 15.10.01 23.48293 296.5615 24.3719 0.0743 0.0743 0.0000 337.8832 168.9416 372.5570 435.2287 -115.2416 0.0000 0.0000
3500.03 17.07.2018 15.20.01 23.49935 296.3803 24.3693 0.0743 0.0743 0.0000 327.2275 163.6138 370.9259 433.7174 -113.1642 0.0000 0.0000
3510.03 17.07.2018 15.30.01 23.51583 296.1987 24.7049 0.0753 0.0753 0.0000 316.0366 158.0183 369.2218 432.0500 -110.7927 0.0000 0.0000
3520.03 17.07.2018 15.40.01 23.53231 296.0141 25.4818 0.0777 0.0777 0.0000 302.7199 151.3599 367.2906 430.2172 -107.8250 0.0000 0.0000
3530.03 17.07.2018 15.50.01 23.54928 295.8284 25.7701 0.0786 0.0786 0.0000 290.3224 145.1612 365.4390 428.2440 -104.4198 0.0000 0.0000
3540.03 17.07.2018 16.00.01 23.56658 295.6427 25.7818 0.0786 0.0786 0.0000 277.5865 138.7933 363.6603 426.1848 -100.9091 0.0000 0.0000
3550.03 17.07.2018 16.10.01 23.58395 295.3916 25.9163 0.0790 0.0790 0.0000 265.5447 132.7724 361.6100 423.9513 -98.1747 0.0000 0.0000
3560.03 17.07.2018 16.20.01 23.60131 295.1391 26.2293 0.0800 0.0800 0.0000 254.1013 127.0507 359.6294 421.6355 -95.1923 0.0000 0.0000
3570.03 17.07.2018 16.30.01 23.61871 294.8862 26.6097 0.0811 0.0811 0.0000 242.8090 121.4045 357.7052 419.2679 -92.0883 0.0000 0.0000
3580.03 17.07.2018 16.40.01 23.63613 294.6338 26.9855 0.0823 0.0823 0.0000 235.4850 117.7425 355.7683 416.9314 -89.0288 0.0000 0.0000
3590.03 17.07.2018 16.50.01 23.65374 294.3808 27.0921 0.0826 0.0826 0.0000 227.6581 113.8290 353.7801 414.6729 -86.0041 0.0000 0.0000
3600.03 17.07.2018 17.00.01 23.67135 294.1272 27.1184 0.0827 0.0827 0.0000 219.0424 109.5212 351.8000 412.4166 -82.9325 0.0000 0.0000
3610.03 17.07.2018 17.10.01 23.68887 293.8591 27.1295 0.0827 0.0827 0.0000 207.7650 103.8825 350.1434 410.1476 -79.3754 0.0000 0.0000
3620.03 17.07.2018 17.20.01 23.70629 293.5906 27.0831 0.0826 0.0826 0.0000 195.3433 97.6716 348.4345 407.8142 -75.7009 0.0000 0.0000
3630.03 17.07.2018 17.30.01 23.72372 293.3254 26.7981 0.0817 0.0817 0.0000 182.2572 91.1286 346.6917 405.4170 -71.8134 0.0000 0.0000
3640.03 17.07.2018 17.40.01 23.74111 293.0552 26.2007 0.0799 0.0799 0.0000 165.0884 82.5442 344.9816 402.9132 -67.3524 0.0000 0.0000
3650.03 17.07.2018 17.50.01 23.75829 292.7843 25.7288 0.0784 0.0784 0.0000 147.0346 73.5173 343.2356 400.2527 -62.4927 0.0000 0.0000
3660.03 17.07.2018 18.00.01 23.77490 292.5131 25.7185 0.0784 0.0784 0.0000 128.3846 64.1923 341.4829 397.4723 -57.3803 0.0000 0.0000
3670.03 17.07.2018 18.10.01 23.79138 292.1951 25.3814 0.0774 0.0774 0.0000 114.3274 57.1637 340.2253 394.8464 -50.9162 0.0000 0.0000
3680.03 17.07.2018 18.20.01 23.80786 291.8737 24.4481 0.0745 0.0745 0.0000 100.1405 50.0703 339.0450 392.3446 -45.0967 0.0000 0.0000
3690.03 17.07.2018 18.30.01 23.82357 291.5565 24.2387 0.0739 0.0739 0.0000 85.7393 42.8696 337.9070 389.8621 -39.7783 0.0000 0.0000
3700.03 17.07.2018 18.40.01 23.83914 291.2379 23.5581 0.0718 0.0718 0.0000 64.3794 32.1897 336.7987 387.2464 -34.4851 0.0000 0.0000
3710.03 17.07.2018 18.50.01 23.85430 290.9186 22.8957 0.0698 0.0698 0.0000 42.3298 21.1649 335.6556 384.3843 -29.1841 0.0000 0.0000
3720.03 17.07.2018 19.00.01 23.86895 290.6040 22.2563 0.0679 0.0679 0.0000 19.9733 9.9867 334.5053 381.3399 -24.0297 0.0000 0.0000
3730.03 17.07.2018 19.10.01 23.88317 290.2006 21.4844 0.0655 0.0655 0.0000 16.4766 8.2383 333.1884 378.2783 -21.8251 0.0000 0.0000
3740.03 17.07.2018 19.20.01 23.89691 289.7999 20.5499 0.0627 0.0627 0.0000 13.9395 6.9697 331.9734 375.5766 -20.4035 0.0000 0.0000
3750.03 17.07.2018 19.30.01 23.90997 289.3997 19.8534 0.0605 0.0605 0.0000 11.5795 5.7898 330.7983 373.0274 -19.2861 0.0000 0.0000
3760.03 17.07.2018 19.40.01 23.92263 288.9998 18.7116 0.0570 0.0570 0.0000 7.8673 3.9336 329.6433 370.5741 -18.3258 0.0000 0.0000
3770.03 17.07.2018 19.50.01 23.93453 288.6000 17.7384 0.0541 0.0541 0.0000 4.1157 2.0578 328.4903 368.1755 -17.4989 0.0000 0.0000
3780.03 17.07.2018 20.00.01 23.94573 288.2004 16.8614 0.0514 0.0514 0.0000 0.3596 0.1798 327.3403 365.8369 -16.7508 0.0000 0.0000
3790.03 17.07.2018 20.10.01 23.95632 287.8069 15.7668 0.0481 0.0481 0.0000 0.0649 0.0325 326.3328 363.6659 -15.6710 0.0000 0.0000
3800.03 17.07.2018 20.20.01 23.96624 287.4173 14.4885 0.0442 0.0442 0.0000 0.0117 0.0059 325.3866 361.6766 -14.9628 0.0000 0.0000
3810.03 17.07.2018 20.30.01 23.97540 287.0311 13.2680 0.0405 0.0405 0.0000 0.0021 0.0011 324.4776 359.8211 -14.3436 0.0000 0.0000
3820.03 17.07.2018 20.40.01 23.98364 286.6373 12.2194 0.0373 0.0373 0.0000 0.0004 0.0002 323.5877 358.0770 -13.8564 0.0000 0.0000
3830.03 17.07.2018 20.50.01 23.99117 286.2439 11.0155 0.0336 0.0336 0.0000 0.0001 0.0000 322.7149 356.4300 -13.5198 0.0000 0.0000
3840.03 17.07.2018 21.00.01 23.99789 285.8580 9.7679 0.0298 0.0298 0.0000 0.0000 0.0000 321.8976 354.8803 -13.1057 0.0000 0.0000
3850.03 17.07.2018 21.10.01 24.00375 285.6625 8.4647 0.0258 0.0258 0.0000 0.0000 0.0000 321.4720 353.5071 -11.9528 0.0000 0.0000
3860.03 17.07.2018 21.20.01 24.00878 285.4630 7.1362 0.0218 0.0218 0.0000 0.0000 0.0000 321.1553 352.2442 -11.2422 0.0000 0.0000
3870.03 17.07.2018 21.30.01 24.01290 285.2641 5.8224 0.0178 0.0178 0.0000 0.0000 0.0000 320.8688 351.0628 -10.8632 0.0000 0.0000
3880.03 17.07.2018 21.40.01 24.01617 285.0121 4.4936 0.0137 0.0137 0.0000 0.0000 0.0000 320.4935 349.9000 -10.9108 0.0000 0.0000
3890.03 17.07.2018 21.50.01 24.01855 284.8469 3.0808 0.0094 0.0094 0.0000 0.0000 0.0000 320.1828 348.9054 -9.9667 0.0000 0.0000
3900.03 17.07.2018 22.00.01 24.02001 284.7013 1.7481 0.0053 0.0053 0.0000 0.0000 0.0000 319.9101 347.9896 -9.2718 0.0000 0.0000
3910.03 17.07.2018 22.10.01 24.02056 284.6229 0.3767 0.0011 0.0011 0.0000 0.0000 0.0000 319.5590 347.1242 -8.8681 0.0000 0.0000
3920.03 17.07.2018 22.20.01 24.02026 284.5377 -1.0268 -0.0031 -0.0031 0.0000 0.0000 0.0000 319.1891 346.3040 -8.5485 0.0000 0.0000
3930.03 17.07.2018 22.30.01 24.01904 284.4703 -2.4391 -0.0074 -0.0074 0.0000 0.0000 0.0000 318.8029 345.5322 -8.2056 0.0000 0.0000
3940.03 17.07.2018 22.40.01 24.01690 284.3989 -3.7667 -0.0115 -0.0115 0.0000 0.0000 0.0000 318.4137 344.7972 -7.9195 0.0000 0.0000
3950.03 17.07.2018 22.50.01 24.01388 284.3110 -5.1618 -0.0157 -0.0157 0.0000 0.0000 0.0000 318.0229 344.0854 -7.7921 0.0000 0.0000
3960.03 17.07.2018 23.00.01 24.00997 284.2205 -6.4947 -0.0198 -0.0198 0.0000 0.0000 0.0000 317.6294 343.3944 -7.7194 0.0000 0.0000
3970.03 17.07.2018 23.10.01 24.00518 284.1172 -7.8482 -0.0239 -0.0239 0.0000 0.0000 0.0000 317.1927 342.7277 -7.6066 0.0000 0.0000
3980.03 17.07.2018 23.20.01 23.99954 283.9828 -9.1644 -0.0279 -0.0279 0.0000 0.0000 0.0000 316.6568 342.0673 -7.6034 0.0000 0.0000
3990.03 17.07.2018 23.30.01 23.99304 283.8370 -10.5080 -0.0320 -0.0320 0.0000 0.0000 0.0000 316.1882 341.4039 -7.7362 0.0000 0.0000
4000.03 17.07.2018 23.40.01 23.98571 283.7161 -11.8531 -0.0361 -0.0361 0.0000 0.0000 0.0000 315.7654 340.7902 -7.3908 0.0000 0.0000
4010.03 17.07.2018 23.50.01 23.97747 283.5757 -13.1047 -0.0400 -0.0400 0.0000 0.0000 0.0000 315.3695 340.1971 -7.1950 0.0000 0.0000
4020.03 18.07.2018 00.00.01 23.96838 283.4535 -14.2192 -0.0434 -0.0434 0.0000 0.0000 0.0000 314.9852 339.6250 -7.0120 0.0000 0.0000
4030.03 18.07.2018 00.10.01 23.95849 283.4032 -15.3515 -0.0468 -0.0468 0.0000 0.0000 0.0000 314.6762 339.1015 -6.5659 0.0000 0.0000
4040.03 18.07.2018 00.20.01 23.94784 283.3542 -16.4537 -0.0502 -0.0502 0.0000 0.0000 0.0000 314.2871 338.5878 -6.3599 0.0000 0.0000
4050.03 18.07.2018 00.30.01 23.93649 283.2796 -17.7067 -0.0540 -0.0540 0.0000 0.0000 0.0000 313.9841 338.0773 -6.3372 0.0000 0.0000
4060.03 18.07.2018 00.40.01 23.92434 283.2452 -18.9450 -0.0578 -0.0578 0.0000 0.0000 0.0000 313.7102 337.6332 -5.6949 0.0000 0.0000
4070.03 18.07.2018 00.50.01 23.91152 283.2016 -20.2270 -0.0617 -0.0617 0.0000 0.0000 0.0000 313.3942 337.2160 -5.2381 0.0000 0.0000
4080.03 18.07.2018 01.00.01 23.89779 283.1401 -21.2357 -0.0647 -0.0647 0.0000 0.0000 0.0000 313.0920 336.7928 -5.1615 0.0000 0.0000
4090.03 18.07.2018 01.10.01 23.88333 283.0076 -22.1245 -0.0675 -0.0675 0.0000 0.0000 0.0000 312.7564 336.3338 -5.5676 0.0000 0.0000
4100.03 18.07.2018 01.20.01 23.86828 282.8859 -23.1838 -0.0707 -0.0707 0.0000 0.0000 0.0000 312.3985 335.8541 -5.9914 0.0000 0.0000
4110.03 18.07.2018 01.30.01 23.85256 282.7711 -24.3714 -0.0743 -0.0743 0.0000 0.0000 0.0000 311.9922 335.3572 -6.3952 0.0000 0.0000
4120.03 18.07.2018 01.40.01 23.83608 282.6710 -25.3062 -0.0772 -0.0772 0.0000 0.0000 0.0000 311.5772 334.8477 -6.7451 0.0000 0.0000
4130.03 18.07.2018 01.50.01 23.81893 282.5755 -26.1343 -0.0797 -0.0797 0.0000 0.0000 0.0000 311.1404 334.3268 -7.0678 0.0000 0.0000
4140.03 18.07.2018 02.00.01 23.80126 282.4749 -27.2239 -0.0830 -0.0830 0.0000 0.0004 0.0002 310.6799 333.7943 -7.3773 0.0000 0.0000
4150.03 18.07.2018 02.10.01 23.78295 282.5611 -28.2458 -0.0861 -0.0861 0.0000 0.2670 0.1335 310.4116 333.3736 -6.3822 0.0000 0.0000
4160.03 18.07.2018 02.20.01 23.76391 282.6456 -28.9611 -0.0883 -0.0883 0.0000 0.5755 0.2877 310.1979 333.0308 -5.4074 0.0000 0.0000
4170.03 18.07.2018 02.30.01 23.74441 282.7291 -29.9978 -0.0915 -0.0915 0.0000 0.8894 0.4447 310.0113 332.7515 -4.4600 0.0000 0.0000
4180.03 18.07.2018 02.40.01 23.72427 282.8203 -30.8705 -0.0941 -0.0941 0.0000 1.2045 0.6023 309.8474 332.5328 -3.5057 0.0000 0.0000
4190.03 18.07.2018 02.50.01 23.70349 282.9067 -31.5493 -0.0962 -0.0962 0.0000 1.5198 0.7599 309.7017 332.3665 -2.6052 0.0000 0.0000
4200.03 18.07.2018 03.00.01 23.68240 282.9964 -32.7387 -0.0998 -0.0998 0.0000 1.8391 0.9195 309.5720 332.2487 -1.7239 0.0000 0.0000
4210.03 18.07.2018 03.10.01 23.66042 283.3130 -33.2210 -0.1013 -0.1013 0.0000 4.4762 2.2381 309.7947 332.3590 0.6111 0.0000 0.0000
4220.03 18.07.2018 03.20.01 23.63818 283.6694 -34.1368 -0.1041 -0.1041 0.0000 7.4782 3.7391 310.1951 332.6859 2.7314 0.0000 0.0000
4230.03 18.07.2018 03.30.01 23.61529 284.0257 -34.7905 -0.1061 -0.1061 0.0000 10.5277 5.2638 310.6841 333.1740 4.5511 0.0000 0.0000
4240.03 18.07.2018 03.40.01 23.59197 284.3834 -35.5676 -0.1084 -0.1084 0.0000 13.5877 6.7938 311.2285 333.7983 6.1170 0.0000 0.0000
4250.03 18.07.2018 03.50.01 23.56817 284.7421 -36.2091 -0.1104 -0.1104 0.0000 16.6494 8.3247 311.8113 334.5409 7.4733 0.0000 0.0000
4260.03 18.07.2018 04.00.01 23.54394 285.1015 -36.9619 -0.1127 -0.1127 0.0000 19.7118 9.8559 312.4150 335.3859 8.6549 0.0000 0.0000
4270.03 18.07.2018 04.10.01 23.51925 285.4463 -37.5373 -0.1144 -0.1144 0.0000 23.0146 11.5073 313.5153 336.3000 9.1627 0.0000 0.0000
4280.03 18.07.2018 04.20.01 23.49420 285.7930 -38.3111 -0.1168 -0.1168 0.0000 26.3553 13.1776 314.6781 337.3080 9.5053 0.0000 0.0000
4290.03 18.07.2018 04.30.01 23.46856 286.1391 -38.6549 -0.1179 -0.1179 0.0000 29.7009 14.8504 315.8730 338.3920 9.7323 0.0000 0.0000
4300.03 18.07.2018 04.40.01 23.44293 286.4852 -39.5063 -0.1204 -0.1204 0.0000 33.0476 16.5238 317.0940 339.5444 9.8771 0.0000 0.0000
4310.03 18.07.2018 04.50.01 23.41656 286.8302 -39.6866 -0.1210 -0.1210 0.0000 36.3944 18.1972 318.3356 340.7582 9.9493 0.0000 0.0000
4320.03 18.07.2018 05.00.01 23.39004 287.1771 -40.0720 -0.1222 -0.1222 0.0000 40.6214 20.3107 319.8475 342.0551 9.9571 0.0000 0.0000
4330.03 18.07.2018 05.10.01 23.36349 287.6334 -40.8846 -0.1246 -0.1246 0.0000 43.7767 21.8884 321.4335 343.5048 10.7674 0.0000 0.0000
4340.03 18.07.2018 05.20.01 23.33636 288.0828 -41.0395 -0.1251 -0.1251 0.0000 52.6176 26.3088 324.6802 345.2409 11.7298 0.0000 0.0000
4350.03 18.07.2018 05.30.01 23.30895 288.5516 -41.0521 -0.1252 -0.1252 0.0000 65.4091 32.7045 329.1760 347.5231 12.5143 0.0000 0.0000
4360.03 18.07.2018 05.40.01 23.28149 289.0354 -41.2438 -0.1257 -0.1257 0.0000 80.3705 40.1852 334.8777 350.3369 12.2423 0.0000 0.0000
4370.03 18.07.2018 05.50.01 23.25402 289.5199 -41.6726 -0.1271 -0.1271 0.0000 105.7290 52.8645 338.2707 353.7986 11.6675 0.0000 0.0000
4380.03 18.07.2018 06.00.01 23.22656 289.9890 -42.2947 -0.1289 -0.1289 0.0000 158.6218 79.3109 340.6189 358.3629 9.2438 0.0000 0.0000
4390.03 18.07.2018 06.10.01 23.19879 290.3647 -42.4066 -0.1293 -0.1293 0.0000 157.8243 78.9121 342.2450 363.0914 5.2389 0.0000 0.0000
4400.03 18.07.2018 06.20.01 23.17101 290.7338 -42.4289 -0.1294 -0.1294 0.0000 157.8533 78.9267 343.8446 366.8256 2.5829 0.0000 0.0000
4410.03 18.07.2018 06.30.01 23.14337 291.1034 -42.4289 -0.1294 -0.1294 0.0000 218.5467 109.2733 345.4610 371.4013 -1.5541 0.0000 0.0000
4420.03 18.07.2018 06.40.01 23.11587 291.4791 -42.3989 -0.1293 -0.1293 0.0000 218.5667 109.2833 347.1120 376.5607 -6.6410 0.0000 0.0000
4430.03 18.07.2018 06.50.01 23.08840 291.8489 -42.1141 -0.1284 -0.1284 0.0000 226.1379 113.0689 348.6748 380.7145 -10.5019 0.0000 0.0000
4440.03 18.07.2018 07.00.01 23.06094 292.2172 -41.4452 -0.1264 -0.1264 0.0000 233.9974 116.9987 350.1828 384.6962 -14.4403 0.0000 0.0000
4450.03 18.07.2018 07.10.01 23.03387 292.4714 -41.0123 -0.1250 -0.1250 0.0000 243.3014 121.6507 351.6819 388.4295 -18.8047 0.0000 0.0000
4460.03 18.07.2018 07.20.01 23.00729 292.7259 -40.7395 -0.1242 -0.1242 0.0000 251.7205 125.8602 353.1770 391.9487 -23.0768 0.0000 0.0000
4470.03 18.07.2018 07.30.01 22.98074 292.9806 -39.6619 -0.1209 -0.1209 0.0000 258.5666 129.2833 354.5569 395.2183 -27.1548 0.0000 0.0000
4480.03 18.07.2018 07.40.01 22.95507 293.2356 -39.3145 -0.1199 -0.1199 0.0000 267.4920 133.7460 356.0358 398.3199 -30.9716 0.0000 0.0000
4490.03 18.07.2018 07.50.01 22.92956 293.4930 -38.2346 -0.1166 -0.1166 0.0000 275.7681 137.8840 357.4619 401.3097 -34.7561 0.0000 0.0000
4500.03 18.07.2018 08.00.01 22.90484 293.7492 -37.3920 -0.1140 -0.1140 0.0000 321.3091 160.6546 358.7884 404.8994 -39.6353 0.0000 0.0000
4510.03 18.07.2018 08.10.01 22.88073 293.8778 -36.5128 -0.1113 -0.1113 0.0000 318.3815 159.1908 360.1444 408.5694 -45.6200 0.0000 0.0000
4520.03 18.07.2018 08.20.01 22.85720 294.0033 -35.3117 -0.1077 -0.1077 0.0000 312.7621 156.3810 361.2131 411.1090 -49.7034 0.0000 0.0000
4530.03 18.07.2018 08.30.01 22.83441 294.1284 -34.0366 -0.1038 -0.1038 0.0000 305.5473 152.7737 362.1643 413.1034 -52.8291 0.0000 0.0000
4540.03 18.07.2018 08.40.01 22.81243 294.2517 -32.7983 -0.1000 -0.1000 0.0000 301.2863 150.6431 362.9304 414.7105 -55.2096 0.0000 0.0000
4550.03 18.07.2018 08.50.01 22.79135 294.3742 -31.5452 -0.0962 -0.0962 0.0000 296.7059 148.3530 363.7746 416.0471 -57.1167 0.0000 0.0000
4560.03 18.07.2018 09.00.01 22.77108 294.4959 -30.2312 -0.0922 -0.0922 0.0000 290.9664 145.4832 364.6278 417.1055 -58.5144 0.0000 0.0000
4570.03 18.07.2018 09.10.01 22.75173 294.6175 -28.8590 -0.0880 -0.0880 0.0000 292.2354 146.1177 365.6370 418.2146 -58.4743 0.0000 0.0000
4580.03 18.07.2018 09.20.01 22.73327 294.7380 -27.4138 -0.0836 -0.0836 0.0000 294.1294 147.0647 366.7647 419.4576 -58.6996 0.0000 0.0000
4590.03 18.07.2018 09.30.01 22.71575 294.8582 -25.8884 -0.0789 -0.0789 0.0000 296.7053 148.3527 368.1783 420.7622 -59.0765 0.0000 0.0000
4600.03 18.07.2018 09.40.01 22.69921 294.9782 -24.4272 -0.0745 -0.0745 0.0000 299.3197 149.6599 369.6759 422.1460 -59.4480 0.0000 0.0000
4610.03 18.07.2018 09.50.01 22.68365 295.0982 -22.8942 -0.0698 -0.0698 0.0000 302.7489 151.3744 371.2399 423.6055 -59.8968 0.0000 0.0000
4620.03 18.07.2018 10.00.01 22.66909 295.2183 -21.4621 -0.0654 -0.0654 0.0000 304.8419 152.4209 372.6928 425.1123 -60.3463 0.0000 0.0000
4630.03 18.07.2018 10.10.01 22.65554 295.3472 -19.9813 -0.0609 -0.0609 0.0000 314.6892 157.3446 374.8375 426.7174 -62.0942 0.0000 0.0000
4640.03 18.07.2018 10.20.01 22.64294 295.4803 -18.4817 -0.0563 -0.0563 0.0000 325.2718 162.6359 377.1654 428.5783 -64.8654 0.0000 0.0000
4650.03 18.07.2018 10.30.01 22.63137 295.6146 -17.0069 -0.0519 -0.0519 0.0000 335.1787 167.5893 379.4086 430.5103 -68.5123 0.0000 0.0000
4660.03 18.07.2018 10.40.01 22.62078 295.7515 -15.5551 -0.0474 -0.0474 0.0000 346.5322 173.2661 381.9317 432.6642 -71.2297 0.0000 0.0000
4670.03 18.07.2018 10.50.01 22.61144 295.9057 -14.5191 -0.0443 -0.0443 0.0000 357.0085 178.5043 384.5421 435.3866 -71.7266 0.0000 0.0000
4680.03 18.07.2018 11.00.01 22.60253 296.0537 -12.4785 -0.0380 -0.0380 0.0000 366.9651 183.4826 387.0314 437.7012 -77.2884 0.0000 0.0000
4690.03 18.07.2018 11.10.01 22.59521 296.0690 -11.4795 -0.0350 -0.0350 0.0000 357.0070 178.5035 387.8729 440.1837 -74.7236 0.0000 0.0000
4700.03 18.07.2018 11.20.01 22.58837 296.0861 -9.6164 -0.0293 -0.0293 0.0000 341.2645 170.6322 387.7979 441.9361 -71.8869 0.0000 0.0000
4710.03 18.07.2018 11.30.01 22.58288 296.0932 -8.3307 -0.0254 -0.0254 0.0000 324.7081 162.3540 387.1767 443.0839 -69.0107 0.0000 0.0000
4720.03 18.07.2018 11.40.01 22.57821 296.1074 -6.6854 -0.0204 -0.0204 0.0000 309.3631 154.6815 386.5342 443.7641 -66.1331 0.0000 0.0000
4730.03 18.07.2018 11.50.01 22.57455 296.0788 -5.1889 -0.0158 -0.0158 0.0000 293.1303 146.5652 385.5094 443.1673 -69.4950 0.0000 0.0000
4740.03 18.07.2018 12.00.01 22.57202 296.0839 -3.7082 -0.0113 -0.0113 0.0000 276.7156 138.3578 384.4761 442.7095 -66.0206 0.0000 0.0000
4750.03 18.07.2018 12.10.01 22.57018 296.1884 -1.9884 -0.0061 -0.0061 0.0000 273.2673 136.6337 383.6642 442.4841 -61.1929 0.0000 0.0000
4760.03 18.07.2018 12.20.01 22.56979 296.3005 -0.7995 -0.0024 -0.0024 0.0000 274.9784 137.4892 383.2168 442.4114 -59.7592 0.0000 0.0000
4770.03 18.07.2018 12.30.01 22.56979 296.4179 1.1917 0.0036 0.0036 0.0000 278.2852 139.1426 382.8689 442.3892 -60.0714 0.0000 0.0000
4780.03 18.07.2018 12.40.01 22.57147 296.5678 1.9884 0.0061 0.0061 0.0000 282.1760 141.0880 382.5963 442.8473 -57.1910 0.0000 0.0000
4790.03 18.07.2018 12.50.01 22.57330 296.7200 4.0583 0.0124 0.0124 0.0000 286.0347 143.0174 382.2608 443.2561 -57.5523 0.0000 0.0000
4800.03 18.07.2018 13.00.01 22.57684 296.8551 4.7309 0.0144 0.0144 0.0000 291.1857 145.5928 382.0220 443.4419 -60.7072 0.0000 0.0000
4810.03 18.07.2018 13.10.01 22.58050 296.9088 6.8082 0.0208 0.0208 0.0000 285.5596 142.7798 384.0065 444.7591 -51.6251 0.0000 0.0000
4820.03 18.07.2018 13.20.01 22.58587 296.9587 7.3024 0.0223 0.0223 0.0000 275.5098 137.7549 385.4199 445.3090 -51.9673 0.0000 0.0000
4830.03 18.07.2018 13.30.01 22.59136 296.9719 8.9582 0.0273 0.0273 0.0000 265.7655 132.8827 386.6410 444.8180 -57.9320 0.0000 0.0000
4840.03 18.07.2018 13.40.01 22.59811 297.1308 9.9179 0.0302 0.0302 0.0000 255.0323 127.5161 387.7103 444.7772 -54.0837 0.0000 0.0000
4850.03 18.07.2018 13.50.01 22.60543 297.3084 11.1686 0.0341 0.0341 0.0000 244.0418 122.0209 388.7036 444.1313 -55.5438 0.0000 0.0000
4860.03 18.07.2018 14.00.01 22.61352 297.5119 12.5630 0.0383 0.0383 0.0000 232.1106 116.0553 389.2993 443.2366 -55.7811 0.0000 0.0000
4870.03 18.07.2018 14.10.01 22.62267 297.3235 13.2900 0.0405 0.0405 0.0000 212.6312 106.3156 387.7294 442.2396 -51.5867 0.0000 0.0000
4880.03 18.07.2018 14.20.01 22.63186 297.1201 15.0834 0.0460 0.0460 0.0000 191.5880 95.7940 386.0114 440.5686 -48.5724 0.0000 0.0000
4890.03 18.07.2018 14.30.01 22.64263 296.9119 15.5423 0.0474 0.0474 0.0000 170.1756 85.0878 384.1261 438.4245 -45.5543 0.0000 0.0000
4900.03 18.07.2018 14.40.01 22.65365 296.7499 16.4836 0.0503 0.0503 0.0000 147.7273 73.8636 382.0637 436.0031 -40.9615 0.0000 0.0000
4910.03 18.07.2018 14.50.01 22.66488 296.5943 18.1273 0.0553 0.0553 0.0000 125.2215 62.6107 379.8859 433.2324 -36.4729 0.0000 0.0000
4920.03 18.07.2018 15.00.01 22.67767 296.4097 18.2721 0.0557 0.0557 0.0000 102.5413 51.2707 377.5175 429.9885 -33.5502 0.0000 0.0000
4930.03 18.07.2018 15.10.01 22.69024 296.2339 19.4257 0.0592 0.0592 0.0000 96.2691 48.1346 374.3873 426.7214 -32.7996 0.0000 0.0000
4940.03 18.07.2018 15.20.01 22.70345 296.0426 20.2937 0.0619 0.0619 0.0000 92.4810 46.2405 371.5682 423.3312 -33.9823 0.0000 0.0000
4950.03 18.07.2018 15.30.01 22.71719 295.8599 21.0163 0.0641 0.0641 0.0000 88.9898 44.4949 368.7717 420.0320 -34.3044 0.0000 0.0000
4960.03 18.07.2018 15.40.01 22.73138 295.7369 21.5852 0.0658 0.0658 0.0000 85.5681 42.7841 365.9499 417.0674 -31.5226 0.0000 0.0000
4970.03 18.07.2018 15.50.01 22.74603 295.6039 21.8289 0.0666 0.0666 0.0000 82.1574 41.0787 363.1018 414.2024 -29.5080 0.0000 0.0000
4980.03 18.07.2018 16.00.01 22.76068 295.4741 22.5783 0.0688 0.0688 0.0000 78.7745 39.3872 360.1830 411.4285 -27.5362 0.0000 0.0000
4990.03 18.07.2018 16.10.01 22.77572 295.6524 22.9526 0.0700 0.0700 0.0000 90.7183 45.3592 359.8721 409.5773 -22.1100 0.0000 0.0000
5000.03 18.07.2018 16.20.01 22.79113 295.8581 22.9928 0.0701 0.0701 0.0000 104.2620 52.1310 360.1644 408.6636 -18.7733 0.0000 0.0000
5010.03 18.07.2018 16.30.01 22.80667 296.0786 22.9788 0.0701 0.0701 0.0000 117.8383 58.9192 360.7076 408.3846 -16.5949 0.0000 0.0000
5020.03 18.07.2018 16.40.01 22.82220 296.3130 23.0229 0.0702 0.0702 0.0000 136.2989 68.1494 361.3949 408.7502 -15.2070 0.0000 0.0000
5030.03 18.07.2018 16.50.01 22.83773 296.5545 23.0836 0.0704 0.0704 0.0000 156.1508 78.0754 362.2091 409.7791 -14.7114 0.0000 0.0000
5040.03 18.07.2018 17.00.01 22.85327 296.8004 23.0579 0.0703 0.0703 0.0000 176.7154 88.3577 363.0867 411.3741 -14.9124 0.0000 0.0000
5050.03 18.07.2018 17.10.01 22.86868 296.4985 22.9686 0.0700 0.0700 0.0000 168.8602 84.4301 362.8791 412.1452 -21.6726 0.0000 0.0000
5060.03 18.07.2018 17.20.01 22.88397 296.1846 22.9712 0.0700 0.0700 0.0000 157.7082 78.8541 361.9180 411.7722 -27.4574 0.0000 0.0000
5070.03 18.07.2018 17.30.01 22.89910 295.8612 22.9754 0.0700 0.0700 0.0000 145.7127 72.8564 360.6138 410.6929 -32.0973 0.0000 0.0000
5080.03 18.07.2018 17.40.01 22.91415 295.5473 22.9201 0.0699 0.0699 0.0000 130.1344 65.0672 359.1505 409.0339 -35.0218 0.0000 0.0000
5090.03 18.07.2018 17.50.01 22.92904 295.2246 22.9336 0.0699 0.0699 0.0000 113.8627 56.9313 357.5646 406.8877 -36.2372 0.0000 0.0000
5100.03 18.07.2018 18.00.01 22.94378 294.8943 22.9103 0.0698 0.0698 0.0000 97.1101 48.5551 355.9193 404.3831 -36.0981 0.0000 0.0000
5110.03 18.07.2018 18.10.01 22.95843 294.5560 22.8142 0.0696 0.0696 0.0000 85.0525 42.5262 353.8108 401.9246 -32.6952 0.0000 0.0000
5120.03 18.07.2018 18.20.01 22.97308 294.2173 22.3747 0.0682 0.0682 0.0000 72.8547 36.4274 351.7494 399.4349 -29.4335 0.0000 0.0000
5130.03 18.07.2018 18.30.01 22.98770 293.8810 21.5803 0.0658 0.0658 0.0000 60.5488 30.2744 349.7106 396.8608 -26.2871 0.0000 0.0000
5140.03 18.07.2018 18.40.01 23.00173 293.5473 21.5231 0.0656 0.0656 0.0000 44.2628 22.1314 347.6842 394.1406 -22.9218 0.0000 0.0000
5150.03 18.07.2018 18.50.01 23.01550 293.2156 21.4628 0.0654 0.0654 0.0000 27.5900 13.7950 345.6254 391.2157 -19.4423 0.0000 0.0000
5160.03 18.07.2018 19.00.01 23.02926 292.8879 20.9291 0.0638 0.0638 0.0000 10.7532 5.3766 343.5533 388.1352 -15.9298 0.0000 0.0000
5170.03 18.07.2018 19.10.01 23.04281 292.6565 20.1416 0.0614 0.0614 0.0000 8.0150 4.0075 343.5049 385.3683 -12.0262 0.0000 0.0000
5180.03 18.07.2018 19.20.01 23.05569 292.4439 20.0700 0.0612 0.0612 0.0000 6.3012 3.1506 343.7137 383.1019 -9.3484 0.0000 0.0000
5190.03 18.07.2018 19.30.01 23.06851 292.2355 19.5298 0.0595 0.0595 0.0000 4.7656 2.3828 344.0106 381.0996 -7.3673 0.0000 0.0000
5200.03 18.07.2018 19.40.01 23.08099 292.0229 18.7214 0.0571 0.0571 0.0000 3.2630 1.6315 344.3582 379.3022 -5.9329 0.0000 0.0000
5210.03 18.07.2018 19.50.01 23.09292 291.7993 18.1670 0.0554 0.0554 0.0000 1.7661 0.8831 344.7435 377.6659 -4.9736 0.0000 0.0000
5220.03 18.07.2018 20.00.01 23.10452 291.5641 17.3743 0.0530 0.0530 0.0000 0.2725 0.1363 345.1496 376.1607 -4.3695 0.0000 0.0000
5230.03 18.07.2018 20.10.01 23.11550 291.4665 16.7590 0.0511 0.0511 0.0000 0.0410 0.0205 346.8800 374.9132 -3.2911 0.0000 0.0000
5240.03 18.07.2018 20.20.01 23.12615 291.3854 15.9081 0.0485 0.0485 0.0000 0.0083 0.0041 348.7277 373.9375 -2.5567 0.0000 0.0000
5250.03 18.07.2018 20.30.01 23.13622 291.2788 14.9633 0.0456 0.0456 0.0000 0.0014 0.0007 350.6360 373.1435 -2.2773 0.0000 0.0000
5260.03 18.07.2018 20.40.01 23.14565 291.1611 14.2267 0.0434 0.0434 0.0000 0.0003 0.0001 352.5968 372.5038 -2.2768 0.0000 0.0000
5270.03 18.07.2018 20.50.01 23.15475 291.0362 13.1714 0.0402 0.0402 0.0000 0.0000 0.0000 354.5921 371.9954 -2.5250 0.0000 0.0000
5280.03 18.07.2018 21.00.01 23.16299 290.9175 12.3396 0.0376 0.0376 0.0000 0.0000 0.0000 356.6087 371.6030 -2.9222 0.0000 0.0000
5290.03 18.07.2018 21.10.01 23.17071 290.8450 11.5478 0.0352 0.0352 0.0000 0.0000 0.0000 356.3970 371.2568 -2.9689 0.0000 0.0000
5300.03 18.07.2018 21.20.01 23.17800 290.7717 10.4104 0.0317 0.0317 0.0000 0.0000 0.0000 356.1093 370.8669 -2.9483 0.0000 0.0000
5310.03 18.07.2018 21.30.01 23.18441 290.6975 9.6660 0.0295 0.0295 0.0000 0.0000 0.0000 355.8124 370.4798 -2.9308 0.0000 0.0000
5320.03 18.07.2018 21.40.01 23.19033 290.6209 8.8095 0.0269 0.0269 0.0000 0.0000 0.0000 355.5110 370.0960 -2.9227 0.0000 0.0000
5330.03 18.07.2018 21.50.01 23.19583 290.5431 7.6434 0.0233 0.0233 0.0000 0.0000 0.0000 355.2119 369.7155 -2.9180 0.0000 0.0000
5340.03 18.07.2018 22.00.01 23.20040 290.4633 6.8717 0.0210 0.0210 0.0000 0.0000 0.0000 354.9147 369.3384 -2.9203 0.0000 0.0000
5350.03 18.07.2018 22.10.01 23.20449 290.4046 6.0679 0.0185 0.0185 0.0000 0.0000 0.0000 354.0424 368.9528 -2.7707 0.0000 0.0000
5360.03 18.07.2018 22.20.01 23.20815 290.3433 4.9289 0.0150 0.0150 0.0000 0.0000 0.0000 353.1474 368.5366 -2.5972 0.0000 0.0000
5370.03 18.07.2018 22.30.01 23.21093 290.2823 4.2904 0.0131 0.0131 0.0000 0.0000 0.0000 352.2453 368.1053 -2.3946 0.0000 0.0000
5380.03 18.07.2018 22.40.01 23.21331 290.2209 3.3832 0.0103 0.0103 0.0000 0.0000 0.0000 351.3440 367.6610 -2.1804 0.0000 0.0000
5390.03 18.07.2018 22.50.01 23.21514 290.1600 2.3843 0.0073 0.0073 0.0000 0.0000 0.0000 350.4414 367.2065 -1.9458 0.0000 0.0000
5400.03 18.07.2018 23.00.01 23.21627 290.0988 1.7782 0.0054 0.0054 0.0000 0.0000 0.0000 349.5373 366.7427 -1.7067 0.0000 0.0000
5410.03 18.07.2018 23.10.01 23.21703 289.9221 0.6649 0.0020 0.0020 0.0000 0.0000 0.0000 348.4718 366.2004 -2.1694 0.0000 0.0000
5420.03 18.07.2018 23.20.01 23.21703 289.7344 0.1081 0.0003 0.0003 0.0000 0.0000 0.0000 347.3832 365.6060 -2.5781 0.0000 0.0000
5430.03 18.07.2018 23.30.01 23.21667 289.5477 -0.7710 -0.0024 -0.0024 0.0000 0.0000 0.0000 346.2825 364.9735 -2.9075 0.0000 0.0000
5440.03 18.07.2018 23.40.01 23.21575 289.3630 -1.6611 -0.0051 -0.0051 0.0000 0.0000 0.0000 345.1674 364.3070 -3.1992 0.0000 0.0000
5450.03 18.07.2018 23.50.01 23.21420 289.1761 -2.2643 -0.0069 -0.0069 0.0000 0.0000 0.0000 344.0549 363.6146 -3.4185 0.0000 0.0000
5460.03 19.07.2018 00.00.01 23.21237 288.9886 -3.2191 -0.0098 -0.0098 0.0000 0.0000 0.0000 342.9433 362.8990 -3.5982 0.0000 0.0000
5470.03 19.07.2018 00.10.01 23.20980 288.7852 -3.7902 -0.0116 -0.0116 0.0000 0.0000 0.0000 342.0960 362.1680 -3.8250 0.0000 0.0000
5480.03 19.07.2018 00.20.01 23.20703 288.5916 -4.8849 -0.0149 -0.0149 0.0000 0.0000 0.0000 341.2643 361.4368 -4.0574 0.0000 0.0000
5490.03 19.07.2018 00.30.01 23.20336 288.3817 -5.2244 -0.0159 -0.0159 0.0000 0.0000 0.0000 340.4297 360.6918 -4.3525 0.0000 0.0000
5500.03 19.07.2018 00.40.01 23.19967 288.1613 -6.3079 -0.0192 -0.0192 0.0000 0.0000 0.0000 339.5887 359.9335 -4.6732 0.0000 0.0000
5510.03 19.07.2018 00.50.01 23.19512 287.9359 -6.7527 -0.0206 -0.0206 0.0000 0.0000 0.0000 338.7431 359.1646 -4.9918 0.0000 0.0000
5520.03 19.07.2018 01.00.01 23.19036 287.7050 -7.6660 -0.0234 -0.0234 0.0000 0.0000 0.0000 337.8955 358.3850 -5.3079 0.0000 0.0000
5530.03 19.07.2018 01.10.01 23.18487 287.6405 -8.0820 -0.0246 -0.0246 0.0000 0.0000 0.0000 337.7534 357.7017 -4.7630 0.0000 0.0000
5540.03 19.07.2018 01.20.01 23.17928 287.5936 -9.0866 -0.0277 -0.0277 0.0000 0.0000 0.0000 337.6616 357.1066 -4.2244 0.0000 0.0000
5550.03 19.07.2018 01.30.01 23.17291 287.5077 -9.5466 -0.0291 -0.0291 0.0000 0.0000 0.0000 337.5794 356.5553 -3.9631 0.0000 0.0000
5560.03 19.07.2018 01.40.01 23.16635 287.3754 -10.4811 -0.0320 -0.0320 0.0000 0.0000 0.0000 337.4991 356.0243 -3.9593 0.0000 0.0000
5570.03 19.07.2018 01.50.01 23.15902 287.4134 -10.8550 -0.0331 -0.0331 0.0000 0.0000 0.0000 337.4214 355.5747 -3.1784 0.0000 0.0000
5580.03 19.07.2018 02.00.01 23.15164 287.3708 -11.8369 -0.0361 -0.0361 0.0000 0.0003 0.0002 337.3835 355.1686 -2.9316 0.0000 0.0000
5590.03 19.07.2018 02.10.01 23.14343 287.2553 -12.1910 -0.0372 -0.0372 0.0000 0.1981 0.0991 336.7116 354.7203 -3.2315 0.0000 0.0000
5600.03 19.07.2018 02.20.01 23.13516 287.0880 -13.2344 -0.0403 -0.0403 0.0000 0.4270 0.2135 336.0094 354.2085 -3.9826 0.0000 0.0000
5610.03 19.07.2018 02.30.01 23.12603 286.8932 -13.4553 -0.0410 -0.0410 0.0000 0.6599 0.3299 335.2599 353.6304 -4.8511 0.0000 0.0000
5620.03 19.07.2018 02.40.01 23.11688 286.7040 -14.3899 -0.0439 -0.0439 0.0000 0.8937 0.4468 334.4891 353.0203 -5.5922 0.0000 0.0000
5630.03 19.07.2018 02.50.01 23.10699 286.5668 -14.7278 -0.0449 -0.0449 0.0000 1.1276 0.5638 333.6624 352.3949 -6.0739 0.0000 0.0000
5640.03 19.07.2018 03.00.01 23.09692 286.4508 -15.5854 -0.0475 -0.0475 0.0000 1.3671 0.6836 332.8087 351.7614 -6.3741 0.0000 0.0000
5650.03 19.07.2018 03.10.01 23.08630 286.4886 -16.0739 -0.0490 -0.0490 0.0000 4.8946 2.4473 332.3551 351.3245 -5.2608 0.0000 0.0000
5660.03 19.07.2018 03.20.01 23.07531 286.5341 -16.6970 -0.0509 -0.0509 0.0000 8.9396 4.4698 332.0527 351.0849 -4.4378 0.0000 0.0000
5670.03 19.07.2018 03.30.01 23.06402 286.5822 -17.4143 -0.0531 -0.0531 0.0000 13.0521 6.5260 331.8179 350.9853 -3.8661 0.0000 0.0000
5680.03 19.07.2018 03.40.01 23.05215 286.6304 -17.8555 -0.0544 -0.0544 0.0000 17.1794 8.5897 331.6290 350.9982 -3.5298 0.0000 0.0000
5690.03 19.07.2018 03.50.01 23.04016 286.6875 -18.7987 -0.0573 -0.0573 0.0000 21.3092 10.6546 331.4727 351.1143 -3.3048 0.0000 0.0000
5700.03 19.07.2018 04.00.01 23.02740 286.7522 -18.9742 -0.0578 -0.0578 0.0000 25.4450 12.7225 331.3399 351.3237 -3.1528 0.0000 0.0000
5710.03 19.07.2018 04.10.01 23.01458 287.1149 -19.7673 -0.0603 -0.0603 0.0000 32.9204 16.4602 331.8297 351.8563 -1.4175 0.0000 0.0000
5720.03 19.07.2018 04.20.01 23.00125 287.4837 -20.1886 -0.0616 -0.0616 0.0000 40.9215 20.4607 332.5087 352.6980 -0.1219 0.0000 0.0000
5730.03 19.07.2018 04.30.01 22.98754 287.8568 -20.6862 -0.0631 -0.0631 0.0000 48.9910 24.4955 333.2846 353.7787 0.8472 0.0000 0.0000
5740.03 19.07.2018 04.40.01 22.97372 288.2334 -21.5788 -0.0658 -0.0658 0.0000 57.0756 28.5378 334.1282 355.0654 1.5436 0.0000 0.0000
5750.03 19.07.2018 04.50.01 22.95916 288.6109 -21.6006 -0.0659 -0.0659 0.0000 65.1628 32.5814 335.0232 356.5337 2.0009 0.0000 0.0000
5760.03 19.07.2018 05.00.01 22.94451 288.9914 -22.1247 -0.0675 -0.0675 0.0000 73.5149 36.7575 336.0426 358.1722 2.2548 0.0000 0.0000
5770.03 19.07.2018 05.10.01 22.92980 289.3948 -22.9945 -0.0701 -0.0701 0.0000 81.7633 40.8817 337.1038 359.9722 2.3731 0.0000 0.0000
5780.03 19.07.2018 05.20.01 22.91442 289.8033 -22.9707 -0.0700 -0.0700 0.0000 91.1568 45.5784 338.5584 361.9461 2.3367 0.0000 0.0000
5790.03 19.07.2018 05.30.01 22.89889 290.2562 -23.0789 -0.0704 -0.0704 0.0000 101.3986 50.6993 340.2902 364.1552 2.3048 0.0000 0.0000
5800.03 19.07.2018 05.40.01 22.88333 290.7206 -23.7360 -0.0724 -0.0724 0.0000 112.0916 56.0458 342.2638 366.5955 2.1180 0.0000 0.0000
5810.03 19.07.2018 05.50.01 22.86764 291.2112 -24.3511 -0.0742 -0.0742 0.0000 124.1183 62.0591 343.7096 369.2521 1.8777 0.0000 0.0000
5820.03 19.07.2018 06.00.01 22.85153 291.6520 -24.3787 -0.0743 -0.0743 0.0000 139.3883 69.6941 344.9078 372.1391 1.2025 0.0000 0.0000
5830.03 19.07.2018 06.10.01 22.83535 291.8653 -24.3659 -0.0743 -0.0743 0.0000 144.8176 72.4088 346.3209 375.0471 -0.3986 0.0000 0.0000
5840.03 19.07.2018 06.20.01 22.81918 291.9421 -24.3663 -0.0743 -0.0743 0.0000 151.4791 75.7395 347.9583 377.7064 -2.5417 0.0000 0.0000
5850.03 19.07.2018 06.30.01 22.80300 292.1837 -24.3328 -0.0742 -0.0742 0.0000 158.8948 79.4474 349.7305 380.3547 -5.1371 0.0000 0.0000
5860.03 19.07.2018 06.40.01 22.78692 292.6374 -24.3595 -0.0743 -0.0743 0.0000 187.0736 93.5368 351.8073 383.6648 -5.1713 0.0000 0.0000
5870.03 19.07.2018 06.50.01 22.77093 293.3464 -24.3422 -0.0742 -0.0742 0.0000 197.6884 98.8442 353.6716 387.6219 -4.7623 0.0000 0.0000
5880.03 19.07.2018 07.00.01 22.75506 294.0950 -24.3548 -0.0743 -0.0743 0.0000 208.8365 104.4182 355.6142 391.5578 -4.6936 0.0000 0.0000
5890.03 19.07.2018 07.10.01 22.73937 293.8255 -24.3349 -0.0742 -0.0742 0.0000 218.4800 109.2400 357.2623 395.1809 -9.3602 0.0000 0.0000
5900.03 19.07.2018 07.20.01 22.72378 293.6421 -23.9783 -0.0731 -0.0731 0.0000 227.2387 113.6194 358.5842 398.0717 -17.6436 0.0000 0.0000
5910.03 19.07.2018 07.30.01 22.70822 293.7769 -23.2444 -0.0709 -0.0709 0.0000 235.5358 117.7679 359.4600 400.6578 -24.7033 0.0000 0.0000
5920.03 19.07.2018 07.40.01 22.69320 294.1382 -22.9045 -0.0698 -0.0698 0.0000 244.2711 122.1356 361.4244 404.4898 -16.1976 0.0000 0.0000
5930.03 19.07.2018 07.50.01 22.67855 294.4949 -22.4216 -0.0684 -0.0684 0.0000 252.6595 126.3298 362.8321 407.2621 -25.4949 0.0000 0.0000
5940.03 19.07.2018 08.00.01 22.66409 294.7571 -21.5376 -0.0657 -0.0657 0.0000 282.4089 141.2044 363.0680 409.8365 -35.5007 0.0000 0.0000
5950.03 19.07.2018 08.10.01 22.65032 294.9868 -21.0088 -0.0641 -0.0641 0.0000 296.0192 148.0096 363.5671 413.0715 -38.3860 0.0000 0.0000
5960.03 19.07.2018 08.20.01 22.63693 295.2142 -20.1228 -0.0614 -0.0614 0.0000 310.8676 155.4338 364.5030 416.2435 -41.2391 0.0000 0.0000
5970.03 19.07.2018 08.30.01 22.62411 295.4509 -19.2840 -0.0588 -0.0588 0.0000 326.2730 163.1365 365.6164 419.5571 -44.2024 0.0000 0.0000
5980.03 19.07.2018 08.40.01 22.61190 295.6878 -18.4140 -0.0561 -0.0561 0.0000 340.4388 170.2194 366.7766 422.9568 -47.3011 0.0000 0.0000
5990.03 19.07.2018 08.50.01 22.60021 295.9251 -17.2494 -0.0526 -0.0526 0.0000 354.4235 177.2117 367.9395 426.4046 -50.3700 0.0000 0.0000
6000.03 19.07.2018 09.00.01 22.58923 296.1600 -16.1484 -0.0492 -0.0492 0.0000 368.3280 184.1640 369.1678 429.8957 -53.6096 0.0000 0.0000
6010.03 19.07.2018 09.10.01 22.57910 296.4221 -15.1410 -0.0462 -0.0462 0.0000 375.7283 187.8642 370.8089 433.4962 -54.7055 0.0000 0.0000
6020.03 19.07.2018 09.20.01 22.56964 296.6933 -14.0495 -0.0428 -0.0428 0.0000 381.2672 190.6336 372.2994 437.0010 -55.2125 0.0000 0.0000
6030.03 19.07.2018 09.30.01 22.56091 296.9523 -12.8154 -0.0391 -0.0391 0.0000 387.8732 193.9366 373.9788 440.4255 -56.6963 0.0000 0.0000
6040.03 19.07.2018 09.40.01 22.55303 297.2099 -11.4964 -0.0351 -0.0351 0.0000 393.7751 196.8876 375.5846 443.8998 -57.1687 0.0000 0.0000
6050.03 19.07.2018 09.50.01 22.54598 297.4872 -10.1551 -0.0310 -0.0310 0.0000 401.4968 200.7484 377.4424 447.4027 -57.4221 0.0000 0.0000
6060.03 19.07.2018 10.00.01 22.53985 297.7406 -8.7819 -0.0268 -0.0268 0.0000 406.5494 203.2747 379.0862 450.8571 -58.7650 0.0000 0.0000
6070.03 19.07.2018 10.10.01 22.53463 297.4761 -7.3569 -0.0224 -0.0224 0.0000 405.1182 202.5591 382.5196 454.5915 -56.6061 0.0000 0.0000
6080.03 19.07.2018 10.20.01 22.53039 297.4360 -5.8966 -0.0180 -0.0180 0.0000 399.8777 199.9389 385.3655 457.1341 -63.0048 0.0000 0.0000
6090.03 19.07.2018 10.30.01 22.52709 297.5117 -4.3948 -0.0134 -0.0134 0.0000 392.4702 196.2351 387.0548 457.9087 -80.2267 0.0000 0.0000
6100.03 19.07.2018 10.40.01 22.52484 297.7167 -2.8493 -0.0087 -0.0087 0.0000 388.5412 194.2706 389.1906 460.4603 -66.6834 0.0000 0.0000
6110.03 19.07.2018 10.50.01 22.52361 298.0203 -1.2682 -0.0039 -0.0039 0.0000 383.0340 191.5170 391.2657 462.7590 -64.7874 0.0000 0.0000
6120.03 19.07.2018 11.00.01 22.52361 298.2349 0.0868 0.0003 0.0003 0.0000 376.6008 188.3004 392.6457 462.5677 -81.6940 0.0000 0.0000
6130.03 19.07.2018 11.10.01 22.52450 298.2047 1.5817 0.0048 0.0048 0.0000 353.9558 176.9779 394.8203 464.6045 -63.5996 0.0000 0.0000
6140.03 19.07.2018 11.20.01 22.52633 298.0916 3.7000 0.0113 0.0113 0.0000 326.5812 163.2906 396.3864 464.9801 -63.0624 0.0000 0.0000
6150.03 19.07.2018 11.30.01 22.52963 297.9289 4.8475 0.0148 0.0148 0.0000 298.5590 149.2795 397.2459 462.6514 -76.4235 0.0000 0.0000
6160.03 19.07.2018 11.40.01 22.53353 298.0148 7.0325 0.0214 0.0214 0.0000 271.8065 135.9032 398.0802 461.3294 -67.6218 0.0000 0.0000
6170.03 19.07.2018 11.50.01 22.53903 298.1732 8.1889 0.0250 0.0250 0.0000 244.2924 122.1462 398.6521 459.2615 -64.2519 0.0000 0.0000
6180.03 19.07.2018 12.00.01 22.54534 298.4536 10.0540 0.0307 0.0307 0.0000 216.6374 108.3187 398.5393 456.6798 -61.1696 0.0000 0.0000
6190.03 19.07.2018 12.10.01 22.55267 298.4060 11.5846 0.0353 0.0353 0.0000 209.1651 104.5825 396.8327 454.1340 -58.0319 0.0000 0.0000
6200.03 19.07.2018 12.20.01 22.56127 298.3820 13.0432 0.0398 0.0398 0.0000 206.6869 103.3434 395.8363 452.0087 -55.5478 0.0000 0.0000
6210.03 19.07.2018 12.30.01 22.57046 298.3690 14.8990 0.0454 0.0454 0.0000 204.8425 102.4213 395.0908 450.1893 -53.4419 0.0000 0.0000
6220.03 19.07.2018 12.40.01 22.58120 298.3656 15.8233 0.0482 0.0482 0.0000 203.1132 101.5566 394.4571 448.5953 -51.5303 0.0000 0.0000
6230.03 19.07.2018 12.50.01 22.59222 298.3627 17.7373 0.0541 0.0541 0.0000 201.3078 100.6539 393.8710 447.1796 -49.8374 0.0000 0.0000
6240.03 19.07.2018 13.00.01 22.60476 298.3612 18.4383 0.0562 0.0562 0.0000 199.6582 99.8291 393.3351 445.9137 -48.3476 0.0000 0.0000
6250.03 19.07.2018 13.10.01 22.61761 298.2356 20.0567 0.0611 0.0611 0.0000 218.6551 109.3276 390.7470 444.7713 -51.6805 0.0000 0.0000
6260.03 19.07.2018 13.20.01 22.63149 298.2362 20.9308 0.0638 0.0638 0.0000 242.8501 121.4251 388.7137 444.2386 -55.7573 0.0000 0.0000
6270.03 19.07.2018 13.30.01 22.64617 298.2904 21.8034 0.0665 0.0665 0.0000 268.4376 134.2188 386.8387 444.2874 -59.7854 0.0000 0.0000
6280.03 19.07.2018 13.40.01 22.66088 298.3347 23.6499 0.0721 0.0721 0.0000 295.4095 147.7047 385.1605 444.8547 -63.9832 0.0000 0.0000
6290.03 19.07.2018 13.50.01 22.67715 298.4022 23.6929 0.0722 0.0722 0.0000 323.3323 161.6661 383.6625 445.8344 -69.1487 0.0000 0.0000
6300.03 19.07.2018 14.00.01 22.69366 298.4830 24.4067 0.0744 0.0744 0.0000 350.1797 175.0898 382.0758 447.1167 -75.0613 0.0000 0.0000
6310.03 19.07.2018 14.10.01 22.71017 298.4366 25.9443 0.0791 0.0791 0.0000 341.3362 170.6681 382.4568 448.0507 -77.9745 0.0000 0.0000
6320.03 19.07.2018 14.20.01 22.72775 298.3601 26.4714 0.0807 0.0807 0.0000 324.6886 162.3443 381.8280 448.0108 -79.1681 0.0000 0.0000
6330.03 19.07.2018 14.30.01 22.74609 298.2794 26.5184 0.0808 0.0808 0.0000 306.8115 153.4057 380.7765 447.3576 -78.4850 0.0000 0.0000
6340.03 19.07.2018 14.40.01 22.76443 298.2143 27.1326 0.0827 0.0827 0.0000 287.2134 143.6067 379.4924 446.3062 -75.6614 0.0000 0.0000
6350.03 19.07.2018 14.50.01 22.78277 298.1500 28.3811 0.0865 0.0865 0.0000 268.1795 134.0898 378.2030 444.8998 -72.0941 0.0000 0.0000
6360.03 19.07.2018 15.00.01 22.80209 298.0828 29.2479 0.0892 0.0892 0.0000 248.1589 124.0795 376.7734 443.1736 -68.1342 0.0000 0.0000
6370.03 19.07.2018 15.10.01 22.82153 297.9143 29.9413 0.0913 0.0913 0.0000 232.7762 116.3881 375.5426 441.3623 -64.4203 0.0000 0.0000
6380.03 19.07.2018 15.20.01 22.84164 297.7461 30.0565 0.0916 0.0916 0.0000 218.5103 109.2552 374.4821 439.3491 -61.3327 0.0000 0.0000
6390.03 19.07.2018 15.30.01 22.86178 297.5776 30.7113 0.0936 0.0936 0.0000 204.2990 102.1495 373.4512 437.1974 -58.5012 0.0000 0.0000
6400.03 19.07.2018 15.40.01 22.88214 297.4075 31.3247 0.0955 0.0955 0.0000 188.5849 94.2925 372.3723 434.8795 -55.6281 0.0000 0.0000
6410.03 19.07.2018 15.50.01 22.90310 297.2348 31.3886 0.0957 0.0957 0.0000 173.1373 86.5686 371.2993 432.3967 -52.6578 0.0000 0.0000
6420.03 19.07.2018 16.00.01 22.92413 297.0595 31.9490 0.0974 0.0974 0.0000 157.6527 78.8264 370.2256 429.7947 -49.5874 0.0000 0.0000
6430.03 19.07.2018 16.10.01 22.94518 296.9300 32.6126 0.0994 0.0994 0.0000 158.7430 79.3715 368.5074 427.3545 -47.6106 0.0000 0.0000
6440.03 19.07.2018 16.20.01 22.96661 296.8108 32.7194 0.0998 0.0998 0.0000 161.6476 80.8238 367.0008 425.2771 -47.0852 0.0000 0.0000
6450.03 19.07.2018 16.30.01 22.98828 296.7082 32.6782 0.0996 0.0996 0.0000 164.6920 82.3460 365.6075 423.4534 -46.9116 0.0000 0.0000
6460.03 19.07.2018 16.40.01 23.00994 296.6106 32.6992 0.0997 0.0997 0.0000 170.7509 85.3755 364.2457 421.8867 -46.1928 0.0000 0.0000
6470.03 19.07.2018 16.50.01 23.03167 296.5187 32.6771 0.0996 0.0996 0.0000 177.7054 88.8527 362.9115 420.5440 -46.8358 0.0000 0.0000
6480.03 19.07.2018 17.00.01 23.05331 296.4290 32.7173 0.0997 0.0997 0.0000 184.9649 92.4824 361.6147 419.4131 -47.8745 0.0000 0.0000
6490.03 19.07.2018 17.10.01 23.07485 296.2190 32.7179 0.0997 0.0997 0.0000 172.0039 86.0019 360.2660 417.9554 -48.6152 0.0000 0.0000
6500.03 19.07.2018 17.20.01 23.09631 295.9817 32.6946 0.0997 0.0997 0.0000 156.4383 78.2191 358.6060 415.9990 -47.3389 0.0000 0.0000
6510.03 19.07.2018 17.30.01 23.11764 295.7359 32.6667 0.0996 0.0996 0.0000 140.2569 70.1284 356.8394 413.7486 -45.1719 0.0000 0.0000
6520.03 19.07.2018 17.40.01 23.13876 295.5078 32.6412 0.0995 0.0995 0.0000 121.7936 60.8968 355.1263 411.4670 -39.9341 0.0000 0.0000
6530.03 19.07.2018 17.50.01 23.15984 295.2750 32.3321 0.0986 0.0986 0.0000 102.8603 51.4301 353.3882 408.9807 -35.0788 0.0000 0.0000
6540.03 19.07.2018 18.00.01 23.18090 295.0366 31.6364 0.0965 0.0965 0.0000 83.6483 41.8242 351.6210 406.2844 -30.5492 0.0000 0.0000
6550.03 19.07.2018 18.10.01 23.20159 294.6829 31.2808 0.0954 0.0954 0.0000 72.4076 36.2038 350.2107 403.4358 -27.9179 0.0000 0.0000
6560.03 19.07.2018 18.20.01 23.22186 294.3351 31.2474 0.0953 0.0953 0.0000 61.9416 30.9708 348.9025 400.6549 -25.6681 0.0000 0.0000
6570.03 19.07.2018 18.30.01 23.24200 293.9876 30.8306 0.0940 0.0940 0.0000 51.4871 25.7436 347.6333 397.8704 -23.4502 0.0000 0.0000
6580.03 19.07.2018 18.40.01 23.26205 293.6447 29.8954 0.0911 0.0911 0.0000 37.6627 18.8313 346.3777 395.0112 -21.0809 0.0000 0.0000
6590.03 19.07.2018 18.50.01 23.28130 293.2945 29.6358 0.0904 0.0904 0.0000 23.4997 11.7498 345.1074 392.0326 -18.4991 0.0000 0.0000
6600.03 19.07.2018 19.00.01 23.30053 292.9436 28.7805 0.0877 0.0877 0.0000 9.1998 4.5999 343.8328 388.9758 -15.8168 0.0000 0.0000
6610.03 19.07.2018 19.10.01 23.31902 292.5550 28.3240 0.0864 0.0864 0.0000 6.8674 3.4337 342.4037 386.0298 -14.0241 0.0000 0.0000
6620.03 19.07.2018 19.20.01 23.33734 292.1729 27.3228 0.0833 0.0833 0.0000 5.4006 2.7003 341.0835 383.3895 -12.7492 0.0000 0.0000
6630.03 19.07.2018 19.30.01 23.35488 291.7954 26.7586 0.0816 0.0816 0.0000 4.0848 2.0424 339.8058 380.9168 -11.7279 0.0000 0.0000
6640.03 19.07.2018 19.40.01 23.37209 291.4211 25.6762 0.0783 0.0783 0.0000 2.7968 1.3984 338.5519 378.5808 -10.8947 0.0000 0.0000
6650.03 19.07.2018 19.50.01 23.38857 291.0467 24.9067 0.0759 0.0759 0.0000 1.5139 0.7569 337.3142 376.3566 -10.2554 0.0000 0.0000
6660.03 19.07.2018 20.00.01 23.40447 290.6730 24.0080 0.0732 0.0732 0.0000 0.2336 0.1168 336.0899 374.2255 -9.7728 0.0000 0.0000
6670.03 19.07.2018 20.10.01 23.41979 290.5106 22.8395 0.0696 0.0696 0.0000 0.0352 0.0176 335.2953 372.3680 -7.7488 0.0000 0.0000
6680.03 19.07.2018 20.20.01 23.43444 290.3510 21.7226 0.0662 0.0662 0.0000 0.0071 0.0035 334.5973 370.7176 -6.0930 0.0000 0.0000
6690.03 19.07.2018 20.30.01 23.44824 290.1917 20.7757 0.0633 0.0633 0.0000 0.0012 0.0006 333.9446 369.2217 -4.7535 0.0000 0.0000
6700.03 19.07.2018 20.40.01 23.46139 290.0337 19.6576 0.0599 0.0599 0.0000 0.0002 0.0001 333.3220 367.8528 -3.6801 0.0000 0.0000
6710.03 19.07.2018 20.50.01 23.47384 289.8798 18.4338 0.0562 0.0562 0.0000 0.0000 0.0000 332.7201 366.5913 -2.8078 0.0000 0.0000
6720.03 19.07.2018 21.00.01 23.48550 289.7252 17.1804 0.0524 0.0524 0.0000 0.0000 0.0000 332.1380 365.4189 -2.1192 0.0000 0.0000
6730.03 19.07.2018 21.10.01 23.49639 289.5191 15.9015 0.0485 0.0485 0.0000 0.0000 0.0000 331.7913 364.2943 -1.9870 0.0000 0.0000
6740.03 19.07.2018 21.20.01 23.50646 289.3137 14.5811 0.0445 0.0445 0.0000 0.0000 0.0000 331.4481 363.2308 -1.9515 0.0000 0.0000
6750.03 19.07.2018 21.30.01 23.51562 289.1092 13.4316 0.0409 0.0409 0.0000 0.0000 0.0000 331.1109 362.2166 -1.9824 0.0000 0.0000
6760.03 19.07.2018 21.40.01 23.52395 288.9041 12.2395 0.0373 0.0373 0.0000 0.0000 0.0000 330.7754 361.2442 -2.0819 0.0000 0.0000
6770.03 19.07.2018 21.50.01 23.53149 288.7001 11.0593 0.0337 0.0337 0.0000 0.0000 0.0000 330.4475 360.3085 -2.2243 0.0000 0.0000
6780.03 19.07.2018 22.00.01 23.53823 288.4966 9.7982 0.0299 0.0299 0.0000 0.0000 0.0000 330.1223 359.4048 -2.4110 0.0000 0.0000
6790.03 19.07.2018 22.10.01 23.54412 288.3039 8.5400 0.0260 0.0260 0.0000 0.0000 0.0000 328.7797 358.4983 -2.4850 0.0000 0.0000
6800.03 19.07.2018 22.20.01 23.54919 288.1077 7.2954 0.0222 0.0222 0.0000 0.0000 0.0000 327.4178 357.5552 -2.5002 0.0000 0.0000
6810.03 19.07.2018 22.30.01 23.55343 287.9057 5.9579 0.0182 0.0182 0.0000 0.0000 0.0000 326.0491 356.5961 -2.5375 0.0000 0.0000
6820.03 19.07.2018 22.40.01 23.55685 287.7037 4.6941 0.0143 0.0143 0.0000 0.0000 0.0000 324.6946 355.6282 -2.5360 0.0000 0.0000
6830.03 19.07.2018 22.50.01 23.55947 287.5040 3.3473 0.0102 0.0102 0.0000 0.0000 0.0000 323.3457 354.6536 -2.5075 0.0000 0.0000
6840.03 19.07.2018 23.00.01 23.56130 287.3049 2.0720 0.0063 0.0063 0.0000 0.0000 0.0000 321.9966 353.6722 -2.4635 0.0000 0.0000
6850.03 19.07.2018 23.10.01 23.56222 287.0934 0.9193 0.0028 0.0028 0.0000 0.0000 0.0000 321.1592 352.6991 -2.4814 0.0000 0.0000
6860.03 19.07.2018 23.20.01 23.56234 286.9056 -0.1812 -0.0006 -0.0006 0.0000 0.0000 0.0000 320.3503 351.7669 -2.4501 0.0000 0.0000
6870.03 19.07.2018 23.30.01 23.56167 286.6902 -1.3468 -0.0041 -0.0041 0.0000 0.0000 0.0000 319.5326 350.8356 -2.6173 0.0000 0.0000
6880.03 19.07.2018 23.40.01 23.56024 286.4176 -2.5954 -0.0079 -0.0079 0.0000 0.0000 0.0000 318.6890 349.8756 -3.2016 0.0000 0.0000
6890.03 19.07.2018 23.50.01 23.55804 286.1262 -3.7961 -0.0116 -0.0116 0.0000 0.0000 0.0000 317.8353 348.8878 -3.9074 0.0000 0.0000
6900.03 20.07.2018 00.00.01 23.55508 285.8430 -5.0116 -0.0153 -0.0153 0.0000 0.0000 0.0000 316.9794 347.8863 -4.5549 0.0000 0.0000
6910.03 20.07.2018 00.10.01 23.55142 285.6935 -6.2792 -0.0191 -0.0191 0.0000 0.0000 0.0000 316.0017 346.9482 -4.2494 0.0000 0.0000
6920.03 20.07.2018 00.20.01 23.54684 285.5439 -7.3690 -0.0225 -0.0225 0.0000 0.0000 0.0000 315.0285 346.0350 -3.9591 0.0000 0.0000
6930.03 20.07.2018 00.30.01 23.54153 285.3949 -8.4132 -0.0257 -0.0257 0.0000 0.0000 0.0000 314.0563 345.1430 -3.6962 0.0000 0.0000
6940.03 20.07.2018 00.40.01 23.53552 285.2452 -9.4902 -0.0289 -0.0289 0.0000 0.0000 0.0000 313.0865 344.2697 -3.4551 0.0000 0.0000
6950.03 20.07.2018 00.50.01 23.52877 285.0955 -10.5757 -0.0322 -0.0322 0.0000 0.0000 0.0000 312.1211 343.4122 -3.2346 0.0000 0.0000
6960.03 20.07.2018 01.00.01 23.52142 284.9467 -11.8766 -0.0362 -0.0362 0.0000 0.0000 0.0000 311.1556 342.5689 -3.0295 0.0000 0.0000
6970.03 20.07.2018 01.10.01 23.51318 284.8134 -12.9720 -0.0395 -0.0395 0.0000 0.0000 0.0000 310.5753 341.7605 -2.7602 0.0000 0.0000
6980.03 20.07.2018 01.20.01 23.50417 284.6748 -13.8273 -0.0422 -0.0422 0.0000 0.0000 0.0000 310.0229 340.9897 -2.5814 0.0000 0.0000
6990.03 20.07.2018 01.30.01 23.49459 284.5344 -14.8691 -0.0453 -0.0453 0.0000 0.0000 0.0000 309.4888 340.2450 -2.4445 0.0000 0.0000
7000.03 20.07.2018 01.40.01 23.48434 284.3913 -16.0343 -0.0489 -0.0489 0.0000 0.0000 0.0000 308.9598 339.5210 -2.3631 0.0000 0.0000
7010.03 20.07.2018 01.50.01 23.47335 284.2457 -17.1152 -0.0522 -0.0522 0.0000 0.0000 0.0000 308.4443 338.8160 -2.3116 0.0000 0.0000
7020.03 20.07.2018 02.00.01 23.46160 284.0990 -17.9628 -0.0548 -0.0548 0.0000 0.0004 0.0002 307.9341 338.1271 -2.2960 0.0000 0.0000
7030.03 20.07.2018 02.10.01 23.44927 283.9645 -18.9987 -0.0579 -0.0579 0.0000 0.2240 0.1120 307.7827 337.4741 -2.2739 0.0000 0.0000
7040.03 20.07.2018 02.20.01 23.43640 283.8248 -20.2283 -0.0617 -0.0617 0.0000 0.4827 0.2413 307.6482 336.8620 -2.3521 0.0000 0.0000
7050.03 20.07.2018 02.30.01 23.42266 283.6851 -21.1198 -0.0644 -0.0644 0.0000 0.7460 0.3730 307.5214 336.2785 -2.4746 0.0000 0.0000
7060.03 20.07.2018 02.40.01 23.40829 283.5398 -21.9322 -0.0669 -0.0669 0.0000 1.0103 0.5051 307.3942 335.7169 -2.6716 0.0000 0.0000
7070.03 20.07.2018 02.50.01 23.39343 283.3999 -23.0036 -0.0701 -0.0701 0.0000 1.2747 0.6374 307.2716 335.1767 -2.8695 0.0000 0.0000
7080.03 20.07.2018 03.00.01 23.37786 283.2596 -23.9892 -0.0731 -0.0731 0.0000 1.5440 0.7720 307.1444 334.6537 -3.1058 0.0000 0.0000
7090.03 20.07.2018 03.10.01 23.36160 283.3239 -24.7442 -0.0754 -0.0754 0.0000 4.6720 2.3360 306.8368 334.3032 -2.0874 0.0000 0.0000
7100.03 20.07.2018 03.20.01 23.34493 283.3930 -25.8339 -0.0788 -0.0788 0.0000 8.2501 4.1250 306.6412 334.1100 -1.3089 0.0000 0.0000
7110.03 20.07.2018 03.30.01 23.32754 283.4564 -26.7490 -0.0816 -0.0816 0.0000 11.8867 5.9434 306.5002 334.0366 -0.7596 0.0000 0.0000
7120.03 20.07.2018 03.40.01 23.30947 283.5244 -27.4119 -0.0836 -0.0836 0.0000 15.5364 7.7682 306.4011 334.0650 -0.3571 0.0000 0.0000
7130.03 20.07.2018 03.50.01 23.29110 283.5853 -28.5261 -0.0870 -0.0870 0.0000 19.1881 9.5940 306.3282 334.1785 -0.1273 0.0000 0.0000
7140.03 20.07.2018 04.00.01 23.27191 283.6456 -29.1781 -0.0890 -0.0890 0.0000 22.8397 11.4199 306.2753 334.3672 -0.0096 0.0000 0.0000
7150.03 20.07.2018 04.10.01 23.25228 283.9480 -30.0313 -0.0916 -0.0916 0.0000 26.2167 13.1084 306.7057 334.7636 1.5471 0.0000 0.0000
7160.03 20.07.2018 04.20.01 23.23214 284.2661 -30.8500 -0.0941 -0.0941 0.0000 29.5505 14.7753 307.2165 335.3162 2.9852 0.0000 0.0000
7170.03 20.07.2018 04.30.01 23.21142 284.5926 -31.4705 -0.0959 -0.0959 0.0000 32.8787 16.4393 307.7691 335.9992 4.3057 0.0000 0.0000
7180.03 20.07.2018 04.40.01 23.19036 284.9254 -32.4637 -0.0990 -0.0990 0.0000 36.2055 18.1028 308.3524 336.7982 5.5050 0.0000 0.0000
7190.03 20.07.2018 04.50.01 23.16857 285.2636 -32.8842 -0.1003 -0.1003 0.0000 39.5322 19.7661 308.9607 337.7012 6.5996 0.0000 0.0000
