# simtime date time IndoorTemp Av_Tair_at_facade Energyflux.toIndoor.sum  Energyflux.toIndoor.average Energyflux.Conduction.average Energyflux.SW.transmission.average Shortwave.availabe Shortwave.absorbed Longwave.available Longwave.emittedFacade Sensible.outside Vapour.fromGreening Vapour.fromSubstrate
10.02 15.07.2018 05.10.00 19.90112 289.1527 373.7659 0.4997 -0.4483 1.2640 259.2123 130.5091 322.0565 371.8517 -18.1871 0.0000 0.0000
20.02 15.07.2018 05.20.00 19.93719 289.8117 587.5642 0.7855 -0.8607 2.1950 452.7331 227.4007 325.1670 383.5368 -30.8112 0.0000 0.0000
30.03 15.07.2018 05.30.01 20.00475 290.6056 850.4247 1.1369 -1.3446 3.3087 770.4976 398.7050 329.9605 421.3020 -65.6134 0.0000 0.0000
40.03 15.07.2018 05.40.01 20.11337 291.5599 1153.1003 1.5416 -1.9227 4.6191 731.5946 378.7352 336.2653 438.6268 -78.5945 0.0000 0.0000
50.03 15.07.2018 05.50.01 20.26116 292.2662 726.0990 0.9707 -2.5939 4.7528 691.3709 357.9702 339.3029 448.4115 -85.7280 0.0000 0.0000
60.03 15.07.2018 06.00.01 20.35845 292.7380 406.3435 0.5432 -2.9473 4.6541 654.6831 338.7908 341.1658 454.4780 -91.6490 0.0000 0.0000
70.03 15.07.2018 06.10.01 20.41683 292.9880 239.2953 0.3199 -3.0841 4.5387 629.6889 325.9435 342.4797 459.4023 -96.6754 0.0000 0.0000
80.03 15.07.2018 06.20.01 20.45510 293.2192 222.6897 0.2977 -3.1127 4.5472 605.9559 313.7533 344.0277 463.0297 -100.7469 0.0000 0.0000
90.03 15.07.2018 06.30.01 20.58508 293.4380 15124.9004 20.2205 -3.5547 31.7003 663.6928 329.9640 345.3934 472.2437 -110.3377 0.0000 0.0000
100.03 15.07.2018 06.40.01 22.49685 293.6976 7777.2422 10.3974 -12.6769 30.7657 646.6847 321.6861 346.8330 474.5081 -111.9468 0.0000 0.0000
110.03 15.07.2018 06.50.01 23.51180 293.9226 4071.0940 5.4426 -16.8908 29.7780 629.3786 313.2713 348.2083 475.9042 -113.5119 0.0000 0.0000
120.03 15.07.2018 07.00.01 24.06835 294.1537 2144.2544 2.8667 -18.7017 28.7578 611.8357 304.7363 349.5629 476.5426 -114.7869 0.0000 0.0000
130.03 15.07.2018 07.10.01 24.38448 294.4871 1265.5253 1.6919 -19.3092 28.0015 600.2291 299.1057 351.0902 477.8144 -113.7944 0.0000 0.0000
140.03 15.07.2018 07.20.01 24.58871 294.8425 791.2344 1.0578 -19.3930 27.2677 589.0203 293.6940 352.8084 478.9983 -112.3211 0.0000 0.0000
150.03 15.07.2018 07.30.01 24.73107 295.1998 492.0586 0.6578 -19.2089 26.4890 642.9468 327.3979 354.5188 489.7337 -120.8425 0.0000 0.0000
160.03 15.07.2018 07.40.01 24.83465 295.6422 424.2552 0.5672 -18.8679 25.9134 633.1201 322.4470 356.4844 491.6958 -118.0982 0.0000 0.0000
170.03 15.07.2018 07.50.01 24.92782 296.0295 322.8151 0.4316 -18.5056 25.2496 622.6610 317.1892 358.3258 493.2670 -115.3359 0.0000 0.0000
180.03 15.07.2018 08.00.01 25.00677 296.3777 216.7613 0.2898 -18.0970 24.5158 611.3625 311.4810 360.0672 494.4368 -112.5373 0.0000 0.0000
190.03 15.07.2018 08.10.01 25.07119 296.7118 142.4326 0.1904 -17.6379 23.7711 599.6236 305.5646 361.9609 497.3997 -101.6187 0.0000 0.0000
200.03 15.07.2018 08.20.01 25.18670 297.1113 9881.0156 13.2099 -17.4286 40.8513 641.3862 318.3012 363.7919 503.6613 -100.2774 0.0000 0.0000
210.03 15.07.2018 08.30.01 26.46453 297.2505 4893.2646 6.5418 -22.9011 39.2572 626.9760 311.4210 365.3201 502.2391 -105.3081 0.0000 0.0000
220.03 15.07.2018 08.40.01 27.13198 297.2940 2420.5381 3.2360 -25.0724 37.7446 614.4753 305.4512 366.7238 502.0823 -100.9970 0.0000 0.0000
230.03 15.07.2018 08.50.01 27.52273 297.4375 6028.5972 8.0596 -25.8066 45.1549 645.9264 319.1188 368.1905 506.4309 -105.5886 0.0000 0.0000
240.03 15.07.2018 09.00.01 28.33557 297.6721 2840.5496 3.7975 -28.6038 43.2018 631.6408 312.4040 369.8269 505.7494 -110.0334 0.0000 0.0000
250.03 15.07.2018 09.10.01 28.75289 298.0912 1010.8413 1.3514 -29.3398 40.9216 614.4869 304.3817 371.6092 509.5500 -93.4231 0.0000 0.0000
260.03 15.07.2018 09.20.01 28.93896 298.8186 -88.6710 -0.1185 -28.9443 38.4344 612.2141 305.4451 373.4598 513.5209 -96.5660 0.0000 0.0000
270.03 15.07.2018 09.30.01 28.98513 298.8506 -539.5206 -0.7213 -27.9116 36.2537 607.1969 304.6262 374.8260 512.7822 -110.9583 0.0000 0.0000
280.03 15.07.2018 09.40.01 28.97103 298.7754 -706.7644 -0.9449 -26.6685 34.2981 598.0534 300.9829 376.2349 512.7693 -99.5827 0.0000 0.0000
290.03 15.07.2018 09.50.01 28.93191 299.0404 -779.0302 -1.0415 -25.3823 32.4544 584.8897 294.8458 378.0130 509.6471 -113.7640 0.0000 0.0000
300.03 15.07.2018 10.00.01 28.87966 298.6796 -919.4898 -1.2293 -24.1044 30.5002 569.5260 287.4719 379.2236 503.6936 -133.9870 0.0000 0.0000
310.03 15.07.2018 10.10.01 28.80743 299.0002 -840.0133 -1.1230 -22.7946 28.8955 557.6511 281.7433 380.2784 502.0264 -125.9478 0.0000 0.0000
320.03 15.07.2018 10.20.01 28.74221 299.3468 -885.4535 -1.1838 -21.5669 27.1775 544.2008 275.1547 381.2426 500.4920 -120.2135 0.0000 0.0000
330.03 15.07.2018 10.30.01 28.66873 299.6183 -1024.2919 -1.3694 -20.3386 25.2923 528.8054 267.5305 381.7264 498.5659 -116.2068 0.0000 0.0000
340.03 15.07.2018 10.40.01 28.57687 299.9382 -903.9689 -1.2085 -19.0633 23.8064 518.4715 262.5587 382.7446 497.4687 -113.1669 0.0000 0.0000
350.03 15.07.2018 10.50.01 28.50109 300.1795 -1050.1066 -1.4039 -17.9045 22.0008 505.2589 256.1006 383.5584 495.9553 -110.8865 0.0000 0.0000
360.03 15.07.2018 11.00.01 28.40484 300.3916 -1173.8019 -1.5693 -16.6834 20.1522 491.7160 249.4765 384.3007 494.2751 -109.6927 0.0000 0.0000
370.03 15.07.2018 11.10.01 28.29122 300.5034 -1182.9227 -1.5814 -15.4176 18.4482 478.1921 242.9587 385.3599 492.9348 -107.0534 0.0000 0.0000
380.03 15.07.2018 11.20.01 28.17401 300.5891 -1333.9601 -1.7834 -14.1754 16.5227 462.4169 235.2560 386.2712 491.2183 -104.7845 0.0000 0.0000
390.03 15.07.2018 11.30.01 28.03573 300.6738 -1452.5463 -1.9419 -12.8709 14.5720 446.1350 227.2699 387.0004 489.2790 -103.0000 0.0000 0.0000
400.03 15.07.2018 11.40.01 27.88046 300.7266 -1455.9993 -1.9465 -11.5279 12.7752 432.9084 220.9063 387.9434 487.5227 -101.7900 0.0000 0.0000
410.03 15.07.2018 11.50.01 27.72228 300.8281 -1531.8724 -2.0480 -10.2167 10.8917 418.0191 213.6115 388.6714 485.5223 -100.2493 0.0000 0.0000
420.03 15.07.2018 12.00.01 27.55215 300.9344 -1627.9865 -2.1765 -8.8905 8.9521 401.9106 205.6269 389.1499 483.2378 -98.3104 0.0000 0.0000
430.03 15.07.2018 12.10.01 27.36813 301.1345 -1551.8035 -2.0746 -7.5410 7.2885 389.0521 199.5207 390.1197 482.6526 -89.0510 0.0000 0.0000
440.03 15.07.2018 12.20.01 27.19290 301.2490 -1093.1832 -1.4615 -6.2760 6.4194 385.9776 198.6827 390.6915 482.4937 -88.9595 0.0000 0.0000
450.03 15.07.2018 12.30.01 27.07473 301.2440 -393.3443 -0.5259 -5.3266 6.4010 393.9700 203.8403 391.0126 482.7836 -96.1160 0.0000 0.0000
460.03 15.07.2018 12.40.01 27.04324 301.3107 -32.1101 -0.0429 -4.8213 6.3711 401.8285 208.8378 391.3662 483.4403 -99.8086 0.0000 0.0000
470.03 15.07.2018 12.50.01 27.05688 301.2629 128.3413 0.1716 -4.5412 6.2838 408.5059 213.1714 391.5179 483.7855 -103.8733 0.0000 0.0000
480.03 15.07.2018 13.00.01 27.09081 301.3601 267.4454 0.3575 -4.3583 6.2878 416.3076 218.1110 391.9000 484.6499 -107.0765 0.0000 0.0000
490.03 15.07.2018 13.10.01 27.14260 301.4056 308.9246 0.4130 -4.2535 6.2220 419.9931 220.8476 391.9348 485.6597 -104.5010 0.0000 0.0000
500.03 15.07.2018 13.20.01 27.20010 301.4592 317.7061 0.4247 -4.1668 6.1221 422.7316 223.0431 391.8682 486.6652 -102.5840 0.0000 0.0000
510.03 15.07.2018 13.30.01 27.25887 301.4876 264.6581 0.3538 -4.0798 5.9115 423.1305 223.9191 391.4523 487.3553 -100.8852 0.0000 0.0000
520.03 15.07.2018 13.40.01 27.31121 301.5067 262.8080 0.3513 -3.9586 5.7466 424.7873 225.4558 391.0330 488.2110 -99.4967 0.0000 0.0000
530.03 15.07.2018 13.50.01 27.36346 301.5319 293.4919 0.3924 -3.8367 5.6387 426.8275 227.1787 390.7199 489.2467 -98.1677 0.0000 0.0000
540.03 15.07.2018 14.00.01 27.41937 301.5486 256.5490 0.3430 -3.7316 5.4328 426.4202 227.5078 390.1323 489.9732 -96.3977 0.0000 0.0000
550.03 15.07.2018 14.10.01 27.47112 301.5741 355.6476 0.4755 -3.6043 5.4397 415.5073 222.2013 390.5147 491.1449 -89.4222 0.0000 0.0000
560.03 15.07.2018 14.20.01 27.53536 301.6296 360.6784 0.4822 -3.5335 5.3542 401.9130 215.3585 390.7074 491.8884 -81.9436 0.0000 0.0000
570.03 15.07.2018 14.30.01 27.60067 301.6907 365.5527 0.4887 -3.4594 5.2642 386.9349 207.6889 390.7788 492.3249 -74.7605 0.0000 0.0000
580.03 15.07.2018 14.40.01 27.66680 301.7117 340.2692 0.4549 -3.3829 5.1170 368.6636 198.1505 390.6459 491.9654 -67.8901 0.0000 0.0000
590.03 15.07.2018 14.50.01 27.73013 301.7441 365.9126 0.4892 -3.2880 5.0362 350.3582 188.5426 390.6020 491.3754 -61.5144 0.0000 0.0000
600.03 15.07.2018 15.00.01 27.79687 301.7405 363.2963 0.4857 -3.2064 4.9228 330.2338 177.8676 390.4052 490.0888 -55.8319 0.0000 0.0000
610.03 15.07.2018 15.10.01 27.86306 301.8181 302.2737 0.4041 -3.1226 4.7023 320.9562 173.0456 389.5201 488.5653 -56.8693 0.0000 0.0000
620.03 15.07.2018 15.20.01 27.92220 301.8343 355.4893 0.4753 -2.9992 4.6326 313.3613 169.1167 388.9718 486.5641 -59.0271 0.0000 0.0000
630.03 15.07.2018 15.30.01 27.98803 301.8466 390.9809 0.5227 -2.9074 4.5735 305.3434 164.9260 388.3441 484.1484 -61.2669 0.0000 0.0000
640.03 15.07.2018 15.40.01 28.05834 301.7717 387.1691 0.5176 -2.8344 4.4694 294.9472 159.4029 387.5336 481.0163 -62.6759 0.0000 0.0000
650.03 15.07.2018 15.50.01 28.12847 301.5755 415.5090 0.5555 -2.7584 4.4185 284.8591 154.0240 386.7780 477.6405 -64.5871 0.0000 0.0000
660.03 15.07.2018 16.00.01 28.20190 301.4063 427.0453 0.5709 -2.7022 4.3641 274.1203 148.2576 386.0105 474.1425 -65.9075 0.0000 0.0000
670.03 15.07.2018 16.10.01 28.27621 301.2063 296.6136 0.3965 -2.6559 4.0700 265.3213 143.6737 383.9004 471.5742 -64.0858 0.0000 0.0000
680.03 15.07.2018 16.20.01 28.33395 300.9802 231.2066 0.3091 -2.5363 3.7939 256.5543 139.0949 381.7873 468.9942 -62.2416 0.0000 0.0000
690.03 15.07.2018 16.30.01 28.38275 300.7524 191.4352 0.2559 -2.3877 3.5249 247.6533 134.4304 379.6684 466.4018 -60.1638 0.0000 0.0000
700.03 15.07.2018 16.40.01 28.42565 300.5539 155.5849 0.2080 -2.2275 3.2473 237.9859 129.3324 377.5390 463.9738 -56.7808 0.0000 0.0000
710.03 15.07.2018 16.50.01 28.46319 300.3827 121.0887 0.1619 -2.0588 2.9609 228.0170 124.0609 375.3255 461.4897 -53.3579 0.0000 0.0000
720.03 15.07.2018 17.00.01 28.49542 300.2224 94.2432 0.1260 -1.8829 2.6785 217.6420 118.5415 373.0469 458.6878 -50.5187 0.0000 0.0000
730.03 15.07.2018 17.10.01 28.52343 299.9860 119.3397 0.1595 -1.7059 2.4873 208.3043 113.5339 371.3293 455.6770 -48.1933 0.0000 0.0000
740.03 15.07.2018 17.20.01 28.55349 299.7524 122.3887 0.1636 -1.5591 2.2970 198.7719 108.4090 369.6361 452.6295 -46.0791 0.0000 0.0000
750.03 15.07.2018 17.30.01 28.58297 299.5096 112.3231 0.1502 -1.4274 2.1034 189.0330 103.1632 367.9489 449.5456 -44.0622 0.0000 0.0000
760.03 15.07.2018 17.40.01 28.61031 299.2760 104.2102 0.1393 -1.3027 1.9227 177.4511 96.8892 366.3044 446.3155 -41.8397 0.0000 0.0000
770.03 15.07.2018 17.50.01 28.63577 299.0425 87.4532 0.1169 -1.1866 1.7380 165.6421 90.4822 364.6721 443.0241 -39.5485 0.0000 0.0000
780.03 15.07.2018 18.00.01 28.65817 298.8096 67.1584 0.0898 -1.0732 1.5506 153.5785 83.9254 363.0421 439.6798 -37.2050 0.0000 0.0000
790.03 15.07.2018 18.10.01 28.67703 298.2892 60.0230 0.0802 -0.9622 1.3899 135.4169 73.9913 361.3735 435.4858 -35.2696 0.0000 0.0000
800.03 15.07.2018 18.20.01 28.69372 297.7647 26.4265 0.0353 -0.8656 1.2012 116.8871 63.8592 359.5570 431.0345 -33.0420 0.0000 0.0000
810.03 15.07.2018 18.30.01 28.70492 297.2425 -0.7925 -0.0011 -0.7679 1.0224 98.3884 53.7382 357.7238 426.4693 -30.7347 0.0000 0.0000
820.03 15.07.2018 18.40.01 28.71133 296.7199 -29.9479 -0.0400 -0.6736 0.8447 69.6286 38.0662 355.8742 421.0312 -27.5469 0.0000 0.0000
830.03 15.07.2018 18.50.01 28.71264 296.1937 -74.7561 -0.0999 -0.5817 0.6424 43.4695 23.7004 353.9550 415.2963 -24.0472 0.0000 0.0000
840.03 15.07.2018 19.00.01 28.70693 295.6670 -114.1544 -0.1526 -0.4838 0.4416 17.5575 9.4800 352.0281 409.4785 -20.4175 0.0000 0.0000
850.03 15.07.2018 19.10.01 28.69482 295.0150 -122.6690 -0.1640 -0.3850 0.2946 14.2799 7.7215 350.2082 405.4555 -18.5365 0.0000 0.0000
860.03 15.07.2018 19.20.01 28.67996 294.3650 -101.5766 -0.1358 -0.3061 0.2271 11.9211 6.4504 348.5270 401.9492 -17.5693 0.0000 0.0000
870.03 15.07.2018 19.30.01 28.66604 293.7219 -100.8980 -0.1349 -0.2657 0.1744 9.7445 5.2770 346.9191 398.6822 -17.0283 0.0000 0.0000
880.03 15.07.2018 19.40.01 28.65057 293.1019 -116.6961 -0.1560 -0.2494 0.1245 6.4462 3.4920 345.3443 395.4968 -16.6474 0.0000 0.0000
890.03 15.07.2018 19.50.01 28.63137 292.4897 -142.1338 -0.1900 -0.2445 0.0726 3.3270 1.8002 343.7888 392.4340 -16.4052 0.0000 0.0000
900.03 15.07.2018 20.00.01 28.60748 291.8889 -172.7939 -0.2310 -0.2465 0.0207 0.2523 0.1349 342.2513 389.4883 -16.2552 0.0000 0.0000
910.03 15.07.2018 20.10.01 28.57833 291.4780 -186.0565 -0.2487 -0.2515 0.0037 0.0453 0.0242 340.6902 387.0280 -15.7886 0.0000 0.0000
920.03 15.07.2018 20.20.01 28.54626 291.0696 -200.5353 -0.2681 -0.2686 0.0007 0.0082 0.0044 339.2056 384.7504 -15.5046 0.0000 0.0000
930.03 15.07.2018 20.30.01 28.51104 290.6571 -221.3336 -0.2959 -0.2960 0.0001 0.0015 0.0008 337.7535 382.5838 -15.4374 0.0000 0.0000
940.03 15.07.2018 20.40.01 28.47189 290.2619 -246.0165 -0.3289 -0.3289 0.0000 0.0003 0.0001 336.3201 380.5235 -15.4152 0.0000 0.0000
950.03 15.07.2018 20.50.01 28.42849 289.8762 -271.9138 -0.3635 -0.3635 0.0000 0.0000 0.0000 334.9038 378.5446 -15.5104 0.0000 0.0000
960.03 15.07.2018 21.00.01 28.38073 289.4799 -298.3284 -0.3988 -0.3988 0.0000 0.0000 0.0000 333.5045 376.6193 -15.7558 0.0000 0.0000
970.03 15.07.2018 21.10.01 28.32858 289.5774 -322.5289 -0.4312 -0.4312 0.0000 0.0000 0.0000 332.2941 375.0845 -14.5655 0.0000 0.0000
980.03 15.07.2018 21.20.01 28.27279 288.8645 -343.5009 -0.4592 -0.4592 0.0000 0.0000 0.0000 331.0110 373.1201 -16.1320 0.0000 0.0000
990.03 15.07.2018 21.30.01 28.21322 288.6077 -368.7483 -0.4930 -0.4930 0.0000 0.0000 0.0000 329.8784 371.0623 -18.4101 0.0000 0.0000
1000.03 15.07.2018 21.40.01 28.14898 288.4558 -395.9914 -0.5294 -0.5294 0.0000 0.0000 0.0000 328.7700 370.0768 -15.2330 0.0000 0.0000
1010.03 15.07.2018 21.50.01 28.08111 287.9482 -413.1655 -0.5524 -0.5524 0.0000 0.0000 0.0000 327.5035 368.5707 -14.9419 0.0000 0.0000
1020.03 15.07.2018 22.00.01 28.01037 287.7231 -433.2567 -0.5792 -0.5792 0.0000 0.0000 0.0000 326.4260 366.6766 -17.3618 0.0000 0.0000
1030.03 15.07.2018 22.10.01 27.93511 287.5420 -464.4318 -0.6209 -0.6209 0.0000 0.0000 0.0000 325.7771 365.3139 -17.0628 0.0000 0.0000
1040.03 15.07.2018 22.20.01 27.85516 287.3717 -488.4187 -0.6530 -0.6530 0.0000 0.0000 0.0000 325.1022 364.0385 -16.7820 0.0000 0.0000
1050.03 15.07.2018 22.30.01 27.77181 287.2142 -505.9674 -0.6764 -0.6764 0.0000 0.0000 0.0000 324.4292 362.8397 -16.5066 0.0000 0.0000
1060.03 15.07.2018 22.40.01 27.68578 287.0596 -520.0311 -0.6952 -0.6952 0.0000 0.0000 0.0000 323.7699 361.7066 -16.2387 0.0000 0.0000
1070.03 15.07.2018 22.50.01 27.59759 286.9064 -532.0392 -0.7113 -0.7113 0.0000 0.0000 0.0000 323.1265 360.6258 -16.0084 0.0000 0.0000
1080.03 15.07.2018 23.00.01 27.50747 286.7556 -542.6645 -0.7255 -0.7255 0.0000 0.0000 0.0000 322.4911 359.5910 -15.8020 0.0000 0.0000
1090.03 15.07.2018 23.10.01 27.41598 286.7182 -548.0924 -0.7327 -0.7327 0.0000 0.0000 0.0000 322.1363 359.1945 -13.3830 0.0000 0.0000
1100.03 15.07.2018 23.20.01 27.32479 286.6302 -539.7427 -0.7216 -0.7216 0.0000 0.0000 0.0000 321.6656 358.3853 -13.0899 0.0000 0.0000
1110.03 15.07.2018 23.30.01 27.23495 286.3537 -537.3007 -0.7183 -0.7183 0.0000 0.0000 0.0000 321.0833 356.8938 -15.6637 0.0000 0.0000
1120.03 15.07.2018 23.40.01 27.14367 286.5195 -551.0365 -0.7367 -0.7367 0.0000 0.0000 0.0000 320.7599 356.8245 -12.1235 0.0000 0.0000
1130.03 15.07.2018 23.50.01 27.05120 286.2937 -553.8663 -0.7405 -0.7405 0.0000 0.0000 0.0000 320.2575 356.3480 -11.0575 0.0000 0.0000
1140.03 16.07.2018 00.00.01 26.95785 286.0189 -561.6360 -0.7509 -0.7509 0.0000 0.0000 0.0000 319.7881 355.1484 -13.3623 0.0000 0.0000
1150.03 16.07.2018 00.10.01 26.86236 286.0043 -578.1198 -0.7729 -0.7729 0.0000 0.0000 0.0000 319.4269 354.5564 -12.4457 0.0000 0.0000
1160.03 16.07.2018 00.20.01 26.76464 286.0074 -587.8759 -0.7859 -0.7859 0.0000 0.0000 0.0000 319.1633 354.0562 -11.5394 0.0000 0.0000
1170.03 16.07.2018 00.30.01 26.66577 286.0101 -591.8845 -0.7913 -0.7913 0.0000 0.0000 0.0000 318.9363 353.6044 -10.7173 0.0000 0.0000
1180.03 16.07.2018 00.40.01 26.56646 286.0213 -593.0327 -0.7928 -0.7928 0.0000 0.0000 0.0000 318.7068 353.1995 -9.8978 0.0000 0.0000
1190.03 16.07.2018 00.50.01 26.46716 286.0318 -592.9421 -0.7927 -0.7927 0.0000 0.0000 0.0000 318.4883 352.8222 -9.1478 0.0000 0.0000
1200.03 16.07.2018 01.00.01 26.36819 286.0523 -592.8746 -0.7926 -0.7926 0.0000 0.0000 0.0000 318.2702 352.4614 -8.4566 0.0000 0.0000
1210.03 16.07.2018 01.10.01 26.26907 285.8826 -593.0378 -0.7928 -0.7928 0.0000 0.0000 0.0000 317.9104 351.7946 -9.1991 0.0000 0.0000
1220.03 16.07.2018 01.20.01 26.16927 285.6921 -597.9666 -0.7994 -0.7994 0.0000 0.0000 0.0000 317.5326 351.0262 -10.1614 0.0000 0.0000
1230.03 16.07.2018 01.30.01 26.06829 285.5326 -606.6748 -0.8111 -0.8111 0.0000 0.0000 0.0000 317.1291 350.2625 -10.9569 0.0000 0.0000
1240.03 16.07.2018 01.40.01 25.96581 285.4145 -616.3480 -0.8240 -0.8240 0.0000 0.0000 0.0000 316.7655 349.6133 -11.2016 0.0000 0.0000
1250.03 16.07.2018 01.50.01 25.86187 285.2957 -623.3792 -0.8334 -0.8334 0.0000 0.0000 0.0000 316.3976 348.9561 -11.4445 0.0000 0.0000
1260.03 16.07.2018 02.00.01 25.75689 285.1906 -628.5616 -0.8403 -0.8403 0.0000 0.0006 0.0003 316.0179 348.3024 -11.6220 0.0000 0.0000
1270.03 16.07.2018 02.10.01 25.65161 285.2288 -621.7244 -0.8312 -0.8400 0.0118 0.3790 0.2000 315.7202 348.3493 -9.0671 0.0000 0.0000
1280.03 16.07.2018 02.20.01 25.54839 285.1774 -600.0575 -0.8022 -0.8222 0.0266 0.7990 0.4223 315.2396 348.0325 -8.3206 0.0000 0.0000
1290.03 16.07.2018 02.30.01 25.44891 285.0999 -582.9082 -0.7793 -0.8108 0.0420 1.2249 0.6477 314.8585 347.2270 -10.2633 0.0000 0.0000
1300.03 16.07.2018 02.40.01 25.35055 285.3331 -578.9358 -0.7740 -0.8170 0.0574 1.6521 0.8737 314.6360 347.5112 -7.1188 0.0000 0.0000
1310.03 16.07.2018 02.50.01 25.25353 284.9862 -568.9138 -0.7606 -0.8152 0.0729 2.0794 1.0999 314.2324 346.6515 -9.2638 0.0000 0.0000
1320.03 16.07.2018 03.00.01 25.15658 284.7165 -583.2193 -0.7797 -0.8460 0.0885 2.5102 1.3278 313.8072 345.4891 -12.2097 0.0000 0.0000
1330.03 16.07.2018 03.10.01 25.05615 284.8460 -569.9550 -0.7620 -0.8878 0.1678 4.9943 2.6395 313.7274 345.3543 -11.2764 0.0000 0.0000
1340.03 16.07.2018 03.20.01 24.95770 284.9981 -547.8411 -0.7324 -0.9303 0.2639 7.7051 4.0739 313.7849 345.4094 -10.4553 0.0000 0.0000
1350.03 16.07.2018 03.30.01 24.86276 285.1583 -526.4457 -0.7038 -0.9759 0.3628 10.4476 5.5252 313.9001 345.5807 -9.7022 0.0000 0.0000
1360.03 16.07.2018 03.40.01 24.77120 285.3221 -506.8917 -0.6777 -1.0244 0.4623 13.1969 6.9801 314.0492 345.8385 -9.0386 0.0000 0.0000
1370.03 16.07.2018 03.50.01 24.68279 285.4903 -489.2451 -0.6541 -1.0755 0.5619 15.9472 8.4355 314.2254 346.1757 -8.4275 0.0000 0.0000
1380.03 16.07.2018 04.00.01 24.59719 285.6626 -472.6983 -0.6320 -1.1280 0.6614 18.6973 9.8908 314.4243 346.5778 -7.8757 0.0000 0.0000
1390.03 16.07.2018 04.10.01 24.51455 286.4450 -455.0176 -0.6083 -1.1727 0.7526 21.1762 11.2030 316.1418 348.2249 -3.4622 0.0000 0.0000
1400.03 16.07.2018 04.20.01 24.43658 287.2509 -419.6804 -0.5611 -1.1922 0.8415 23.6252 12.4990 317.9154 349.8045 -0.2043 0.0000 0.0000
1410.03 16.07.2018 04.30.01 24.36498 287.9526 -383.8163 -0.5131 -1.2106 0.9300 26.0700 13.7928 319.6323 351.2315 2.1067 0.0000 0.0000
1420.03 16.07.2018 04.40.01 24.29843 288.7489 -357.9782 -0.4786 -1.2425 1.0185 28.5139 15.0861 321.4819 353.0004 3.8681 0.0000 0.0000
1430.03 16.07.2018 04.50.01 24.23626 289.4534 -331.0487 -0.4426 -1.2728 1.1070 64.2100 33.0054 323.3200 355.3529 5.6248 0.0000 0.0000
1440.03 16.07.2018 05.00.01 24.17855 290.1875 -229.8761 -0.3073 -1.3082 1.3346 72.8970 37.4184 325.5061 358.6766 7.0691 0.0000 0.0000
1450.03 16.07.2018 05.10.01 24.13433 290.8232 -218.4076 -0.2920 -1.3891 1.4628 253.9685 128.0340 327.3788 364.7911 2.1088 0.0000 0.0000
1460.03 16.07.2018 05.20.01 24.09393 291.6605 206.6512 0.2763 -1.4604 2.3155 439.8011 221.0605 331.2316 377.8979 -12.9860 0.0000 0.0000
1470.03 16.07.2018 05.30.01 24.10845 292.5620 583.7114 0.7804 -1.7640 3.3924 745.1957 385.6872 336.3951 414.6891 -51.8930 0.0000 0.0000
1480.03 16.07.2018 05.40.01 24.17358 293.5398 932.1331 1.2462 -2.2530 4.6655 707.5829 366.3833 342.8051 433.1061 -69.7537 0.0000 0.0000
1490.03 16.07.2018 05.50.01 24.28430 294.2039 532.1779 0.7115 -2.8973 4.8116 668.7163 346.3261 345.9841 442.9767 -81.6380 0.0000 0.0000
1500.03 16.07.2018 06.00.01 24.34875 294.7921 227.0952 0.3036 -3.2467 4.7337 633.1669 327.7522 348.0724 449.1406 -91.9181 0.0000 0.0000
1510.03 16.07.2018 06.10.01 24.37689 295.1489 60.9113 0.0814 -3.3855 4.6226 610.7543 316.2360 349.5763 454.9413 -96.9541 0.0000 0.0000
1520.03 16.07.2018 06.20.01 24.38506 295.5150 46.3243 0.0619 -3.4144 4.6351 589.5813 305.3640 351.3433 459.7684 -99.8070 0.0000 0.0000
1530.03 16.07.2018 06.30.01 24.43286 295.8741 14722.4658 19.6825 -3.4241 30.8088 646.9006 321.8491 352.9208 469.9014 -108.1961 0.0000 0.0000
1540.03 16.07.2018 06.40.01 26.26721 296.2681 7528.7622 10.0652 -12.4203 29.9807 631.7889 314.5044 354.6235 473.5893 -108.7991 0.0000 0.0000
1550.03 16.07.2018 06.50.01 27.23474 296.6234 3889.9458 5.2005 -16.6111 29.0821 616.2535 306.9619 356.2287 476.4781 -108.7349 0.0000 0.0000
1560.03 16.07.2018 07.00.01 27.75796 296.9751 2001.7638 2.6762 -18.4395 28.1542 600.4843 299.2983 357.8127 478.6799 -107.8787 0.0000 0.0000
1570.03 16.07.2018 07.10.01 28.04824 297.2817 1146.9437 1.5333 -19.0780 27.4818 590.3645 294.3828 359.5732 480.7780 -106.0966 0.0000 0.0000
1580.03 16.07.2018 07.20.01 28.23116 297.5967 688.7890 0.9208 -19.2012 26.8294 580.6234 289.6769 361.4653 482.8174 -104.0355 0.0000 0.0000
1590.03 16.07.2018 07.30.01 28.35552 297.9133 399.9501 0.5347 -19.0619 26.1288 634.6645 323.2770 363.3242 494.4748 -111.0332 0.0000 0.0000
1600.03 16.07.2018 07.40.01 28.44271 298.3031 329.0891 0.4400 -18.7626 25.6034 625.8680 318.8364 365.4177 497.2779 -108.1787 0.0000 0.0000
1610.03 16.07.2018 07.50.01 28.51980 298.6349 228.0915 0.3049 -18.4360 24.9880 616.4152 314.0759 367.3715 499.7167 -104.9609 0.0000 0.0000
1620.03 16.07.2018 08.00.01 28.58328 298.9735 126.3398 0.1689 -18.0586 24.3034 606.1520 308.8817 369.2368 501.8145 -101.4922 0.0000 0.0000
1630.03 16.07.2018 08.10.01 28.63345 299.1089 74.2960 0.0993 -17.6284 23.6370 596.2921 303.9020 370.7046 502.7660 -99.7260 0.0000 0.0000
1640.03 16.07.2018 08.20.01 28.70422 299.2114 10004.8662 13.3755 -17.1764 40.7359 639.7795 317.5278 372.0491 507.6178 -104.3946 0.0000 0.0000
1650.03 16.07.2018 08.30.01 29.98214 299.3523 4973.4844 6.6491 -22.8220 39.2947 627.3637 311.5972 373.4023 507.9585 -105.8534 0.0000 0.0000
1660.03 16.07.2018 08.40.01 30.65209 299.4751 2465.2803 3.2958 -25.1330 37.9051 616.5111 306.4275 374.6101 508.3204 -105.5151 0.0000 0.0000
1670.03 16.07.2018 08.50.01 31.02831 299.6418 6203.5205 8.2935 -25.8385 45.5093 649.8869 321.0078 375.8603 512.9289 -112.3637 0.0000 0.0000
1680.03 16.07.2018 09.00.01 31.85528 299.8951 2923.7766 3.9088 -28.8298 43.6515 636.5926 314.7202 377.2264 512.7282 -115.6455 0.0000 0.0000
1690.03 16.07.2018 09.10.01 32.28155 300.0011 1131.7444 1.5130 -29.7035 41.6220 623.0973 308.5050 378.4938 511.6255 -120.3393 0.0000 0.0000
1700.03 16.07.2018 09.20.01 32.48388 300.1213 21.7771 0.0291 -29.4794 39.3447 624.4577 311.3904 379.8807 512.2144 -127.3289 0.0000 0.0000
1710.03 16.07.2018 09.30.01 32.54531 300.2033 -445.8936 -0.5961 -28.6132 37.3561 623.2592 312.5183 381.2821 512.1933 -133.0888 0.0000 0.0000
1720.03 16.07.2018 09.40.01 32.54482 300.3127 -644.8055 -0.8620 -27.5153 35.5376 616.8167 310.2246 382.7040 511.2794 -137.2966 0.0000 0.0000
1730.03 16.07.2018 09.50.01 32.51574 300.4339 -743.3511 -0.9938 -26.3498 33.8081 606.1721 305.3458 384.3703 509.6945 -140.4200 0.0000 0.0000
1740.03 16.07.2018 10.00.01 32.47064 300.5597 -919.4899 -1.2293 -25.1723 31.9240 592.8161 298.9577 385.7584 507.5758 -142.3984 0.0000 0.0000
1750.03 16.07.2018 10.10.01 32.39999 300.8612 -1275.0491 -1.7046 -23.9256 29.6280 572.2888 289.2469 387.6284 507.7537 -128.4091 0.0000 0.0000
1760.03 16.07.2018 10.20.01 32.28265 301.1368 -1526.3970 -2.0406 -22.4933 27.2702 549.8523 278.4381 389.1801 507.3837 -119.2767 0.0000 0.0000
1770.03 16.07.2018 10.30.01 32.13098 301.3852 -1727.0618 -2.3089 -20.9489 24.8533 525.9727 266.8135 390.0453 506.0173 -115.2294 0.0000 0.0000
1780.03 16.07.2018 10.40.01 31.95190 301.5335 -1541.4412 -2.0608 -19.3280 23.0230 509.4914 258.9921 391.4969 505.5390 -111.3329 0.0000 0.0000
1790.03 16.07.2018 10.50.01 31.79342 301.6401 -1543.9468 -2.0641 -17.8342 21.0268 491.1949 250.2056 392.8382 504.5045 -108.4052 0.0000 0.0000
1800.03 16.07.2018 11.00.01 31.62969 301.6707 -1530.1604 -2.0457 -16.3881 19.1232 473.4490 241.6775 394.0856 503.1339 -106.6003 0.0000 0.0000
1810.03 16.07.2018 11.10.01 31.46627 301.9392 -1198.4143 -1.6022 -14.9907 17.8514 466.8076 238.4088 395.1433 503.9762 -90.1670 0.0000 0.0000
1820.03 16.07.2018 11.20.01 31.34252 301.9115 -1138.3057 -1.5218 -13.8211 16.3991 459.2174 234.7053 396.1687 502.0139 -100.6008 0.0000 0.0000
1830.03 16.07.2018 11.30.01 31.22460 301.9879 -1169.8542 -1.5640 -12.7082 14.8590 450.9109 230.6391 396.6445 498.9192 -111.8983 0.0000 0.0000
1840.03 16.07.2018 11.40.01 31.10171 302.3184 -1157.2142 -1.5471 -11.5887 13.3888 444.8278 227.8072 398.2038 501.0568 -93.0823 0.0000 0.0000
1850.03 16.07.2018 11.50.01 30.97927 302.1724 -1266.6875 -1.6934 -10.4959 11.7366 436.3491 223.6761 399.4221 501.3335 -88.4618 0.0000 0.0000
1860.03 16.07.2018 12.00.01 30.84069 302.3730 -1421.1506 -1.8999 -9.3581 9.9442 426.1399 218.6138 399.5876 497.6892 -96.0451 0.0000 0.0000
1870.03 16.07.2018 12.10.01 30.68188 302.4846 -1375.1279 -1.8384 -8.1526 8.4189 411.8697 211.8879 399.9302 495.9494 -97.3165 0.0000 0.0000
1880.03 16.07.2018 12.20.01 30.52789 302.5306 -983.8243 -1.3153 -7.0106 7.5938 405.3773 209.2977 399.7871 494.6562 -99.3267 0.0000 0.0000
1890.03 16.07.2018 12.30.01 30.42248 302.5677 -349.3430 -0.4670 -6.1427 7.5676 408.9404 212.1365 399.3886 494.4211 -102.5979 0.0000 0.0000
1900.03 16.07.2018 12.40.01 30.39550 302.6145 -26.5853 -0.0355 -5.6787 7.5242 411.9554 214.5732 398.8367 494.1559 -104.1453 0.0000 0.0000
1910.03 16.07.2018 12.50.01 30.40896 302.6273 120.8242 0.1615 -5.4145 7.4347 413.5667 216.2034 398.0643 493.7212 -105.4588 0.0000 0.0000
1920.03 16.07.2018 13.00.01 30.44119 302.6611 247.6623 0.3311 -5.2393 7.4272 415.7983 218.1453 397.4135 493.4666 -106.8249 0.0000 0.0000
1930.03 16.07.2018 13.10.01 30.49001 302.6250 473.3567 0.6328 -5.1404 7.6976 412.4051 217.1529 397.3552 493.7558 -105.4175 0.0000 0.0000
1940.03 16.07.2018 13.20.01 30.56713 302.5651 498.7068 0.6667 -5.1738 7.7874 404.1558 213.3833 396.8882 493.2400 -103.3144 0.0000 0.0000
1950.03 16.07.2018 13.30.01 30.64813 302.5186 575.6716 0.7696 -5.2171 7.9823 396.2837 209.7632 396.5786 492.7020 -101.4627 0.0000 0.0000
1960.03 16.07.2018 13.40.01 30.73910 302.4706 599.7607 0.8018 -5.3018 8.1381 385.8024 204.6170 396.1741 491.7531 -99.0127 0.0000 0.0000
1970.03 16.07.2018 13.50.01 30.83364 302.4256 627.3120 0.8387 -5.3960 8.3129 374.0359 198.6862 395.7762 490.5191 -96.3276 0.0000 0.0000
1980.03 16.07.2018 14.00.01 30.93194 302.4088 622.3915 0.8321 -5.5010 8.4441 359.8236 191.3198 395.2646 488.8681 -92.9465 0.0000 0.0000
1990.03 16.07.2018 14.10.01 31.02944 302.3270 433.6052 0.5797 -5.5951 8.2331 350.7749 186.7153 394.2294 486.3142 -93.2728 0.0000 0.0000
2000.03 16.07.2018 14.20.01 31.10351 302.2374 358.8158 0.4797 -5.5749 8.0727 342.1139 182.3063 393.1850 483.7680 -93.4900 0.0000 0.0000
2010.03 16.07.2018 14.30.01 31.16769 302.1451 320.1316 0.4280 -5.5138 7.9224 332.9440 177.5836 392.1523 481.1108 -93.3020 0.0000 0.0000
2020.03 16.07.2018 14.40.01 31.22650 302.0488 281.0692 0.3758 -5.4349 7.7476 322.3799 172.0679 391.1430 478.3287 -92.4158 0.0000 0.0000
2030.03 16.07.2018 14.50.01 31.28002 301.9479 272.6809 0.3645 -5.3392 7.6050 311.8551 166.5519 390.1376 475.5197 -91.3403 0.0000 0.0000
2040.03 16.07.2018 15.00.01 31.33199 301.8485 254.2180 0.3399 -5.2448 7.4462 300.5109 160.5556 389.0937 472.6123 -89.8156 0.0000 0.0000
2050.03 16.07.2018 15.10.01 31.38067 301.7978 49.5515 0.0662 -5.1451 6.9484 300.0070 160.5688 387.5537 471.0449 -86.3350 0.0000 0.0000
2060.03 16.07.2018 15.20.01 31.40380 301.7554 -17.2114 -0.0230 -4.9248 6.5358 301.1030 161.4762 386.2840 470.1296 -83.2732 0.0000 0.0000
2070.03 16.07.2018 15.30.01 31.41781 301.7207 -58.4865 -0.0782 -4.6737 6.1274 302.5294 162.5783 385.0856 469.3818 -81.4121 0.0000 0.0000
2080.03 16.07.2018 15.40.01 31.42587 301.6870 -111.3640 -0.1489 -4.4089 5.6800 305.6991 164.6409 383.8598 469.0669 -79.3646 0.0000 0.0000
2090.03 16.07.2018 15.50.01 31.42660 301.6588 -123.4902 -0.1651 -4.1235 5.2779 309.8450 167.2546 382.7421 469.0902 -77.9008 0.0000 0.0000
2100.03 16.07.2018 16.00.01 31.42489 301.6337 -142.5287 -0.1905 -3.8427 4.8695 313.9898 169.8742 381.6468 469.2869 -76.6995 0.0000 0.0000
2110.03 16.07.2018 16.10.01 31.42016 301.4938 -70.1219 -0.0937 -3.5630 4.6256 300.8902 162.9388 380.5557 468.1144 -74.6033 0.0000 0.0000
2120.03 16.07.2018 16.20.01 31.42343 301.3508 -61.6368 -0.0824 -3.3435 4.3482 286.9353 155.5166 379.3361 466.4119 -72.1233 0.0000 0.0000
2130.03 16.07.2018 16.30.01 31.42681 301.1976 -64.4196 -0.0861 -3.1414 4.0736 272.6891 147.9179 378.0667 464.4381 -69.4090 0.0000 0.0000
2140.03 16.07.2018 16.40.01 31.42904 301.0405 -81.5916 -0.1091 -2.9493 3.7870 256.1908 139.0633 376.7154 461.8570 -67.1650 0.0000 0.0000
2150.03 16.07.2018 16.50.01 31.42831 300.8754 -107.1284 -0.1432 -2.7582 3.4866 239.2034 129.9267 375.2871 458.9944 -64.4394 0.0000 0.0000
2160.03 16.07.2018 17.00.01 31.42364 300.7057 -125.6725 -0.1680 -2.5628 3.1931 221.7557 120.5071 373.8443 455.8925 -61.2963 0.0000 0.0000
2170.03 16.07.2018 17.10.01 31.41589 300.4715 -108.2907 -0.1448 -2.3681 2.9645 208.2252 113.1981 372.5461 452.9289 -58.4854 0.0000 0.0000
2180.03 16.07.2018 17.20.01 31.40942 300.2388 -101.2304 -0.1353 -2.1970 2.7489 194.6369 105.8443 371.2603 449.9221 -55.6308 0.0000 0.0000
2190.03 16.07.2018 17.30.01 31.40298 300.0065 -106.3495 -0.1422 -2.0423 2.5336 180.8684 98.3828 369.9785 446.8560 -52.6518 0.0000 0.0000
2200.03 16.07.2018 17.40.01 31.39510 299.7733 -110.6019 -0.1479 -1.8961 2.3310 163.9573 89.1774 368.7225 443.5057 -49.1952 0.0000 0.0000
2210.03 16.07.2018 17.50.01 31.38586 299.5373 -126.3746 -0.1690 -1.7591 2.1202 146.7783 79.8178 367.4509 440.0063 -45.5518 0.0000 0.0000
2220.03 16.07.2018 18.00.01 31.37393 299.3000 -145.3966 -0.1944 -1.6249 1.9073 129.4125 70.3481 366.1750 436.4212 -41.7420 0.0000 0.0000
2230.03 16.07.2018 18.10.01 31.35854 298.9103 -176.7899 -0.2364 -1.4925 1.6748 113.5542 61.7267 364.6645 432.9726 -36.9758 0.0000 0.0000
2240.03 16.07.2018 18.20.01 31.33810 298.5167 -209.3490 -0.2799 -1.3578 1.4373 97.5985 53.0511 363.1160 429.4270 -32.8597 0.0000 0.0000
2250.03 16.07.2018 18.30.01 31.31243 298.1256 -234.5523 -0.3136 -1.2206 1.2094 81.7007 44.4029 361.5798 425.7972 -29.2625 0.0000 0.0000
2260.03 16.07.2018 18.40.01 31.28240 297.7364 -260.2258 -0.3479 -1.0850 0.9828 58.5192 31.8117 360.0514 421.6163 -25.1862 0.0000 0.0000
2270.03 16.07.2018 18.50.01 31.24801 297.3403 -296.0291 -0.3958 -0.9499 0.7389 37.1451 20.1288 358.5067 417.2085 -21.1219 0.0000 0.0000
2280.03 16.07.2018 19.00.01 31.20800 296.9438 -326.9353 -0.4371 -0.8090 0.4959 15.9504 8.5512 356.9508 412.6305 -17.4919 0.0000 0.0000
2290.03 16.07.2018 19.10.01 31.16305 296.2201 -305.1234 -0.4079 -0.6686 0.3476 12.7922 6.8636 355.5572 409.0999 -16.3519 0.0000 0.0000
2300.03 16.07.2018 19.20.01 31.11929 295.4962 -270.3894 -0.3615 -0.5646 0.2708 10.4889 5.6317 354.2234 405.9611 -16.1814 0.0000 0.0000
2310.03 16.07.2018 19.30.01 31.07842 294.7742 -259.9997 -0.3476 -0.5029 0.2070 8.3446 4.4849 352.9362 402.9515 -16.7442 0.0000 0.0000
2320.03 16.07.2018 19.40.01 31.03753 294.0561 -266.4986 -0.3563 -0.4656 0.1457 5.5746 2.9967 351.6969 400.0833 -16.8758 0.0000 0.0000
2330.03 16.07.2018 19.50.01 30.99474 293.3434 -282.7753 -0.3780 -0.4407 0.0835 2.9070 1.5619 350.4789 397.2936 -17.1727 0.0000 0.0000
2340.03 16.07.2018 20.00.01 30.94888 292.6828 -303.0023 -0.4051 -0.4210 0.0212 0.2661 0.1428 349.2627 394.5256 -17.7557 0.0000 0.0000
2350.03 16.07.2018 20.10.01 30.89953 292.5598 -299.8970 -0.4009 -0.4038 0.0038 0.0450 0.0240 350.5963 392.6532 -17.6941 0.0000 0.0000
2360.03 16.07.2018 20.20.01 30.84991 292.3623 -295.5899 -0.3952 -0.3957 0.0007 0.0084 0.0045 352.1006 391.0493 -17.9012 0.0000 0.0000
2370.03 16.07.2018 20.30.01 30.80047 292.1207 -297.3098 -0.3975 -0.3976 0.0001 0.0015 0.0008 353.6115 389.6137 -18.4302 0.0000 0.0000
2380.03 16.07.2018 20.40.01 30.75015 291.8763 -303.6990 -0.4060 -0.4060 0.0000 0.0003 0.0001 355.1247 388.3159 -19.0106 0.0000 0.0000
2390.03 16.07.2018 20.50.01 30.69845 291.6768 -314.0650 -0.4199 -0.4199 0.0000 0.0000 0.0000 356.6660 387.1265 -19.8091 0.0000 0.0000
2400.03 16.07.2018 21.00.01 30.64462 291.4891 -328.9150 -0.4397 -0.4397 0.0000 0.0000 0.0000 358.2202 386.0302 -20.7982 0.0000 0.0000
2410.03 16.07.2018 21.10.01 30.58831 291.9022 -341.7310 -0.4569 -0.4569 0.0000 0.0000 0.0000 358.1868 385.9294 -16.7257 0.0000 0.0000
2420.03 16.07.2018 21.20.01 30.53066 292.3291 -343.5312 -0.4593 -0.4593 0.0000 0.0000 0.0000 358.2433 385.7866 -13.7831 0.0000 0.0000
2430.03 16.07.2018 21.30.01 30.47265 292.7474 -349.4070 -0.4671 -0.4671 0.0000 0.0000 0.0000 358.3632 385.6491 -11.4393 0.0000 0.0000
2440.03 16.07.2018 21.40.01 30.41339 293.1922 -358.6228 -0.4794 -0.4794 0.0000 0.0000 0.0000 358.5242 385.6793 -8.9992 0.0000 0.0000
2450.03 16.07.2018 21.50.01 30.35250 293.6374 -367.5449 -0.4914 -0.4914 0.0000 0.0000 0.0000 358.7282 385.9057 -6.3705 0.0000 0.0000
2460.03 16.07.2018 22.00.01 30.29037 294.0725 -374.2030 -0.5003 -0.5003 0.0000 0.0000 0.0000 358.9823 386.3074 -3.6121 0.0000 0.0000
2470.03 16.07.2018 22.10.01 30.22723 293.7275 -376.2731 -0.5030 -0.5030 0.0000 0.0000 0.0000 359.4358 386.3561 -4.4111 0.0000 0.0000
2480.03 16.07.2018 22.20.01 30.16406 293.5934 -377.5334 -0.5047 -0.5047 0.0000 0.0000 0.0000 359.7035 385.8300 -6.3730 0.0000 0.0000
2490.03 16.07.2018 22.30.01 30.09948 293.1418 -397.2547 -0.5311 -0.5311 0.0000 0.0000 0.0000 359.4819 384.4174 -10.8068 0.0000 0.0000
2500.03 16.07.2018 22.40.01 30.03039 292.8494 -424.6518 -0.5677 -0.5677 0.0000 0.0000 0.0000 359.5681 384.3721 -9.4249 0.0000 0.0000
2510.03 16.07.2018 22.50.01 29.95898 292.7204 -425.9980 -0.5695 -0.5695 0.0000 0.0000 0.0000 359.9386 384.6693 -7.3803 0.0000 0.0000
2520.03 16.07.2018 23.00.01 29.88815 292.2300 -425.4743 -0.5688 -0.5688 0.0000 0.0000 0.0000 359.8811 382.9532 -13.2623 0.0000 0.0000
2530.03 16.07.2018 23.10.01 29.81494 292.1042 -448.4930 -0.5996 -0.5996 0.0000 0.0000 0.0000 359.7253 382.3569 -13.4143 0.0000 0.0000
2540.03 16.07.2018 23.20.01 29.73843 291.9908 -463.2663 -0.6193 -0.6193 0.0000 0.0000 0.0000 359.6742 381.8274 -13.5471 0.0000 0.0000
2550.03 16.07.2018 23.30.01 29.66009 291.8801 -470.2663 -0.6287 -0.6287 0.0000 0.0000 0.0000 359.6561 381.3292 -13.6860 0.0000 0.0000
2560.03 16.07.2018 23.40.01 29.58096 291.7761 -472.8470 -0.6321 -0.6321 0.0000 0.0000 0.0000 359.6674 380.8932 -13.6876 0.0000 0.0000
2570.03 16.07.2018 23.50.01 29.50164 291.6748 -472.7794 -0.6321 -0.6321 0.0000 0.0000 0.0000 359.6949 380.4857 -13.6929 0.0000 0.0000
2580.03 17.07.2018 00.00.01 29.42278 291.5740 -472.5679 -0.6318 -0.6318 0.0000 0.0000 0.0000 359.7317 380.0991 -13.7084 0.0000 0.0000
2590.03 17.07.2018 00.10.01 29.34405 291.6395 -469.2254 -0.6273 -0.6273 0.0000 0.0000 0.0000 359.4992 380.0156 -12.3357 0.0000 0.0000
2600.03 17.07.2018 00.20.01 29.26611 291.6944 -460.6536 -0.6158 -0.6158 0.0000 0.0000 0.0000 359.2893 379.9594 -11.0741 0.0000 0.0000
2610.03 17.07.2018 00.30.01 29.18972 291.7512 -450.9193 -0.6028 -0.6028 0.0000 0.0000 0.0000 359.0814 379.9312 -9.8551 0.0000 0.0000
2620.03 17.07.2018 00.40.01 29.11505 291.8278 -441.1720 -0.5898 -0.5898 0.0000 0.0000 0.0000 358.8872 379.9959 -8.3279 0.0000 0.0000
2630.03 17.07.2018 00.50.01 29.04211 291.9215 -429.7953 -0.5746 -0.5746 0.0000 0.0000 0.0000 358.6551 379.8147 -7.7861 0.0000 0.0000
2640.03 17.07.2018 01.00.01 28.97082 291.9847 -423.4008 -0.5660 -0.5660 0.0000 0.0000 0.0000 358.3775 379.4911 -7.9133 0.0000 0.0000
2650.03 17.07.2018 01.10.01 28.89959 291.8952 -426.1833 -0.5698 -0.5698 0.0000 0.0000 0.0000 357.5556 379.0463 -8.0716 0.0000 0.0000
2660.03 17.07.2018 01.20.01 28.82733 291.8512 -436.7772 -0.5839 -0.5839 0.0000 0.0000 0.0000 356.7564 378.5091 -8.9597 0.0000 0.0000
2670.03 17.07.2018 01.30.01 28.75308 291.7136 -450.2848 -0.6020 -0.6020 0.0000 0.0000 0.0000 355.5755 377.6285 -10.4861 0.0000 0.0000
2680.03 17.07.2018 01.40.01 28.67678 291.6070 -455.7043 -0.6092 -0.6092 0.0000 0.0000 0.0000 354.7791 377.7762 -7.4142 0.0000 0.0000
2690.03 17.07.2018 01.50.01 28.60131 291.6391 -446.4543 -0.5969 -0.5969 0.0000 0.0000 0.0000 353.9085 377.1026 -8.2982 0.0000 0.0000
2700.03 17.07.2018 02.00.01 28.52566 291.4729 -460.4785 -0.6156 -0.6156 0.0000 0.0007 0.0004 352.6546 375.8304 -11.1067 0.0000 0.0000
2710.03 17.07.2018 02.10.01 28.44625 291.1952 -478.2882 -0.6394 -0.6496 0.0136 0.4373 0.2308 349.3685 374.8299 -10.8904 0.0000 0.0000
2720.03 17.07.2018 02.20.01 28.36459 290.8806 -485.6349 -0.6492 -0.6723 0.0307 0.9220 0.4873 346.0867 373.6597 -11.0852 0.0000 0.0000
2730.03 17.07.2018 02.30.01 28.28204 290.5256 -488.9326 -0.6537 -0.6900 0.0484 1.4134 0.7473 342.7293 372.3188 -11.5573 0.0000 0.0000
2740.03 17.07.2018 02.40.01 28.19912 290.2242 -488.5126 -0.6531 -0.7028 0.0662 1.9063 1.0082 339.4954 371.2159 -10.5875 0.0000 0.0000
2750.03 17.07.2018 02.50.01 28.11678 289.8768 -480.8158 -0.6428 -0.7059 0.0841 2.3994 1.2691 336.2658 370.0358 -9.8330 0.0000 0.0000
2760.03 17.07.2018 03.00.01 28.03625 289.5399 -471.9453 -0.6309 -0.7075 0.1021 2.8971 1.5325 332.9262 368.5377 -10.1597 0.0000 0.0000
2770.03 17.07.2018 03.10.01 27.95645 289.5216 -425.8358 -0.5693 -0.7234 0.2055 6.1455 3.2476 332.6561 367.8346 -9.5753 0.0000 0.0000
2780.03 17.07.2018 03.20.01 27.88183 289.5419 -392.7466 -0.5251 -0.7736 0.3314 9.6976 5.1273 332.5899 367.4310 -9.2992 0.0000 0.0000
2790.03 17.07.2018 03.30.01 27.81140 289.6356 -372.2100 -0.4976 -0.8434 0.4611 13.2924 7.0295 332.5982 367.2497 -8.9001 0.0000 0.0000
2800.03 17.07.2018 03.40.01 27.74383 289.6493 -356.2774 -0.4763 -0.9199 0.5914 16.8960 8.9365 332.6817 367.1599 -8.8500 0.0000 0.0000
2810.03 17.07.2018 03.50.01 27.67855 289.6410 -344.9419 -0.4612 -1.0026 0.7219 20.5012 10.8443 332.7662 367.1252 -9.0647 0.0000 0.0000
2820.03 17.07.2018 04.00.01 27.61486 289.6338 -336.7661 -0.4502 -1.0896 0.8525 24.1086 12.7533 332.8658 367.1594 -9.3997 0.0000 0.0000
2830.03 17.07.2018 04.10.01 27.55258 289.9806 -308.0379 -0.4118 -1.1760 1.0189 28.8685 15.2706 332.9769 367.7987 -7.8050 0.0000 0.0000
2840.03 17.07.2018 04.20.01 27.49474 290.3300 -277.6199 -0.3712 -1.2672 1.1947 33.7558 17.8569 333.1960 368.6264 -6.3688 0.0000 0.0000
2850.03 17.07.2018 04.30.01 27.44161 290.6836 -250.6996 -0.3352 -1.3642 1.3721 38.6609 20.4526 333.4690 369.5977 -5.0435 0.0000 0.0000
2860.03 17.07.2018 04.40.01 27.39272 291.0428 -226.8097 -0.3032 -1.4655 1.5497 43.5698 23.0503 333.7891 370.7127 -3.7610 0.0000 0.0000
2870.03 17.07.2018 04.50.01 27.34765 291.4073 -204.4230 -0.2733 -1.5689 1.7275 63.4348 33.1261 334.1474 372.2143 -3.1492 0.0000 0.0000
2880.03 17.07.2018 05.00.01 27.30630 291.7797 -148.6246 -0.1987 -1.6742 1.9674 72.5093 37.8055 334.6899 374.1212 -3.2503 0.0000 0.0000
2890.03 17.07.2018 05.10.01 27.27258 292.1448 -166.5451 -0.2227 -1.8011 2.1046 200.4572 101.8721 335.8036 378.2336 -7.7322 0.0000 0.0000
2900.03 17.07.2018 05.20.01 27.23849 292.5254 116.5041 0.1558 -1.9031 2.7451 332.7240 168.1133 338.3726 386.9893 -20.3298 0.0000 0.0000
2910.03 17.07.2018 05.30.01 27.24105 292.8975 372.5483 0.4981 -2.1586 3.5423 547.4989 283.7613 341.8373 410.8182 -52.9929 0.0000 0.0000
2920.03 17.07.2018 05.40.01 27.27801 293.3320 612.9291 0.8194 -2.5379 4.4765 540.5950 280.3039 346.1227 423.2052 -69.7049 0.0000 0.0000
2930.03 17.07.2018 05.50.01 27.34670 293.7385 372.9876 0.4986 -3.0234 4.6961 534.0414 276.9487 348.4821 431.4364 -79.1644 0.0000 0.0000
2940.03 17.07.2018 06.00.01 27.38787 294.1264 191.6327 0.2562 -3.3287 4.7798 531.4363 275.4598 350.2606 438.0486 -87.1456 0.0000 0.0000
2950.03 17.07.2018 06.10.01 27.40774 294.3606 114.1467 0.1526 -3.5053 4.8771 520.7874 270.0385 351.9494 443.2413 -93.4371 0.0000 0.0000
2960.03 17.07.2018 06.20.01 27.41879 294.5691 96.4404 0.1289 -3.6219 5.0011 510.4451 264.7808 353.6499 447.1295 -99.7477 0.0000 0.0000
2970.03 17.07.2018 06.30.01 27.46182 294.7981 12030.2979 16.0833 -3.7150 26.3977 563.7694 281.6740 355.1420 455.4919 -110.8300 0.0000 0.0000
2980.03 17.07.2018 06.40.01 28.95791 295.0315 6246.5352 8.3510 -11.1115 25.9500 556.5594 278.2891 356.7150 458.3452 -114.6292 0.0000 0.0000
2990.03 17.07.2018 06.50.01 29.75756 295.2533 3319.6616 4.4381 -14.6379 25.4346 548.9025 274.6904 358.1657 460.5005 -117.6651 0.0000 0.0000
3000.03 17.07.2018 07.00.01 30.20016 295.4736 1803.4430 2.4110 -16.2588 24.8931 541.0411 270.9862 359.5869 462.1046 -120.2703 0.0000 0.0000
3010.03 17.07.2018 07.10.01 30.45605 295.6880 1110.5936 1.4848 -16.9202 24.5400 536.8456 268.9979 360.6197 462.9166 -125.5074 0.0000 0.0000
3020.03 17.07.2018 07.20.01 30.62518 295.8951 737.1215 0.9855 -17.1608 24.1951 532.8512 267.1218 361.6902 463.2986 -129.9212 0.0000 0.0000
3030.03 17.07.2018 07.30.01 30.74664 296.1020 492.0618 0.6578 -17.1857 23.7914 583.1342 297.8578 362.6446 472.0944 -139.6023 0.0000 0.0000
3040.03 17.07.2018 07.40.01 30.83660 296.3423 402.0203 0.5375 -17.0745 23.4826 578.9326 295.7467 363.8004 472.7245 -144.5346 0.0000 0.0000
3050.03 17.07.2018 07.50.01 30.91418 296.5494 296.0030 0.3957 -16.9207 23.0885 574.0868 293.3186 364.7794 473.1289 -143.9988 0.0000 0.0000
3060.03 17.07.2018 08.00.01 30.97775 296.7714 195.2512 0.2610 -16.7115 22.6301 568.5045 290.4972 365.6536 472.8207 -149.2072 0.0000 0.0000
3070.03 17.07.2018 08.10.01 31.02816 296.9043 185.2354 0.2476 -16.4484 22.2614 564.8340 288.5938 366.5558 472.5699 -150.4277 0.0000 0.0000
3080.03 17.07.2018 08.20.01 31.10180 296.9863 9131.4580 12.2078 -16.1870 37.8598 608.9287 303.3040 367.3356 476.3179 -153.7676 0.0000 0.0000
3090.03 17.07.2018 08.30.01 32.26354 297.1349 4747.5366 6.3470 -21.4178 37.0198 603.4141 300.6485 368.1902 476.2550 -158.2049 0.0000 0.0000
3100.03 17.07.2018 08.40.01 32.89605 297.2568 2490.2559 3.3292 -23.7325 36.0824 597.3541 297.7261 368.8767 475.7772 -157.5399 0.0000 0.0000
3110.03 17.07.2018 08.50.01 33.26513 297.3989 6045.3423 8.0820 -24.5948 43.5691 632.6439 313.2564 369.5661 479.6250 -162.5786 0.0000 0.0000
3120.03 17.07.2018 09.00.01 34.06335 297.5405 3019.1980 4.0364 -27.6317 42.2241 624.2520 309.2397 370.3754 479.1461 -163.2474 0.0000 0.0000
3130.03 17.07.2018 09.10.01 34.48876 297.5188 173.0264 0.2313 -28.7095 38.5878 593.4879 295.0731 371.7451 478.1108 -161.4176 0.0000 0.0000
3140.03 17.07.2018 09.20.01 34.56002 297.5120 -1406.8770 -1.8809 -28.0310 34.8669 575.4207 288.5910 373.1268 478.3219 -158.5778 0.0000 0.0000
3150.03 17.07.2018 09.30.01 34.43096 297.5102 -2061.2480 -2.7557 -26.4394 31.5783 554.4422 280.0322 374.5144 478.3156 -151.4796 0.0000 0.0000
3160.03 17.07.2018 09.40.01 34.21539 297.5373 -2135.0947 -2.8544 -24.5267 28.8964 534.2293 271.0653 375.8030 476.0243 -152.5570 0.0000 0.0000
3170.03 17.07.2018 09.50.01 33.98477 297.5882 -2101.4631 -2.8094 -22.6582 26.4650 511.9078 260.6457 377.2461 471.1639 -156.4024 0.0000 0.0000
3180.03 17.07.2018 10.00.01 33.75225 297.6208 -2104.8054 -2.8139 -20.8955 24.1087 488.8738 249.7412 378.5144 467.6959 -155.6195 0.0000 0.0000
3190.03 17.07.2018 10.10.01 33.51592 297.7159 -1718.1581 -2.2970 -19.1923 22.5271 471.6063 241.2997 379.0910 465.7427 -150.6066 0.0000 0.0000
3200.03 17.07.2018 10.20.01 33.32446 297.7868 -1550.6493 -2.0731 -17.7728 20.9329 453.5277 232.3809 379.4802 463.6495 -145.1465 0.0000 0.0000
3210.03 17.07.2018 10.30.01 33.15154 297.8554 -1508.9580 -2.0173 -16.4879 19.2941 434.3999 222.8693 379.5273 461.4401 -139.2502 0.0000 0.0000
3220.03 17.07.2018 10.40.01 32.98248 297.9357 -1304.3066 -1.7437 -15.2562 18.0166 419.8648 215.7237 379.8277 459.7352 -134.6151 0.0000 0.0000
3230.03 17.07.2018 10.50.01 32.83730 297.9864 -1256.5911 -1.6799 -14.1586 16.6382 404.2269 207.9919 380.0124 457.9118 -129.7730 0.0000 0.0000
3240.03 17.07.2018 11.00.01 32.69488 298.0510 -1222.5306 -1.6344 -13.1222 15.3171 388.9451 200.4283 380.1621 456.1621 -125.3614 0.0000 0.0000
3250.03 17.07.2018 11.10.01 32.55660 298.1750 -833.9643 -1.1149 -12.1310 14.6881 390.1094 201.1080 380.5567 455.5105 -122.2830 0.0000 0.0000
3260.03 17.07.2018 11.20.01 32.46581 298.2937 -664.0388 -0.8878 -11.3922 14.0060 391.6755 202.0657 381.2196 455.3804 -120.5013 0.0000 0.0000
3270.03 17.07.2018 11.30.01 32.39584 298.4131 -611.9347 -0.8181 -10.7618 13.2583 392.7867 202.7997 381.9997 455.4430 -119.2549 0.0000 0.0000
3280.03 17.07.2018 11.40.01 32.33233 298.5462 -571.8955 -0.7646 -10.1662 12.5355 395.1159 204.2260 383.0543 456.0083 -118.7911 0.0000 0.0000
3290.03 17.07.2018 11.50.01 32.27340 298.6651 -633.1495 -0.8465 -9.5968 11.6671 395.6936 204.7122 383.9998 456.3929 -118.1717 0.0000 0.0000
3300.03 17.07.2018 12.00.01 32.20632 298.7798 -730.0877 -0.9761 -8.9940 10.6906 395.0404 204.5436 384.8055 456.7105 -117.0560 0.0000 0.0000
3310.03 17.07.2018 12.10.01 32.12667 298.7805 -708.1068 -0.9467 -8.3437 9.8627 383.5577 199.2262 386.1211 456.8967 -117.0808 0.0000 0.0000
3320.03 17.07.2018 12.20.01 32.04937 298.7657 -487.1783 -0.6513 -7.7264 9.4334 375.3547 195.5747 386.8443 456.9308 -117.3828 0.0000 0.0000
3330.03 17.07.2018 12.30.01 31.99951 298.7443 -113.4010 -0.1516 -7.2638 9.4829 372.5145 194.7798 387.3135 457.3977 -117.9757 0.0000 0.0000
3340.03 17.07.2018 12.40.01 31.99590 298.7244 74.1385 0.0991 -7.0403 9.5192 368.6688 193.3340 387.6498 457.6013 -117.7358 0.0000 0.0000
3350.03 17.07.2018 12.50.01 32.01559 298.6829 148.5806 0.1986 -6.9327 9.5085 362.9919 190.8260 387.7677 457.5037 -116.5584 0.0000 0.0000
3360.03 17.07.2018 13.00.01 32.04495 298.6486 237.1673 0.3171 -6.8715 9.5848 357.6771 188.4686 388.0115 457.4205 -115.4002 0.0000 0.0000
3370.03 17.07.2018 13.10.01 32.08474 298.5731 60.6168 0.0810 -6.8608 9.2558 355.2446 187.4163 387.1226 456.2490 -116.0473 0.0000 0.0000
3380.03 17.07.2018 13.20.01 32.10235 298.4923 -15.8730 -0.0212 -6.7449 8.9649 353.7737 186.9139 386.2058 455.2224 -116.9513 0.0000 0.0000
3390.03 17.07.2018 13.30.01 32.10989 298.4124 -33.0052 -0.0441 -6.5910 8.7292 353.2870 186.9599 385.4027 454.3209 -117.9633 0.0000 0.0000
3400.03 17.07.2018 13.40.01 32.11453 298.3334 -60.0176 -0.0802 -6.4351 8.4732 352.9834 187.0932 384.5371 453.4079 -118.7856 0.0000 0.0000
3410.03 17.07.2018 13.50.01 32.11526 298.2525 -72.0778 -0.0964 -6.2713 8.2333 353.0452 187.4337 383.6939 452.5639 -119.7364 0.0000 0.0000
3420.03 17.07.2018 14.00.01 32.11389 298.1690 -104.9760 -0.1403 -6.1078 7.9567 352.4397 187.4003 382.7509 451.6436 -120.5176 0.0000 0.0000
3430.03 17.07.2018 14.10.01 32.10760 298.0355 -209.6568 -0.2803 -5.9301 7.5330 356.8235 190.0905 380.2593 451.0171 -121.8431 0.0000 0.0000
3440.03 17.07.2018 14.20.01 32.08770 297.9048 -254.1227 -0.3397 -5.6964 7.1423 362.3811 193.4605 377.7753 450.5096 -123.4656 0.0000 0.0000
3450.03 17.07.2018 14.30.01 32.06149 297.7763 -283.1571 -0.3786 -5.4464 6.7572 368.4613 197.1383 375.2877 450.0182 -125.3505 0.0000 0.0000
3460.03 17.07.2018 14.40.01 32.03079 297.6500 -330.8909 -0.4424 -5.1888 6.3286 376.1268 201.6861 372.6820 449.5959 -127.2657 0.0000 0.0000
3470.03 17.07.2018 14.50.01 31.99343 297.5226 -331.7409 -0.4435 -4.9134 5.9598 385.3476 207.1216 370.1828 449.3276 -130.6629 0.0000 0.0000
3480.03 17.07.2018 15.00.01 31.95516 297.3978 -358.9340 -0.4799 -4.6484 5.5580 394.3265 212.4392 367.6297 449.0282 -133.4821 0.0000 0.0000
3490.03 17.07.2018 15.10.01 31.91320 297.2307 -268.4966 -0.3590 -4.3796 5.3609 386.3779 208.4626 365.9975 447.7083 -134.1921 0.0000 0.0000
3500.03 17.07.2018 15.20.01 31.88204 297.0541 -233.1976 -0.3118 -4.1765 5.1530 377.8470 204.1463 364.3733 446.1931 -133.1394 0.0000 0.0000
3510.03 17.07.2018 15.30.01 31.85461 296.8649 -231.4495 -0.3094 -4.0042 4.9263 368.6295 199.4334 362.6770 444.5311 -131.3477 0.0000 0.0000
3520.03 17.07.2018 15.40.01 31.82675 296.6672 -271.5790 -0.3631 -3.8410 4.6372 357.3492 193.5600 360.7959 442.6101 -128.5941 0.0000 0.0000
3530.03 17.07.2018 15.50.01 31.79345 296.4766 -275.3398 -0.3681 -3.6615 4.3912 346.4280 187.8706 358.9604 440.6883 -124.0727 0.0000 0.0000
3540.03 17.07.2018 16.00.01 31.75912 296.3015 -266.5544 -0.3564 -3.4886 4.1764 335.1594 181.9476 357.1987 438.6548 -122.0599 0.0000 0.0000
3550.03 17.07.2018 16.10.01 31.72521 296.0388 -272.7255 -0.3646 -3.3299 3.9537 324.5575 176.3553 355.1679 436.4464 -119.3522 0.0000 0.0000
3560.03 17.07.2018 16.20.01 31.68990 295.7843 -257.6339 -0.3444 -3.1774 3.7774 314.1613 170.8502 353.2025 434.1871 -116.6836 0.0000 0.0000
3570.03 17.07.2018 16.30.01 31.65579 295.5361 -246.1145 -0.3290 -3.0441 3.6201 303.6140 165.2398 351.2870 431.9441 -111.9198 0.0000 0.0000
3580.03 17.07.2018 16.40.01 31.62249 295.2781 -253.9678 -0.3395 -2.9268 3.4496 290.8265 158.3775 349.3605 429.3711 -109.0141 0.0000 0.0000
3590.03 17.07.2018 16.50.01 31.58764 295.0243 -273.8890 -0.3662 -2.8139 3.2636 277.4909 151.1990 347.3830 426.7256 -105.2748 0.0000 0.0000
3600.03 17.07.2018 17.00.01 31.54965 294.7715 -288.1330 -0.3852 -2.6980 3.0837 263.5542 143.6541 345.4224 423.9651 -101.7738 0.0000 0.0000
3610.03 17.07.2018 17.10.01 31.50912 294.4962 -317.5860 -0.4246 -2.5837 2.8788 246.8109 134.5884 343.8096 421.1055 -96.8846 0.0000 0.0000
3620.03 17.07.2018 17.20.01 31.46414 294.2233 -357.3142 -0.4777 -2.4621 2.6458 229.3595 125.1202 342.1517 418.0797 -91.5588 0.0000 0.0000
3630.03 17.07.2018 17.30.01 31.41339 293.9514 -392.9255 -0.5253 -2.3279 2.4034 211.5630 115.4531 340.4588 414.9540 -86.1377 0.0000 0.0000
3640.03 17.07.2018 17.40.01 31.35726 293.6783 -413.4447 -0.5527 -2.1847 2.1760 189.2747 103.2949 338.7949 411.5255 -80.0041 0.0000 0.0000
3650.03 17.07.2018 17.50.01 31.29763 293.4039 -442.4076 -0.5915 -2.0424 1.9346 166.6046 90.9188 337.0992 407.9447 -73.4842 0.0000 0.0000
3660.03 17.07.2018 18.00.01 31.23351 293.1283 -468.6056 -0.6265 -1.8970 1.6941 143.7177 78.4118 335.3957 404.2604 -66.7789 0.0000 0.0000
3670.03 17.07.2018 18.10.01 31.16512 292.8072 -481.0436 -0.6431 -1.7494 1.4751 126.6764 69.1140 334.2162 401.2708 -59.5630 0.0000 0.0000
3680.03 17.07.2018 18.20.01 31.09429 292.4902 -488.6747 -0.6533 -1.6064 1.2708 109.7781 59.8907 333.1048 398.3874 -52.9411 0.0000 0.0000
3690.03 17.07.2018 18.30.01 31.02163 292.1761 -493.0050 -0.6591 -1.4706 1.0820 92.9866 50.7194 332.0335 395.5188 -46.7405 0.0000 0.0000
3700.03 17.07.2018 18.40.01 30.94766 291.8627 -503.6713 -0.6734 -1.3450 0.8955 67.1728 36.6698 330.9851 392.1179 -39.7973 0.0000 0.0000
3710.03 17.07.2018 18.50.01 30.87145 291.5483 -530.7030 -0.7095 -1.2253 0.6877 43.6983 23.7945 329.9023 388.4776 -33.0088 0.0000 0.0000
3720.03 17.07.2018 19.00.01 30.79095 291.2345 -554.6946 -0.7416 -1.1024 0.4811 20.4290 11.0399 328.8146 384.7215 -26.7035 0.0000 0.0000
3730.03 17.07.2018 19.10.01 30.70648 290.8358 -544.9736 -0.7286 -0.9810 0.3365 16.8982 9.1429 327.5728 381.8605 -24.9790 0.0000 0.0000
3740.03 17.07.2018 19.20.01 30.62197 290.4417 -514.7813 -0.6882 -0.8856 0.2631 14.1986 7.6874 326.4186 379.3409 -23.8427 0.0000 0.0000
3750.03 17.07.2018 19.30.01 30.53991 290.0474 -505.0307 -0.6752 -0.8273 0.2029 11.6582 6.3172 325.3016 376.9636 -22.9519 0.0000 0.0000
3760.03 17.07.2018 19.40.01 30.45785 289.6541 -510.9405 -0.6831 -0.7920 0.1452 7.7090 4.1787 324.2028 374.6049 -22.0412 0.0000 0.0000
3770.03 17.07.2018 19.50.01 30.37396 289.2599 -527.6702 -0.7054 -0.7691 0.0848 3.9758 2.1525 323.1052 372.2903 -21.2680 0.0000 0.0000
3780.03 17.07.2018 20.00.01 30.28695 288.8673 -548.8857 -0.7338 -0.7521 0.0244 0.2966 0.1585 322.0107 370.0460 -20.5464 0.0000 0.0000
3790.03 17.07.2018 20.10.01 30.19628 288.4814 -548.7430 -0.7336 -0.7369 0.0044 0.0535 0.0286 321.0674 368.2167 -19.7701 0.0000 0.0000
3800.03 17.07.2018 20.20.01 30.10473 288.1029 -549.7510 -0.7350 -0.7356 0.0008 0.0097 0.0052 320.1734 366.5284 -19.3469 0.0000 0.0000
3810.03 17.07.2018 20.30.01 30.01202 287.7288 -557.5460 -0.7454 -0.7455 0.0001 0.0017 0.0009 319.3087 364.9566 -18.9820 0.0000 0.0000
3820.03 17.07.2018 20.40.01 29.91760 287.3749 -570.4597 -0.7626 -0.7627 0.0000 0.0003 0.0002 318.4610 363.5006 -18.5935 0.0000 0.0000
3830.03 17.07.2018 20.50.01 29.82073 287.0102 -585.1904 -0.7823 -0.7823 0.0000 0.0001 0.0000 317.6276 362.0879 -18.3968 0.0000 0.0000
3840.03 17.07.2018 21.00.01 29.72137 286.6591 -600.8336 -0.8033 -0.8033 0.0000 0.0000 0.0000 316.8403 360.7548 -18.1931 0.0000 0.0000
3850.03 17.07.2018 21.10.01 29.61950 286.4555 -613.9388 -0.8208 -0.8208 0.0000 0.0000 0.0000 316.4742 359.7233 -17.2060 0.0000 0.0000
3860.03 17.07.2018 21.20.01 29.51611 286.3237 -618.7135 -0.8272 -0.8272 0.0000 0.0000 0.0000 316.2271 358.7833 -16.3631 0.0000 0.0000
3870.03 17.07.2018 21.30.01 29.41262 286.2265 -619.4815 -0.8282 -0.8282 0.0000 0.0000 0.0000 316.0163 357.8951 -15.7427 0.0000 0.0000
3880.03 17.07.2018 21.40.01 29.30868 286.0257 -623.2465 -0.8332 -0.8332 0.0000 0.0000 0.0000 315.6686 356.9840 -15.5228 0.0000 0.0000
3890.03 17.07.2018 21.50.01 29.20358 285.9593 -631.6570 -0.8445 -0.8445 0.0000 0.0000 0.0000 315.4063 356.2331 -14.8099 0.0000 0.0000
3900.03 17.07.2018 22.00.01 29.09713 285.9664 -637.8576 -0.8528 -0.8528 0.0000 0.0000 0.0000 315.1807 355.5891 -13.9165 0.0000 0.0000
3910.03 17.07.2018 22.10.01 28.99001 285.9326 -642.3323 -0.8587 -0.8587 0.0000 0.0000 0.0000 314.8686 354.9281 -13.3536 0.0000 0.0000
3920.03 17.07.2018 22.20.01 28.88198 285.8675 -645.5661 -0.8631 -0.8631 0.0000 0.0000 0.0000 314.5377 354.2643 -12.9620 0.0000 0.0000
3930.03 17.07.2018 22.30.01 28.77340 285.7763 -650.3445 -0.8694 -0.8694 0.0000 0.0000 0.0000 314.1916 353.5960 -12.7154 0.0000 0.0000
3940.03 17.07.2018 22.40.01 28.66390 285.6914 -656.0655 -0.8771 -0.8771 0.0000 0.0000 0.0000 313.8441 352.9506 -12.4547 0.0000 0.0000
3950.03 17.07.2018 22.50.01 28.55343 285.5837 -662.6205 -0.8859 -0.8859 0.0000 0.0000 0.0000 313.4953 352.2999 -12.3209 0.0000 0.0000
3960.03 17.07.2018 23.00.01 28.44189 285.4657 -669.7621 -0.8954 -0.8954 0.0000 0.0000 0.0000 313.1448 351.6483 -12.2658 0.0000 0.0000
3970.03 17.07.2018 23.10.01 28.32903 285.3767 -676.5383 -0.9045 -0.9045 0.0000 0.0000 0.0000 312.7342 351.0787 -11.9046 0.0000 0.0000
3980.03 17.07.2018 23.20.01 28.21511 284.9975 -683.4442 -0.9137 -0.9137 0.0000 0.0000 0.0000 312.2070 350.2625 -12.7069 0.0000 0.0000
3990.03 17.07.2018 23.30.01 28.09985 284.8671 -692.4625 -0.9258 -0.9258 0.0000 0.0000 0.0000 311.7632 349.6139 -12.5346 0.0000 0.0000
4000.03 17.07.2018 23.40.01 27.98327 284.7071 -698.3189 -0.9336 -0.9336 0.0000 0.0000 0.0000 311.3555 349.0008 -12.3780 0.0000 0.0000
4010.03 17.07.2018 23.50.01 27.86581 284.5466 -703.6826 -0.9408 -0.9408 0.0000 0.0000 0.0000 310.9645 348.4009 -12.2843 0.0000 0.0000
4020.03 18.07.2018 00.00.01 27.74737 284.4179 -709.3950 -0.9484 -0.9484 0.0000 0.0000 0.0000 310.5882 347.8332 -12.1313 0.0000 0.0000
4030.03 18.07.2018 00.10.01 27.62829 284.4302 -713.2489 -0.9535 -0.9535 0.0000 0.0000 0.0000 310.2964 347.3530 -11.5037 0.0000 0.0000
4040.03 18.07.2018 00.20.01 27.50918 284.4265 -711.7943 -0.9516 -0.9516 0.0000 0.0000 0.0000 309.9507 346.8320 -11.2432 0.0000 0.0000
4050.03 18.07.2018 00.30.01 27.39016 284.5013 -708.9681 -0.9478 -0.9478 0.0000 0.0000 0.0000 309.6814 346.3677 -11.0422 0.0000 0.0000
4060.03 18.07.2018 00.40.01 27.27114 284.3964 -708.6533 -0.9474 -0.9474 0.0000 0.0000 0.0000 309.4351 345.8158 -11.0883 0.0000 0.0000
4070.03 18.07.2018 00.50.01 27.15212 284.2893 -708.3193 -0.9470 -0.9470 0.0000 0.0000 0.0000 309.1276 345.2641 -11.1235 0.0000 0.0000
4080.03 18.07.2018 01.00.01 27.03320 284.1904 -707.8036 -0.9463 -0.9463 0.0000 0.0000 0.0000 308.8407 344.7261 -11.1465 0.0000 0.0000
4090.03 18.07.2018 01.10.01 26.91430 284.0770 -708.4514 -0.9471 -0.9471 0.0000 0.0000 0.0000 308.5235 344.0781 -11.6086 0.0000 0.0000
4100.03 18.07.2018 01.20.01 26.79507 283.9574 -714.6772 -0.9555 -0.9555 0.0000 0.0000 0.0000 308.1881 343.3982 -12.1196 0.0000 0.0000
4110.03 18.07.2018 01.30.01 26.67465 283.8377 -723.3632 -0.9671 -0.9671 0.0000 0.0000 0.0000 307.8156 342.7018 -12.6157 0.0000 0.0000
4120.03 18.07.2018 01.40.01 26.55267 283.7424 -731.5193 -0.9780 -0.9780 0.0000 0.0000 0.0000 307.4357 342.0471 -12.9064 0.0000 0.0000
4130.03 18.07.2018 01.50.01 26.42944 283.6295 -738.7732 -0.9877 -0.9877 0.0000 0.0000 0.0000 307.0382 341.3748 -13.2773 0.0000 0.0000
4140.03 18.07.2018 02.00.01 26.30511 283.4982 -744.9611 -0.9959 -0.9959 0.0000 0.0005 0.0003 306.6224 340.6773 -13.7278 0.0000 0.0000
4150.03 18.07.2018 02.10.01 26.17980 283.5313 -743.9293 -0.9946 -1.0016 0.0094 0.3012 0.1590 306.4116 340.2100 -13.2886 0.0000 0.0000
4160.03 18.07.2018 02.20.01 26.05468 283.5667 -739.6138 -0.9888 -1.0047 0.0211 0.6351 0.3357 306.2540 339.8103 -12.8190 0.0000 0.0000
4170.03 18.07.2018 02.30.01 25.93032 283.6077 -733.8455 -0.9811 -1.0061 0.0334 0.9737 0.5148 306.1180 339.4618 -12.3243 0.0000 0.0000
4180.03 18.07.2018 02.40.01 25.80715 283.6522 -728.1213 -0.9734 -1.0077 0.0456 1.3132 0.6945 306.0009 339.1707 -11.7565 0.0000 0.0000
4190.03 18.07.2018 02.50.01 25.68536 283.7012 -722.4772 -0.9659 -1.0093 0.0579 1.6529 0.8743 305.8988 338.9253 -11.1700 0.0000 0.0000
4200.03 18.07.2018 03.00.01 25.56454 283.7579 -715.4271 -0.9565 -1.0092 0.0704 1.9970 1.0563 305.8098 338.7271 -10.5487 0.0000 0.0000
4210.03 18.07.2018 03.10.01 25.44494 284.0356 -659.6803 -0.8819 -1.0049 0.1640 4.9561 2.6186 306.0843 339.0776 -8.7838 0.0000 0.0000
4220.03 18.07.2018 03.20.01 25.33318 284.3637 -607.5989 -0.8123 -1.0216 0.2790 8.2040 4.3373 306.5330 339.6962 -7.0767 0.0000 0.0000
4230.03 18.07.2018 03.30.01 25.22897 284.6961 -566.7270 -0.7577 -1.0559 0.3976 11.4924 6.0774 307.0571 340.4431 -5.5495 0.0000 0.0000
4240.03 18.07.2018 03.40.01 25.13082 285.0321 -533.5233 -0.7133 -1.1009 0.5169 14.7893 7.8221 307.6261 341.2958 -4.1662 0.0000 0.0000
4250.03 18.07.2018 03.50.01 25.03784 285.3714 -505.5531 -0.6759 -1.1531 0.6363 18.0876 9.5675 308.2270 342.2357 -2.9097 0.0000 0.0000
4260.03 18.07.2018 04.00.01 24.94921 285.7019 -481.0490 -0.6431 -1.2099 0.7557 21.3867 11.3133 308.8452 343.2289 -1.8138 0.0000 0.0000
4270.03 18.07.2018 04.10.01 24.86443 286.0355 -454.3815 -0.6075 -1.2701 0.8836 24.9569 13.2023 310.0040 344.3706 -1.0998 0.0000 0.0000
4280.03 18.07.2018 04.20.01 24.78393 286.3736 -428.8878 -0.5734 -1.3336 1.0136 28.5572 15.1075 311.2179 345.5965 -0.5118 0.0000 0.0000
4290.03 18.07.2018 04.30.01 24.70754 286.7127 -404.9848 -0.5414 -1.3995 1.1441 32.1616 17.0149 312.4575 346.8805 -0.0263 0.0000 0.0000
4300.03 18.07.2018 04.40.01 24.63506 287.0528 -382.3102 -0.5111 -1.4670 1.2746 35.7669 18.9228 313.7180 348.2179 0.3904 0.0000 0.0000
4310.03 18.07.2018 04.50.01 24.56628 287.3931 -360.3159 -0.4817 -1.5355 1.4051 66.8393 34.5642 314.9957 350.0945 -0.0512 0.0000 0.0000
4320.03 18.07.2018 05.00.01 24.50134 287.7510 -275.2724 -0.3680 -1.6052 1.6495 77.0949 39.7948 316.5674 352.6087 -1.2525 0.0000 0.0000
4330.03 18.07.2018 05.10.01 24.44781 288.2111 -273.3125 -0.3654 -1.7128 1.7966 243.1322 122.9107 318.1947 357.9253 -5.8587 0.0000 0.0000
4340.03 18.07.2018 05.20.01 24.39672 288.7422 111.2228 0.1487 -1.8047 2.6045 414.8561 208.8916 321.6400 369.5192 -19.0104 0.0000 0.0000
4350.03 18.07.2018 05.30.01 24.39553 289.3203 455.9241 0.6095 -2.1036 3.6174 696.0069 360.4037 326.2531 400.3908 -58.6063 0.0000 0.0000
4360.03 18.07.2018 05.40.01 24.44100 289.9966 767.1990 1.0257 -2.5638 4.7860 661.7310 342.8113 331.9764 416.5534 -75.5197 0.0000 0.0000
4370.03 18.07.2018 05.50.01 24.52783 290.5158 426.1985 0.5698 -3.1573 4.9694 626.9433 324.8769 335.1707 426.1397 -85.1379 0.0000 0.0000
4380.03 18.07.2018 06.00.01 24.57519 290.9706 149.4954 0.1999 -3.4991 4.9320 594.9344 308.1622 337.3523 432.8993 -91.8306 0.0000 0.0000
4390.03 18.07.2018 06.10.01 24.58947 291.3335 26.7009 0.0357 -3.6522 4.9171 572.8230 296.8284 338.7803 438.2211 -97.6731 0.0000 0.0000
4400.03 18.07.2018 06.20.01 24.58923 291.6934 9.0032 0.0120 -3.7198 4.9758 551.3268 285.8038 340.2002 442.2726 -101.8890 0.0000 0.0000
4410.03 18.07.2018 06.30.01 24.62393 292.0506 13057.2705 17.4563 -3.7661 28.2965 600.3699 299.5502 341.6718 450.6801 -111.2807 0.0000 0.0000
4420.03 18.07.2018 06.40.01 26.24691 292.4481 6608.0835 8.8343 -11.7981 27.5099 586.6965 292.9989 343.1753 453.5786 -113.3475 0.0000 0.0000
4430.03 18.07.2018 06.50.01 27.09277 292.8042 3350.0422 4.4787 -15.5230 26.6689 572.7280 286.3141 344.5991 455.7412 -114.8096 0.0000 0.0000
4440.03 18.07.2018 07.00.01 27.54080 293.1570 1658.3724 2.2171 -17.1334 25.8007 558.4555 279.4658 345.9878 457.2453 -115.4908 0.0000 0.0000
4450.03 18.07.2018 07.10.01 27.77941 293.3927 650.9739 0.8703 -17.6793 24.7328 541.2188 271.3100 347.3838 457.8127 -115.6576 0.0000 0.0000
4460.03 18.07.2018 07.20.01 27.89156 293.6417 104.6213 0.1399 -17.6185 23.6779 524.1266 263.2299 348.7686 457.8474 -115.7885 0.0000 0.0000
4470.03 18.07.2018 07.30.01 27.93362 293.8894 -231.3974 -0.3094 -17.2489 22.5861 555.9993 284.5573 350.0519 464.1457 -124.7904 0.0000 0.0000
4480.03 18.07.2018 07.40.01 27.93228 294.1779 -215.3237 -0.2879 -16.6999 21.8828 543.4074 278.3616 351.4453 463.9402 -124.7355 0.0000 0.0000
4490.03 18.07.2018 07.50.01 27.93093 294.4250 -240.7997 -0.3219 -16.1876 21.1543 530.7890 272.1724 352.7767 463.4303 -124.9294 0.0000 0.0000
4500.03 18.07.2018 08.00.01 27.92489 294.6691 -287.2982 -0.3841 -15.6782 20.3921 517.6541 265.7010 354.0297 462.6059 -124.8279 0.0000 0.0000
4510.03 18.07.2018 08.10.01 27.91100 294.7925 -685.0451 -0.9158 -15.1550 18.9856 487.0569 250.4756 355.3298 460.7196 -122.8624 0.0000 0.0000
4520.03 18.07.2018 08.20.01 27.86202 294.9088 4604.1191 6.1552 -14.4007 27.4080 485.6031 245.3245 356.3622 460.2011 -123.0569 0.0000 0.0000
4530.03 18.07.2018 08.30.01 28.45242 295.0360 1021.8630 1.3661 -16.9108 24.3692 449.7538 228.1817 357.2973 457.0989 -119.0463 0.0000 0.0000
4540.03 18.07.2018 08.40.01 28.60662 295.1422 -434.6324 -0.5811 -17.1054 22.0325 423.9527 215.9398 358.0621 454.1515 -115.1202 0.0000 0.0000
4550.03 18.07.2018 08.50.01 28.58471 295.2490 717.4363 0.9591 -16.4066 23.1544 415.5470 211.5231 358.9134 452.8119 -113.6319 0.0000 0.0000
4560.03 18.07.2018 09.00.01 28.69784 295.3725 -835.0214 -1.1163 -16.4449 20.4381 388.3629 198.7311 359.8006 449.8548 -109.2248 0.0000 0.0000
4570.03 18.07.2018 09.10.01 28.62094 295.4709 -662.8976 -0.8862 -15.5233 19.5160 382.0594 195.8657 360.8503 448.5842 -103.1435 0.0000 0.0000
4580.03 18.07.2018 09.20.01 28.56310 295.5832 -590.2783 -0.7891 -14.7397 18.6008 380.6578 195.9330 362.0467 448.5255 -98.9770 0.0000 0.0000
4590.03 18.07.2018 09.30.01 28.51318 295.7087 -466.9456 -0.6243 -14.0193 17.8600 379.3915 195.9478 363.4760 448.8461 -95.4799 0.0000 0.0000
4600.03 18.07.2018 09.40.01 28.47790 295.8361 -355.1214 -0.4748 -13.3877 17.2173 376.9805 195.1147 364.9183 449.1787 -92.0120 0.0000 0.0000
4610.03 18.07.2018 09.50.01 28.45590 295.9773 -266.5430 -0.3563 -12.8326 16.6350 373.7240 193.7296 366.4259 449.6367 -88.8657 0.0000 0.0000
4620.03 18.07.2018 10.00.01 28.44467 296.0978 -232.6910 -0.3111 -12.3379 16.0357 369.8541 191.9879 367.8665 450.0990 -86.3726 0.0000 0.0000
4630.03 18.07.2018 10.10.01 28.43844 296.1114 148.5565 0.1986 -11.8685 16.0895 378.2275 196.3879 370.0671 451.1243 -90.8875 0.0000 0.0000
4640.03 18.07.2018 10.20.01 28.47924 296.2361 353.4172 0.4725 -11.6372 16.1462 386.9066 200.9665 372.4511 452.7334 -92.1903 0.0000 0.0000
4650.03 18.07.2018 10.30.01 28.54620 296.3366 423.0148 0.5655 -11.5217 16.1163 394.7444 205.1067 374.7707 454.3791 -93.0333 0.0000 0.0000
4660.03 18.07.2018 10.40.01 28.62283 296.4673 504.8230 0.6749 -11.4361 16.1480 403.4013 209.7037 377.3209 456.5156 -92.4376 0.0000 0.0000
4670.03 18.07.2018 10.50.01 28.71090 296.6292 486.7312 0.6507 -11.3819 16.0435 410.9685 213.7494 379.9746 458.4501 -93.4323 0.0000 0.0000
4680.03 18.07.2018 11.00.01 28.79739 296.8133 450.8595 0.6028 -11.3046 15.8765 418.0011 217.5247 382.5025 459.7837 -97.0699 0.0000 0.0000
4690.03 18.07.2018 11.10.01 28.87847 296.8382 -41.3066 -0.0552 -11.1906 14.8472 398.5309 207.9070 383.0604 460.7514 -93.4719 0.0000 0.0000
4700.03 18.07.2018 11.20.01 28.89767 296.8310 -401.0942 -0.5362 -10.7727 13.6486 375.7092 196.4107 382.8716 460.2257 -89.3908 0.0000 0.0000
4710.03 18.07.2018 11.30.01 28.87084 296.8309 -550.0232 -0.7353 -10.1521 12.5557 353.3486 185.1135 382.2394 459.0214 -85.5769 0.0000 0.0000
4720.03 18.07.2018 11.40.01 28.82394 296.8686 -538.1448 -0.7194 -9.4673 11.6638 333.4025 175.0288 381.5240 457.6703 -81.4079 0.0000 0.0000
4730.03 18.07.2018 11.50.01 28.77700 296.8541 -485.8599 -0.6495 -8.8140 10.8859 313.8440 165.0904 380.4821 456.1178 -77.1353 0.0000 0.0000
4740.03 18.07.2018 12.00.01 28.73538 296.8918 -391.0495 -0.5228 -8.2155 10.2569 295.2619 155.6225 379.4367 454.3779 -72.6782 0.0000 0.0000
4750.03 18.07.2018 12.10.01 28.70443 297.1389 -343.3300 -0.4590 -7.6910 9.6427 290.8831 153.0606 378.3917 452.3841 -68.6757 0.0000 0.0000
4760.03 18.07.2018 12.20.01 28.67919 297.4971 -203.9682 -0.2727 -7.2060 9.2445 290.9115 152.9797 377.6940 451.4486 -66.0353 0.0000 0.0000
4770.03 18.07.2018 12.30.01 28.67153 297.6144 -54.7972 -0.0733 -6.8121 8.9851 293.5219 154.3409 377.1984 450.9161 -65.0255 0.0000 0.0000
4780.03 18.07.2018 12.40.01 28.68203 297.7721 22.2028 0.0297 -6.5177 8.7298 296.9750 156.1981 376.7498 451.3677 -62.3003 0.0000 0.0000
4790.03 18.07.2018 12.50.01 28.70184 297.9338 46.4960 0.0622 -6.2737 8.4478 300.7885 158.2918 376.2573 451.9041 -61.7653 0.0000 0.0000
4800.03 18.07.2018 13.00.01 28.72460 298.0885 82.4682 0.1103 -6.0481 8.2111 306.0754 161.2369 375.8407 452.4755 -63.9094 0.0000 0.0000
4810.03 18.07.2018 13.10.01 28.75210 298.1238 224.8378 0.3006 -5.8488 8.1991 300.3278 158.5363 377.8629 454.2919 -60.4301 0.0000 0.0000
4820.03 18.07.2018 13.20.01 28.79748 298.1149 212.6731 0.2843 -5.7289 8.0176 291.0835 153.8665 379.4491 454.7723 -61.5202 0.0000 0.0000
4830.03 18.07.2018 13.30.01 28.84191 298.1150 221.7642 0.2965 -5.5945 7.8547 281.7538 149.1332 380.8793 454.5901 -63.7604 0.0000 0.0000
4840.03 18.07.2018 13.40.01 28.88745 297.8922 213.3226 0.2852 -5.4698 7.6733 271.4208 143.8154 382.2161 454.7281 -58.9114 0.0000 0.0000
4850.03 18.07.2018 13.50.01 28.93151 298.1649 209.2634 0.2798 -5.3439 7.4982 260.6124 138.2078 383.3397 453.4895 -58.2406 0.0000 0.0000
4860.03 18.07.2018 14.00.01 28.97500 298.2351 196.0324 0.2621 -5.2166 7.3049 248.8647 132.0512 384.2062 451.1068 -61.2156 0.0000 0.0000
4870.03 18.07.2018 14.10.01 29.01565 298.0867 29.4168 0.0393 -5.0902 6.8393 228.1606 121.1425 382.5646 449.2099 -57.0171 0.0000 0.0000
4880.03 18.07.2018 14.20.01 29.03451 297.9197 -111.7053 -0.1493 -4.8729 6.2981 205.9348 109.3804 380.8090 446.6137 -53.0019 0.0000 0.0000
4890.03 18.07.2018 14.30.01 29.03457 297.7449 -204.5175 -0.2734 -4.5850 5.7488 183.1206 97.2722 378.9009 443.4966 -49.0795 0.0000 0.0000
4900.03 18.07.2018 14.40.01 29.02163 297.5632 -272.6561 -0.3645 -4.2587 5.1922 158.9484 84.4008 376.8479 440.0460 -43.1277 0.0000 0.0000
4910.03 18.07.2018 14.50.01 28.99871 297.3790 -322.7094 -0.4314 -3.9117 4.6404 134.3881 71.2935 374.7006 436.1359 -37.7633 0.0000 0.0000
4920.03 18.07.2018 15.00.01 28.96795 297.1965 -368.7189 -0.4929 -3.5583 4.0871 109.3663 57.9089 372.3869 431.5097 -33.6747 0.0000 0.0000
4930.03 18.07.2018 15.10.01 28.93011 296.9990 -272.8652 -0.3648 -3.2036 3.7851 103.4232 54.7360 369.2260 428.0261 -32.1206 0.0000 0.0000
4940.03 18.07.2018 15.20.01 28.90380 296.8040 -154.6903 -0.2068 -2.9246 3.6238 99.4289 52.6223 366.2620 424.5632 -32.1602 0.0000 0.0000
4950.03 18.07.2018 15.30.01 28.89068 296.5919 -93.9704 -0.1256 -2.7398 3.4855 95.6900 50.6431 363.3547 421.1757 -32.2159 0.0000 0.0000
4960.03 18.07.2018 15.40.01 28.88378 296.3918 -73.6179 -0.0984 -2.6122 3.3516 92.0074 48.6943 360.4571 418.0292 -30.7052 0.0000 0.0000
4970.03 18.07.2018 15.50.01 28.87811 296.1851 -76.5851 -0.1024 -2.5163 3.2186 88.3339 46.7503 357.5466 414.9846 -29.6363 0.0000 0.0000
4980.03 18.07.2018 16.00.01 28.87075 295.9695 -92.4468 -0.1236 -2.4379 3.0857 84.6952 44.8253 354.5751 412.0120 -28.8371 0.0000 0.0000
4990.03 18.07.2018 16.10.01 28.86038 296.1728 -81.8153 -0.1094 -2.3629 3.0047 101.1450 53.8715 354.4301 411.9900 -26.4286 0.0000 0.0000
5000.03 18.07.2018 16.20.01 28.85156 296.4070 -18.2191 -0.0244 -2.2918 3.0232 119.3630 63.9006 354.7987 413.0594 -25.4811 0.0000 0.0000
5010.03 18.07.2018 16.30.01 28.85101 296.6527 28.7105 0.0384 -2.2548 3.0575 138.1256 74.2432 355.3835 414.7543 -25.4674 0.0000 0.0000
5020.03 18.07.2018 16.40.01 28.85668 296.9122 55.7707 0.0746 -2.2432 3.0903 161.6457 87.2143 356.0894 417.3548 -26.2743 0.0000 0.0000
5030.03 18.07.2018 16.50.01 28.86590 297.1751 79.5973 0.1064 -2.2452 3.1355 185.6661 100.4758 356.9003 420.5517 -27.8081 0.0000 0.0000
5040.03 18.07.2018 17.00.01 28.87820 297.4360 92.7762 0.1240 -2.2608 3.1798 209.6732 113.7323 357.7756 424.1707 -29.8807 0.0000 0.0000
5050.03 18.07.2018 17.10.01 28.89205 297.1390 64.5084 0.0862 -2.2862 3.1633 197.0657 106.8960 357.5165 423.3808 -35.2446 0.0000 0.0000
5060.03 18.07.2018 17.20.01 28.90145 296.8047 -53.3955 -0.0714 -2.3051 2.9783 182.0021 98.7190 356.5970 421.2582 -39.0829 0.0000 0.0000
5070.03 18.07.2018 17.30.01 28.89510 296.4585 -145.7260 -0.1948 -2.2669 2.7627 166.4177 90.2547 355.3774 418.5459 -41.8053 0.0000 0.0000
5080.03 18.07.2018 17.40.01 28.87591 296.1154 -207.3332 -0.2772 -2.1908 2.5514 146.9162 79.6216 354.0317 415.1996 -42.5491 0.0000 0.0000
5090.03 18.07.2018 17.50.01 28.84768 295.7675 -262.0345 -0.3503 -2.0968 2.3286 127.1403 68.8332 352.5851 411.5446 -42.1894 0.0000 0.0000
5100.03 18.07.2018 18.00.01 28.81124 295.4184 -305.8835 -0.4089 -1.9885 2.1061 107.2368 57.9676 351.0907 407.7294 -40.7324 0.0000 0.0000
5110.03 18.07.2018 18.10.01 28.76797 295.0672 -375.4263 -0.5019 -1.8706 1.8249 93.2155 50.3910 349.0158 404.6262 -36.8022 0.0000 0.0000
5120.03 18.07.2018 18.20.01 28.71496 294.7121 -420.3048 -0.5619 -1.7248 1.5505 79.2337 42.8325 346.9704 401.5334 -33.1718 0.0000 0.0000
5130.03 18.07.2018 18.30.01 28.65533 294.3556 -451.3580 -0.6034 -1.5672 1.2850 65.3231 35.3099 344.9456 398.3928 -29.8209 0.0000 0.0000
5140.03 18.07.2018 18.40.01 28.59066 293.9994 -478.7942 -0.6401 -1.4055 1.0206 46.4599 25.1008 342.9312 394.9390 -25.8404 0.0000 0.0000
5150.03 18.07.2018 18.50.01 28.52145 293.6403 -511.5983 -0.6840 -1.2420 0.7441 28.7265 15.4599 340.8898 391.3314 -21.7789 0.0000 0.0000
5160.03 18.07.2018 19.00.01 28.44717 293.2789 -540.9805 -0.7232 -1.0744 0.4682 11.1247 5.8964 338.8416 387.6600 -17.7141 0.0000 0.0000
5170.03 18.07.2018 19.10.01 28.36831 293.0247 -491.9782 -0.6577 -0.9028 0.3267 8.4928 4.4975 339.0428 385.3615 -15.1151 0.0000 0.0000
5180.03 18.07.2018 19.20.01 28.29510 292.7836 -433.1870 -0.5791 -0.7692 0.2535 6.7013 3.5486 339.4695 383.5200 -13.4603 0.0000 0.0000
5190.03 18.07.2018 19.30.01 28.22885 292.5455 -398.3995 -0.5326 -0.6770 0.1925 5.0573 2.6784 339.9634 381.8851 -12.2911 0.0000 0.0000
5200.03 18.07.2018 19.40.01 28.16662 292.3098 -382.4570 -0.5113 -0.6115 0.1337 3.4403 1.8227 340.4994 380.4176 -11.4101 0.0000 0.0000
5210.03 18.07.2018 19.50.01 28.10601 292.0747 -377.8666 -0.5052 -0.5616 0.0752 1.8282 0.9696 341.0675 379.0754 -10.7984 0.0000 0.0000
5220.03 18.07.2018 20.00.01 28.04550 291.8347 -379.7400 -0.5077 -0.5204 0.0170 0.2194 0.1182 341.6548 377.8624 -10.3055 0.0000 0.0000
5230.03 18.07.2018 20.10.01 27.98449 291.7502 -359.8007 -0.4810 -0.4832 0.0029 0.0344 0.0183 343.7124 377.1652 -9.5518 0.0000 0.0000
5240.03 18.07.2018 20.20.01 27.92578 291.6714 -344.7638 -0.4609 -0.4613 0.0005 0.0068 0.0036 345.8820 376.6884 -9.2282 0.0000 0.0000
5250.03 18.07.2018 20.30.01 27.86874 291.5951 -336.9459 -0.4505 -0.4505 0.0001 0.0012 0.0006 348.1026 376.3532 -9.1695 0.0000 0.0000
5260.03 18.07.2018 20.40.01 27.81271 291.5188 -335.0934 -0.4480 -0.4480 0.0000 0.0002 0.0001 350.3665 376.1490 -9.2529 0.0000 0.0000
5270.03 18.07.2018 20.50.01 27.75683 291.4432 -335.9278 -0.4491 -0.4491 0.0000 0.0000 0.0000 352.6578 376.0468 -9.4948 0.0000 0.0000
5280.03 18.07.2018 21.00.01 27.70028 291.3645 -336.3546 -0.4497 -0.4497 0.0000 0.0000 0.0000 354.9660 376.0245 -9.8953 0.0000 0.0000
5290.03 18.07.2018 21.10.01 27.64352 291.2890 -338.4034 -0.4524 -0.4524 0.0000 0.0000 0.0000 354.7546 375.7694 -9.9610 0.0000 0.0000
5300.03 18.07.2018 21.20.01 27.58630 291.2094 -344.8864 -0.4611 -0.4611 0.0000 0.0000 0.0000 354.4703 375.4550 -9.9341 0.0000 0.0000
5310.03 18.07.2018 21.30.01 27.52783 291.1297 -353.5740 -0.4727 -0.4727 0.0000 0.0000 0.0000 354.1763 375.1272 -9.8821 0.0000 0.0000
5320.03 18.07.2018 21.40.01 27.46783 291.0503 -362.6873 -0.4849 -0.4849 0.0000 0.0000 0.0000 353.8790 374.7910 -9.8117 0.0000 0.0000
5330.03 18.07.2018 21.50.01 27.40630 290.9706 -371.1147 -0.4961 -0.4961 0.0000 0.0000 0.0000 353.5834 374.4504 -9.7272 0.0000 0.0000
5340.03 18.07.2018 22.00.01 27.34347 290.8915 -378.8582 -0.5065 -0.5065 0.0000 0.0000 0.0000 353.2887 374.1066 -9.6357 0.0000 0.0000
5350.03 18.07.2018 22.10.01 27.27944 290.8295 -385.5922 -0.5155 -0.5155 0.0000 0.0000 0.0000 352.3456 373.6835 -9.4236 0.0000 0.0000
5360.03 18.07.2018 22.20.01 27.21420 290.7655 -392.1887 -0.5243 -0.5243 0.0000 0.0000 0.0000 351.3826 373.2211 -9.1936 0.0000 0.0000
5370.03 18.07.2018 22.30.01 27.14791 290.7009 -398.7010 -0.5330 -0.5330 0.0000 0.0000 0.0000 350.4133 372.7402 -8.9348 0.0000 0.0000
5380.03 18.07.2018 22.40.01 27.08056 290.6354 -404.8636 -0.5413 -0.5413 0.0000 0.0000 0.0000 349.4441 372.2427 -8.6644 0.0000 0.0000
5390.03 18.07.2018 22.50.01 27.01220 290.5694 -410.1751 -0.5484 -0.5484 0.0000 0.0000 0.0000 348.4737 371.7331 -8.3763 0.0000 0.0000
5400.03 18.07.2018 23.00.01 26.94302 290.5026 -414.6059 -0.5543 -0.5543 0.0000 0.0000 0.0000 347.5019 371.2107 -8.0869 0.0000 0.0000
5410.03 18.07.2018 23.10.01 26.87316 290.3288 -418.8785 -0.5600 -0.5600 0.0000 0.0000 0.0000 346.3536 370.5538 -8.2357 0.0000 0.0000
5420.03 18.07.2018 23.20.01 26.80267 290.1497 -423.7185 -0.5665 -0.5665 0.0000 0.0000 0.0000 345.1777 369.8792 -8.2589 0.0000 0.0000
5430.03 18.07.2018 23.30.01 26.73126 289.9711 -427.6537 -0.5717 -0.5717 0.0000 0.0000 0.0000 343.9923 369.1837 -8.2345 0.0000 0.0000
5440.03 18.07.2018 23.40.01 26.65917 289.7877 -431.2631 -0.5766 -0.5766 0.0000 0.0000 0.0000 342.7953 368.4405 -8.3140 0.0000 0.0000
5450.03 18.07.2018 23.50.01 26.58657 289.6055 -435.0990 -0.5817 -0.5817 0.0000 0.0000 0.0000 341.6007 367.7119 -8.2336 0.0000 0.0000
5460.03 19.07.2018 00.00.01 26.51333 289.4267 -438.3044 -0.5860 -0.5860 0.0000 0.0000 0.0000 340.4070 366.9765 -8.1124 0.0000 0.0000
5470.03 19.07.2018 00.10.01 26.43954 289.2427 -441.2085 -0.5899 -0.5899 0.0000 0.0000 0.0000 339.5061 366.2452 -8.1597 0.0000 0.0000
5480.03 19.07.2018 00.20.01 26.36538 289.0664 -444.2795 -0.5940 -0.5940 0.0000 0.0000 0.0000 338.6256 365.5238 -8.1976 0.0000 0.0000
5490.03 19.07.2018 00.30.01 26.29058 288.8812 -446.6173 -0.5971 -0.5971 0.0000 0.0000 0.0000 337.7399 364.7947 -8.2416 0.0000 0.0000
5500.03 19.07.2018 00.40.01 26.21551 288.6912 -449.4499 -0.6009 -0.6009 0.0000 0.0000 0.0000 336.8489 364.0636 -8.2735 0.0000 0.0000
5510.03 19.07.2018 00.50.01 26.13989 288.4982 -451.6041 -0.6037 -0.6037 0.0000 0.0000 0.0000 335.9531 363.3288 -8.3034 0.0000 0.0000
5520.03 19.07.2018 01.00.01 26.06390 288.3044 -453.7009 -0.6066 -0.6066 0.0000 0.0000 0.0000 335.0559 362.5908 -8.3329 0.0000 0.0000
5530.03 19.07.2018 01.10.01 25.98785 288.2193 -456.4258 -0.6102 -0.6102 0.0000 0.0000 0.0000 334.9520 362.0524 -7.9819 0.0000 0.0000
5540.03 19.07.2018 01.20.01 25.91119 288.1360 -456.3327 -0.6101 -0.6101 0.0000 0.0000 0.0000 334.8948 361.5704 -7.7251 0.0000 0.0000
5550.03 19.07.2018 01.30.01 25.83489 288.0400 -456.3511 -0.6101 -0.6101 0.0000 0.0000 0.0000 334.8456 361.1070 -7.5875 0.0000 0.0000
5560.03 19.07.2018 01.40.01 25.75881 287.9362 -456.2927 -0.6100 -0.6100 0.0000 0.0000 0.0000 334.8002 360.6676 -7.4842 0.0000 0.0000
5570.03 19.07.2018 01.50.01 25.68279 287.9018 -456.2109 -0.6099 -0.6099 0.0000 0.0000 0.0000 334.7601 360.3087 -7.1284 0.0000 0.0000
5580.03 19.07.2018 02.00.01 25.60677 287.8357 -453.6921 -0.6065 -0.6065 0.0000 0.0004 0.0002 334.7642 359.9476 -7.0189 0.0000 0.0000
5590.03 19.07.2018 02.10.01 25.53079 287.8015 -447.4189 -0.5982 -0.6034 0.0069 0.2235 0.1180 334.0542 359.4535 -7.1464 0.0000 0.0000
5600.03 19.07.2018 02.20.01 25.45550 287.7071 -446.9863 -0.5976 -0.6093 0.0157 0.4712 0.2491 333.3129 358.8393 -7.6408 0.0000 0.0000
5610.03 19.07.2018 02.30.01 25.37991 287.5568 -451.3243 -0.6034 -0.6219 0.0247 0.7224 0.3820 332.5321 358.1497 -8.3320 0.0000 0.0000
5620.03 19.07.2018 02.40.01 25.30337 287.4035 -457.1327 -0.6111 -0.6365 0.0339 0.9743 0.5153 331.7296 357.4731 -8.8348 0.0000 0.0000
5630.03 19.07.2018 02.50.01 25.22595 287.2217 -462.3567 -0.6181 -0.6504 0.0430 1.2264 0.6487 330.8801 356.7438 -9.4123 0.0000 0.0000
5640.03 19.07.2018 03.00.01 25.14761 287.0921 -467.7911 -0.6254 -0.6646 0.0523 1.4846 0.7853 330.0080 356.0441 -9.7228 0.0000 0.0000
5650.03 19.07.2018 03.10.01 25.06857 287.1158 -406.7808 -0.5438 -0.6764 0.1768 5.4523 2.8797 329.5667 355.8655 -9.3832 0.0000 0.0000
5660.03 19.07.2018 03.20.01 24.99725 287.1505 -356.3498 -0.4764 -0.7251 0.3316 9.8297 5.1961 329.2634 355.8870 -9.2905 0.0000 0.0000
5670.03 19.07.2018 03.30.01 24.93243 287.1899 -323.2180 -0.4321 -0.8008 0.4916 14.2645 7.5429 329.0199 356.0163 -9.3239 0.0000 0.0000
5680.03 19.07.2018 03.40.01 24.87216 287.2345 -301.2482 -0.4027 -0.8921 0.6524 18.7115 9.8961 328.8149 356.2421 -9.4088 0.0000 0.0000
5690.03 19.07.2018 03.50.01 24.81500 287.2802 -284.5121 -0.3804 -0.9905 0.8135 23.1604 12.2505 328.6358 356.5394 -9.5800 0.0000 0.0000
5700.03 19.07.2018 04.00.01 24.76040 287.3276 -271.1011 -0.3624 -1.0935 0.9747 27.6160 14.6083 328.4761 356.8995 -9.8216 0.0000 0.0000
5710.03 19.07.2018 04.10.01 24.70809 287.6813 -192.0913 -0.2568 -1.1966 1.2530 35.8392 18.9546 328.9923 358.0059 -8.9607 0.0000 0.0000
5720.03 19.07.2018 04.20.01 24.66662 288.0444 -121.8516 -0.1629 -1.3345 1.5621 44.4786 23.5264 329.6856 359.4063 -8.4235 0.0000 0.0000
5730.03 19.07.2018 04.30.01 24.63510 288.4123 -69.2523 -0.0926 -1.4998 1.8763 53.1763 28.1290 330.4620 360.9903 -8.0951 0.0000 0.0000
5740.03 19.07.2018 04.40.01 24.61120 288.7811 -27.9407 -0.0374 -1.6810 2.1915 61.8863 32.7382 331.2939 362.7255 -7.9413 0.0000 0.0000
5750.03 19.07.2018 04.50.01 24.59356 289.1518 6.5170 0.0087 -1.8714 2.5069 78.9566 41.5277 332.1668 364.7488 -8.1319 0.0000 0.0000
5760.03 19.07.2018 05.00.01 24.58138 289.5284 56.3697 0.0754 -2.0672 2.8568 90.0740 47.3398 333.1636 367.0872 -8.6591 0.0000 0.0000
5770.03 19.07.2018 05.10.01 24.57650 289.9152 83.7709 0.1120 -2.2774 3.1859 133.3048 69.2136 334.1797 370.1507 -9.7360 0.0000 0.0000
5780.03 19.07.2018 05.20.01 24.57641 290.3125 186.8607 0.2498 -2.4876 3.6499 177.6874 91.6668 335.6077 374.6201 -12.2993 0.0000 0.0000
5790.03 19.07.2018 05.30.01 24.59054 290.7250 281.7130 0.3766 -2.7423 4.1585 245.9090 128.3971 337.2955 383.2115 -19.4959 0.0000 0.0000
5800.03 19.07.2018 05.40.01 24.61819 291.1748 367.7263 0.4916 -3.0330 4.6995 239.5993 125.2286 339.1943 388.4012 -22.1106 0.0000 0.0000
5810.03 19.07.2018 05.50.01 24.65780 291.5833 295.7610 0.3954 -3.3518 4.9962 228.8570 119.8205 340.5092 391.9868 -23.3678 0.0000 0.0000
5820.03 19.07.2018 06.00.01 24.68994 291.9863 240.3100 0.3213 -3.6045 5.2343 219.7924 115.2070 341.5766 394.8059 -23.9753 0.0000 0.0000
5830.03 19.07.2018 06.10.01 24.71606 292.3310 124.5711 0.1665 -3.8070 5.2981 243.9197 127.7159 342.9097 399.1674 -21.3145 0.0000 0.0000
5840.03 19.07.2018 06.20.01 24.72897 292.6432 143.2150 0.1915 -3.9241 5.4874 269.1751 140.7985 344.5426 403.8226 -24.3742 0.0000 0.0000
5850.03 19.07.2018 06.30.01 24.74517 293.1614 185.9317 0.2486 -4.0367 5.7137 294.9256 154.1513 346.1481 407.8798 -32.3733 0.0000 0.0000
5860.03 19.07.2018 06.40.01 24.78146 293.6814 4995.5640 6.6786 -4.1573 14.4478 335.7695 171.0314 348.1059 415.7183 -31.2913 0.0000 0.0000
5870.03 19.07.2018 06.50.01 25.40548 294.2429 3120.9487 4.1724 -7.2058 15.1709 352.0721 179.2324 349.9534 421.6653 -30.7107 0.0000 0.0000
5880.03 19.07.2018 07.00.01 25.80676 294.5323 2188.3503 2.9256 -8.9599 15.8474 368.0257 187.2617 351.7668 426.9936 -34.8818 0.0000 0.0000
5890.03 19.07.2018 07.10.01 26.09551 294.8558 1332.6304 1.7816 -10.0750 15.8088 369.6000 188.3244 353.2955 431.4574 -37.6528 0.0000 0.0000
5900.03 19.07.2018 07.20.01 26.28005 294.6988 864.8681 1.1562 -10.6308 15.7161 370.5958 189.0829 354.4102 432.5745 -52.8409 0.0000 0.0000
5910.03 19.07.2018 07.30.01 26.40664 294.7499 601.1327 0.8037 -10.8930 15.5956 396.8302 205.0065 355.1996 436.2612 -71.5090 0.0000 0.0000
5920.03 19.07.2018 07.40.01 26.50054 295.1647 508.5893 0.6799 -10.9912 15.5615 398.3717 205.9331 357.0123 443.5568 -51.0665 0.0000 0.0000
5930.03 19.07.2018 07.50.01 26.58328 295.2916 446.2145 0.5965 -11.0236 15.4935 399.6662 206.7393 358.3821 444.4630 -63.6337 0.0000 0.0000
5940.03 19.07.2018 08.00.01 26.65820 295.3498 398.0570 0.5322 -11.0222 15.4058 400.7634 207.4405 358.5652 441.6930 -86.5739 0.0000 0.0000
5950.03 19.07.2018 08.10.01 26.72741 295.5612 691.0510 0.9239 -10.9976 15.8952 417.0037 215.7383 359.0149 443.4004 -88.4678 0.0000 0.0000
5960.03 19.07.2018 08.20.01 26.84603 295.7817 5429.0986 7.2582 -11.1502 24.5445 458.1993 232.8504 359.8735 447.3381 -94.1951 0.0000 0.0000
5970.03 19.07.2018 08.30.01 27.54339 296.0220 3570.5854 4.7735 -14.1928 25.2884 475.4474 241.5573 360.8879 450.1240 -97.5645 0.0000 0.0000
5980.03 19.07.2018 08.40.01 28.01895 296.2474 2500.7832 3.3433 -15.9601 25.7378 489.0501 248.4899 361.9321 452.7759 -101.1959 0.0000 0.0000
5990.03 19.07.2018 08.50.01 28.37301 296.4805 4683.6392 6.2616 -17.0091 31.0276 526.1538 265.8713 362.9782 457.6052 -108.3581 0.0000 0.0000
6000.03 19.07.2018 09.00.01 28.99310 296.7332 3081.6311 4.1198 -19.3674 31.3163 538.6303 272.2492 364.0938 460.4949 -112.1645 0.0000 0.0000
6010.03 19.07.2018 09.10.01 29.41781 296.9690 1556.7168 2.0812 -20.6593 30.3206 534.7775 270.7760 365.6227 463.1920 -111.6231 0.0000 0.0000
6020.03 19.07.2018 09.20.01 29.65420 297.2019 607.2808 0.8119 -20.9854 29.0630 537.6661 273.5478 367.0132 466.6029 -111.5174 0.0000 0.0000
6030.03 19.07.2018 09.30.01 29.77206 297.4395 228.9443 0.3061 -20.7372 28.0577 540.5736 276.1385 368.5656 469.8035 -112.6007 0.0000 0.0000
6040.03 19.07.2018 09.40.01 29.84100 297.6794 26.6514 0.0356 -20.2814 27.0893 539.4253 276.1796 370.0540 472.6085 -111.1084 0.0000 0.0000
6050.03 19.07.2018 09.50.01 29.88296 297.9446 -62.2025 -0.0832 -19.7259 26.1903 536.1712 274.9068 371.7235 475.1885 -108.8705 0.0000 0.0000
6060.03 19.07.2018 10.00.01 29.91204 298.1805 -180.4072 -0.2412 -19.1378 25.1955 531.2134 272.6855 373.2351 477.2016 -107.7651 0.0000 0.0000
6070.03 19.07.2018 10.10.01 29.92410 298.3214 -644.8782 -0.8621 -18.4934 23.5084 513.0527 264.0293 376.4824 481.8804 -98.8399 0.0000 0.0000
6080.03 19.07.2018 10.20.01 29.87750 298.4159 -920.2487 -1.2303 -17.5731 21.7905 493.2795 254.4300 379.3115 484.3387 -96.9108 0.0000 0.0000
6090.03 19.07.2018 10.30.01 29.79501 298.3668 -1074.4406 -1.4364 -16.5084 20.0960 473.0087 244.5184 381.1089 482.6810 -105.6607 0.0000 0.0000
6100.03 19.07.2018 10.40.01 29.69137 298.8179 -951.2190 -1.2717 -15.3848 18.8174 457.9541 237.2573 383.1215 482.9275 -89.9467 0.0000 0.0000
6110.03 19.07.2018 10.50.01 29.60232 299.2940 -883.5646 -1.1812 -14.3354 17.5388 442.6023 229.8169 385.1397 483.2348 -81.9206 0.0000 0.0000
6120.03 19.07.2018 11.00.01 29.51830 299.4932 -812.2834 -1.0859 -13.3666 16.3742 427.8106 222.6281 386.6189 480.8222 -95.0076 0.0000 0.0000
6130.03 19.07.2018 11.10.01 29.44042 299.4833 -1030.5150 -1.3777 -12.4654 14.7837 394.4345 205.7430 388.8065 481.0565 -80.6269 0.0000 0.0000
6140.03 19.07.2018 11.20.01 29.33425 299.3691 -1201.9565 -1.6069 -11.4401 13.1110 358.7664 187.5487 390.5368 478.9663 -79.8175 0.0000 0.0000
6150.03 19.07.2018 11.30.01 29.20583 299.2376 -1218.8099 -1.6294 -10.3258 11.5952 323.9705 169.7610 391.7024 475.3431 -81.9054 0.0000 0.0000
6160.03 19.07.2018 11.40.01 29.07360 298.8296 -1120.8560 -1.4985 -9.2391 10.3209 291.9718 153.3697 392.8206 472.4311 -69.7105 0.0000 0.0000
6170.03 19.07.2018 11.50.01 28.95150 299.1282 -1001.6703 -1.3391 -8.2424 9.2043 260.7111 137.3020 393.5786 467.9349 -65.0345 0.0000 0.0000
6180.03 19.07.2018 12.00.01 28.84335 298.9951 -852.0488 -1.1391 -7.3450 8.2746 230.6873 121.8318 393.8636 462.0429 -68.8752 0.0000 0.0000
6190.03 19.07.2018 12.10.01 28.75250 298.9030 -531.3395 -0.7103 -6.5748 7.8192 223.6593 118.0563 392.3582 458.3642 -65.7190 0.0000 0.0000
6200.03 19.07.2018 12.20.01 28.70092 298.8465 -219.9646 -0.2941 -6.0214 7.6365 220.7951 116.5696 391.4434 455.8212 -63.7575 0.0000 0.0000
6210.03 19.07.2018 12.30.01 28.68804 298.8065 -15.3393 -0.0205 -5.6672 7.5289 218.8473 115.5737 390.7659 453.7344 -62.1559 0.0000 0.0000
6220.03 19.07.2018 12.40.01 28.70089 298.7734 98.7297 0.1320 -5.4389 7.4279 217.0334 114.6491 390.1851 451.9170 -60.8265 0.0000 0.0000
6230.03 19.07.2018 12.50.01 28.72817 298.7441 160.1486 0.2141 -5.2784 7.3233 215.1893 113.7092 389.6450 450.3309 -59.5512 0.0000 0.0000
6240.03 19.07.2018 13.00.01 28.76333 298.7189 198.1430 0.2649 -5.1544 7.2257 213.5187 112.8652 389.1443 448.9229 -58.5223 0.0000 0.0000
6250.03 19.07.2018 13.10.01 28.80355 298.7581 302.4915 0.4044 -5.0549 7.2790 234.3292 123.7657 386.3507 448.2344 -60.7365 0.0000 0.0000
6260.03 19.07.2018 13.20.01 28.85714 298.8034 474.8670 0.6348 -5.0241 7.5453 259.7018 137.2390 383.9993 448.6116 -65.8028 0.0000 0.0000
6270.03 19.07.2018 13.30.01 28.93212 298.8201 589.6840 0.7883 -5.1030 7.8552 286.8324 151.7319 381.8041 449.4421 -72.2056 0.0000 0.0000
6280.03 19.07.2018 13.40.01 29.02154 298.8978 651.0952 0.8704 -5.2502 8.1608 316.0057 167.3852 379.7687 451.0790 -78.7460 0.0000 0.0000
6290.03 19.07.2018 13.50.01 29.11913 298.9956 697.3008 0.9322 -5.4286 8.4811 346.6334 183.8994 377.9021 453.1590 -86.2198 0.0000 0.0000
6300.03 19.07.2018 14.00.01 29.22292 299.1019 697.8013 0.9329 -5.6284 8.7484 377.3601 200.5173 375.9823 455.4398 -94.1858 0.0000 0.0000
6310.03 19.07.2018 14.10.01 29.32687 299.0318 611.3049 0.8173 -5.8240 8.8550 367.2596 195.4603 376.2175 455.8084 -95.3604 0.0000 0.0000
6320.03 19.07.2018 14.20.01 29.41940 298.9399 356.9539 0.4772 -5.9623 8.5860 350.8030 186.8809 375.6043 454.6516 -94.4988 0.0000 0.0000
6330.03 19.07.2018 14.30.01 29.47939 298.8377 184.6245 0.2468 -5.9477 8.2594 332.9443 177.5069 374.6076 452.9373 -92.4900 0.0000 0.0000
6340.03 19.07.2018 14.40.01 29.51711 298.7230 64.1866 0.0858 -5.8422 7.9041 313.0861 167.0049 373.4187 450.9047 -88.6351 0.0000 0.0000
6350.03 19.07.2018 14.50.01 29.53857 298.5967 7.7665 0.0104 -5.6790 7.5859 293.1736 156.4429 372.2166 448.5540 -85.2180 0.0000 0.0000
6360.03 19.07.2018 15.00.01 29.55175 298.4662 -48.4805 -0.0648 -5.4978 7.2440 272.1266 145.2181 370.9074 445.7795 -81.7067 0.0000 0.0000
6370.03 19.07.2018 15.10.01 29.55682 298.2828 -99.0370 -0.1324 -5.3000 6.8901 256.3872 136.8372 369.8158 443.3802 -77.8833 0.0000 0.0000
6380.03 19.07.2018 15.20.01 29.55493 298.1023 -97.7867 -0.1307 -5.0826 6.6025 241.2170 128.7466 368.8598 440.9774 -74.1790 0.0000 0.0000
6390.03 19.07.2018 15.30.01 29.55236 297.9214 -101.6965 -0.1360 -4.8801 6.3256 225.7998 120.4997 367.9304 438.4641 -70.4562 0.0000 0.0000
6400.03 19.07.2018 15.40.01 29.54836 297.7384 -119.7949 -0.1602 -4.6873 6.0361 208.4248 111.1601 366.9656 435.7115 -66.3812 0.0000 0.0000
6410.03 19.07.2018 15.50.01 29.54131 297.5531 -132.8622 -0.1776 -4.4954 5.7570 190.8944 101.7203 365.9994 432.8228 -62.2550 0.0000 0.0000
6420.03 19.07.2018 16.00.01 29.53179 297.3668 -146.0304 -0.1952 -4.3079 5.4836 173.0506 92.0855 365.0363 429.8010 -58.0263 0.0000 0.0000
6430.03 19.07.2018 16.10.01 29.51983 297.2542 -154.4048 -0.2064 -4.1248 5.2246 176.7560 94.2312 363.3536 427.9212 -57.0267 0.0000 0.0000
6440.03 19.07.2018 16.20.01 29.50607 297.1539 -106.6762 -0.1426 -3.9493 5.0756 182.1484 97.3025 361.8522 426.4724 -57.6455 0.0000 0.0000
6450.03 19.07.2018 16.30.01 29.49737 297.0558 -79.7628 -0.1066 -3.8157 4.9454 187.9202 100.5862 360.4548 425.2791 -58.6625 0.0000 0.0000
6460.03 19.07.2018 16.40.01 29.49130 296.9637 -73.8725 -0.0988 -3.7096 4.8144 196.1450 105.2234 359.0829 424.5436 -59.4107 0.0000 0.0000
6470.03 19.07.2018 16.50.01 29.48525 296.8708 -74.8324 -0.1000 -3.6169 4.6891 204.6006 109.9946 357.7360 423.8701 -61.3622 0.0000 0.0000
6480.03 19.07.2018 17.00.01 29.47839 296.7785 -82.7647 -0.1106 -3.5334 4.5637 212.9726 114.7173 356.4242 423.3258 -63.5586 0.0000 0.0000
6490.03 19.07.2018 17.10.01 29.46954 296.5447 -204.4659 -0.2734 -3.4566 4.2444 196.0526 105.6691 355.0684 421.2070 -62.2645 0.0000 0.0000
6500.03 19.07.2018 17.20.01 29.44433 296.2943 -357.2128 -0.4776 -3.3193 3.7890 177.1656 95.5479 353.4240 418.6220 -58.7845 0.0000 0.0000
6510.03 19.07.2018 17.30.01 29.39889 296.0448 -466.2141 -0.6233 -3.1048 3.3087 157.8753 85.2053 351.6806 415.7802 -54.7741 0.0000 0.0000
6520.03 19.07.2018 17.40.01 29.33846 295.7999 -537.3630 -0.7184 -2.8416 2.8309 136.0906 73.4809 349.9774 412.9681 -48.2533 0.0000 0.0000
6530.03 19.07.2018 17.50.01 29.26788 295.5529 -593.6138 -0.7936 -2.5524 2.3451 114.1057 61.6427 348.2522 409.8678 -42.1503 0.0000 0.0000
6540.03 19.07.2018 18.00.01 29.18908 295.3037 -636.8414 -0.8514 -2.2472 1.8610 92.0478 49.7588 346.5055 406.5598 -36.1696 0.0000 0.0000
6550.03 19.07.2018 18.10.01 29.10381 294.9597 -570.7358 -0.7630 -1.9345 1.5620 79.3497 42.8960 345.1864 403.4810 -32.8522 0.0000 0.0000
6560.03 19.07.2018 18.20.01 29.02548 294.6209 -519.1771 -0.6941 -1.6836 1.3193 67.3861 36.4296 343.9533 400.5264 -29.9178 0.0000 0.0000
6570.03 19.07.2018 18.30.01 28.95236 294.2838 -495.3266 -0.6622 -1.4815 1.0923 55.5722 30.0406 342.7573 397.5956 -27.0373 0.0000 0.0000
6580.03 19.07.2018 18.40.01 28.88122 293.9468 -491.8146 -0.6575 -1.3091 0.8687 39.5486 21.3676 341.5732 394.4041 -23.7119 0.0000 0.0000
6590.03 19.07.2018 18.50.01 28.80950 293.6079 -506.3076 -0.6769 -1.1524 0.6341 24.4777 13.1734 340.3753 391.1273 -20.2618 0.0000 0.0000
6600.03 19.07.2018 19.00.01 28.73504 293.2685 -524.2056 -0.7008 -1.0010 0.4002 9.5216 5.0466 339.1750 387.8233 -16.8558 0.0000 0.0000
6610.03 19.07.2018 19.10.01 28.65746 292.8987 -481.0188 -0.6431 -0.8530 0.2799 7.2773 3.8538 337.8118 385.2304 -15.5128 0.0000 0.0000
6620.03 19.07.2018 19.20.01 28.58428 292.5355 -438.0405 -0.5856 -0.7486 0.2172 5.7436 3.0414 336.5354 382.9265 -14.6453 0.0000 0.0000
6630.03 19.07.2018 19.30.01 28.51537 292.1731 -419.8498 -0.5613 -0.6850 0.1650 4.3347 2.2957 335.2948 380.7562 -13.9986 0.0000 0.0000
6640.03 19.07.2018 19.40.01 28.44781 291.8117 -418.9207 -0.5601 -0.6460 0.1146 2.9488 1.5623 334.0737 378.6896 -13.4991 0.0000 0.0000
6650.03 19.07.2018 19.50.01 28.37954 291.4505 -427.8759 -0.5720 -0.6204 0.0645 1.5670 0.8311 332.8662 376.7031 -13.1392 0.0000 0.0000
6660.03 19.07.2018 20.00.01 28.30926 291.0900 -441.6631 -0.5905 -0.6014 0.0146 0.1880 0.1013 331.6688 374.7826 -12.8904 0.0000 0.0000
6670.03 19.07.2018 20.10.01 28.23647 290.9165 -435.8365 -0.5827 -0.5846 0.0025 0.0295 0.0157 330.9344 373.3264 -11.6377 0.0000 0.0000
6680.03 19.07.2018 20.20.01 28.16400 290.7465 -432.5052 -0.5782 -0.5786 0.0005 0.0058 0.0031 330.2896 372.0249 -10.6969 0.0000 0.0000
6690.03 19.07.2018 20.30.01 28.09164 290.5780 -434.6374 -0.5811 -0.5811 0.0001 0.0010 0.0005 329.6829 370.8245 -9.9571 0.0000 0.0000
6700.03 19.07.2018 20.40.01 28.01840 290.4105 -439.1385 -0.5871 -0.5871 0.0000 0.0002 0.0001 329.1013 369.7069 -9.3655 0.0000 0.0000
6710.03 19.07.2018 20.50.01 27.94421 290.2434 -446.1055 -0.5964 -0.5964 0.0000 0.0000 0.0000 328.5368 368.6553 -8.8988 0.0000 0.0000
6720.03 19.07.2018 21.00.01 27.86874 290.0767 -454.1943 -0.6072 -0.6072 0.0000 0.0000 0.0000 327.9892 367.6588 -8.5332 0.0000 0.0000
6730.03 19.07.2018 21.10.01 27.79186 289.8645 -463.3845 -0.6195 -0.6195 0.0000 0.0000 0.0000 327.7113 366.6530 -8.6578 0.0000 0.0000
6740.03 19.07.2018 21.20.01 27.71337 289.6522 -473.9760 -0.6337 -0.6337 0.0000 0.0000 0.0000 327.4361 365.6844 -8.8436 0.0000 0.0000
6750.03 19.07.2018 21.30.01 27.63308 289.4402 -484.8323 -0.6482 -0.6482 0.0000 0.0000 0.0000 327.1654 364.7459 -9.0767 0.0000 0.0000
6760.03 19.07.2018 21.40.01 27.55099 289.2285 -495.5478 -0.6625 -0.6625 0.0000 0.0000 0.0000 326.8970 363.8336 -9.3470 0.0000 0.0000
6770.03 19.07.2018 21.50.01 27.46713 289.0169 -505.8328 -0.6762 -0.6762 0.0000 0.0000 0.0000 326.6347 362.9447 -9.6498 0.0000 0.0000
6780.03 19.07.2018 22.00.01 27.38156 288.8055 -515.5162 -0.6892 -0.6892 0.0000 0.0000 0.0000 326.3739 362.0747 -9.9814 0.0000 0.0000
6790.03 19.07.2018 22.10.01 27.29437 288.6109 -524.1754 -0.7008 -0.7008 0.0000 0.0000 0.0000 324.9572 361.1464 -9.8991 0.0000 0.0000
6800.03 19.07.2018 22.20.01 27.20587 288.4141 -532.7585 -0.7122 -0.7122 0.0000 0.0000 0.0000 323.5163 360.2026 -9.7056 0.0000 0.0000
6810.03 19.07.2018 22.30.01 27.11587 288.2161 -540.4737 -0.7226 -0.7226 0.0000 0.0000 0.0000 322.0700 359.2262 -9.5875 0.0000 0.0000
6820.03 19.07.2018 22.40.01 27.02468 288.0183 -548.4249 -0.7332 -0.7332 0.0000 0.0000 0.0000 320.6341 358.2672 -9.3626 0.0000 0.0000
6830.03 19.07.2018 22.50.01 26.93218 287.8213 -555.4656 -0.7426 -0.7426 0.0000 0.0000 0.0000 319.2023 357.3042 -9.1257 0.0000 0.0000
6840.03 19.07.2018 23.00.01 26.83853 287.6251 -561.8117 -0.7511 -0.7511 0.0000 0.0000 0.0000 317.7714 356.3392 -8.8739 0.0000 0.0000
6850.03 19.07.2018 23.10.01 26.74383 287.4053 -568.0484 -0.7594 -0.7594 0.0000 0.0000 0.0000 316.9162 355.3971 -8.9102 0.0000 0.0000
6860.03 19.07.2018 23.20.01 26.64816 287.1922 -573.4788 -0.7667 -0.7667 0.0000 0.0000 0.0000 316.0923 354.4788 -8.9762 0.0000 0.0000
6870.03 19.07.2018 23.30.01 26.55157 286.9712 -578.9412 -0.7740 -0.7740 0.0000 0.0000 0.0000 315.2615 353.5552 -9.0907 0.0000 0.0000
6880.03 19.07.2018 23.40.01 26.45406 286.7470 -584.5961 -0.7815 -0.7815 0.0000 0.0000 0.0000 314.4103 352.6013 -9.3109 0.0000 0.0000
6890.03 19.07.2018 23.50.01 26.35552 286.5191 -591.2485 -0.7904 -0.7904 0.0000 0.0000 0.0000 313.5497 351.6468 -9.5352 0.0000 0.0000
6900.03 20.07.2018 00.00.01 26.25591 286.2875 -598.1874 -0.7997 -0.7997 0.0000 0.0000 0.0000 312.6847 350.6903 -9.7789 0.0000 0.0000
6910.03 20.07.2018 00.10.01 26.15515 286.1354 -604.3091 -0.8079 -0.8079 0.0000 0.0000 0.0000 311.6821 349.8011 -9.6196 0.0000 0.0000
6920.03 20.07.2018 00.20.01 26.05340 285.9831 -610.0193 -0.8155 -0.8155 0.0000 0.0000 0.0000 310.6859 348.9228 -9.4649 0.0000 0.0000
6930.03 20.07.2018 00.30.01 25.95077 285.8315 -615.3264 -0.8226 -0.8226 0.0000 0.0000 0.0000 309.6910 348.0517 -9.3268 0.0000 0.0000
6940.03 20.07.2018 00.40.01 25.84728 285.6797 -620.5175 -0.8296 -0.8296 0.0000 0.0000 0.0000 308.6980 347.1911 -9.1845 0.0000 0.0000
6950.03 20.07.2018 00.50.01 25.74291 285.5279 -624.9684 -0.8355 -0.8355 0.0000 0.0000 0.0000 307.7084 346.3380 -9.0486 0.0000 0.0000
6960.03 20.07.2018 01.00.01 25.63772 285.3764 -629.0010 -0.8409 -0.8409 0.0000 0.0000 0.0000 306.7190 345.4890 -8.9280 0.0000 0.0000
6970.03 20.07.2018 01.10.01 25.53192 285.2285 -632.4956 -0.8456 -0.8456 0.0000 0.0000 0.0000 306.1536 344.7417 -8.7079 0.0000 0.0000
6980.03 20.07.2018 01.20.01 25.42571 285.0815 -634.0952 -0.8477 -0.8477 0.0000 0.0000 0.0000 305.6093 344.0198 -8.5477 0.0000 0.0000
6990.03 20.07.2018 01.30.01 25.31951 284.9359 -634.7137 -0.8485 -0.8485 0.0000 0.0000 0.0000 305.0794 343.3285 -8.3775 0.0000 0.0000
7000.03 20.07.2018 01.40.01 25.21331 284.7904 -634.6193 -0.8484 -0.8484 0.0000 0.0000 0.0000 304.5537 342.6447 -8.2607 0.0000 0.0000
7010.03 20.07.2018 01.50.01 25.10711 284.6465 -634.1199 -0.8478 -0.8478 0.0000 0.0000 0.0000 304.0384 341.9864 -8.1231 0.0000 0.0000
7020.03 20.07.2018 02.00.01 25.00091 284.5014 -633.2866 -0.8466 -0.8466 0.0000 0.0004 0.0002 303.5279 341.3305 -8.0404 0.0000 0.0000
7030.03 20.07.2018 02.10.01 24.89474 284.3695 -628.4076 -0.8401 -0.8460 0.0078 0.2527 0.1333 303.4333 340.7149 -8.1479 0.0000 0.0000
7040.03 20.07.2018 02.20.01 24.78918 284.2383 -626.1241 -0.8371 -0.8504 0.0177 0.5327 0.2815 303.3593 340.1382 -8.2972 0.0000 0.0000
7050.03 20.07.2018 02.30.01 24.68386 284.1072 -625.7420 -0.8366 -0.8575 0.0280 0.8167 0.4318 303.2915 339.5821 -8.4797 0.0000 0.0000
7060.03 20.07.2018 02.40.01 24.57849 283.9748 -626.1167 -0.8371 -0.8658 0.0383 1.1014 0.5825 303.2235 339.0369 -8.7129 0.0000 0.0000
7070.03 20.07.2018 02.50.01 24.47296 283.8429 -626.7927 -0.8380 -0.8744 0.0486 1.3863 0.7333 303.1593 338.5111 -8.9540 0.0000 0.0000
7080.03 20.07.2018 03.00.01 24.36730 283.7104 -627.5947 -0.8390 -0.8833 0.0591 1.6767 0.8869 303.0911 337.9915 -9.2376 0.0000 0.0000
7090.03 20.07.2018 03.10.01 24.26168 283.7640 -570.6625 -0.7629 -0.8902 0.1697 5.1921 2.7427 302.7939 337.9302 -8.6082 0.0000 0.0000
7100.03 20.07.2018 03.20.01 24.16363 283.8225 -521.6197 -0.6974 -0.9274 0.3067 9.0639 4.7915 302.5990 338.0333 -8.1811 0.0000 0.0000
7110.03 20.07.2018 03.30.01 24.07217 283.8826 -487.2382 -0.6514 -0.9875 0.4481 12.9856 6.8667 302.4506 338.2117 -7.9438 0.0000 0.0000
7120.03 20.07.2018 03.40.01 23.98553 283.9464 -462.5288 -0.6184 -1.0611 0.5904 16.9177 8.9476 302.3368 338.4789 -7.7527 0.0000 0.0000
7130.03 20.07.2018 03.50.01 23.90246 284.0121 -443.6219 -0.5931 -1.1427 0.7328 20.8517 11.0294 302.2452 338.8073 -7.6451 0.0000 0.0000
7140.03 20.07.2018 04.00.01 23.82226 284.0785 -427.8257 -0.5720 -1.2284 0.8752 24.7854 13.1111 302.1703 339.1732 -7.6582 0.0000 0.0000
7150.03 20.07.2018 04.10.01 23.74459 284.4139 -418.9071 -0.5600 -1.3160 1.0080 28.4093 15.0292 302.6200 339.9170 -6.3249 0.0000 0.0000
7160.03 20.07.2018 04.20.01 23.66882 284.7513 -406.4941 -0.5434 -1.3971 1.1382 31.9989 16.9288 303.1509 340.7693 -5.1568 0.0000 0.0000
7170.03 20.07.2018 04.30.01 23.59545 285.0895 -391.2189 -0.5230 -1.4741 1.2681 35.5838 18.8259 303.7139 341.7067 -4.1070 0.0000 0.0000
7180.03 20.07.2018 04.40.01 23.52480 285.4294 -374.4921 -0.5007 -1.5490 1.3978 39.1676 20.7224 304.3014 342.7212 -3.1473 0.0000 0.0000
7190.03 20.07.2018 04.50.01 23.45696 285.7714 -357.1528 -0.4775 -1.6231 1.5276 42.7513 22.6189 304.9090 343.8022 -2.2699 0.0000 0.0000
