# simtime date time IndoorTemp Av_Tair_at_facade Energyflux.toIndoor.sum  Energyflux.toIndoor.average Energyflux.Conduction.average Energyflux.SW.transmission.average Shortwave.availabe Shortwave.absorbed Longwave.available Longwave.emittedFacade Sensible.outside Vapour.fromGreening Vapour.fromSubstrate
10.02 15.07.2018 05.10.00 20.23269 289.0588 9302.5371 11.4563 -1.9839 17.9203 295.4550 150.5642 324.8217 384.8862 -32.1161 0.0000 0.0000
20.02 15.07.2018 05.20.00 21.65258 289.7276 12619.7842 15.5416 -8.8129 32.4728 547.2114 280.5026 329.7923 413.5248 -57.7725 0.0000 0.0000
30.03 15.07.2018 05.30.01 23.61117 290.5578 13994.8809 17.2351 -17.7013 46.5819 823.0561 425.2328 337.2529 453.8402 -90.7138 0.0000 0.0000
40.03 15.07.2018 05.40.01 25.70010 291.5090 -2583.6731 -3.1819 -26.7451 31.4176 742.5555 390.8083 347.2355 462.9393 -95.0341 0.0000 0.0000
50.03 15.07.2018 05.50.01 25.40023 292.1825 -1542.3628 -1.8995 -23.9311 29.3755 685.5089 360.5560 350.4084 467.0957 -95.7954 0.0000 0.0000
60.03 15.07.2018 06.00.01 25.23312 292.7617 -1417.9200 -1.7462 -22.0522 27.0747 626.0102 329.0254 351.9970 467.3917 -95.7611 0.0000 0.0000
70.03 15.07.2018 06.10.01 25.07833 293.0966 -743.1932 -0.9153 -20.4052 25.9866 595.3072 312.4870 352.9337 468.3561 -96.5084 0.0000 0.0000
80.03 15.07.2018 06.20.01 25.06838 293.4077 5743.1499 7.0729 -19.5597 35.5101 594.7770 306.0463 354.2522 470.7721 -99.0914 0.0000 0.0000
90.03 15.07.2018 06.30.01 26.02343 293.6992 7782.1006 9.5839 -23.3440 43.9039 566.2380 283.6518 355.3469 468.1462 -97.1658 0.0000 0.0000
100.03 15.07.2018 06.40.01 27.25436 293.9958 2997.2271 3.6912 -28.1936 42.5131 544.8529 272.5017 356.6511 467.5268 -96.8389 0.0000 0.0000
110.03 15.07.2018 06.50.01 27.78680 294.2578 1097.7920 1.3520 -29.4406 41.0568 528.2057 264.2436 357.7912 466.9933 -97.3868 0.0000 0.0000
120.03 15.07.2018 07.00.01 28.03536 294.5087 278.8262 0.3434 -29.3126 39.5413 513.8155 257.3840 358.9321 466.3834 -98.1969 0.0000 0.0000
130.03 15.07.2018 07.10.01 28.15936 294.8230 143.4463 0.1767 -28.6398 38.4219 533.5989 270.4922 360.3192 471.8159 -99.7159 0.0000 0.0000
140.03 15.07.2018 07.20.01 28.25854 295.1662 52.5791 0.0648 -27.9105 37.3004 523.4442 265.6391 362.0125 473.1386 -97.0711 0.0000 0.0000
150.03 15.07.2018 07.30.01 28.34017 295.4906 -44.4962 -0.0548 -27.1488 36.1254 534.5800 273.6006 363.6636 477.4224 -97.9429 0.0000 0.0000
160.03 15.07.2018 07.40.01 28.40539 295.8910 34.3522 0.0423 -26.3518 35.1921 527.0091 270.0292 365.8448 479.2364 -95.0899 0.0000 0.0000
170.03 15.07.2018 07.50.01 28.47936 296.2382 -2.3210 -0.0029 -25.6340 34.1749 517.9559 265.6314 367.6548 480.5776 -92.2646 0.0000 0.0000
180.03 15.07.2018 08.00.01 28.58099 296.5614 4160.9634 5.1243 -25.0685 40.2572 535.0208 271.5484 369.3357 484.3443 -91.7351 0.0000 0.0000
190.03 15.07.2018 08.10.01 29.26931 296.8001 1468.9163 1.8090 -27.3130 38.8294 523.8703 266.2271 371.2971 487.4867 -82.8766 0.0000 0.0000
200.03 15.07.2018 08.20.01 29.59747 296.7206 4280.9385 5.2721 -27.6815 43.9381 530.1919 266.4573 373.0489 487.9643 -86.6853 0.0000 0.0000
210.03 15.07.2018 08.30.01 30.31356 296.6394 1396.2849 1.7196 -29.9011 42.1609 517.9923 260.7701 374.5322 484.8408 -95.4564 0.0000 0.0000
220.03 15.07.2018 08.40.01 30.60540 296.7685 311.4604 0.3836 -29.9903 40.4985 526.4917 267.3230 375.7307 485.8908 -99.7367 0.0000 0.0000
230.03 15.07.2018 08.50.01 30.73202 296.9899 -163.8019 -0.2017 -29.3238 38.8295 533.4753 272.9716 377.0492 486.9604 -105.4420 0.0000 0.0000
240.03 15.07.2018 09.00.01 30.78268 297.2155 -396.6502 -0.4885 -28.3593 37.1611 530.1027 272.4061 378.7314 486.9663 -109.7611 0.0000 0.0000
250.03 15.07.2018 09.10.01 30.79281 297.4788 -679.4647 -0.8368 -27.2604 35.2314 520.8220 268.5744 380.5869 491.8649 -94.5924 0.0000 0.0000
260.03 15.07.2018 09.20.01 30.75799 298.1461 -776.8361 -0.9567 -25.9848 33.3708 511.2316 264.5049 382.2064 496.0692 -85.9042 0.0000 0.0000
270.03 15.07.2018 09.30.01 30.70590 298.5727 -841.4394 -1.0363 -24.6670 31.5076 500.8436 259.9586 383.4032 496.9827 -86.9666 0.0000 0.0000
280.03 15.07.2018 09.40.01 30.64150 298.9208 -782.3958 -0.9635 -23.3425 29.8385 490.0812 254.9482 384.9119 498.4522 -77.2338 0.0000 0.0000
290.03 15.07.2018 09.50.01 30.58276 299.4349 -728.9688 -0.8977 -22.0983 28.2674 478.5664 249.4127 386.5463 496.6366 -84.8546 0.0000 0.0000
300.03 15.07.2018 10.00.01 30.52819 298.8246 -794.1838 -0.9781 -20.9228 26.5930 464.8948 242.6609 387.5202 492.0252 -98.6642 0.0000 0.0000
310.03 15.07.2018 10.10.01 30.46163 299.2078 -691.0319 -0.8510 -19.7389 25.1839 453.5384 237.0074 388.4922 490.9778 -94.2396 0.0000 0.0000
320.03 15.07.2018 10.20.01 30.40765 299.5811 -722.5024 -0.8898 -18.6491 23.6791 438.4060 229.1607 389.3731 489.3030 -90.9946 0.0000 0.0000
330.03 15.07.2018 10.30.01 30.34646 299.8878 -830.4745 -1.0228 -17.5521 22.0392 425.0998 222.5116 389.5337 487.5782 -88.9113 0.0000 0.0000
340.03 15.07.2018 10.40.01 30.26794 300.2822 -767.4088 -0.9451 -16.4040 20.6118 403.7548 210.8367 390.3001 484.7996 -84.9757 0.0000 0.0000
350.03 15.07.2018 10.50.01 30.20086 300.5074 -853.3795 -1.0510 -15.3411 19.0535 393.6558 206.0083 390.8677 483.4867 -83.5110 0.0000 0.0000
360.03 15.07.2018 11.00.01 30.11834 300.7035 -930.1875 -1.1456 -14.2392 17.4582 380.7715 199.5368 391.4017 481.7519 -82.0308 0.0000 0.0000
370.03 15.07.2018 11.10.01 30.02200 300.8577 -961.9176 -1.1846 -13.1069 15.8964 373.2632 196.3703 392.2499 481.3171 -80.4239 0.0000 0.0000
380.03 15.07.2018 11.20.01 29.91824 300.9858 -1041.2323 -1.2823 -11.9748 14.2567 361.6220 190.7830 393.0105 480.2299 -78.5686 0.0000 0.0000
390.03 15.07.2018 11.30.01 29.80004 301.1135 -1107.3469 -1.3637 -10.8119 12.5976 349.1978 184.7404 393.5298 478.8722 -76.7226 0.0000 0.0000
400.03 15.07.2018 11.40.01 29.66708 301.1374 -1617.2988 -1.9917 -9.6214 10.1729 338.0424 179.9877 394.2524 477.6570 -75.4546 0.0000 0.0000
410.03 15.07.2018 11.50.01 29.45748 301.2488 -1207.1414 -1.4866 -8.1109 8.8324 325.7988 173.7639 394.7094 476.0782 -73.4350 0.0000 0.0000
420.03 15.07.2018 12.00.01 29.30468 301.3402 -1098.2822 -1.3526 -6.9333 7.4410 318.6321 170.6249 394.9743 475.2151 -72.0715 0.0000 0.0000
430.03 15.07.2018 12.10.01 29.16607 301.5946 -927.6256 -1.1424 -5.8618 6.2925 311.0821 167.1417 395.7207 475.4619 -66.4808 0.0000 0.0000
440.03 15.07.2018 12.20.01 29.05218 301.6961 -549.3466 -0.6765 -4.9379 5.6818 306.0929 164.7893 396.1511 475.1134 -65.5739 0.0000 0.0000
450.03 15.07.2018 12.30.01 28.99450 301.7181 -42.8687 -0.0528 -4.3050 5.6696 307.7676 165.9836 396.4137 475.2047 -67.5710 0.0000 0.0000
460.03 15.07.2018 12.40.01 29.01217 301.7559 158.2458 0.1949 -4.0373 5.6430 311.2205 168.2116 396.9042 476.1602 -67.3483 0.0000 0.0000
470.03 15.07.2018 12.50.01 29.06042 301.6037 217.8361 0.2683 -3.9085 5.5690 312.4023 169.1129 397.1296 476.1030 -69.5178 0.0000 0.0000
480.03 15.07.2018 13.00.01 29.11822 301.6047 293.4954 0.3614 -3.8183 5.5730 317.4833 172.2950 397.6002 476.5581 -72.4979 0.0000 0.0000
490.03 15.07.2018 13.10.01 29.18780 301.6632 286.8765 0.3533 -3.7754 5.5049 317.4989 172.6058 397.8893 477.4192 -70.2431 0.0000 0.0000
500.03 15.07.2018 13.20.01 29.25698 301.7199 272.2532 0.3353 -3.7217 5.4094 316.5708 172.3712 398.0395 478.0958 -68.4753 0.0000 0.0000
510.03 15.07.2018 13.30.01 29.32409 301.7546 212.6637 0.2619 -3.6535 5.2205 313.4192 170.8729 397.8372 478.2995 -66.8931 0.0000 0.0000
520.03 15.07.2018 13.40.01 29.38232 301.7848 211.7876 0.2608 -3.5433 5.0722 311.2103 169.8780 397.5736 478.4990 -65.6314 0.0000 0.0000
530.03 15.07.2018 13.50.01 29.44036 301.8034 237.5676 0.2926 -3.4360 4.9714 316.3961 173.2840 397.4307 479.8508 -65.4537 0.0000 0.0000
540.03 15.07.2018 14.00.01 29.50179 301.8037 195.9128 0.2413 -3.3484 4.7862 314.5987 172.5647 397.0710 480.1257 -64.5794 0.0000 0.0000
550.03 15.07.2018 14.10.01 29.55737 301.8233 301.4237 0.3712 -3.2353 4.8087 298.5673 163.5733 397.5415 479.0585 -60.2661 0.0000 0.0000
560.03 15.07.2018 14.20.01 29.62835 301.8523 300.1923 0.3697 -3.1968 4.7553 288.6420 158.3031 397.7362 478.7594 -56.5455 0.0000 0.0000
570.03 15.07.2018 14.30.01 29.69933 301.8756 299.1563 0.3684 -3.1554 4.6984 277.9097 152.5513 397.7721 478.2086 -52.9034 0.0000 0.0000
580.03 15.07.2018 14.40.01 29.77010 301.8260 269.8045 0.3323 -3.1127 4.5933 264.8905 145.4967 397.5768 477.0359 -49.5109 0.0000 0.0000
590.03 15.07.2018 14.50.01 29.83657 301.7752 290.9650 0.3583 -3.0511 4.5460 252.3026 138.6573 397.4151 475.8077 -46.1871 0.0000 0.0000
600.03 15.07.2018 15.00.01 29.90591 301.7450 282.2571 0.3476 -3.0063 4.4719 238.3878 131.0414 397.0365 474.1911 -42.7782 0.0000 0.0000
610.03 15.07.2018 15.10.01 29.97341 301.8337 215.7390 0.2657 -2.9576 4.2977 230.2452 126.5833 395.9464 472.8083 -41.1991 0.0000 0.0000
620.03 15.07.2018 15.20.01 30.03134 301.8346 263.2986 0.3243 -2.8625 4.2490 222.7010 122.3896 395.2643 470.9833 -41.2293 0.0000 0.0000
630.03 15.07.2018 15.30.01 30.09591 301.6057 284.4605 0.3503 -2.8065 4.2091 210.5053 115.3984 394.4504 467.6877 -42.5274 0.0000 0.0000
640.03 15.07.2018 15.40.01 30.16287 301.3349 265.0787 0.3265 -2.7721 4.1314 203.3515 111.4919 393.3874 464.9874 -43.8474 0.0000 0.0000
650.03 15.07.2018 15.50.01 30.22640 301.1569 279.6891 0.3444 -2.7296 4.0988 196.8482 107.9418 392.3771 462.4076 -44.9376 0.0000 0.0000
660.03 15.07.2018 16.00.01 30.29147 301.0244 278.8267 0.3434 -2.7042 4.0635 189.9565 104.1606 391.3280 459.7897 -45.6683 0.0000 0.0000
670.03 15.07.2018 16.10.01 30.35519 300.8684 124.9245 0.1538 -2.6849 3.7850 182.0108 99.8529 389.2682 457.3323 -43.8165 0.0000 0.0000
680.03 15.07.2018 16.20.01 30.39529 300.7048 62.0540 0.0764 -2.5647 3.5215 174.2520 95.6461 387.2114 454.8588 -42.0880 0.0000 0.0000
690.03 15.07.2018 16.30.01 30.42455 300.5249 27.3415 0.0337 -2.4142 3.2638 166.6392 91.5224 385.1482 452.3544 -40.4727 0.0000 0.0000
700.03 15.07.2018 16.40.01 30.44702 300.3285 -4.2537 -0.0052 -2.2545 2.9990 158.9349 87.3597 383.0623 449.8059 -38.6800 0.0000 0.0000
710.03 15.07.2018 16.50.01 30.46319 300.1376 -34.7026 -0.0427 -2.0882 2.7273 152.0263 83.6795 380.8259 447.2772 -37.1571 0.0000 0.0000
720.03 15.07.2018 17.00.01 30.47311 299.9510 -59.3333 -0.0731 -1.9164 2.4577 145.0470 79.9553 378.5519 444.7049 -35.6638 0.0000 0.0000
730.03 15.07.2018 17.10.01 30.47781 299.7268 -28.2368 -0.0348 -1.7442 2.2792 133.9517 73.6687 376.7523 441.3659 -34.0319 0.0000 0.0000
740.03 15.07.2018 17.20.01 30.48519 299.4959 -28.9794 -0.0357 -1.6119 2.1016 128.1606 70.5642 374.9766 438.8037 -33.0679 0.0000 0.0000
750.03 15.07.2018 17.30.01 30.49090 299.2723 -43.7329 -0.0539 -1.4951 1.9217 121.1292 66.7171 373.1869 436.0739 -31.9333 0.0000 0.0000
760.03 15.07.2018 17.40.01 30.49276 299.0470 -56.3965 -0.0695 -1.3834 1.7519 114.2376 62.9921 371.4684 433.4576 -30.7850 0.0000 0.0000
770.03 15.07.2018 17.50.01 30.49108 298.8206 -76.2817 -0.0939 -1.2780 1.5788 106.8127 58.9496 369.7581 430.7788 -29.4642 0.0000 0.0000
780.03 15.07.2018 18.00.01 30.48483 298.5955 -98.5823 -0.1214 -1.1744 1.4039 99.4099 54.9219 368.0334 428.1153 -28.0496 0.0000 0.0000
790.03 15.07.2018 18.10.01 30.47350 298.0605 -106.1476 -0.1307 -1.0722 1.2553 87.9478 48.5951 366.2245 424.6465 -27.4708 0.0000 0.0000
800.03 15.07.2018 18.20.01 30.45889 297.5215 -140.3169 -0.1728 -0.9865 1.0849 76.5972 42.3514 364.2001 421.0522 -26.6370 0.0000 0.0000
810.03 15.07.2018 18.30.01 30.43694 296.9829 -167.4318 -0.2062 -0.8978 0.9221 64.6455 35.7418 362.1792 417.3070 -25.5890 0.0000 0.0000
820.03 15.07.2018 18.40.01 30.40865 296.4454 -195.6207 -0.2409 -0.8113 0.7605 46.1655 25.4291 360.1277 412.8265 -23.6337 0.0000 0.0000
830.03 15.07.2018 18.50.01 30.37393 295.9047 -236.7514 -0.2916 -0.7261 0.5794 30.2265 16.6554 357.9450 408.5600 -21.6641 0.0000 0.0000
840.03 15.07.2018 19.00.01 30.33083 295.3645 -270.7979 -0.3335 -0.6333 0.3997 14.0816 7.7563 355.7396 404.1913 -19.4645 0.0000 0.0000
850.03 15.07.2018 19.10.01 30.28045 294.7077 -270.8222 -0.3335 -0.5396 0.2747 10.7370 5.8942 353.5923 400.6182 -19.0785 0.0000 0.0000
860.03 15.07.2018 19.20.01 30.22753 294.0616 -253.1862 -0.3118 -0.4714 0.2128 8.8369 4.8511 351.7385 397.5046 -19.2882 0.0000 0.0000
870.03 15.07.2018 19.30.01 30.17477 293.4209 -258.0019 -0.3177 -0.4399 0.1629 7.1826 3.9466 349.9929 394.5674 -19.7263 0.0000 0.0000
880.03 15.07.2018 19.40.01 30.11904 292.7837 -276.4828 -0.3405 -0.4268 0.1151 4.9201 2.7052 348.2933 391.7226 -20.0698 0.0000 0.0000
890.03 15.07.2018 19.50.01 30.05831 292.1497 -300.3616 -0.3699 -0.4193 0.0659 2.5715 1.4132 346.6130 388.9504 -20.4517 0.0000 0.0000
900.03 15.07.2018 20.00.01 29.99212 291.5201 -326.5956 -0.4022 -0.4146 0.0166 0.3619 0.2046 344.9571 386.2739 -20.8789 0.0000 0.0000
910.03 15.07.2018 20.10.01 29.92028 291.0822 -330.8583 -0.4075 -0.4097 0.0030 0.0653 0.0369 343.3187 384.0694 -20.5880 0.0000 0.0000
920.03 15.07.2018 20.20.01 29.84603 290.6469 -337.4718 -0.4156 -0.4160 0.0005 0.0118 0.0067 341.7816 382.0212 -20.4859 0.0000 0.0000
930.03 15.07.2018 20.30.01 29.76937 290.2104 -351.2904 -0.4326 -0.4327 0.0001 0.0021 0.0012 340.2906 380.0683 -20.5020 0.0000 0.0000
940.03 15.07.2018 20.40.01 29.68917 289.7794 -368.1411 -0.4534 -0.4534 0.0000 0.0004 0.0002 338.8274 378.2239 -20.4442 0.0000 0.0000
950.03 15.07.2018 20.50.01 29.60513 289.3525 -385.5272 -0.4748 -0.4748 0.0000 0.0001 0.0000 337.3864 376.4521 -20.4366 0.0000 0.0000
960.03 15.07.2018 21.00.01 29.51718 288.9293 -403.1830 -0.4965 -0.4965 0.0000 0.0000 0.0000 335.9656 374.7436 -20.4611 0.0000 0.0000
970.03 15.07.2018 21.10.01 29.42556 288.8547 -415.5755 -0.5118 -0.5118 0.0000 0.0000 0.0000 334.7450 374.0182 -16.9091 0.0000 0.0000
980.03 15.07.2018 21.20.01 29.33328 288.6802 -411.0533 -0.5062 -0.5062 0.0000 0.0000 0.0000 333.4256 373.1075 -14.9969 0.0000 0.0000
990.03 15.07.2018 21.30.01 29.24215 288.7512 -409.4783 -0.5043 -0.5043 0.0000 0.0000 0.0000 332.2533 371.8770 -15.0088 0.0000 0.0000
1000.03 15.07.2018 21.40.01 29.14974 288.3631 -419.5116 -0.5166 -0.5166 0.0000 0.0000 0.0000 331.1516 370.7184 -14.5429 0.0000 0.0000
1010.03 15.07.2018 21.50.01 29.05432 287.5830 -438.6967 -0.5403 -0.5403 0.0000 0.0000 0.0000 329.8894 368.7527 -17.4185 0.0000 0.0000
1020.03 15.07.2018 22.00.01 28.95294 287.1006 -473.2585 -0.5828 -0.5828 0.0000 0.0000 0.0000 328.7693 366.7004 -20.6121 0.0000 0.0000
1030.03 15.07.2018 22.10.01 28.84316 286.9787 -508.6181 -0.6264 -0.6264 0.0000 0.0000 0.0000 328.0417 365.5405 -19.8841 0.0000 0.0000
1040.03 15.07.2018 22.20.01 28.72747 286.8669 -526.8218 -0.6488 -0.6488 0.0000 0.0000 0.0000 327.3151 364.4655 -19.2427 0.0000 0.0000
1050.03 15.07.2018 22.30.01 28.60882 286.7581 -536.6732 -0.6609 -0.6609 0.0000 0.0000 0.0000 326.5926 363.4404 -18.7026 0.0000 0.0000
1060.03 15.07.2018 22.40.01 28.48837 286.6459 -543.4144 -0.6692 -0.6692 0.0000 0.0000 0.0000 325.8881 362.4598 -18.2339 0.0000 0.0000
1070.03 15.07.2018 22.50.01 28.36654 286.5301 -548.8760 -0.6760 -0.6760 0.0000 0.0000 0.0000 325.2022 361.5138 -17.8394 0.0000 0.0000
1080.03 15.07.2018 23.00.01 28.24352 286.4150 -553.8295 -0.6821 -0.6821 0.0000 0.0000 0.0000 324.5273 360.6006 -17.4919 0.0000 0.0000
1090.03 15.07.2018 23.10.01 28.11993 286.4026 -554.5352 -0.6829 -0.6829 0.0000 0.0000 0.0000 324.1537 360.1992 -15.3122 0.0000 0.0000
1100.03 15.07.2018 23.20.01 27.99767 286.4454 -542.6596 -0.6683 -0.6683 0.0000 0.0000 0.0000 323.6110 359.5312 -14.8032 0.0000 0.0000
1110.03 15.07.2018 23.30.01 27.87682 286.4024 -544.3800 -0.6704 -0.6704 0.0000 0.0000 0.0000 322.9147 358.4735 -15.7802 0.0000 0.0000
1120.03 15.07.2018 23.40.01 27.75411 286.5886 -553.5971 -0.6818 -0.6818 0.0000 0.0000 0.0000 322.6041 358.6296 -12.1898 0.0000 0.0000
1130.03 15.07.2018 23.50.01 27.63094 286.0061 -552.4557 -0.6804 -0.6804 0.0000 0.0000 0.0000 322.0696 357.6355 -13.6598 0.0000 0.0000
1140.03 16.07.2018 00.00.01 27.50677 285.5748 -563.9716 -0.6945 -0.6945 0.0000 0.0000 0.0000 321.5095 356.0067 -17.1113 0.0000 0.0000
1150.03 16.07.2018 00.10.01 27.37893 285.5927 -581.2799 -0.7159 -0.7159 0.0000 0.0000 0.0000 321.1024 355.4530 -15.9685 0.0000 0.0000
1160.03 16.07.2018 00.20.01 27.24844 285.6192 -586.9857 -0.7229 -0.7229 0.0000 0.0000 0.0000 320.7891 354.9727 -14.9516 0.0000 0.0000
1170.03 16.07.2018 00.30.01 27.11752 285.6436 -587.8853 -0.7240 -0.7240 0.0000 0.0000 0.0000 320.5144 354.5288 -14.0634 0.0000 0.0000
1180.03 16.07.2018 00.40.01 26.98660 285.6695 -585.9153 -0.7216 -0.7216 0.0000 0.0000 0.0000 320.2440 354.1229 -13.2239 0.0000 0.0000
1190.03 16.07.2018 00.50.01 26.85638 285.6904 -584.7399 -0.7201 -0.7201 0.0000 0.0000 0.0000 319.9846 353.7330 -12.4873 0.0000 0.0000
1200.03 16.07.2018 01.00.01 26.72637 285.7111 -582.5031 -0.7174 -0.7174 0.0000 0.0000 0.0000 319.7278 353.3536 -11.8326 0.0000 0.0000
1210.03 16.07.2018 01.10.01 26.59646 285.5606 -581.3505 -0.7159 -0.7159 0.0000 0.0000 0.0000 319.3490 352.7547 -12.1590 0.0000 0.0000
1220.03 16.07.2018 01.20.01 26.46621 285.4036 -587.1621 -0.7231 -0.7231 0.0000 0.0000 0.0000 318.9463 352.0734 -12.6805 0.0000 0.0000
1230.03 16.07.2018 01.30.01 26.33428 285.2636 -596.0784 -0.7341 -0.7341 0.0000 0.0000 0.0000 318.5106 351.3673 -13.1652 0.0000 0.0000
1240.03 16.07.2018 01.40.01 26.20037 285.1438 -604.4284 -0.7444 -0.7444 0.0000 0.0000 0.0000 318.1192 350.7355 -13.3108 0.0000 0.0000
1250.03 16.07.2018 01.50.01 26.06503 285.0158 -610.0647 -0.7513 -0.7513 0.0000 0.0000 0.0000 317.7260 350.0943 -13.4741 0.0000 0.0000
1260.03 16.07.2018 02.00.01 25.92861 284.9028 -613.1594 -0.7551 -0.7551 0.0000 0.0005 0.0003 317.3202 349.4500 -13.6236 0.0000 0.0000
1270.03 16.07.2018 02.10.01 25.79217 284.8914 -602.3169 -0.7418 -0.7508 0.0120 0.3132 0.1689 317.0369 349.4020 -11.5518 0.0000 0.0000
1280.03 16.07.2018 02.20.01 25.65942 285.0716 -578.5871 -0.7125 -0.7325 0.0266 0.6794 0.3677 316.5423 349.3752 -9.6733 0.0000 0.0000
1290.03 16.07.2018 02.30.01 25.53149 285.2484 -563.6364 -0.6941 -0.7253 0.0415 1.0547 0.5717 316.1061 348.9209 -10.0182 0.0000 0.0000
1300.03 16.07.2018 02.40.01 25.40502 285.3033 -559.3375 -0.6888 -0.7312 0.0565 1.4317 0.7767 315.9349 348.9488 -8.4239 0.0000 0.0000
1310.03 16.07.2018 02.50.01 25.28024 284.6730 -553.7847 -0.6820 -0.7356 0.0715 1.8090 0.9818 315.5150 347.7595 -11.8294 0.0000 0.0000
1320.03 16.07.2018 03.00.01 25.15408 284.4259 -570.2597 -0.7023 -0.7673 0.0867 2.1892 1.1885 315.0276 346.7113 -13.9561 0.0000 0.0000
1330.03 16.07.2018 03.10.01 25.02389 284.5938 -546.0533 -0.6725 -0.7977 0.1670 4.2662 2.3102 314.8918 346.6487 -12.8167 0.0000 0.0000
1340.03 16.07.2018 03.20.01 24.89813 284.7771 -520.2035 -0.6406 -0.8364 0.2610 6.6343 3.5963 314.9201 346.7690 -11.8380 0.0000 0.0000
1350.03 16.07.2018 03.30.01 24.77734 284.9623 -498.8015 -0.6143 -0.8822 0.3572 9.0518 4.9103 315.0192 346.9901 -10.9784 0.0000 0.0000
1360.03 16.07.2018 03.40.01 24.66082 285.1503 -480.7677 -0.5921 -0.9324 0.4538 11.4786 6.2296 315.1605 347.2891 -10.2075 0.0000 0.0000
1370.03 16.07.2018 03.50.01 24.54809 285.3388 -465.2794 -0.5730 -0.9859 0.5505 13.9070 7.5498 315.3344 347.6518 -9.5175 0.0000 0.0000
1380.03 16.07.2018 04.00.01 24.43859 285.5295 -451.1229 -0.5556 -1.0410 0.6472 16.3352 8.8699 315.5357 348.0695 -8.8875 0.0000 0.0000
1390.03 16.07.2018 04.10.01 24.33257 286.3513 -436.7516 -0.5379 -1.0894 0.7353 18.5395 10.0692 317.1525 349.6491 -4.9768 0.0000 0.0000
1400.03 16.07.2018 04.20.01 24.23177 287.1719 -408.3191 -0.5029 -1.1191 0.8216 20.7053 11.2468 318.8032 351.1369 -2.2994 0.0000 0.0000
1410.03 16.07.2018 04.30.01 24.13699 287.9745 -385.5675 -0.4748 -1.1556 0.9076 22.8646 12.4207 320.3819 352.7208 0.5343 0.0000 0.0000
1420.03 16.07.2018 04.40.01 24.04662 288.7533 -366.2440 -0.4510 -1.1962 0.9936 25.0226 13.5940 322.1358 354.4518 2.2667 0.0000 0.0000
1430.03 16.07.2018 04.50.01 23.96624 289.4234 1105.5750 1.3615 -1.2345 3.4613 71.3109 37.5493 323.8889 359.4548 0.7337 0.0000 0.0000
1440.03 16.07.2018 05.00.01 24.10107 290.2376 644.1006 0.7932 -2.3075 4.1344 79.0053 41.3097 326.3796 362.7421 2.0113 0.0000 0.0000
1450.03 16.07.2018 05.10.01 24.20233 290.8521 8152.2178 10.0397 -2.9944 17.3788 288.0859 147.0058 328.3261 380.1489 -14.3938 0.0000 0.0000
1460.03 16.07.2018 05.20.01 25.42053 291.6664 11790.9961 14.5209 -8.9906 31.3488 529.6001 271.6146 334.2093 408.9820 -42.0173 0.0000 0.0000
1470.03 16.07.2018 05.30.01 27.20501 292.6019 13291.7861 16.3692 -17.3148 44.9119 794.4221 410.5354 342.0353 448.2032 -77.2538 0.0000 0.0000
1480.03 16.07.2018 05.40.01 29.18411 293.6299 -2935.4773 -3.6151 -26.3729 30.3438 717.2206 377.5643 351.9731 457.2550 -87.5868 0.0000 0.0000
1490.03 16.07.2018 05.50.01 28.82519 294.3403 -1843.8503 -2.2708 -23.5474 28.3689 662.0110 348.2871 355.3187 460.4951 -94.8806 0.0000 0.0000
1500.03 16.07.2018 06.00.01 28.60497 294.9788 -1692.6069 -2.0845 -21.6931 26.1448 604.6371 317.8974 357.1466 460.5866 -99.5973 0.0000 0.0000
1510.03 16.07.2018 06.10.01 28.39803 295.3356 -961.0857 -1.1836 -20.0562 25.1635 576.6363 302.7888 358.4396 462.7775 -99.4032 0.0000 0.0000
1520.03 16.07.2018 06.20.01 28.31365 295.7047 5496.2080 6.7687 -19.0175 34.3817 572.3996 294.2433 360.1626 465.9233 -99.1526 0.0000 0.0000
1530.03 16.07.2018 06.30.01 29.17938 296.0680 7569.1772 9.3217 -22.6075 42.5722 551.6973 276.5932 361.6237 466.0767 -95.5727 0.0000 0.0000
1540.03 16.07.2018 06.40.01 30.34918 296.4466 2833.2942 3.4893 -27.5033 41.3234 532.3447 266.4917 363.4119 467.2687 -93.3892 0.0000 0.0000
1550.03 16.07.2018 06.50.01 30.83959 296.8032 949.7682 1.1697 -28.8278 39.9966 517.5605 259.1903 364.9458 468.5677 -91.7595 0.0000 0.0000
1560.03 16.07.2018 07.00.01 31.05398 297.1540 146.7877 0.1808 -28.7789 38.6129 504.6581 253.0602 366.4848 469.7777 -90.1650 0.0000 0.0000
1570.03 16.07.2018 07.10.01 31.14810 297.4606 31.4846 0.0388 -28.1767 37.6207 524.8849 266.2803 368.1697 475.4783 -93.1231 0.0000 0.0000
1580.03 16.07.2018 07.20.01 31.22152 297.7846 -45.9266 -0.0566 -27.5242 36.6235 516.0457 262.0644 370.0967 477.3081 -91.3582 0.0000 0.0000
1590.03 16.07.2018 07.30.01 31.28054 298.0965 -133.1532 -0.1640 -26.8408 35.5691 528.0224 270.3810 371.9497 482.0412 -92.7467 0.0000 0.0000
1600.03 16.07.2018 07.40.01 31.32491 298.4658 -63.3338 -0.0780 -26.1147 34.7156 521.2795 267.2102 374.3078 484.3525 -90.3298 0.0000 0.0000
1610.03 16.07.2018 07.50.01 31.37771 298.7883 -100.0487 -0.1232 -25.4550 33.7757 513.0346 263.2035 376.2747 486.2452 -87.6005 0.0000 0.0000
1620.03 16.07.2018 08.00.01 31.43963 299.1087 4143.8442 5.1033 -24.7801 39.8445 530.6108 269.4018 378.1200 490.5030 -87.1990 0.0000 0.0000
1630.03 16.07.2018 08.10.01 32.11215 299.2919 1456.8623 1.7942 -27.1363 38.5739 521.0680 264.8587 379.5424 490.8908 -87.9827 0.0000 0.0000
1640.03 16.07.2018 08.20.01 32.41406 299.4375 4378.2456 5.3919 -27.4684 43.8138 528.9807 265.8772 380.8176 492.1776 -90.6493 0.0000 0.0000
1650.03 16.07.2018 08.30.01 33.13403 299.5997 1450.2728 1.7861 -29.8690 42.2067 518.3489 260.9346 382.1751 492.0363 -92.0926 0.0000 0.0000
1660.03 16.07.2018 08.40.01 33.43145 299.7212 341.1737 0.4202 -30.0877 40.6771 528.2962 268.2072 383.2321 495.1493 -94.5031 0.0000 0.0000
1670.03 16.07.2018 08.50.01 33.56384 299.8447 -142.8456 -0.1759 -29.5212 39.1270 536.7353 274.5901 384.4147 497.9922 -97.8652 0.0000 0.0000
1680.03 16.07.2018 09.00.01 33.62106 300.0364 -395.3938 -0.4869 -28.6397 37.5371 534.1648 274.3976 385.9063 499.3974 -99.6177 0.0000 0.0000
1690.03 16.07.2018 09.10.01 33.63674 300.0960 -608.4783 -0.7494 -27.6148 35.8206 527.9558 272.1454 387.0793 499.5572 -102.4801 0.0000 0.0000
1700.03 16.07.2018 09.20.01 33.61669 300.1984 -706.1371 -0.8696 -26.4774 34.1436 521.2041 269.5377 388.3383 499.4206 -104.9494 0.0000 0.0000
1710.03 16.07.2018 09.30.01 33.57803 300.2932 -791.8523 -0.9752 -25.3082 32.4440 513.4995 266.3752 389.7584 498.9923 -107.0165 0.0000 0.0000
1720.03 16.07.2018 09.40.01 33.52337 300.3943 -766.1941 -0.9436 -24.1116 30.8907 504.9882 262.5422 391.2418 498.5328 -107.7204 0.0000 0.0000
1730.03 16.07.2018 09.50.01 33.46929 300.5497 -732.1561 -0.9017 -22.9637 29.4160 495.4433 258.0296 392.8212 497.9461 -107.8778 0.0000 0.0000
1740.03 16.07.2018 10.00.01 33.41723 300.6884 -823.2224 -1.0138 -21.8650 27.8016 483.1837 251.9942 394.1138 496.8035 -107.5506 0.0000 0.0000
1750.03 16.07.2018 10.10.01 33.34872 301.0510 -1093.8284 -1.3471 -20.7215 25.8325 466.0976 243.6750 395.9368 497.0623 -99.0141 0.0000 0.0000
1760.03 16.07.2018 10.20.01 33.23818 301.3677 -1251.9712 -1.5418 -19.4036 23.8157 444.8119 232.8722 397.3675 496.0479 -93.4389 0.0000 0.0000
1770.03 16.07.2018 10.30.01 33.10119 301.6106 -1365.1735 -1.6812 -18.0003 21.7588 425.7119 223.4108 397.8305 494.5687 -90.4593 0.0000 0.0000
1780.03 16.07.2018 10.40.01 32.94476 301.8181 -1204.0785 -1.4829 -16.5499 20.0894 401.5854 210.5420 399.0011 492.6674 -84.4549 0.0000 0.0000
1790.03 16.07.2018 10.50.01 32.80969 302.0130 -1144.2882 -1.4092 -15.2181 18.4118 386.7009 203.2245 400.0797 492.0129 -80.3838 0.0000 0.0000
1800.03 16.07.2018 11.00.01 32.67782 302.0848 -1100.1422 -1.3549 -13.9649 16.8134 374.1954 197.2740 401.0840 491.3711 -78.0399 0.0000 0.0000
1810.03 16.07.2018 11.10.01 32.55105 302.3384 -854.9471 -1.0529 -12.7703 15.6232 370.4501 195.7997 402.1394 492.9026 -69.4204 0.0000 0.0000
1820.03 16.07.2018 11.20.01 32.45883 302.2217 -805.2294 -0.9917 -11.7698 14.3708 364.3855 192.9809 403.0782 491.5440 -74.2589 0.0000 0.0000
1830.03 16.07.2018 11.30.01 32.37243 302.2216 -840.2586 -1.0348 -10.8183 13.0447 357.6047 189.7879 403.3759 489.5225 -79.4440 0.0000 0.0000
1840.03 16.07.2018 11.40.01 32.27737 302.2612 -1327.9088 -1.6354 -9.8469 10.9487 351.7136 187.6852 404.9513 490.6196 -70.5076 0.0000 0.0000
1850.03 16.07.2018 11.50.01 32.10946 302.0338 -1015.3982 -1.2505 -8.5660 9.7540 344.0694 183.8506 405.8301 488.9495 -73.6294 0.0000 0.0000
1860.03 16.07.2018 12.00.01 31.98327 301.9986 -983.7089 -1.2115 -7.5487 8.4497 340.9059 182.7879 405.7456 486.8689 -81.7250 0.0000 0.0000
1870.03 16.07.2018 12.10.01 31.85980 302.0696 -826.3140 -1.0176 -6.5828 7.4202 332.8664 179.0926 406.0049 485.9716 -82.0592 0.0000 0.0000
1880.03 16.07.2018 12.20.01 31.75915 302.1378 -499.6309 -0.6153 -5.7508 6.8473 325.6840 175.5674 405.8426 484.8109 -82.0675 0.0000 0.0000
1890.03 16.07.2018 12.30.01 31.70742 302.1974 -34.5847 -0.0426 -5.1694 6.8357 324.2247 175.0522 405.4778 484.2064 -82.7108 0.0000 0.0000
1900.03 16.07.2018 12.40.01 31.72482 302.2473 147.6817 0.1819 -4.9223 6.8055 324.6163 175.6184 405.0885 483.9711 -82.8708 0.0000 0.0000
1910.03 16.07.2018 12.50.01 31.77010 302.3140 207.1315 0.2551 -4.7979 6.7373 322.6387 174.7920 404.4521 483.4142 -82.5665 0.0000 0.0000
1920.03 16.07.2018 13.00.01 31.82525 302.3673 280.0734 0.3449 -4.7096 6.7394 323.9092 175.8618 403.8991 483.3334 -82.7835 0.0000 0.0000
1930.03 16.07.2018 13.10.01 31.89266 302.3410 484.8259 0.5971 -4.6719 7.0252 321.3574 174.7541 403.9285 483.4170 -81.3865 0.0000 0.0000
1940.03 16.07.2018 13.20.01 31.99081 302.2947 483.3565 0.5953 -4.7728 7.1574 314.8877 171.4116 403.5622 482.8400 -79.3510 0.0000 0.0000
1950.03 16.07.2018 13.30.01 32.08981 302.2510 544.5182 0.6706 -4.8661 7.3823 309.3246 168.5430 403.2483 482.3196 -77.5490 0.0000 0.0000
1960.03 16.07.2018 13.40.01 32.19842 302.2051 553.8352 0.6821 -4.9979 7.5732 302.2266 164.7845 402.8532 481.5617 -75.4166 0.0000 0.0000
1970.03 16.07.2018 13.50.01 32.30898 302.1637 572.1529 0.7046 -5.1313 7.7812 298.3256 162.9315 402.4288 481.2469 -73.7320 0.0000 0.0000
1980.03 16.07.2018 14.00.01 32.42263 302.1398 560.7264 0.6906 -5.2736 7.9522 289.6485 158.2401 401.8945 480.2580 -71.1789 0.0000 0.0000
1990.03 16.07.2018 14.10.01 32.53396 302.0742 344.9416 0.4248 -5.4011 7.7678 278.1610 151.8325 400.7851 477.9468 -69.8484 0.0000 0.0000
2000.03 16.07.2018 14.20.01 32.61315 301.9824 278.9449 0.3435 -5.3773 7.6278 271.1391 148.0708 399.6055 476.1159 -69.1998 0.0000 0.0000
2010.03 16.07.2018 14.30.01 32.68167 301.8908 249.2071 0.3069 -5.3146 7.4954 263.9775 144.2196 398.4440 474.1173 -68.6415 0.0000 0.0000
2020.03 16.07.2018 14.40.01 32.74468 301.7904 217.2327 0.2675 -5.2391 7.3422 255.8507 139.8179 397.2970 471.9114 -67.8372 0.0000 0.0000
2030.03 16.07.2018 14.50.01 32.80209 301.6918 213.1139 0.2625 -5.1503 7.2170 247.9635 135.5387 396.1282 469.5933 -67.2217 0.0000 0.0000
2040.03 16.07.2018 15.00.01 32.85793 301.6046 195.9244 0.2413 -5.0675 7.0784 239.4587 130.8987 394.9043 467.1130 -66.4881 0.0000 0.0000
2050.03 16.07.2018 15.10.01 32.90948 301.5688 -26.7868 -0.0330 -4.9813 6.5977 234.8996 128.5033 393.3283 465.4715 -63.1731 0.0000 0.0000
2060.03 16.07.2018 15.20.01 32.92776 301.5372 -82.9945 -0.1022 -4.7431 6.1878 230.8037 126.3323 392.0707 464.1306 -60.0844 0.0000 0.0000
2070.03 16.07.2018 15.30.01 32.93624 301.5089 -115.0303 -0.1417 -4.4777 5.7814 223.1573 122.0284 390.8839 462.2746 -57.2498 0.0000 0.0000
2080.03 16.07.2018 15.40.01 32.93850 301.4797 -159.6953 -0.1967 -4.2035 5.3424 220.4063 120.6264 389.6651 461.2294 -54.7126 0.0000 0.0000
2090.03 16.07.2018 15.50.01 32.93273 301.4560 -166.8969 -0.2055 -3.9115 4.9412 218.4895 119.6964 388.5721 460.4321 -52.5666 0.0000 0.0000
2100.03 16.07.2018 16.00.01 32.92431 301.4347 -184.4118 -0.2271 -3.6287 4.5354 216.3723 118.6505 387.4892 459.7005 -50.5457 0.0000 0.0000
2110.03 16.07.2018 16.10.01 32.91223 301.2932 -99.7361 -0.1228 -3.3490 4.3016 206.5397 113.3156 386.3822 458.1561 -49.0093 0.0000 0.0000
2120.03 16.07.2018 16.20.01 32.91079 301.1533 -94.4042 -0.1163 -3.1465 4.0404 195.9465 107.5448 385.1059 456.2374 -47.2738 0.0000 0.0000
2130.03 16.07.2018 16.30.01 32.90869 301.0065 -102.1166 -0.1258 -2.9623 3.7821 185.2643 101.7186 383.7524 454.1373 -45.4217 0.0000 0.0000
2140.03 16.07.2018 16.40.01 32.90396 300.8611 -122.8026 -0.1512 -2.7864 3.5136 173.8234 95.4897 382.2967 451.7492 -43.7824 0.0000 0.0000
2150.03 16.07.2018 16.50.01 32.89468 300.7105 -149.0183 -0.1835 -2.6094 3.2345 162.9971 89.6375 380.7197 449.3300 -41.9139 0.0000 0.0000
2160.03 16.07.2018 17.00.01 32.88000 300.5569 -168.5906 -0.2076 -2.4274 2.9597 151.9845 83.6701 379.1645 446.8131 -39.8302 0.0000 0.0000
2170.03 16.07.2018 17.10.01 32.86117 300.3352 -149.4038 -0.1840 -2.2464 2.7499 138.5931 76.1256 377.7074 443.6068 -37.5642 0.0000 0.0000
2180.03 16.07.2018 17.20.01 32.84356 300.1083 -147.1807 -0.1813 -2.0944 2.5508 130.2964 71.6299 376.2699 441.1363 -35.8765 0.0000 0.0000
2190.03 16.07.2018 17.30.01 32.82479 299.8849 -157.2347 -0.1936 -1.9578 2.3523 120.9069 66.4783 374.8306 438.5015 -34.0103 0.0000 0.0000
2200.03 16.07.2018 17.40.01 32.80309 299.6605 -166.3256 -0.2048 -1.8277 2.1638 110.7813 60.9563 373.4340 435.8521 -32.0759 0.0000 0.0000
2210.03 16.07.2018 17.50.01 32.77865 299.4335 -185.5956 -0.2286 -1.7052 1.9688 100.0455 55.0732 372.0098 433.0632 -29.9941 0.0000 0.0000
2220.03 16.07.2018 18.00.01 32.74996 299.2059 -205.9107 -0.2536 -1.5829 1.7724 89.2354 49.1463 370.5651 430.2275 -27.8258 0.0000 0.0000
2230.03 16.07.2018 18.10.01 32.71661 298.8037 -239.3570 -0.2948 -1.4611 1.5551 78.3430 43.1499 368.9119 427.2154 -25.5611 0.0000 0.0000
2240.03 16.07.2018 18.20.01 32.67645 298.4003 -269.7486 -0.3322 -1.3327 1.3340 67.7834 37.3560 367.2040 424.1744 -23.5361 0.0000 0.0000
2250.03 16.07.2018 18.30.01 32.62991 298.0035 -292.6449 -0.3604 -1.2008 1.1205 56.8527 31.3340 365.5214 421.0209 -21.6211 0.0000 0.0000
2260.03 16.07.2018 18.40.01 32.57809 297.6117 -316.4221 -0.3897 -1.0708 0.9081 41.3123 22.6989 363.8387 417.3414 -19.2228 0.0000 0.0000
2270.03 16.07.2018 18.50.01 32.52087 297.2155 -349.3200 -0.4302 -0.9418 0.6821 27.5314 15.1297 362.1033 413.7888 -16.9934 0.0000 0.0000
2280.03 16.07.2018 19.00.01 32.45690 296.8214 -377.0612 -0.4644 -0.8072 0.4571 13.6051 7.4716 360.3345 410.1141 -14.8295 0.0000 0.0000
2290.03 16.07.2018 19.10.01 32.38702 296.0762 -347.2350 -0.4276 -0.6739 0.3284 10.3503 5.6652 358.6310 406.8512 -15.1323 0.0000 0.0000
2300.03 16.07.2018 19.20.01 32.31896 295.3444 -319.8396 -0.3939 -0.5865 0.2569 8.3774 4.5848 357.1265 403.9303 -15.9194 0.0000 0.0000
2310.03 16.07.2018 19.30.01 32.25274 294.6180 -319.4188 -0.3934 -0.5402 0.1958 6.6260 3.6294 355.6905 401.1071 -16.9916 0.0000 0.0000
2320.03 16.07.2018 19.40.01 32.18475 293.8947 -332.3314 -0.4093 -0.5118 0.1367 4.5451 2.4916 354.3120 398.4139 -17.7757 0.0000 0.0000
2330.03 16.07.2018 19.50.01 32.11324 293.1741 -349.9715 -0.4310 -0.4887 0.0769 2.4181 1.3267 352.9568 395.7870 -18.5548 0.0000 0.0000
2340.03 16.07.2018 20.00.01 32.03771 292.4779 -367.8667 -0.4530 -0.4659 0.0171 0.3709 0.2097 351.6035 393.2514 -19.2715 0.0000 0.0000
2350.03 16.07.2018 20.10.01 31.95837 292.4378 -357.6942 -0.4405 -0.4428 0.0030 0.0659 0.0373 352.4248 391.7525 -18.9099 0.0000 0.0000
2360.03 16.07.2018 20.20.01 31.87942 292.2570 -352.8026 -0.4345 -0.4349 0.0006 0.0120 0.0068 353.4491 390.3696 -19.2563 0.0000 0.0000
2370.03 16.07.2018 20.30.01 31.80068 292.0743 -355.1423 -0.4374 -0.4374 0.0001 0.0022 0.0012 354.5016 389.1394 -19.7196 0.0000 0.0000
2380.03 16.07.2018 20.40.01 31.72103 291.9274 -359.3047 -0.4425 -0.4425 0.0000 0.0004 0.0002 355.5756 388.2001 -19.5754 0.0000 0.0000
2390.03 16.07.2018 20.50.01 31.64047 291.7664 -360.9169 -0.4445 -0.4445 0.0000 0.0001 0.0000 356.6914 387.3322 -19.7573 0.0000 0.0000
2400.03 16.07.2018 21.00.01 31.55953 291.5999 -365.4176 -0.4500 -0.4500 0.0000 0.0000 0.0000 357.8244 386.4793 -20.3680 0.0000 0.0000
2410.03 16.07.2018 21.10.01 31.47726 291.9813 -372.5139 -0.4588 -0.4588 0.0000 0.0000 0.0000 357.7490 386.3341 -17.7152 0.0000 0.0000
2420.03 16.07.2018 21.20.01 31.39312 292.3718 -382.5090 -0.4711 -0.4711 0.0000 0.0000 0.0000 357.7319 386.2164 -15.5384 0.0000 0.0000
2430.03 16.07.2018 21.30.01 31.30651 292.7788 -394.1951 -0.4855 -0.4855 0.0000 0.0000 0.0000 357.7833 386.2587 -13.1999 0.0000 0.0000
2440.03 16.07.2018 21.40.01 31.21749 293.1943 -404.7782 -0.4985 -0.4985 0.0000 0.0000 0.0000 357.8881 386.4599 -10.7251 0.0000 0.0000
2450.03 16.07.2018 21.50.01 31.12634 293.6207 -412.9627 -0.5086 -0.5086 0.0000 0.0000 0.0000 358.0509 386.8128 -8.1190 0.0000 0.0000
2460.03 16.07.2018 22.00.01 31.03359 294.0512 -417.7923 -0.5145 -0.5145 0.0000 0.0000 0.0000 358.2765 387.2985 -5.4407 0.0000 0.0000
2470.03 16.07.2018 22.10.01 30.94021 293.7380 -418.9792 -0.5160 -0.5160 0.0000 0.0000 0.0000 358.6584 387.0911 -6.4325 0.0000 0.0000
2480.03 16.07.2018 22.20.01 30.84637 293.6430 -424.6373 -0.5230 -0.5230 0.0000 0.0000 0.0000 358.8398 386.9278 -6.6797 0.0000 0.0000
2490.03 16.07.2018 22.30.01 30.74996 293.2473 -443.2412 -0.5459 -0.5459 0.0000 0.0000 0.0000 358.4158 385.7890 -9.8889 0.0000 0.0000
2500.03 16.07.2018 22.40.01 30.64822 292.9702 -464.8210 -0.5724 -0.5724 0.0000 0.0000 0.0000 358.4546 385.6970 -8.6153 0.0000 0.0000
2510.03 16.07.2018 22.50.01 30.54495 292.5658 -459.7776 -0.5662 -0.5662 0.0000 0.0000 0.0000 358.7851 385.2951 -9.1914 0.0000 0.0000
2520.03 16.07.2018 23.00.01 30.44268 292.0463 -463.8172 -0.5712 -0.5712 0.0000 0.0000 0.0000 358.5417 383.7056 -13.9299 0.0000 0.0000
2530.03 16.07.2018 23.10.01 30.33657 291.9413 -485.9290 -0.5984 -0.5984 0.0000 0.0000 0.0000 358.2982 383.1618 -13.6398 0.0000 0.0000
2540.03 16.07.2018 23.20.01 30.22711 291.8413 -493.3155 -0.6075 -0.6075 0.0000 0.0000 0.0000 358.1608 382.6529 -13.5148 0.0000 0.0000
2550.03 16.07.2018 23.30.01 30.11724 291.7384 -493.7482 -0.6081 -0.6081 0.0000 0.0000 0.0000 358.0588 382.1436 -13.5305 0.0000 0.0000
2560.03 16.07.2018 23.40.01 30.00750 291.6391 -490.3182 -0.6038 -0.6038 0.0000 0.0000 0.0000 357.9904 381.6672 -13.5201 0.0000 0.0000
2570.03 16.07.2018 23.50.01 29.89868 291.5426 -486.1877 -0.5988 -0.5988 0.0000 0.0000 0.0000 357.9399 381.2017 -13.5653 0.0000 0.0000
2580.03 17.07.2018 00.00.01 29.79080 291.4503 -482.0675 -0.5937 -0.5937 0.0000 0.0000 0.0000 357.9003 380.7478 -13.6404 0.0000 0.0000
2590.03 17.07.2018 00.10.01 29.68395 291.5340 -476.3694 -0.5867 -0.5867 0.0000 0.0000 0.0000 357.6772 380.5456 -12.5788 0.0000 0.0000
2600.03 17.07.2018 00.20.01 29.57879 291.6114 -466.5101 -0.5745 -0.5745 0.0000 0.0000 0.0000 357.4707 380.3451 -11.6998 0.0000 0.0000
2610.03 17.07.2018 00.30.01 29.47592 291.6837 -456.7398 -0.5625 -0.5625 0.0000 0.0000 0.0000 357.2667 380.1565 -10.9258 0.0000 0.0000
2620.03 17.07.2018 00.40.01 29.37505 291.7711 -448.2865 -0.5521 -0.5521 0.0000 0.0000 0.0000 357.0816 380.0660 -9.8889 0.0000 0.0000
2630.03 17.07.2018 00.50.01 29.27587 291.8523 -441.6123 -0.5439 -0.5439 0.0000 0.0000 0.0000 356.8388 379.9004 -9.3034 0.0000 0.0000
2640.03 17.07.2018 01.00.01 29.17761 291.9442 -441.5571 -0.5438 -0.5438 0.0000 0.0000 0.0000 356.5440 379.6904 -8.9102 0.0000 0.0000
2650.03 17.07.2018 01.10.01 29.07873 291.9104 -443.6559 -0.5464 -0.5464 0.0000 0.0000 0.0000 355.8314 379.5487 -7.8748 0.0000 0.0000
2660.03 17.07.2018 01.20.01 28.97985 291.9125 -445.6904 -0.5489 -0.5489 0.0000 0.0000 0.0000 355.1104 379.1049 -8.1485 0.0000 0.0000
2670.03 17.07.2018 01.30.01 28.88012 291.7408 -446.7128 -0.5501 -0.5501 0.0000 0.0000 0.0000 354.0044 378.1639 -9.5740 0.0000 0.0000
2680.03 17.07.2018 01.40.01 28.78042 291.6301 -445.3691 -0.5485 -0.5485 0.0000 0.0000 0.0000 353.3512 378.0219 -8.1407 0.0000 0.0000
2690.03 17.07.2018 01.50.01 28.68105 291.4976 -449.5050 -0.5536 -0.5536 0.0000 0.0000 0.0000 352.5704 377.3610 -9.0844 0.0000 0.0000
2700.03 17.07.2018 02.00.01 28.57900 291.3623 -466.9047 -0.5750 -0.5750 0.0000 0.0006 0.0003 351.3346 376.3576 -10.4777 0.0000 0.0000
2710.03 17.07.2018 02.10.01 28.47292 291.0970 -474.3717 -0.5842 -0.5946 0.0139 0.3614 0.1949 348.4904 375.3541 -10.2008 0.0000 0.0000
2720.03 17.07.2018 02.20.01 28.36587 290.8182 -473.0993 -0.5826 -0.6056 0.0306 0.7839 0.4243 345.6212 374.0825 -10.5429 0.0000 0.0000
2730.03 17.07.2018 02.30.01 28.25936 290.4946 -469.9103 -0.5787 -0.6146 0.0479 1.2170 0.6597 342.6690 372.6270 -11.2502 0.0000 0.0000
2740.03 17.07.2018 02.40.01 28.15356 290.2128 -465.1047 -0.5728 -0.6217 0.0652 1.6520 0.8962 339.8584 371.4613 -10.5608 0.0000 0.0000
2750.03 17.07.2018 02.50.01 28.04983 289.9176 -454.6138 -0.5599 -0.6218 0.0825 2.0874 1.1329 337.0455 370.1590 -10.4767 0.0000 0.0000
2760.03 17.07.2018 03.00.01 27.94781 289.6034 -451.5988 -0.5562 -0.6312 0.1000 2.5267 1.3717 334.0936 368.6438 -11.0771 0.0000 0.0000
2770.03 17.07.2018 03.10.01 27.84521 289.5662 -406.1570 -0.5002 -0.6538 0.2048 5.2389 2.8362 333.7059 368.1445 -10.3784 0.0000 0.0000
2780.03 17.07.2018 03.20.01 27.74908 289.5589 -376.1064 -0.4632 -0.7091 0.3279 8.3413 4.5211 333.5765 367.9087 -9.9676 0.0000 0.0000
2790.03 17.07.2018 03.30.01 27.65783 289.6035 -358.3703 -0.4413 -0.7819 0.4540 11.5099 6.2433 333.5416 367.8475 -9.5741 0.0000 0.0000
2800.03 17.07.2018 03.40.01 27.56991 289.7033 -344.7937 -0.4246 -0.8602 0.5807 14.6909 7.9726 333.5915 368.0093 -8.9393 0.0000 0.0000
2810.03 17.07.2018 03.50.01 27.48458 289.7133 -335.1952 -0.4128 -0.9434 0.7075 17.8741 9.7031 333.6502 368.1192 -8.8879 0.0000 0.0000
2820.03 17.07.2018 04.00.01 27.40099 289.7194 -328.5601 -0.4046 -1.0304 0.8343 21.0592 11.4347 333.7260 368.2337 -9.0984 0.0000 0.0000
2830.03 17.07.2018 04.10.01 27.31896 290.0672 -298.8979 -0.3681 -1.1164 0.9978 25.1969 13.6800 333.8838 368.9612 -7.5871 0.0000 0.0000
2840.03 17.07.2018 04.20.01 27.24261 290.4113 -271.8180 -0.3348 -1.2114 1.1689 29.4980 16.0175 334.1606 369.8274 -6.3523 0.0000 0.0000
2850.03 17.07.2018 04.30.01 27.17153 290.7575 -250.2460 -0.3082 -1.3141 1.3413 33.8269 18.3708 334.5048 370.8018 -5.2741 0.0000 0.0000
2860.03 17.07.2018 04.40.01 27.10479 291.1098 -232.0311 -0.2858 -1.4212 1.5139 38.1609 20.7270 334.9086 371.8876 -4.2569 0.0000 0.0000
2870.03 17.07.2018 04.50.01 27.04424 291.4681 437.4576 0.5387 -1.5300 2.7583 62.3402 33.3275 335.3598 374.5756 -5.0277 0.0000 0.0000
2880.03 17.07.2018 05.00.01 27.08227 291.8382 279.4530 0.3442 -2.1052 3.2659 69.9505 37.2286 336.1783 376.4814 -5.1027 0.0000 0.0000
2890.03 17.07.2018 05.10.01 27.12020 292.2004 5626.2061 6.9288 -2.5386 12.6232 218.7336 112.5227 337.3707 388.8143 -16.1775 0.0000 0.0000
2900.03 17.07.2018 05.20.01 27.95327 292.5948 8231.2959 10.1371 -6.7544 22.5219 389.4409 200.5630 341.4355 408.6666 -35.7379 0.0000 0.0000
2910.03 17.07.2018 05.30.01 29.19140 292.9760 9312.2344 11.4683 -12.6424 32.1475 577.0651 298.9722 346.7958 435.0103 -61.4941 0.0000 0.0000
2920.03 17.07.2018 05.40.01 30.57208 293.4603 -1541.5496 -1.8985 -19.0666 22.8909 542.5326 286.0278 353.6144 442.8598 -71.4321 0.0000 0.0000
2930.03 17.07.2018 05.50.01 30.39065 293.8947 -610.5092 -0.7519 -17.5311 22.3723 524.0201 276.1028 356.4579 447.9473 -77.5962 0.0000 0.0000
2940.03 17.07.2018 06.00.01 30.33300 294.3086 -411.0144 -0.5062 -16.7775 21.6951 503.7289 265.2300 358.4752 451.3013 -81.5951 0.0000 0.0000
2950.03 17.07.2018 06.10.01 30.29928 294.5368 -240.7296 -0.2965 -16.2206 21.2323 488.9558 257.2519 360.3278 454.4649 -84.0238 0.0000 0.0000
2960.03 17.07.2018 06.20.01 30.30563 294.7572 4772.6113 5.8776 -15.8158 28.9245 491.8797 253.7392 362.1152 457.8569 -86.5440 0.0000 0.0000
2970.03 17.07.2018 06.30.01 31.05123 294.9806 6467.7476 7.9652 -18.9910 35.9417 481.3665 242.6734 363.6067 458.5411 -86.5834 0.0000 0.0000
2980.03 17.07.2018 06.40.01 32.04595 295.1865 2577.2678 3.1740 -23.2298 35.2050 470.0608 236.7568 365.3500 459.9766 -87.4613 0.0000 0.0000
2990.03 17.07.2018 06.50.01 32.48290 295.3995 1028.0981 1.2661 -24.5303 34.3953 462.5975 233.2008 366.8046 461.4399 -88.7349 0.0000 0.0000
3000.03 17.07.2018 07.00.01 32.69329 295.6119 369.1573 0.4546 -24.6969 33.5353 456.3665 230.4218 368.2486 462.7144 -89.8213 0.0000 0.0000
3010.03 17.07.2018 07.10.01 32.80532 295.8045 274.6353 0.3382 -24.4050 32.9910 476.9567 243.3223 369.3178 467.5213 -95.9911 0.0000 0.0000
3020.03 17.07.2018 07.20.01 32.90078 296.0252 208.1031 0.2563 -24.0680 32.4324 473.3361 241.7070 370.5340 468.5745 -98.5128 0.0000 0.0000
3030.03 17.07.2018 07.30.01 32.98425 296.2103 125.5535 0.1546 -23.7013 31.8079 487.2071 250.6365 371.5386 471.9556 -103.2976 0.0000 0.0000
3040.03 17.07.2018 07.40.01 33.05413 296.4230 131.8085 0.1623 -23.2907 31.2708 484.2293 249.3492 372.9837 472.6668 -105.1866 0.0000 0.0000
3050.03 17.07.2018 07.50.01 33.12338 296.6372 73.3610 0.0903 -22.8971 30.6500 479.8581 247.2890 374.0010 473.0788 -106.1654 0.0000 0.0000
3060.03 17.07.2018 08.00.01 33.19671 296.8626 3754.7329 4.6241 -22.4707 36.1263 497.9539 254.1088 374.8888 475.4669 -109.3896 0.0000 0.0000
3070.03 17.07.2018 08.10.01 33.80035 296.9983 1555.7539 1.9160 -24.6723 35.4510 493.9508 252.2295 375.8183 475.8729 -110.3429 0.0000 0.0000
3080.03 17.07.2018 08.20.01 34.10281 297.1064 4257.9141 5.2437 -25.2074 40.6016 505.2947 255.1629 376.5736 477.0724 -113.3850 0.0000 0.0000
3090.03 17.07.2018 08.30.01 34.79327 297.2342 1703.0731 2.0974 -27.6487 39.6614 500.1601 252.8045 377.5002 477.0218 -115.4397 0.0000 0.0000
3100.03 17.07.2018 08.40.01 35.11596 297.3717 648.9249 0.7992 -28.1748 38.6319 512.5496 261.0189 378.0550 479.7297 -117.7459 0.0000 0.0000
3110.03 17.07.2018 08.50.01 35.28274 297.4935 175.3412 0.2159 -27.9457 37.5489 520.3918 266.5454 378.6782 481.6678 -120.8442 0.0000 0.0000
3120.03 17.07.2018 09.00.01 35.37655 297.6345 -92.6853 -0.1141 -27.4029 36.3850 521.3338 267.9941 379.6013 482.5788 -123.5106 0.0000 0.0000
3130.03 17.07.2018 09.10.01 35.42309 297.6402 -1371.4889 -1.6890 -26.6997 33.3475 504.6826 261.0847 380.7520 481.3217 -125.0649 0.0000 0.0000
3140.03 17.07.2018 09.20.01 35.27685 297.7084 -1853.9795 -2.2832 -25.1211 30.4505 483.5656 251.3899 381.8269 478.7789 -126.2231 0.0000 0.0000
3150.03 17.07.2018 09.30.01 35.05236 297.6814 -2030.5714 -2.5007 -23.2638 27.6842 461.8799 241.2549 383.0233 475.5895 -128.7817 0.0000 0.0000
3160.03 17.07.2018 09.40.01 34.79562 297.6713 -1839.2397 -2.2651 -21.3475 25.4432 443.8281 232.6904 384.0559 472.8249 -129.1508 0.0000 0.0000
3170.03 17.07.2018 09.50.01 34.56130 297.6657 -1674.4601 -2.0621 -19.6259 23.4183 426.1307 224.1755 385.1346 470.2437 -128.7850 0.0000 0.0000
3180.03 17.07.2018 10.00.01 34.34673 297.6633 -1602.8855 -1.9740 -18.0654 21.4552 407.7434 215.1998 386.0736 467.4844 -126.8233 0.0000 0.0000
3190.03 17.07.2018 10.10.01 34.14037 297.7414 -1243.4042 -1.5313 -16.5921 20.0811 392.9670 207.7460 386.4722 465.4489 -122.6106 0.0000 0.0000
3200.03 17.07.2018 10.20.01 33.98394 297.8108 -1122.9882 -1.3830 -15.4068 18.6984 376.0760 199.0299 386.6995 463.1066 -118.3977 0.0000 0.0000
3210.03 17.07.2018 10.30.01 33.84310 297.8768 -1108.3406 -1.3650 -14.3277 17.2837 360.3819 191.0560 386.4442 460.8482 -114.3902 0.0000 0.0000
3220.03 17.07.2018 10.40.01 33.70309 297.9431 -972.1373 -1.1972 -13.2786 16.1085 341.6955 181.0459 386.4853 458.0625 -110.0325 0.0000 0.0000
3230.03 17.07.2018 10.50.01 33.58132 298.0105 -919.0978 -1.1319 -12.3282 14.9285 328.6469 174.4223 386.4261 456.1503 -106.2778 0.0000 0.0000
3240.03 17.07.2018 11.00.01 33.46368 298.0761 -888.0965 -1.0937 -11.4418 13.7975 317.0693 168.6430 386.3626 454.4559 -103.0697 0.0000 0.0000
3250.03 17.07.2018 11.10.01 33.35024 298.1887 -557.9662 -0.6872 -10.5987 13.2154 318.5339 169.7020 386.5403 453.9222 -101.6071 0.0000 0.0000
3260.03 17.07.2018 11.20.01 33.28481 298.3114 -425.0359 -0.5234 -10.0045 12.6414 319.8776 170.6822 387.1047 453.8019 -100.6596 0.0000 0.0000
3270.03 17.07.2018 11.30.01 33.23870 298.4343 -406.3837 -0.5005 -9.5092 12.0116 321.9791 172.1592 387.8040 454.0216 -100.2032 0.0000 0.0000
3280.03 17.07.2018 11.40.01 33.19378 298.5605 -706.7849 -0.8704 -9.0248 10.8724 322.3956 172.9994 388.7969 454.2369 -100.1673 0.0000 0.0000
3290.03 17.07.2018 11.50.01 33.10476 298.6897 -509.4034 -0.6273 -8.3384 10.2814 322.5237 173.2530 389.6491 454.3833 -100.0187 0.0000 0.0000
3300.03 17.07.2018 12.00.01 33.04345 298.8159 -488.4323 -0.6015 -7.8071 9.6075 325.5268 175.2955 390.3951 455.0018 -100.5576 0.0000 0.0000
3310.03 17.07.2018 12.10.01 32.98458 298.8089 -386.8494 -0.4764 -7.3035 9.1028 319.6941 172.6629 391.5366 455.1805 -101.0703 0.0000 0.0000
3320.03 17.07.2018 12.20.01 32.94030 298.7860 -208.2112 -0.2564 -6.8862 8.8397 312.7130 169.1589 392.1699 454.8886 -100.6998 0.0000 0.0000
3330.03 17.07.2018 12.30.01 32.92266 298.7561 60.9886 0.0751 -6.6088 8.9118 308.7305 167.2012 392.5564 454.7902 -100.5098 0.0000 0.0000
3340.03 17.07.2018 12.40.01 32.94479 298.7191 163.0454 0.2008 -6.5271 8.9706 305.2659 165.5354 392.8838 454.6771 -100.2014 0.0000 0.0000
3350.03 17.07.2018 12.50.01 32.98248 298.6844 184.2028 0.2269 -6.5161 8.9906 300.2029 162.9398 392.9670 454.3221 -99.2449 0.0000 0.0000
3360.03 17.07.2018 13.00.01 33.02343 298.6500 241.4095 0.2973 -6.5164 9.0849 296.9271 161.3597 393.1506 454.1693 -98.5678 0.0000 0.0000
3370.03 17.07.2018 13.10.01 33.07244 298.5606 19.4749 0.0240 -6.5530 8.7693 292.6295 159.1079 392.3575 453.0236 -98.5217 0.0000 0.0000
3380.03 17.07.2018 13.20.01 33.08825 298.4718 -54.4036 -0.0670 -6.4332 8.4882 288.9382 157.1938 391.4446 451.9059 -98.4599 0.0000 0.0000
3390.03 17.07.2018 13.30.01 33.09228 298.3835 -64.8638 -0.0799 -6.2702 8.2538 286.1690 155.7979 390.6372 450.8823 -98.5207 0.0000 0.0000
3400.03 17.07.2018 13.40.01 33.09368 298.2944 -87.5542 -0.1078 -6.1089 8.0014 283.3689 154.3773 389.7814 449.8361 -98.3644 0.0000 0.0000
3410.03 17.07.2018 13.50.01 33.09078 298.2059 -95.8159 -0.1180 -5.9401 7.7628 283.9549 154.9783 388.9399 449.2107 -98.9370 0.0000 0.0000
3420.03 17.07.2018 14.00.01 33.08572 298.1194 -125.2343 -0.1542 -5.7735 7.4924 281.7084 153.9033 388.0186 448.2881 -98.7736 0.0000 0.0000
3430.03 17.07.2018 14.10.01 33.07513 297.9980 -236.4708 -0.2912 -5.5920 7.0678 276.8868 151.2066 385.8570 446.5547 -98.3164 0.0000 0.0000
3440.03 17.07.2018 14.20.01 33.04702 297.8739 -274.7704 -0.3384 -5.3420 6.6715 276.9647 151.4281 383.6601 445.3102 -98.8428 0.0000 0.0000
3450.03 17.07.2018 14.30.01 33.01168 297.7523 -300.2942 -0.3698 -5.0789 6.2788 277.3596 151.8372 381.4834 444.0976 -99.3721 0.0000 0.0000
3460.03 17.07.2018 14.40.01 32.97094 297.6316 -344.8543 -0.4247 -4.8113 5.8488 278.3327 152.5621 379.2060 442.8921 -99.8881 0.0000 0.0000
3470.03 17.07.2018 14.50.01 32.92214 297.5113 -344.7316 -0.4245 -4.5267 5.4695 280.5004 153.9655 377.0338 441.8327 -100.7778 0.0000 0.0000
3480.03 17.07.2018 15.00.01 32.87179 297.3903 -372.9721 -0.4593 -4.2563 5.0627 282.0344 155.0103 374.7839 440.7019 -101.5826 0.0000 0.0000
3490.03 17.07.2018 15.10.01 32.81655 297.2099 -263.2654 -0.3242 -3.9832 4.8786 274.9562 151.2390 373.2053 439.2755 -100.3191 0.0000 0.0000
3500.03 17.07.2018 15.20.01 32.77676 297.0233 -231.0928 -0.2846 -3.7998 4.6869 265.2310 145.8854 371.5958 437.3598 -98.3310 0.0000 0.0000
3510.03 17.07.2018 15.30.01 32.74072 296.8336 -233.2352 -0.2872 -3.6481 4.4811 257.0771 141.4851 369.8509 435.6181 -96.1457 0.0000 0.0000
3520.03 17.07.2018 15.40.01 32.70336 296.6453 -272.9037 -0.3361 -3.5032 4.2228 239.3663 131.4053 367.8970 432.6916 -91.4719 0.0000 0.0000
3530.03 17.07.2018 15.50.01 32.65933 296.4515 -273.8698 -0.3373 -3.3393 4.0027 230.3445 126.5104 365.9180 430.6702 -88.5075 0.0000 0.0000
3540.03 17.07.2018 16.00.01 32.61404 296.2621 -267.6916 -0.3297 -3.1851 3.8072 221.4963 121.7008 364.0738 428.6678 -85.5848 0.0000 0.0000
3550.03 17.07.2018 16.10.01 32.56863 296.0085 -274.9086 -0.3386 -3.0458 3.6096 213.0416 117.0891 361.9701 426.4861 -83.0831 0.0000 0.0000
3560.03 17.07.2018 16.20.01 32.52111 295.7546 -264.2946 -0.3255 -2.9130 3.4501 205.1804 112.8048 359.9633 424.3635 -80.6507 0.0000 0.0000
3570.03 17.07.2018 16.30.01 32.47390 295.5011 -259.3427 -0.3194 -2.7991 3.3062 197.4550 108.5900 358.0191 422.2705 -78.1192 0.0000 0.0000
3580.03 17.07.2018 16.40.01 32.42635 295.2466 -273.0928 -0.3363 -2.6998 3.1513 189.0436 104.0149 356.0607 420.1022 -75.4794 0.0000 0.0000
3590.03 17.07.2018 16.50.01 32.37557 294.9931 -294.9780 -0.3633 -2.6015 2.9843 181.6255 100.0446 354.0018 418.0282 -72.6425 0.0000 0.0000
3600.03 17.07.2018 17.00.01 32.32034 294.7367 -311.1937 -0.3832 -2.4988 2.8208 173.9864 95.9394 352.0142 415.8955 -70.3318 0.0000 0.0000
3610.03 17.07.2018 17.10.01 32.26135 294.4655 -345.0315 -0.4249 -2.3969 2.6293 157.8661 86.8426 350.3141 412.8968 -66.1339 0.0000 0.0000
3620.03 17.07.2018 17.20.01 32.19604 294.1888 -383.4886 -0.4723 -2.2835 2.4150 147.7073 81.3398 348.5389 410.4881 -63.1748 0.0000 0.0000
3630.03 17.07.2018 17.30.01 32.12365 293.9153 -414.5501 -0.5105 -2.1558 2.1937 135.9271 74.8697 346.6962 407.8906 -59.7050 0.0000 0.0000
3640.03 17.07.2018 17.40.01 32.04513 293.6410 -431.9412 -0.5319 -2.0202 1.9843 122.6995 67.6344 344.9099 405.2008 -56.0765 0.0000 0.0000
3650.03 17.07.2018 17.50.01 31.96258 293.3659 -457.9449 -0.5640 -1.8869 1.7638 109.1215 60.1971 343.0694 402.4179 -52.1666 0.0000 0.0000
3660.03 17.07.2018 18.00.01 31.87466 293.0901 -480.1877 -0.5914 -1.7496 1.5444 95.2305 52.5710 341.2125 399.5563 -48.0906 0.0000 0.0000
3670.03 17.07.2018 18.10.01 31.78192 292.7683 -488.1944 -0.6012 -1.6109 1.3462 83.7786 46.2455 339.8127 396.9656 -43.7536 0.0000 0.0000
3680.03 17.07.2018 18.20.01 31.68667 292.4497 -494.4721 -0.6090 -1.4791 1.1603 73.1226 40.3882 338.4902 394.5144 -39.9061 0.0000 0.0000
3690.03 17.07.2018 18.30.01 31.58923 292.1327 -500.1696 -0.6160 -1.3558 0.9864 62.0471 34.2705 337.2401 392.0519 -36.1258 0.0000 0.0000
3700.03 17.07.2018 18.40.01 31.48962 291.8160 -511.7419 -0.6302 -1.2412 0.8146 45.2179 24.8859 336.0126 389.1394 -31.4337 0.0000 0.0000
3710.03 17.07.2018 18.50.01 31.38683 291.4981 -536.9372 -0.6613 -1.1309 0.6261 30.7071 16.9050 334.7090 386.3571 -27.3008 0.0000 0.0000
3720.03 17.07.2018 19.00.01 31.27902 291.1813 -558.0898 -0.6873 -1.0164 0.4387 16.0150 8.8137 333.3890 383.4855 -23.2397 0.0000 0.0000
3730.03 17.07.2018 19.10.01 31.16668 290.7800 -540.2950 -0.6654 -0.9011 0.3143 12.5788 6.9047 331.8964 380.9588 -22.1949 0.0000 0.0000
3740.03 17.07.2018 19.20.01 31.05538 290.3820 -511.4727 -0.6299 -0.8148 0.2465 10.4504 5.7377 330.5982 378.7457 -21.6863 0.0000 0.0000
3750.03 17.07.2018 19.30.01 30.94680 289.9856 -505.1802 -0.6221 -0.7641 0.1893 8.5364 4.6914 329.3617 376.6428 -21.3447 0.0000 0.0000
3760.03 17.07.2018 19.40.01 30.83773 289.5898 -512.2214 -0.6308 -0.7314 0.1341 5.8497 3.2169 328.1547 374.5609 -20.9705 0.0000 0.0000
3770.03 17.07.2018 19.50.01 30.72631 289.1933 -527.0959 -0.6491 -0.7068 0.0768 3.0532 1.6782 326.9463 372.4919 -20.6528 0.0000 0.0000
3780.03 17.07.2018 20.00.01 30.61132 288.7977 -543.6023 -0.6695 -0.6841 0.0195 0.4265 0.2412 325.7438 370.4816 -20.3822 0.0000 0.0000
3790.03 17.07.2018 20.10.01 30.49270 288.4077 -535.6458 -0.6597 -0.6623 0.0035 0.0770 0.0436 324.6779 368.7949 -20.0377 0.0000 0.0000
3800.03 17.07.2018 20.20.01 30.37402 288.0190 -533.7419 -0.6573 -0.6578 0.0006 0.0139 0.0079 323.6897 367.2254 -19.9542 0.0000 0.0000
3810.03 17.07.2018 20.30.01 30.25451 287.6336 -540.1711 -0.6652 -0.6653 0.0001 0.0025 0.0014 322.7425 365.7549 -19.8764 0.0000 0.0000
3820.03 17.07.2018 20.40.01 30.13296 287.2500 -550.3798 -0.6778 -0.6778 0.0000 0.0005 0.0003 321.8157 364.3457 -19.8523 0.0000 0.0000
3830.03 17.07.2018 20.50.01 30.00894 286.8697 -562.3591 -0.6926 -0.6926 0.0000 0.0001 0.0000 320.9106 362.9824 -19.9027 0.0000 0.0000
3840.03 17.07.2018 21.00.01 29.88217 286.4997 -574.7036 -0.7078 -0.7078 0.0000 0.0000 0.0000 320.0594 361.7263 -19.7976 0.0000 0.0000
3850.03 17.07.2018 21.10.01 29.75280 286.3244 -585.9041 -0.7216 -0.7216 0.0000 0.0000 0.0000 319.5970 360.6965 -19.2848 0.0000 0.0000
3860.03 17.07.2018 21.20.01 29.62112 286.1607 -595.2642 -0.7331 -0.7331 0.0000 0.0000 0.0000 319.2588 359.7243 -19.0243 0.0000 0.0000
3870.03 17.07.2018 21.30.01 29.48721 286.0214 -606.2781 -0.7466 -0.7466 0.0000 0.0000 0.0000 318.9515 358.7793 -18.9372 0.0000 0.0000
3880.03 17.07.2018 21.40.01 29.35107 285.8676 -612.7156 -0.7546 -0.7546 0.0000 0.0000 0.0000 318.5133 358.2111 -17.4328 0.0000 0.0000
3890.03 17.07.2018 21.50.01 29.21398 285.7597 -616.8295 -0.7596 -0.7596 0.0000 0.0000 0.0000 318.1730 357.5773 -16.6132 0.0000 0.0000
3900.03 17.07.2018 22.00.01 29.07589 285.7327 -622.4544 -0.7666 -0.7666 0.0000 0.0000 0.0000 317.8722 357.0248 -15.7101 0.0000 0.0000
3910.03 17.07.2018 22.10.01 28.93655 285.7164 -627.1699 -0.7724 -0.7724 0.0000 0.0000 0.0000 317.5041 356.4004 -15.1730 0.0000 0.0000
3920.03 17.07.2018 22.20.01 28.79614 285.6845 -631.6364 -0.7779 -0.7779 0.0000 0.0000 0.0000 317.1154 355.7758 -14.7327 0.0000 0.0000
3930.03 17.07.2018 22.30.01 28.65475 285.6420 -636.1985 -0.7835 -0.7835 0.0000 0.0000 0.0000 316.7126 355.1529 -14.3671 0.0000 0.0000
3940.03 17.07.2018 22.40.01 28.51232 285.6237 -640.6446 -0.7890 -0.7890 0.0000 0.0000 0.0000 316.3112 354.5802 -13.8860 0.0000 0.0000
3950.03 17.07.2018 22.50.01 28.36898 285.5890 -644.6537 -0.7939 -0.7939 0.0000 0.0000 0.0000 315.9081 354.0021 -13.5135 0.0000 0.0000
3960.03 17.07.2018 23.00.01 28.22473 285.5312 -648.4308 -0.7986 -0.7986 0.0000 0.0000 0.0000 315.5029 353.4086 -13.2693 0.0000 0.0000
3970.03 17.07.2018 23.10.01 28.07971 285.5412 -651.0920 -0.8018 -0.8018 0.0000 0.0000 0.0000 315.0642 352.9678 -12.4532 0.0000 0.0000
3980.03 17.07.2018 23.20.01 27.93426 284.9215 -652.2485 -0.8033 -0.8033 0.0000 0.0000 0.0000 314.4989 351.9342 -14.0241 0.0000 0.0000
3990.03 17.07.2018 23.30.01 27.78817 284.7880 -656.9636 -0.8091 -0.8091 0.0000 0.0000 0.0000 314.0214 351.2967 -13.8077 0.0000 0.0000
4000.03 17.07.2018 23.40.01 27.64169 284.6917 -657.0263 -0.8091 -0.8091 0.0000 0.0000 0.0000 313.5878 350.7780 -13.2284 0.0000 0.0000
4010.03 17.07.2018 23.50.01 27.49569 284.5328 -653.1998 -0.8044 -0.8044 0.0000 0.0000 0.0000 313.1671 350.1825 -13.0402 0.0000 0.0000
4020.03 18.07.2018 00.00.01 27.35061 284.3425 -650.0620 -0.8006 -0.8006 0.0000 0.0000 0.0000 312.7593 349.4893 -13.2874 0.0000 0.0000
4030.03 18.07.2018 00.10.01 27.20596 284.4236 -648.4650 -0.7986 -0.7986 0.0000 0.0000 0.0000 312.4376 349.1005 -12.4206 0.0000 0.0000
4040.03 18.07.2018 00.20.01 27.06146 284.4061 -646.8741 -0.7966 -0.7966 0.0000 0.0000 0.0000 312.0594 348.5682 -12.1728 0.0000 0.0000
4050.03 18.07.2018 00.30.01 26.91686 284.4962 -647.5386 -0.7975 -0.7975 0.0000 0.0000 0.0000 311.7464 348.1402 -11.6655 0.0000 0.0000
4060.03 18.07.2018 00.40.01 26.77221 284.4367 -647.6466 -0.7976 -0.7976 0.0000 0.0000 0.0000 311.4630 347.6423 -11.4793 0.0000 0.0000
4070.03 18.07.2018 00.50.01 26.62829 284.3371 -644.0218 -0.7931 -0.7931 0.0000 0.0000 0.0000 311.1381 347.0361 -11.6582 0.0000 0.0000
4080.03 18.07.2018 01.00.01 26.48528 284.1781 -638.9681 -0.7869 -0.7869 0.0000 0.0000 0.0000 310.8234 346.3454 -12.2076 0.0000 0.0000
4090.03 18.07.2018 01.10.01 26.34332 284.1541 -636.5794 -0.7840 -0.7840 0.0000 0.0000 0.0000 310.4658 345.8660 -11.9119 0.0000 0.0000
4100.03 18.07.2018 01.20.01 26.20141 284.0772 -636.2134 -0.7835 -0.7835 0.0000 0.0000 0.0000 310.0862 345.3069 -11.9586 0.0000 0.0000
4110.03 18.07.2018 01.30.01 26.05929 284.0065 -639.0142 -0.7870 -0.7870 0.0000 0.0000 0.0000 309.6710 344.7323 -12.0328 0.0000 0.0000
4120.03 18.07.2018 01.40.01 25.91647 283.9690 -642.3948 -0.7911 -0.7911 0.0000 0.0000 0.0000 309.2510 344.2254 -11.8540 0.0000 0.0000
4130.03 18.07.2018 01.50.01 25.77273 283.8933 -645.3841 -0.7948 -0.7948 0.0000 0.0000 0.0000 308.8115 343.6719 -11.8692 0.0000 0.0000
4140.03 18.07.2018 02.00.01 25.62835 283.7788 -648.7727 -0.7990 -0.7990 0.0000 0.0004 0.0002 308.3510 343.0462 -12.1386 0.0000 0.0000
4150.03 18.07.2018 02.10.01 25.48336 283.8078 -645.1979 -0.7946 -0.8018 0.0096 0.2489 0.1342 308.0859 342.6204 -11.7568 0.0000 0.0000
4160.03 18.07.2018 02.20.01 25.33898 283.8376 -639.9220 -0.7881 -0.8039 0.0211 0.5401 0.2923 307.8767 342.2440 -11.3679 0.0000 0.0000
4170.03 18.07.2018 02.30.01 25.19589 283.8708 -635.5204 -0.7827 -0.8074 0.0330 0.8384 0.4545 307.6951 341.9064 -10.9570 0.0000 0.0000
4180.03 18.07.2018 02.40.01 25.05401 283.9097 -631.2958 -0.7775 -0.8111 0.0449 1.1381 0.6174 307.5362 341.6124 -10.4944 0.0000 0.0000
4190.03 18.07.2018 02.50.01 24.91305 283.9489 -625.4142 -0.7702 -0.8129 0.0569 1.4380 0.7804 307.3964 341.3499 -10.0310 0.0000 0.0000
4200.03 18.07.2018 03.00.01 24.77328 283.9926 -618.9578 -0.7623 -0.8140 0.0689 1.7416 0.9455 307.2727 341.1212 -9.5519 0.0000 0.0000
4210.03 18.07.2018 03.10.01 24.63528 284.2513 -560.8635 -0.6907 -0.8137 0.1640 4.2061 2.2758 307.5015 341.4412 -8.1511 0.0000 0.0000
4220.03 18.07.2018 03.20.01 24.50704 284.5652 -517.1690 -0.6369 -0.8443 0.2765 7.0416 3.8156 307.9226 341.9984 -6.8142 0.0000 0.0000
4230.03 18.07.2018 03.30.01 24.38656 284.8834 -487.1367 -0.5999 -0.8938 0.3919 9.9399 5.3910 308.4335 342.6668 -5.6305 0.0000 0.0000
4240.03 18.07.2018 03.40.01 24.27178 285.2053 -464.3953 -0.5719 -0.9527 0.5078 12.8501 6.9731 309.0000 343.4233 -4.5591 0.0000 0.0000
4250.03 18.07.2018 03.50.01 24.16168 285.5307 -445.3694 -0.5485 -1.0163 0.6238 15.7623 8.5563 309.6057 344.2524 -3.5826 0.0000 0.0000
4260.03 18.07.2018 04.00.01 24.05554 285.8329 -428.2436 -0.5274 -1.0822 0.7398 18.6753 10.1399 310.2292 345.1101 -2.7862 0.0000 0.0000
4270.03 18.07.2018 04.10.01 23.95309 286.1592 -407.1054 -0.5014 -1.1497 0.8644 21.8124 11.8444 311.3199 346.1449 -2.0910 0.0000 0.0000
4280.03 18.07.2018 04.20.01 23.85504 286.4917 -386.9956 -0.4766 -1.2197 0.9908 24.9881 13.5707 312.4766 347.2602 -1.4973 0.0000 0.0000
4290.03 18.07.2018 04.30.01 23.76129 286.8249 -368.4846 -0.4538 -1.2920 1.1176 28.1702 15.3006 313.6661 348.4278 -0.9995 0.0000 0.0000
4300.03 18.07.2018 04.40.01 23.67156 287.1597 -350.8087 -0.4320 -1.3653 1.2443 31.3536 17.0313 314.8825 349.6428 -0.5722 0.0000 0.0000
4310.03 18.07.2018 04.50.01 23.59017 287.4954 865.8730 1.0663 -1.4391 3.3407 70.9747 37.5699 316.1195 353.5644 -3.3095 0.0000 0.0000
4320.03 18.07.2018 05.00.01 23.68701 287.8684 520.0826 0.6405 -2.3668 4.0098 78.9906 41.5366 317.9585 356.0222 -4.1050 0.0000 0.0000
4330.03 18.07.2018 05.10.01 23.76394 288.3085 7425.9253 9.1452 -2.9996 16.1932 271.8755 139.0748 319.6497 371.5123 -19.0645 0.0000 0.0000
4340.03 18.07.2018 05.20.01 24.86843 288.8477 10799.7061 13.3001 -8.5140 29.0856 494.3542 253.8344 324.9500 397.2991 -43.8997 0.0000 0.0000
4350.03 18.07.2018 05.30.01 26.49801 289.4611 12195.5049 15.0191 -16.1870 41.6081 738.7069 382.0160 332.0314 431.7948 -77.4320 0.0000 0.0000
4360.03 18.07.2018 05.40.01 28.30923 290.1811 -2713.6030 -3.3419 -24.5431 28.2682 668.0324 351.8286 341.0928 441.5853 -82.7886 0.0000 0.0000
4370.03 18.07.2018 05.50.01 27.97234 290.7101 -1715.0219 -2.1121 -21.9812 26.4922 618.3432 325.5079 344.6517 446.7787 -84.7384 0.0000 0.0000
4380.03 18.07.2018 06.00.01 27.76223 291.1511 -1585.6520 -1.9528 -20.3084 24.4741 566.2095 297.9011 346.7895 448.7687 -85.3328 0.0000 0.0000
4390.03 18.07.2018 06.10.01 27.56268 291.5151 -978.7944 -1.2054 -18.8253 23.4932 538.3988 282.9432 348.0584 450.7570 -86.4366 0.0000 0.0000
4400.03 18.07.2018 06.20.01 27.46609 291.8685 4771.6147 5.8764 -17.8424 31.6251 532.6762 274.3628 349.4212 453.3202 -87.9079 0.0000 0.0000
4410.03 18.07.2018 06.30.01 28.21523 292.2261 6534.0215 8.0468 -20.9806 38.7032 512.3634 257.8226 350.7698 452.6881 -87.3870 0.0000 0.0000
4420.03 18.07.2018 06.40.01 29.22323 292.5981 2346.5449 2.8898 -25.2208 37.4809 495.0542 248.9052 352.3444 453.4338 -87.0625 0.0000 0.0000
4430.03 18.07.2018 06.50.01 29.63046 292.9456 686.4314 0.8454 -26.3024 36.1971 482.5919 242.9422 353.7064 454.3322 -87.3338 0.0000 0.0000
4440.03 18.07.2018 07.00.01 29.79446 293.2884 -21.5751 -0.0266 -26.1734 34.8624 471.0660 237.5798 355.0668 455.0005 -87.5216 0.0000 0.0000
4450.03 18.07.2018 07.10.01 29.85092 293.5420 -551.0552 -0.6786 -25.5568 33.1708 481.3372 245.7272 356.3395 458.9418 -90.3715 0.0000 0.0000
4460.03 18.07.2018 07.20.01 29.82559 293.8096 -795.2715 -0.9794 -24.5928 31.4846 466.0558 238.5391 357.6406 458.7518 -90.3262 0.0000 0.0000
4470.03 18.07.2018 07.30.01 29.75994 294.0537 -946.6415 -1.1658 -23.4926 29.7690 466.5695 240.8497 358.7433 460.3191 -92.9726 0.0000 0.0000
4480.03 18.07.2018 07.40.01 29.66915 294.3394 -716.2750 -0.8821 -22.3202 28.5841 456.8166 236.3161 360.1369 459.9991 -93.3045 0.0000 0.0000
4490.03 18.07.2018 07.50.01 29.60876 294.5850 -656.6712 -0.8087 -21.3447 27.3813 446.5192 231.4693 361.3261 459.4414 -93.5108 0.0000 0.0000
4500.03 18.07.2018 08.00.01 29.56603 294.8271 2323.4478 2.8614 -20.4332 31.0595 454.2209 233.7404 362.4246 460.4776 -95.1343 0.0000 0.0000
4510.03 18.07.2018 08.10.01 29.94778 294.9611 -427.5158 -0.5265 -21.6588 28.1764 427.6707 221.0505 363.5651 458.6157 -93.2079 0.0000 0.0000
4520.03 18.07.2018 08.20.01 29.93862 295.0791 697.9260 0.8595 -20.8556 28.9535 409.9996 210.9267 364.2607 456.7612 -91.3470 0.0000 0.0000
4530.03 18.07.2018 08.30.01 30.08392 295.2071 -1366.9236 -1.6834 -20.8783 25.5931 381.1585 197.2217 364.8600 453.9870 -88.0068 0.0000 0.0000
4540.03 18.07.2018 08.40.01 29.92675 295.3140 -1746.4844 -2.1508 -19.4182 23.0231 368.3734 192.2422 365.1705 452.7627 -86.0980 0.0000 0.0000
4550.03 18.07.2018 08.50.01 29.70809 295.4242 -1850.0056 -2.2783 -17.7395 20.6149 352.8151 185.4767 365.6761 451.1095 -84.1420 0.0000 0.0000
4560.03 18.07.2018 09.00.01 29.46871 295.5504 -1852.3452 -2.2812 -16.0398 18.3447 333.3626 176.2694 366.2902 448.9922 -81.1204 0.0000 0.0000
4570.03 18.07.2018 09.10.01 29.22726 295.6495 -972.2469 -1.1973 -14.3852 17.5838 329.9661 174.9139 367.0294 448.7792 -76.6965 0.0000 0.0000
4580.03 18.07.2018 09.20.01 29.11196 295.7631 -587.8746 -0.7240 -13.3966 16.8968 327.4446 174.0278 368.0384 449.0106 -73.5321 0.0000 0.0000
4590.03 18.07.2018 09.30.01 29.05285 295.8943 -391.3823 -0.4820 -12.6909 16.2785 324.8092 173.0213 369.3445 449.3775 -71.3406 0.0000 0.0000
4600.03 18.07.2018 09.40.01 29.02322 296.0205 -257.0807 -0.3166 -12.1252 15.7448 322.2006 171.9218 370.7232 449.7304 -69.6981 0.0000 0.0000
4610.03 18.07.2018 09.50.01 29.01388 296.1448 -166.1569 -0.2046 -11.6525 15.2638 319.6055 170.7908 372.1321 450.1099 -68.5436 0.0000 0.0000
4620.03 18.07.2018 10.00.01 29.01843 296.2161 -135.1710 -0.1665 -11.2419 14.7673 316.4191 169.3159 373.4793 450.3639 -67.7652 0.0000 0.0000
4630.03 18.07.2018 10.10.01 29.02896 296.1661 221.9428 0.2733 -10.8542 14.8368 322.5803 172.6525 375.4475 451.0753 -70.6631 0.0000 0.0000
4640.03 18.07.2018 10.20.01 29.09213 296.3162 371.9438 0.4581 -10.7209 14.9053 328.6945 175.9613 377.7065 451.9239 -73.8176 0.0000 0.0000
4650.03 18.07.2018 10.30.01 29.17867 296.4792 400.2204 0.4929 -10.6827 14.9008 335.1617 179.5372 379.8557 452.6060 -77.8830 0.0000 0.0000
4660.03 18.07.2018 10.40.01 29.27078 296.6314 428.7972 0.5281 -10.6521 14.9069 338.4549 181.2072 382.2667 453.2257 -80.1006 0.0000 0.0000
4670.03 18.07.2018 10.50.01 29.36865 296.7744 408.5773 0.5032 -10.6272 14.8405 344.2687 184.4440 384.8262 454.5239 -82.5671 0.0000 0.0000
4680.03 18.07.2018 11.00.01 29.46441 296.8983 375.6534 0.4626 -10.5778 14.7205 350.3480 187.8822 387.2161 455.5995 -86.3937 0.0000 0.0000
4690.03 18.07.2018 11.10.01 29.55395 296.9692 -116.8335 -0.1439 -10.4878 13.7919 337.9818 181.8349 388.1070 456.6905 -82.6457 0.0000 0.0000
4700.03 18.07.2018 11.20.01 29.57018 297.0259 -382.2100 -0.4707 -10.0425 12.7624 320.7825 172.9639 388.0428 456.3995 -78.2007 0.0000 0.0000
4710.03 18.07.2018 11.30.01 29.54556 297.0536 -451.3452 -0.5558 -9.4251 11.8256 303.8599 164.1886 387.3626 455.4993 -74.4041 0.0000 0.0000
4720.03 18.07.2018 11.40.01 29.50811 297.0267 -493.4094 -0.6076 -8.7830 10.9004 287.6172 155.7689 386.5904 454.1818 -71.1329 0.0000 0.0000
4730.03 18.07.2018 11.50.01 29.46264 297.0135 -333.5703 -0.4108 -8.1382 10.3032 272.2993 147.6567 385.4953 452.6745 -67.6797 0.0000 0.0000
4740.03 18.07.2018 12.00.01 29.43896 297.0045 -221.2596 -0.2725 -7.6304 9.8106 258.5331 140.3951 384.4008 451.2713 -64.1299 0.0000 0.0000
4750.03 18.07.2018 12.10.01 29.43038 297.1170 -219.1171 -0.2698 -7.2163 9.2620 253.0030 137.2908 383.3546 450.0018 -61.0240 0.0000 0.0000
4760.03 18.07.2018 12.20.01 29.42156 297.4438 -117.8465 -0.1451 -6.8143 8.8923 251.1488 136.2571 382.6429 449.6227 -58.2914 0.0000 0.0000
4770.03 18.07.2018 12.30.01 29.42809 297.8389 -14.5850 -0.0180 -6.4846 8.6222 250.9496 136.1412 382.1209 449.5554 -56.3617 0.0000 0.0000
4780.03 18.07.2018 12.40.01 29.45004 298.0405 28.6280 0.0353 -6.2306 8.3545 251.4444 136.4372 381.7574 449.7526 -54.0449 0.0000 0.0000
4790.03 18.07.2018 12.50.01 29.47790 298.2729 28.5851 0.0352 -6.0128 8.0640 251.9365 136.7486 381.3575 449.8955 -52.8775 0.0000 0.0000
4800.03 18.07.2018 13.00.01 29.50540 298.5811 48.2335 0.0594 -5.7993 7.8117 254.1112 138.0418 381.0485 450.3688 -52.3754 0.0000 0.0000
4810.03 18.07.2018 13.10.01 29.53600 298.4301 192.5266 0.2371 -5.6062 7.7911 249.5746 135.7210 382.9281 451.5986 -49.0560 0.0000 0.0000
4820.03 18.07.2018 13.20.01 29.58792 298.3356 169.7879 0.2091 -5.5109 7.6266 241.8487 131.5953 384.3763 451.1562 -49.6820 0.0000 0.0000
4830.03 18.07.2018 13.30.01 29.63708 298.1400 172.9287 0.2130 -5.3974 7.4805 234.1054 127.4453 385.5515 449.8716 -53.1399 0.0000 0.0000
4840.03 18.07.2018 13.40.01 29.68597 297.9732 157.0633 0.1934 -5.2954 7.3185 225.7291 122.9293 386.6051 449.3262 -50.9719 0.0000 0.0000
4850.03 18.07.2018 13.50.01 29.73141 297.9269 145.9296 0.1797 -5.1920 7.1623 217.1797 118.3050 387.4528 448.0976 -52.2960 0.0000 0.0000
4860.03 18.07.2018 14.00.01 29.77416 297.8785 125.3579 0.1544 -5.0886 6.9906 209.5487 114.2438 387.9231 446.6364 -54.0474 0.0000 0.0000
4870.03 18.07.2018 14.10.01 29.81255 297.8269 -56.3010 -0.0693 -4.9724 6.5374 191.7969 104.5470 386.4687 444.4438 -49.4770 0.0000 0.0000
4880.03 18.07.2018 14.20.01 29.82314 297.7417 -173.9827 -0.2143 -4.7316 6.0231 173.9713 94.8520 384.7325 441.7871 -45.5089 0.0000 0.0000
4890.03 18.07.2018 14.30.01 29.81500 297.6552 -236.5671 -0.2913 -4.4183 5.5026 155.7362 84.9160 382.7877 438.7589 -41.9128 0.0000 0.0000
4900.03 18.07.2018 14.40.01 29.79598 297.5554 -277.8172 -0.3421 -4.0742 4.9761 136.6751 74.5129 380.6798 435.5620 -37.3011 0.0000 0.0000
4910.03 18.07.2018 14.50.01 29.76904 297.4118 -307.6881 -0.3789 -3.7195 4.4541 117.4469 64.0062 378.4090 431.9248 -33.4615 0.0000 0.0000
4920.03 18.07.2018 15.00.01 29.73547 297.2584 -338.1922 -0.4165 -3.3649 3.9312 97.9881 53.3609 375.9101 427.9012 -30.0964 0.0000 0.0000
4930.03 18.07.2018 15.10.01 29.69561 297.0352 -216.5332 -0.2667 -3.0150 3.6644 91.8120 49.9417 372.7208 424.8782 -27.7851 0.0000 0.0000
4940.03 18.07.2018 15.20.01 29.67263 296.7530 -111.9112 -0.1378 -2.7724 3.5128 88.0705 47.8964 369.8220 421.8305 -27.8746 0.0000 0.0000
4950.03 18.07.2018 15.30.01 29.66290 296.4952 -75.6243 -0.0931 -2.6276 3.3793 84.7350 46.0811 367.0078 418.9052 -28.0745 0.0000 0.0000
4960.03 18.07.2018 15.40.01 29.65658 296.2738 -73.1309 -0.0901 -2.5272 3.2495 81.4767 44.3094 364.2257 416.3462 -26.9905 0.0000 0.0000
4970.03 18.07.2018 15.50.01 29.64895 296.0594 -85.2060 -0.1049 -2.4451 3.1202 78.2319 42.5452 361.4249 413.7866 -26.2873 0.0000 0.0000
4980.03 18.07.2018 16.00.01 29.63769 295.8586 -103.8772 -0.1279 -2.3713 2.9912 75.0081 40.7927 358.5675 411.2563 -25.5642 0.0000 0.0000
4990.03 18.07.2018 16.10.01 29.62219 296.0853 -89.7547 -0.1105 -2.2969 2.9151 83.0539 45.2190 358.2114 410.9124 -22.9063 0.0000 0.0000
5000.03 18.07.2018 16.20.01 29.60876 296.3321 -35.5288 -0.0438 -2.2339 2.9201 92.9558 50.6980 358.5227 411.4074 -21.4900 0.0000 0.0000
5010.03 18.07.2018 16.30.01 29.60342 296.5899 -5.2550 -0.0065 -2.2096 2.9376 103.2420 56.3978 359.1146 412.3516 -20.7157 0.0000 0.0000
5020.03 18.07.2018 16.40.01 29.60253 296.8588 6.7391 0.0083 -2.2069 2.9535 116.1048 63.5269 359.8644 413.8810 -20.4535 0.0000 0.0000
5030.03 18.07.2018 16.50.01 29.60333 297.1300 17.0425 0.0210 -2.2138 2.9797 130.1723 71.3712 360.7517 415.8720 -20.9717 0.0000 0.0000
5040.03 18.07.2018 17.00.01 29.60549 297.4032 18.3818 0.0226 -2.2305 3.0041 144.7048 79.4972 361.7515 418.1592 -22.1115 0.0000 0.0000
5050.03 18.07.2018 17.10.01 29.60735 297.0923 -23.4363 -0.0289 -2.2529 2.9654 134.5328 73.8004 361.6673 417.0414 -24.8458 0.0000 0.0000
5060.03 18.07.2018 17.20.01 29.60146 296.7502 -133.7686 -0.1647 -2.2572 2.7900 125.6900 69.0042 360.6949 415.3544 -27.2986 0.0000 0.0000
5070.03 18.07.2018 17.30.01 29.57772 296.4048 -207.8143 -0.2559 -2.1990 2.5908 115.3455 63.3252 359.3274 413.0953 -28.9358 0.0000 0.0000
5080.03 18.07.2018 17.40.01 29.54104 296.0598 -251.4750 -0.3097 -2.1058 2.3948 103.4411 56.8037 357.8204 410.5613 -29.4840 0.0000 0.0000
5090.03 18.07.2018 17.50.01 29.49600 295.7131 -290.4176 -0.3577 -2.0000 2.1898 91.2025 50.0886 356.1790 407.7541 -29.4362 0.0000 0.0000
5100.03 18.07.2018 18.00.01 29.44326 295.3648 -320.4540 -0.3946 -1.8836 1.9852 78.7106 43.2210 354.4760 404.7613 -28.7932 0.0000 0.0000
5110.03 18.07.2018 18.10.01 29.38424 295.0067 -382.0736 -0.4705 -1.7607 1.7202 68.3636 37.5397 352.3423 402.0374 -26.3761 0.0000 0.0000
5120.03 18.07.2018 18.20.01 29.31484 294.6482 -415.2776 -0.5114 -1.6069 1.4606 58.4063 32.0882 350.2332 399.3308 -24.0838 0.0000 0.0000
5130.03 18.07.2018 18.30.01 29.23907 294.2894 -436.3138 -0.5373 -1.4433 1.2080 48.2567 26.5161 348.1561 396.5533 -21.8162 0.0000 0.0000
5140.03 18.07.2018 18.40.01 29.15859 293.9301 -456.6933 -0.5624 -1.2797 0.9564 35.0205 19.1985 346.0845 393.4544 -19.1133 0.0000 0.0000
5150.03 18.07.2018 18.50.01 29.07348 293.5656 -483.3161 -0.5952 -1.1167 0.6953 22.8616 12.5344 343.9601 390.3766 -16.5726 0.0000 0.0000
5160.03 18.07.2018 19.00.01 28.98278 293.1999 -507.3430 -0.6248 -0.9509 0.4348 10.6015 5.8084 341.8179 387.1970 -14.0607 0.0000 0.0000
5170.03 18.07.2018 19.10.01 28.88714 292.9464 -446.3412 -0.5497 -0.7833 0.3115 7.7254 4.2132 341.5714 385.1509 -12.3132 0.0000 0.0000
5180.03 18.07.2018 19.20.01 28.79946 292.7041 -395.4784 -0.4870 -0.6692 0.2429 6.0416 3.2921 341.6568 383.5208 -11.3400 0.0000 0.0000
5190.03 18.07.2018 19.30.01 28.71856 292.4644 -374.1582 -0.4608 -0.5989 0.1841 4.5717 2.4919 341.8469 382.0615 -10.7361 0.0000 0.0000
5200.03 18.07.2018 19.40.01 28.64019 292.2263 -369.9355 -0.4556 -0.5509 0.1271 3.1406 1.7138 342.0934 380.7197 -10.3706 0.0000 0.0000
5210.03 18.07.2018 19.50.01 28.56167 291.9898 -373.8950 -0.4605 -0.5132 0.0703 1.7165 0.9395 342.3794 379.4674 -10.1936 0.0000 0.0000
5220.03 18.07.2018 20.00.01 28.48181 291.7535 -381.9353 -0.4704 -0.4807 0.0137 0.2957 0.1671 342.6865 378.3051 -10.0596 0.0000 0.0000
5230.03 18.07.2018 20.10.01 28.40008 291.6721 -363.4749 -0.4476 -0.4494 0.0023 0.0516 0.0292 344.2483 377.6530 -9.7926 0.0000 0.0000
5240.03 18.07.2018 20.20.01 28.32055 291.5963 -353.7697 -0.4357 -0.4360 0.0004 0.0095 0.0054 345.9513 377.1826 -9.7851 0.0000 0.0000
5250.03 18.07.2018 20.30.01 28.24224 291.5256 -351.1511 -0.4325 -0.4325 0.0001 0.0017 0.0010 347.7191 376.8421 -9.8927 0.0000 0.0000
5260.03 18.07.2018 20.40.01 28.16418 291.4562 -351.2780 -0.4326 -0.4326 0.0000 0.0003 0.0002 349.5390 376.6181 -10.0533 0.0000 0.0000
5270.03 18.07.2018 20.50.01 28.08578 291.3894 -351.2357 -0.4326 -0.4326 0.0000 0.0001 0.0000 351.3943 376.4784 -10.3128 0.0000 0.0000
5280.03 18.07.2018 21.00.01 28.00717 291.3218 -351.3981 -0.4328 -0.4328 0.0000 0.0000 0.0000 353.2727 376.4034 -10.6770 0.0000 0.0000
5290.03 18.07.2018 21.10.01 27.92843 291.2426 -352.3788 -0.4340 -0.4340 0.0000 0.0000 0.0000 353.0778 376.0926 -10.6598 0.0000 0.0000
5300.03 18.07.2018 21.20.01 27.84927 291.1595 -357.5775 -0.4404 -0.4404 0.0000 0.0000 0.0000 352.7822 375.7321 -10.5730 0.0000 0.0000
5310.03 18.07.2018 21.30.01 27.76879 291.0759 -364.3995 -0.4488 -0.4488 0.0000 0.0000 0.0000 352.4758 375.3599 -10.4738 0.0000 0.0000
5320.03 18.07.2018 21.40.01 27.68679 290.9923 -371.2664 -0.4572 -0.4572 0.0000 0.0000 0.0000 352.1663 374.9811 -10.3674 0.0000 0.0000
5330.03 18.07.2018 21.50.01 27.60327 290.9087 -377.2258 -0.4646 -0.4646 0.0000 0.0000 0.0000 351.8575 374.5992 -10.2562 0.0000 0.0000
5340.03 18.07.2018 22.00.01 27.51849 290.8254 -382.5771 -0.4712 -0.4712 0.0000 0.0000 0.0000 351.5508 374.2156 -10.1437 0.0000 0.0000
5350.03 18.07.2018 22.10.01 27.43264 290.7612 -387.2253 -0.4769 -0.4769 0.0000 0.0000 0.0000 350.7101 373.7660 -9.8775 0.0000 0.0000
5360.03 18.07.2018 22.20.01 27.34579 290.6948 -392.2198 -0.4830 -0.4830 0.0000 0.0000 0.0000 349.8400 373.2843 -9.6105 0.0000 0.0000
5370.03 18.07.2018 22.30.01 27.25781 290.6266 -396.7094 -0.4886 -0.4886 0.0000 0.0000 0.0000 348.9631 372.7877 -9.3283 0.0000 0.0000
5380.03 18.07.2018 22.40.01 27.16885 290.5586 -400.8725 -0.4937 -0.4937 0.0000 0.0000 0.0000 348.0856 372.2782 -9.0465 0.0000 0.0000
5390.03 18.07.2018 22.50.01 27.07910 290.4891 -404.6309 -0.4983 -0.4983 0.0000 0.0000 0.0000 347.2065 371.7595 -8.7572 0.0000 0.0000
5400.03 18.07.2018 23.00.01 26.98846 290.4185 -407.4120 -0.5017 -0.5017 0.0000 0.0000 0.0000 346.3260 371.2295 -8.4757 0.0000 0.0000
5410.03 18.07.2018 23.10.01 26.89718 290.2388 -410.0110 -0.5049 -0.5049 0.0000 0.0000 0.0000 345.2838 370.5413 -8.6532 0.0000 0.0000
5420.03 18.07.2018 23.20.01 26.80535 290.0526 -413.2477 -0.5089 -0.5089 0.0000 0.0000 0.0000 344.2152 369.8308 -8.7428 0.0000 0.0000
5430.03 18.07.2018 23.30.01 26.71288 289.8711 -416.4196 -0.5128 -0.5128 0.0000 0.0000 0.0000 343.1354 369.1070 -8.7787 0.0000 0.0000
5440.03 18.07.2018 23.40.01 26.61962 289.6862 -418.1274 -0.5149 -0.5149 0.0000 0.0000 0.0000 342.0407 368.3490 -8.8815 0.0000 0.0000
5450.03 18.07.2018 23.50.01 26.52624 289.5048 -421.0349 -0.5185 -0.5185 0.0000 0.0000 0.0000 340.9489 367.6022 -8.8585 0.0000 0.0000
5460.03 19.07.2018 00.00.01 26.43197 289.3248 -421.7617 -0.5194 -0.5194 0.0000 0.0000 0.0000 339.8576 366.8479 -8.8134 0.0000 0.0000
5470.03 19.07.2018 00.10.01 26.33767 289.1316 -423.9601 -0.5221 -0.5221 0.0000 0.0000 0.0000 339.0079 366.1039 -8.9252 0.0000 0.0000
5480.03 19.07.2018 00.20.01 26.24282 288.9425 -425.5002 -0.5240 -0.5240 0.0000 0.0000 0.0000 338.1794 365.3626 -9.0504 0.0000 0.0000
5490.03 19.07.2018 00.30.01 26.14761 288.7491 -427.6929 -0.5267 -0.5267 0.0000 0.0000 0.0000 337.3470 364.6127 -9.1788 0.0000 0.0000
5500.03 19.07.2018 00.40.01 26.05187 288.5498 -429.5486 -0.5290 -0.5290 0.0000 0.0000 0.0000 336.5087 363.8525 -9.3145 0.0000 0.0000
5510.03 19.07.2018 00.50.01 25.95574 288.3477 -431.3326 -0.5312 -0.5312 0.0000 0.0000 0.0000 335.6657 363.0880 -9.4446 0.0000 0.0000
5520.03 19.07.2018 01.00.01 25.85940 288.1459 -433.3578 -0.5337 -0.5337 0.0000 0.0000 0.0000 334.8209 362.3229 -9.5625 0.0000 0.0000
5530.03 19.07.2018 01.10.01 25.76235 288.0453 -433.4580 -0.5338 -0.5338 0.0000 0.0000 0.0000 334.6427 361.8031 -9.2415 0.0000 0.0000
5540.03 19.07.2018 01.20.01 25.66555 287.9454 -433.2574 -0.5336 -0.5336 0.0000 0.0000 0.0000 334.5195 361.3302 -8.9939 0.0000 0.0000
5550.03 19.07.2018 01.30.01 25.56924 287.8435 -433.2979 -0.5336 -0.5336 0.0000 0.0000 0.0000 334.4057 360.8753 -8.8215 0.0000 0.0000
5560.03 19.07.2018 01.40.01 25.47305 287.7527 -432.4647 -0.5326 -0.5326 0.0000 0.0000 0.0000 334.2993 360.4478 -8.6532 0.0000 0.0000
5570.03 19.07.2018 01.50.01 25.37692 287.6743 -430.3124 -0.5299 -0.5299 0.0000 0.0000 0.0000 334.2120 360.0538 -8.4746 0.0000 0.0000
5580.03 19.07.2018 02.00.01 25.28127 287.5858 -429.1138 -0.5285 -0.5285 0.0000 0.0003 0.0002 334.1544 359.6672 -8.3810 0.0000 0.0000
5590.03 19.07.2018 02.10.01 25.18582 287.5527 -424.9450 -0.5233 -0.5287 0.0071 0.1847 0.0996 333.5099 359.1542 -8.5636 0.0000 0.0000
5600.03 19.07.2018 02.20.01 25.09026 287.4756 -427.0216 -0.5259 -0.5376 0.0157 0.4007 0.2169 332.8173 358.5263 -9.0296 0.0000 0.0000
5610.03 19.07.2018 02.30.01 24.99377 287.3583 -432.7284 -0.5329 -0.5513 0.0245 0.6220 0.3372 332.0721 357.8352 -9.5618 0.0000 0.0000
5620.03 19.07.2018 02.40.01 24.89599 287.2477 -437.7015 -0.5390 -0.5640 0.0333 0.8444 0.4581 331.3129 357.1472 -9.9209 0.0000 0.0000
5630.03 19.07.2018 02.50.01 24.79742 287.1151 -440.5440 -0.5425 -0.5742 0.0422 1.0669 0.5790 330.5019 356.4159 -10.3483 0.0000 0.0000
5640.03 19.07.2018 03.00.01 24.69827 287.0124 -441.6919 -0.5440 -0.5824 0.0512 1.2946 0.7028 329.6749 355.7175 -10.5903 0.0000 0.0000
5650.03 19.07.2018 03.10.01 24.59921 287.0392 -369.9991 -0.4557 -0.5892 0.1781 4.5877 2.4796 329.2359 355.6348 -10.1019 0.0000 0.0000
5660.03 19.07.2018 03.20.01 24.51122 287.0700 -322.1922 -0.3968 -0.6440 0.3296 8.4069 4.5535 328.9676 355.7372 -9.8936 0.0000 0.0000
5670.03 19.07.2018 03.30.01 24.43090 287.1018 -295.1340 -0.3635 -0.7273 0.4851 12.3154 6.6779 328.7747 355.9350 -9.8316 0.0000 0.0000
5680.03 19.07.2018 03.40.01 24.35525 287.1379 -278.1174 -0.3425 -0.8236 0.6414 16.2406 8.8118 328.6284 356.2152 -9.8291 0.0000 0.0000
5690.03 19.07.2018 03.50.01 24.28283 287.1717 -265.7716 -0.3273 -0.9257 0.7979 20.1687 10.9473 328.5145 356.5527 -9.9166 0.0000 0.0000
5700.03 19.07.2018 04.00.01 24.21285 287.2063 -255.4489 -0.3146 -1.0305 0.9545 24.1026 13.0859 328.4237 356.9434 -10.0590 0.0000 0.0000
5710.03 19.07.2018 04.10.01 24.14544 287.5639 -172.1898 -0.2121 -1.1351 1.2308 31.1499 16.9036 328.9467 358.1081 -9.2060 0.0000 0.0000
5720.03 19.07.2018 04.20.01 24.09155 287.9313 -111.8696 -0.1378 -1.2869 1.5321 38.7317 21.0230 329.6856 359.5505 -8.6470 0.0000 0.0000
5730.03 19.07.2018 04.30.01 24.04812 288.3028 -72.4128 -0.0892 -1.4674 1.8376 46.4042 25.1936 330.5305 361.1582 -8.2816 0.0000 0.0000
5740.03 19.07.2018 04.40.01 24.01220 288.6740 -43.6531 -0.0538 -1.6616 2.1438 54.0936 29.3739 331.4445 362.8973 -8.0673 0.0000 0.0000
5750.03 19.07.2018 04.50.01 23.98339 289.0480 345.7044 0.4257 -1.8616 3.0499 72.8717 39.2775 332.4121 365.5479 -9.0110 0.0000 0.0000
5760.03 19.07.2018 05.00.01 24.01275 289.4304 274.5867 0.3382 -2.3238 3.5493 82.4850 44.3680 333.6089 367.8737 -9.4634 0.0000 0.0000
5770.03 19.07.2018 05.10.01 24.03976 289.8125 1706.6860 2.1018 -2.7100 6.4158 130.4292 68.8820 334.7810 372.9414 -12.8942 0.0000 0.0000
5780.03 19.07.2018 05.20.01 24.28140 290.2150 2417.2002 2.9769 -4.0943 9.4282 184.7191 97.0936 336.7400 380.1167 -18.0182 0.0000 0.0000
5790.03 19.07.2018 05.30.01 24.63491 290.6406 2718.7878 3.3483 -5.9200 12.3577 243.6907 128.1813 339.0562 388.9555 -24.3853 0.0000 0.0000
5800.03 19.07.2018 05.40.01 25.02804 291.0787 -698.6851 -0.8605 -7.8837 9.3644 226.7099 120.9303 341.7198 392.3261 -24.7402 0.0000 0.0000
5810.03 19.07.2018 05.50.01 24.92901 291.4697 -558.8649 -0.6883 -7.3386 8.8671 213.9908 114.3533 343.1685 394.5444 -24.3256 0.0000 0.0000
5820.03 19.07.2018 06.00.01 24.84655 291.8552 -562.8950 -0.6932 -6.9264 8.3109 200.7832 107.5247 344.2935 396.1000 -23.4536 0.0000 0.0000
5830.03 19.07.2018 06.10.01 24.76492 292.2180 327.8566 0.4038 -6.5281 9.2425 221.1384 118.0350 345.6076 400.3422 -22.0106 0.0000 0.0000
5840.03 19.07.2018 06.20.01 24.82003 292.7362 2280.4314 2.8084 -6.7718 12.7737 243.8153 127.9769 347.5164 404.6282 -24.2566 0.0000 0.0000
5850.03 19.07.2018 06.30.01 25.16226 293.3010 1860.0372 2.2907 -8.3790 14.2263 265.7199 139.0245 349.4389 408.4779 -30.7134 0.0000 0.0000
5860.03 19.07.2018 06.40.01 25.45712 293.8447 3262.6152 4.0180 -9.6033 18.1617 286.3804 147.9149 351.8570 414.4149 -27.9993 0.0000 0.0000
5870.03 19.07.2018 06.50.01 25.95898 294.3114 2080.5974 2.5623 -11.7665 19.1051 300.1613 154.9349 353.9725 419.2046 -28.5492 0.0000 0.0000
5880.03 19.07.2018 07.00.01 26.29553 294.1137 1615.7872 1.9899 -13.0013 19.9883 313.7358 161.8775 356.0883 422.3145 -37.4461 0.0000 0.0000
5890.03 19.07.2018 07.10.01 26.56469 294.7195 781.0140 0.9618 -13.8645 19.7685 327.5251 170.3603 357.9126 429.2291 -34.0131 0.0000 0.0000
5900.03 19.07.2018 07.20.01 26.71368 294.9523 425.0745 0.5235 -14.1003 19.4984 328.4197 171.1441 359.1791 430.8132 -43.7986 0.0000 0.0000
5910.03 19.07.2018 07.30.01 26.81030 294.9199 260.8849 0.3213 -14.0790 19.2004 337.3931 176.7963 359.9749 431.9187 -56.7929 0.0000 0.0000
5920.03 19.07.2018 07.40.01 26.88198 295.1187 253.3787 0.3120 -13.9457 19.0103 339.2139 178.0163 362.3315 437.5747 -42.9047 0.0000 0.0000
5930.03 19.07.2018 07.50.01 26.95172 294.9418 223.6187 0.2754 -13.8160 18.7886 340.4597 178.9151 363.6579 435.9635 -61.8591 0.0000 0.0000
5940.03 19.07.2018 08.00.01 27.02206 295.0193 1872.1063 2.3056 -13.6759 21.3085 351.9080 183.8662 363.6711 434.7104 -79.2994 0.0000 0.0000
5950.03 19.07.2018 08.10.01 27.33190 295.2640 1495.6110 1.8419 -14.7119 22.0717 365.1871 190.6967 364.2225 436.6089 -80.0500 0.0000 0.0000
5960.03 19.07.2018 08.20.01 27.59863 295.5037 3191.4426 3.9304 -15.4270 25.8098 387.3467 200.6109 365.2999 439.4917 -82.7850 0.0000 0.0000
5970.03 19.07.2018 08.30.01 28.11343 295.7443 2129.0051 2.6219 -17.3138 26.5810 401.4135 207.9081 366.5899 442.2089 -85.0122 0.0000 0.0000
5980.03 19.07.2018 08.40.01 28.47903 295.9840 1551.5361 1.9108 -18.3629 27.0315 422.7854 219.9284 367.8728 446.1363 -89.3665 0.0000 0.0000
5990.03 19.07.2018 08.50.01 28.76278 296.2306 1276.0728 1.5715 -18.9637 27.3803 441.6339 230.5118 369.1672 449.8894 -93.6334 0.0000 0.0000
6000.03 19.07.2018 09.00.01 29.00732 296.4702 1119.1776 1.3783 -19.3511 27.6392 455.4628 238.1518 370.6048 453.2435 -96.9523 0.0000 0.0000
6010.03 19.07.2018 09.10.01 29.22711 296.7040 397.1104 0.4891 -19.6167 26.8077 457.4720 240.0271 372.3766 456.5382 -96.5164 0.0000 0.0000
6020.03 19.07.2018 09.20.01 29.34054 296.9364 52.4055 0.0645 -19.3603 25.8998 457.3532 240.6836 373.9211 459.4641 -95.1672 0.0000 0.0000
6030.03 19.07.2018 09.30.01 29.40182 297.1655 -65.4017 -0.0805 -18.8705 25.0533 456.3207 240.7452 375.6639 461.9788 -94.9749 0.0000 0.0000
6040.03 19.07.2018 09.40.01 29.44378 297.3939 -108.0246 -0.1330 -18.3128 24.2397 453.6993 239.7827 377.3622 464.4451 -93.0340 0.0000 0.0000
6050.03 19.07.2018 09.50.01 29.47799 297.6267 -100.7968 -0.1241 -17.7395 23.4871 450.7381 238.5702 379.1643 466.8455 -90.9109 0.0000 0.0000
6060.03 19.07.2018 10.00.01 29.51183 297.8497 -157.3643 -0.1938 -17.1824 22.6515 446.1386 236.4383 380.7877 468.6843 -89.7424 0.0000 0.0000
6070.03 19.07.2018 10.10.01 29.53518 298.0336 -555.0067 -0.6835 -16.5904 21.2092 431.8647 229.4589 384.2001 471.7656 -82.2085 0.0000 0.0000
6080.03 19.07.2018 10.20.01 29.49957 298.3478 -735.4937 -0.9058 -15.7153 19.7460 414.6536 220.7332 387.0091 472.8812 -81.0683 0.0000 0.0000
6090.03 19.07.2018 10.30.01 29.43615 298.5070 -803.3723 -0.9894 -14.7224 18.3107 398.7545 212.7734 388.2777 471.1756 -86.3229 0.0000 0.0000
6100.03 19.07.2018 10.40.01 29.36108 298.7415 -667.0835 -0.8215 -13.7046 17.1775 381.7196 203.8189 390.0065 471.8199 -74.5549 0.0000 0.0000
6110.03 19.07.2018 10.50.01 29.30508 299.4062 -563.7850 -0.6943 -12.7782 16.1119 369.9645 197.9814 391.7067 473.1071 -69.0237 0.0000 0.0000
6120.03 19.07.2018 11.00.01 29.26147 299.7497 -479.4189 -0.5904 -11.9482 15.1437 359.5596 192.8816 392.7459 471.7178 -74.9383 0.0000 0.0000
6130.03 19.07.2018 11.10.01 29.22747 299.7159 -742.0108 -0.9138 -11.1899 13.7014 335.2242 180.3835 394.8066 472.7041 -63.8176 0.0000 0.0000
6140.03 19.07.2018 11.20.01 29.15328 299.5546 -873.2564 -1.0754 -10.2504 12.2333 307.0691 165.6131 396.1743 470.4065 -61.5199 0.0000 0.0000
6150.03 19.07.2018 11.30.01 29.05822 299.0765 -863.5541 -1.0635 -9.2391 10.9008 279.5621 151.1292 396.7693 465.6355 -66.4694 0.0000 0.0000
6160.03 19.07.2018 11.40.01 28.96108 298.8386 -846.5951 -1.0426 -8.2733 9.6409 253.1423 137.1913 397.3058 462.5413 -60.1852 0.0000 0.0000
6170.03 19.07.2018 11.50.01 28.86382 298.6956 -662.0103 -0.8153 -7.3538 8.7180 227.8832 123.6954 397.4741 458.6361 -59.3767 0.0000 0.0000
6180.03 19.07.2018 12.00.01 28.79177 298.5693 -531.8007 -0.6549 -6.5936 7.9182 203.9617 110.9078 397.0591 454.2294 -59.4530 0.0000 0.0000
6190.03 19.07.2018 12.10.01 28.73824 298.5331 -234.5790 -0.2889 -5.9477 7.5450 196.5806 106.8100 395.2850 451.2593 -56.0626 0.0000 0.0000
6200.03 19.07.2018 12.20.01 28.72869 298.5089 9.8510 0.0121 -5.5270 7.3855 193.4928 105.1270 394.1708 449.2980 -53.8713 0.0000 0.0000
6210.03 19.07.2018 12.30.01 28.75549 298.4925 143.9653 0.1773 -5.2839 7.2815 191.3546 103.9719 393.3911 447.7523 -52.1225 0.0000 0.0000
6220.03 19.07.2018 12.40.01 28.80258 298.4795 204.8614 0.2523 -5.1347 7.1826 189.4549 102.9541 392.7398 446.4506 -50.6284 0.0000 0.0000
6230.03 19.07.2018 12.50.01 28.85900 298.4693 230.3080 0.2836 -5.0269 7.0807 187.4814 101.8944 392.1428 445.3034 -49.2804 0.0000 0.0000
6240.03 19.07.2018 13.00.01 28.91931 298.4589 244.2911 0.3009 -4.9377 6.9847 185.7820 100.9931 391.5928 444.3114 -48.1528 0.0000 0.0000
6250.03 19.07.2018 13.10.01 28.98187 298.5626 341.0030 0.4200 -4.8621 7.0427 199.5272 108.3917 389.1283 443.8452 -49.6916 0.0000 0.0000
6260.03 19.07.2018 13.20.01 29.05920 298.6545 482.1677 0.5938 -4.8647 7.2780 217.4784 118.1800 387.1910 444.3319 -52.9233 0.0000 0.0000
6270.03 19.07.2018 13.30.01 29.15701 298.7244 560.9943 0.6909 -4.9698 7.5476 236.7206 128.7170 385.4835 445.1852 -57.1973 0.0000 0.0000
6280.03 19.07.2018 13.40.01 29.26656 298.8258 591.8856 0.7289 -5.1307 7.8129 256.9837 139.8348 384.0284 446.4558 -61.7981 0.0000 0.0000
6290.03 19.07.2018 13.50.01 29.38104 298.9348 614.1544 0.7563 -5.3111 8.0899 277.9686 151.3767 382.7690 448.0726 -66.9105 0.0000 0.0000
6300.03 19.07.2018 14.00.01 29.49899 299.0499 598.0463 0.7365 -5.5044 8.3212 302.4529 165.0552 381.4987 450.3570 -72.8965 0.0000 0.0000
6310.03 19.07.2018 14.10.01 29.61419 298.9643 485.9188 0.5984 -5.6848 8.3776 292.8959 159.8494 382.0459 450.5683 -72.6253 0.0000 0.0000
6320.03 19.07.2018 14.20.01 29.71160 298.8501 250.4196 0.3084 -5.7841 8.1233 280.5457 153.2020 381.5237 449.7698 -71.5683 0.0000 0.0000
6330.03 19.07.2018 14.30.01 29.77310 298.7298 117.7607 0.1450 -5.7228 7.8237 266.7622 145.7288 380.4785 448.3719 -69.8772 0.0000 0.0000
6340.03 19.07.2018 14.40.01 29.81323 298.6015 36.3772 0.0448 -5.5805 7.5003 251.5999 137.4721 379.1961 446.6871 -66.7874 0.0000 0.0000
6350.03 19.07.2018 14.50.01 29.83965 298.4703 8.6679 0.0107 -5.3964 7.2094 236.6726 129.3318 377.8532 444.7678 -63.5841 0.0000 0.0000
6360.03 19.07.2018 15.00.01 29.86019 298.3313 -27.9343 -0.0344 -5.2085 6.8989 220.9202 120.7109 376.3703 442.4863 -60.1567 0.0000 0.0000
6370.03 19.07.2018 15.10.01 29.87356 298.1467 -64.2672 -0.0791 -5.0130 6.5785 208.3438 113.8214 375.0692 440.1289 -57.5776 0.0000 0.0000
6380.03 19.07.2018 15.20.01 29.88064 297.9639 -55.5676 -0.0684 -4.8034 6.3132 196.1496 107.1196 373.9285 437.7369 -55.0900 0.0000 0.0000
6390.03 19.07.2018 15.30.01 29.88760 297.7793 -57.5284 -0.0708 -4.6136 6.0569 184.5825 100.7873 372.8116 435.3702 -52.6693 0.0000 0.0000
6400.03 19.07.2018 15.40.01 29.89303 297.5957 -75.3340 -0.0928 -4.4351 5.7898 170.3559 92.9053 371.6581 432.5993 -49.8719 0.0000 0.0000
6410.03 19.07.2018 15.50.01 29.89456 297.4095 -86.8884 -0.1070 -4.2561 5.5322 158.0133 86.1466 370.4744 430.0029 -47.2918 0.0000 0.0000
6420.03 19.07.2018 16.00.01 29.89309 297.2246 -99.2100 -0.1222 -4.0813 5.2789 145.6371 79.3633 369.3037 427.3366 -44.7357 0.0000 0.0000
6430.03 19.07.2018 16.10.01 29.88854 297.1247 -105.6548 -0.1301 -3.9102 5.0401 145.0370 79.0434 367.5339 425.5296 -43.2083 0.0000 0.0000
6440.03 19.07.2018 16.20.01 29.88186 297.0337 -63.9455 -0.0788 -3.7471 4.8911 146.3965 79.8315 366.0290 424.1642 -42.7702 0.0000 0.0000
6450.03 19.07.2018 16.30.01 29.88003 296.9421 -47.8156 -0.0589 -3.6267 4.7570 148.1260 80.8302 364.6791 423.0234 -42.5760 0.0000 0.0000
6460.03 19.07.2018 16.40.01 29.87942 296.8548 -50.6309 -0.0624 -3.5289 4.6221 151.1914 82.5694 363.3560 422.1877 -42.1631 0.0000 0.0000
6470.03 19.07.2018 16.50.01 29.87728 296.7653 -57.7228 -0.0711 -3.4401 4.4920 155.1030 84.8127 362.0669 421.5085 -42.5640 0.0000 0.0000
6480.03 19.07.2018 17.00.01 29.87298 296.6757 -70.2684 -0.0865 -3.3572 4.3609 159.2457 87.1965 360.8390 420.9778 -43.1588 0.0000 0.0000
6490.03 19.07.2018 17.10.01 29.86514 296.4363 -206.6090 -0.2544 -3.2776 4.0308 144.7626 79.2139 359.5611 418.5443 -42.0344 0.0000 0.0000
6500.03 19.07.2018 17.20.01 29.83541 296.1857 -343.0857 -0.4225 -3.1152 3.5902 131.0106 71.7534 357.8745 416.0147 -39.7401 0.0000 0.0000
6510.03 19.07.2018 17.30.01 29.78356 295.9421 -426.4187 -0.5251 -2.8728 3.1302 116.1209 63.6251 356.0346 413.2014 -36.9094 0.0000 0.0000
6520.03 19.07.2018 17.40.01 29.71725 295.6981 -476.5198 -0.5868 -2.5908 2.6720 100.2997 54.9971 354.2516 410.3978 -32.9771 0.0000 0.0000
6530.03 19.07.2018 17.50.01 29.64144 295.4541 -517.6434 -0.6375 -2.2931 2.2075 84.2679 46.2474 352.4235 407.3865 -29.2425 0.0000 0.0000
6540.03 19.07.2018 18.00.01 29.55743 295.2101 -550.3966 -0.6778 -1.9863 1.7446 68.0978 37.4133 350.5556 404.2264 -25.4855 0.0000 0.0000
6550.03 19.07.2018 18.10.01 29.46676 294.8724 -466.2652 -0.5742 -1.6771 1.4705 58.2769 32.0045 348.9972 401.3206 -23.3889 0.0000 0.0000
6560.03 19.07.2018 18.20.01 29.38641 294.5375 -420.7727 -0.5182 -1.4501 1.2425 49.6647 27.2861 347.5758 398.6299 -21.6133 0.0000 0.0000
6570.03 19.07.2018 18.30.01 29.31091 294.2048 -408.1198 -0.5026 -1.2728 1.0269 41.2347 22.6679 346.2171 395.9935 -19.8733 0.0000 0.0000
6580.03 19.07.2018 18.40.01 29.23571 293.8715 -413.4568 -0.5092 -1.1198 0.8141 29.8010 16.3370 344.8726 393.0623 -17.8040 0.0000 0.0000
6590.03 19.07.2018 18.50.01 29.15817 293.5366 -432.8987 -0.5331 -0.9776 0.5926 19.4747 10.6772 343.4926 390.2423 -15.7798 0.0000 0.0000
6600.03 19.07.2018 19.00.01 29.07617 293.2019 -452.2228 -0.5569 -0.8358 0.3718 9.0681 4.9680 342.1060 387.3877 -13.7394 0.0000 0.0000
6610.03 19.07.2018 19.10.01 28.98998 292.8389 -402.6755 -0.4959 -0.6961 0.2669 6.6185 3.6094 340.5706 385.0528 -12.8841 0.0000 0.0000
6620.03 19.07.2018 19.20.01 28.90954 292.4793 -367.6747 -0.4528 -0.6089 0.2082 5.1779 2.8215 339.1980 382.9921 -12.4396 0.0000 0.0000
6630.03 19.07.2018 19.30.01 28.83273 292.1187 -359.5591 -0.4428 -0.5612 0.1578 3.9185 2.1359 337.8845 381.0415 -12.1622 0.0000 0.0000
6640.03 19.07.2018 19.40.01 28.75573 291.7572 -365.6558 -0.4503 -0.5320 0.1089 2.6920 1.4689 336.5997 379.1674 -11.9802 0.0000 0.0000
6650.03 19.07.2018 19.50.01 28.67660 291.3957 -378.2658 -0.4658 -0.5111 0.0603 1.4713 0.8053 335.3328 377.3487 -11.8855 0.0000 0.0000
6660.03 19.07.2018 20.00.01 28.59423 291.0340 -393.2156 -0.4843 -0.4931 0.0118 0.2535 0.1432 334.0805 375.5728 -11.8632 0.0000 0.0000
6670.03 19.07.2018 20.10.01 28.50860 290.8568 -385.0657 -0.4742 -0.4757 0.0020 0.0442 0.0250 333.2531 374.2833 -10.9046 0.0000 0.0000
6680.03 19.07.2018 20.20.01 28.42333 290.6822 -383.1187 -0.4718 -0.4721 0.0004 0.0082 0.0046 332.5304 373.1188 -10.1961 0.0000 0.0000
6690.03 19.07.2018 20.30.01 28.33752 290.5089 -387.3192 -0.4770 -0.4770 0.0001 0.0015 0.0008 331.8569 372.0302 -9.6529 0.0000 0.0000
6700.03 19.07.2018 20.40.01 28.25027 290.3374 -395.2673 -0.4868 -0.4868 0.0000 0.0003 0.0001 331.2150 371.0006 -9.2337 0.0000 0.0000
6710.03 19.07.2018 20.50.01 28.16107 290.1665 -405.1599 -0.4990 -0.4990 0.0000 0.0000 0.0000 330.5955 370.0182 -8.9156 0.0000 0.0000
6720.03 19.07.2018 21.00.01 28.06954 289.9961 -415.7952 -0.5121 -0.5121 0.0000 0.0000 0.0000 329.9965 369.0740 -8.6824 0.0000 0.0000
6730.03 19.07.2018 21.10.01 27.97558 289.7807 -426.8381 -0.5257 -0.5257 0.0000 0.0000 0.0000 329.6143 368.1142 -8.8597 0.0000 0.0000
6740.03 19.07.2018 21.20.01 27.87911 289.5653 -438.5500 -0.5401 -0.5401 0.0000 0.0000 0.0000 329.2401 367.1814 -9.0772 0.0000 0.0000
6750.03 19.07.2018 21.30.01 27.78008 289.3498 -450.1272 -0.5543 -0.5543 0.0000 0.0000 0.0000 328.8732 366.2709 -9.3269 0.0000 0.0000
6760.03 19.07.2018 21.40.01 27.67852 289.1352 -460.7891 -0.5675 -0.5675 0.0000 0.0000 0.0000 328.5108 365.3790 -9.6023 0.0000 0.0000
6770.03 19.07.2018 21.50.01 27.57464 288.9201 -470.8318 -0.5798 -0.5798 0.0000 0.0000 0.0000 328.1556 364.5036 -9.9040 0.0000 0.0000
6780.03 19.07.2018 22.00.01 27.46859 288.7054 -480.2353 -0.5914 -0.5914 0.0000 0.0000 0.0000 327.8041 363.6422 -10.2247 0.0000 0.0000
6790.03 19.07.2018 22.10.01 27.36053 288.5062 -488.5395 -0.6017 -0.6017 0.0000 0.0000 0.0000 326.5050 362.6969 -10.1956 0.0000 0.0000
6800.03 19.07.2018 22.20.01 27.25070 288.3052 -496.1293 -0.6110 -0.6110 0.0000 0.0000 0.0000 325.1734 361.7397 -10.0763 0.0000 0.0000
6810.03 19.07.2018 22.30.01 27.13928 288.1044 -503.5403 -0.6201 -0.6201 0.0000 0.0000 0.0000 323.8321 360.7596 -10.0070 0.0000 0.0000
6820.03 19.07.2018 22.40.01 27.02624 287.9038 -510.1856 -0.6283 -0.6283 0.0000 0.0000 0.0000 322.5036 359.7931 -9.8592 0.0000 0.0000
6830.03 19.07.2018 22.50.01 26.91177 287.7040 -516.2430 -0.6358 -0.6358 0.0000 0.0000 0.0000 321.1801 358.8263 -9.6998 0.0000 0.0000
6840.03 19.07.2018 23.00.01 26.79598 287.5060 -521.7028 -0.6425 -0.6425 0.0000 0.0000 0.0000 319.8542 357.8593 -9.5246 0.0000 0.0000
6850.03 19.07.2018 23.10.01 26.67907 287.2818 -527.0832 -0.6491 -0.6491 0.0000 0.0000 0.0000 319.0068 356.9209 -9.6317 0.0000 0.0000
6860.03 19.07.2018 23.20.01 26.56091 287.0659 -532.5924 -0.6559 -0.6559 0.0000 0.0000 0.0000 318.1935 355.9898 -9.8140 0.0000 0.0000
6870.03 19.07.2018 23.30.01 26.44143 286.8450 -538.6674 -0.6634 -0.6634 0.0000 0.0000 0.0000 317.3735 355.0508 -10.0291 0.0000 0.0000
6880.03 19.07.2018 23.40.01 26.32061 286.6338 -545.0729 -0.6713 -0.6713 0.0000 0.0000 0.0000 316.5315 354.0803 -10.3463 0.0000 0.0000
6890.03 19.07.2018 23.50.01 26.19836 286.4225 -551.5923 -0.6793 -0.6793 0.0000 0.0000 0.0000 315.6782 353.1163 -10.6068 0.0000 0.0000
6900.03 20.07.2018 00.00.01 26.07470 286.2078 -556.9238 -0.6859 -0.6859 0.0000 0.0000 0.0000 314.8209 352.1530 -10.8506 0.0000 0.0000
6910.03 20.07.2018 00.10.01 25.95001 286.0587 -560.9802 -0.6909 -0.6909 0.0000 0.0000 0.0000 313.8600 351.2853 -10.6604 0.0000 0.0000
6920.03 20.07.2018 00.20.01 25.82458 285.9067 -564.6835 -0.6954 -0.6954 0.0000 0.0000 0.0000 312.9026 350.4253 -10.4904 0.0000 0.0000
6930.03 20.07.2018 00.30.01 25.69824 285.7555 -566.9617 -0.6982 -0.6982 0.0000 0.0000 0.0000 311.9479 349.5749 -10.3288 0.0000 0.0000
6940.03 20.07.2018 00.40.01 25.57141 285.6033 -569.5639 -0.7014 -0.7014 0.0000 0.0000 0.0000 310.9951 348.7320 -10.1761 0.0000 0.0000
6950.03 20.07.2018 00.50.01 25.44415 285.4506 -572.8810 -0.7055 -0.7055 0.0000 0.0000 0.0000 310.0463 347.8959 -10.0325 0.0000 0.0000
6960.03 20.07.2018 01.00.01 25.31597 285.2973 -574.4311 -0.7074 -0.7074 0.0000 0.0000 0.0000 309.0988 347.0647 -9.8972 0.0000 0.0000
6970.03 20.07.2018 01.10.01 25.18771 285.1429 -577.1073 -0.7107 -0.7107 0.0000 0.0000 0.0000 308.5102 346.3208 -9.7162 0.0000 0.0000
6980.03 20.07.2018 01.20.01 25.05898 284.9873 -577.1157 -0.7107 -0.7107 0.0000 0.0000 0.0000 307.9491 345.5945 -9.6006 0.0000 0.0000
6990.03 20.07.2018 01.30.01 24.93054 284.8345 -577.0104 -0.7106 -0.7106 0.0000 0.0000 0.0000 307.4055 344.8962 -9.4664 0.0000 0.0000
7000.03 20.07.2018 01.40.01 24.80230 284.6825 -576.8447 -0.7104 -0.7104 0.0000 0.0000 0.0000 306.8666 344.2036 -9.3832 0.0000 0.0000
7010.03 20.07.2018 01.50.01 24.67410 284.5334 -576.0551 -0.7094 -0.7094 0.0000 0.0000 0.0000 306.3404 343.5341 -9.2739 0.0000 0.0000
7020.03 20.07.2018 02.00.01 24.54592 284.3822 -574.8260 -0.7079 -0.7079 0.0000 0.0003 0.0002 305.8188 342.8653 -9.2175 0.0000 0.0000
7030.03 20.07.2018 02.10.01 24.41778 284.2547 -569.3269 -0.7011 -0.7072 0.0080 0.2088 0.1126 305.6367 342.2542 -9.3169 0.0000 0.0000
7040.03 20.07.2018 02.20.01 24.29037 284.1271 -567.4106 -0.6988 -0.7121 0.0177 0.4529 0.2452 305.4804 341.6758 -9.4422 0.0000 0.0000
7050.03 20.07.2018 02.30.01 24.16317 284.0005 -567.2173 -0.6985 -0.7193 0.0277 0.7032 0.3812 305.3323 341.1154 -9.5895 0.0000 0.0000
7060.03 20.07.2018 02.40.01 24.03591 283.8730 -567.5114 -0.6989 -0.7272 0.0377 0.9545 0.5178 305.1851 340.5629 -9.7766 0.0000 0.0000
7070.03 20.07.2018 02.50.01 23.90853 283.7449 -567.8164 -0.6993 -0.7350 0.0477 1.2061 0.6546 305.0438 340.0262 -9.9642 0.0000 0.0000
7080.03 20.07.2018 03.00.01 23.78106 283.6164 -568.1139 -0.6996 -0.7431 0.0579 1.4621 0.7937 304.8983 339.4937 -10.1849 0.0000 0.0000
7090.03 20.07.2018 03.10.01 23.65383 283.6717 -504.5755 -0.6214 -0.7492 0.1704 4.3834 2.3702 304.6024 339.4318 -9.6131 0.0000 0.0000
7100.03 20.07.2018 03.20.01 23.53658 283.7276 -461.1682 -0.5679 -0.7963 0.3045 7.7621 4.2049 304.4295 339.5291 -9.2335 0.0000 0.0000
7110.03 20.07.2018 03.30.01 23.42651 283.7847 -435.3487 -0.5361 -0.8677 0.4420 11.2184 6.0836 304.3150 339.6992 -9.0234 0.0000 0.0000
7120.03 20.07.2018 03.40.01 23.32101 283.8446 -418.2090 -0.5150 -0.9502 0.5803 14.6893 7.9704 304.2437 339.9475 -8.8478 0.0000 0.0000
7130.03 20.07.2018 03.50.01 23.21880 283.9069 -405.1932 -0.4990 -1.0379 0.7186 18.1627 9.8588 304.2004 340.2508 -8.7383 0.0000 0.0000
7140.03 20.07.2018 04.00.01 23.11929 283.9716 -394.3895 -0.4857 -1.1284 0.8569 21.6362 11.7471 304.1762 340.5890 -8.7266 0.0000 0.0000
7150.03 20.07.2018 04.10.01 23.02206 284.3298 -389.6714 -0.4799 -1.2190 0.9854 24.8536 13.4974 304.6327 341.3143 -7.5440 0.0000 0.0000
7160.03 20.07.2018 04.20.01 22.92657 284.6830 -380.5530 -0.4687 -1.3026 1.1119 28.0272 15.2229 305.1728 342.1373 -6.4601 0.0000 0.0000
7170.03 20.07.2018 04.30.01 22.83352 285.0333 -368.3531 -0.4536 -1.3821 1.2380 31.1931 16.9441 305.7528 343.0334 -5.4703 0.0000 0.0000
7180.03 20.07.2018 04.40.01 22.74340 285.3811 -354.8138 -0.4370 -1.4600 1.3640 34.3578 18.6646 306.3633 343.9950 -4.5569 0.0000 0.0000
7190.03 20.07.2018 04.50.01 22.65637 285.7312 -340.7319 -0.4196 -1.5372 1.4900 37.5222 20.3849 307.0009 345.0180 -3.6988 0.0000 0.0000
