# simtime date time IndoorTemp Av_Tair_at_facade Energyflux.toIndoor.sum  Energyflux.toIndoor.average Energyflux.Conduction.average Energyflux.SW.transmission.average Shortwave.availabe Shortwave.absorbed Longwave.available Longwave.emittedFacade Sensible.outside Vapour.fromGreening Vapour.fromSubstrate
10.02 15.07.2018 05.10.00 19.90820 288.6772 178.6213 0.4854 -0.4685 1.2719 394.2634 218.7010 323.3312 398.5697 -46.4333 0.0000 0.0000
20.02 15.07.2018 05.20.00 19.94671 289.3850 274.4232 0.7457 -0.8775 2.1642 710.0191 394.4948 328.4959 438.8312 -84.2949 0.0000 0.0000
30.03 15.07.2018 05.30.01 20.01687 290.2001 390.9688 1.0624 -1.3595 3.2292 1030.6426 573.0842 336.1392 489.0312 -129.7973 0.0000 0.0000
40.03 15.07.2018 05.40.01 20.12802 291.0718 509.2914 1.3839 -1.9332 4.4228 982.4441 546.3843 345.9179 502.7273 -143.3456 0.0000 0.0000
50.03 15.07.2018 05.50.01 20.27447 291.6010 317.9374 0.8640 -2.5691 4.5775 912.9352 507.6821 349.1851 506.4982 -147.5695 0.0000 0.0000
60.03 15.07.2018 06.00.01 20.37185 292.1359 183.0509 0.4974 -2.8785 4.5012 855.9482 476.6642 350.7531 508.0995 -153.7400 0.0000 0.0000
70.03 15.07.2018 06.10.01 20.43502 292.5416 129.9966 0.3533 -2.9595 4.4170 817.7231 455.1539 351.7456 509.0473 -156.7552 0.0000 0.0000
80.03 15.07.2018 06.20.01 20.48684 292.9558 147.0992 0.3997 -2.9297 4.4392 780.0660 433.9043 353.0444 508.6874 -158.4703 0.0000 0.0000
90.03 15.07.2018 06.30.01 20.54669 293.3080 163.4771 0.4442 -2.8777 4.4293 741.7851 412.3036 354.0748 506.8355 -158.9480 0.0000 0.0000
100.03 15.07.2018 06.40.01 20.61492 293.6562 202.7837 0.5510 -2.8025 4.4713 717.1624 398.3074 355.3933 505.7980 -158.7309 0.0000 0.0000
110.03 15.07.2018 06.50.01 20.69775 294.0005 237.7266 0.6460 -2.7334 4.5059 697.6503 387.3831 356.5055 504.8578 -158.8432 0.0000 0.0000
120.03 15.07.2018 07.00.01 20.79397 294.3391 273.5796 0.7434 -2.6666 4.5467 680.0236 377.5851 357.6231 503.7579 -158.5561 0.0000 0.0000
130.03 15.07.2018 07.10.01 20.90347 294.6214 302.3750 0.8217 -2.6069 4.5715 668.9285 371.4134 359.0207 504.0722 -154.7561 0.0000 0.0000
140.03 15.07.2018 07.20.01 21.02398 294.9136 342.4997 0.9307 -2.5518 4.6433 658.1064 365.3704 360.7662 504.4872 -151.1839 0.0000 0.0000
150.03 15.07.2018 07.30.01 21.15826 295.2046 370.1976 1.0060 -2.5183 4.6991 646.2953 358.7459 362.3914 504.6991 -147.4664 0.0000 0.0000
160.03 15.07.2018 07.40.01 21.30276 295.5140 405.8230 1.1028 -2.4939 4.7956 638.5167 354.3476 364.4052 505.5311 -143.6638 0.0000 0.0000
170.03 15.07.2018 07.50.01 21.45919 295.8058 421.5978 1.1456 -2.4914 4.8494 629.2660 349.0986 366.1064 506.1302 -139.8565 0.0000 0.0000
180.03 15.07.2018 08.00.01 21.62191 296.0663 439.7976 1.1951 -2.4895 4.9128 619.2430 343.3789 367.8040 506.5442 -136.3214 0.0000 0.0000
190.03 15.07.2018 08.10.01 21.79083 296.2314 453.2563 1.2317 -2.4963 4.9706 608.3303 337.1615 369.7260 508.1377 -127.4953 0.0000 0.0000
200.03 15.07.2018 08.20.01 21.96453 296.4151 459.8442 1.2496 -2.5069 5.0086 596.6008 330.4688 371.1871 508.0321 -125.7570 0.0000 0.0000
210.03 15.07.2018 08.30.01 22.14129 296.4929 477.6504 1.2980 -2.5167 5.0862 585.2627 323.9810 372.4846 507.1006 -126.5655 0.0000 0.0000
220.03 15.07.2018 08.40.01 22.32366 296.7338 476.2461 1.2941 -2.5359 5.1067 575.0668 318.1032 373.6387 508.0739 -120.8329 0.0000 0.0000
230.03 15.07.2018 08.50.01 22.50671 297.0169 486.9611 1.3233 -2.5415 5.1530 564.9498 312.2532 374.8520 508.6678 -117.7665 0.0000 0.0000
240.03 15.07.2018 09.00.01 22.69369 297.3040 505.5973 1.3739 -2.5537 5.2368 554.8215 306.3682 376.2235 508.9481 -115.3427 0.0000 0.0000
250.03 15.07.2018 09.10.01 22.88650 297.6129 529.3843 1.4385 -2.5875 5.3680 542.0242 298.9509 377.9565 509.2016 -105.9875 0.0000 0.0000
260.03 15.07.2018 09.20.01 23.08611 297.9154 547.6269 1.4881 -2.6518 5.5199 529.3733 291.6056 379.7431 506.2416 -111.7566 0.0000 0.0000
270.03 15.07.2018 09.30.01 23.29183 298.2254 567.2734 1.5415 -2.7272 5.6916 517.1397 284.4957 381.0428 502.2703 -120.3900 0.0000 0.0000
280.03 15.07.2018 09.40.01 23.50460 298.8376 589.7023 1.6025 -2.8128 5.8870 507.6094 278.8708 382.6442 504.1315 -105.6700 0.0000 0.0000
290.03 15.07.2018 09.50.01 23.72515 299.5523 632.6534 1.7192 -2.9144 6.1781 499.3592 273.9419 384.2560 504.9146 -100.6216 0.0000 0.0000
300.03 15.07.2018 10.00.01 23.95825 299.5043 637.2734 1.7317 -3.0654 6.3961 489.5690 268.1439 385.2592 502.2824 -108.2343 0.0000 0.0000
310.03 15.07.2018 10.10.01 24.19192 299.8008 594.0173 1.6142 -3.2211 6.4470 481.2500 263.2388 386.1305 501.5579 -104.4710 0.0000 0.0000
320.03 15.07.2018 10.20.01 24.41314 300.0367 552.0845 1.5002 -3.3185 6.4250 471.5209 257.5428 386.9101 500.3378 -102.2131 0.0000 0.0000
330.03 15.07.2018 10.30.01 24.62179 300.1889 501.8962 1.3638 -3.3635 6.3031 459.7720 250.7101 387.1783 498.5125 -100.3764 0.0000 0.0000
340.03 15.07.2018 10.40.01 24.81640 300.3223 523.0463 1.4213 -3.3554 6.3690 451.6696 245.8698 387.8960 497.1419 -99.0184 0.0000 0.0000
350.03 15.07.2018 10.50.01 25.01568 300.4378 497.1109 1.3508 -3.3772 6.3040 441.3192 239.7793 388.4483 495.2089 -98.3562 0.0000 0.0000
360.03 15.07.2018 11.00.01 25.20696 300.5611 485.7419 1.3200 -3.3734 6.2578 430.6745 233.4984 388.9641 492.9202 -98.4455 0.0000 0.0000
370.03 15.07.2018 11.10.01 25.39428 300.6771 509.7174 1.3851 -3.3660 6.3348 419.5492 226.9706 389.7059 491.7617 -94.6654 0.0000 0.0000
380.03 15.07.2018 11.20.01 25.58712 300.7644 483.8067 1.3147 -3.4077 6.2965 406.6724 219.4787 390.3217 490.1403 -91.4746 0.0000 0.0000
390.03 15.07.2018 11.30.01 25.77166 300.8314 466.4807 1.2676 -3.4265 6.2588 393.6472 211.8972 390.7730 488.2697 -88.7638 0.0000 0.0000
400.03 15.07.2018 11.40.01 25.95052 300.9225 469.8226 1.2767 -3.4349 6.2821 382.5040 205.3361 391.3904 486.5965 -86.0382 0.0000 0.0000
410.03 15.07.2018 11.50.01 26.12936 300.9941 454.5810 1.2353 -3.4588 6.2588 370.5491 198.3232 391.8238 484.5751 -83.8399 0.0000 0.0000
420.03 15.07.2018 12.00.01 26.30285 301.0532 424.5253 1.1536 -3.4737 6.1698 357.3106 190.5898 392.0860 482.2132 -81.8267 0.0000 0.0000
430.03 15.07.2018 12.10.01 26.46765 301.2216 463.2741 1.2589 -3.4680 6.3025 346.4426 184.1999 392.8866 481.3491 -77.0349 0.0000 0.0000
440.03 15.07.2018 12.20.01 26.64291 301.3330 667.6681 1.8143 -3.5356 7.1332 344.3754 182.5639 393.3593 480.1285 -78.7151 0.0000 0.0000
450.03 15.07.2018 12.30.01 26.87609 301.3082 970.6191 2.6376 -3.8874 8.6999 352.0119 186.1947 393.6547 479.1870 -85.1317 0.0000 0.0000
460.03 15.07.2018 12.40.01 27.19402 301.2570 1118.7911 3.0402 -4.6443 10.2460 360.5212 190.3085 394.2538 479.0645 -88.1731 0.0000 0.0000
470.03 15.07.2018 12.50.01 27.55370 301.1515 1146.2467 3.1148 -5.5891 11.6052 366.4118 192.9919 394.5526 478.6496 -91.3666 0.0000 0.0000
480.03 15.07.2018 13.00.01 27.92211 301.1025 1185.2021 3.2207 -6.5598 13.0406 373.5827 196.3864 394.9793 478.6982 -94.3036 0.0000 0.0000
490.03 15.07.2018 13.10.01 28.30224 301.1270 1179.6018 3.2054 -7.5701 14.3674 378.3389 198.5596 395.4306 479.6169 -92.9573 0.0000 0.0000
500.03 15.07.2018 13.20.01 28.68160 301.1516 1140.1270 3.0982 -8.5565 15.5396 381.0808 199.6409 395.6045 480.2949 -91.9352 0.0000 0.0000
510.03 15.07.2018 13.30.01 29.05053 301.1202 1070.7838 2.9097 -9.4782 16.5173 381.3039 199.3576 395.3395 480.5113 -90.9909 0.0000 0.0000
520.03 15.07.2018 13.40.01 29.40063 301.1168 1050.0728 2.8535 -10.3030 17.5419 382.9163 199.8320 395.0613 480.9387 -90.0269 0.0000 0.0000
530.03 15.07.2018 13.50.01 29.74487 301.1202 1029.1060 2.7965 -11.0985 18.5267 384.4458 200.2868 394.8798 481.4683 -88.9935 0.0000 0.0000
540.03 15.07.2018 14.00.01 30.08285 301.0891 969.1475 2.6336 -11.8633 19.3291 383.7431 199.5406 394.5740 481.7079 -87.6995 0.0000 0.0000
550.03 15.07.2018 14.10.01 30.40313 301.0730 794.4255 2.1588 -12.5434 19.6028 374.6670 194.7143 395.2257 482.5853 -81.9368 0.0000 0.0000
560.03 15.07.2018 14.20.01 30.67391 301.0617 619.6735 1.6839 -12.9876 19.5619 362.2298 188.1088 395.4627 482.8923 -75.7980 0.0000 0.0000
570.03 15.07.2018 14.30.01 30.89492 301.0536 480.9206 1.3068 -13.2064 19.3509 348.7007 180.9764 395.5012 482.9490 -69.6850 0.0000 0.0000
580.03 15.07.2018 14.40.01 31.07519 301.0627 313.9979 0.8533 -13.2523 18.8074 331.5749 171.9792 395.3737 482.3622 -63.3340 0.0000 0.0000
590.03 15.07.2018 14.50.01 31.20709 301.1254 197.0848 0.5356 -13.0939 18.1726 309.7367 160.2235 395.3122 480.8417 -56.6902 0.0000 0.0000
600.03 15.07.2018 15.00.01 31.30401 301.2125 74.8547 0.2034 -12.8004 17.3384 284.7004 146.6985 395.0329 478.3173 -50.7257 0.0000 0.0000
610.03 15.07.2018 15.10.01 31.36514 301.1960 156.1230 0.4242 -12.3832 17.0766 275.3185 141.6461 393.9927 475.9506 -51.8191 0.0000 0.0000
620.03 15.07.2018 15.20.01 31.44738 301.0986 207.7799 0.5646 -12.1027 16.8898 256.8607 131.0917 393.2516 472.1996 -51.3941 0.0000 0.0000
630.03 15.07.2018 15.30.01 31.54183 300.9050 207.0393 0.5626 -11.9165 16.6389 249.6365 127.3259 392.5144 469.5372 -53.0949 0.0000 0.0000
640.03 15.07.2018 15.40.01 31.63394 300.7532 139.6005 0.3793 -11.7517 16.1747 240.1592 122.4089 391.4290 466.4786 -54.0374 0.0000 0.0000
650.03 15.07.2018 15.50.01 31.70559 300.6296 88.3643 0.2401 -11.5176 15.6769 231.0084 117.7132 390.4256 463.4593 -54.9757 0.0000 0.0000
660.03 15.07.2018 16.00.01 31.75463 300.5273 -954.0348 -2.5925 -11.2379 11.5272 211.7843 109.7288 389.2789 459.7247 -54.5664 0.0000 0.0000
670.03 15.07.2018 16.10.01 31.52007 300.3601 -418.2119 -1.1364 -9.5845 11.2641 202.7804 104.8447 387.1401 457.0805 -51.6251 0.0000 0.0000
680.03 15.07.2018 16.20.01 31.42712 300.1922 -175.2278 -0.4762 -8.7301 11.0052 194.0644 100.1303 385.0583 454.5807 -48.5888 0.0000 0.0000
690.03 15.07.2018 16.30.01 31.39858 300.0204 -69.8169 -0.1897 -8.2376 10.7305 185.4141 95.4672 382.9698 452.0966 -45.6943 0.0000 0.0000
700.03 15.07.2018 16.40.01 31.39745 299.8381 -36.0629 -0.0980 -7.9067 10.4117 167.4104 85.2387 380.7562 448.2995 -40.9204 0.0000 0.0000
710.03 15.07.2018 16.50.01 31.40453 299.6511 -32.5959 -0.0886 -7.6376 10.0654 159.0556 80.8201 378.5175 445.6998 -38.2785 0.0000 0.0000
720.03 15.07.2018 17.00.01 31.41122 299.4035 -44.3067 -0.1204 -7.3905 9.6935 150.6689 76.4018 376.2951 442.6604 -37.4028 0.0000 0.0000
730.03 15.07.2018 17.10.01 31.41308 299.1927 -54.5855 -0.1483 -7.1477 9.3325 143.6377 72.7578 374.5431 440.0177 -35.7254 0.0000 0.0000
740.03 15.07.2018 17.20.01 31.40469 298.9834 -990.5479 -2.6917 -6.9098 5.6241 127.4944 66.1720 372.8228 436.7359 -33.2643 0.0000 0.0000
750.03 15.07.2018 17.30.01 31.14172 298.7717 -529.3558 -1.4385 -5.4365 5.3307 120.5190 62.5106 371.0690 434.1006 -31.3954 0.0000 0.0000
760.03 15.07.2018 17.40.01 31.00015 298.5625 -333.3481 -0.9058 -4.6549 4.9987 112.7342 58.4514 369.3720 431.4898 -29.5550 0.0000 0.0000
770.03 15.07.2018 17.50.01 30.91009 298.3542 -251.0785 -0.6823 -4.1717 4.6526 104.1670 53.9333 367.6660 428.8175 -27.5366 0.0000 0.0000
780.03 15.07.2018 18.00.01 30.84103 298.1448 -221.4562 -0.6018 -3.8212 4.2925 96.0040 49.6686 365.9404 426.1916 -25.6651 0.0000 0.0000
790.03 15.07.2018 18.10.01 30.77847 297.6200 -249.5159 -0.6780 -3.5295 3.8020 78.3501 40.0077 364.1294 421.9969 -24.0949 0.0000 0.0000
800.03 15.07.2018 18.20.01 30.70645 297.0920 -281.8290 -0.7658 -3.2212 3.2738 67.5717 34.5007 362.0505 418.6229 -23.1089 0.0000 0.0000
810.03 15.07.2018 18.30.01 30.62365 296.5649 -304.0337 -0.8262 -2.8931 2.7559 57.0245 29.1250 360.0123 415.2372 -22.1683 0.0000 0.0000
820.03 15.07.2018 18.40.01 30.53240 296.0391 -375.2568 -1.0197 -2.5598 2.0534 42.7770 21.9434 357.9568 411.6503 -20.9508 0.0000 0.0000
830.03 15.07.2018 18.50.01 30.41946 295.5092 -425.4424 -1.1561 -2.1561 1.3333 28.1145 14.5261 355.7467 407.8372 -19.4812 0.0000 0.0000
840.03 15.07.2018 19.00.01 30.29037 294.9774 -458.6143 -1.2462 -1.7137 0.6233 13.5243 7.1434 353.5163 403.9340 -17.8694 0.0000 0.0000
850.03 15.07.2018 19.10.01 30.15066 294.3376 -335.6552 -0.9121 -1.2578 0.4609 10.3230 5.4096 351.3563 400.4143 -17.1620 0.0000 0.0000
860.03 15.07.2018 19.20.01 30.04257 293.7031 -244.2916 -0.6638 -0.9990 0.4469 8.6278 4.4674 349.6060 397.3829 -17.1650 0.0000 0.0000
870.03 15.07.2018 19.30.01 29.95785 293.0738 -225.2784 -0.6122 -0.8850 0.3638 6.9460 3.5855 347.9396 394.5164 -17.3936 0.0000 0.0000
880.03 15.07.2018 19.40.01 29.87710 292.4446 -230.6017 -0.6266 -0.8125 0.2478 4.7635 2.4662 346.3092 391.7748 -17.5687 0.0000 0.0000
890.03 15.07.2018 19.50.01 29.79379 291.8189 -238.2236 -0.6473 -0.7466 0.1324 2.7351 1.4388 344.7130 389.1502 -17.8129 0.0000 0.0000
900.03 15.07.2018 20.00.01 29.70715 291.1979 -246.5009 -0.6698 -0.6847 0.0198 0.3563 0.1989 343.1047 386.5512 -18.0411 0.0000 0.0000
910.03 15.07.2018 20.10.01 29.61727 290.7680 -229.4384 -0.6235 -0.6262 0.0036 0.0644 0.0359 341.4892 384.3585 -17.6866 0.0000 0.0000
920.03 15.07.2018 20.20.01 29.53115 290.3394 -221.9217 -0.6030 -0.6035 0.0006 0.0116 0.0065 339.9642 382.3243 -17.4954 0.0000 0.0000
930.03 15.07.2018 20.30.01 29.44601 289.9109 -221.2550 -0.6012 -0.6013 0.0001 0.0021 0.0012 338.4759 380.3854 -17.4167 0.0000 0.0000
940.03 15.07.2018 20.40.01 29.36041 289.4832 -225.1914 -0.6119 -0.6119 0.0000 0.0004 0.0002 337.0211 378.5626 -17.2343 0.0000 0.0000
950.03 15.07.2018 20.50.01 29.27291 289.0721 -230.5496 -0.6265 -0.6265 0.0000 0.0001 0.0000 335.5696 376.8176 -17.0901 0.0000 0.0000
960.03 15.07.2018 21.00.01 29.18319 288.6712 -236.9120 -0.6438 -0.6438 0.0000 0.0000 0.0000 334.1471 375.1591 -16.9350 0.0000 0.0000
970.03 15.07.2018 21.10.01 29.09100 288.4423 -242.6591 -0.6594 -0.6594 0.0000 0.0000 0.0000 332.9521 373.8867 -15.4253 0.0000 0.0000
980.03 15.07.2018 21.20.01 28.99694 288.4958 -247.3903 -0.6723 -0.6723 0.0000 0.0000 0.0000 331.7514 372.7040 -14.1948 0.0000 0.0000
990.03 15.07.2018 21.30.01 28.90115 288.3693 -251.7274 -0.6840 -0.6840 0.0000 0.0000 0.0000 330.6628 371.2307 -14.9107 0.0000 0.0000
1000.03 15.07.2018 21.40.01 28.80349 288.3004 -256.3335 -0.6966 -0.6966 0.0000 0.0000 0.0000 329.7583 370.4981 -12.5951 0.0000 0.0000
1010.03 15.07.2018 21.50.01 28.70403 287.1277 -263.3123 -0.7155 -0.7155 0.0000 0.0000 0.0000 328.2759 368.0211 -17.4873 0.0000 0.0000
1020.03 15.07.2018 22.00.01 28.59942 286.6083 -283.2205 -0.7696 -0.7696 0.0000 0.0000 0.0000 327.1253 365.5560 -21.8624 0.0000 0.0000
1030.03 15.07.2018 22.10.01 28.48647 286.4790 -303.6138 -0.8250 -0.8250 0.0000 0.0000 0.0000 326.3573 364.2770 -20.9773 0.0000 0.0000
1040.03 15.07.2018 22.20.01 28.36773 286.3604 -313.3324 -0.8514 -0.8514 0.0000 0.0000 0.0000 325.6352 363.1303 -20.1569 0.0000 0.0000
1050.03 15.07.2018 22.30.01 28.24648 286.2403 -317.1549 -0.8618 -0.8618 0.0000 0.0000 0.0000 324.9133 362.0491 -19.4592 0.0000 0.0000
1060.03 15.07.2018 22.40.01 28.12423 286.1118 -318.6720 -0.8660 -0.8660 0.0000 0.0000 0.0000 324.2101 361.0252 -18.8510 0.0000 0.0000
1070.03 15.07.2018 22.50.01 28.00155 285.9840 -319.2861 -0.8676 -0.8676 0.0000 0.0000 0.0000 323.5228 360.0498 -18.3231 0.0000 0.0000
1080.03 15.07.2018 23.00.01 27.87887 285.8534 -320.1639 -0.8700 -0.8700 0.0000 0.0000 0.0000 322.8486 359.1122 -17.8699 0.0000 0.0000
1090.03 15.07.2018 23.10.01 27.75619 285.8077 -318.4525 -0.8654 -0.8654 0.0000 0.0000 0.0000 322.5052 358.8801 -14.9404 0.0000 0.0000
1100.03 15.07.2018 23.20.01 27.63571 286.1604 -308.2779 -0.8377 -0.8377 0.0000 0.0000 0.0000 322.0300 358.7850 -11.9016 0.0000 0.0000
1110.03 15.07.2018 23.30.01 27.51940 286.2026 -299.5012 -0.8139 -0.8139 0.0000 0.0000 0.0000 321.3686 357.7526 -13.1716 0.0000 0.0000
1120.03 15.07.2018 23.40.01 27.40405 286.3949 -299.4669 -0.8138 -0.8138 0.0000 0.0000 0.0000 321.0946 357.7231 -10.3984 0.0000 0.0000
1130.03 15.07.2018 23.50.01 27.28954 285.6629 -297.7928 -0.8092 -0.8092 0.0000 0.0000 0.0000 320.6247 356.2943 -13.6665 0.0000 0.0000
1140.03 16.07.2018 00.00.01 27.17404 285.2016 -306.0813 -0.8317 -0.8317 0.0000 0.0000 0.0000 320.0305 354.6299 -17.1308 0.0000 0.0000
1150.03 16.07.2018 00.10.01 27.05410 285.2053 -317.5061 -0.8628 -0.8628 0.0000 0.0000 0.0000 319.6368 354.0354 -15.9645 0.0000 0.0000
1160.03 16.07.2018 00.20.01 26.93115 285.2177 -321.6012 -0.8739 -0.8739 0.0000 0.0000 0.0000 319.3380 353.5313 -14.9052 0.0000 0.0000
1170.03 16.07.2018 00.30.01 26.80758 285.2333 -321.6295 -0.8740 -0.8740 0.0000 0.0000 0.0000 319.0678 353.0771 -13.9501 0.0000 0.0000
1180.03 16.07.2018 00.40.01 26.68447 285.2501 -320.0052 -0.8696 -0.8696 0.0000 0.0000 0.0000 318.8139 352.6674 -13.0593 0.0000 0.0000
1190.03 16.07.2018 00.50.01 26.56213 285.2637 -317.6577 -0.8632 -0.8632 0.0000 0.0000 0.0000 318.5226 352.2713 -12.2568 0.0000 0.0000
1200.03 16.07.2018 01.00.01 26.44070 285.2821 -315.3900 -0.8570 -0.8570 0.0000 0.0000 0.0000 318.2526 351.9019 -11.5126 0.0000 0.0000
1210.03 16.07.2018 01.10.01 26.31985 285.1405 -314.2900 -0.8540 -0.8540 0.0000 0.0000 0.0000 317.8624 351.3068 -11.8345 0.0000 0.0000
1220.03 16.07.2018 01.20.01 26.19866 285.0019 -317.2564 -0.8621 -0.8621 0.0000 0.0000 0.0000 317.4643 350.6675 -12.2191 0.0000 0.0000
1230.03 16.07.2018 01.30.01 26.07592 284.8656 -322.0092 -0.8750 -0.8750 0.0000 0.0000 0.0000 317.0445 349.9986 -12.6141 0.0000 0.0000
1240.03 16.07.2018 01.40.01 25.95135 284.7552 -326.5089 -0.8873 -0.8873 0.0000 0.0000 0.0000 316.6346 349.4580 -12.4324 0.0000 0.0000
1250.03 16.07.2018 01.50.01 25.82540 284.6501 -328.7979 -0.8935 -0.8935 0.0000 0.0000 0.0000 316.2355 348.9346 -12.2374 0.0000 0.0000
1260.03 16.07.2018 02.00.01 25.69906 284.5421 -329.9642 -0.8966 -0.8967 0.0000 0.0005 0.0003 315.8320 348.4120 -12.0738 0.0000 0.0000
1270.03 16.07.2018 02.10.01 25.57281 284.5449 -324.0711 -0.8806 -0.8897 0.0121 0.3249 0.1730 315.5451 348.4267 -9.8675 0.0000 0.0000
1280.03 16.07.2018 02.20.01 25.44985 284.7122 -312.2003 -0.8484 -0.8688 0.0272 0.7006 0.3744 315.1407 348.1502 -9.1850 0.0000 0.0000
1290.03 16.07.2018 02.30.01 25.33029 284.8943 -307.4895 -0.8356 -0.8676 0.0427 1.0854 0.5808 314.7220 347.6736 -9.4644 0.0000 0.0000
1300.03 16.07.2018 02.40.01 25.21148 285.0778 -306.3238 -0.8324 -0.8762 0.0584 1.4719 0.7882 314.5621 347.9759 -6.7531 0.0000 0.0000
1310.03 16.07.2018 02.50.01 25.09432 284.1851 -302.0690 -0.8208 -0.8764 0.0741 1.8587 0.9957 314.0488 346.6787 -10.9737 0.0000 0.0000
1320.03 16.07.2018 03.00.01 24.97592 283.9340 -312.0501 -0.8480 -0.9154 0.0899 2.2485 1.2049 313.5645 345.4131 -13.9364 0.0000 0.0000
1330.03 16.07.2018 03.10.01 24.85284 284.1051 -305.4167 -0.8299 -0.9584 0.1713 4.3984 2.3515 313.4396 345.3022 -12.7384 0.0000 0.0000
1340.03 16.07.2018 03.20.01 24.73226 284.2855 -293.7387 -0.7982 -0.9998 0.2688 6.8276 3.6536 313.4722 345.3857 -11.7059 0.0000 0.0000
1350.03 16.07.2018 03.30.01 24.61599 284.4707 -282.1198 -0.7666 -1.0435 0.3691 9.3063 4.9833 313.5743 345.5830 -10.7787 0.0000 0.0000
1360.03 16.07.2018 03.40.01 24.50396 284.6560 -271.5809 -0.7380 -1.0904 0.4699 11.7941 6.3181 313.7170 345.8633 -9.9565 0.0000 0.0000
1370.03 16.07.2018 03.50.01 24.39581 284.8423 -261.9779 -0.7119 -1.1400 0.5707 14.2835 7.6538 313.8915 346.2154 -9.2110 0.0000 0.0000
1380.03 16.07.2018 04.00.01 24.29119 285.0334 -253.1191 -0.6878 -1.1915 0.6716 16.7728 8.9895 314.0935 346.6317 -8.5206 0.0000 0.0000
1390.03 16.07.2018 04.10.01 24.19018 285.8403 -243.7656 -0.6624 -1.2353 0.7638 19.0297 10.2013 315.7278 348.2940 -4.1799 0.0000 0.0000
1400.03 16.07.2018 04.20.01 24.09475 286.7870 -225.5985 -0.6130 -1.2534 0.8539 21.2497 11.3927 317.4200 349.9558 -0.7386 0.0000 0.0000
1410.03 16.07.2018 04.30.01 24.00668 287.5963 -207.2575 -0.5632 -1.2709 0.9436 23.4632 12.5804 319.0417 351.5009 1.9818 0.0000 0.0000
1420.03 16.07.2018 04.40.01 23.92462 288.3883 -193.8090 -0.5267 -1.3016 1.0332 25.6754 13.7674 320.8113 353.2439 3.7501 0.0000 0.0000
1430.03 16.07.2018 04.50.01 23.84747 289.0318 -181.7663 -0.4939 -1.3361 1.1229 82.3925 45.2240 322.5765 359.4765 0.7804 0.0000 0.0000
1440.03 16.07.2018 05.00.01 23.77484 289.8112 -135.3336 -0.3678 -1.3739 1.3416 96.1660 52.8768 325.0974 363.8334 0.9276 0.0000 0.0000
1450.03 16.07.2018 05.10.01 23.71630 290.4631 -130.3313 -0.3542 -1.4564 1.4697 382.8984 212.3150 327.0673 392.1761 -26.1470 0.0000 0.0000
1460.03 16.07.2018 05.20.01 23.66174 291.3494 68.6644 0.1866 -1.5291 2.2876 686.0497 381.0843 333.1469 432.3622 -65.2585 0.0000 0.0000
1470.03 16.07.2018 05.30.01 23.66458 292.2529 238.7984 0.6489 -1.8407 3.3195 994.2605 552.7537 341.1753 480.4939 -113.4468 0.0000 0.0000
1480.03 16.07.2018 05.40.01 23.71862 293.2427 380.4931 1.0339 -2.3301 4.4854 947.4830 526.8297 350.8813 493.7626 -135.2220 0.0000 0.0000
1490.03 16.07.2018 05.50.01 23.81588 294.0351 203.2157 0.5522 -2.9336 4.6478 880.1080 489.3046 354.1463 496.7455 -147.8642 0.0000 0.0000
1500.03 16.07.2018 06.00.01 23.86984 294.6709 79.9559 0.2173 -3.2266 4.5918 824.5741 459.0455 355.8961 497.6142 -159.3894 0.0000 0.0000
1510.03 16.07.2018 06.10.01 23.89376 295.0677 28.9318 0.0786 -3.3038 4.5099 789.9562 439.5552 357.2453 500.0702 -159.3353 0.0000 0.0000
1520.03 16.07.2018 06.20.01 23.90670 295.4472 46.9716 0.1276 -3.2739 4.5354 755.9682 420.3622 358.9482 501.6339 -157.9340 0.0000 0.0000
1530.03 16.07.2018 06.30.01 23.92776 295.8077 63.2474 0.1719 -3.2265 4.5312 721.3594 400.8182 360.4107 501.9279 -155.3396 0.0000 0.0000
1540.03 16.07.2018 06.40.01 23.95709 296.1675 103.0966 0.2802 -3.1543 4.5792 698.9840 388.0843 362.1380 502.7381 -152.8679 0.0000 0.0000
1550.03 16.07.2018 06.50.01 24.00125 296.5282 138.5625 0.3765 -3.0876 4.6188 681.8954 378.5290 363.6659 503.7248 -150.8386 0.0000 0.0000
1560.03 16.07.2018 07.00.01 24.05908 296.8882 174.3358 0.4737 -3.0203 4.6587 666.1393 369.7724 365.1769 504.4739 -148.5886 0.0000 0.0000
1570.03 16.07.2018 07.10.01 24.13043 297.1992 203.1248 0.5520 -2.9555 4.6766 656.8685 364.6260 366.8141 505.5279 -147.0572 0.0000 0.0000
1580.03 16.07.2018 07.20.01 24.21322 297.5129 244.6649 0.6649 -2.8875 4.7365 647.8096 359.5751 368.7291 506.6220 -145.2845 0.0000 0.0000
1590.03 16.07.2018 07.30.01 24.31063 297.8268 274.8538 0.7469 -2.8363 4.7775 637.7320 353.9270 370.4797 507.5195 -142.7849 0.0000 0.0000
1600.03 16.07.2018 07.40.01 24.41946 298.1585 315.0602 0.8561 -2.7903 4.8619 631.0663 350.1599 372.6209 509.1030 -139.3206 0.0000 0.0000
1610.03 16.07.2018 07.50.01 24.54186 298.4858 334.7544 0.9097 -2.7661 4.9010 622.8935 345.5230 374.4666 510.5734 -135.2285 0.0000 0.0000
1620.03 16.07.2018 08.00.01 24.67208 298.8116 351.7548 0.9559 -2.7399 4.9277 613.5711 340.2054 376.2350 511.8567 -130.9659 0.0000 0.0000
1630.03 16.07.2018 08.10.01 24.80911 299.0815 377.8381 1.0267 -2.7117 4.9846 604.8999 335.2470 377.6762 512.6622 -128.7287 0.0000 0.0000
1640.03 16.07.2018 08.20.01 24.95526 299.3601 390.6041 1.0614 -2.6954 5.0090 595.1910 329.6901 378.9148 513.2070 -126.1444 0.0000 0.0000
1650.03 16.07.2018 08.30.01 25.10662 299.6549 416.1946 1.1310 -2.6754 5.0751 585.8613 324.3295 380.3353 513.7695 -123.5071 0.0000 0.0000
1660.03 16.07.2018 08.40.01 25.26638 299.9460 423.3643 1.1504 -2.6734 5.0984 577.3577 319.4021 381.5596 514.9007 -118.1395 0.0000 0.0000
1670.03 16.07.2018 08.50.01 25.42935 300.2419 434.3302 1.1802 -2.6688 5.1321 568.6103 314.3206 382.7898 516.0271 -113.2008 0.0000 0.0000
1680.03 16.07.2018 09.00.01 25.59609 300.5606 452.2174 1.2289 -2.6663 5.1936 559.6647 309.0993 384.2150 517.0525 -108.8785 0.0000 0.0000
1690.03 16.07.2018 09.10.01 25.76882 300.8153 483.4046 1.3136 -2.6777 5.3217 549.6888 303.2453 385.3154 517.1087 -107.2211 0.0000 0.0000
1700.03 16.07.2018 09.20.01 25.95095 301.0124 509.8029 1.3853 -2.7227 5.4774 539.8992 297.4822 386.4388 516.8139 -106.2926 0.0000 0.0000
1710.03 16.07.2018 09.30.01 26.14114 301.1409 532.8173 1.4479 -2.7944 5.6563 530.4866 291.9278 387.7656 515.6086 -109.0551 0.0000 0.0000
1720.03 16.07.2018 09.40.01 26.33853 301.1936 555.0850 1.5084 -2.8877 5.8614 523.2791 287.5790 389.1592 514.5344 -110.6205 0.0000 0.0000
1730.03 16.07.2018 09.50.01 26.54296 301.2096 595.6110 1.6185 -3.0029 6.1618 517.2267 283.8513 390.6667 513.3742 -112.9016 0.0000 0.0000
1740.03 16.07.2018 10.00.01 26.75903 301.2209 598.3893 1.6261 -3.1649 6.3879 509.4699 279.1578 392.0704 511.7691 -115.2082 0.0000 0.0000
1750.03 16.07.2018 10.10.01 26.97674 301.5095 637.3123 1.7318 -3.3248 6.7421 494.4736 270.4655 393.7655 511.5487 -108.0874 0.0000 0.0000
1760.03 16.07.2018 10.20.01 27.20516 301.6831 623.3370 1.6939 -3.5344 6.9709 477.7667 260.8413 395.1733 510.2952 -103.7626 0.0000 0.0000
1770.03 16.07.2018 10.30.01 27.42965 301.7407 576.0782 1.5654 -3.7229 7.0511 458.9102 250.0393 395.8321 507.4898 -102.4583 0.0000 0.0000
1780.03 16.07.2018 10.40.01 27.64160 301.8067 605.5133 1.6454 -3.8454 7.3210 445.6935 242.3510 397.0057 505.6770 -99.5438 0.0000 0.0000
1790.03 16.07.2018 10.50.01 27.86236 301.8037 589.9954 1.6032 -4.0029 7.4749 431.1289 233.9415 398.1064 503.4533 -97.5761 0.0000 0.0000
1800.03 16.07.2018 11.00.01 28.07891 301.7798 585.3692 1.5907 -4.1424 7.6441 416.9708 225.7633 399.1390 501.1173 -96.2832 0.0000 0.0000
1810.03 16.07.2018 11.10.01 28.29305 302.1863 510.8648 1.3882 -4.2812 7.5592 411.3963 222.3225 400.0507 503.8413 -79.0573 0.0000 0.0000
1820.03 16.07.2018 11.20.01 28.48580 302.2259 470.6097 1.2788 -4.3283 7.4762 405.4573 218.6615 400.7491 502.8053 -80.6595 0.0000 0.0000
1830.03 16.07.2018 11.30.01 28.66705 302.0215 451.1919 1.2261 -4.3305 7.4087 399.2225 214.8113 400.9501 499.5978 -90.9284 0.0000 0.0000
1840.03 16.07.2018 11.40.01 28.84130 302.3338 454.7630 1.2358 -4.3217 7.4099 394.0522 211.5168 402.2107 500.8843 -80.1270 0.0000 0.0000
1850.03 16.07.2018 11.50.01 29.01498 301.8418 436.1471 1.1852 -4.3379 7.3641 387.6163 207.4984 402.8981 497.9347 -86.9995 0.0000 0.0000
1860.03 16.07.2018 12.00.01 29.18124 301.5139 400.0769 1.0872 -4.3540 7.2549 379.4455 202.4879 402.5388 493.6124 -94.9256 0.0000 0.0000
1870.03 16.07.2018 12.10.01 29.33712 301.5331 470.6813 1.2790 -4.3412 7.4936 367.5105 195.5976 402.6367 491.2117 -95.0193 0.0000 0.0000
1880.03 16.07.2018 12.20.01 29.51257 301.5725 652.8239 1.7740 -4.4403 8.2857 362.5556 192.4777 402.3995 489.4479 -95.7250 0.0000 0.0000
1890.03 16.07.2018 12.30.01 29.73937 301.6077 915.8722 2.4888 -4.7979 9.7156 366.2647 194.0751 402.0038 488.5879 -98.1118 0.0000 0.0000
1900.03 16.07.2018 12.40.01 30.03948 301.6486 1027.6272 2.7925 -5.5067 11.0655 370.3209 195.8856 401.6618 487.8747 -99.9974 0.0000 0.0000
1910.03 16.07.2018 12.50.01 30.37133 301.6877 1029.2943 2.7970 -6.3508 12.1970 371.7310 196.2733 400.9979 486.7615 -101.6482 0.0000 0.0000
1920.03 16.07.2018 13.00.01 30.70474 301.7374 1038.2970 2.8215 -7.1848 13.3417 373.9011 197.1079 400.3674 485.7521 -103.3771 0.0000 0.0000
1930.03 16.07.2018 13.10.01 31.04107 301.7107 1004.5521 2.7298 -8.0225 14.3364 372.0343 196.0560 400.4952 485.4153 -102.3491 0.0000 0.0000
1940.03 16.07.2018 13.20.01 31.36743 301.6694 859.2552 2.3349 -8.8062 14.8548 364.7911 192.1376 400.1449 484.3659 -100.0685 0.0000 0.0000
1950.03 16.07.2018 13.30.01 31.65307 301.6343 755.6236 2.0533 -9.3947 15.2640 357.7052 188.3961 399.7903 483.3562 -97.7458 0.0000 0.0000
1960.03 16.07.2018 13.40.01 31.90869 301.5997 629.4038 1.7103 -9.8509 15.4149 348.6497 183.6745 399.4343 482.2052 -94.8031 0.0000 0.0000
1970.03 16.07.2018 13.50.01 32.12753 301.5666 497.2232 1.3512 -10.1478 15.3319 337.9512 178.1437 399.0058 480.7461 -91.8080 0.0000 0.0000
1980.03 16.07.2018 14.00.01 32.30764 301.5251 351.0096 0.9538 -10.2822 14.9813 325.1411 171.5471 398.5114 478.9528 -88.5207 0.0000 0.0000
1990.03 16.07.2018 14.10.01 32.44579 301.4533 351.6007 0.9554 -10.2455 14.9346 317.2384 167.2838 397.5064 476.5567 -88.2329 0.0000 0.0000
2000.03 16.07.2018 14.20.01 32.58145 301.3837 327.9728 0.8912 -10.2353 14.8354 309.1735 162.9627 396.3854 474.1897 -87.4986 0.0000 0.0000
2010.03 16.07.2018 14.30.01 32.70901 301.3139 289.3170 0.7862 -10.2189 14.6734 300.8562 158.5376 395.3014 471.8916 -86.2041 0.0000 0.0000
2020.03 16.07.2018 14.40.01 32.82372 301.2467 223.0477 0.6061 -10.1695 14.3674 290.9908 153.3089 394.1417 469.5277 -84.0232 0.0000 0.0000
2030.03 16.07.2018 14.50.01 32.91821 301.1815 172.2285 0.4680 -10.0510 14.0253 278.8928 146.7680 393.0230 467.0247 -80.8896 0.0000 0.0000
2040.03 16.07.2018 15.00.01 32.99664 301.1128 114.5014 0.3111 -9.8850 13.5949 265.2209 139.3485 391.9158 464.4282 -77.0961 0.0000 0.0000
2050.03 16.07.2018 15.10.01 33.05856 301.0846 308.4464 0.8382 -9.6678 14.0080 263.0838 137.7256 390.4306 462.7903 -73.9548 0.0000 0.0000
2060.03 16.07.2018 15.20.01 33.17321 301.0596 434.7596 1.1814 -9.7287 14.5468 255.1669 132.5400 389.2560 460.9005 -69.0837 0.0000 0.0000
2070.03 16.07.2018 15.30.01 33.32235 301.0332 509.3607 1.3841 -9.9656 15.1330 253.9069 131.3126 388.1740 459.6608 -67.0762 0.0000 0.0000
2080.03 16.07.2018 15.40.01 33.49240 301.0088 576.6142 1.5669 -10.3034 15.8271 253.3476 130.3475 387.0279 458.6022 -64.8223 0.0000 0.0000
2090.03 16.07.2018 15.50.01 33.68136 300.9860 630.7236 1.7139 -10.7302 16.5922 253.3467 129.6639 385.9492 457.6939 -63.0571 0.0000 0.0000
2100.03 16.07.2018 16.00.01 33.87814 300.9667 -486.3563 -1.3216 -11.2263 13.2062 241.7234 125.1397 384.8658 456.1886 -59.9429 0.0000 0.0000
2110.03 16.07.2018 16.10.01 33.77126 300.8146 -234.8493 -0.6382 -10.2233 12.7802 230.0947 118.9812 383.7465 454.5087 -58.3256 0.0000 0.0000
2120.03 16.07.2018 16.20.01 33.72823 300.6612 -148.5251 -0.4036 -9.6252 12.2955 217.8830 112.5172 382.4424 452.5082 -56.1848 0.0000 0.0000
2130.03 16.07.2018 16.30.01 33.70571 300.5072 -128.7053 -0.3497 -9.1834 11.7782 205.5545 106.0078 381.0607 450.3259 -53.9346 0.0000 0.0000
2140.03 16.07.2018 16.40.01 33.68600 300.3485 -162.4571 -0.4415 -8.7998 11.1444 182.8157 93.3975 379.6132 446.9222 -49.0924 0.0000 0.0000
2150.03 16.07.2018 16.50.01 33.65466 300.1850 -201.7181 -0.5481 -8.3987 10.4674 170.2605 86.9299 378.0685 444.3939 -46.7555 0.0000 0.0000
2160.03 16.07.2018 17.00.01 33.61013 300.0250 -240.6205 -0.6539 -7.9724 9.7580 157.6526 80.4550 376.5545 441.8056 -44.2676 0.0000 0.0000
2170.03 16.07.2018 17.10.01 33.55282 299.8042 -230.0650 -0.6252 -7.5217 9.1953 147.8420 75.4187 375.1518 439.3044 -42.2151 0.0000 0.0000
2180.03 16.07.2018 17.20.01 33.49090 299.5814 -1047.8745 -2.8475 -7.1144 5.6892 130.1683 67.8851 373.7978 436.4113 -39.0931 0.0000 0.0000
2190.03 16.07.2018 17.30.01 33.20596 299.3571 -614.5168 -1.6699 -5.6368 5.2892 120.8579 63.0265 372.4232 433.8996 -36.9866 0.0000 0.0000
2200.03 16.07.2018 17.40.01 33.03497 299.1335 -440.2259 -1.1963 -4.8116 4.8205 110.0523 57.4235 371.0760 431.3474 -34.6538 0.0000 0.0000
2210.03 16.07.2018 17.50.01 32.90942 298.9104 -369.6504 -1.0045 -4.2550 4.3341 98.5388 51.4091 369.6905 428.6655 -32.0688 0.0000 0.0000
2220.03 16.07.2018 18.00.01 32.80157 298.6844 -345.5000 -0.9389 -3.8163 3.8366 87.3474 45.5964 368.2783 426.0028 -29.4610 0.0000 0.0000
2230.03 16.07.2018 18.10.01 32.69894 298.3056 -332.6492 -0.9039 -3.4308 3.3692 72.0563 37.2549 366.6516 422.6994 -25.7416 0.0000 0.0000
2240.03 16.07.2018 18.20.01 32.59808 297.9320 -337.7776 -0.9179 -3.0847 2.8891 61.8386 31.9670 364.9414 419.8078 -23.5067 0.0000 0.0000
2250.03 16.07.2018 18.30.01 32.49413 297.5929 -344.9345 -0.9373 -2.7520 2.4196 51.8414 26.8038 363.3045 416.9904 -21.2440 0.0000 0.0000
2260.03 16.07.2018 18.40.01 32.38647 297.1988 -392.2015 -1.0658 -2.4290 1.8177 39.1912 20.3453 361.6431 414.0336 -18.9026 0.0000 0.0000
2270.03 16.07.2018 18.50.01 32.26425 296.8027 -425.8045 -1.1571 -2.0605 1.2046 26.2717 13.7337 359.8652 410.9372 -16.4971 0.0000 0.0000
2280.03 16.07.2018 19.00.01 32.13116 296.4102 -448.4261 -1.2185 -1.6672 0.5982 13.3951 7.1417 358.0735 407.7657 -14.2027 0.0000 0.0000
2290.03 16.07.2018 19.10.01 31.99081 295.6469 -344.3589 -0.9358 -1.2675 0.4424 10.2144 5.4141 356.3730 404.6208 -14.3776 0.0000 0.0000
2300.03 16.07.2018 19.20.01 31.87698 294.8803 -272.3346 -0.7400 -1.0367 0.3956 8.3314 4.3828 354.8864 401.8343 -15.0188 0.0000 0.0000
2310.03 16.07.2018 19.30.01 31.78146 294.1438 -252.9608 -0.6874 -0.9233 0.3146 6.5501 3.4384 353.4681 399.1267 -15.8969 0.0000 0.0000
2320.03 16.07.2018 19.40.01 31.69018 293.4093 -253.2977 -0.6883 -0.8500 0.2156 4.4936 2.3640 352.0908 396.4915 -16.6916 0.0000 0.0000
2330.03 16.07.2018 19.50.01 31.59783 292.6707 -257.3061 -0.6992 -0.7871 0.1172 2.5262 1.3426 350.7429 393.9214 -17.5493 0.0000 0.0000
2340.03 16.07.2018 20.00.01 31.50356 291.9482 -262.7629 -0.7140 -0.7293 0.0204 0.3631 0.2025 349.4068 391.3856 -18.3647 0.0000 0.0000
2350.03 16.07.2018 20.10.01 31.40719 291.7947 -247.0981 -0.6715 -0.6742 0.0036 0.0653 0.0365 350.3186 389.8763 -18.1401 0.0000 0.0000
2360.03 16.07.2018 20.20.01 31.31457 291.6146 -237.8523 -0.6463 -0.6468 0.0007 0.0118 0.0066 351.4191 388.5108 -18.4749 0.0000 0.0000
2370.03 16.07.2018 20.30.01 31.22421 291.4440 -234.1592 -0.6363 -0.6364 0.0001 0.0021 0.0012 352.5672 387.2916 -18.9092 0.0000 0.0000
2380.03 16.07.2018 20.40.01 31.13448 291.3178 -232.9526 -0.6330 -0.6330 0.0000 0.0004 0.0002 353.7984 386.3615 -18.7413 0.0000 0.0000
2390.03 16.07.2018 20.50.01 31.04540 291.2007 -231.9026 -0.6302 -0.6302 0.0000 0.0001 0.0000 355.0541 385.5939 -18.5903 0.0000 0.0000
2400.03 16.07.2018 21.00.01 30.95660 291.0846 -230.1980 -0.6255 -0.6255 0.0000 0.0000 0.0000 356.3073 384.9532 -18.4838 0.0000 0.0000
2410.03 16.07.2018 21.10.01 30.86859 291.4527 -230.1513 -0.6254 -0.6254 0.0000 0.0000 0.0000 356.2921 384.7238 -16.3574 0.0000 0.0000
2420.03 16.07.2018 21.20.01 30.77978 291.8542 -232.4164 -0.6316 -0.6316 0.0000 0.0000 0.0000 356.3272 384.6305 -14.0444 0.0000 0.0000
2430.03 16.07.2018 21.30.01 30.68987 292.2761 -235.5023 -0.6400 -0.6400 0.0000 0.0000 0.0000 356.4089 384.6934 -11.5699 0.0000 0.0000
2440.03 16.07.2018 21.40.01 30.59887 292.7100 -238.1079 -0.6470 -0.6470 0.0000 0.0000 0.0000 356.5425 384.9095 -8.9878 0.0000 0.0000
2450.03 16.07.2018 21.50.01 30.50710 293.1536 -239.7929 -0.6516 -0.6516 0.0000 0.0000 0.0000 356.7268 385.2765 -6.2592 0.0000 0.0000
2460.03 16.07.2018 22.00.01 30.41497 293.5928 -239.6168 -0.6511 -0.6511 0.0000 0.0000 0.0000 356.9714 385.7977 -3.3824 0.0000 0.0000
2470.03 16.07.2018 22.10.01 30.32342 293.2767 -238.9560 -0.6493 -0.6493 0.0000 0.0000 0.0000 357.3206 385.5209 -5.1580 0.0000 0.0000
2480.03 16.07.2018 22.20.01 30.23226 293.3620 -234.6467 -0.6376 -0.6376 0.0000 0.0000 0.0000 357.5541 385.6782 -3.9916 0.0000 0.0000
2490.03 16.07.2018 22.30.01 30.14358 292.8381 -230.2633 -0.6257 -0.6257 0.0000 0.0000 0.0000 357.2612 384.2055 -8.6514 0.0000 0.0000
2500.03 16.07.2018 22.40.01 30.05401 292.5429 -235.4272 -0.6397 -0.6397 0.0000 0.0000 0.0000 357.3712 384.1060 -7.7436 0.0000 0.0000
2510.03 16.07.2018 22.50.01 29.96389 292.0933 -234.4940 -0.6372 -0.6372 0.0000 0.0000 0.0000 357.6405 383.5564 -9.2110 0.0000 0.0000
2520.03 16.07.2018 23.00.01 29.87258 291.6436 -243.5420 -0.6618 -0.6618 0.0000 0.0000 0.0000 357.3774 382.0581 -13.7185 0.0000 0.0000
2530.03 16.07.2018 23.10.01 29.77587 291.5471 -259.1559 -0.7042 -0.7042 0.0000 0.0000 0.0000 357.1480 381.4927 -13.4500 0.0000 0.0000
2540.03 16.07.2018 23.20.01 29.67489 291.4529 -265.5840 -0.7217 -0.7217 0.0000 0.0000 0.0000 357.0316 381.0079 -13.1966 0.0000 0.0000
2550.03 16.07.2018 23.30.01 29.57256 291.3541 -265.9060 -0.7226 -0.7226 0.0000 0.0000 0.0000 356.9511 380.5526 -13.0080 0.0000 0.0000
2560.03 16.07.2018 23.40.01 29.47091 291.2613 -264.0276 -0.7175 -0.7175 0.0000 0.0000 0.0000 356.9068 380.1474 -12.7603 0.0000 0.0000
2570.03 16.07.2018 23.50.01 29.37023 291.1630 -260.5639 -0.7081 -0.7081 0.0000 0.0000 0.0000 356.8792 379.7456 -12.6213 0.0000 0.0000
2580.03 17.07.2018 00.00.01 29.27096 291.0663 -256.5136 -0.6970 -0.6970 0.0000 0.0000 0.0000 356.8573 379.3486 -12.5478 0.0000 0.0000
2590.03 17.07.2018 00.10.01 29.17333 291.1399 -251.6691 -0.6839 -0.6839 0.0000 0.0000 0.0000 356.6417 379.1673 -11.4548 0.0000 0.0000
2600.03 17.07.2018 00.20.01 29.07800 291.2136 -245.1352 -0.6661 -0.6661 0.0000 0.0000 0.0000 356.4473 378.9937 -10.5586 0.0000 0.0000
2610.03 17.07.2018 00.30.01 28.98510 291.2850 -239.1237 -0.6498 -0.6498 0.0000 0.0000 0.0000 356.2498 378.7953 -9.9536 0.0000 0.0000
2620.03 17.07.2018 00.40.01 28.89410 291.3506 -235.8208 -0.6408 -0.6408 0.0000 0.0000 0.0000 356.0212 378.5587 -9.5682 0.0000 0.0000
2630.03 17.07.2018 00.50.01 28.80349 291.4287 -235.2240 -0.6392 -0.6392 0.0000 0.0000 0.0000 355.8098 378.3479 -9.1076 0.0000 0.0000
2640.03 17.07.2018 01.00.01 28.71285 291.5080 -236.2099 -0.6419 -0.6419 0.0000 0.0000 0.0000 355.5464 378.0860 -8.8903 0.0000 0.0000
2650.03 17.07.2018 01.10.01 28.62167 291.5426 -238.2031 -0.6473 -0.6473 0.0000 0.0000 0.0000 354.8565 378.1086 -7.4037 0.0000 0.0000
2660.03 17.07.2018 01.20.01 28.53011 291.5732 -238.9192 -0.6492 -0.6492 0.0000 0.0000 0.0000 354.0994 377.9279 -6.8001 0.0000 0.0000
2670.03 17.07.2018 01.30.01 28.43807 291.3638 -240.7663 -0.6543 -0.6543 0.0000 0.0000 0.0000 353.0080 377.1479 -8.0260 0.0000 0.0000
2680.03 17.07.2018 01.40.01 28.34533 291.3383 -241.3397 -0.6558 -0.6558 0.0000 0.0000 0.0000 352.3355 377.2013 -5.7477 0.0000 0.0000
2690.03 17.07.2018 01.50.01 28.25350 291.0520 -239.6998 -0.6514 -0.6514 0.0000 0.0000 0.0000 351.4679 376.1257 -8.3652 0.0000 0.0000
2700.03 17.07.2018 02.00.01 28.15975 290.9416 -250.0191 -0.6794 -0.6794 0.0000 0.0006 0.0003 350.2304 375.0299 -10.2034 0.0000 0.0000
2710.03 17.07.2018 02.10.01 28.06121 290.6271 -258.6222 -0.7028 -0.7133 0.0140 0.3749 0.1997 347.2963 374.0383 -10.0186 0.0000 0.0000
2720.03 17.07.2018 02.20.01 27.96035 290.3089 -261.1054 -0.7095 -0.7330 0.0314 0.8084 0.4320 344.3369 372.8114 -10.3374 0.0000 0.0000
2730.03 17.07.2018 02.30.01 27.85897 289.9894 -261.5131 -0.7106 -0.7476 0.0493 1.2524 0.6702 341.3203 371.4441 -10.8875 0.0000 0.0000
2740.03 17.07.2018 02.40.01 27.75732 289.6947 -262.0048 -0.7120 -0.7625 0.0674 1.6984 0.9095 338.4356 370.2504 -10.3785 0.0000 0.0000
2750.03 17.07.2018 02.50.01 27.65597 289.4267 -260.1938 -0.7070 -0.7712 0.0855 2.1447 1.1490 335.5877 369.0528 -9.7731 0.0000 0.0000
2760.03 17.07.2018 03.00.01 27.55578 289.1810 -255.8709 -0.6953 -0.7731 0.1037 2.5951 1.3906 332.6308 367.8862 -8.8216 0.0000 0.0000
2770.03 17.07.2018 03.10.01 27.45785 289.1816 -226.6880 -0.6160 -0.7734 0.2099 5.4033 2.8881 332.2998 367.4900 -7.6244 0.0000 0.0000
2780.03 17.07.2018 03.20.01 27.36862 289.2216 -201.7323 -0.5482 -0.8014 0.3377 8.5857 4.5939 332.2054 367.3664 -6.7846 0.0000 0.0000
2790.03 17.07.2018 03.30.01 27.28723 289.2660 -184.4463 -0.5012 -0.8530 0.4691 11.8346 6.3368 332.1748 367.2795 -6.6133 0.0000 0.0000
2800.03 17.07.2018 03.40.01 27.21090 289.2625 -174.7349 -0.4748 -0.9257 0.6012 15.0956 8.0864 332.1957 367.2264 -6.8038 0.0000 0.0000
2810.03 17.07.2018 03.50.01 27.13720 289.2589 -170.0017 -0.4620 -1.0120 0.7334 18.3587 9.8373 332.2528 367.2418 -7.0876 0.0000 0.0000
2820.03 17.07.2018 04.00.01 27.06484 289.2715 -167.5220 -0.4552 -1.1045 0.8657 21.6239 11.5892 332.3419 367.3357 -7.3756 0.0000 0.0000
2830.03 17.07.2018 04.10.01 26.99346 289.6359 -154.3634 -0.4195 -1.1956 1.0348 25.8772 13.8675 332.5174 368.0460 -5.8459 0.0000 0.0000
2840.03 17.07.2018 04.20.01 26.92663 289.9968 -140.8234 -0.3827 -1.2925 1.2131 30.2872 16.2330 332.8084 368.9107 -4.5478 0.0000 0.0000
2850.03 17.07.2018 04.30.01 26.86456 290.3569 -128.9737 -0.3505 -1.3951 1.3928 34.7252 18.6141 333.1643 369.8948 -3.3837 0.0000 0.0000
2860.03 17.07.2018 04.40.01 26.80673 290.7191 -118.6343 -0.3224 -1.5020 1.5728 39.1681 20.9979 333.5727 370.9978 -2.2685 0.0000 0.0000
2870.03 17.07.2018 04.50.01 26.75265 291.0748 -109.2365 -0.2968 -1.6115 1.7529 68.1325 37.0003 334.0185 374.2818 -3.5074 0.0000 0.0000
2880.03 17.07.2018 05.00.01 26.70211 291.4489 -84.7786 -0.2304 -1.7234 1.9907 78.8208 42.8723 334.8328 376.7578 -4.0487 0.0000 0.0000
2890.03 17.07.2018 05.10.01 26.65905 291.8100 -96.3276 -0.2618 -1.8575 2.1276 282.3105 156.0020 336.0348 397.2496 -20.9850 0.0000 0.0000
2900.03 17.07.2018 05.20.01 26.61456 292.2510 34.5185 0.0938 -1.9643 2.7441 497.2819 275.6588 340.2421 425.8636 -46.6625 0.0000 0.0000
2910.03 17.07.2018 05.30.01 26.60787 292.7495 149.0361 0.4050 -2.2276 3.5101 715.8574 397.3819 345.7608 459.8827 -78.5431 0.0000 0.0000
2920.03 17.07.2018 05.40.01 26.63580 293.2628 245.8829 0.6682 -2.6095 4.3702 708.7613 393.4892 352.3227 472.2798 -95.0736 0.0000 0.0000
2930.03 17.07.2018 05.50.01 26.69305 293.6699 137.7766 0.3744 -3.0738 4.5976 688.6274 382.2513 355.0220 478.7496 -105.0609 0.0000 0.0000
2940.03 17.07.2018 06.00.01 26.72402 294.0450 63.8477 0.1735 -3.3456 4.6922 678.3918 377.0517 356.8484 484.7909 -113.8310 0.0000 0.0000
2950.03 17.07.2018 06.10.01 26.73766 294.3194 46.1878 0.1255 -3.4802 4.8077 659.9111 366.5637 358.7035 488.9728 -116.7455 0.0000 0.0000
2960.03 17.07.2018 06.20.01 26.74920 294.5600 55.5903 0.1511 -3.5544 4.9407 640.5525 355.5356 360.4426 491.8252 -118.5632 0.0000 0.0000
2970.03 17.07.2018 06.30.01 26.76635 294.7912 65.0196 0.1767 -3.6011 5.0371 620.3794 344.0458 361.9149 493.4559 -119.3763 0.0000 0.0000
2980.03 17.07.2018 06.40.01 26.78951 295.0168 96.9242 0.2634 -3.6178 5.1749 607.5014 336.6137 363.6078 495.1719 -120.1249 0.0000 0.0000
2990.03 17.07.2018 06.50.01 26.82498 295.2419 124.8614 0.3393 -3.6332 5.2967 599.0981 331.8784 365.0708 496.9166 -121.2268 0.0000 0.0000
3000.03 17.07.2018 07.00.01 26.87173 295.4662 155.4139 0.4223 -3.6418 5.4188 591.4405 327.5899 366.4985 498.3019 -122.1194 0.0000 0.0000
3010.03 17.07.2018 07.10.01 26.93026 295.6813 166.1608 0.4515 -3.6488 5.4671 588.5384 325.9861 367.6124 499.4641 -125.3564 0.0000 0.0000
3020.03 17.07.2018 07.20.01 26.99508 295.8901 193.1045 0.5247 -3.6303 5.5401 585.6411 324.3665 368.8737 500.3630 -128.0709 0.0000 0.0000
3030.03 17.07.2018 07.30.01 27.07025 296.0928 215.3178 0.5851 -3.6113 5.5952 581.8430 322.2198 369.9326 500.8128 -130.5377 0.0000 0.0000
3040.03 17.07.2018 07.40.01 27.15432 296.2966 247.7837 0.6733 -3.5887 5.6827 579.4767 320.8547 371.2550 501.3699 -132.4938 0.0000 0.0000
3050.03 17.07.2018 07.50.01 27.24987 296.4980 266.4063 0.7239 -3.5794 5.7378 575.8979 318.7865 372.2636 501.5862 -133.6881 0.0000 0.0000
3060.03 17.07.2018 08.00.01 27.35278 296.6967 283.3683 0.7700 -3.5673 5.7831 571.3323 316.1335 373.2087 501.4884 -134.7377 0.0000 0.0000
3070.03 17.07.2018 08.10.01 27.46221 296.8248 282.1406 0.7667 -3.5543 5.7613 569.0129 314.7749 374.1059 501.2390 -136.7730 0.0000 0.0000
3080.03 17.07.2018 08.20.01 27.57287 296.9488 281.1021 0.7639 -3.5204 5.7124 565.7425 312.8662 374.8646 500.4986 -139.7572 0.0000 0.0000
3090.03 17.07.2018 08.30.01 27.68456 297.0728 295.9749 0.8043 -3.4696 5.6986 562.6622 311.0454 375.8349 499.8093 -142.3965 0.0000 0.0000
3100.03 17.07.2018 08.40.01 27.80142 297.1986 301.4708 0.8192 -3.4257 5.6599 558.7895 308.7559 376.5626 499.1163 -142.9087 0.0000 0.0000
3110.03 17.07.2018 08.50.01 27.92068 297.3210 307.2421 0.8349 -3.3780 5.6172 554.3404 306.1240 377.2255 498.0340 -144.7562 0.0000 0.0000
3120.03 17.07.2018 09.00.01 28.04232 297.4431 319.6029 0.8685 -3.3293 5.5971 549.4679 303.2225 378.1063 496.9550 -146.3010 0.0000 0.0000
3130.03 17.07.2018 09.10.01 28.16891 297.4343 477.4407 1.2974 -3.2910 6.1178 525.0891 289.2141 379.1989 494.0844 -143.4750 0.0000 0.0000
3140.03 17.07.2018 09.20.01 28.33941 297.4032 546.8929 1.4861 -3.4609 6.5961 500.3749 275.0364 379.9536 490.9614 -138.4670 0.0000 0.0000
3150.03 17.07.2018 09.30.01 28.53002 297.3847 589.5793 1.6021 -3.7151 7.0896 476.6511 261.4409 380.9441 487.7114 -134.3475 0.0000 0.0000
3160.03 17.07.2018 09.40.01 28.73324 297.3723 611.3327 1.6612 -4.0175 7.5717 458.9798 251.2123 381.7990 484.1087 -133.0386 0.0000 0.0000
3170.03 17.07.2018 09.50.01 28.94314 297.3552 645.8602 1.7551 -4.3428 8.1305 442.9708 241.9233 382.7772 480.7497 -136.5634 0.0000 0.0000
3180.03 17.07.2018 10.00.01 29.16284 297.3403 646.9888 1.7581 -4.7101 8.6243 426.4711 232.3884 383.8385 477.6453 -135.0783 0.0000 0.0000
3190.03 17.07.2018 10.10.01 29.38247 297.4012 521.8158 1.4180 -5.0735 8.6553 412.9759 224.7486 384.1545 475.1068 -130.6251 0.0000 0.0000
3200.03 17.07.2018 10.20.01 29.56786 297.4607 444.7633 1.2086 -5.2644 8.6307 398.7801 216.7307 384.3366 472.5791 -126.3833 0.0000 0.0000
3210.03 17.07.2018 10.30.01 29.73123 297.5153 376.3855 1.0228 -5.3573 8.5068 383.1489 207.9262 384.1450 469.8609 -121.9499 0.0000 0.0000
3220.03 17.07.2018 10.40.01 29.87493 297.5749 370.5309 1.0069 -5.3706 8.5032 371.0125 201.0507 384.1795 467.5577 -118.0758 0.0000 0.0000
3230.03 17.07.2018 10.50.01 30.01611 297.6289 344.0523 0.9349 -5.3874 8.4298 358.0656 193.7417 384.1390 465.2038 -114.2182 0.0000 0.0000
3240.03 17.07.2018 11.00.01 30.14828 297.6893 327.9379 0.8911 -5.3835 8.3662 345.3801 186.5809 384.0937 462.9654 -110.5408 0.0000 0.0000
3250.03 17.07.2018 11.10.01 30.27487 297.8051 335.5062 0.9117 -5.3755 8.3830 346.1863 186.7201 384.3149 462.1645 -107.8869 0.0000 0.0000
3260.03 17.07.2018 11.20.01 30.40280 297.9259 355.6484 0.9664 -5.3934 8.4798 347.9899 187.3973 384.9304 461.7180 -107.1071 0.0000 0.0000
3270.03 17.07.2018 11.30.01 30.53552 298.0464 367.4342 0.9985 -5.4510 8.5993 349.7247 188.0161 385.6654 461.1197 -107.6482 0.0000 0.0000
3280.03 17.07.2018 11.40.01 30.67083 298.1697 386.7042 1.0508 -5.5354 8.7817 352.2238 189.0331 386.5854 460.5672 -108.8745 0.0000 0.0000
3290.03 17.07.2018 11.50.01 30.81069 298.2955 376.6568 1.0235 -5.6543 8.9038 353.3146 189.2506 387.3303 460.0408 -109.1590 0.0000 0.0000
3300.03 17.07.2018 12.00.01 30.94705 298.4202 360.5182 0.9797 -5.7687 8.9978 353.3476 188.8563 387.9366 459.5421 -108.8580 0.0000 0.0000
3310.03 17.07.2018 12.10.01 31.07849 298.3996 417.0813 1.1334 -5.8766 9.3466 343.9365 183.5695 389.0493 458.9664 -108.2713 0.0000 0.0000
3320.03 17.07.2018 12.20.01 31.22476 298.3736 497.5336 1.3520 -6.0779 9.9066 337.3915 179.8431 389.6471 458.4177 -107.4649 0.0000 0.0000
3330.03 17.07.2018 12.30.01 31.39309 298.3403 611.1783 1.6608 -6.4020 10.7504 335.2493 178.5440 390.0268 458.2669 -107.2791 0.0000 0.0000
3340.03 17.07.2018 12.40.01 31.59222 298.3058 625.7838 1.7005 -6.8844 11.4466 332.6417 177.0400 390.3968 458.0292 -106.9011 0.0000 0.0000
3350.03 17.07.2018 12.50.01 31.79504 298.2657 569.7760 1.5483 -7.3860 11.9124 327.7248 174.3242 390.5083 457.4870 -105.8993 0.0000 0.0000
3360.03 17.07.2018 13.00.01 31.98193 298.2285 521.8265 1.4180 -7.8135 12.3087 322.9214 171.7282 390.6949 456.9651 -104.9155 0.0000 0.0000
3370.03 17.07.2018 13.10.01 32.15478 298.1405 476.2246 1.2941 -8.1826 12.6356 321.3781 170.6692 390.0854 455.6990 -106.2589 0.0000 0.0000
3380.03 17.07.2018 13.20.01 32.31405 298.0441 453.2596 1.2317 -8.5037 12.9805 319.8330 169.5955 389.2350 454.2097 -108.2078 0.0000 0.0000
3390.03 17.07.2018 13.30.01 32.46588 297.9453 457.0411 1.2420 -8.8085 13.4005 319.3119 169.0795 388.4654 452.7077 -110.5623 0.0000 0.0000
3400.03 17.07.2018 13.40.01 32.61779 297.8474 459.7900 1.2494 -9.1310 13.8405 319.1397 168.7329 387.7195 451.1633 -112.7909 0.0000 0.0000
3410.03 17.07.2018 13.50.01 32.76962 297.7511 461.2236 1.2533 -9.4668 14.2935 318.9976 168.3945 386.9661 449.5946 -114.8328 0.0000 0.0000
3420.03 17.07.2018 14.00.01 32.92117 297.6548 450.2835 1.2236 -9.8127 14.7151 318.2618 167.7232 386.1567 447.9636 -116.4119 0.0000 0.0000
3430.03 17.07.2018 14.10.01 33.06985 297.5315 537.5078 1.4606 -10.1535 15.4856 322.2545 169.3786 384.0632 446.3042 -118.5746 0.0000 0.0000
3440.03 17.07.2018 14.20.01 33.24255 297.4093 604.1641 1.6418 -10.6190 16.3476 326.8485 171.3257 381.8466 444.8740 -120.1528 0.0000 0.0000
3450.03 17.07.2018 14.30.01 33.43383 297.2861 661.5602 1.7977 -11.1756 17.2978 332.0632 173.5785 379.5984 443.6309 -121.5461 0.0000 0.0000
3460.03 17.07.2018 14.40.01 33.64144 297.1643 716.5338 1.9471 -11.8087 18.3411 338.0953 176.1757 377.2406 442.4619 -122.9050 0.0000 0.0000
3470.03 17.07.2018 14.50.01 33.86495 297.0441 784.5767 2.1320 -12.5133 19.5270 340.5284 176.5059 374.9858 441.0750 -123.1058 0.0000 0.0000
3480.03 17.07.2018 15.00.01 34.10793 296.9188 827.7192 2.2492 -13.3037 20.7373 338.6913 174.2566 372.7507 439.3254 -122.0203 0.0000 0.0000
3490.03 17.07.2018 15.10.01 34.36151 296.7294 533.7237 1.4503 -14.1302 20.7741 330.8561 169.9593 371.2504 437.7942 -120.7771 0.0000 0.0000
3500.03 17.07.2018 15.20.01 34.53207 296.5417 362.6837 0.9856 -14.5673 20.7372 308.2658 156.8645 369.6987 434.8438 -114.2868 0.0000 0.0000
3510.03 17.07.2018 15.30.01 34.65389 296.3503 247.5794 0.6728 -14.7891 20.6158 299.1947 151.9449 368.0730 432.8969 -111.9962 0.0000 0.0000
3520.03 17.07.2018 15.40.01 34.74178 296.1607 124.6299 0.3387 -14.8778 20.2887 287.7623 145.7832 366.1563 430.6571 -108.9691 0.0000 0.0000
3530.03 17.07.2018 15.50.01 34.79363 295.9699 45.7509 0.1243 -14.8260 19.9338 276.5121 139.7517 364.1038 428.3592 -105.7875 0.0000 0.0000
3540.03 17.07.2018 16.00.01 34.81219 295.7806 -1431.0327 -3.8887 -14.6958 14.4095 251.5507 129.3936 362.2264 425.5508 -100.0640 0.0000 0.0000
3550.03 17.07.2018 16.10.01 34.42880 295.5238 -762.4096 -2.0718 -12.6134 14.0556 241.2829 123.8996 360.0768 423.0216 -97.4045 0.0000 0.0000
3560.03 17.07.2018 16.20.01 34.22128 295.2680 -460.6845 -1.2519 -11.5390 13.7161 231.7213 118.8185 358.0200 420.5863 -94.6979 0.0000 0.0000
3570.03 17.07.2018 16.30.01 34.09313 295.0134 -332.0734 -0.9024 -10.9207 13.3578 222.3225 113.8494 356.0293 418.2049 -91.8104 0.0000 0.0000
3580.03 17.07.2018 16.40.01 33.99810 294.7575 -310.3098 -0.8432 -10.5038 12.8807 199.8927 101.2059 354.0268 414.9222 -84.1905 0.0000 0.0000
3590.03 17.07.2018 16.50.01 33.90734 294.4983 -320.4387 -0.8708 -10.1367 12.3547 190.4796 96.4094 351.9418 412.5646 -80.9536 0.0000 0.0000
3600.03 17.07.2018 17.00.01 33.81210 294.2420 -343.4221 -0.9332 -9.7757 11.7899 181.0207 91.6146 349.9232 410.2551 -77.6803 0.0000 0.0000
3610.03 17.07.2018 17.10.01 33.70867 293.9717 -395.6930 -1.0753 -9.4039 11.1049 169.5551 85.8041 348.1809 407.8989 -74.0317 0.0000 0.0000
3620.03 17.07.2018 17.20.01 33.58221 293.6995 -1511.0367 -4.1061 -8.9837 6.5035 147.0229 76.3084 346.4190 405.1007 -68.2556 0.0000 0.0000
3630.03 17.07.2018 17.30.01 33.15231 293.4259 -953.3937 -2.5907 -7.0903 5.9994 135.3745 70.2521 344.5871 402.6387 -64.2445 0.0000 0.0000
3640.03 17.07.2018 17.40.01 32.86959 293.1527 -729.8442 -1.9833 -6.0298 5.3954 120.9826 62.7685 342.7923 400.0634 -59.7267 0.0000 0.0000
3650.03 17.07.2018 17.50.01 32.64565 292.8793 -638.0477 -1.7338 -5.3075 4.7649 106.7629 55.4083 340.9370 397.4722 -55.0542 0.0000 0.0000
3660.03 17.07.2018 18.00.01 32.44531 292.6050 -603.1951 -1.6391 -4.7319 4.1237 92.4577 48.0047 339.0728 394.8510 -50.3166 0.0000 0.0000
3670.03 17.07.2018 18.10.01 32.25335 292.2801 -553.4595 -1.5040 -4.2215 3.6234 75.4544 38.6876 337.6545 391.9627 -43.7998 0.0000 0.0000
3680.03 17.07.2018 18.20.01 32.07397 291.9592 -533.0806 -1.4486 -3.7939 3.1271 65.2205 33.4291 336.2892 389.6796 -39.7542 0.0000 0.0000
3690.03 17.07.2018 18.30.01 31.89929 291.6425 -523.0905 -1.4214 -3.4067 2.6470 55.3162 28.3566 335.0146 387.4889 -36.0425 0.0000 0.0000
3700.03 17.07.2018 18.40.01 31.72607 291.3279 -566.3383 -1.5390 -3.0441 2.0069 42.2143 21.7258 333.7820 385.2394 -32.1792 0.0000 0.0000
3710.03 17.07.2018 18.50.01 31.54003 291.0094 -596.7554 -1.6216 -2.6353 1.3516 28.7541 14.8915 332.4633 382.8546 -28.2849 0.0000 0.0000
3720.03 17.07.2018 19.00.01 31.34445 290.6908 -615.2372 -1.6718 -2.2002 0.7045 15.3533 8.0855 331.1247 380.4037 -24.5586 0.0000 0.0000
3730.03 17.07.2018 19.10.01 31.14315 290.2949 -498.3450 -1.3542 -1.7589 0.5396 12.0780 6.3202 329.6215 378.0152 -23.2881 0.0000 0.0000
3740.03 17.07.2018 19.20.01 30.97247 289.9029 -405.0381 -1.1006 -1.4995 0.5318 10.1826 5.2642 328.3303 375.9103 -22.7383 0.0000 0.0000
3750.03 17.07.2018 19.30.01 30.82626 289.5109 -388.4243 -1.0555 -1.3819 0.4352 8.2492 4.2526 327.1021 373.8886 -22.3627 0.0000 0.0000
3760.03 17.07.2018 19.40.01 30.68374 289.1202 -395.2297 -1.0740 -1.2963 0.2964 5.6598 2.9266 325.9065 371.9135 -21.9952 0.0000 0.0000
3770.03 17.07.2018 19.50.01 30.53866 288.7276 -401.9168 -1.0922 -1.2108 0.1582 3.2549 1.7109 324.7094 369.9648 -21.8089 0.0000 0.0000
3780.03 17.07.2018 20.00.01 30.39095 288.3353 -407.9386 -1.1085 -1.1260 0.0234 0.4204 0.2346 323.5216 368.0131 -21.5010 0.0000 0.0000
3790.03 17.07.2018 20.10.01 30.24105 287.9310 -382.2003 -1.0386 -1.0418 0.0042 0.0760 0.0424 322.4607 366.2715 -21.3391 0.0000 0.0000
3800.03 17.07.2018 20.20.01 30.09783 287.5300 -367.1130 -0.9976 -0.9982 0.0008 0.0137 0.0077 321.4779 364.6572 -21.4060 0.0000 0.0000
3810.03 17.07.2018 20.30.01 29.95846 287.1364 -360.2676 -0.9790 -0.9791 0.0001 0.0025 0.0014 320.5433 363.1377 -21.4740 0.0000 0.0000
3820.03 17.07.2018 20.40.01 29.82079 286.7470 -358.0893 -0.9731 -0.9731 0.0000 0.0004 0.0003 319.6432 361.6823 -21.5767 0.0000 0.0000
3830.03 17.07.2018 20.50.01 29.68347 286.3613 -358.0111 -0.9729 -0.9729 0.0000 0.0001 0.0000 318.7682 360.2684 -21.7811 0.0000 0.0000
3840.03 17.07.2018 21.00.01 29.54589 285.9814 -358.9308 -0.9754 -0.9754 0.0000 0.0000 0.0000 317.9262 358.9605 -21.7584 0.0000 0.0000
3850.03 17.07.2018 21.10.01 29.40801 285.8158 -358.5281 -0.9743 -0.9743 0.0000 0.0000 0.0000 317.4941 358.0686 -20.4632 0.0000 0.0000
3860.03 17.07.2018 21.20.01 29.27111 285.7080 -354.3240 -0.9628 -0.9628 0.0000 0.0000 0.0000 317.1533 357.3202 -19.1532 0.0000 0.0000
3870.03 17.07.2018 21.30.01 29.13625 285.7894 -348.1018 -0.9459 -0.9459 0.0000 0.0000 0.0000 316.9416 356.8787 -17.2557 0.0000 0.0000
3880.03 17.07.2018 21.40.01 29.00399 285.8045 -341.0461 -0.9268 -0.9268 0.0000 0.0000 0.0000 316.6310 356.4632 -15.7452 0.0000 0.0000
3890.03 17.07.2018 21.50.01 28.87396 285.8048 -337.0709 -0.9160 -0.9160 0.0000 0.0000 0.0000 316.3185 355.9629 -14.7074 0.0000 0.0000
3900.03 17.07.2018 22.00.01 28.74487 285.8514 -335.2992 -0.9111 -0.9111 0.0000 0.0000 0.0000 316.0199 355.5032 -13.6779 0.0000 0.0000
3910.03 17.07.2018 22.10.01 28.61633 285.7913 -335.1088 -0.9106 -0.9106 0.0000 0.0000 0.0000 315.6527 354.9642 -13.1543 0.0000 0.0000
3920.03 17.07.2018 22.20.01 28.48730 285.7006 -335.4493 -0.9115 -0.9115 0.0000 0.0000 0.0000 315.2833 354.3939 -12.8104 0.0000 0.0000
3930.03 17.07.2018 22.30.01 28.35821 285.6013 -337.1125 -0.9161 -0.9161 0.0000 0.0000 0.0000 314.9167 353.8154 -12.5381 0.0000 0.0000
3940.03 17.07.2018 22.40.01 28.22833 285.5505 -338.3813 -0.9195 -0.9195 0.0000 0.0000 0.0000 314.5631 353.2740 -12.1440 0.0000 0.0000
3950.03 17.07.2018 22.50.01 28.09826 285.5086 -339.8693 -0.9236 -0.9236 0.0000 0.0000 0.0000 314.2159 352.7519 -11.7380 0.0000 0.0000
3960.03 17.07.2018 23.00.01 27.96737 285.4667 -340.0914 -0.9242 -0.9242 0.0000 0.0000 0.0000 313.8727 352.2422 -11.3464 0.0000 0.0000
3970.03 17.07.2018 23.10.01 27.83648 285.5888 -340.5025 -0.9253 -0.9253 0.0000 0.0000 0.0000 313.4964 351.8573 -10.4382 0.0000 0.0000
3980.03 17.07.2018 23.20.01 27.70556 284.6965 -341.2087 -0.9272 -0.9272 0.0000 0.0000 0.0000 312.9775 350.5122 -13.4863 0.0000 0.0000
3990.03 17.07.2018 23.30.01 27.57397 284.4831 -344.5025 -0.9361 -0.9361 0.0000 0.0000 0.0000 312.4973 349.7186 -13.8580 0.0000 0.0000
4000.03 17.07.2018 23.40.01 27.44109 284.3233 -347.3449 -0.9439 -0.9439 0.0000 0.0000 0.0000 312.0467 348.9683 -14.1386 0.0000 0.0000
4010.03 17.07.2018 23.50.01 27.30709 284.1354 -350.4886 -0.9524 -0.9524 0.0000 0.0000 0.0000 311.6004 348.2007 -14.4819 0.0000 0.0000
4020.03 18.07.2018 00.00.01 27.17193 283.9469 -353.3242 -0.9601 -0.9601 0.0000 0.0000 0.0000 311.1577 347.4369 -14.8014 0.0000 0.0000
4030.03 18.07.2018 00.10.01 27.03600 284.0121 -353.9832 -0.9619 -0.9619 0.0000 0.0000 0.0000 310.8615 347.1372 -13.3616 0.0000 0.0000
4040.03 18.07.2018 00.20.01 26.90078 283.9868 -350.6521 -0.9529 -0.9529 0.0000 0.0000 0.0000 310.5253 346.7552 -12.4576 0.0000 0.0000
4050.03 18.07.2018 00.30.01 26.76684 283.9365 -347.2462 -0.9436 -0.9436 0.0000 0.0000 0.0000 310.2146 346.3263 -11.9954 0.0000 0.0000
4060.03 18.07.2018 00.40.01 26.63397 283.8577 -346.0724 -0.9404 -0.9404 0.0000 0.0000 0.0000 309.9103 345.9057 -11.5675 0.0000 0.0000
4070.03 18.07.2018 00.50.01 26.50121 283.7768 -345.6714 -0.9393 -0.9393 0.0000 0.0000 0.0000 309.5869 345.4826 -11.1721 0.0000 0.0000
4080.03 18.07.2018 01.00.01 26.36849 283.7261 -344.8376 -0.9371 -0.9371 0.0000 0.0000 0.0000 309.2740 345.0790 -10.7887 0.0000 0.0000
4090.03 18.07.2018 01.10.01 26.23620 283.6869 -344.6115 -0.9364 -0.9364 0.0000 0.0000 0.0000 308.9225 344.5766 -10.8118 0.0000 0.0000
4100.03 18.07.2018 01.20.01 26.10345 283.5718 -346.0239 -0.9403 -0.9403 0.0000 0.0000 0.0000 308.5510 343.9573 -11.2196 0.0000 0.0000
4110.03 18.07.2018 01.30.01 25.97003 283.4908 -349.3022 -0.9492 -0.9492 0.0000 0.0000 0.0000 308.1472 343.3499 -11.4642 0.0000 0.0000
4120.03 18.07.2018 01.40.01 25.83523 283.4466 -352.2512 -0.9572 -0.9572 0.0000 0.0000 0.0000 307.7589 342.7857 -11.5239 0.0000 0.0000
4130.03 18.07.2018 01.50.01 25.69952 283.3504 -354.3785 -0.9630 -0.9630 0.0000 0.0000 0.0000 307.3790 342.1657 -11.8656 0.0000 0.0000
4140.03 18.07.2018 02.00.01 25.56310 283.2342 -356.2098 -0.9680 -0.9680 0.0000 0.0004 0.0002 306.9811 341.5001 -12.3090 0.0000 0.0000
4150.03 18.07.2018 02.10.01 25.42590 283.2551 -354.5999 -0.9636 -0.9708 0.0096 0.2582 0.1375 306.7659 341.0410 -11.9923 0.0000 0.0000
4160.03 18.07.2018 02.20.01 25.28951 283.2943 -352.8203 -0.9588 -0.9750 0.0216 0.5569 0.2976 306.5893 340.6542 -11.5998 0.0000 0.0000
4170.03 18.07.2018 02.30.01 25.15386 283.3396 -350.7362 -0.9531 -0.9786 0.0340 0.8628 0.4617 306.4331 340.3148 -11.1763 0.0000 0.0000
4180.03 18.07.2018 02.40.01 25.01913 283.3857 -348.3097 -0.9465 -0.9813 0.0464 1.1700 0.6265 306.2996 340.0176 -10.7243 0.0000 0.0000
4190.03 18.07.2018 02.50.01 24.88549 283.4366 -345.6778 -0.9393 -0.9835 0.0589 1.4775 0.7915 306.1809 339.7611 -10.2432 0.0000 0.0000
4200.03 18.07.2018 03.00.01 24.75277 283.4960 -342.4198 -0.9305 -0.9841 0.0715 1.7887 0.9585 306.0742 339.5485 -9.7107 0.0000 0.0000
4210.03 18.07.2018 03.10.01 24.62151 283.8083 -314.9492 -0.8558 -0.9816 0.1677 4.3416 2.3195 306.3537 339.9562 -7.9224 0.0000 0.0000
4220.03 18.07.2018 03.20.01 24.49886 284.1245 -290.8718 -0.7904 -1.0037 0.2844 7.2503 3.8785 306.7785 340.5481 -6.4094 0.0000 0.0000
4230.03 18.07.2018 03.30.01 24.38397 284.4451 -272.9330 -0.7417 -1.0451 0.4046 10.2221 5.4727 307.2722 341.2544 -5.0514 0.0000 0.0000
4240.03 18.07.2018 03.40.01 24.27505 284.7751 -258.8636 -0.7034 -1.0976 0.5255 13.2055 7.0734 307.8138 342.0610 -3.7886 0.0000 0.0000
4250.03 18.07.2018 03.50.01 24.17104 285.1088 -247.0308 -0.6713 -1.1561 0.6465 16.1909 8.6753 308.4048 342.9478 -2.6363 0.0000 0.0000
4260.03 18.07.2018 04.00.01 24.07128 285.4447 -236.4727 -0.6426 -1.2182 0.7675 19.1771 10.2775 309.0320 343.9015 -1.5833 0.0000 0.0000
4270.03 18.07.2018 04.10.01 23.97543 285.7812 -224.2554 -0.6094 -1.2822 0.8971 22.3958 12.0036 310.1345 344.9952 -0.7996 0.0000 0.0000
4280.03 18.07.2018 04.20.01 23.88400 286.1201 -212.6987 -0.5780 -1.3497 1.0289 25.6514 13.7503 311.2959 346.1599 -0.1573 0.0000 0.0000
4290.03 18.07.2018 04.30.01 23.79684 286.4602 -201.8539 -0.5485 -1.4193 1.1611 28.9136 15.5006 312.4888 347.3754 0.3784 0.0000 0.0000
4300.03 18.07.2018 04.40.01 23.71374 286.8008 -191.6892 -0.5209 -1.4909 1.2933 32.1770 17.2516 313.7057 348.6349 0.8290 0.0000 0.0000
4310.03 18.07.2018 04.50.01 23.63445 287.1413 -181.8332 -0.4941 -1.5633 1.4256 80.4861 44.0201 314.9416 353.4688 -3.4697 0.0000 0.0000
4320.03 18.07.2018 05.00.01 23.55914 287.5563 -142.9553 -0.3885 -1.6361 1.6635 93.6346 51.2967 316.7858 356.8734 -5.1518 0.0000 0.0000
4330.03 18.07.2018 05.10.01 23.49557 288.0318 -142.9391 -0.3884 -1.7464 1.8106 358.3863 198.5047 318.4913 382.0319 -30.8682 0.0000 0.0000
4340.03 18.07.2018 05.20.01 23.43447 288.8676 37.3218 0.1014 -1.8391 2.5874 638.1581 354.2498 323.9332 418.9294 -63.9980 0.0000 0.0000
4350.03 18.07.2018 05.30.01 23.42553 289.7045 193.0783 0.5247 -2.1452 3.5598 921.5147 512.0220 331.0724 464.2632 -102.6599 0.0000 0.0000
4360.03 18.07.2018 05.40.01 23.46392 290.4871 317.1735 0.8619 -2.6093 4.6282 879.6169 488.8356 339.7917 480.7525 -110.8318 0.0000 0.0000
4370.03 18.07.2018 05.50.01 23.54028 290.8644 164.6603 0.4474 -3.1742 4.8289 818.6534 454.8642 343.2935 487.8368 -113.2597 0.0000 0.0000
4380.03 18.07.2018 06.00.01 23.57903 291.1723 49.7400 0.1352 -3.4741 4.8124 767.8533 427.1524 345.3894 492.6799 -115.6550 0.0000 0.0000
4390.03 18.07.2018 06.10.01 23.58969 291.5464 17.0729 0.0464 -3.5733 4.8263 732.0168 406.9065 346.7156 494.9510 -118.1674 0.0000 0.0000
4400.03 18.07.2018 06.20.01 23.59475 291.8907 32.0519 0.0871 -3.5854 4.8967 697.9596 387.6852 348.0811 496.0808 -119.6350 0.0000 0.0000
4410.03 18.07.2018 06.30.01 23.60760 292.2275 68.5723 0.1863 -3.5700 5.0084 663.6435 368.2766 349.4723 495.8265 -119.7722 0.0000 0.0000
4420.03 18.07.2018 06.40.01 23.63473 292.5851 110.6707 0.3007 -3.5517 5.1366 642.8254 356.3885 351.0507 496.3179 -119.4385 0.0000 0.0000
4430.03 18.07.2018 06.50.01 23.67779 292.9255 151.6581 0.4121 -3.5355 5.2634 627.5567 347.8308 352.4725 496.9316 -119.6295 0.0000 0.0000
4440.03 18.07.2018 07.00.01 23.73647 293.2708 192.4596 0.5230 -3.5209 5.3918 612.6827 339.5094 353.8849 497.1045 -119.4508 0.0000 0.0000
4450.03 18.07.2018 07.10.01 23.81082 293.4853 270.6514 0.7355 -3.5102 5.6608 593.1922 328.5199 355.1750 495.7080 -119.4472 0.0000 0.0000
4460.03 18.07.2018 07.20.01 23.91064 293.7165 330.0560 0.8969 -3.5579 5.9397 573.3842 317.3326 356.4762 493.6846 -119.3311 0.0000 0.0000
4470.03 18.07.2018 07.30.01 24.03057 293.9465 370.0011 1.0054 -3.6403 6.1943 552.6294 305.5947 357.5534 491.1429 -118.6168 0.0000 0.0000
4480.03 18.07.2018 07.40.01 24.16497 294.2094 412.5281 1.1210 -3.7346 6.4741 540.4033 298.5914 358.7961 489.3761 -117.8920 0.0000 0.0000
4490.03 18.07.2018 07.50.01 24.31423 294.4547 446.8308 1.2142 -3.8487 6.7505 527.6622 291.2816 359.9235 487.5540 -116.9499 0.0000 0.0000
4500.03 18.07.2018 08.00.01 24.47564 294.7182 472.7704 1.2847 -3.9763 7.0147 514.1416 283.5146 361.0334 485.6748 -115.4252 0.0000 0.0000
4510.03 18.07.2018 08.10.01 24.64669 294.8382 523.9373 1.4237 -4.1111 7.3797 482.6195 265.6905 362.1853 482.0599 -111.3803 0.0000 0.0000
4520.03 18.07.2018 08.20.01 24.83358 294.9435 532.2217 1.4463 -4.2932 7.6525 449.5812 247.0262 362.8768 477.6957 -106.4052 0.0000 0.0000
4530.03 18.07.2018 08.30.01 25.02438 295.0558 543.4796 1.4768 -4.4686 7.9273 416.9265 228.5898 363.5420 473.1523 -100.9648 0.0000 0.0000
4540.03 18.07.2018 08.40.01 25.21923 295.1518 545.7101 1.4829 -4.6452 8.1708 392.8750 214.9394 363.9961 469.2137 -95.9516 0.0000 0.0000
4550.03 18.07.2018 08.50.01 25.41564 295.2539 559.3555 1.5200 -4.8160 8.4479 369.7898 201.8435 364.5559 465.4874 -91.1005 0.0000 0.0000
4560.03 18.07.2018 09.00.01 25.61639 295.3657 570.8297 1.5512 -4.9992 8.7338 347.2708 189.0793 365.1814 461.8655 -86.2756 0.0000 0.0000
4570.03 18.07.2018 09.10.01 25.82028 295.5102 518.9963 1.4103 -5.1946 8.8066 341.8378 185.9035 365.9889 460.9741 -79.3181 0.0000 0.0000
4580.03 18.07.2018 09.20.01 26.00997 295.6772 511.3748 1.3896 -5.3188 8.9445 337.6231 183.4093 367.0726 460.5684 -74.2983 0.0000 0.0000
4590.03 18.07.2018 09.30.01 26.19744 295.8168 517.5176 1.4063 -5.4369 9.1242 334.2137 181.3669 368.3109 460.0926 -71.4135 0.0000 0.0000
4600.03 18.07.2018 09.40.01 26.38613 295.8977 517.5535 1.4064 -5.5687 9.3001 331.9955 179.9841 369.6589 459.6571 -69.8308 0.0000 0.0000
4610.03 18.07.2018 09.50.01 26.57430 295.9734 521.3165 1.4166 -5.7076 9.4990 330.1556 178.8108 371.0346 459.2928 -69.1419 0.0000 0.0000
4620.03 18.07.2018 10.00.01 26.76293 296.0432 514.0700 1.3969 -5.8598 9.6756 327.9815 177.4531 372.3754 458.9053 -68.9090 0.0000 0.0000
4630.03 18.07.2018 10.10.01 26.94897 296.0796 518.4307 1.4088 -6.0109 9.8930 335.4760 181.3914 374.2742 458.3899 -74.6251 0.0000 0.0000
4640.03 18.07.2018 10.20.01 27.13549 296.1213 533.2058 1.4489 -6.1766 10.1673 343.7076 185.7290 376.3934 458.1377 -80.8300 0.0000 0.0000
4650.03 18.07.2018 10.30.01 27.32546 296.1828 529.4199 1.4386 -6.3696 10.4110 351.1633 189.6242 378.4319 457.9410 -86.8386 0.0000 0.0000
4660.03 18.07.2018 10.40.01 27.51409 296.2850 542.8774 1.4752 -6.5646 10.7197 359.1981 193.8258 380.6500 458.2647 -91.7356 0.0000 0.0000
4670.03 18.07.2018 10.50.01 27.70648 296.3390 539.1810 1.4652 -6.7810 10.9949 366.4438 197.5793 383.1660 461.1412 -88.2319 0.0000 0.0000
4680.03 18.07.2018 11.00.01 27.89794 296.4420 534.5624 1.4526 -6.9942 11.2624 373.1487 201.0162 385.4665 461.5869 -94.1820 0.0000 0.0000
4690.03 18.07.2018 11.10.01 28.08721 296.4756 471.8997 1.2823 -7.2068 11.3188 357.3931 192.3810 386.1657 461.9509 -89.9145 0.0000 0.0000
4700.03 18.07.2018 11.20.01 28.25781 296.4562 364.6019 0.9908 -7.3412 11.1092 338.0064 181.7679 386.0941 461.1701 -84.5091 0.0000 0.0000
4710.03 18.07.2018 11.30.01 28.39703 296.4956 295.6336 0.8034 -7.3434 10.8624 318.6485 171.2000 385.6049 459.9681 -79.0073 0.0000 0.0000
4720.03 18.07.2018 11.40.01 28.51595 296.5230 256.5311 0.6971 -7.2731 10.6270 301.0913 161.6477 384.9390 458.5125 -74.1358 0.0000 0.0000
4730.03 18.07.2018 11.50.01 28.62246 296.5770 223.7479 0.6080 -7.1677 10.3676 283.9158 152.3425 384.0278 457.2428 -67.0491 0.0000 0.0000
4740.03 18.07.2018 12.00.01 28.71853 296.6291 199.5655 0.5423 -7.0346 10.1026 267.4388 143.4589 383.0173 455.8681 -61.0246 0.0000 0.0000
4750.03 18.07.2018 12.10.01 28.80624 296.8113 125.5503 0.3412 -6.8810 9.6296 263.1565 140.9901 381.7734 455.0634 -54.8252 0.0000 0.0000
4760.03 18.07.2018 12.20.01 28.87304 297.4521 171.6151 0.4663 -6.6416 9.4773 262.7830 140.6245 380.9194 455.1872 -51.4580 0.0000 0.0000
4770.03 18.07.2018 12.30.01 28.95208 298.1824 256.1565 0.6961 -6.4793 9.5672 265.0287 141.6477 380.2244 455.1777 -51.7718 0.0000 0.0000
4780.03 18.07.2018 12.40.01 29.05404 298.6580 327.9155 0.8911 -6.4437 9.7798 268.2888 143.1833 379.7561 454.8151 -53.2309 0.0000 0.0000
4790.03 18.07.2018 12.50.01 29.17553 299.0266 381.0404 1.0354 -6.5125 10.0639 271.6873 144.7479 379.2977 454.4342 -55.0008 0.0000 0.0000
4800.03 18.07.2018 13.00.01 29.31194 299.3042 446.8881 1.2144 -6.6559 10.4937 276.3163 146.9423 378.9408 454.3709 -56.6421 0.0000 0.0000
4810.03 18.07.2018 13.10.01 29.46627 298.9093 430.5310 1.1699 -6.8896 10.7460 271.6990 144.4757 380.9158 456.4114 -49.7588 0.0000 0.0000
4820.03 18.07.2018 13.20.01 29.61550 298.4081 348.7823 0.9478 -7.0960 10.7251 263.5617 140.1033 382.4481 457.0845 -45.7518 0.0000 0.0000
4830.03 18.07.2018 13.30.01 29.74221 298.1685 292.2597 0.7942 -7.1903 10.6460 255.1424 135.6056 383.6465 456.5326 -48.0874 0.0000 0.0000
4840.03 18.07.2018 13.40.01 29.85125 297.6514 228.0154 0.6196 -7.2321 10.4689 245.9400 130.7142 384.7153 454.7172 -51.3056 0.0000 0.0000
4850.03 18.07.2018 13.50.01 29.94036 297.4285 164.3501 0.4466 -7.2077 10.2057 236.1233 125.5193 385.5179 452.0169 -56.9667 0.0000 0.0000
4860.03 18.07.2018 14.00.01 30.00994 297.4009 95.8816 0.2605 -7.1187 9.8390 225.4278 119.8756 385.9152 448.9398 -62.4437 0.0000 0.0000
4870.03 18.07.2018 14.10.01 30.05825 297.2618 -31.0435 -0.0844 -6.9531 9.1583 207.3016 110.2979 384.5128 446.9272 -56.7147 0.0000 0.0000
4880.03 18.07.2018 14.20.01 30.06960 297.1696 -143.1556 -0.3890 -6.6318 8.3237 187.3021 99.7125 382.7993 444.3687 -50.7752 0.0000 0.0000
4890.03 18.07.2018 14.30.01 30.04785 297.0937 -228.9745 -0.6222 -6.1814 7.4122 166.7220 88.8368 380.9203 441.3217 -45.6473 0.0000 0.0000
4900.03 18.07.2018 14.40.01 29.99981 297.0285 -314.9694 -0.8559 -5.6410 6.3801 144.8751 77.3225 378.8758 438.0102 -39.7247 0.0000 0.0000
4910.03 18.07.2018 14.50.01 29.92541 296.9722 -385.9491 -1.0488 -5.0139 5.2868 122.3921 65.4729 376.6392 434.3262 -34.0674 0.0000 0.0000
4920.03 18.07.2018 15.00.01 29.82852 296.9802 -450.4842 -1.2241 -4.3210 4.1291 100.2224 53.8585 374.2364 430.5588 -28.3638 0.0000 0.0000
4930.03 18.07.2018 15.10.01 29.71243 296.6378 -264.3531 -0.7184 -3.5917 3.8312 94.0685 50.5003 370.9962 426.9284 -28.9838 0.0000 0.0000
4940.03 18.07.2018 15.20.01 29.64587 296.3149 -147.8343 -0.4017 -3.1536 3.6691 90.2420 48.4359 368.0472 423.3476 -30.6494 0.0000 0.0000
4950.03 18.07.2018 15.30.01 29.60894 296.0136 -94.4903 -0.2568 -2.9037 3.5293 86.8269 46.6015 365.1657 419.9070 -31.7726 0.0000 0.0000
4960.03 18.07.2018 15.40.01 29.58502 295.7638 -74.6301 -0.2028 -2.7481 3.3937 83.4871 44.8092 362.2768 416.8326 -31.2497 0.0000 0.0000
4970.03 18.07.2018 15.50.01 29.56509 295.5379 -71.5025 -0.1943 -2.6385 3.2589 80.1609 43.0244 359.3780 413.8588 -30.6128 0.0000 0.0000
4980.03 18.07.2018 16.00.01 29.54455 295.3365 -76.0649 -0.2067 -2.5509 3.1256 76.8594 41.2522 356.4810 411.0131 -29.7580 0.0000 0.0000
4990.03 18.07.2018 16.10.01 29.52319 295.5705 150.5375 0.4091 -2.4684 3.8366 87.0391 46.2362 356.1547 410.5278 -26.1512 0.0000 0.0000
5000.03 18.07.2018 16.20.01 29.56509 295.8251 304.2588 0.8268 -2.6834 4.6802 98.9030 52.1306 356.4908 410.8932 -24.1323 0.0000 0.0000
5010.03 18.07.2018 16.30.01 29.65121 296.0900 402.2310 1.0930 -3.0860 5.5720 111.0530 58.1601 357.0987 411.7039 -23.0169 0.0000 0.0000
5020.03 18.07.2018 16.40.01 29.76666 296.3585 521.9133 1.4182 -3.5986 6.6892 121.5495 62.8765 357.8579 412.5145 -21.6244 0.0000 0.0000
5030.03 18.07.2018 16.50.01 29.91711 296.6225 601.3872 1.6342 -4.2516 7.8478 135.8980 69.8728 358.7595 414.0456 -21.7573 0.0000 0.0000
5040.03 18.07.2018 17.00.01 30.09142 296.8956 653.0352 1.7746 -4.9892 9.0184 150.3792 76.9417 359.7959 415.9017 -22.3394 0.0000 0.0000
5050.03 18.07.2018 17.10.01 30.27880 296.5772 238.6784 0.6486 -5.7793 8.5705 143.0286 73.3524 359.6788 415.2842 -26.7605 0.0000 0.0000
5060.03 18.07.2018 17.20.01 30.34707 296.2324 -703.6050 -1.9120 -6.0118 5.4665 126.0568 65.9944 358.6909 413.0651 -29.3440 0.0000 0.0000
5070.03 18.07.2018 17.30.01 30.15688 295.8821 -457.2362 -1.2425 -5.0094 5.0225 115.7765 60.6447 357.3212 410.7749 -31.6801 0.0000 0.0000
5080.03 18.07.2018 17.40.01 30.02813 295.5349 -386.6147 -1.0506 -4.4166 4.4881 103.1927 54.1041 355.8185 408.1420 -32.7287 0.0000 0.0000
5090.03 18.07.2018 17.50.01 29.91479 295.1915 -375.6903 -1.0209 -3.9696 3.9316 90.6198 47.5866 354.1810 405.3262 -32.9016 0.0000 0.0000
5100.03 18.07.2018 18.00.01 29.80120 294.8505 -385.9779 -1.0489 -3.5766 3.3703 78.0194 41.0560 352.4982 402.4233 -32.2576 0.0000 0.0000
5110.03 18.07.2018 18.10.01 29.68231 294.4980 -370.5188 -1.0068 -3.2020 2.9269 64.7618 33.8550 350.3402 399.5107 -28.6294 0.0000 0.0000
5120.03 18.07.2018 18.20.01 29.56552 294.1462 -371.4566 -1.0094 -2.8734 2.4853 54.9980 28.7488 348.2042 396.8737 -26.1065 0.0000 0.0000
5130.03 18.07.2018 18.30.01 29.44689 293.7945 -377.2751 -1.0252 -2.5646 2.0525 45.4087 23.7409 346.1018 394.2278 -23.6598 0.0000 0.0000
5140.03 18.07.2018 18.40.01 29.32501 293.4449 -411.9719 -1.1195 -2.2656 1.5281 33.9853 17.8389 344.0131 391.5071 -20.9691 0.0000 0.0000
5150.03 18.07.2018 18.50.01 29.19222 293.0918 -437.9224 -1.1900 -1.9365 0.9953 22.3610 11.8226 341.8781 388.6830 -18.1521 0.0000 0.0000
5160.03 18.07.2018 19.00.01 29.05084 292.7390 -456.0023 -1.2391 -1.5898 0.4676 10.7733 5.8237 339.7165 385.8227 -15.2613 0.0000 0.0000
5170.03 18.07.2018 19.10.01 28.90380 292.4996 -363.5456 -0.9879 -1.2348 0.3292 7.8905 4.2464 339.4895 383.8321 -12.8124 0.0000 0.0000
5180.03 18.07.2018 19.20.01 28.78170 292.2679 -302.1450 -0.8210 -1.0129 0.2558 6.1750 3.3204 339.6190 382.2533 -11.4273 0.0000 0.0000
5190.03 18.07.2018 19.30.01 28.67639 292.0407 -268.8863 -0.7307 -0.8762 0.1941 4.6702 2.5120 339.8684 380.8451 -10.5366 0.0000 0.0000
5200.03 18.07.2018 19.40.01 28.58019 291.8912 -252.1344 -0.6851 -0.7860 0.1345 3.2035 1.7248 340.2161 379.6594 -9.6609 0.0000 0.0000
5210.03 18.07.2018 19.50.01 28.48858 291.6499 -244.1926 -0.6636 -0.7201 0.0754 1.7437 0.9415 340.5862 378.4394 -9.4396 0.0000 0.0000
5220.03 18.07.2018 20.00.01 28.39892 291.4051 -241.0074 -0.6549 -0.6672 0.0163 0.2872 0.1600 340.9407 377.2846 -9.3572 0.0000 0.0000
5230.03 18.07.2018 20.10.01 28.31005 291.2921 -227.6223 -0.6185 -0.6207 0.0028 0.0514 0.0287 342.6184 376.7304 -8.7399 0.0000 0.0000
5240.03 18.07.2018 20.20.01 28.22497 291.1975 -217.3853 -0.5907 -0.5911 0.0005 0.0093 0.0052 344.4336 376.3653 -8.4753 0.0000 0.0000
5250.03 18.07.2018 20.30.01 28.14279 291.1064 -211.3685 -0.5744 -0.5744 0.0001 0.0017 0.0009 346.3082 376.0772 -8.5591 0.0000 0.0000
5260.03 18.07.2018 20.40.01 28.06228 291.0180 -208.5592 -0.5667 -0.5667 0.0000 0.0003 0.0002 348.2249 375.8377 -8.9349 0.0000 0.0000
5270.03 18.07.2018 20.50.01 27.98260 290.9320 -207.8407 -0.5648 -0.5648 0.0000 0.0001 0.0000 350.1746 375.6617 -9.4807 0.0000 0.0000
5280.03 18.07.2018 21.00.01 27.90292 290.8482 -208.1435 -0.5656 -0.5656 0.0000 0.0000 0.0000 352.1465 375.5410 -10.1587 0.0000 0.0000
5290.03 18.07.2018 21.10.01 27.82278 290.7693 -208.7957 -0.5674 -0.5674 0.0000 0.0000 0.0000 351.9595 375.2338 -10.2991 0.0000 0.0000
5300.03 18.07.2018 21.20.01 27.74218 290.6878 -211.2083 -0.5739 -0.5739 0.0000 0.0000 0.0000 351.6742 374.8660 -10.3521 0.0000 0.0000
5310.03 18.07.2018 21.30.01 27.66039 290.6055 -214.4892 -0.5829 -0.5829 0.0000 0.0000 0.0000 351.3785 374.4829 -10.3758 0.0000 0.0000
5320.03 18.07.2018 21.40.01 27.57739 290.5226 -217.9791 -0.5923 -0.5923 0.0000 0.0000 0.0000 351.0807 374.0882 -10.3848 0.0000 0.0000
5330.03 18.07.2018 21.50.01 27.49307 290.4401 -220.9859 -0.6005 -0.6005 0.0000 0.0000 0.0000 350.7834 373.6881 -10.3752 0.0000 0.0000
5340.03 18.07.2018 22.00.01 27.40765 290.3572 -223.6557 -0.6078 -0.6078 0.0000 0.0000 0.0000 350.4861 373.2845 -10.3522 0.0000 0.0000
5350.03 18.07.2018 22.10.01 27.32131 290.2937 -225.7883 -0.6136 -0.6136 0.0000 0.0000 0.0000 349.6349 372.8294 -10.1270 0.0000 0.0000
5360.03 18.07.2018 22.20.01 27.23419 290.2297 -228.0397 -0.6197 -0.6197 0.0000 0.0000 0.0000 348.7529 372.3419 -9.8762 0.0000 0.0000
5370.03 18.07.2018 22.30.01 27.14630 290.1660 -230.1611 -0.6254 -0.6254 0.0000 0.0000 0.0000 347.8646 371.8406 -9.5972 0.0000 0.0000
5380.03 18.07.2018 22.40.01 27.05749 290.1007 -231.6668 -0.6295 -0.6295 0.0000 0.0000 0.0000 346.9711 371.3267 -9.3036 0.0000 0.0000
5390.03 18.07.2018 22.50.01 26.96816 290.0356 -232.8390 -0.6327 -0.6327 0.0000 0.0000 0.0000 346.0753 370.8064 -8.9868 0.0000 0.0000
5400.03 18.07.2018 23.00.01 26.87844 289.9693 -233.7032 -0.6351 -0.6351 0.0000 0.0000 0.0000 345.1767 370.2783 -8.6650 0.0000 0.0000
5410.03 18.07.2018 23.10.01 26.78860 289.7863 -234.9617 -0.6385 -0.6385 0.0000 0.0000 0.0000 344.1108 369.5678 -8.9597 0.0000 0.0000
5420.03 18.07.2018 23.20.01 26.69796 289.6007 -236.2887 -0.6421 -0.6421 0.0000 0.0000 0.0000 343.0244 368.8310 -9.1493 0.0000 0.0000
5430.03 18.07.2018 23.30.01 26.60684 289.4184 -237.8126 -0.6462 -0.6462 0.0000 0.0000 0.0000 341.9285 368.0775 -9.2764 0.0000 0.0000
5440.03 18.07.2018 23.40.01 26.51528 289.2343 -239.4443 -0.6507 -0.6507 0.0000 0.0000 0.0000 340.8227 367.2980 -9.4343 0.0000 0.0000
5450.03 18.07.2018 23.50.01 26.42291 289.0533 -240.4395 -0.6534 -0.6534 0.0000 0.0000 0.0000 339.7209 366.5199 -9.4856 0.0000 0.0000
5460.03 19.07.2018 00.00.01 26.33044 288.8721 -241.9920 -0.6576 -0.6576 0.0000 0.0000 0.0000 338.6167 365.7322 -9.5095 0.0000 0.0000
5470.03 19.07.2018 00.10.01 26.23708 288.6616 -242.6048 -0.6593 -0.6593 0.0000 0.0000 0.0000 337.7470 364.9456 -9.6884 0.0000 0.0000
5480.03 19.07.2018 00.20.01 26.14370 288.4561 -243.5851 -0.6619 -0.6619 0.0000 0.0000 0.0000 336.8933 364.1827 -9.7966 0.0000 0.0000
5490.03 19.07.2018 00.30.01 26.05001 288.2543 -244.4504 -0.6643 -0.6643 0.0000 0.0000 0.0000 336.0361 363.4179 -9.8940 0.0000 0.0000
5500.03 19.07.2018 00.40.01 25.95574 288.0478 -244.6828 -0.6649 -0.6649 0.0000 0.0000 0.0000 335.1748 362.6409 -10.0171 0.0000 0.0000
5510.03 19.07.2018 00.50.01 25.86147 287.8411 -245.4850 -0.6671 -0.6671 0.0000 0.0000 0.0000 334.3126 361.8615 -10.1338 0.0000 0.0000
5520.03 19.07.2018 01.00.01 25.76718 287.6338 -246.7033 -0.6704 -0.6704 0.0000 0.0000 0.0000 333.4506 361.0804 -10.2453 0.0000 0.0000
5530.03 19.07.2018 01.10.01 25.67230 287.5367 -246.8406 -0.6708 -0.6708 0.0000 0.0000 0.0000 333.2939 360.4941 -10.0347 0.0000 0.0000
5540.03 19.07.2018 01.20.01 25.57784 287.4333 -246.6596 -0.6703 -0.6703 0.0000 0.0000 0.0000 333.1786 359.9506 -9.9134 0.0000 0.0000
5550.03 19.07.2018 01.30.01 25.48354 287.3373 -245.4402 -0.6670 -0.6670 0.0000 0.0000 0.0000 333.0688 359.4469 -9.7910 0.0000 0.0000
5560.03 19.07.2018 01.40.01 25.38970 287.2472 -243.8992 -0.6628 -0.6628 0.0000 0.0000 0.0000 332.9692 358.9931 -9.6060 0.0000 0.0000
5570.03 19.07.2018 01.50.01 25.29632 287.2404 -242.0718 -0.6578 -0.6578 0.0000 0.0000 0.0000 332.9007 358.7029 -8.9830 0.0000 0.0000
5580.03 19.07.2018 02.00.01 25.20385 287.1833 -240.7359 -0.6542 -0.6542 0.0000 0.0003 0.0002 332.8721 358.3327 -8.8019 0.0000 0.0000
5590.03 19.07.2018 02.10.01 25.11172 287.0855 -237.7269 -0.6460 -0.6514 0.0071 0.1916 0.1021 332.2190 357.8799 -8.8236 0.0000 0.0000
5600.03 19.07.2018 02.20.01 25.02001 287.0090 -237.5334 -0.6455 -0.6575 0.0160 0.4132 0.2208 331.4755 357.3661 -8.9196 0.0000 0.0000
5610.03 19.07.2018 02.30.01 24.92797 286.8918 -239.4101 -0.6506 -0.6695 0.0252 0.6401 0.3426 330.7272 356.7304 -9.3416 0.0000 0.0000
5620.03 19.07.2018 02.40.01 24.83505 286.7459 -241.8157 -0.6571 -0.6829 0.0344 0.8681 0.4649 329.9650 356.0700 -9.6938 0.0000 0.0000
5630.03 19.07.2018 02.50.01 24.74130 286.5977 -243.4204 -0.6615 -0.6942 0.0437 1.0962 0.5873 329.1559 355.3713 -10.0731 0.0000 0.0000
5640.03 19.07.2018 03.00.01 24.64700 286.4902 -244.8111 -0.6652 -0.7051 0.0531 1.3297 0.7125 328.3080 354.7006 -10.2858 0.0000 0.0000
5650.03 19.07.2018 03.10.01 24.55239 286.5155 -213.1862 -0.5793 -0.7152 0.1812 4.7430 2.5315 327.8696 354.5915 -9.8355 0.0000 0.0000
5660.03 19.07.2018 03.20.01 24.46676 286.5465 -188.3455 -0.5118 -0.7656 0.3384 8.6609 4.6313 327.6048 354.6695 -9.6644 0.0000 0.0000
5670.03 19.07.2018 03.30.01 24.38833 286.5794 -172.7978 -0.4696 -0.8449 0.5004 12.6685 6.7812 327.4121 354.8395 -9.6539 0.0000 0.0000
5680.03 19.07.2018 03.40.01 24.31469 286.6156 -162.6420 -0.4420 -0.9395 0.6634 16.6925 8.9402 327.2606 355.0858 -9.7263 0.0000 0.0000
5690.03 19.07.2018 03.50.01 24.24435 286.6523 -155.1563 -0.4216 -1.0416 0.8266 20.7194 11.1008 327.1338 355.3864 -9.8949 0.0000 0.0000
5700.03 19.07.2018 04.00.01 24.17660 286.6906 -149.0486 -0.4050 -1.1475 0.9900 24.7521 13.2646 327.0284 355.7335 -10.1406 0.0000 0.0000
5710.03 19.07.2018 04.10.01 24.11138 287.0591 -109.3612 -0.2972 -1.2525 1.2738 32.0147 17.1487 327.5588 356.8700 -9.0880 0.0000 0.0000
5720.03 19.07.2018 04.20.01 24.05847 287.4334 -74.9408 -0.2036 -1.3941 1.5873 39.7898 21.3181 328.3003 358.2884 -8.4053 0.0000 0.0000
5730.03 19.07.2018 04.30.01 24.01653 287.8102 -49.2106 -0.1337 -1.5630 1.9057 47.6559 25.5383 329.1456 359.8794 -7.9521 0.0000 0.0000
5740.03 19.07.2018 04.40.01 23.98324 288.1889 -29.1448 -0.0792 -1.7480 2.2251 55.5386 29.7677 330.0572 361.6088 -7.6773 0.0000 0.0000
5750.03 19.07.2018 04.50.01 23.95699 288.5688 -12.4087 -0.0337 -1.9422 2.5446 77.1359 41.6142 331.0204 364.6350 -8.7181 0.0000 0.0000
5760.03 19.07.2018 05.00.01 23.93679 288.9601 11.5468 0.0314 -2.1408 2.8962 88.6271 47.8582 332.2191 367.2749 -9.4736 0.0000 0.0000
5770.03 19.07.2018 05.10.01 23.92465 289.3584 24.8930 0.0676 -2.3542 3.2291 151.9752 82.9387 333.3843 374.5809 -14.5431 0.0000 0.0000
5780.03 19.07.2018 05.20.01 23.91796 289.8523 73.6297 0.2001 -2.5677 3.6903 218.5302 119.8463 335.3588 383.9314 -21.4870 0.0000 0.0000
5790.03 19.07.2018 05.30.01 23.92642 290.3287 117.4689 0.3192 -2.8266 4.1944 285.7659 157.1361 337.6858 394.4494 -29.7751 0.0000 0.0000
5800.03 19.07.2018 05.40.01 23.94875 290.8211 153.9307 0.4183 -3.1200 4.7177 272.0852 149.4030 340.2728 398.2454 -31.8470 0.0000 0.0000
5810.03 19.07.2018 05.50.01 23.98297 291.1808 122.4843 0.3328 -3.4356 5.0246 253.6973 139.0089 341.7034 399.9029 -31.9500 0.0000 0.0000
5820.03 19.07.2018 06.00.01 24.01058 291.5736 99.9257 0.2715 -3.6831 5.2729 236.6033 129.4319 342.8080 401.0680 -31.1785 0.0000 0.0000
5830.03 19.07.2018 06.10.01 24.03344 291.9568 47.8072 0.1299 -3.8775 5.3432 265.8974 145.6740 344.1465 406.2423 -31.6810 0.0000 0.0000
5840.03 19.07.2018 06.20.01 24.04376 292.5410 62.0022 0.1685 -3.9797 5.5309 297.1860 163.0243 346.1107 413.7823 -31.0183 0.0000 0.0000
5850.03 19.07.2018 06.30.01 24.05996 293.2346 89.1979 0.2424 -4.0760 5.7578 328.2935 180.2373 348.0366 419.6729 -39.3160 0.0000 0.0000
5860.03 19.07.2018 06.40.01 24.08593 294.0078 114.0028 0.3098 -4.1810 5.9877 345.2114 189.5270 350.3998 426.6545 -36.4698 0.0000 0.0000
5870.03 19.07.2018 06.50.01 24.12094 294.0063 131.4460 0.3572 -4.2902 6.1965 363.9044 199.8976 352.5271 431.5077 -43.1729 0.0000 0.0000
5880.03 19.07.2018 07.00.01 24.16281 294.0251 144.4491 0.3925 -4.3997 6.3896 382.2671 210.0831 354.5669 436.4474 -50.9439 0.0000 0.0000
5890.03 19.07.2018 07.10.01 24.21017 294.5332 190.3199 0.5172 -4.5032 6.6939 383.8469 210.8568 356.4265 440.5561 -51.3302 0.0000 0.0000
5900.03 19.07.2018 07.20.01 24.27267 295.0067 213.7415 0.5808 -4.6362 6.9560 384.4085 211.0515 357.6711 442.8476 -58.8207 0.0000 0.0000
5910.03 19.07.2018 07.30.01 24.34411 295.0169 230.7819 0.6271 -4.7709 7.1973 384.3357 210.8812 358.4374 442.9413 -70.1591 0.0000 0.0000
5920.03 19.07.2018 07.40.01 24.42233 295.3337 251.9574 0.6847 -4.9038 7.4514 386.0666 211.7077 360.7286 450.3943 -49.4405 0.0000 0.0000
5930.03 19.07.2018 07.50.01 24.50802 294.8507 267.0868 0.7258 -5.0469 7.6970 387.3642 212.2807 361.9342 449.5153 -69.2694 0.0000 0.0000
5940.03 19.07.2018 08.00.01 24.59960 294.8147 281.5052 0.7650 -5.1851 7.9335 388.1861 212.5739 361.8652 446.0542 -91.5434 0.0000 0.0000
5950.03 19.07.2018 08.10.01 24.69714 295.0330 275.4686 0.7486 -5.3167 8.0870 404.5570 221.5615 362.3545 448.2114 -92.4995 0.0000 0.0000
5960.03 19.07.2018 08.20.01 24.79498 295.2743 296.7573 0.8064 -5.4169 8.2977 421.5526 230.8808 363.3481 451.0597 -94.2381 0.0000 0.0000
5970.03 19.07.2018 08.30.01 24.90054 295.5213 324.3760 0.8815 -5.5231 8.5394 438.6813 240.2568 364.6162 454.2916 -96.4328 0.0000 0.0000
5980.03 19.07.2018 08.40.01 25.01553 295.7718 344.7563 0.9368 -5.6443 8.7748 452.3714 247.7004 365.8904 457.4712 -98.4928 0.0000 0.0000
5990.03 19.07.2018 08.50.01 25.13790 296.0227 358.4216 0.9740 -5.7715 8.9939 465.2966 254.6973 367.1531 460.6535 -100.5290 0.0000 0.0000
6000.03 19.07.2018 09.00.01 25.26571 296.2632 374.9147 1.0188 -5.8969 9.2209 477.6443 261.3428 368.4907 463.8970 -102.6886 0.0000 0.0000
6010.03 19.07.2018 09.10.01 25.39968 296.4956 406.0269 1.1033 -6.0259 9.5056 476.0293 260.2135 370.1695 466.5018 -101.0823 0.0000 0.0000
6020.03 19.07.2018 09.20.01 25.54354 296.7156 405.2676 1.1013 -6.1788 9.7067 472.8355 258.2001 371.6692 468.9128 -97.9358 0.0000 0.0000
6030.03 19.07.2018 09.30.01 25.68878 296.9078 427.0312 1.1604 -6.3131 9.9647 470.5175 256.6693 373.3318 470.8980 -97.1537 0.0000 0.0000
6040.03 19.07.2018 09.40.01 25.84124 297.1105 435.6830 1.1839 -6.4599 10.1918 468.8103 255.4691 375.0134 473.1389 -94.8781 0.0000 0.0000
6050.03 19.07.2018 09.50.01 25.99758 297.3222 459.4344 1.2485 -6.6015 10.4667 467.6200 254.5429 376.7322 475.3701 -92.8090 0.0000 0.0000
6060.03 19.07.2018 10.00.01 26.16168 297.5348 467.2962 1.2698 -6.7584 10.7043 465.5872 253.1406 378.4179 477.1774 -92.1473 0.0000 0.0000
6070.03 19.07.2018 10.10.01 26.32940 297.6167 493.1001 1.3399 -6.9115 11.0020 452.0264 245.4162 381.8529 477.3239 -92.5888 0.0000 0.0000
6080.03 19.07.2018 10.20.01 26.50509 297.8306 472.0259 1.2827 -7.0832 11.1545 436.5630 236.6596 384.6175 476.9442 -93.6825 0.0000 0.0000
6090.03 19.07.2018 10.30.01 26.67629 298.2964 444.2673 1.2072 -7.2071 11.2191 420.1602 227.4058 386.0729 477.2742 -89.0992 0.0000 0.0000
6100.03 19.07.2018 10.40.01 26.84142 298.7578 461.0518 1.2529 -7.2781 11.3746 407.7037 220.3419 387.8532 480.2204 -71.6190 0.0000 0.0000
6110.03 19.07.2018 10.50.01 27.01278 299.3658 463.7084 1.2601 -7.3531 11.4843 395.1402 213.2483 389.5182 480.8943 -67.4322 0.0000 0.0000
6120.03 19.07.2018 11.00.01 27.18588 299.4844 465.6240 1.2653 -7.4209 11.5815 382.8534 206.3314 390.8048 477.9199 -78.0877 0.0000 0.0000
6130.03 19.07.2018 11.10.01 27.35906 299.6253 342.5940 0.9310 -7.4857 11.2222 354.4890 190.8844 393.0866 479.7291 -61.7979 0.0000 0.0000
6140.03 19.07.2018 11.20.01 27.49746 299.4796 222.4901 0.6046 -7.3815 10.6481 323.4960 174.0222 394.5286 477.3193 -61.7088 0.0000 0.0000
6150.03 19.07.2018 11.30.01 27.60165 298.7192 149.1423 0.4053 -7.1306 10.0478 292.9329 157.4376 395.0062 470.5925 -72.7036 0.0000 0.0000
6160.03 19.07.2018 11.40.01 27.68267 298.4899 102.8969 0.2796 -6.8127 9.4564 264.4860 142.0500 395.5207 467.1113 -64.1758 0.0000 0.0000
6170.03 19.07.2018 11.50.01 27.74877 298.2134 64.9169 0.1764 -6.4594 8.8478 236.7358 127.0933 395.5711 461.7322 -64.0277 0.0000 0.0000
6180.03 19.07.2018 12.00.01 27.80193 298.0973 34.1757 0.0929 -6.0827 8.2341 209.9101 112.6932 395.2539 455.6397 -66.9924 0.0000 0.0000
6190.03 19.07.2018 12.10.01 27.84500 298.0361 76.6887 0.2084 -5.6925 7.8678 202.8026 108.7682 393.5153 452.1525 -63.3571 0.0000 0.0000
6200.03 19.07.2018 12.20.01 27.89855 298.0011 162.4371 0.4414 -5.3844 7.7678 199.8534 107.1374 392.3935 449.8001 -60.6844 0.0000 0.0000
6210.03 19.07.2018 12.30.01 27.97482 297.9742 219.8389 0.5974 -5.2098 7.7430 198.0577 106.1419 391.6096 447.9450 -58.5705 0.0000 0.0000
6220.03 19.07.2018 12.40.01 28.06609 297.9510 247.9360 0.6737 -5.1244 7.7309 196.4680 105.2579 390.9559 446.3793 -56.7785 0.0000 0.0000
6230.03 19.07.2018 12.50.01 28.16454 297.9310 257.7216 0.7003 -5.0872 7.7167 194.8052 104.3317 390.3532 445.0074 -55.1567 0.0000 0.0000
6240.03 19.07.2018 13.00.01 28.26498 297.9147 262.0640 0.7121 -5.0738 7.7146 193.2938 103.4855 389.7904 443.8149 -53.7630 0.0000 0.0000
6250.03 19.07.2018 13.10.01 28.36712 297.9742 439.0782 1.1931 -5.0827 8.3678 211.3742 112.8098 387.2411 443.5701 -55.3439 0.0000 0.0000
6260.03 19.07.2018 13.20.01 28.51833 298.0591 627.4433 1.7050 -5.3434 9.3979 233.8815 124.5058 385.1516 443.9405 -59.9229 0.0000 0.0000
6270.03 19.07.2018 13.30.01 28.72238 298.1551 781.6778 2.1241 -5.8590 10.6442 258.2880 137.1782 383.4017 444.8316 -65.5406 0.0000 0.0000
6280.03 19.07.2018 13.40.01 28.97057 298.2467 919.3244 2.4982 -6.5741 12.0963 284.6212 150.8064 381.8318 446.1514 -71.8066 0.0000 0.0000
6290.03 19.07.2018 13.50.01 29.25894 298.3593 1042.6198 2.8332 -7.4603 13.7247 312.0997 164.9887 380.4363 447.7889 -78.8920 0.0000 0.0000
6300.03 19.07.2018 14.00.01 29.58355 298.4764 1139.6599 3.0969 -8.4930 15.4532 339.5726 179.0952 379.0359 449.5599 -86.3653 0.0000 0.0000
6310.03 19.07.2018 14.10.01 29.93359 298.3713 746.1407 2.0276 -9.6210 15.5314 332.1356 175.3054 379.5896 449.8910 -88.2966 0.0000 0.0000
6320.03 19.07.2018 14.20.01 30.17407 298.2565 419.0236 1.1387 -10.2030 15.1222 317.6864 167.6761 379.0374 448.5133 -88.3501 0.0000 0.0000
6330.03 19.07.2018 14.30.01 30.32205 298.1319 205.4664 0.5583 -10.3591 14.5565 301.5730 159.1663 377.9706 446.5220 -87.3478 0.0000 0.0000
6340.03 19.07.2018 14.40.01 30.40777 298.0112 36.8074 0.1000 -10.2563 13.8085 283.5181 149.6622 376.6896 444.3456 -84.2328 0.0000 0.0000
6350.03 19.07.2018 14.50.01 30.44348 297.8894 -81.5054 -0.2215 -9.9604 12.9852 262.2940 138.3132 375.3176 441.7448 -79.4529 0.0000 0.0000
6360.03 19.07.2018 15.00.01 30.44317 297.7637 -185.8264 -0.5050 -9.5399 12.0466 241.7699 127.4709 373.8723 438.9416 -74.7196 0.0000 0.0000
6370.03 19.07.2018 15.10.01 30.41122 297.5903 -185.9811 -0.5054 -9.0242 11.3584 227.4877 119.9519 372.6032 436.6465 -70.3497 0.0000 0.0000
6380.03 19.07.2018 15.20.01 30.37762 297.4175 -194.6867 -0.5290 -8.5372 10.6775 210.3343 110.7047 371.4841 434.0883 -65.1410 0.0000 0.0000
6390.03 19.07.2018 15.30.01 30.33923 297.2445 -220.7997 -0.6000 -8.0672 9.9563 197.2531 103.9314 370.4012 431.8574 -61.3133 0.0000 0.0000
6400.03 19.07.2018 15.40.01 30.29119 297.0725 -287.5200 -0.7813 -7.5883 9.0760 182.6291 96.4007 369.2670 429.4834 -57.3464 0.0000 0.0000
6410.03 19.07.2018 15.50.01 30.22250 296.8992 -342.5031 -0.9307 -7.0451 8.1525 167.9506 88.8700 368.0932 427.0503 -53.3986 0.0000 0.0000
6420.03 19.07.2018 16.00.01 30.13537 296.7252 -543.4322 -1.4767 -6.4558 6.6388 151.7991 80.8995 366.9490 424.5307 -49.2280 0.0000 0.0000
6430.03 19.07.2018 16.10.01 29.99343 296.6295 -189.9130 -0.5161 -5.6247 6.8115 152.1642 80.8088 365.1916 422.6559 -47.5218 0.0000 0.0000
6440.03 19.07.2018 16.20.01 29.94650 296.5355 9.9570 0.0271 -5.3033 7.1072 154.3642 81.7264 363.7038 421.1479 -47.2754 0.0000 0.0000
6450.03 19.07.2018 16.30.01 29.95410 296.4453 115.7211 0.3145 -5.2623 7.4356 156.8843 82.8111 362.3692 419.8276 -47.4013 0.0000 0.0000
6460.03 19.07.2018 16.40.01 29.99114 296.3571 200.5694 0.5450 -5.3648 7.8797 157.0694 82.3285 361.0649 418.4381 -46.1444 0.0000 0.0000
6470.03 19.07.2018 16.50.01 30.05184 296.2671 248.9768 0.6766 -5.5798 8.3418 160.8459 83.9872 359.8000 417.3646 -46.7883 0.0000 0.0000
6480.03 19.07.2018 17.00.01 30.12634 296.1782 275.1071 0.7476 -5.8572 8.8064 164.6906 85.6864 358.5895 416.3845 -47.7081 0.0000 0.0000
6490.03 19.07.2018 17.10.01 30.20632 295.9487 -2.6981 -0.0073 -6.1688 8.2153 152.0904 79.1593 357.3763 414.8206 -45.5297 0.0000 0.0000
6500.03 19.07.2018 17.20.01 30.20571 295.7150 -689.8723 -1.8747 -6.1104 5.6477 132.1859 69.7409 355.8122 412.4883 -41.3180 0.0000 0.0000
6510.03 19.07.2018 17.30.01 30.01672 295.4808 -509.5565 -1.3847 -5.1504 5.0210 117.1295 61.7671 354.0838 410.0669 -37.7512 0.0000 0.0000
6520.03 19.07.2018 17.40.01 29.87286 295.2492 -454.8189 -1.2359 -4.4882 4.3363 100.5639 53.0093 352.3544 407.4526 -33.6297 0.0000 0.0000
6530.03 19.07.2018 17.50.01 29.74130 295.0225 -444.1512 -1.2069 -3.9344 3.6367 84.0295 44.2816 350.5597 404.7047 -29.3816 0.0000 0.0000
6540.03 19.07.2018 18.00.01 29.61031 294.8212 -449.6378 -1.2218 -3.4220 2.9335 67.4843 35.5494 348.7571 401.8580 -25.0786 0.0000 0.0000
6550.03 19.07.2018 18.10.01 29.47637 294.4688 -388.1077 -1.0546 -2.9290 2.4992 55.2271 28.8777 347.2359 398.9557 -21.9308 0.0000 0.0000
6560.03 19.07.2018 18.20.01 29.35732 294.1247 -353.0155 -0.9593 -2.5456 2.1152 46.7757 24.4514 345.8330 396.4554 -20.0406 0.0000 0.0000
6570.03 19.07.2018 18.30.01 29.24633 293.7844 -338.8902 -0.9209 -2.2307 1.7464 38.6183 20.1902 344.4956 394.0075 -18.2812 0.0000 0.0000
6580.03 19.07.2018 18.40.01 29.13772 293.4462 -359.7187 -0.9775 -1.9531 1.3007 28.9191 15.1794 343.1785 391.5092 -16.5061 0.0000 0.0000
6590.03 19.07.2018 18.50.01 29.02191 293.1069 -378.3291 -1.0281 -1.6641 0.8481 19.0516 10.0729 341.8178 388.9402 -14.6446 0.0000 0.0000
6600.03 19.07.2018 19.00.01 28.89956 292.7670 -393.3738 -1.0690 -1.3687 0.3997 9.2157 4.9814 340.4475 386.3373 -12.8026 0.0000 0.0000
6610.03 19.07.2018 19.10.01 28.77206 292.3990 -316.8289 -0.8609 -1.0724 0.2820 6.7600 3.6379 338.9296 384.0202 -11.9452 0.0000 0.0000
6620.03 19.07.2018 19.20.01 28.66415 292.0328 -270.7621 -0.7358 -0.9002 0.2192 5.2923 2.8457 337.5886 381.9605 -11.5811 0.0000 0.0000
6630.03 19.07.2018 19.30.01 28.56777 291.6670 -250.3882 -0.6804 -0.8052 0.1664 4.0029 2.1531 336.3109 379.9994 -11.4041 0.0000 0.0000
6640.03 19.07.2018 19.40.01 28.47607 291.3010 -244.3290 -0.6639 -0.7504 0.1153 2.7459 1.4784 335.0602 378.1048 -11.3382 0.0000 0.0000
6650.03 19.07.2018 19.50.01 28.38516 290.9356 -245.4450 -0.6670 -0.7154 0.0646 1.4946 0.8070 333.8274 376.2617 -11.3597 0.0000 0.0000
6660.03 19.07.2018 20.00.01 28.29305 290.5713 -250.1501 -0.6798 -0.6903 0.0140 0.2462 0.1372 332.6069 374.4615 -11.4438 0.0000 0.0000
6670.03 19.07.2018 20.10.01 28.19888 290.4013 -245.0651 -0.6659 -0.6678 0.0024 0.0441 0.0246 331.8109 373.1341 -10.4666 0.0000 0.0000
6680.03 19.07.2018 20.20.01 28.10577 290.2332 -241.4381 -0.6561 -0.6564 0.0004 0.0080 0.0045 331.1103 371.9328 -9.7609 0.0000 0.0000
6690.03 19.07.2018 20.30.01 28.01330 290.0665 -240.3084 -0.6530 -0.6531 0.0001 0.0014 0.0008 330.4505 370.8175 -9.2038 0.0000 0.0000
6700.03 19.07.2018 20.40.01 27.92083 289.8997 -241.1488 -0.6553 -0.6553 0.0000 0.0003 0.0001 329.8230 369.7726 -8.7580 0.0000 0.0000
6710.03 19.07.2018 20.50.01 27.82781 289.7338 -242.9545 -0.6602 -0.6602 0.0000 0.0000 0.0000 329.2200 368.7841 -8.4061 0.0000 0.0000
6720.03 19.07.2018 21.00.01 27.73400 289.5681 -245.4486 -0.6670 -0.6670 0.0000 0.0000 0.0000 328.6362 367.8414 -8.1341 0.0000 0.0000
6730.03 19.07.2018 21.10.01 27.63918 289.3567 -248.7476 -0.6759 -0.6759 0.0000 0.0000 0.0000 328.2799 366.8895 -8.2966 0.0000 0.0000
6740.03 19.07.2018 21.20.01 27.54284 289.1463 -252.7167 -0.6867 -0.6867 0.0000 0.0000 0.0000 327.9319 365.9653 -8.5093 0.0000 0.0000
6750.03 19.07.2018 21.30.01 27.44494 288.9370 -257.1704 -0.6988 -0.6988 0.0000 0.0000 0.0000 327.5894 365.0667 -8.7469 0.0000 0.0000
6760.03 19.07.2018 21.40.01 27.34533 288.7275 -261.6140 -0.7109 -0.7109 0.0000 0.0000 0.0000 327.2519 364.1863 -9.0202 0.0000 0.0000
6770.03 19.07.2018 21.50.01 27.24407 288.5182 -265.9411 -0.7227 -0.7227 0.0000 0.0000 0.0000 326.9205 363.3250 -9.3108 0.0000 0.0000
6780.03 19.07.2018 22.00.01 27.14114 288.3095 -269.9013 -0.7334 -0.7334 0.0000 0.0000 0.0000 326.5923 362.4782 -9.6248 0.0000 0.0000
6790.03 19.07.2018 22.10.01 27.03677 288.0993 -273.5580 -0.7434 -0.7434 0.0000 0.0000 0.0000 325.2781 361.5204 -9.7147 0.0000 0.0000
6800.03 19.07.2018 22.20.01 26.93102 287.8838 -277.1405 -0.7531 -0.7531 0.0000 0.0000 0.0000 323.9260 360.5277 -9.7476 0.0000 0.0000
6810.03 19.07.2018 22.30.01 26.82394 287.6757 -280.5876 -0.7625 -0.7625 0.0000 0.0000 0.0000 322.5660 359.5270 -9.7598 0.0000 0.0000
6820.03 19.07.2018 22.40.01 26.71554 287.4707 -283.7391 -0.7710 -0.7710 0.0000 0.0000 0.0000 321.2167 358.5297 -9.7113 0.0000 0.0000
6830.03 19.07.2018 22.50.01 26.60598 287.2713 -286.7554 -0.7792 -0.7792 0.0000 0.0000 0.0000 319.8732 357.5452 -9.5948 0.0000 0.0000
6840.03 19.07.2018 23.00.01 26.49536 287.0727 -289.5074 -0.7867 -0.7867 0.0000 0.0000 0.0000 318.5289 356.5604 -9.4598 0.0000 0.0000
6850.03 19.07.2018 23.10.01 26.38369 286.8488 -292.1606 -0.7939 -0.7939 0.0000 0.0000 0.0000 317.6746 355.6253 -9.5263 0.0000 0.0000
6860.03 19.07.2018 23.20.01 26.27096 286.6430 -294.8999 -0.8014 -0.8014 0.0000 0.0000 0.0000 316.8404 354.7369 -9.5217 0.0000 0.0000
6870.03 19.07.2018 23.30.01 26.15716 286.4459 -297.6236 -0.8088 -0.8088 0.0000 0.0000 0.0000 315.9981 353.8513 -9.5422 0.0000 0.0000
6880.03 19.07.2018 23.40.01 26.04229 286.2440 -300.4185 -0.8164 -0.8164 0.0000 0.0000 0.0000 315.1443 352.9689 -9.5780 0.0000 0.0000
6890.03 19.07.2018 23.50.01 25.92635 286.0163 -303.3540 -0.8243 -0.8243 0.0000 0.0000 0.0000 314.2798 352.0386 -9.7825 0.0000 0.0000
6900.03 20.07.2018 00.00.01 25.80935 285.7707 -306.3676 -0.8325 -0.8325 0.0000 0.0000 0.0000 313.4143 351.0754 -10.0920 0.0000 0.0000
6910.03 20.07.2018 00.10.01 25.69113 285.6142 -309.1054 -0.8400 -0.8400 0.0000 0.0000 0.0000 312.4464 350.2013 -9.9356 0.0000 0.0000
6920.03 20.07.2018 00.20.01 25.57195 285.4473 -311.4193 -0.8462 -0.8462 0.0000 0.0000 0.0000 311.4778 349.3222 -9.8295 0.0000 0.0000
6930.03 20.07.2018 00.30.01 25.45202 285.2846 -313.5987 -0.8522 -0.8522 0.0000 0.0000 0.0000 310.5092 348.4522 -9.7282 0.0000 0.0000
6940.03 20.07.2018 00.40.01 25.33117 285.1218 -315.1924 -0.8565 -0.8565 0.0000 0.0000 0.0000 309.5429 347.5887 -9.6297 0.0000 0.0000
6950.03 20.07.2018 00.50.01 25.20971 284.9632 -316.8903 -0.8611 -0.8611 0.0000 0.0000 0.0000 308.5782 346.7344 -9.5257 0.0000 0.0000
6960.03 20.07.2018 01.00.01 25.08764 284.8073 -318.7024 -0.8660 -0.8660 0.0000 0.0000 0.0000 307.6186 345.8852 -9.4349 0.0000 0.0000
6970.03 20.07.2018 01.10.01 24.96496 284.6585 -320.1364 -0.8699 -0.8699 0.0000 0.0000 0.0000 307.0284 345.1122 -9.3242 0.0000 0.0000
6980.03 20.07.2018 01.20.01 24.84210 284.5129 -320.7757 -0.8717 -0.8717 0.0000 0.0000 0.0000 306.4728 344.3679 -9.2475 0.0000 0.0000
6990.03 20.07.2018 01.30.01 24.71917 284.3694 -320.7158 -0.8715 -0.8715 0.0000 0.0000 0.0000 305.9326 343.6411 -9.1912 0.0000 0.0000
7000.03 20.07.2018 01.40.01 24.59643 284.2229 -320.5169 -0.8710 -0.8710 0.0000 0.0000 0.0000 305.4010 342.9243 -9.1697 0.0000 0.0000
7010.03 20.07.2018 01.50.01 24.47375 284.0744 -320.0754 -0.8698 -0.8698 0.0000 0.0000 0.0000 304.8824 342.2181 -9.1677 0.0000 0.0000
7020.03 20.07.2018 02.00.01 24.35107 283.9251 -319.2642 -0.8676 -0.8676 0.0000 0.0004 0.0002 304.3675 341.5212 -9.1822 0.0000 0.0000
7030.03 20.07.2018 02.10.01 24.22842 283.7951 -316.3607 -0.8597 -0.8657 0.0081 0.2166 0.1154 304.2090 340.9244 -9.1842 0.0000 0.0000
7040.03 20.07.2018 02.20.01 24.10668 283.6776 -315.2235 -0.8566 -0.8702 0.0181 0.4671 0.2496 304.0711 340.3704 -9.2085 0.0000 0.0000
7050.03 20.07.2018 02.30.01 23.98513 283.5610 -314.7087 -0.8552 -0.8766 0.0285 0.7236 0.3872 303.9397 339.8362 -9.2678 0.0000 0.0000
7060.03 20.07.2018 02.40.01 23.86367 283.4430 -314.6135 -0.8549 -0.8841 0.0389 0.9813 0.5255 303.8063 339.3152 -9.3646 0.0000 0.0000
7070.03 20.07.2018 02.50.01 23.74221 283.3230 -314.7543 -0.8553 -0.8923 0.0494 1.2392 0.6639 303.6789 338.8044 -9.4952 0.0000 0.0000
7080.03 20.07.2018 03.00.01 23.62072 283.2006 -314.9494 -0.8558 -0.9008 0.0600 1.5017 0.8047 303.5488 338.2994 -9.6626 0.0000 0.0000
7090.03 20.07.2018 03.10.01 23.49935 283.2542 -285.7092 -0.7764 -0.9067 0.1737 4.5290 2.4182 303.2504 338.2162 -9.0674 0.0000 0.0000
7100.03 20.07.2018 03.20.01 23.38668 283.3041 -261.4085 -0.7103 -0.9450 0.3128 7.9950 4.2758 303.0749 338.2827 -8.7222 0.0000 0.0000
7110.03 20.07.2018 03.30.01 23.28146 283.3508 -244.8817 -0.6654 -1.0076 0.4562 11.5390 6.1770 302.9572 338.4277 -8.5386 0.0000 0.0000
7120.03 20.07.2018 03.40.01 23.18154 283.4020 -233.1778 -0.6336 -1.0839 0.6003 15.0971 8.0861 302.8814 338.6408 -8.4421 0.0000 0.0000
7130.03 20.07.2018 03.50.01 23.08553 283.4616 -224.1405 -0.6091 -1.1675 0.7446 18.6578 9.9966 302.8342 338.9146 -8.4038 0.0000 0.0000
7140.03 20.07.2018 04.00.01 22.99267 283.5138 -216.5976 -0.5886 -1.2552 0.8889 22.2186 11.9071 302.8035 339.2245 -8.4626 0.0000 0.0000
7150.03 20.07.2018 04.10.01 22.90255 283.8684 -211.8824 -0.5758 -1.3432 1.0232 25.5137 13.6762 303.2602 340.0062 -6.9362 0.0000 0.0000
7160.03 20.07.2018 04.20.01 22.81487 284.2292 -204.8454 -0.5566 -1.4230 1.1552 28.7667 15.4218 303.7938 340.8769 -5.6022 0.0000 0.0000
7170.03 20.07.2018 04.30.01 22.73031 284.5860 -196.3201 -0.5335 -1.4985 1.2867 32.0122 17.1632 304.3650 341.8161 -4.4213 0.0000 0.0000
7180.03 20.07.2018 04.40.01 22.64916 284.9371 -187.2314 -0.5088 -1.5724 1.4182 35.2563 18.9039 304.9719 342.8159 -3.3714 0.0000 0.0000
7190.03 20.07.2018 04.50.01 22.57150 285.2871 -177.9274 -0.4835 -1.6457 1.5496 38.5002 20.6444 305.6056 343.8740 -2.4128 0.0000 0.0000
