# simtime date time IndoorTemp Av_Tair_at_facade Energyflux.toIndoor.sum  Energyflux.toIndoor.average Energyflux.Conduction.average Energyflux.SW.transmission.average Shortwave.availabe Shortwave.absorbed Longwave.available Longwave.emittedFacade Sensible.outside Vapour.fromGreening Vapour.fromSubstrate
10.02 15.07.2018 05.10.00 19.92330 288.7635 212.2666 0.6030 -0.6176 1.6276 235.1408 118.2756 323.2419 371.2695 -17.0011 0.0000 0.0000
20.02 15.07.2018 05.20.00 19.97067 289.4562 339.9311 0.9657 -1.1563 2.8294 412.4231 207.1234 326.9683 382.3635 -28.4369 0.0000 0.0000
30.03 15.07.2018 05.30.01 20.06313 290.0082 490.1418 1.3924 -1.8052 4.2635 709.8841 367.9088 332.6640 418.3343 -62.2263 0.0000 0.0000
40.03 15.07.2018 05.40.01 20.21212 290.7088 635.3266 1.8049 -2.5984 5.8711 677.8888 351.4616 339.9549 434.8572 -74.7840 0.0000 0.0000
50.03 15.07.2018 05.50.01 20.40621 291.2985 376.0538 1.0683 -3.4880 6.0751 632.5420 328.0890 343.1728 443.8039 -79.8424 0.0000 0.0000
60.03 15.07.2018 06.00.01 20.52734 291.8284 193.2223 0.5489 -3.9271 5.9680 583.4055 302.6760 344.9781 448.4759 -84.3677 0.0000 0.0000
70.03 15.07.2018 06.10.01 20.59600 292.1497 111.4741 0.3167 -4.0711 5.8504 561.3428 291.2718 346.2269 452.3317 -87.9292 0.0000 0.0000
80.03 15.07.2018 06.20.01 20.64163 292.4910 112.4815 0.3195 -4.0876 5.8762 540.6617 280.5863 347.7473 455.3055 -91.1233 0.0000 0.0000
90.03 15.07.2018 06.30.01 20.82800 292.7907 9020.5225 25.6265 -4.7459 40.4965 598.5165 290.9213 349.0292 461.8936 -98.6547 0.0000 0.0000
100.03 15.07.2018 06.40.01 23.54153 293.1097 4124.5151 11.7174 -17.7649 39.3097 583.3854 283.7737 350.4378 463.6299 -100.5194 0.0000 0.0000
110.03 15.07.2018 06.50.01 24.83578 293.3982 1935.9373 5.4998 -23.0504 38.0670 568.0872 276.5689 351.7589 464.6534 -102.4400 0.0000 0.0000
120.03 15.07.2018 07.00.01 25.48547 293.6789 915.0615 2.5996 -24.9796 36.7723 552.4905 269.2228 353.0566 465.0417 -104.0432 0.0000 0.0000
130.03 15.07.2018 07.10.01 25.83044 293.9900 508.9454 1.4459 -25.4125 35.8111 542.0916 264.3548 354.5669 466.1600 -102.4096 0.0000 0.0000
140.03 15.07.2018 07.20.01 26.04992 294.3181 304.4635 0.8650 -25.2922 34.8761 532.1040 259.7124 356.3180 467.2793 -100.5579 0.0000 0.0000
150.03 15.07.2018 07.30.01 26.20367 294.6421 174.6721 0.4962 -24.9186 33.8865 585.1528 292.9337 358.0274 477.6407 -108.7209 0.0000 0.0000
160.03 15.07.2018 07.40.01 26.31555 295.0077 150.7720 0.4283 -24.4015 33.1064 575.9933 288.4629 359.9538 479.5327 -106.1675 0.0000 0.0000
170.03 15.07.2018 07.50.01 26.41656 295.3113 102.3851 0.2909 -23.8864 32.2364 566.1892 283.6749 361.7265 481.0375 -103.6971 0.0000 0.0000
180.03 15.07.2018 08.00.01 26.50024 295.6002 58.6149 0.1665 -23.3319 31.3312 559.1690 280.5838 363.4978 482.7604 -101.5341 0.0000 0.0000
190.03 15.07.2018 08.10.01 26.56817 295.7607 14.4125 0.0409 -22.7404 30.3751 548.6483 275.4713 365.4320 485.5355 -93.1489 0.0000 0.0000
200.03 15.07.2018 08.20.01 26.71264 296.0778 5833.1943 16.5716 -22.5349 52.1420 589.7627 284.1969 367.0545 489.8212 -93.5275 0.0000 0.0000
210.03 15.07.2018 08.30.01 28.50408 296.8238 2520.9443 7.1618 -30.4193 50.1081 576.7133 278.3795 368.4213 489.1301 -95.6328 0.0000 0.0000
220.03 15.07.2018 08.40.01 29.33343 296.7445 1071.1311 3.0430 -33.1068 48.1997 565.3597 273.3349 369.7274 488.8057 -93.1980 0.0000 0.0000
230.03 15.07.2018 08.50.01 29.78616 296.8485 3779.7185 10.7378 -33.8558 59.4582 596.2057 283.6756 371.0778 491.9598 -97.3787 0.0000 0.0000
240.03 15.07.2018 09.00.01 30.99276 297.1423 1518.4825 4.3139 -38.3317 56.8607 582.9737 278.0227 372.5140 491.4235 -100.7656 0.0000 0.0000
250.03 15.07.2018 09.10.01 31.53338 297.4336 374.4349 1.0637 -39.3300 53.8583 567.3439 271.3735 374.2537 494.8839 -86.5871 0.0000 0.0000
260.03 15.07.2018 09.20.01 31.73040 298.2178 -169.2260 -0.4808 -38.6556 50.8998 564.5216 272.3758 376.1780 499.6404 -84.1067 0.0000 0.0000
270.03 15.07.2018 09.30.01 31.75973 297.8181 -439.5861 -1.2488 -37.2444 47.9941 559.7649 272.1757 377.6292 498.5807 -99.9791 0.0000 0.0000
280.03 15.07.2018 09.40.01 31.70092 298.4303 -525.8586 -1.4939 -35.5379 45.3920 551.3407 269.3940 379.1419 499.3934 -89.1230 0.0000 0.0000
290.03 15.07.2018 09.50.01 31.61010 298.8006 -557.7637 -1.5846 -33.7865 42.9359 539.2911 264.3272 380.8880 497.4734 -98.4118 0.0000 0.0000
300.03 15.07.2018 10.00.01 31.50271 298.3176 -627.1947 -1.7818 -32.0670 40.3802 525.7498 258.4403 382.0753 492.5958 -117.9012 0.0000 0.0000
310.03 15.07.2018 10.10.01 31.36981 298.6402 -585.8317 -1.6643 -30.3250 38.2142 514.5886 253.5368 383.0843 491.3871 -112.2555 0.0000 0.0000
320.03 15.07.2018 10.20.01 31.24404 298.9633 -620.6595 -1.7632 -28.6968 35.9114 501.8992 247.8196 384.0115 490.2702 -107.5343 0.0000 0.0000
330.03 15.07.2018 10.30.01 31.10333 299.2743 -697.3800 -1.9812 -27.0610 33.4397 487.5752 241.2501 384.5379 488.9166 -103.7173 0.0000 0.0000
340.03 15.07.2018 10.40.01 30.93691 299.6045 -675.7899 -1.9199 -25.3641 31.2590 477.9402 237.2052 385.5330 488.3932 -100.3516 0.0000 0.0000
350.03 15.07.2018 10.50.01 30.77874 299.9256 -745.4786 -2.1178 -23.7656 28.8637 465.1860 231.4506 386.3056 487.4462 -97.4013 0.0000 0.0000
360.03 15.07.2018 11.00.01 30.59622 300.1263 -800.3792 -2.2738 -22.1061 26.4430 452.5878 225.8089 387.0482 486.3531 -96.0659 0.0000 0.0000
370.03 15.07.2018 11.10.01 30.39382 300.2861 -841.0144 -2.3892 -20.4067 24.0233 445.2491 223.4946 388.0629 486.2468 -94.9700 0.0000 0.0000
380.03 15.07.2018 11.20.01 30.17571 300.3468 -910.3707 -2.5863 -18.6877 21.4685 429.8293 216.4330 388.8536 484.7865 -93.8035 0.0000 0.0000
390.03 15.07.2018 11.30.01 29.93359 300.4246 -951.6151 -2.7035 -16.9080 18.9394 414.5226 209.4204 389.5334 483.1765 -92.6010 0.0000 0.0000
400.03 15.07.2018 11.40.01 29.67574 300.5122 -949.4144 -2.6972 -15.1112 16.5520 406.7876 206.7634 390.3895 482.6210 -91.6816 0.0000 0.0000
410.03 15.07.2018 11.50.01 29.41522 300.6259 -974.6299 -2.7688 -13.3585 14.1195 397.9981 203.5080 391.0699 481.9403 -90.6781 0.0000 0.0000
420.03 15.07.2018 12.00.01 29.14379 300.7337 -1017.4777 -2.8906 -11.6056 11.6200 393.1758 202.6836 391.5398 481.9434 -89.9010 0.0000 0.0000
430.03 15.07.2018 12.10.01 28.85702 300.9647 -969.9647 -2.7556 -9.8313 9.4343 380.1110 196.7908 392.5372 481.9692 -81.7312 0.0000 0.0000
440.03 15.07.2018 12.20.01 28.58364 301.0609 -685.7675 -1.9482 -8.1730 8.2997 376.3005 195.6571 393.1602 482.4706 -80.4385 0.0000 0.0000
450.03 15.07.2018 12.30.01 28.39480 300.9645 -270.7144 -0.7691 -6.9700 8.2679 382.6815 199.8054 393.5165 483.0250 -86.2879 0.0000 0.0000
460.03 15.07.2018 12.40.01 28.32900 300.9361 -64.9051 -0.1844 -6.3844 8.2667 391.7289 205.4571 394.0446 484.2006 -89.7204 0.0000 0.0000
470.03 15.07.2018 12.50.01 28.32491 300.9974 -11.4265 -0.0325 -6.0924 8.0799 396.6923 208.7985 394.1950 484.8968 -92.6106 0.0000 0.0000
480.03 15.07.2018 13.00.01 28.33853 301.0299 68.0187 0.1932 -5.8645 8.0770 403.5320 213.1279 394.5731 485.8966 -95.8585 0.0000 0.0000
490.03 15.07.2018 13.10.01 28.37692 301.0299 105.3371 0.2993 -5.7389 8.0508 407.3776 215.8621 394.8370 487.3422 -94.1771 0.0000 0.0000
500.03 15.07.2018 13.20.01 28.42761 301.0475 98.7442 0.2805 -5.6523 7.9104 409.3307 217.5477 394.8543 488.5394 -92.6877 0.0000 0.0000
510.03 15.07.2018 13.30.01 28.47689 301.0269 55.8647 0.1587 -5.5447 7.6045 408.6052 217.7512 394.4027 489.2665 -91.0701 0.0000 0.0000
520.03 15.07.2018 13.40.01 28.51409 301.0319 67.8225 0.1927 -5.3694 7.4160 409.7980 218.9661 394.0056 490.2902 -89.4178 0.0000 0.0000
530.03 15.07.2018 13.50.01 28.55523 301.0482 84.3178 0.2395 -5.2086 7.2642 410.8934 220.0945 393.6915 491.4057 -87.7651 0.0000 0.0000
540.03 15.07.2018 14.00.01 28.60143 301.0538 60.5789 0.1721 -5.0667 6.9851 409.3888 219.7595 393.1334 492.1286 -85.9224 0.0000 0.0000
550.03 15.07.2018 14.10.01 28.64160 301.0691 141.1305 0.4009 -4.8894 7.0537 398.9095 214.4769 393.6462 493.2513 -79.6968 0.0000 0.0000
560.03 15.07.2018 14.20.01 28.70577 301.1119 136.8777 0.3889 -4.8222 6.9481 385.0678 207.3093 393.8136 493.5940 -73.5651 0.0000 0.0000
570.03 15.07.2018 14.30.01 28.76953 301.1324 141.6497 0.4024 -4.7402 6.8568 370.3044 199.5785 393.8312 493.4204 -68.1895 0.0000 0.0000
580.03 15.07.2018 14.40.01 28.83505 301.1319 110.6571 0.3144 -4.6567 6.6281 351.6156 189.6500 393.6509 492.2662 -62.9721 0.0000 0.0000
590.03 15.07.2018 14.50.01 28.89211 301.1319 127.5932 0.3625 -4.5227 6.5135 333.4082 179.9250 393.5698 490.8510 -58.3410 0.0000 0.0000
600.03 15.07.2018 15.00.01 28.95452 301.2619 132.2960 0.3758 -4.4086 6.3792 313.7004 169.3137 393.2967 488.9441 -53.6289 0.0000 0.0000
610.03 15.07.2018 15.10.01 29.01840 301.3860 95.3319 0.2708 -4.2979 6.0916 303.9479 164.1665 392.3026 487.0150 -54.7317 0.0000 0.0000
620.03 15.07.2018 15.20.01 29.07220 301.2963 134.4732 0.3820 -4.1294 6.0153 296.2362 160.0835 391.5926 484.9142 -56.6313 0.0000 0.0000
630.03 15.07.2018 15.30.01 29.13729 301.2225 157.6472 0.4479 -4.0214 5.9590 288.2529 155.8223 390.9270 482.3429 -58.9113 0.0000 0.0000
640.03 15.07.2018 15.40.01 29.20913 301.2449 144.0180 0.4091 -3.9474 5.8087 277.6117 150.0887 389.9311 479.3446 -59.3841 0.0000 0.0000
650.03 15.07.2018 15.50.01 29.27709 301.1518 152.4608 0.4331 -3.8541 5.7163 267.2985 144.5086 389.0590 476.1616 -60.3025 0.0000 0.0000
660.03 15.07.2018 16.00.01 29.34701 300.9746 158.6598 0.4507 -3.7799 5.6409 256.6768 138.7304 388.0897 472.7517 -61.2299 0.0000 0.0000
670.03 15.07.2018 16.10.01 29.41766 300.7864 74.9955 0.2131 -3.7220 5.2467 247.6178 133.9985 385.9197 470.1983 -58.8525 0.0000 0.0000
680.03 15.07.2018 16.20.01 29.46282 300.6026 40.6126 0.1154 -3.5503 4.8875 238.7778 129.3714 383.8081 467.7073 -56.4458 0.0000 0.0000
690.03 15.07.2018 16.30.01 29.49667 300.3992 20.5269 0.0583 -3.3436 4.5358 229.8626 124.6936 381.6957 465.1512 -54.1772 0.0000 0.0000
700.03 15.07.2018 16.40.01 29.52313 299.8782 2.7168 0.0077 -3.1244 4.1761 220.8165 119.9602 379.4724 462.2550 -53.0250 0.0000 0.0000
710.03 15.07.2018 16.50.01 29.54232 299.6548 -16.2620 -0.0462 -2.9015 3.8071 211.4732 115.0558 377.2356 459.5227 -50.5805 0.0000 0.0000
720.03 15.07.2018 17.00.01 29.55438 299.4033 -30.8701 -0.0877 -2.6708 3.4441 201.8054 109.9517 375.0102 456.4014 -48.8803 0.0000 0.0000
730.03 15.07.2018 17.10.01 29.56063 299.2098 -13.6299 -0.0387 -2.4376 3.1985 193.1173 105.3091 373.2723 453.5595 -46.3225 0.0000 0.0000
740.03 15.07.2018 17.20.01 29.57049 298.9880 -7.8102 -0.0222 -2.2467 2.9660 184.3873 100.6314 371.5805 450.6945 -44.1994 0.0000 0.0000
750.03 15.07.2018 17.30.01 29.58087 298.7745 -13.7123 -0.0390 -2.0801 2.7215 175.3418 95.7738 369.8764 447.7960 -42.0995 0.0000 0.0000
760.03 15.07.2018 17.40.01 29.58825 298.5638 -17.8981 -0.0508 -1.9194 2.4915 164.6374 89.9847 368.2141 444.7515 -39.9352 0.0000 0.0000
770.03 15.07.2018 17.50.01 29.59316 298.3603 -27.4710 -0.0780 -1.7677 2.2529 153.6668 84.0423 366.5461 441.6503 -37.6341 0.0000 0.0000
780.03 15.07.2018 18.00.01 29.59396 298.1449 -38.3610 -0.1090 -1.6170 2.0107 142.4213 77.9384 364.8689 438.4649 -35.4787 0.0000 0.0000
790.03 15.07.2018 18.10.01 29.59020 297.6238 -40.6450 -0.1155 -1.4678 1.8031 125.6677 68.7594 363.1301 434.4710 -33.7128 0.0000 0.0000
800.03 15.07.2018 18.20.01 29.58386 297.0964 -61.7475 -0.1754 -1.3379 1.5499 108.3838 59.2973 361.1842 430.1508 -31.8087 0.0000 0.0000
810.03 15.07.2018 18.30.01 29.56942 296.5682 -75.6800 -0.2150 -1.2002 1.3136 91.1970 49.8811 359.2504 425.7071 -29.8656 0.0000 0.0000
820.03 15.07.2018 18.40.01 29.54891 296.0448 -88.6691 -0.2519 -1.0657 1.0850 66.4962 36.3021 357.2969 420.4640 -27.1584 0.0000 0.0000
830.03 15.07.2018 18.50.01 29.52255 295.5147 -111.3047 -0.3162 -0.9353 0.8254 41.6183 22.6407 355.2411 414.9268 -24.1586 0.0000 0.0000
840.03 15.07.2018 19.00.01 29.48748 294.9844 -130.2765 -0.3701 -0.7955 0.5672 16.9757 9.1179 353.1809 409.2572 -20.9556 0.0000 0.0000
850.03 15.07.2018 19.10.01 29.44479 294.3604 -129.8391 -0.3689 -0.6533 0.3792 13.6505 7.3481 351.2337 405.2876 -19.5101 0.0000 0.0000
860.03 15.07.2018 19.20.01 29.40008 293.7422 -112.6618 -0.3201 -0.5395 0.2925 11.3714 6.1282 349.5920 401.8367 -18.9135 0.0000 0.0000
870.03 15.07.2018 19.30.01 29.35836 293.1750 -108.3426 -0.3078 -0.4762 0.2245 9.2934 5.0147 348.0014 398.6594 -18.4666 0.0000 0.0000
880.03 15.07.2018 19.40.01 29.31609 292.5858 -113.2553 -0.3217 -0.4419 0.1602 6.2677 3.3784 346.4309 395.6029 -18.0394 0.0000 0.0000
890.03 15.07.2018 19.50.01 29.27050 292.0093 -123.6730 -0.3513 -0.4214 0.0934 3.2551 1.7518 344.8881 392.6609 -17.7616 0.0000 0.0000
900.03 15.07.2018 20.00.01 29.22009 291.3842 -136.7682 -0.3885 -0.4086 0.0267 0.2858 0.1510 343.3376 389.7505 -17.9118 0.0000 0.0000
910.03 15.07.2018 20.10.01 29.16390 290.9454 -138.9954 -0.3949 -0.3985 0.0048 0.0516 0.0273 341.7577 387.3174 -17.6543 0.0000 0.0000
920.03 15.07.2018 20.20.01 29.10543 290.5123 -142.1904 -0.4040 -0.4046 0.0009 0.0093 0.0049 340.2540 385.0505 -17.6261 0.0000 0.0000
930.03 15.07.2018 20.30.01 29.04452 290.0796 -149.3954 -0.4244 -0.4245 0.0002 0.0017 0.0009 338.7788 382.8849 -17.7609 0.0000 0.0000
940.03 15.07.2018 20.40.01 28.98004 289.6615 -158.7520 -0.4510 -0.4510 0.0000 0.0003 0.0002 337.3273 380.8850 -17.6314 0.0000 0.0000
950.03 15.07.2018 20.50.01 28.91152 289.2468 -168.2361 -0.4779 -0.4779 0.0000 0.0001 0.0000 335.8730 378.9622 -17.5876 0.0000 0.0000
960.03 15.07.2018 21.00.01 28.83901 288.8606 -177.7357 -0.5049 -0.5049 0.0000 0.0000 0.0000 334.4388 377.1746 -17.3683 0.0000 0.0000
970.03 15.07.2018 21.10.01 28.76287 288.5808 -184.7604 -0.5249 -0.5249 0.0000 0.0000 0.0000 333.2291 375.7923 -15.6199 0.0000 0.0000
980.03 15.07.2018 21.20.01 28.68505 288.3107 -186.3887 -0.5295 -0.5295 0.0000 0.0000 0.0000 332.0006 374.2666 -15.5735 0.0000 0.0000
990.03 15.07.2018 21.30.01 28.60601 288.3382 -192.3992 -0.5466 -0.5466 0.0000 0.0000 0.0000 330.9472 372.4741 -17.3811 0.0000 0.0000
1000.03 15.07.2018 21.40.01 28.52316 288.2736 -201.9637 -0.5738 -0.5738 0.0000 0.0000 0.0000 330.0330 371.7330 -13.8803 0.0000 0.0000
1010.03 15.07.2018 21.50.01 28.43783 287.3625 -205.6832 -0.5843 -0.5843 0.0000 0.0000 0.0000 328.5465 369.6118 -16.6875 0.0000 0.0000
1020.03 15.07.2018 22.00.01 28.34908 287.1649 -220.0069 -0.6250 -0.6250 0.0000 0.0000 0.0000 327.4272 367.6688 -19.5119 0.0000 0.0000
1030.03 15.07.2018 22.10.01 28.25262 287.0075 -239.7648 -0.6812 -0.6812 0.0000 0.0000 0.0000 326.7126 366.3271 -18.9468 0.0000 0.0000
1040.03 15.07.2018 22.20.01 28.14953 286.8614 -251.3888 -0.7142 -0.7142 0.0000 0.0000 0.0000 326.0199 365.0915 -18.4402 0.0000 0.0000
1050.03 15.07.2018 22.30.01 28.04272 286.7210 -257.7423 -0.7322 -0.7322 0.0000 0.0000 0.0000 325.3161 363.9244 -17.9810 0.0000 0.0000
1060.03 15.07.2018 22.40.01 27.93380 286.5807 -261.8407 -0.7439 -0.7439 0.0000 0.0000 0.0000 324.6309 362.8199 -17.5685 0.0000 0.0000
1070.03 15.07.2018 22.50.01 27.82342 286.4380 -264.8492 -0.7524 -0.7524 0.0000 0.0000 0.0000 323.9605 361.7620 -17.2342 0.0000 0.0000
1080.03 15.07.2018 23.00.01 27.71191 286.2943 -267.4042 -0.7597 -0.7597 0.0000 0.0000 0.0000 323.3019 360.7447 -16.9590 0.0000 0.0000
1090.03 15.07.2018 23.10.01 27.59966 286.2799 -266.7193 -0.7577 -0.7577 0.0000 0.0000 0.0000 322.9478 360.3627 -14.3199 0.0000 0.0000
1100.03 15.07.2018 23.20.01 27.48968 286.2607 -257.3252 -0.7310 -0.7310 0.0000 0.0000 0.0000 322.4953 359.6561 -13.5325 0.0000 0.0000
1110.03 15.07.2018 23.30.01 27.38363 286.0230 -251.9353 -0.7157 -0.7157 0.0000 0.0000 0.0000 321.8963 358.2517 -16.0479 0.0000 0.0000
1120.03 15.07.2018 23.40.01 27.27679 286.2352 -257.2217 -0.7307 -0.7307 0.0000 0.0000 0.0000 321.5988 358.2667 -12.3203 0.0000 0.0000
1130.03 15.07.2018 23.50.01 27.16934 286.0562 -255.5241 -0.7259 -0.7259 0.0000 0.0000 0.0000 321.1338 357.8949 -11.0644 0.0000 0.0000
1140.03 16.07.2018 00.00.01 27.06201 285.5882 -258.3659 -0.7340 -0.7340 0.0000 0.0000 0.0000 320.6015 356.4369 -14.5259 0.0000 0.0000
1150.03 16.07.2018 00.10.01 26.95175 285.5615 -267.9513 -0.7612 -0.7612 0.0000 0.0000 0.0000 320.2185 355.8385 -13.5938 0.0000 0.0000
1160.03 16.07.2018 00.20.01 26.83840 285.5779 -272.4041 -0.7739 -0.7739 0.0000 0.0000 0.0000 319.9403 355.3567 -12.5788 0.0000 0.0000
1170.03 16.07.2018 00.30.01 26.72399 285.6009 -272.9605 -0.7755 -0.7755 0.0000 0.0000 0.0000 319.6891 354.9252 -11.6315 0.0000 0.0000
1180.03 16.07.2018 00.40.01 26.60980 285.6296 -272.0130 -0.7728 -0.7728 0.0000 0.0000 0.0000 319.4526 354.5386 -10.7126 0.0000 0.0000
1190.03 16.07.2018 00.50.01 26.49627 285.4807 -270.7257 -0.7691 -0.7691 0.0000 0.0000 0.0000 319.1830 354.0046 -10.6238 0.0000 0.0000
1200.03 16.07.2018 01.00.01 26.38299 285.4914 -269.9346 -0.7669 -0.7669 0.0000 0.0000 0.0000 318.9215 353.6003 -9.9211 0.0000 0.0000
1210.03 16.07.2018 01.10.01 26.27029 285.3535 -270.0427 -0.7672 -0.7672 0.0000 0.0000 0.0000 318.5480 352.9478 -10.4620 0.0000 0.0000
1220.03 16.07.2018 01.20.01 26.15676 285.2310 -272.2176 -0.7733 -0.7733 0.0000 0.0000 0.0000 318.1658 352.2463 -11.0593 0.0000 0.0000
1230.03 16.07.2018 01.30.01 26.04186 285.0666 -276.7060 -0.7861 -0.7861 0.0000 0.0000 0.0000 317.7611 351.4829 -11.8751 0.0000 0.0000
1240.03 16.07.2018 01.40.01 25.92483 284.9661 -281.8302 -0.8007 -0.8007 0.0000 0.0000 0.0000 317.3645 350.8437 -12.0552 0.0000 0.0000
1250.03 16.07.2018 01.50.01 25.80593 284.8701 -285.6364 -0.8115 -0.8115 0.0000 0.0000 0.0000 316.9819 350.1988 -12.2376 0.0000 0.0000
1260.03 16.07.2018 02.00.01 25.68563 284.7712 -288.2148 -0.8188 -0.8188 0.0000 0.0006 0.0003 316.5932 349.5373 -12.4219 0.0000 0.0000
1270.03 16.07.2018 02.10.01 25.56484 284.7979 -283.1387 -0.8044 -0.8157 0.0151 0.3525 0.1840 316.2999 349.4771 -10.0682 0.0000 0.0000
1280.03 16.07.2018 02.20.01 25.44781 284.8461 -269.5163 -0.7657 -0.7914 0.0343 0.7497 0.3919 315.8696 349.2814 -8.7160 0.0000 0.0000
1290.03 16.07.2018 02.30.01 25.33639 284.7914 -259.2201 -0.7364 -0.7770 0.0541 1.1539 0.6034 315.4882 348.5731 -10.4123 0.0000 0.0000
1300.03 16.07.2018 02.40.01 25.22692 285.0669 -256.6378 -0.7291 -0.7846 0.0740 1.5594 0.8156 315.2927 348.8498 -7.2189 0.0000 0.0000
1310.03 16.07.2018 02.50.01 25.11984 284.4911 -250.8311 -0.7126 -0.7830 0.0939 1.9652 1.0280 314.7954 347.7369 -10.4231 0.0000 0.0000
1320.03 16.07.2018 03.00.01 25.01217 284.2803 -259.8886 -0.7383 -0.8238 0.1140 2.3742 1.2420 314.3605 346.6681 -13.0561 0.0000 0.0000
1330.03 16.07.2018 03.10.01 24.89929 284.4136 -250.7606 -0.7124 -0.8745 0.2161 4.6927 2.4530 314.2597 346.5075 -12.0606 0.0000 0.0000
1340.03 16.07.2018 03.20.01 24.78970 284.5697 -237.4426 -0.6746 -0.9296 0.3400 7.2581 3.7955 314.3046 346.5441 -11.1604 0.0000 0.0000
1350.03 16.07.2018 03.30.01 24.68514 284.7331 -225.1938 -0.6398 -0.9904 0.4675 9.8608 5.1576 314.4136 346.6942 -10.3426 0.0000 0.0000
1360.03 16.07.2018 03.40.01 24.58538 284.9005 -214.4391 -0.6092 -1.0560 0.5957 12.4710 6.5236 314.5607 346.9304 -9.6150 0.0000 0.0000
1370.03 16.07.2018 03.50.01 24.48983 285.0712 -204.7526 -0.5817 -1.1247 0.7241 15.0826 7.8904 314.7370 347.2429 -8.9503 0.0000 0.0000
1380.03 16.07.2018 04.00.01 24.39822 285.2464 -196.0160 -0.5569 -1.1962 0.8524 17.6939 9.2570 314.9387 347.6198 -8.3448 0.0000 0.0000
1390.03 16.07.2018 04.10.01 24.31054 286.0576 -186.6766 -0.5303 -1.2577 0.9699 20.0530 10.4920 316.6168 349.1822 -3.9770 0.0000 0.0000
1400.03 16.07.2018 04.20.01 24.22933 286.8709 -167.2625 -0.4752 -1.2886 1.0845 22.3796 11.7096 318.3671 350.6785 -0.9002 0.0000 0.0000
1410.03 16.07.2018 04.30.01 24.15679 287.5682 -147.5229 -0.4191 -1.3181 1.1987 24.7012 12.9247 320.0747 352.0836 1.4287 0.0000 0.0000
1420.03 16.07.2018 04.40.01 24.09100 288.3513 -133.9025 -0.3804 -1.3649 1.3127 27.0218 14.1392 321.9012 353.8151 3.2599 0.0000 0.0000
1430.03 16.07.2018 04.50.01 24.03100 289.0818 -120.0341 -0.3410 -1.4111 1.4267 60.4331 30.8990 323.7168 356.0706 4.8060 0.0000 0.0000
1440.03 16.07.2018 05.00.01 23.97668 289.7670 -62.2696 -0.1769 -1.4634 1.7153 69.0574 35.2829 325.9886 359.2859 5.9978 0.0000 0.0000
1450.03 16.07.2018 05.10.01 23.94076 290.3983 -59.4004 -0.1688 -1.5811 1.8831 230.7549 116.1966 327.9040 364.9400 1.5542 0.0000 0.0000
1460.03 16.07.2018 05.20.01 23.90914 291.2231 194.9139 0.5537 -1.6836 2.9831 400.8588 201.4318 332.4494 377.4498 -12.3860 0.0000 0.0000
1470.03 16.07.2018 05.30.01 23.95577 292.0518 405.8871 1.1531 -2.1253 4.3712 686.7296 355.9413 338.5581 413.1992 -46.9612 0.0000 0.0000
1480.03 16.07.2018 05.40.01 24.06985 292.9129 575.6588 1.6354 -2.8195 5.9398 655.8347 340.0600 345.9051 430.5818 -64.4307 0.0000 0.0000
1490.03 16.07.2018 05.50.01 24.23788 293.5945 327.0030 0.9290 -3.6858 6.1530 612.0683 317.5043 349.1220 439.1570 -76.2483 0.0000 0.0000
1500.03 16.07.2018 06.00.01 24.33764 294.2150 150.9186 0.4287 -4.1252 6.0719 564.7015 293.0089 351.1261 444.0007 -85.5796 0.0000 0.0000
1510.03 16.07.2018 06.10.01 24.38754 294.5712 65.6159 0.1864 -4.2818 5.9576 544.8846 282.7674 352.6395 448.6820 -88.9622 0.0000 0.0000
1520.03 16.07.2018 06.20.01 24.41287 294.9341 63.8310 0.1813 -4.3099 5.9883 526.4545 273.2468 354.4496 452.7696 -91.0504 0.0000 0.0000
1530.03 16.07.2018 06.30.01 24.49935 295.2924 8870.0078 25.1989 -4.3298 39.3715 583.7575 284.0019 356.0474 460.3280 -97.1532 0.0000 0.0000
1540.03 16.07.2018 06.40.01 27.12908 295.6719 4043.6123 11.4875 -17.2402 38.3036 570.2425 277.6299 357.7629 463.4399 -97.5494 0.0000 0.0000
1550.03 16.07.2018 06.50.01 28.37902 296.0277 1883.3754 5.3505 -22.5336 37.1788 556.5493 271.1948 359.3921 465.9484 -97.4050 0.0000 0.0000
1560.03 16.07.2018 07.00.01 29.00149 296.3807 873.5744 2.4817 -24.5143 35.9948 542.4553 264.5625 360.9797 467.8893 -96.6020 0.0000 0.0000
1570.03 16.07.2018 07.10.01 29.32620 296.6856 477.4288 1.3563 -25.0037 35.1468 533.4532 260.3511 362.7154 469.6275 -95.8947 0.0000 0.0000
1580.03 16.07.2018 07.20.01 29.53021 296.9982 277.6408 0.7888 -24.9488 34.3167 524.7685 256.3154 364.6130 471.2828 -94.8961 0.0000 0.0000
1590.03 16.07.2018 07.30.01 29.67111 297.3095 150.2341 0.4268 -24.6429 33.4263 577.7927 289.3512 366.4292 481.9156 -103.6150 0.0000 0.0000
1600.03 16.07.2018 07.40.01 29.77117 297.6749 122.3498 0.3476 -24.1877 32.7137 569.5894 285.3443 368.4638 484.3279 -101.1652 0.0000 0.0000
1610.03 16.07.2018 07.50.01 29.85983 297.9949 72.0063 0.2046 -23.7248 31.9059 560.6794 280.9868 370.3554 486.4392 -98.3206 0.0000 0.0000
1620.03 16.07.2018 08.00.01 29.93127 298.3107 20.7527 0.0590 -23.2146 31.0314 554.1806 278.1265 372.1868 488.7554 -95.6111 0.0000 0.0000
1630.03 16.07.2018 08.10.01 29.98562 298.5327 -1.1843 -0.0034 -22.6512 30.1971 545.5956 273.9723 373.6951 489.7761 -94.5956 0.0000 0.0000
1640.03 16.07.2018 08.20.01 30.07342 298.7400 5953.3257 16.9129 -22.0766 51.9859 588.2089 283.4694 375.0321 493.4579 -97.7566 0.0000 0.0000
1650.03 16.07.2018 08.30.01 31.87829 298.9667 2596.7122 7.3770 -30.2409 50.1572 577.0953 278.5475 376.4553 494.1129 -98.2841 0.0000 0.0000
1660.03 16.07.2018 08.40.01 32.72094 299.1429 1115.7850 3.1698 -33.1406 48.4139 567.3176 274.2429 377.7621 494.8251 -97.2174 0.0000 0.0000
1670.03 16.07.2018 08.50.01 33.15557 299.3366 3924.6770 11.1497 -33.7974 59.9294 599.8766 285.3371 379.0765 498.7947 -101.4236 0.0000 0.0000
1680.03 16.07.2018 09.00.01 34.39401 299.5517 1594.6498 4.5303 -38.5841 57.4858 587.8605 280.2167 380.4940 499.2147 -102.5177 0.0000 0.0000
1690.03 16.07.2018 09.10.01 34.95703 299.6844 456.8287 1.2978 -39.7934 54.7883 575.2112 274.9571 381.7349 498.9707 -104.9080 0.0000 0.0000
1700.03 16.07.2018 09.20.01 35.18209 299.7922 -92.2657 -0.2621 -39.3469 52.1130 575.6803 277.5516 383.0049 500.1559 -109.6804 0.0000 0.0000
1710.03 16.07.2018 09.30.01 35.23837 299.8532 -376.4388 -1.0694 -38.1667 49.4630 574.4643 279.1143 384.3750 499.9889 -118.7389 0.0000 0.0000
1720.03 16.07.2018 09.40.01 35.20349 299.9438 -482.8923 -1.3719 -36.6545 47.0435 568.4507 277.4996 385.7591 499.4286 -122.8099 0.0000 0.0000
1730.03 16.07.2018 09.50.01 35.13015 300.0722 -532.7104 -1.5134 -35.0677 44.7391 558.6852 273.5474 387.3566 498.3849 -125.2334 0.0000 0.0000
1740.03 16.07.2018 10.00.01 35.03567 300.2181 -617.2368 -1.7535 -33.4780 42.2993 547.1907 268.6609 388.8249 497.0843 -126.3790 0.0000 0.0000
1750.03 16.07.2018 10.10.01 34.90975 300.5225 -858.3531 -2.4385 -31.8236 39.1801 528.3250 260.4312 390.6423 497.6810 -114.0378 0.0000 0.0000
1760.03 16.07.2018 10.20.01 34.70797 300.8447 -1002.0761 -2.8468 -29.8683 36.0287 507.9459 251.3182 392.2159 497.9140 -105.6461 0.0000 0.0000
1770.03 16.07.2018 10.30.01 34.45825 301.1048 -1107.2976 -3.1457 -27.7641 32.8244 485.9578 241.2808 393.1302 497.3447 -100.8246 0.0000 0.0000
1780.03 16.07.2018 10.40.01 34.17303 301.2055 -1029.5854 -2.9250 -25.5700 30.1934 470.9642 234.8450 394.5781 497.4703 -96.7958 0.0000 0.0000
1790.03 16.07.2018 10.50.01 33.90670 301.3114 -1003.8850 -2.8519 -23.5068 27.5399 453.9210 227.1958 395.8968 496.9672 -93.8027 0.0000 0.0000
1800.03 16.07.2018 11.00.01 33.64007 301.4431 -975.2739 -2.7707 -21.5497 25.0388 437.8390 220.0070 397.1564 496.3121 -91.5717 0.0000 0.0000
1810.03 16.07.2018 11.10.01 33.37975 301.6488 -798.4202 -2.2682 -19.6823 23.2188 435.6971 219.8894 398.2379 497.4942 -83.7607 0.0000 0.0000
1820.03 16.07.2018 11.20.01 33.16927 301.6549 -749.2584 -2.1286 -18.1064 21.3037 428.0372 216.5322 399.1302 495.8635 -91.1618 0.0000 0.0000
1830.03 16.07.2018 11.30.01 32.97100 301.6049 -755.1218 -2.1452 -16.6310 19.3144 420.1338 213.0852 399.5851 493.1730 -100.2425 0.0000 0.0000
1840.03 16.07.2018 11.40.01 32.76879 301.7360 -763.0668 -2.1678 -15.1730 17.3402 418.4161 213.2981 400.9547 495.6341 -85.0613 0.0000 0.0000
1850.03 16.07.2018 11.50.01 32.56225 301.9548 -815.5662 -2.3169 -13.7213 15.2058 415.3538 212.8252 402.1445 497.2937 -80.3475 0.0000 0.0000
1860.03 16.07.2018 12.00.01 32.33822 302.0220 -893.8768 -2.5394 -12.2099 12.8939 415.8854 214.6442 402.0457 496.0968 -89.7082 0.0000 0.0000
1870.03 16.07.2018 12.10.01 32.08816 302.1092 -867.1870 -2.4636 -10.6309 10.8898 401.4752 208.0884 402.1993 494.7572 -90.9125 0.0000 0.0000
1880.03 16.07.2018 12.20.01 31.84438 302.1571 -626.6093 -1.7801 -9.1389 9.8117 394.3441 205.2009 401.9975 493.8357 -92.4006 0.0000 0.0000
1890.03 16.07.2018 12.30.01 31.67178 302.1948 -250.9249 -0.7129 -8.0409 9.7707 396.4561 207.0763 401.5652 493.7724 -95.1036 0.0000 0.0000
1900.03 16.07.2018 12.40.01 31.61013 302.2304 -68.9660 -0.1959 -7.5076 9.7489 400.6120 210.0920 401.0665 493.9352 -97.4643 0.0000 0.0000
1910.03 16.07.2018 12.50.01 31.60290 302.2439 -20.6421 -0.0586 -7.2329 9.5657 400.7343 210.8091 400.1840 493.4426 -99.4296 0.0000 0.0000
1920.03 16.07.2018 13.00.01 31.61141 302.2729 49.6950 0.1412 -7.0206 9.5491 402.1946 212.2048 399.4361 493.0721 -101.6243 0.0000 0.0000
1930.03 16.07.2018 13.10.01 31.64263 302.2343 195.6239 0.5557 -6.9051 9.9478 398.7646 210.8981 399.4100 493.0599 -101.2024 0.0000 0.0000
1940.03 16.07.2018 13.20.01 31.71780 302.1744 187.3246 0.5322 -6.9874 10.0260 389.5239 206.3469 398.8501 492.0758 -99.6693 0.0000 0.0000
1950.03 16.07.2018 13.30.01 31.79229 302.1204 232.9771 0.6619 -7.0435 10.2739 381.0933 202.1549 398.4190 491.0674 -98.2964 0.0000 0.0000
1960.03 16.07.2018 13.40.01 31.88128 302.0630 252.2697 0.7167 -7.1539 10.4941 370.5247 196.7094 397.9682 489.7026 -96.3585 0.0000 0.0000
1970.03 16.07.2018 13.50.01 31.97711 302.0157 264.1774 0.7505 -7.2803 10.7078 358.3879 190.3284 397.4684 488.0282 -93.9492 0.0000 0.0000
1980.03 16.07.2018 14.00.01 32.07745 301.9885 262.2009 0.7449 -7.4104 10.8738 343.9940 182.6280 396.8714 485.9830 -90.7650 0.0000 0.0000
1990.03 16.07.2018 14.10.01 32.17721 301.8944 157.7657 0.4482 -7.5257 10.6319 335.2741 178.1443 395.8216 483.4210 -91.0854 0.0000 0.0000
2000.03 16.07.2018 14.20.01 32.24621 301.7999 117.5696 0.3340 -7.4869 10.4279 326.5746 173.6446 394.7083 480.8511 -91.1037 0.0000 0.0000
2010.03 16.07.2018 14.30.01 32.30273 301.7043 102.0563 0.2899 -7.3944 10.2457 317.6093 168.9690 393.6359 478.2494 -90.6410 0.0000 0.0000
2020.03 16.07.2018 14.40.01 32.35397 301.6064 76.3919 0.2170 -7.2847 10.0023 306.9451 163.3415 392.4815 475.5001 -89.3625 0.0000 0.0000
2030.03 16.07.2018 14.50.01 32.39709 301.5078 75.7689 0.2153 -7.1450 9.8137 296.5543 157.8370 391.4093 472.7796 -87.8893 0.0000 0.0000
2040.03 16.07.2018 15.00.01 32.43939 301.4110 70.2685 0.1996 -7.0115 9.6149 285.4869 151.9331 390.3554 469.9789 -86.0370 0.0000 0.0000
2050.03 16.07.2018 15.10.01 32.47869 301.3629 -51.1260 -0.1452 -6.8771 8.9758 284.4698 151.7619 388.8584 468.4921 -82.3973 0.0000 0.0000
2060.03 16.07.2018 15.20.01 32.48220 301.3282 -81.1787 -0.2306 -6.5687 8.4508 285.0607 152.4688 387.6591 467.6740 -79.0882 0.0000 0.0000
2070.03 16.07.2018 15.30.01 32.47573 301.2992 -96.1008 -0.2730 -6.2281 7.9401 285.9771 153.3599 386.5541 467.0308 -76.9695 0.0000 0.0000
2080.03 16.07.2018 15.40.01 32.46365 301.2734 -126.9477 -0.3606 -5.8783 7.3569 288.0791 154.9194 385.3856 466.7517 -74.6813 0.0000 0.0000
2090.03 16.07.2018 15.50.01 32.44146 301.2501 -133.9891 -0.3807 -5.4967 6.8214 290.9581 156.9090 384.2935 466.7584 -72.9440 0.0000 0.0000
2100.03 16.07.2018 16.00.01 32.41595 301.2307 -140.4971 -0.3991 -5.1186 6.2926 293.8760 158.9186 383.2291 466.9199 -71.4825 0.0000 0.0000
2110.03 16.07.2018 16.10.01 32.38769 301.0954 -96.7485 -0.2749 -4.7466 5.9624 280.8733 151.9990 382.1222 465.4453 -69.8739 0.0000 0.0000
2120.03 16.07.2018 16.20.01 32.37069 300.9441 -89.9715 -0.2556 -4.4567 5.6014 267.2262 144.7164 380.8671 463.5078 -67.7171 0.0000 0.0000
2130.03 16.07.2018 16.30.01 32.35464 300.7856 -91.6679 -0.2604 -4.1922 5.2424 253.3265 137.2809 379.5506 461.3381 -65.2010 0.0000 0.0000
2140.03 16.07.2018 16.40.01 32.33682 300.6224 -100.4729 -0.2854 -3.9386 4.8709 238.0395 129.0959 378.1717 458.8410 -62.6087 0.0000 0.0000
2150.03 16.07.2018 16.50.01 32.31527 300.4545 -113.4164 -0.3222 -3.6855 4.4844 222.2687 120.6322 376.7218 456.1094 -59.6306 0.0000 0.0000
2160.03 16.07.2018 17.00.01 32.28881 300.2829 -122.0219 -0.3467 -3.4268 4.1069 206.1183 111.9332 375.2754 453.1890 -56.4357 0.0000 0.0000
2170.03 16.07.2018 17.10.01 32.25881 300.0488 -108.9375 -0.3095 -3.1699 3.8139 193.5404 105.1502 373.9552 450.4119 -53.6875 0.0000 0.0000
2180.03 16.07.2018 17.20.01 32.23138 299.8168 -100.7318 -0.2862 -2.9472 3.5481 181.0541 98.4014 372.6743 447.6224 -51.0119 0.0000 0.0000
2190.03 16.07.2018 17.30.01 32.20519 299.5845 -103.6068 -0.2943 -2.7505 3.2749 168.2875 91.4905 371.3830 444.7544 -48.2449 0.0000 0.0000
2200.03 16.07.2018 17.40.01 32.17715 299.3513 -105.9165 -0.3009 -2.5628 3.0159 152.6771 82.9914 370.1104 441.6037 -45.1300 0.0000 0.0000
2210.03 16.07.2018 17.50.01 32.14730 299.1153 -115.3219 -0.3276 -2.3851 2.7433 136.7538 74.3151 368.8114 438.3056 -41.8744 0.0000 0.0000
2220.03 16.07.2018 18.00.01 32.11352 298.8773 -125.4062 -0.3563 -2.2071 2.4678 120.6231 65.5165 367.4973 434.9085 -38.4769 0.0000 0.0000
2230.03 16.07.2018 18.10.01 32.07546 298.4924 -142.5520 -0.4050 -2.0304 2.1673 105.8630 57.4998 365.9606 431.6059 -34.7390 0.0000 0.0000
2240.03 16.07.2018 18.20.01 32.03066 298.1041 -161.3431 -0.4584 -1.8483 1.8533 90.9166 49.3815 364.3570 428.1926 -31.3168 0.0000 0.0000
2250.03 16.07.2018 18.30.01 31.97863 297.7093 -173.1735 -0.4920 -1.6588 1.5558 76.0919 41.3240 362.8202 424.7097 -28.2012 0.0000 0.0000
2260.03 16.07.2018 18.40.01 31.92144 297.3144 -184.2625 -0.5235 -1.4709 1.2633 55.8846 30.2845 361.2512 420.6993 -24.5520 0.0000 0.0000
2270.03 16.07.2018 18.50.01 31.85943 296.9151 -201.5133 -0.5725 -1.2854 0.9506 35.5711 19.1969 359.5979 416.4578 -20.8914 0.0000 0.0000
2280.03 16.07.2018 19.00.01 31.79077 296.5112 -216.2175 -0.6143 -1.0929 0.6382 15.4206 8.2057 357.9490 412.0707 -17.3870 0.0000 0.0000
2290.03 16.07.2018 19.10.01 31.71624 295.7938 -198.7355 -0.5646 -0.9005 0.4478 12.2344 6.5190 356.4414 408.6280 -16.8348 0.0000 0.0000
2300.03 16.07.2018 19.20.01 31.64480 295.0938 -175.7551 -0.4993 -0.7610 0.3490 10.0115 5.3402 355.0305 405.5538 -16.9497 0.0000 0.0000
2310.03 16.07.2018 19.30.01 31.57818 294.3856 -168.7556 -0.4794 -0.6795 0.2668 7.9668 4.2555 353.6699 402.6097 -17.4429 0.0000 0.0000
2320.03 16.07.2018 19.40.01 31.51196 293.6665 -171.4431 -0.4871 -0.6279 0.1878 5.3958 2.8803 352.3471 399.7725 -17.8054 0.0000 0.0000
2330.03 16.07.2018 19.50.01 31.44348 292.9443 -178.9903 -0.5085 -0.5892 0.1076 2.8343 1.5115 351.0580 397.0061 -18.3111 0.0000 0.0000
2340.03 16.07.2018 20.00.01 31.37145 292.2185 -187.9997 -0.5341 -0.5547 0.0275 0.2986 0.1581 349.7795 394.2983 -18.9331 0.0000 0.0000
2350.03 16.07.2018 20.10.01 31.29568 292.0880 -181.8075 -0.5165 -0.5202 0.0049 0.0516 0.0273 350.9130 392.4957 -18.9169 0.0000 0.0000
2360.03 16.07.2018 20.20.01 31.22119 291.8714 -176.2336 -0.5007 -0.5013 0.0009 0.0096 0.0051 352.2233 390.9274 -19.2973 0.0000 0.0000
2370.03 16.07.2018 20.30.01 31.14807 291.6748 -173.8730 -0.4940 -0.4941 0.0002 0.0017 0.0009 353.5604 389.5738 -19.6076 0.0000 0.0000
2380.03 16.07.2018 20.40.01 31.07562 291.5176 -173.0093 -0.4915 -0.4915 0.0000 0.0003 0.0002 354.9640 388.5536 -19.2459 0.0000 0.0000
2390.03 16.07.2018 20.50.01 31.00366 291.3771 -170.7620 -0.4851 -0.4851 0.0000 0.0001 0.0000 356.3822 387.6862 -19.0437 0.0000 0.0000
2400.03 16.07.2018 21.00.01 30.93255 291.2023 -169.4262 -0.4813 -0.4813 0.0000 0.0000 0.0000 357.7920 386.8161 -19.4957 0.0000 0.0000
2410.03 16.07.2018 21.10.01 30.86120 291.6108 -169.4241 -0.4813 -0.4813 0.0000 0.0000 0.0000 357.7830 386.5540 -16.7240 0.0000 0.0000
2420.03 16.07.2018 21.20.01 30.78979 292.0083 -171.2582 -0.4865 -0.4865 0.0000 0.0000 0.0000 357.8637 386.3079 -14.5935 0.0000 0.0000
2430.03 16.07.2018 21.30.01 30.71722 292.4220 -175.0689 -0.4974 -0.4974 0.0000 0.0000 0.0000 357.9834 386.2350 -12.3254 0.0000 0.0000
2440.03 16.07.2018 21.40.01 30.64306 292.8388 -178.9250 -0.5083 -0.5083 0.0000 0.0000 0.0000 358.1536 386.3105 -10.0210 0.0000 0.0000
2450.03 16.07.2018 21.50.01 30.56738 293.2561 -182.2708 -0.5178 -0.5178 0.0000 0.0000 0.0000 358.3679 386.5487 -7.5652 0.0000 0.0000
2460.03 16.07.2018 22.00.01 30.49053 293.6750 -184.1167 -0.5231 -0.5231 0.0000 0.0000 0.0000 358.6357 386.9457 -4.9591 0.0000 0.0000
2470.03 16.07.2018 22.10.01 30.41360 293.3638 -184.2653 -0.5235 -0.5235 0.0000 0.0000 0.0000 359.0412 386.8975 -5.6940 0.0000 0.0000
2480.03 16.07.2018 22.20.01 30.33682 293.1875 -182.6136 -0.5188 -0.5188 0.0000 0.0000 0.0000 359.3093 386.6257 -6.4699 0.0000 0.0000
2490.03 16.07.2018 22.30.01 30.25915 292.7621 -190.3604 -0.5408 -0.5408 0.0000 0.0000 0.0000 359.1048 385.4516 -10.3678 0.0000 0.0000
2500.03 16.07.2018 22.40.01 30.17620 292.4950 -203.5845 -0.5784 -0.5784 0.0000 0.0000 0.0000 359.2078 385.4835 -8.6732 0.0000 0.0000
2510.03 16.07.2018 22.50.01 30.09106 292.2718 -201.3185 -0.5719 -0.5719 0.0000 0.0000 0.0000 359.5044 385.2883 -8.4409 0.0000 0.0000
2520.03 16.07.2018 23.00.01 30.00714 291.7900 -203.1697 -0.5772 -0.5772 0.0000 0.0000 0.0000 359.3384 383.7275 -13.8180 0.0000 0.0000
2530.03 16.07.2018 23.10.01 29.91888 291.6649 -217.8795 -0.6190 -0.6190 0.0000 0.0000 0.0000 359.1221 383.1468 -13.7528 0.0000 0.0000
2540.03 16.07.2018 23.20.01 29.82574 291.5494 -225.3050 -0.6401 -0.6401 0.0000 0.0000 0.0000 359.0340 382.6286 -13.7300 0.0000 0.0000
2550.03 16.07.2018 23.30.01 29.73071 291.4379 -227.6210 -0.6467 -0.6467 0.0000 0.0000 0.0000 358.9830 382.1343 -13.7562 0.0000 0.0000
2560.03 16.07.2018 23.40.01 29.63549 291.3384 -227.9333 -0.6475 -0.6475 0.0000 0.0000 0.0000 358.9665 381.7024 -13.6552 0.0000 0.0000
2570.03 16.07.2018 23.50.01 29.54034 291.2357 -226.1731 -0.6425 -0.6425 0.0000 0.0000 0.0000 358.9688 381.2872 -13.6035 0.0000 0.0000
2580.03 17.07.2018 00.00.01 29.44604 291.1351 -224.0920 -0.6366 -0.6366 0.0000 0.0000 0.0000 358.9760 380.8902 -13.5657 0.0000 0.0000
2590.03 17.07.2018 00.10.01 29.35278 291.2142 -221.0706 -0.6280 -0.6280 0.0000 0.0000 0.0000 358.7516 380.7852 -12.1435 0.0000 0.0000
2600.03 17.07.2018 00.20.01 29.26135 291.3067 -215.2399 -0.6115 -0.6115 0.0000 0.0000 0.0000 358.5568 380.7313 -10.7938 0.0000 0.0000
2610.03 17.07.2018 00.30.01 29.17257 291.3888 -208.7236 -0.5930 -0.5930 0.0000 0.0000 0.0000 358.3604 380.6522 -9.7049 0.0000 0.0000
2620.03 17.07.2018 00.40.01 29.08648 291.3007 -202.7829 -0.5761 -0.5761 0.0000 0.0000 0.0000 358.1323 380.3922 -9.2774 0.0000 0.0000
2630.03 17.07.2018 00.50.01 29.00286 291.3814 -196.7227 -0.5589 -0.5589 0.0000 0.0000 0.0000 357.9179 380.2737 -8.3928 0.0000 0.0000
2640.03 17.07.2018 01.00.01 28.92141 291.4563 -193.4907 -0.5497 -0.5497 0.0000 0.0000 0.0000 357.6670 379.9517 -8.5363 0.0000 0.0000
2650.03 17.07.2018 01.10.01 28.83990 291.5460 -195.7608 -0.5561 -0.5561 0.0000 0.0000 0.0000 356.9372 379.6961 -7.9766 0.0000 0.0000
2660.03 17.07.2018 01.20.01 28.75707 291.4636 -200.0618 -0.5684 -0.5684 0.0000 0.0000 0.0000 356.1770 379.1286 -9.0331 0.0000 0.0000
2670.03 17.07.2018 01.30.01 28.67196 291.3227 -206.3700 -0.5863 -0.5863 0.0000 0.0000 0.0000 355.0356 378.2206 -10.5490 0.0000 0.0000
2680.03 17.07.2018 01.40.01 28.58462 291.2636 -208.0368 -0.5910 -0.5910 0.0000 0.0000 0.0000 354.2908 378.2833 -7.5682 0.0000 0.0000
2690.03 17.07.2018 01.50.01 28.49905 291.2214 -201.9753 -0.5738 -0.5738 0.0000 0.0000 0.0000 353.4130 377.6118 -8.7516 0.0000 0.0000
2700.03 17.07.2018 02.00.01 28.41320 291.0636 -210.1668 -0.5971 -0.5971 0.0000 0.0007 0.0004 352.1656 376.5218 -11.0193 0.0000 0.0000
2710.03 17.07.2018 02.10.01 28.32214 290.7954 -219.2110 -0.6228 -0.6359 0.0175 0.4067 0.2123 349.0276 375.5334 -10.7697 0.0000 0.0000
2720.03 17.07.2018 02.20.01 28.22820 290.4882 -222.3434 -0.6317 -0.6613 0.0395 0.8651 0.4522 345.8851 374.3174 -11.0066 0.0000 0.0000
2730.03 17.07.2018 02.30.01 28.13336 290.1303 -223.9364 -0.6362 -0.6830 0.0624 1.3314 0.6963 342.6946 372.9000 -11.6923 0.0000 0.0000
2740.03 17.07.2018 02.40.01 28.03799 289.8399 -224.3512 -0.6374 -0.7014 0.0854 1.7994 0.9412 339.6263 371.7194 -10.9226 0.0000 0.0000
2750.03 17.07.2018 02.50.01 27.94332 289.5768 -220.0006 -0.6250 -0.7063 0.1084 2.2676 1.1862 336.5976 370.5532 -10.0740 0.0000 0.0000
2760.03 17.07.2018 03.00.01 27.85101 289.3005 -213.3369 -0.6061 -0.7047 0.1316 2.7401 1.4335 333.4695 369.2519 -9.7229 0.0000 0.0000
2770.03 17.07.2018 03.10.01 27.76107 289.3047 -182.5111 -0.5185 -0.7170 0.2647 5.7708 3.0163 333.1887 368.6520 -9.1333 0.0000 0.0000
2780.03 17.07.2018 03.20.01 27.67977 289.3014 -161.9040 -0.4600 -0.7802 0.4269 9.1321 4.7753 333.1191 368.2808 -9.0182 0.0000 0.0000
2790.03 17.07.2018 03.30.01 27.60436 289.2833 -150.9534 -0.4288 -0.8744 0.5941 12.5435 6.5606 333.1064 368.0068 -9.1746 0.0000 0.0000
2800.03 17.07.2018 03.40.01 27.53225 289.2677 -145.1750 -0.4124 -0.9840 0.7621 15.9651 8.3513 333.1392 367.8761 -9.2239 0.0000 0.0000
2810.03 17.07.2018 03.50.01 27.46218 289.2569 -141.0296 -0.4007 -1.0984 0.9303 19.3883 10.1428 333.2046 367.8396 -9.3470 0.0000 0.0000
2820.03 17.07.2018 04.00.01 27.39373 289.2509 -137.3718 -0.3903 -1.2143 1.0987 22.8136 11.9355 333.3003 367.8864 -9.5307 0.0000 0.0000
2830.03 17.07.2018 04.10.01 27.32705 289.5969 -120.0930 -0.3412 -1.3260 1.3131 27.3108 14.2878 333.4491 368.5132 -7.9383 0.0000 0.0000
2840.03 17.07.2018 04.20.01 27.26693 289.9435 -102.0798 -0.2900 -1.4447 1.5397 31.9466 16.7139 333.7181 369.3092 -6.5827 0.0000 0.0000
2850.03 17.07.2018 04.30.01 27.21362 290.2940 -86.7248 -0.2464 -1.5726 1.7683 36.6035 19.1510 334.0460 370.2356 -5.3562 0.0000 0.0000
2860.03 17.07.2018 04.40.01 27.16625 290.6485 -73.4336 -0.2086 -1.7066 1.9973 41.2645 21.5904 334.4195 371.2884 -4.1892 0.0000 0.0000
2870.03 17.07.2018 04.50.01 27.12420 291.0100 -61.4825 -0.1747 -1.8445 2.2264 59.9097 31.0218 334.8264 372.7061 -3.5546 0.0000 0.0000
2880.03 17.07.2018 05.00.01 27.08715 291.3778 -30.0631 -0.0854 -1.9856 2.5336 68.0062 35.1866 335.4653 374.5439 -3.5509 0.0000 0.0000
2890.03 17.07.2018 05.10.01 27.06036 291.7414 -43.3671 -0.1232 -2.1569 2.7115 183.3054 92.9099 336.6112 378.3532 -6.8761 0.0000 0.0000
2900.03 17.07.2018 05.20.01 27.03225 292.1141 127.3147 0.3617 -2.2915 3.5376 304.4126 153.6157 339.6870 386.8398 -17.1933 0.0000 0.0000
2910.03 17.07.2018 05.30.01 27.05700 292.5291 271.8952 0.7724 -2.6513 4.5650 505.4091 262.1231 343.8580 410.7225 -41.7588 0.0000 0.0000
2920.03 17.07.2018 05.40.01 27.12826 293.0030 391.0056 1.1108 -3.1786 5.7192 501.5281 260.2039 348.7368 423.4304 -54.2560 0.0000 0.0000
2930.03 17.07.2018 05.50.01 27.23766 293.4541 241.2587 0.6854 -3.8285 6.0185 489.5674 254.0983 351.1673 431.6042 -61.5017 0.0000 0.0000
2940.03 17.07.2018 06.00.01 27.30627 293.8663 135.8999 0.3861 -4.2182 6.1391 475.3865 246.7963 352.9096 437.6820 -67.5414 0.0000 0.0000
2950.03 17.07.2018 06.10.01 27.34539 294.1041 98.8534 0.2808 -4.4338 6.2862 466.4257 242.1897 354.6505 442.7085 -72.8783 0.0000 0.0000
2960.03 17.07.2018 06.20.01 27.37457 294.3389 91.0820 0.2588 -4.5839 6.4569 457.6986 237.7059 356.3821 446.8368 -77.3326 0.0000 0.0000
2970.03 17.07.2018 06.30.01 27.45242 294.5694 7251.9253 20.6021 -4.7102 33.7497 510.4059 249.6197 357.8824 454.0778 -83.7323 0.0000 0.0000
2980.03 17.07.2018 06.40.01 29.59899 294.8127 3367.5164 9.5668 -15.3116 33.1712 504.1226 246.7971 359.4789 457.2973 -86.7586 0.0000 0.0000
2990.03 17.07.2018 06.50.01 30.63598 295.0374 1628.5526 4.6266 -19.7721 32.5315 497.5528 243.8497 360.9618 459.8982 -89.2305 0.0000 0.0000
3000.03 17.07.2018 07.00.01 31.16860 295.2589 817.4576 2.3223 -21.5575 31.8398 490.6377 240.7332 362.3944 461.9777 -90.9911 0.0000 0.0000
3010.03 17.07.2018 07.10.01 31.46273 295.4653 496.6394 1.4109 -22.1384 31.3991 486.9925 239.1013 363.5019 463.3939 -95.5122 0.0000 0.0000
3020.03 17.07.2018 07.20.01 31.65951 295.6730 331.8548 0.9428 -22.2726 30.9539 483.4252 237.5184 364.6703 464.3965 -99.0717 0.0000 0.0000
3030.03 17.07.2018 07.30.01 31.80465 295.8802 225.4813 0.6406 -22.1956 30.4482 532.4411 267.5317 365.7155 473.3570 -109.3407 0.0000 0.0000
3040.03 17.07.2018 07.40.01 31.91589 296.1235 182.4663 0.5184 -21.9908 30.0122 528.3752 265.5742 366.8898 474.3010 -112.5837 0.0000 0.0000
3050.03 17.07.2018 07.50.01 32.01190 296.3343 131.8387 0.3745 -21.7484 29.4973 523.7769 263.3582 367.9011 474.7888 -114.7918 0.0000 0.0000
3060.03 17.07.2018 08.00.01 32.09094 296.5403 83.1180 0.2361 -21.4539 28.9200 521.2483 262.4309 368.8519 475.0869 -117.7120 0.0000 0.0000
3070.03 17.07.2018 08.10.01 32.15408 296.6707 80.8208 0.2296 -21.1069 28.4487 518.0414 260.8823 369.7793 475.2448 -119.3658 0.0000 0.0000
3080.03 17.07.2018 08.20.01 32.25259 296.7935 5446.9614 15.4743 -20.7731 48.3299 560.8114 271.5648 370.5760 477.8651 -124.9330 0.0000 0.0000
3090.03 17.07.2018 08.30.01 33.89932 296.9397 2510.6519 7.1325 -28.3120 47.2593 555.8080 269.3896 371.4868 477.8267 -127.6228 0.0000 0.0000
3100.03 17.07.2018 08.40.01 34.70516 297.0663 1176.2096 3.3415 -31.2328 46.0991 550.4524 267.0570 372.2639 477.6587 -128.0339 0.0000 0.0000
3110.03 17.07.2018 08.50.01 35.14492 297.1903 3833.1279 10.8896 -32.1248 57.3524 584.5453 279.0282 372.9877 480.6027 -133.4061 0.0000 0.0000
3120.03 17.07.2018 09.00.01 36.34585 297.3434 1682.4645 4.7797 -36.9166 55.5951 576.9700 275.8156 373.8349 480.2840 -135.2660 0.0000 0.0000
3130.03 17.07.2018 09.10.01 36.91903 297.3435 -113.8612 -0.3235 -38.3975 50.7654 549.0730 264.0243 375.1078 478.7609 -133.2672 0.0000 0.0000
3140.03 17.07.2018 09.20.01 36.96038 297.3338 -938.9861 -2.6676 -37.2478 46.1070 532.1572 258.6933 376.1438 478.8514 -129.9616 0.0000 0.0000
3150.03 17.07.2018 09.30.01 36.74908 297.3344 -1301.9705 -3.6988 -34.9894 41.7209 513.3849 252.0413 377.2852 478.6268 -127.4744 0.0000 0.0000
3160.03 17.07.2018 09.40.01 36.42104 297.3293 -1308.9655 -3.7187 -32.3193 38.1342 495.0194 244.6808 378.2843 478.3991 -122.1511 0.0000 0.0000
3170.03 17.07.2018 09.50.01 36.08163 297.3725 -1265.6084 -3.5955 -29.7550 34.8794 474.9970 236.0764 379.4901 476.4603 -123.3734 0.0000 0.0000
3180.03 17.07.2018 10.00.01 35.74661 297.3897 -1242.4358 -3.5296 -27.3558 31.7681 454.7427 227.2236 380.7120 473.9759 -123.6491 0.0000 0.0000
3190.03 17.07.2018 10.10.01 35.41290 297.4897 -1001.9508 -2.8465 -25.0758 29.6391 438.7411 219.8444 381.1846 472.1523 -120.2423 0.0000 0.0000
3200.03 17.07.2018 10.20.01 35.14440 297.5658 -907.9965 -2.5795 -23.2176 27.5174 422.1439 212.1025 381.5178 470.2190 -116.9136 0.0000 0.0000
3210.03 17.07.2018 10.30.01 34.89974 297.6314 -891.2211 -2.5319 -21.5451 25.3509 404.3951 203.7039 381.5348 468.0602 -113.2942 0.0000 0.0000
3220.03 17.07.2018 10.40.01 34.65737 297.7182 -803.4617 -2.2826 -19.9367 23.5388 390.9882 197.5447 381.7920 466.3761 -110.1613 0.0000 0.0000
3230.03 17.07.2018 10.50.01 34.43823 297.7863 -768.4518 -2.1831 -18.4679 21.7131 376.3374 190.6488 381.9311 464.4747 -106.8566 0.0000 0.0000
3240.03 17.07.2018 11.00.01 34.22427 297.8530 -742.2089 -2.1085 -17.0946 19.9814 362.2904 184.0429 382.0568 462.6759 -103.7129 0.0000 0.0000
3250.03 17.07.2018 11.10.01 34.01760 297.9815 -526.7191 -1.4964 -15.7923 19.0613 365.7010 186.3614 382.4534 462.2159 -102.3442 0.0000 0.0000
3260.03 17.07.2018 11.20.01 33.87365 298.1054 -424.7637 -1.2067 -14.8243 18.1567 366.8088 187.2853 383.1915 461.9940 -101.0230 0.0000 0.0000
3270.03 17.07.2018 11.30.01 33.75952 298.2346 -392.6438 -1.1155 -14.0090 17.1914 367.7672 188.1653 384.0525 461.9880 -100.1610 0.0000 0.0000
3280.03 17.07.2018 11.40.01 33.65490 298.3926 -377.1011 -1.0713 -13.2417 16.2272 372.7895 191.4661 385.1186 462.6938 -100.5293 0.0000 0.0000
3290.03 17.07.2018 11.50.01 33.55474 298.5336 -415.1249 -1.1793 -12.4974 15.0908 376.3418 194.0151 386.0206 463.3607 -101.0149 0.0000 0.0000
3300.03 17.07.2018 12.00.01 33.44265 298.6819 -467.6164 -1.3285 -11.7007 13.8296 382.4083 198.1690 386.7844 464.6428 -101.8142 0.0000 0.0000
3310.03 17.07.2018 12.10.01 33.31432 298.6968 -452.5439 -1.2856 -10.8384 12.7370 370.7845 192.8188 388.0728 464.7785 -101.7835 0.0000 0.0000
3320.03 17.07.2018 12.20.01 33.19039 298.6722 -312.9375 -0.8890 -10.0196 12.1741 362.1343 188.8531 388.7191 464.7187 -101.4968 0.0000 0.0000
3330.03 17.07.2018 12.30.01 33.10803 298.6408 -88.7911 -0.2522 -9.4269 12.2328 358.4410 187.3926 389.1101 464.9949 -101.7562 0.0000 0.0000
3340.03 17.07.2018 12.40.01 33.09194 298.6079 18.7360 0.0532 -9.1703 12.2981 354.7532 185.8824 389.4211 465.1324 -101.7731 0.0000 0.0000
3350.03 17.07.2018 12.50.01 33.10809 298.5591 45.6505 0.1297 -9.0665 12.2616 348.9085 183.1549 389.4359 464.8774 -101.1644 0.0000 0.0000
3360.03 17.07.2018 13.00.01 33.13302 298.5115 91.7846 0.2608 -8.9978 12.3447 343.0963 180.3561 389.6013 464.5368 -100.5417 0.0000 0.0000
3370.03 17.07.2018 13.10.01 33.17108 298.4088 -10.1757 -0.0289 -8.9871 11.9443 340.9949 179.5380 388.8767 463.3658 -102.4706 0.0000 0.0000
3380.03 17.07.2018 13.20.01 33.17892 298.2984 -57.9568 -0.1646 -8.8281 11.5513 339.1887 178.8924 387.9732 462.1009 -104.3977 0.0000 0.0000
3390.03 17.07.2018 13.30.01 33.17190 298.1953 -62.0740 -0.1763 -8.6100 11.2449 338.5363 178.8735 387.1787 460.9315 -106.3017 0.0000 0.0000
3400.03 17.07.2018 13.40.01 33.16259 298.0911 -71.5697 -0.2033 -8.3978 10.9260 338.2062 179.0253 386.3945 459.7615 -107.9413 0.0000 0.0000
3410.03 17.07.2018 13.50.01 33.14956 297.9909 -79.5703 -0.2261 -8.1825 10.6086 337.9440 179.2168 385.6065 458.6040 -109.5912 0.0000 0.0000
3420.03 17.07.2018 14.00.01 33.13317 297.8843 -98.2333 -0.2791 -7.9655 10.2486 336.9642 179.0089 384.7285 457.3374 -111.0870 0.0000 0.0000
3430.03 17.07.2018 14.10.01 33.11010 297.7517 -151.4362 -0.4302 -7.7288 9.7314 341.2364 181.7517 382.4581 456.3725 -113.3087 0.0000 0.0000
3440.03 17.07.2018 14.20.01 33.07049 297.6248 -174.9839 -0.4971 -7.4220 9.2332 346.2188 184.9062 380.1034 455.4995 -115.3726 0.0000 0.0000
3450.03 17.07.2018 14.30.01 33.02300 297.4963 -184.9583 -0.5254 -7.0925 8.7561 351.8511 188.4344 377.7039 454.7071 -117.4556 0.0000 0.0000
3460.03 17.07.2018 14.40.01 32.97128 297.3656 -219.4659 -0.6235 -6.7597 8.1817 358.2979 192.4277 375.1636 453.9573 -119.5343 0.0000 0.0000
3470.03 17.07.2018 14.50.01 32.90853 297.2414 -215.9463 -0.6135 -6.3896 7.7015 366.3923 197.3386 372.7552 453.4604 -122.0816 0.0000 0.0000
3480.03 17.07.2018 15.00.01 32.84570 297.1143 -224.2938 -0.6372 -6.0368 7.1995 374.2304 202.1135 370.3557 452.9751 -124.6887 0.0000 0.0000
3490.03 17.07.2018 15.10.01 32.78011 296.9264 -167.7888 -0.4767 -5.6874 6.9476 365.9493 197.8843 368.7580 451.6629 -123.3438 0.0000 0.0000
3500.03 17.07.2018 15.20.01 32.73055 296.7380 -144.1821 -0.4096 -5.4325 6.6972 357.2813 193.4223 367.1577 450.1315 -121.7231 0.0000 0.0000
3510.03 17.07.2018 15.30.01 32.68710 296.5457 -140.5930 -0.3994 -5.2229 6.4313 348.0074 188.6090 365.5330 448.4228 -119.9032 0.0000 0.0000
3520.03 17.07.2018 15.40.01 32.64376 296.3498 -178.2837 -0.5065 -5.0278 6.0284 336.0616 182.3210 363.6250 446.3176 -117.3404 0.0000 0.0000
3530.03 17.07.2018 15.50.01 32.58868 296.1538 -184.7896 -0.5250 -4.7875 5.6834 324.6191 176.2925 361.6994 444.1611 -114.6259 0.0000 0.0000
3540.03 17.07.2018 16.00.01 32.53060 295.9587 -174.6408 -0.4961 -4.5488 5.4036 313.1944 170.2244 359.8996 441.9465 -111.7817 0.0000 0.0000
3550.03 17.07.2018 16.10.01 32.47460 295.6983 -181.5564 -0.5158 -4.3381 5.0964 302.1846 164.3612 357.7993 439.4237 -109.6095 0.0000 0.0000
3560.03 17.07.2018 16.20.01 32.41555 295.4389 -170.3628 -0.4840 -4.1310 4.8626 291.6860 158.7488 355.7915 436.9040 -107.3269 0.0000 0.0000
3570.03 17.07.2018 16.30.01 32.35861 295.1813 -162.7062 -0.4622 -3.9535 4.6550 281.1187 153.0755 353.8410 434.3434 -104.8521 0.0000 0.0000
3580.03 17.07.2018 16.40.01 32.30297 294.9226 -167.0488 -0.4746 -3.7993 4.4330 269.3140 146.7402 351.8767 431.6879 -101.9768 0.0000 0.0000
3590.03 17.07.2018 16.50.01 32.24511 294.6608 -177.6665 -0.5047 -3.6500 4.1937 257.0047 140.1157 349.8610 428.9165 -98.8523 0.0000 0.0000
3600.03 17.07.2018 17.00.01 32.18319 294.4008 -183.6845 -0.5218 -3.4966 3.9664 244.2307 133.2030 347.8698 426.0606 -95.4886 0.0000 0.0000
3610.03 17.07.2018 17.10.01 32.11843 294.1286 -200.8314 -0.5705 -3.3469 3.7018 228.7970 124.8463 346.1883 423.0898 -91.2496 0.0000 0.0000
3620.03 17.07.2018 17.20.01 32.04745 293.8541 -218.8572 -0.6218 -3.1843 3.4167 212.8255 116.1825 344.4940 420.0075 -86.8588 0.0000 0.0000
3630.03 17.07.2018 17.30.01 31.97003 293.5782 -238.2148 -0.6767 -3.0091 3.1098 196.3601 107.2396 342.7535 416.8212 -82.3036 0.0000 0.0000
3640.03 17.07.2018 17.40.01 31.88561 293.3020 -248.2312 -0.7052 -2.8198 2.8194 175.8232 96.0248 341.0363 413.3393 -76.8799 0.0000 0.0000
3650.03 17.07.2018 17.50.01 31.79705 293.0239 -264.2014 -0.7506 -2.6308 2.5070 154.8326 84.5546 339.2763 409.6976 -71.1486 0.0000 0.0000
3660.03 17.07.2018 18.00.01 31.70242 292.7447 -276.8243 -0.7864 -2.4333 2.1958 133.6220 72.9511 337.5120 405.9544 -65.2500 0.0000 0.0000
3670.03 17.07.2018 18.10.01 31.60287 292.4233 -281.0680 -0.7985 -2.2327 1.9123 117.7441 64.2862 336.2227 402.8499 -58.5660 0.0000 0.0000
3680.03 17.07.2018 18.20.01 31.50091 292.1053 -284.9344 -0.8095 -2.0387 1.6390 101.9263 55.6498 334.9893 399.8394 -52.5221 0.0000 0.0000
3690.03 17.07.2018 18.30.01 31.39681 291.7891 -285.0410 -0.8098 -1.8525 1.3903 86.2990 47.1092 333.8228 396.8497 -47.0494 0.0000 0.0000
3700.03 17.07.2018 18.40.01 31.29159 291.4751 -287.5045 -0.8168 -1.6796 1.1505 64.1328 34.9446 332.6943 393.3966 -40.9884 0.0000 0.0000
3710.03 17.07.2018 18.50.01 31.18450 291.1600 -300.2103 -0.8529 -1.5159 0.8841 41.8134 22.7087 331.5152 389.7363 -35.0915 0.0000 0.0000
3720.03 17.07.2018 19.00.01 31.07247 290.8423 -310.7961 -0.8829 -1.3470 0.6187 19.6875 10.5867 330.3249 385.9327 -29.5521 0.0000 0.0000
3730.03 17.07.2018 19.10.01 30.95620 290.4391 -300.8364 -0.8546 -1.1796 0.4333 16.1409 8.6959 328.9871 382.9890 -28.0783 0.0000 0.0000
3740.03 17.07.2018 19.20.01 30.84127 290.0417 -279.2200 -0.7932 -1.0474 0.3389 13.5409 7.3031 327.7723 380.3848 -27.1792 0.0000 0.0000
3750.03 17.07.2018 19.30.01 30.73120 289.6457 -271.1352 -0.7703 -0.9661 0.2611 11.1174 6.0037 326.6044 377.9282 -26.4729 0.0000 0.0000
3760.03 17.07.2018 19.40.01 30.62213 289.2509 -272.1036 -0.7730 -0.9131 0.1868 7.4976 4.0444 325.4621 375.4987 -25.7339 0.0000 0.0000
3770.03 17.07.2018 19.50.01 30.51147 288.8556 -278.8770 -0.7923 -0.8741 0.1091 3.8909 2.0955 324.3202 373.1193 -25.1044 0.0000 0.0000
3780.03 17.07.2018 20.00.01 30.39761 288.4608 -287.5266 -0.8168 -0.8405 0.0315 0.3364 0.1777 323.1862 370.8072 -24.5125 0.0000 0.0000
3790.03 17.07.2018 20.10.01 30.28002 288.0734 -283.0056 -0.8040 -0.8083 0.0057 0.0611 0.0323 322.1832 368.8850 -23.8807 0.0000 0.0000
3800.03 17.07.2018 20.20.01 30.16277 287.6902 -279.7622 -0.7948 -0.7956 0.0010 0.0110 0.0058 321.2374 367.1149 -23.5408 0.0000 0.0000
3810.03 17.07.2018 20.30.01 30.04556 287.3102 -281.2381 -0.7990 -0.7991 0.0002 0.0020 0.0011 320.3340 365.4625 -23.2714 0.0000 0.0000
3820.03 17.07.2018 20.40.01 29.92700 286.9338 -285.3557 -0.8107 -0.8107 0.0000 0.0004 0.0002 319.4633 363.9075 -23.0459 0.0000 0.0000
3830.03 17.07.2018 20.50.01 29.80642 286.5621 -290.4315 -0.8251 -0.8251 0.0000 0.0001 0.0000 318.6134 362.4196 -22.9350 0.0000 0.0000
3840.03 17.07.2018 21.00.01 29.68362 286.1986 -295.8566 -0.8405 -0.8405 0.0000 0.0000 0.0000 317.7952 361.0288 -22.7610 0.0000 0.0000
3850.03 17.07.2018 21.10.01 29.55868 286.0306 -299.1456 -0.8498 -0.8498 0.0000 0.0000 0.0000 317.3935 360.0392 -21.3194 0.0000 0.0000
3860.03 17.07.2018 21.20.01 29.43353 285.8594 -297.7669 -0.8459 -0.8459 0.0000 0.0000 0.0000 317.0880 359.1594 -20.0873 0.0000 0.0000
3870.03 17.07.2018 21.30.01 29.30956 285.6867 -293.7356 -0.8345 -0.8345 0.0000 0.0000 0.0000 316.9294 358.3221 -19.2583 0.0000 0.0000
3880.03 17.07.2018 21.40.01 29.18746 285.5546 -289.5012 -0.8224 -0.8224 0.0000 0.0000 0.0000 316.6756 357.5800 -18.4030 0.0000 0.0000
3890.03 17.07.2018 21.50.01 29.06661 285.4222 -287.8695 -0.8178 -0.8178 0.0000 0.0000 0.0000 316.3952 356.8435 -17.7337 0.0000 0.0000
3900.03 17.07.2018 22.00.01 28.94595 285.3318 -287.5031 -0.8168 -0.8168 0.0000 0.0000 0.0000 316.1255 356.1754 -16.9968 0.0000 0.0000
3910.03 17.07.2018 22.10.01 28.82525 285.2685 -287.5340 -0.8169 -0.8169 0.0000 0.0000 0.0000 315.7792 355.5019 -16.4169 0.0000 0.0000
3920.03 17.07.2018 22.20.01 28.70440 285.1942 -288.4764 -0.8195 -0.8195 0.0000 0.0000 0.0000 315.4320 354.8398 -15.9420 0.0000 0.0000
3930.03 17.07.2018 22.30.01 28.58318 285.1187 -290.0337 -0.8240 -0.8240 0.0000 0.0000 0.0000 315.0862 354.2004 -15.5038 0.0000 0.0000
3940.03 17.07.2018 22.40.01 28.46142 285.0685 -291.8432 -0.8291 -0.8291 0.0000 0.0000 0.0000 314.7523 353.6132 -14.9642 0.0000 0.0000
3950.03 17.07.2018 22.50.01 28.33874 285.0219 -292.6207 -0.8313 -0.8313 0.0000 0.0000 0.0000 314.4230 353.0532 -14.4339 0.0000 0.0000
3960.03 17.07.2018 23.00.01 28.21606 284.9735 -293.8358 -0.8348 -0.8348 0.0000 0.0000 0.0000 314.0974 352.5136 -13.9339 0.0000 0.0000
3970.03 17.07.2018 23.10.01 28.09261 285.0182 -294.3261 -0.8362 -0.8362 0.0000 0.0000 0.0000 313.7251 352.0978 -13.0175 0.0000 0.0000
3980.03 17.07.2018 23.20.01 27.96902 284.6672 -296.2902 -0.8417 -0.8417 0.0000 0.0000 0.0000 313.2142 351.3595 -13.7791 0.0000 0.0000
3990.03 17.07.2018 23.30.01 27.84371 284.4393 -302.0379 -0.8581 -0.8581 0.0000 0.0000 0.0000 312.7476 350.6801 -13.9844 0.0000 0.0000
4000.03 17.07.2018 23.40.01 27.71615 284.2644 -307.1129 -0.8725 -0.8725 0.0000 0.0000 0.0000 312.3100 350.0152 -14.1476 0.0000 0.0000
4010.03 17.07.2018 23.50.01 27.58654 284.0760 -311.7202 -0.8856 -0.8856 0.0000 0.0000 0.0000 311.8782 349.3243 -14.3750 0.0000 0.0000
4020.03 18.07.2018 00.00.01 27.45513 283.9264 -315.5553 -0.8965 -0.8965 0.0000 0.0000 0.0000 311.4503 348.6421 -14.5273 0.0000 0.0000
4030.03 18.07.2018 00.10.01 27.32244 283.8863 -316.3645 -0.8988 -0.8988 0.0000 0.0000 0.0000 311.1653 348.1466 -13.7392 0.0000 0.0000
4040.03 18.07.2018 00.20.01 27.19048 283.8618 -313.5184 -0.8907 -0.8907 0.0000 0.0000 0.0000 310.8454 347.6358 -13.1341 0.0000 0.0000
4050.03 18.07.2018 00.30.01 27.05996 283.9450 -309.5848 -0.8795 -0.8795 0.0000 0.0000 0.0000 310.5516 347.2706 -12.1947 0.0000 0.0000
4060.03 18.07.2018 00.40.01 26.93124 283.8483 -305.2966 -0.8673 -0.8673 0.0000 0.0000 0.0000 310.2708 346.7758 -12.0816 0.0000 0.0000
4070.03 18.07.2018 00.50.01 26.80410 283.7765 -302.3552 -0.8590 -0.8590 0.0000 0.0000 0.0000 309.9515 346.2472 -12.0599 0.0000 0.0000
4080.03 18.07.2018 01.00.01 26.67776 283.6754 -300.6561 -0.8541 -0.8541 0.0000 0.0000 0.0000 309.6531 345.6759 -12.2421 0.0000 0.0000
4090.03 18.07.2018 01.10.01 26.55227 283.6092 -299.4529 -0.8507 -0.8507 0.0000 0.0000 0.0000 309.3135 345.1991 -11.9020 0.0000 0.0000
4100.03 18.07.2018 01.20.01 26.42745 283.5291 -296.4243 -0.8421 -0.8421 0.0000 0.0000 0.0000 308.9604 344.7072 -11.6936 0.0000 0.0000
4110.03 18.07.2018 01.30.01 26.30395 283.4819 -293.6675 -0.8343 -0.8343 0.0000 0.0000 0.0000 308.5697 344.2139 -11.5101 0.0000 0.0000
4120.03 18.07.2018 01.40.01 26.18127 283.4466 -292.0385 -0.8297 -0.8297 0.0000 0.0000 0.0000 308.1953 343.7211 -11.4295 0.0000 0.0000
4130.03 18.07.2018 01.50.01 26.05859 283.3656 -292.6256 -0.8313 -0.8313 0.0000 0.0000 0.0000 307.8342 343.1756 -11.6232 0.0000 0.0000
4140.03 18.07.2018 02.00.01 25.93539 283.2860 -295.4068 -0.8392 -0.8392 0.0000 0.0005 0.0002 307.4513 342.6259 -11.8174 0.0000 0.0000
4150.03 18.07.2018 02.10.01 25.81106 283.3271 -295.2048 -0.8387 -0.8477 0.0120 0.2802 0.1463 307.2534 342.2457 -11.3742 0.0000 0.0000
4160.03 18.07.2018 02.20.01 25.68664 283.3546 -294.6772 -0.8372 -0.8576 0.0272 0.5960 0.3115 307.0998 341.8904 -11.0154 0.0000 0.0000
4170.03 18.07.2018 02.30.01 25.56237 283.3813 -294.4320 -0.8365 -0.8687 0.0430 0.9172 0.4796 306.9655 341.5628 -10.6725 0.0000 0.0000
4180.03 18.07.2018 02.40.01 25.43823 283.4147 -293.9666 -0.8351 -0.8792 0.0588 1.2396 0.6484 306.8528 341.2801 -10.2462 0.0000 0.0000
4190.03 18.07.2018 02.50.01 25.31426 283.4526 -292.7990 -0.8318 -0.8878 0.0747 1.5621 0.8172 306.7531 341.0280 -9.8224 0.0000 0.0000
4200.03 18.07.2018 03.00.01 25.19091 283.4975 -291.4748 -0.8281 -0.8961 0.0907 1.8888 0.9881 306.6644 340.8051 -9.3925 0.0000 0.0000
4210.03 18.07.2018 03.10.01 25.06848 283.7973 -261.1944 -0.7420 -0.9004 0.2112 4.6474 2.4287 306.9676 341.1379 -7.8128 0.0000 0.0000
4220.03 18.07.2018 03.20.01 24.95608 284.0797 -234.8727 -0.6673 -0.9368 0.3594 7.7204 4.0368 307.4155 341.6301 -6.5834 0.0000 0.0000
4230.03 18.07.2018 03.30.01 24.85266 284.3831 -216.0933 -0.6139 -0.9981 0.5123 10.8411 5.6700 307.9223 342.2475 -5.4201 0.0000 0.0000
4240.03 18.07.2018 03.40.01 24.75601 284.7003 -201.7436 -0.5731 -1.0727 0.6661 13.9713 7.3082 308.4706 342.9700 -4.3233 0.0000 0.0000
4250.03 18.07.2018 03.50.01 24.66482 285.0331 -189.4876 -0.5383 -1.1533 0.8200 17.1032 8.9473 309.0701 343.7935 -3.2748 0.0000 0.0000
4260.03 18.07.2018 04.00.01 24.57845 285.3687 -178.5200 -0.5072 -1.2376 0.9739 20.2357 10.5867 309.7024 344.6913 -2.3084 0.0000 0.0000
4270.03 18.07.2018 04.10.01 24.49664 285.6986 -165.5209 -0.4702 -1.3242 1.1387 23.6206 12.3578 310.8444 345.7309 -1.6475 0.0000 0.0000
4280.03 18.07.2018 04.20.01 24.41985 286.0331 -152.9602 -0.4345 -1.4143 1.3064 27.0380 14.1464 312.0386 346.8518 -1.0955 0.0000 0.0000
4290.03 18.07.2018 04.30.01 24.34811 286.3694 -141.4153 -0.4017 -1.5076 1.4745 30.4604 15.9375 313.2610 348.0327 -0.6289 0.0000 0.0000
4300.03 18.07.2018 04.40.01 24.28103 286.7078 -130.5517 -0.3709 -1.6029 1.6427 33.8837 17.7291 314.5049 349.2700 -0.2157 0.0000 0.0000
4310.03 18.07.2018 04.50.01 24.21847 287.0457 -120.2040 -0.3415 -1.6997 1.8110 62.9888 32.3616 315.7655 351.0200 -0.4828 0.0000 0.0000
4320.03 18.07.2018 05.00.01 24.16033 287.3932 -72.4837 -0.2059 -1.7975 2.1222 71.8224 36.8722 317.4064 353.4447 -1.4298 0.0000 0.0000
4330.03 18.07.2018 05.10.01 24.11740 287.8413 -75.4972 -0.2145 -1.9497 2.3137 221.3963 111.7369 319.0585 358.3361 -4.9823 0.0000 0.0000
4340.03 18.07.2018 05.20.01 24.07656 288.3411 153.9656 0.4374 -2.0797 3.3562 378.6083 190.5249 323.1125 369.4676 -16.7038 0.0000 0.0000
4350.03 18.07.2018 05.30.01 24.10644 288.9118 345.7622 0.9823 -2.5143 4.6621 641.7744 332.7155 328.4929 399.9426 -52.0818 0.0000 0.0000
4360.03 18.07.2018 05.40.01 24.19824 289.5526 494.0216 1.4035 -3.1695 6.0973 613.5523 318.2041 334.9925 415.3457 -68.4153 0.0000 0.0000
4370.03 18.07.2018 05.50.01 24.33764 290.0550 280.9967 0.7983 -3.9719 6.3602 574.3514 298.0127 338.3199 424.0476 -76.9677 0.0000 0.0000
4380.03 18.07.2018 06.00.01 24.41839 290.4846 118.6296 0.3370 -4.4108 6.3304 531.5745 275.8959 340.4845 429.7596 -81.9665 0.0000 0.0000
4390.03 18.07.2018 06.10.01 24.45309 290.8447 57.3733 0.1630 -4.5902 6.3376 512.2290 265.9073 341.9251 434.2049 -86.0297 0.0000 0.0000
4400.03 18.07.2018 06.20.01 24.47051 291.2080 51.0542 0.1450 -4.6707 6.4210 493.5084 256.2349 343.3647 437.8230 -88.7208 0.0000 0.0000
4410.03 18.07.2018 06.30.01 24.54144 291.5647 7883.5620 22.3965 -4.7328 36.1724 543.0678 265.1458 344.8920 444.5596 -94.6547 0.0000 0.0000
4420.03 18.07.2018 06.40.01 26.87451 291.9482 3560.7061 10.1156 -16.2540 35.1595 530.9566 259.5400 346.4394 447.3389 -95.6920 0.0000 0.0000
4430.03 18.07.2018 06.50.01 27.97192 292.3062 1629.3892 4.6289 -20.9513 34.1070 518.7887 253.9305 347.9259 449.5709 -96.3287 0.0000 0.0000
4440.03 18.07.2018 07.00.01 28.50848 292.6593 728.1665 2.0687 -22.6857 33.0059 506.2654 248.1444 349.3778 451.2531 -96.4595 0.0000 0.0000
4450.03 18.07.2018 07.10.01 28.77844 292.9161 228.0629 0.6479 -23.0892 31.6494 491.3145 241.3629 350.7814 452.1071 -96.3304 0.0000 0.0000
4460.03 18.07.2018 07.20.01 28.89709 293.1767 -24.6903 -0.0701 -22.7934 30.2976 476.3947 234.5962 352.1578 452.5394 -95.9513 0.0000 0.0000
4470.03 18.07.2018 07.30.01 28.93646 293.4299 -173.2485 -0.4922 -22.1771 28.9132 508.9127 256.3167 353.3932 459.2311 -103.8834 0.0000 0.0000
4480.03 18.07.2018 07.40.01 28.92834 293.7225 -142.3448 -0.4044 -21.3915 27.9829 497.5776 250.9167 354.6961 459.4450 -103.6441 0.0000 0.0000
4490.03 18.07.2018 07.50.01 28.92529 293.9786 -144.6443 -0.4109 -20.6962 27.0470 486.3395 245.5799 355.9605 459.3989 -103.5703 0.0000 0.0000
4500.03 18.07.2018 08.00.01 28.91863 294.2333 -164.5261 -0.4674 -20.0311 26.0849 476.8501 241.3138 357.1953 459.3269 -103.6883 0.0000 0.0000
4510.03 18.07.2018 08.10.01 28.90240 294.3671 -401.5581 -1.1408 -19.3632 24.2965 449.8521 228.2152 358.4749 458.1247 -101.5503 0.0000 0.0000
4520.03 18.07.2018 08.20.01 28.83706 294.4876 2781.5391 7.9021 -18.3710 35.0307 450.6802 222.3660 359.4118 457.6911 -101.0012 0.0000 0.0000
4530.03 18.07.2018 08.30.01 29.68383 294.6207 457.3112 1.2992 -22.0754 31.1660 418.3826 207.6544 360.2852 455.3415 -97.7023 0.0000 0.0000
4540.03 18.07.2018 08.40.01 29.85919 294.7304 -370.6071 -1.0529 -22.2111 28.2110 395.1573 197.1899 361.0061 453.0889 -94.6455 0.0000 0.0000
4550.03 18.07.2018 08.50.01 29.79748 294.8421 558.5904 1.5869 -21.1459 30.3104 388.5381 192.8752 361.7894 452.0695 -93.3875 0.0000 0.0000
4560.03 18.07.2018 09.00.01 29.99551 294.9661 -512.1609 -1.4550 -21.4942 26.7190 363.9440 182.0667 362.6020 449.7599 -90.0962 0.0000 0.0000
4570.03 18.07.2018 09.10.01 29.88259 295.0696 -399.1832 -1.1340 -20.2568 25.4970 357.9595 179.5798 363.5943 448.9440 -84.4926 0.0000 0.0000
4580.03 18.07.2018 09.20.01 29.79891 295.1801 -329.7588 -0.9368 -19.2339 24.3962 356.6951 179.8325 364.7888 449.1927 -80.9574 0.0000 0.0000
4590.03 18.07.2018 09.30.01 29.73342 295.2980 -281.5448 -0.7998 -18.3422 23.3898 355.4555 180.0279 366.1097 449.6992 -78.3056 0.0000 0.0000
4600.03 18.07.2018 09.40.01 29.68066 295.4242 -224.7546 -0.6385 -17.5404 22.5359 353.4159 179.5541 367.4981 450.2021 -75.8075 0.0000 0.0000
4610.03 18.07.2018 09.50.01 29.64361 295.5581 -185.5118 -0.5270 -16.8368 21.7464 350.4569 178.4804 368.9288 450.7398 -73.5443 0.0000 0.0000
4620.03 18.07.2018 10.00.01 29.61736 295.6895 -169.4850 -0.4815 -16.2008 20.9591 347.1896 177.2189 370.3214 451.3178 -71.5556 0.0000 0.0000
4630.03 18.07.2018 10.10.01 29.59689 295.8329 58.1264 0.1651 -15.5944 21.0127 354.7803 181.2324 372.3738 452.6366 -72.7294 0.0000 0.0000
4640.03 18.07.2018 10.20.01 29.64358 295.9783 170.1751 0.4835 -15.3240 21.0766 362.8819 185.5438 374.5892 454.2033 -74.9872 0.0000 0.0000
4650.03 18.07.2018 10.30.01 29.72427 296.1445 200.1791 0.5687 -15.2051 21.0317 370.1567 189.4414 376.7281 455.7465 -77.2864 0.0000 0.0000
4660.03 18.07.2018 10.40.01 29.81530 296.3343 222.5996 0.6324 -15.1151 20.9967 378.2671 193.8432 379.0659 457.4202 -79.0424 0.0000 0.0000
4670.03 18.07.2018 10.50.01 29.91458 296.4754 211.0864 0.5997 -15.0385 20.8509 385.2860 197.6735 381.6569 459.3410 -80.4757 0.0000 0.0000
4680.03 18.07.2018 11.00.01 30.01083 296.6350 187.5876 0.5329 -14.9356 20.6247 391.8317 201.2833 384.0347 460.6939 -83.8507 0.0000 0.0000
4690.03 18.07.2018 11.10.01 30.09817 296.7043 -130.7641 -0.3715 -14.7812 19.2130 376.0419 193.9722 384.6291 461.9041 -80.1441 0.0000 0.0000
4700.03 18.07.2018 11.20.01 30.09020 296.7733 -326.8905 -0.9287 -14.1604 17.6423 354.7824 183.5007 384.5249 461.7499 -75.0212 0.0000 0.0000
4710.03 18.07.2018 11.30.01 30.02218 296.8292 -390.5999 -1.1097 -13.2782 16.2247 333.9998 173.2007 384.0785 461.0674 -70.4953 0.0000 0.0000
4720.03 18.07.2018 11.40.01 29.93282 296.8489 -368.8765 -1.0479 -12.3398 15.0559 316.2878 164.4834 383.4753 460.2099 -66.8705 0.0000 0.0000
4730.03 18.07.2018 11.50.01 29.84713 296.8465 -329.1231 -0.9350 -11.4716 14.0488 298.6064 155.6625 382.5974 458.8913 -63.9928 0.0000 0.0000
4740.03 18.07.2018 12.00.01 29.77105 296.8701 -271.7514 -0.7720 -10.6953 13.2311 281.8761 147.2669 381.6282 457.2583 -61.6643 0.0000 0.0000
4750.03 18.07.2018 12.10.01 29.70989 296.9879 -246.9737 -0.7016 -10.0282 12.4354 277.7861 145.0810 380.3815 454.9838 -62.1824 0.0000 0.0000
4760.03 18.07.2018 12.20.01 29.65490 297.0940 -169.7795 -0.4823 -9.4227 11.9205 277.9469 145.2336 379.6420 453.3639 -64.8426 0.0000 0.0000
4770.03 18.07.2018 12.30.01 29.62182 297.1985 -91.5565 -0.2601 -8.9492 11.5855 280.5518 146.7161 379.0469 452.0858 -68.1214 0.0000 0.0000
4780.03 18.07.2018 12.40.01 29.61138 297.3470 -52.1841 -0.1483 -8.5969 11.2649 284.3005 148.8690 378.5882 451.8801 -67.7136 0.0000 0.0000
4790.03 18.07.2018 12.50.01 29.61266 297.5069 -46.6038 -0.1324 -8.3019 10.8927 288.2953 151.2085 378.1156 452.0358 -67.1199 0.0000 0.0000
4800.03 18.07.2018 13.00.01 29.61581 297.7002 -28.1787 -0.0801 -8.0139 10.5785 293.4212 154.1843 377.7446 452.5900 -66.9480 0.0000 0.0000
4810.03 18.07.2018 13.10.01 29.62539 297.7765 64.5296 0.1833 -7.7519 10.5803 288.0093 151.5659 379.7966 454.1337 -59.7541 0.0000 0.0000
4820.03 18.07.2018 13.20.01 29.66332 297.6836 49.8883 0.1417 -7.6068 10.3314 278.7545 146.8311 381.3398 454.3949 -57.7784 0.0000 0.0000
4830.03 18.07.2018 13.30.01 29.69824 297.5635 56.5851 0.1608 -7.4291 10.1198 269.5441 142.0955 382.6330 453.6126 -60.8733 0.0000 0.0000
4840.03 18.07.2018 13.40.01 29.73531 297.5989 56.6740 0.1610 -7.2588 9.8931 259.5006 136.8744 383.8489 453.6195 -55.8809 0.0000 0.0000
4850.03 18.07.2018 13.50.01 29.77242 297.8007 56.1254 0.1594 -7.0879 9.6631 248.8733 131.3056 384.7362 452.5683 -56.2023 0.0000 0.0000
4860.03 18.07.2018 14.00.01 29.80901 297.7368 46.8740 0.1332 -6.9241 9.4097 237.3444 125.2143 385.2944 450.1140 -60.5520 0.0000 0.0000
4870.03 18.07.2018 14.10.01 29.84054 297.6201 -50.9786 -0.1448 -6.7622 8.8231 217.7636 114.9045 383.7693 448.1160 -55.1908 0.0000 0.0000
4880.03 18.07.2018 14.20.01 29.84185 297.5037 -130.3503 -0.3703 -6.4655 8.1269 196.4837 103.6590 382.0536 445.5280 -49.8985 0.0000 0.0000
4890.03 18.07.2018 14.30.01 29.81832 297.4011 -176.1199 -0.5003 -6.0664 7.4214 174.6912 92.1134 380.2134 442.5352 -45.0317 0.0000 0.0000
4900.03 18.07.2018 14.40.01 29.77966 297.3413 -208.6232 -0.5927 -5.6162 6.6980 151.5411 79.8059 378.2270 439.2729 -38.9097 0.0000 0.0000
4910.03 18.07.2018 14.50.01 29.72961 297.1444 -229.7231 -0.6526 -5.1411 5.9847 128.1283 67.3335 376.0858 435.4767 -33.8259 0.0000 0.0000
4920.03 18.07.2018 15.00.01 29.67080 297.0884 -250.1810 -0.7107 -4.6642 5.2713 104.3488 54.6396 373.7846 431.3041 -28.9346 0.0000 0.0000
4930.03 18.07.2018 15.10.01 29.60458 296.8222 -185.9599 -0.5283 -4.1882 4.8799 98.3746 51.4903 370.6328 427.8973 -28.5280 0.0000 0.0000
4940.03 18.07.2018 15.20.01 29.55654 296.5219 -115.0690 -0.3269 -3.8306 4.6716 94.5073 49.4655 367.6852 424.5553 -29.3451 0.0000 0.0000
4950.03 18.07.2018 15.30.01 29.52703 296.2194 -83.5982 -0.2375 -3.6075 4.4933 90.9452 47.6008 364.7923 421.2351 -30.2067 0.0000 0.0000
4960.03 18.07.2018 15.40.01 29.50454 295.9714 -76.6163 -0.2177 -3.4582 4.3207 87.4461 45.7694 361.8785 418.1262 -29.7542 0.0000 0.0000
4970.03 18.07.2018 15.50.01 29.48205 295.7553 -81.6575 -0.2320 -3.3439 4.1492 83.9575 43.9436 358.9502 415.1247 -29.4341 0.0000 0.0000
4980.03 18.07.2018 16.00.01 29.45623 295.5451 -91.4758 -0.2599 -3.2433 3.9779 80.5013 42.1356 356.0175 412.2098 -29.0263 0.0000 0.0000
4990.03 18.07.2018 16.10.01 29.42617 295.7528 -82.8847 -0.2355 -3.1405 3.8734 95.4195 50.4142 355.7791 412.1466 -26.2293 0.0000 0.0000
5000.03 18.07.2018 16.20.01 29.39944 295.9884 -42.1981 -0.1199 -3.0423 3.8965 112.0536 59.6249 356.1217 413.1210 -24.9372 0.0000 0.0000
5010.03 18.07.2018 16.30.01 29.38571 296.2355 -13.5131 -0.0384 -2.9930 3.9395 129.1110 69.0739 356.7040 414.6705 -24.5895 0.0000 0.0000
5020.03 18.07.2018 16.40.01 29.38134 296.4937 3.2932 0.0094 -2.9758 3.9802 150.6069 80.9948 357.4205 417.0830 -25.1430 0.0000 0.0000
5030.03 18.07.2018 16.50.01 29.38281 296.7617 18.5026 0.0526 -2.9753 4.0371 172.6311 93.2202 358.2624 420.0547 -26.4119 0.0000 0.0000
5040.03 18.07.2018 17.00.01 29.38931 297.0366 28.8754 0.0820 -2.9896 4.0955 194.7103 105.4800 359.2023 423.4325 -28.2215 0.0000 0.0000
5050.03 18.07.2018 17.10.01 29.39913 296.7274 12.8150 0.0364 -3.0180 4.0726 183.4683 99.3656 358.9923 422.6722 -33.0698 0.0000 0.0000
5060.03 18.07.2018 17.20.01 29.40286 296.3879 -53.9915 -0.1534 -3.0359 3.8433 169.6974 91.8916 358.0296 420.6303 -36.7108 0.0000 0.0000
5070.03 18.07.2018 17.30.01 29.38516 296.0421 -105.1801 -0.2988 -2.9752 3.5685 155.2618 84.0542 356.7353 418.0316 -39.2198 0.0000 0.0000
5080.03 18.07.2018 17.40.01 29.35034 295.6985 -137.0064 -0.3892 -2.8633 3.2988 137.2793 74.2419 355.3112 414.8605 -39.9676 0.0000 0.0000
5090.03 18.07.2018 17.50.01 29.30392 295.3490 -166.7446 -0.4737 -2.7304 3.0090 118.9328 64.2267 353.7721 411.3685 -39.7168 0.0000 0.0000
5100.03 18.07.2018 18.00.01 29.24664 294.9961 -189.1077 -0.5372 -2.5785 2.7217 100.4833 54.1473 352.1930 407.6843 -38.6081 0.0000 0.0000
5110.03 18.07.2018 18.10.01 29.18063 294.6368 -227.7908 -0.6471 -2.4159 2.3584 87.3366 47.0666 350.0805 404.5934 -35.5113 0.0000 0.0000
5120.03 18.07.2018 18.20.01 29.10153 294.2802 -251.6049 -0.7148 -2.2148 2.0000 74.2014 39.9890 347.9959 401.4852 -32.5438 0.0000 0.0000
5130.03 18.07.2018 18.30.01 29.01379 293.9235 -266.1277 -0.7560 -1.9971 1.6547 61.1743 32.9664 345.9355 398.3297 -29.6781 0.0000 0.0000
5140.03 18.07.2018 18.40.01 28.92028 293.5702 -278.4014 -0.7909 -1.7766 1.3142 44.4025 23.8687 343.8890 394.8893 -26.1173 0.0000 0.0000
5150.03 18.07.2018 18.50.01 28.82180 293.2218 -293.8950 -0.8349 -1.5539 0.9586 27.5488 14.7335 341.8183 391.3430 -22.2979 0.0000 0.0000
5160.03 18.07.2018 19.00.01 28.71725 292.8580 -306.9586 -0.8720 -1.3247 0.6035 10.8172 5.6702 339.7300 387.7001 -18.5320 0.0000 0.0000
5170.03 18.07.2018 19.10.01 28.60790 292.6022 -273.0840 -0.7758 -1.0918 0.4214 8.1415 4.2640 339.7296 385.4373 -15.8943 0.0000 0.0000
5180.03 18.07.2018 19.20.01 28.50805 292.3603 -235.6362 -0.6694 -0.9146 0.3269 6.4057 3.3545 340.0101 383.6379 -14.2009 0.0000 0.0000
5190.03 18.07.2018 19.30.01 28.41915 292.1219 -214.4225 -0.6092 -0.7953 0.2482 4.8386 2.5342 340.3912 382.0528 -12.9890 0.0000 0.0000
5200.03 18.07.2018 19.40.01 28.33633 291.8856 -204.0579 -0.5797 -0.7090 0.1724 3.3021 1.7300 340.8629 380.6377 -12.0897 0.0000 0.0000
5210.03 18.07.2018 19.50.01 28.25643 291.6497 -199.8306 -0.5677 -0.6405 0.0971 1.7711 0.9288 341.3636 379.3440 -11.4676 0.0000 0.0000
5220.03 18.07.2018 20.00.01 28.17751 291.4161 -199.0451 -0.5655 -0.5820 0.0220 0.2434 0.1292 341.8383 378.1412 -11.0380 0.0000 0.0000
5230.03 18.07.2018 20.10.01 28.09863 291.3336 -184.7390 -0.5248 -0.5277 0.0038 0.0399 0.0210 343.7188 377.4678 -10.2445 0.0000 0.0000
5240.03 18.07.2018 20.20.01 28.02410 291.2570 -173.4093 -0.4926 -0.4932 0.0007 0.0076 0.0040 345.7267 377.0049 -9.8768 0.0000 0.0000
5250.03 18.07.2018 20.30.01 27.95312 291.1808 -166.5703 -0.4732 -0.4733 0.0001 0.0013 0.0007 347.7882 376.6707 -9.7954 0.0000 0.0000
5260.03 18.07.2018 20.40.01 27.88424 291.1045 -162.7091 -0.4622 -0.4623 0.0000 0.0002 0.0001 349.8879 376.4536 -9.8883 0.0000 0.0000
5270.03 18.07.2018 20.50.01 27.81661 291.0280 -160.6298 -0.4563 -0.4563 0.0000 0.0000 0.0000 352.0185 376.3254 -10.1606 0.0000 0.0000
5280.03 18.07.2018 21.00.01 27.74975 290.9515 -159.6581 -0.4536 -0.4536 0.0000 0.0000 0.0000 354.1687 376.2701 -10.5821 0.0000 0.0000
5290.03 18.07.2018 21.10.01 27.68292 290.8767 -158.7290 -0.4509 -0.4509 0.0000 0.0000 0.0000 353.9728 376.0051 -10.6651 0.0000 0.0000
5300.03 18.07.2018 21.20.01 27.61608 290.7993 -160.5272 -0.4560 -0.4560 0.0000 0.0000 0.0000 353.6935 375.6851 -10.6388 0.0000 0.0000
5310.03 18.07.2018 21.30.01 27.54815 290.7208 -163.6559 -0.4649 -0.4649 0.0000 0.0000 0.0000 353.4041 375.3496 -10.5905 0.0000 0.0000
5320.03 18.07.2018 21.40.01 27.47891 290.6413 -167.3741 -0.4755 -0.4755 0.0000 0.0000 0.0000 353.1129 375.0048 -10.5278 0.0000 0.0000
5330.03 18.07.2018 21.50.01 27.40804 290.5624 -170.6113 -0.4847 -0.4847 0.0000 0.0000 0.0000 352.8219 374.6547 -10.4492 0.0000 0.0000
5340.03 18.07.2018 22.00.01 27.33596 290.4834 -173.7249 -0.4935 -0.4935 0.0000 0.0000 0.0000 352.5313 374.3010 -10.3621 0.0000 0.0000
5350.03 18.07.2018 22.10.01 27.26263 290.4192 -176.2122 -0.5006 -0.5006 0.0000 0.0000 0.0000 351.6388 373.8761 -10.1425 0.0000 0.0000
5360.03 18.07.2018 22.20.01 27.18820 290.3529 -178.8130 -0.5080 -0.5080 0.0000 0.0000 0.0000 350.7213 373.4138 -9.9085 0.0000 0.0000
5370.03 18.07.2018 22.30.01 27.11266 290.2862 -181.4634 -0.5155 -0.5155 0.0000 0.0000 0.0000 349.7971 372.9350 -9.6433 0.0000 0.0000
5380.03 18.07.2018 22.40.01 27.03610 290.2192 -183.9025 -0.5225 -0.5225 0.0000 0.0000 0.0000 348.8683 372.4403 -9.3658 0.0000 0.0000
5390.03 18.07.2018 22.50.01 26.95852 290.1514 -185.9929 -0.5284 -0.5284 0.0000 0.0000 0.0000 347.9373 371.9347 -9.0685 0.0000 0.0000
5400.03 18.07.2018 23.00.01 26.88012 290.0826 -187.7119 -0.5333 -0.5333 0.0000 0.0000 0.0000 347.0028 371.4165 -8.7719 0.0000 0.0000
5410.03 18.07.2018 23.10.01 26.80108 289.9113 -189.6441 -0.5388 -0.5388 0.0000 0.0000 0.0000 345.8961 370.7571 -8.9386 0.0000 0.0000
5420.03 18.07.2018 23.20.01 26.72109 289.7400 -191.8480 -0.5450 -0.5450 0.0000 0.0000 0.0000 344.7634 370.0828 -8.9638 0.0000 0.0000
5430.03 18.07.2018 23.30.01 26.64022 289.5680 -194.0157 -0.5512 -0.5512 0.0000 0.0000 0.0000 343.6225 369.3855 -8.9545 0.0000 0.0000
5440.03 18.07.2018 23.40.01 26.55847 289.3941 -196.0729 -0.5570 -0.5570 0.0000 0.0000 0.0000 342.4737 368.6512 -9.0251 0.0000 0.0000
5450.03 18.07.2018 23.50.01 26.47595 289.2257 -197.9627 -0.5624 -0.5624 0.0000 0.0000 0.0000 341.3289 367.9297 -8.9417 0.0000 0.0000
5460.03 19.07.2018 00.00.01 26.39263 289.0570 -199.5899 -0.5670 -0.5670 0.0000 0.0000 0.0000 340.1827 367.1958 -8.8413 0.0000 0.0000
5470.03 19.07.2018 00.10.01 26.30859 288.8566 -200.9270 -0.5708 -0.5708 0.0000 0.0000 0.0000 339.2935 366.4396 -8.9786 0.0000 0.0000
5480.03 19.07.2018 00.20.01 26.22411 288.6643 -202.3644 -0.5749 -0.5749 0.0000 0.0000 0.0000 338.4185 365.6870 -9.1075 0.0000 0.0000
5490.03 19.07.2018 00.30.01 26.13897 288.4682 -203.6083 -0.5784 -0.5784 0.0000 0.0000 0.0000 337.5403 364.9279 -9.2314 0.0000 0.0000
5500.03 19.07.2018 00.40.01 26.05331 288.2724 -204.7635 -0.5817 -0.5817 0.0000 0.0000 0.0000 336.6576 364.1703 -9.3200 0.0000 0.0000
5510.03 19.07.2018 00.50.01 25.96725 288.0755 -205.9554 -0.5851 -0.5851 0.0000 0.0000 0.0000 335.7741 363.4114 -9.3983 0.0000 0.0000
5520.03 19.07.2018 01.00.01 25.88064 287.8798 -206.8957 -0.5878 -0.5878 0.0000 0.0000 0.0000 334.8903 362.6530 -9.4618 0.0000 0.0000
5530.03 19.07.2018 01.10.01 25.79366 287.7923 -207.7217 -0.5901 -0.5901 0.0000 0.0000 0.0000 334.7674 362.1095 -9.1319 0.0000 0.0000
5540.03 19.07.2018 01.20.01 25.70666 287.6989 -207.7124 -0.5901 -0.5901 0.0000 0.0000 0.0000 334.6833 361.6137 -8.9093 0.0000 0.0000
5550.03 19.07.2018 01.30.01 25.61968 287.5879 -206.8615 -0.5877 -0.5877 0.0000 0.0000 0.0000 334.6023 361.1288 -8.8181 0.0000 0.0000
5560.03 19.07.2018 01.40.01 25.53326 287.4727 -206.5832 -0.5869 -0.5869 0.0000 0.0000 0.0000 334.5299 360.6626 -8.7496 0.0000 0.0000
5570.03 19.07.2018 01.50.01 25.44714 287.4189 -206.3485 -0.5862 -0.5862 0.0000 0.0000 0.0000 334.4771 360.2789 -8.4540 0.0000 0.0000
5580.03 19.07.2018 02.00.01 25.36108 287.3259 -204.4358 -0.5808 -0.5808 0.0000 0.0003 0.0002 334.4859 359.9104 -8.2940 0.0000 0.0000
5590.03 19.07.2018 02.10.01 25.27590 287.3093 -201.0490 -0.5712 -0.5779 0.0089 0.2079 0.1085 333.8060 359.4143 -8.4043 0.0000 0.0000
5600.03 19.07.2018 02.20.01 25.19119 287.2034 -200.4509 -0.5695 -0.5846 0.0202 0.4422 0.2311 333.0444 358.7753 -8.8817 0.0000 0.0000
5610.03 19.07.2018 02.30.01 25.10616 287.0737 -202.3143 -0.5748 -0.5987 0.0319 0.6805 0.3559 332.2848 358.1054 -9.4390 0.0000 0.0000
5620.03 19.07.2018 02.40.01 25.02014 286.9391 -204.8101 -0.5818 -0.6146 0.0436 0.9197 0.4810 331.5061 357.4465 -9.8214 0.0000 0.0000
5630.03 19.07.2018 02.50.01 24.93322 286.8074 -206.5430 -0.5868 -0.6283 0.0554 1.1590 0.6063 330.6718 356.7647 -10.1744 0.0000 0.0000
5640.03 19.07.2018 03.00.01 24.84561 286.6602 -208.3286 -0.5918 -0.6424 0.0674 1.4041 0.7345 329.7992 356.0453 -10.5591 0.0000 0.0000
5650.03 19.07.2018 03.10.01 24.75756 286.6895 -170.6616 -0.4848 -0.6556 0.2276 5.0990 2.6639 329.3547 355.8751 -10.1337 0.0000 0.0000
5660.03 19.07.2018 03.20.01 24.68093 286.7241 -141.1091 -0.4009 -0.7213 0.4272 9.2399 4.8308 329.0725 355.9043 -9.9601 0.0000 0.0000
5670.03 19.07.2018 03.30.01 24.61352 286.7600 -123.0767 -0.3496 -0.8246 0.6333 13.4484 7.0333 328.8552 356.0338 -9.9410 0.0000 0.0000
5680.03 19.07.2018 03.40.01 24.55200 286.7974 -111.4983 -0.3168 -0.9473 0.8407 17.6705 9.2429 328.6758 356.2498 -9.9969 0.0000 0.0000
5690.03 19.07.2018 03.50.01 24.49456 286.8353 -103.0684 -0.2928 -1.0790 1.0483 21.8949 11.4538 328.5176 356.5312 -10.1409 0.0000 0.0000
5700.03 19.07.2018 04.00.01 24.44030 286.8747 -96.2986 -0.2736 -1.2157 1.2562 26.1256 13.6679 328.3798 356.8701 -10.3543 0.0000 0.0000
5710.03 19.07.2018 04.10.01 24.38903 287.2256 -49.5554 -0.1408 -1.3517 1.6146 33.8602 17.7113 328.9012 357.9444 -9.4050 0.0000 0.0000
5720.03 19.07.2018 04.20.01 24.35314 287.5858 -10.2202 -0.0290 -1.5388 2.0130 42.0478 21.9961 329.6222 359.3064 -8.7828 0.0000 0.0000
5730.03 19.07.2018 04.30.01 24.33062 287.9516 17.8989 0.0508 -1.7627 2.4180 50.3041 26.3170 330.4349 360.8472 -8.3678 0.0000 0.0000
5740.03 19.07.2018 04.40.01 24.31820 288.3210 39.2948 0.1116 -2.0066 2.8243 58.5741 30.6451 331.3077 362.5362 -8.1167 0.0000 0.0000
5750.03 19.07.2018 04.50.01 24.31396 288.6935 56.7868 0.1613 -2.2618 3.2308 74.6616 38.8820 332.2256 364.4975 -8.2102 0.0000 0.0000
5760.03 19.07.2018 05.00.01 24.31661 289.0925 83.9036 0.2384 -2.5222 3.6807 84.9234 44.2103 333.3016 366.7948 -8.5428 0.0000 0.0000
5770.03 19.07.2018 05.10.01 24.32903 289.4778 98.0071 0.2784 -2.8007 4.1055 124.2778 64.0850 334.3814 369.7061 -9.5478 0.0000 0.0000
5780.03 19.07.2018 05.20.01 24.34771 289.8742 157.8065 0.4483 -3.0795 4.7038 165.1845 84.7566 335.9909 373.9744 -12.1190 0.0000 0.0000
5790.03 19.07.2018 05.30.01 24.38595 290.2876 209.8553 0.5962 -3.4236 5.3598 229.1797 119.2450 337.9052 382.1146 -19.4102 0.0000 0.0000
5800.03 19.07.2018 05.40.01 24.44192 290.7340 251.1488 0.7135 -3.8177 6.0416 222.6719 115.9372 340.0150 387.0087 -21.9935 0.0000 0.0000
5810.03 19.07.2018 05.50.01 24.51199 291.1422 204.2129 0.5802 -4.2432 6.4311 213.4152 111.2064 341.4003 390.3273 -22.9511 0.0000 0.0000
5820.03 19.07.2018 06.00.01 24.57025 291.5430 169.4778 0.4815 -4.5748 6.7416 203.2478 105.9847 342.5024 392.9311 -23.1744 0.0000 0.0000
5830.03 19.07.2018 06.10.01 24.61935 291.9384 100.0630 0.2843 -4.8376 6.8291 224.3070 116.9195 343.8793 396.8705 -20.4803 0.0000 0.0000
5840.03 19.07.2018 06.20.01 24.64944 292.2732 113.9256 0.3237 -4.9826 7.0751 246.8074 128.5963 345.6600 401.5961 -21.2553 0.0000 0.0000
5850.03 19.07.2018 06.30.01 24.68496 292.7867 140.1484 0.3981 -5.1322 7.3738 269.8762 140.5755 347.4063 405.5044 -28.4714 0.0000 0.0000
5860.03 19.07.2018 06.40.01 24.74999 293.3283 3020.6187 8.5813 -5.2987 18.5067 308.4490 154.4402 349.4854 412.4353 -26.7543 0.0000 0.0000
5870.03 19.07.2018 06.50.01 25.65038 293.8176 1730.9680 4.9175 -9.6626 19.4402 323.3940 161.8236 351.4657 417.8441 -26.3630 0.0000 0.0000
5880.03 19.07.2018 07.00.01 26.18636 293.9452 1157.2052 3.2875 -11.9438 20.3085 337.9156 169.0042 353.3493 422.1809 -32.8586 0.0000 0.0000
5890.03 19.07.2018 07.10.01 26.55709 294.3553 665.6740 1.8911 -13.3081 20.2656 339.9047 170.3029 355.0669 426.7663 -33.3944 0.0000 0.0000
5900.03 19.07.2018 07.20.01 26.78555 294.3671 422.3853 1.2000 -13.9143 20.1523 341.2278 171.2560 356.1781 428.1495 -46.3324 0.0000 0.0000
5910.03 19.07.2018 07.30.01 26.94180 294.3987 294.6176 0.8370 -14.1626 19.9995 366.8343 186.8091 356.9467 431.8634 -63.5973 0.0000 0.0000
5920.03 19.07.2018 07.40.01 27.05959 294.7332 254.7548 0.7237 -14.2312 19.9399 368.3836 187.7604 358.9004 438.4799 -44.7374 0.0000 0.0000
5930.03 19.07.2018 07.50.01 27.16525 294.7820 228.9351 0.6504 -14.2427 19.8575 369.8231 188.6636 360.2463 438.8565 -60.0445 0.0000 0.0000
5940.03 19.07.2018 08.00.01 27.26214 294.8579 203.7059 0.5787 -14.2318 19.7473 372.1792 190.1361 360.2732 436.6483 -81.9273 0.0000 0.0000
5950.03 19.07.2018 08.10.01 27.35153 295.0662 379.8505 1.0791 -14.1999 20.3720 386.9609 197.6164 360.6918 438.1250 -83.5145 0.0000 0.0000
5960.03 19.07.2018 08.20.01 27.51171 295.2907 3209.6711 9.1184 -14.4287 31.3962 425.9441 211.7707 361.5744 441.3706 -87.9148 0.0000 0.0000
5970.03 19.07.2018 08.30.01 28.49194 295.5424 1928.6285 5.4791 -18.7874 32.3552 441.9917 219.7570 362.6726 443.9434 -90.7412 0.0000 0.0000
5980.03 19.07.2018 08.40.01 29.10894 295.7783 1276.2784 3.6258 -21.0841 32.9465 454.7563 226.2124 363.8100 446.4343 -93.9037 0.0000 0.0000
5990.03 19.07.2018 08.50.01 29.55209 296.0148 2875.8521 8.1700 -22.3533 40.6978 490.0716 240.7963 364.9470 450.5903 -99.7942 0.0000 0.0000
6000.03 19.07.2018 09.00.01 30.45718 296.2814 1712.2745 4.8644 -25.9374 41.0691 501.6258 246.6926 366.1308 453.3188 -103.1227 0.0000 0.0000
6010.03 19.07.2018 09.10.01 31.02572 296.5170 743.9838 2.1136 -27.6931 39.7423 498.3212 245.7827 367.6947 455.8427 -102.8492 0.0000 0.0000
6020.03 19.07.2018 09.20.01 31.31008 296.7512 255.8300 0.7268 -27.9967 38.2980 501.0138 248.5605 369.1256 459.0389 -102.6745 0.0000 0.0000
6030.03 19.07.2018 09.30.01 31.44784 296.9790 31.8713 0.0905 -27.6076 36.9308 503.5258 251.1710 370.6973 462.0529 -103.6731 0.0000 0.0000
6040.03 19.07.2018 09.40.01 31.51589 297.2144 -69.5933 -0.1977 -26.9313 35.6448 502.5866 251.5743 372.2560 464.7599 -102.3564 0.0000 0.0000
6050.03 19.07.2018 09.50.01 31.55032 297.4729 -117.3051 -0.3333 -26.1477 34.4193 499.4594 250.6198 373.9308 467.2290 -100.2927 0.0000 0.0000
6060.03 19.07.2018 10.00.01 31.56735 297.7123 -170.1875 -0.4835 -25.3305 33.1293 495.3663 249.1353 375.5522 469.2976 -99.3877 0.0000 0.0000
6070.03 19.07.2018 10.10.01 31.56439 297.8757 -466.1178 -1.3242 -24.4618 30.8502 478.9814 241.8410 378.9003 473.7550 -87.1167 0.0000 0.0000
6080.03 19.07.2018 10.20.01 31.47241 298.0026 -621.6635 -1.7661 -23.1751 28.5454 461.0062 233.6128 381.7476 475.9814 -85.6249 0.0000 0.0000
6090.03 19.07.2018 10.30.01 31.33187 298.2472 -691.6227 -1.9648 -21.6906 26.3010 442.5095 225.0266 383.5214 475.6513 -87.4878 0.0000 0.0000
6100.03 19.07.2018 10.40.01 31.16824 298.6601 -621.4858 -1.7656 -20.1440 24.5046 428.8503 218.8655 385.4751 476.9943 -74.2082 0.0000 0.0000
6110.03 19.07.2018 10.50.01 31.02279 298.9135 -565.9978 -1.6079 -18.7177 22.8130 414.8335 212.4103 387.3476 476.9024 -78.2124 0.0000 0.0000
6120.03 19.07.2018 11.00.01 30.88677 299.2177 -522.0046 -1.4830 -17.4386 21.2741 401.3921 206.1865 388.8588 475.8837 -85.8663 0.0000 0.0000
6130.03 19.07.2018 11.10.01 30.75955 299.2036 -670.2153 -1.9040 -16.2524 19.1312 372.4461 192.0922 391.1992 476.6212 -71.4539 0.0000 0.0000
6140.03 19.07.2018 11.20.01 30.58679 298.9795 -756.5747 -2.1494 -14.8605 16.9482 339.0580 175.3644 392.8501 474.8157 -68.6563 0.0000 0.0000
6150.03 19.07.2018 11.30.01 30.38671 298.6813 -751.2430 -2.1342 -13.3721 14.9839 306.5534 159.0021 393.6593 470.8370 -73.3947 0.0000 0.0000
6160.03 19.07.2018 11.40.01 30.18527 298.6625 -685.9764 -1.9488 -11.9394 13.3208 277.3187 144.2898 394.4907 468.4048 -61.8840 0.0000 0.0000
6170.03 19.07.2018 11.50.01 30.00012 298.6331 -612.7377 -1.7407 -10.6488 11.8774 248.3548 129.5742 394.8059 464.0158 -62.2358 0.0000 0.0000
6180.03 19.07.2018 12.00.01 29.83352 298.5150 -531.8870 -1.5110 -9.5155 10.6726 220.2212 115.1740 394.7913 458.6403 -66.4565 0.0000 0.0000
6190.03 19.07.2018 12.10.01 29.68868 298.4294 -346.8423 -0.9853 -8.5467 10.0818 213.1090 111.4341 393.1566 455.0927 -63.2204 0.0000 0.0000
6200.03 19.07.2018 12.20.01 29.59799 298.3772 -172.1057 -0.4889 -7.8729 9.8453 210.2385 109.9706 392.1464 452.6944 -60.9481 0.0000 0.0000
6210.03 19.07.2018 12.30.01 29.55917 298.3414 -63.8187 -0.1813 -7.4609 9.7062 208.3266 109.0080 391.4159 450.7576 -59.1182 0.0000 0.0000
6220.03 19.07.2018 12.40.01 29.55303 298.3120 -6.7983 -0.0193 -7.2027 9.5779 206.7107 108.2115 390.8001 449.1136 -57.6442 0.0000 0.0000
6230.03 19.07.2018 12.50.01 29.56454 298.2859 21.0459 0.0598 -7.0209 9.4409 204.9293 107.3222 390.2253 447.6637 -56.2801 0.0000 0.0000
6240.03 19.07.2018 13.00.01 29.58495 298.2631 39.5469 0.1123 -6.8738 9.3149 203.3327 106.5333 389.6903 446.3858 -55.2048 0.0000 0.0000
6250.03 19.07.2018 13.10.01 29.61169 298.3145 101.1678 0.2874 -6.7514 9.3851 223.2432 117.1108 387.0056 446.0416 -56.6972 0.0000 0.0000
6260.03 19.07.2018 13.20.01 29.65750 298.3726 201.0146 0.5711 -6.7222 9.7244 247.6072 130.1559 384.7609 446.7432 -60.8189 0.0000 0.0000
6270.03 19.07.2018 13.30.01 29.73333 298.4529 265.6430 0.7547 -6.8369 10.1221 273.7031 144.1953 382.8014 448.0071 -66.1361 0.0000 0.0000
6280.03 19.07.2018 13.40.01 29.82913 298.5003 300.0246 0.8523 -7.0389 10.5216 301.7669 159.3561 380.9867 449.8252 -72.0881 0.0000 0.0000
6290.03 19.07.2018 13.50.01 29.93597 298.6042 322.1793 0.9153 -7.2813 10.9288 330.9874 175.2051 379.3243 452.0879 -78.7209 0.0000 0.0000
6300.03 19.07.2018 14.00.01 30.05044 298.7094 320.0357 0.9092 -7.5429 11.2694 360.1212 191.0559 377.6194 454.4962 -85.9199 0.0000 0.0000
6310.03 19.07.2018 14.10.01 30.16467 298.6431 276.0849 0.7843 -7.7916 11.4345 350.9979 186.3859 377.9869 455.0491 -86.9952 0.0000 0.0000
6320.03 19.07.2018 14.20.01 30.26504 298.5379 122.9105 0.3492 -7.9683 11.0900 335.0633 178.0168 377.3691 454.0055 -86.6204 0.0000 0.0000
6330.03 19.07.2018 14.30.01 30.31921 298.4138 28.5772 0.0812 -7.9266 10.6771 317.7981 168.9021 376.3189 452.2856 -85.9593 0.0000 0.0000
6340.03 19.07.2018 14.40.01 30.34368 298.2878 -36.0679 -0.1025 -7.7632 10.2143 298.4899 158.6416 375.0651 450.1156 -83.8428 0.0000 0.0000
6350.03 19.07.2018 14.50.01 30.34734 298.1572 -64.4075 -0.1830 -7.5254 9.7899 279.0791 148.2908 373.7610 447.5818 -81.5048 0.0000 0.0000
6360.03 19.07.2018 15.00.01 30.34069 298.0557 -88.0899 -0.2503 -7.2654 9.3535 258.8351 137.4486 372.3929 444.7208 -78.2773 0.0000 0.0000
6370.03 19.07.2018 15.10.01 30.32577 297.8660 -111.8759 -0.3178 -6.9889 8.8948 243.5222 129.2847 371.2177 442.1250 -74.8624 0.0000 0.0000
6380.03 19.07.2018 15.20.01 30.30328 297.6810 -104.9136 -0.2980 -6.6917 8.5249 228.9262 121.4833 370.1818 439.5414 -71.4637 0.0000 0.0000
6390.03 19.07.2018 15.30.01 30.28149 297.4973 -101.5713 -0.2886 -6.4204 8.1757 214.2504 113.6185 369.1909 436.9023 -67.9297 0.0000 0.0000
6400.03 19.07.2018 15.40.01 30.25945 297.3130 -113.3674 -0.3221 -6.1674 7.7938 197.6071 104.6598 368.1501 434.0460 -63.9371 0.0000 0.0000
6410.03 19.07.2018 15.50.01 30.23293 297.1263 -119.7653 -0.3402 -5.9100 7.4264 180.9077 95.6568 367.1015 431.1077 -59.8254 0.0000 0.0000
6420.03 19.07.2018 16.00.01 30.20333 296.9388 -124.2030 -0.3528 -5.6563 7.0712 164.0522 86.5491 366.0718 428.0960 -55.6191 0.0000 0.0000
6430.03 19.07.2018 16.10.01 30.17132 296.8241 -125.7121 -0.3571 -5.4086 6.7352 166.9783 88.3278 364.3809 426.3398 -54.1925 0.0000 0.0000
6440.03 19.07.2018 16.20.01 30.13812 296.7215 -93.5294 -0.2657 -5.1721 6.5419 171.6344 91.0356 362.8992 425.0314 -54.2977 0.0000 0.0000
6450.03 19.07.2018 16.30.01 30.11334 296.6227 -76.0203 -0.2160 -4.9957 6.3730 176.6293 93.9278 361.5364 423.9902 -54.7639 0.0000 0.0000
6460.03 19.07.2018 16.40.01 30.09292 296.5299 -71.3702 -0.2028 -4.8552 6.2033 183.9878 98.1376 360.2063 423.3983 -55.1321 0.0000 0.0000
6470.03 19.07.2018 16.50.01 30.07314 296.4373 -70.5254 -0.2004 -4.7309 6.0408 191.6096 102.5000 358.9090 422.8978 -56.5692 0.0000 0.0000
6480.03 19.07.2018 17.00.01 30.05288 296.3452 -72.9168 -0.2071 -4.6174 5.8804 199.2067 106.8476 357.6491 422.5092 -58.3453 0.0000 0.0000
6490.03 19.07.2018 17.10.01 30.03060 296.1231 -144.5994 -0.4108 -4.5119 5.4681 183.6728 98.5813 356.3699 420.7984 -55.9703 0.0000 0.0000
6500.03 19.07.2018 17.20.01 29.98556 295.8854 -228.4842 -0.6491 -4.3151 4.8880 166.1009 89.2206 354.8206 418.5403 -52.1434 0.0000 0.0000
6510.03 19.07.2018 17.30.01 29.91418 295.6436 -285.2209 -0.8103 -4.0136 4.2711 148.0167 79.5808 353.1499 415.9738 -47.9958 0.0000 0.0000
6520.03 19.07.2018 17.40.01 29.82418 295.3988 -319.2020 -0.9068 -3.6497 3.6572 127.6726 68.6822 351.4815 413.1760 -42.7131 0.0000 0.0000
6530.03 19.07.2018 17.50.01 29.72234 295.1499 -346.4676 -0.9843 -3.2567 3.0299 107.0787 57.6440 349.7686 410.0981 -37.5119 0.0000 0.0000
6540.03 19.07.2018 18.00.01 29.61068 294.8980 -366.1920 -1.0403 -2.8442 2.4052 86.4099 46.5583 348.0667 406.8211 -32.3608 0.0000 0.0000
6550.03 19.07.2018 18.10.01 29.49188 294.5555 -320.4965 -0.9105 -2.4244 2.0186 74.3784 40.0834 346.6947 403.8212 -29.2996 0.0000 0.0000
6560.03 19.07.2018 18.20.01 29.38467 294.2187 -288.1502 -0.8186 -2.0950 1.7018 63.1119 34.0143 345.4045 400.9502 -26.6515 0.0000 0.0000
6570.03 19.07.2018 18.30.01 29.28558 293.8832 -273.3467 -0.7766 -1.8316 1.4067 52.0441 28.0478 344.1611 398.1090 -24.0761 0.0000 0.0000
6580.03 19.07.2018 18.40.01 29.18957 293.5473 -269.7235 -0.7663 -1.6048 1.1181 37.7925 20.3163 342.9363 395.0072 -21.2635 0.0000 0.0000
6590.03 19.07.2018 18.50.01 29.09350 293.2100 -276.2750 -0.7849 -1.3975 0.8168 23.4724 12.5535 341.6863 391.8200 -18.3553 0.0000 0.0000
6600.03 19.07.2018 19.00.01 28.99426 292.8718 -284.0763 -0.8070 -1.1939 0.5159 9.2564 4.8519 340.4336 388.5778 -15.5224 0.0000 0.0000
6610.03 19.07.2018 19.10.01 28.89187 292.5037 -254.7511 -0.7237 -0.9944 0.3609 6.9759 3.6535 339.0305 386.0861 -14.3700 0.0000 0.0000
6620.03 19.07.2018 19.20.01 28.79684 292.1410 -226.8958 -0.6446 -0.8547 0.2802 5.4901 2.8750 337.7401 383.8819 -13.6910 0.0000 0.0000
6630.03 19.07.2018 19.30.01 28.70889 291.7803 -214.9962 -0.6108 -0.7704 0.2128 4.1473 2.1721 336.4969 381.8055 -13.2164 0.0000 0.0000
6640.03 19.07.2018 19.40.01 28.62341 291.4209 -212.8898 -0.6048 -0.7156 0.1478 2.8304 1.4829 335.2744 379.8230 -12.8740 0.0000 0.0000
6650.03 19.07.2018 19.50.01 28.53765 291.0617 -215.8871 -0.6133 -0.6757 0.0832 1.5181 0.7961 334.0679 377.9102 -12.6541 0.0000 0.0000
6660.03 19.07.2018 20.00.01 28.45001 290.7028 -221.2924 -0.6287 -0.6428 0.0189 0.2086 0.1107 332.8706 376.0528 -12.5311 0.0000 0.0000
6670.03 19.07.2018 20.10.01 28.35998 290.5290 -214.4645 -0.6093 -0.6117 0.0033 0.0342 0.0180 332.1134 374.6350 -11.5001 0.0000 0.0000
6680.03 19.07.2018 20.20.01 28.27148 290.3584 -209.7560 -0.5959 -0.5964 0.0006 0.0065 0.0035 331.4475 373.3650 -10.7092 0.0000 0.0000
6690.03 19.07.2018 20.30.01 28.18414 290.1894 -208.8371 -0.5933 -0.5934 0.0001 0.0011 0.0006 330.8168 372.1890 -10.0761 0.0000 0.0000
6700.03 19.07.2018 20.40.01 28.09631 290.0203 -209.2428 -0.5944 -0.5945 0.0000 0.0002 0.0001 330.2165 371.0892 -9.5656 0.0000 0.0000
6710.03 19.07.2018 20.50.01 28.00817 289.8528 -211.4785 -0.6008 -0.6008 0.0000 0.0000 0.0000 329.6381 370.0539 -9.1502 0.0000 0.0000
6720.03 19.07.2018 21.00.01 27.91897 289.6855 -214.3407 -0.6089 -0.6089 0.0000 0.0000 0.0000 329.0782 369.0711 -8.8173 0.0000 0.0000
6730.03 19.07.2018 21.10.01 27.82852 289.4731 -217.7892 -0.6187 -0.6187 0.0000 0.0000 0.0000 328.7665 368.0835 -8.9241 0.0000 0.0000
6740.03 19.07.2018 21.20.01 27.73647 289.2611 -221.8281 -0.6302 -0.6302 0.0000 0.0000 0.0000 328.4581 367.1302 -9.0878 0.0000 0.0000
6750.03 19.07.2018 21.30.01 27.64266 289.0489 -225.9644 -0.6419 -0.6419 0.0000 0.0000 0.0000 328.1536 366.2064 -9.2894 0.0000 0.0000
6760.03 19.07.2018 21.40.01 27.54708 288.8371 -230.0301 -0.6535 -0.6535 0.0000 0.0000 0.0000 327.8524 365.3068 -9.5271 0.0000 0.0000
6770.03 19.07.2018 21.50.01 27.44982 288.6254 -233.9728 -0.6647 -0.6647 0.0000 0.0000 0.0000 327.5571 364.4305 -9.7900 0.0000 0.0000
6780.03 19.07.2018 22.00.01 27.35101 288.4140 -237.7509 -0.6754 -0.6754 0.0000 0.0000 0.0000 327.2632 363.5722 -10.0804 0.0000 0.0000
6790.03 19.07.2018 22.10.01 27.25070 288.2200 -241.1997 -0.6852 -0.6852 0.0000 0.0000 0.0000 325.8958 362.6487 -10.0061 0.0000 0.0000
6800.03 19.07.2018 22.20.01 27.14895 288.0247 -244.2382 -0.6939 -0.6939 0.0000 0.0000 0.0000 324.4946 361.7137 -9.8059 0.0000 0.0000
6810.03 19.07.2018 22.30.01 27.04595 287.8275 -247.2256 -0.7023 -0.7023 0.0000 0.0000 0.0000 323.0883 360.7450 -9.6955 0.0000 0.0000
6820.03 19.07.2018 22.40.01 26.94183 287.6300 -250.2253 -0.7109 -0.7109 0.0000 0.0000 0.0000 321.6926 359.7924 -9.4794 0.0000 0.0000
6830.03 19.07.2018 22.50.01 26.83639 287.4385 -252.7682 -0.7181 -0.7181 0.0000 0.0000 0.0000 320.3023 358.8396 -9.2434 0.0000 0.0000
6840.03 19.07.2018 23.00.01 26.72994 287.2451 -255.1779 -0.7249 -0.7249 0.0000 0.0000 0.0000 318.9138 357.8795 -9.0142 0.0000 0.0000
6850.03 19.07.2018 23.10.01 26.62249 287.0274 -257.6026 -0.7318 -0.7318 0.0000 0.0000 0.0000 318.0575 356.9060 -9.1942 0.0000 0.0000
6860.03 19.07.2018 23.20.01 26.51397 286.8046 -260.3532 -0.7396 -0.7396 0.0000 0.0000 0.0000 317.2198 355.9307 -9.4442 0.0000 0.0000
6870.03 19.07.2018 23.30.01 26.40432 286.5766 -263.4109 -0.7483 -0.7483 0.0000 0.0000 0.0000 316.3742 354.9522 -9.7099 0.0000 0.0000
6880.03 19.07.2018 23.40.01 26.29333 286.3486 -266.2101 -0.7563 -0.7563 0.0000 0.0000 0.0000 315.5157 353.9691 -9.9872 0.0000 0.0000
6890.03 19.07.2018 23.50.01 26.18115 286.1198 -268.9232 -0.7640 -0.7640 0.0000 0.0000 0.0000 314.6461 352.9882 -10.2552 0.0000 0.0000
6900.03 20.07.2018 00.00.01 26.06793 285.8906 -271.5677 -0.7715 -0.7715 0.0000 0.0000 0.0000 313.7757 352.0093 -10.5237 0.0000 0.0000
6910.03 20.07.2018 00.10.01 25.95364 285.7397 -273.8711 -0.7780 -0.7780 0.0000 0.0000 0.0000 312.7876 351.1123 -10.3720 0.0000 0.0000
6920.03 20.07.2018 00.20.01 25.83843 285.5880 -275.7649 -0.7834 -0.7834 0.0000 0.0000 0.0000 311.8016 350.2262 -10.2236 0.0000 0.0000
6930.03 20.07.2018 00.30.01 25.72244 285.4365 -277.5746 -0.7886 -0.7886 0.0000 0.0000 0.0000 310.8146 349.3476 -10.0903 0.0000 0.0000
6940.03 20.07.2018 00.40.01 25.60568 285.2850 -279.3025 -0.7935 -0.7935 0.0000 0.0000 0.0000 309.8297 348.4799 -9.9508 0.0000 0.0000
6950.03 20.07.2018 00.50.01 25.48831 285.1333 -281.0424 -0.7984 -0.7984 0.0000 0.0000 0.0000 308.8462 347.6192 -9.8172 0.0000 0.0000
6960.03 20.07.2018 01.00.01 25.37020 284.9816 -282.6681 -0.8030 -0.8030 0.0000 0.0000 0.0000 307.8682 346.7641 -9.6979 0.0000 0.0000
6970.03 20.07.2018 01.10.01 25.25134 284.8346 -283.7178 -0.8060 -0.8060 0.0000 0.0000 0.0000 307.2859 346.0068 -9.4686 0.0000 0.0000
6980.03 20.07.2018 01.20.01 25.13232 284.6890 -283.6927 -0.8059 -0.8059 0.0000 0.0000 0.0000 306.7365 345.2791 -9.2918 0.0000 0.0000
6990.03 20.07.2018 01.30.01 25.01348 284.5462 -283.0938 -0.8042 -0.8042 0.0000 0.0000 0.0000 306.2009 344.5825 -9.0996 0.0000 0.0000
7000.03 20.07.2018 01.40.01 24.89529 284.4029 -282.8027 -0.8034 -0.8034 0.0000 0.0000 0.0000 305.6753 343.8947 -8.9673 0.0000 0.0000
7010.03 20.07.2018 01.50.01 24.77719 284.2612 -281.8835 -0.8008 -0.8008 0.0000 0.0000 0.0000 305.1619 343.2314 -8.8161 0.0000 0.0000
7020.03 20.07.2018 02.00.01 24.65933 284.1191 -280.8126 -0.7978 -0.7978 0.0000 0.0004 0.0002 304.6520 342.5722 -8.7162 0.0000 0.0000
7030.03 20.07.2018 02.10.01 24.54211 283.9871 -278.0056 -0.7898 -0.7974 0.0101 0.2350 0.1227 304.5302 341.9546 -8.8068 0.0000 0.0000
7040.03 20.07.2018 02.20.01 24.42529 283.8549 -275.6939 -0.7832 -0.8004 0.0228 0.4998 0.2613 304.4260 341.3658 -8.9552 0.0000 0.0000
7050.03 20.07.2018 02.30.01 24.30920 283.7223 -275.0060 -0.7813 -0.8083 0.0360 0.7693 0.4023 304.3273 340.7961 -9.1333 0.0000 0.0000
7060.03 20.07.2018 02.40.01 24.19326 283.5873 -274.8717 -0.7809 -0.8179 0.0493 1.0397 0.5438 304.2260 340.2343 -9.3629 0.0000 0.0000
7070.03 20.07.2018 02.50.01 24.07733 283.4540 -274.9256 -0.7810 -0.8280 0.0626 1.3102 0.6854 304.1299 339.6934 -9.5857 0.0000 0.0000
7080.03 20.07.2018 03.00.01 23.96136 283.3203 -275.0164 -0.7813 -0.8384 0.0761 1.5857 0.8296 304.0303 339.1585 -9.8482 0.0000 0.0000
7090.03 20.07.2018 03.10.01 23.84564 283.3722 -240.2602 -0.6826 -0.8464 0.2185 4.8607 2.5397 303.7292 339.0642 -9.2354 0.0000 0.0000
7100.03 20.07.2018 03.20.01 23.74084 283.4321 -212.0644 -0.6025 -0.8988 0.3951 8.5235 4.4565 303.5447 339.1412 -8.7808 0.0000 0.0000
7110.03 20.07.2018 03.30.01 23.64523 283.4932 -193.6176 -0.5501 -0.9831 0.5774 12.2451 6.4041 303.4134 339.2946 -8.5098 0.0000 0.0000
7120.03 20.07.2018 03.40.01 23.55590 283.5587 -180.8743 -0.5138 -1.0844 0.7607 15.9785 8.3579 303.3205 339.5351 -8.2750 0.0000 0.0000
7130.03 20.07.2018 03.50.01 23.47115 283.6259 -171.1755 -0.4863 -1.1945 0.9443 19.7139 10.3129 303.2537 339.8360 -8.1199 0.0000 0.0000
7140.03 20.07.2018 04.00.01 23.39013 283.6924 -163.1128 -0.4634 -1.3093 1.1279 23.4491 12.2677 303.2029 340.1729 -8.0880 0.0000 0.0000
7150.03 20.07.2018 04.10.01 23.31228 284.0277 -158.7961 -0.4511 -1.4254 1.2991 26.8962 14.0722 303.6561 340.8694 -6.8267 0.0000 0.0000
7160.03 20.07.2018 04.20.01 23.23690 284.3611 -152.2869 -0.4326 -1.5329 1.4670 30.3061 15.8567 304.1964 341.6602 -5.7345 0.0000 0.0000
7170.03 20.07.2018 04.30.01 23.16470 284.6968 -144.0881 -0.4093 -1.6351 1.6343 33.7103 17.6383 304.7707 342.5377 -4.7247 0.0000 0.0000
7180.03 20.07.2018 04.40.01 23.09612 285.0355 -135.2430 -0.3842 -1.7354 1.8016 37.1133 19.4193 305.3787 343.4951 -3.7802 0.0000 0.0000
7190.03 20.07.2018 04.50.01 23.03127 285.3766 -126.1312 -0.3583 -1.8350 1.9688 40.5162 21.2002 306.0101 344.5202 -2.9013 0.0000 0.0000
