# simtime date time IndoorTemp Av_Tair_at_facade Energyflux.toIndoor.sum  Energyflux.toIndoor.average Energyflux.Conduction.average Energyflux.SW.transmission.average Shortwave.availabe Shortwave.absorbed Longwave.available Longwave.emittedFacade Sensible.outside Vapour.fromGreening Vapour.fromSubstrate
10.02 15.07.2018 05.10.00 19.87692 288.5048 58.1061 0.2270 -0.2180 0.5933 235.3899 119.2012 323.0819 370.9559 -16.2952 0.0000 0.0000
20.02 15.07.2018 05.20.00 19.89526 289.1771 95.4455 0.3728 -0.4158 1.0515 414.1370 209.4975 327.0822 382.6653 -28.3283 0.0000 0.0000
30.03 15.07.2018 05.30.01 19.93179 289.6666 137.1459 0.5357 -0.6580 1.5917 692.5559 359.5410 333.1492 415.8446 -60.2126 0.0000 0.0000
40.03 15.07.2018 05.40.01 19.98953 290.3945 176.1402 0.6880 -0.9577 2.1944 663.5971 345.6834 340.9227 433.1166 -73.1641 0.0000 0.0000
50.03 15.07.2018 05.50.01 20.06384 291.0389 102.9376 0.4021 -1.2936 2.2610 619.5472 323.1914 344.1141 442.5686 -77.7191 0.0000 0.0000
60.03 15.07.2018 06.00.01 20.10934 291.5974 51.5449 0.2013 -1.4601 2.2152 571.6072 298.4479 345.8959 447.4918 -82.3558 0.0000 0.0000
70.03 15.07.2018 06.10.01 20.13439 291.9128 28.3941 0.1109 -1.5140 2.1665 549.9214 287.2156 347.1215 451.4129 -86.0930 0.0000 0.0000
80.03 15.07.2018 06.20.01 20.15063 292.2014 28.6638 0.1120 -1.5161 2.1707 529.7537 276.8532 348.5962 454.4455 -89.6043 0.0000 0.0000
90.03 15.07.2018 06.30.01 20.23171 292.4600 3002.1167 11.7270 -1.7996 18.0355 574.2837 293.3421 349.8361 462.9786 -98.8047 0.0000 0.0000
100.03 15.07.2018 06.40.01 21.48467 292.7380 1400.3312 5.4700 -7.6431 17.4842 560.0560 286.2563 351.2443 464.7650 -100.7677 0.0000 0.0000
110.03 15.07.2018 06.50.01 22.09295 292.9882 668.6957 2.6121 -10.0679 16.9067 545.6328 279.0736 352.5294 465.7556 -102.7015 0.0000 0.0000
120.03 15.07.2018 07.00.01 22.40276 293.2404 322.3003 1.2590 -10.9704 16.3058 531.0112 271.7884 353.7976 466.0815 -104.3022 0.0000 0.0000
130.03 15.07.2018 07.10.01 22.57000 293.5819 183.8517 0.7182 -11.1772 15.8604 521.3219 266.9562 355.2910 467.1936 -102.3454 0.0000 0.0000
140.03 15.07.2018 07.20.01 22.67889 293.9505 114.8555 0.4487 -11.1181 15.4224 512.1586 262.4334 357.0445 468.3560 -100.2260 0.0000 0.0000
150.03 15.07.2018 07.30.01 22.75802 294.3204 73.5557 0.2873 -10.9326 14.9600 554.9187 289.0832 358.7364 477.1404 -106.2971 0.0000 0.0000
160.03 15.07.2018 07.40.01 22.81945 294.7250 68.3133 0.2668 -10.6762 14.5907 546.9068 284.9912 360.6867 478.9891 -103.6639 0.0000 0.0000
170.03 15.07.2018 07.50.01 22.87795 295.0597 56.7437 0.2217 -10.4160 14.1835 538.1722 280.4953 362.4412 480.4204 -101.2686 0.0000 0.0000
180.03 15.07.2018 08.00.01 22.93105 295.3643 46.8364 0.1830 -10.1362 13.7589 533.3945 278.3866 364.1954 482.2292 -99.4946 0.0000 0.0000
190.03 15.07.2018 08.10.01 22.97979 295.5222 37.1453 0.1451 -9.8390 13.3122 524.1761 273.6708 366.1148 484.8401 -91.7395 0.0000 0.0000
200.03 15.07.2018 08.20.01 23.06649 295.7295 1983.4838 7.7480 -9.7137 23.2822 557.4676 286.6022 367.6913 490.2268 -93.4387 0.0000 0.0000
210.03 15.07.2018 08.30.01 23.91903 296.6371 902.4540 3.5252 -13.2297 22.3398 546.2228 281.0440 369.0682 489.7626 -94.9133 0.0000 0.0000
220.03 15.07.2018 08.40.01 24.33642 296.6120 422.4708 1.6503 -14.4455 21.4611 523.3848 268.3311 370.3570 487.3607 -91.3371 0.0000 0.0000
230.03 15.07.2018 08.50.01 24.55734 296.6209 195.1409 0.7623 -14.6717 20.5786 551.6944 286.3095 371.6881 492.1540 -98.9342 0.0000 0.0000
240.03 15.07.2018 09.00.01 24.68365 296.8509 81.5102 0.3184 -14.4470 19.6871 541.0965 280.9497 373.1182 491.3151 -103.0313 0.0000 0.0000
250.03 15.07.2018 09.10.01 24.76107 297.2314 -3.8677 -0.0151 -14.0069 18.6558 528.3865 274.5639 374.8589 494.7389 -88.0948 0.0000 0.0000
260.03 15.07.2018 09.20.01 24.80166 298.0082 -47.1902 -0.1843 -13.4140 17.6395 520.1704 270.8630 376.7172 498.4916 -82.6201 0.0000 0.0000
270.03 15.07.2018 09.30.01 24.82284 297.6777 -69.0248 -0.2696 -12.7530 16.6444 521.1334 272.6525 378.1010 497.8861 -97.5174 0.0000 0.0000
280.03 15.07.2018 09.40.01 24.83370 298.0813 -64.8968 -0.2535 -12.0689 15.7539 519.5170 272.6634 379.6746 499.0862 -87.8152 0.0000 0.0000
290.03 15.07.2018 09.50.01 24.84542 298.3265 -56.6367 -0.2212 -11.4059 14.9130 519.9584 273.8717 381.4007 498.4853 -99.4757 0.0000 0.0000
300.03 15.07.2018 10.00.01 24.85958 297.9688 -61.8265 -0.2415 -10.7696 14.0375 508.4185 267.9171 382.5601 493.6735 -118.9200 0.0000 0.0000
310.03 15.07.2018 10.10.01 24.87136 298.2603 -42.8211 -0.1673 -10.1346 13.2898 498.6296 262.7670 383.5441 492.3402 -113.6593 0.0000 0.0000
320.03 15.07.2018 10.20.01 24.89019 298.5744 -44.1101 -0.1723 -9.5435 12.4949 487.3830 256.7780 384.4349 491.1217 -109.0467 0.0000 0.0000
330.03 15.07.2018 10.30.01 24.90777 298.8747 -57.5895 -0.2250 -8.9545 11.6393 474.3908 249.7879 384.9006 489.6083 -105.3451 0.0000 0.0000
340.03 15.07.2018 10.40.01 24.91964 299.1778 -47.0862 -0.1839 -8.3475 10.8847 465.4824 245.1029 385.8329 488.8523 -102.2282 0.0000 0.0000
350.03 15.07.2018 10.50.01 24.93716 299.4584 -59.7168 -0.2333 -7.7759 10.0568 454.0658 238.9682 386.5529 487.6965 -99.8388 0.0000 0.0000
360.03 15.07.2018 11.00.01 24.94869 299.6321 -69.6339 -0.2720 -7.1870 9.2200 442.7229 232.8847 387.2424 486.3390 -99.0813 0.0000 0.0000
370.03 15.07.2018 11.10.01 24.95547 299.7688 -76.8574 -0.3002 -6.5884 8.3843 438.5408 231.2689 388.1894 486.2181 -98.8172 0.0000 0.0000
380.03 15.07.2018 11.20.01 24.95822 299.8511 -91.8469 -0.3588 -5.9861 7.5031 424.7789 223.9392 388.9334 484.5406 -97.7701 0.0000 0.0000
390.03 15.07.2018 11.30.01 24.95373 299.9328 -100.8867 -0.3941 -5.3661 6.6293 411.1825 216.7035 389.5595 482.7562 -96.5378 0.0000 0.0000
400.03 15.07.2018 11.40.01 24.94454 300.0336 -99.3228 -0.3880 -4.7416 5.8048 399.6896 210.6123 390.3571 481.2384 -94.7103 0.0000 0.0000
410.03 15.07.2018 11.50.01 24.93490 300.1530 -105.1089 -0.4106 -4.1339 4.9644 387.4395 204.0790 390.9810 479.5924 -92.5387 0.0000 0.0000
420.03 15.07.2018 12.00.01 24.92162 300.2712 -116.0843 -0.4535 -3.5291 4.1008 374.0307 196.8680 391.4042 477.7526 -89.8295 0.0000 0.0000
430.03 15.07.2018 12.10.01 24.90280 300.4645 -104.3251 -0.4075 -2.9179 3.3472 363.1917 191.2294 392.3551 477.6131 -81.2282 0.0000 0.0000
440.03 15.07.2018 12.20.01 24.88836 300.4898 -33.9488 -0.1326 -2.3493 2.9556 359.2291 189.4434 392.9357 477.6864 -79.8485 0.0000 0.0000
450.03 15.07.2018 12.30.01 24.90258 300.4010 69.4874 0.2714 -1.9370 2.9446 370.8735 196.7338 393.2807 478.7994 -86.3023 0.0000 0.0000
460.03 15.07.2018 12.40.01 24.95907 300.3744 121.5168 0.4747 -1.7356 2.9470 376.0329 200.0502 393.8314 479.2767 -89.3055 0.0000 0.0000
470.03 15.07.2018 12.50.01 25.03698 300.5051 134.7994 0.5266 -1.6372 2.8850 378.5110 201.8066 394.0276 479.5423 -91.3398 0.0000 0.0000
480.03 15.07.2018 13.00.01 25.12066 300.6578 153.3694 0.5991 -1.5651 2.8856 408.1687 219.8241 394.4201 484.3490 -96.2850 0.0000 0.0000
490.03 15.07.2018 13.10.01 25.21215 300.6897 161.4324 0.6306 -1.5284 2.8787 410.4737 221.6204 394.7208 486.0010 -94.1988 0.0000 0.0000
500.03 15.07.2018 13.20.01 25.30682 300.7214 157.7301 0.6161 -1.5071 2.8310 410.8929 222.3165 394.7696 487.1768 -92.4301 0.0000 0.0000
510.03 15.07.2018 13.30.01 25.39999 300.7155 144.9605 0.5663 -1.4780 2.7257 408.6928 221.4844 394.3596 487.6400 -90.8263 0.0000 0.0000
520.03 15.07.2018 13.40.01 25.48794 300.7220 146.1215 0.5708 -1.4240 2.6597 408.3905 221.7102 393.9989 488.3400 -89.2113 0.0000 0.0000
530.03 15.07.2018 13.50.01 25.57638 300.7405 149.3507 0.5834 -1.3718 2.6069 425.1605 232.1691 393.7185 491.9066 -89.4342 0.0000 0.0000
540.03 15.07.2018 14.00.01 25.66616 300.7625 143.3188 0.5598 -1.3238 2.5116 428.2663 234.4623 393.2208 493.6154 -88.0687 0.0000 0.0000
550.03 15.07.2018 14.10.01 25.75390 300.8078 164.1009 0.6410 -1.2628 2.5384 417.1494 228.8281 393.7672 494.8055 -82.1963 0.0000 0.0000
560.03 15.07.2018 14.20.01 25.85034 300.8607 163.7578 0.6397 -1.2379 2.5035 402.5285 221.1387 393.9371 495.1807 -76.0487 0.0000 0.0000
570.03 15.07.2018 14.30.01 25.94720 300.8790 165.6313 0.6470 -1.2074 2.4725 386.8511 212.8128 393.9466 494.9891 -70.5884 0.0000 0.0000
580.03 15.07.2018 14.40.01 26.04510 300.8697 159.0115 0.6211 -1.1744 2.3941 367.1220 202.1456 393.7882 493.8293 -65.0455 0.0000 0.0000
590.03 15.07.2018 14.50.01 26.14086 300.8587 164.4107 0.6422 -1.1231 2.3537 347.7272 191.6507 393.7654 492.3906 -60.1303 0.0000 0.0000
600.03 15.07.2018 15.00.01 26.23928 300.9472 167.3737 0.6538 -1.0761 2.3065 326.7259 180.1961 393.5233 490.3514 -55.3755 0.0000 0.0000
610.03 15.07.2018 15.10.01 26.33904 300.9874 159.3494 0.6225 -1.0309 2.2045 316.4241 174.5783 392.5280 488.2732 -56.5171 0.0000 0.0000
620.03 15.07.2018 15.20.01 26.43618 300.8793 171.1416 0.6685 -0.9645 2.1773 308.1646 170.1287 391.8256 486.0491 -58.3857 0.0000 0.0000
630.03 15.07.2018 15.30.01 26.53842 300.7678 178.9780 0.6991 -0.9188 2.1573 299.6044 165.4934 391.1547 483.4398 -60.4152 0.0000 0.0000
640.03 15.07.2018 15.40.01 26.64410 300.7780 177.2997 0.6926 -0.8855 2.1041 288.2864 159.2797 390.1443 480.4752 -60.4126 0.0000 0.0000
650.03 15.07.2018 15.50.01 26.74941 300.9750 181.0990 0.7074 -0.8454 2.0704 277.2437 153.2166 389.2421 477.6917 -59.6620 0.0000 0.0000
660.03 15.07.2018 16.00.01 26.85638 300.8098 183.9375 0.7185 -0.8131 2.0421 265.8241 146.9231 388.2326 474.3013 -60.2237 0.0000 0.0000
670.03 15.07.2018 16.10.01 26.96401 300.5895 162.6102 0.6352 -0.7899 1.9001 256.5528 141.8746 386.0625 471.5481 -58.1670 0.0000 0.0000
680.03 15.07.2018 16.20.01 27.06249 300.3657 152.8441 0.5970 -0.7307 1.7703 247.4839 136.9382 383.9547 468.8454 -56.0834 0.0000 0.0000
690.03 15.07.2018 16.30.01 27.15618 300.1281 146.2108 0.5711 -0.6613 1.6432 238.3458 131.9584 381.8433 466.0965 -54.0512 0.0000 0.0000
700.03 15.07.2018 16.40.01 27.24627 299.5264 139.5410 0.5451 -0.5900 1.5135 229.2505 127.0231 379.6174 462.9186 -53.3217 0.0000 0.0000
710.03 15.07.2018 16.50.01 27.33242 299.3392 131.9652 0.5155 -0.5195 1.3800 219.8202 121.8898 377.3783 460.1175 -50.5688 0.0000 0.0000
720.03 15.07.2018 17.00.01 27.41439 299.1282 125.5680 0.4905 -0.4466 1.2495 210.0621 116.5573 375.1431 457.0228 -48.4088 0.0000 0.0000
730.03 15.07.2018 17.10.01 27.49276 298.9288 127.2142 0.4969 -0.3739 1.1611 201.1772 111.6786 373.4029 454.1293 -45.9223 0.0000 0.0000
740.03 15.07.2018 17.20.01 27.57076 298.7081 125.6070 0.4907 -0.3173 1.0773 192.2305 106.7592 371.6995 451.2158 -43.7813 0.0000 0.0000
750.03 15.07.2018 17.30.01 27.64700 298.4946 120.6922 0.4715 -0.2703 0.9890 182.9362 101.6350 369.9789 448.2594 -41.6528 0.0000 0.0000
760.03 15.07.2018 17.40.01 27.72015 298.2806 115.9219 0.4528 -0.2267 0.9061 171.8898 95.5303 368.3043 445.1399 -39.4400 0.0000 0.0000
770.03 15.07.2018 17.50.01 27.79025 298.0758 109.4029 0.4274 -0.1877 0.8201 160.5571 89.2562 366.6239 441.9519 -37.0822 0.0000 0.0000
780.03 15.07.2018 18.00.01 27.85647 297.8571 102.2994 0.3996 -0.1499 0.7326 148.9180 82.7998 364.9326 438.6637 -34.8688 0.0000 0.0000
790.03 15.07.2018 18.10.01 27.91857 297.3366 97.1220 0.3794 -0.1138 0.6575 131.4238 73.0768 363.1776 434.4851 -33.0040 0.0000 0.0000
800.03 15.07.2018 18.20.01 27.97701 296.8073 86.7238 0.3388 -0.0852 0.5652 113.3409 63.0140 361.2054 429.9524 -30.9787 0.0000 0.0000
810.03 15.07.2018 18.30.01 28.02966 296.2792 78.2121 0.3055 -0.0541 0.4794 95.3743 53.0165 359.2529 425.3047 -28.8985 0.0000 0.0000
820.03 15.07.2018 18.40.01 28.07726 295.7522 69.5891 0.2718 -0.0254 0.3964 69.4862 38.6155 357.2806 419.7895 -26.0211 0.0000 0.0000
830.03 15.07.2018 18.50.01 28.11971 295.2201 58.0955 0.2269 0.0008 0.3015 43.3940 24.1013 355.1940 413.9585 -22.8370 0.0000 0.0000
840.03 15.07.2018 19.00.01 28.15576 294.6870 47.3984 0.1852 0.0299 0.2070 17.5535 9.7361 353.0974 407.9890 -19.4500 0.0000 0.0000
850.03 15.07.2018 19.10.01 28.18563 294.0530 41.5216 0.1622 0.0588 0.1378 14.0736 7.7835 351.0987 403.8520 -17.9875 0.0000 0.0000
860.03 15.07.2018 19.20.01 28.21139 293.4177 39.8090 0.1555 0.0758 0.1063 11.7320 6.4844 349.4367 400.2891 -17.3938 0.0000 0.0000
870.03 15.07.2018 19.30.01 28.23434 292.8389 34.6263 0.1353 0.0740 0.0816 9.6031 5.3079 347.8338 397.0272 -16.9350 0.0000 0.0000
880.03 15.07.2018 19.40.01 28.25344 292.2641 26.3566 0.1030 0.0592 0.0583 6.4798 3.5823 346.2558 393.9084 -16.4306 0.0000 0.0000
890.03 15.07.2018 19.50.01 28.26721 291.7641 16.4108 0.0641 0.0385 0.0341 3.3693 1.8651 344.7076 390.9813 -15.7980 0.0000 0.0000
900.03 15.07.2018 20.00.01 28.27505 291.1431 5.6277 0.0220 0.0146 0.0099 0.3061 0.1760 343.1500 388.0173 -15.9001 0.0000 0.0000
910.03 15.07.2018 20.10.01 28.27648 290.7059 -2.6942 -0.0105 -0.0119 0.0018 0.0553 0.0318 341.5661 385.5621 -15.5963 0.0000 0.0000
920.03 15.07.2018 20.20.01 28.27261 290.2721 -11.3967 -0.0445 -0.0448 0.0003 0.0100 0.0057 340.0612 383.2842 -15.5179 0.0000 0.0000
930.03 15.07.2018 20.30.01 28.26324 289.8364 -21.0417 -0.0822 -0.0822 0.0001 0.0018 0.0010 338.5874 381.1158 -15.5840 0.0000 0.0000
940.03 15.07.2018 20.40.01 28.24816 289.4138 -31.3022 -0.1223 -0.1223 0.0000 0.0003 0.0002 337.1391 379.1145 -15.4297 0.0000 0.0000
950.03 15.07.2018 20.50.01 28.22720 288.9903 -41.5176 -0.1622 -0.1622 0.0000 0.0001 0.0000 335.6889 377.1915 -15.3661 0.0000 0.0000
960.03 15.07.2018 21.00.01 28.20040 288.6110 -51.4690 -0.2011 -0.2011 0.0000 0.0000 0.0000 334.2612 375.4332 -15.0183 0.0000 0.0000
970.03 15.07.2018 21.10.01 28.16805 288.3033 -60.4989 -0.2363 -0.2363 0.0000 0.0000 0.0000 333.0608 373.9835 -13.8462 0.0000 0.0000
980.03 15.07.2018 21.20.01 28.13088 287.9458 -68.4840 -0.2675 -0.2675 0.0000 0.0000 0.0000 331.8354 372.2852 -14.5060 0.0000 0.0000
990.03 15.07.2018 21.30.01 28.08886 287.9032 -77.9040 -0.3043 -0.3043 0.0000 0.0000 0.0000 330.7790 370.4907 -16.0522 0.0000 0.0000
1000.03 15.07.2018 21.40.01 28.04092 287.8030 -87.9574 -0.3436 -0.3436 0.0000 0.0000 0.0000 329.8578 369.6128 -13.2572 0.0000 0.0000
1010.03 15.07.2018 21.50.01 27.98824 287.0301 -94.7399 -0.3701 -0.3701 0.0000 0.0000 0.0000 328.3760 367.7032 -14.6359 0.0000 0.0000
1020.03 15.07.2018 22.00.01 27.93170 287.1223 -101.8513 -0.3979 -0.3979 0.0000 0.0000 0.0000 327.2625 366.2852 -15.2301 0.0000 0.0000
1030.03 15.07.2018 22.10.01 27.87066 286.9493 -110.0662 -0.4299 -0.4299 0.0000 0.0000 0.0000 326.5265 365.0041 -14.9013 0.0000 0.0000
1040.03 15.07.2018 22.20.01 27.80508 286.7914 -117.2956 -0.4582 -0.4582 0.0000 0.0000 0.0000 325.8247 363.8088 -14.5907 0.0000 0.0000
1050.03 15.07.2018 22.30.01 27.73562 286.6393 -123.6327 -0.4829 -0.4829 0.0000 0.0000 0.0000 325.1180 362.6698 -14.3065 0.0000 0.0000
1060.03 15.07.2018 22.40.01 27.66274 286.4859 -129.3790 -0.5054 -0.5054 0.0000 0.0000 0.0000 324.4291 361.5823 -14.0626 0.0000 0.0000
1070.03 15.07.2018 22.50.01 27.58672 286.3294 -134.5904 -0.5257 -0.5257 0.0000 0.0000 0.0000 323.7555 360.5350 -13.8810 0.0000 0.0000
1080.03 15.07.2018 23.00.01 27.50781 286.1708 -139.4054 -0.5446 -0.5446 0.0000 0.0000 0.0000 323.0940 359.5220 -13.7477 0.0000 0.0000
1090.03 15.07.2018 23.10.01 27.42629 286.0973 -143.0098 -0.5586 -0.5586 0.0000 0.0000 0.0000 322.7466 359.0463 -11.9996 0.0000 0.0000
1100.03 15.07.2018 23.20.01 27.34344 285.8961 -144.5169 -0.5645 -0.5645 0.0000 0.0000 0.0000 322.2896 357.9823 -12.7987 0.0000 0.0000
1110.03 15.07.2018 23.30.01 27.25903 285.6125 -149.3298 -0.5833 -0.5833 0.0000 0.0000 0.0000 321.6762 356.5146 -14.9343 0.0000 0.0000
1120.03 15.07.2018 23.40.01 27.17114 285.6791 -155.4122 -0.6071 -0.6071 0.0000 0.0000 0.0000 321.3849 356.3521 -12.2354 0.0000 0.0000
1130.03 15.07.2018 23.50.01 27.08077 285.7236 -157.9954 -0.6172 -0.6172 0.0000 0.0000 0.0000 320.9239 356.1442 -9.8022 0.0000 0.0000
1140.03 16.07.2018 00.00.01 26.98934 285.5972 -158.2333 -0.6181 -0.6181 0.0000 0.0000 0.0000 320.3761 355.2759 -10.4358 0.0000 0.0000
1150.03 16.07.2018 00.10.01 26.89770 285.5744 -160.0453 -0.6252 -0.6252 0.0000 0.0000 0.0000 319.9938 354.7583 -9.7142 0.0000 0.0000
1160.03 16.07.2018 00.20.01 26.80486 285.5943 -162.0472 -0.6330 -0.6330 0.0000 0.0000 0.0000 319.7094 354.3308 -8.8902 0.0000 0.0000
1170.03 16.07.2018 00.30.01 26.71096 285.6097 -163.8278 -0.6400 -0.6400 0.0000 0.0000 0.0000 319.4522 353.9257 -8.1751 0.0000 0.0000
1180.03 16.07.2018 00.40.01 26.61608 285.6253 -165.3952 -0.6461 -0.6461 0.0000 0.0000 0.0000 319.2103 353.5387 -7.5473 0.0000 0.0000
1190.03 16.07.2018 00.50.01 26.52032 285.2130 -166.9953 -0.6523 -0.6523 0.0000 0.0000 0.0000 318.9339 352.7592 -8.7668 0.0000 0.0000
1200.03 16.07.2018 01.00.01 26.42352 285.2171 -169.1227 -0.6606 -0.6606 0.0000 0.0000 0.0000 318.6714 352.3075 -8.2539 0.0000 0.0000
1210.03 16.07.2018 01.10.01 26.32562 285.1020 -170.4686 -0.6659 -0.6659 0.0000 0.0000 0.0000 318.2930 351.7485 -8.3043 0.0000 0.0000
1220.03 16.07.2018 01.20.01 26.22698 285.0828 -171.5231 -0.6700 -0.6700 0.0000 0.0000 0.0000 317.9090 351.1710 -8.2866 0.0000 0.0000
1230.03 16.07.2018 01.30.01 26.12786 284.9966 -172.7691 -0.6749 -0.6749 0.0000 0.0000 0.0000 317.5002 350.5391 -8.6642 0.0000 0.0000
1240.03 16.07.2018 01.40.01 26.02783 284.8766 -174.4599 -0.6815 -0.6815 0.0000 0.0000 0.0000 317.0993 349.9154 -8.9989 0.0000 0.0000
1250.03 16.07.2018 01.50.01 25.92684 284.7848 -176.1029 -0.6879 -0.6879 0.0000 0.0000 0.0000 316.7115 349.3065 -9.2122 0.0000 0.0000
1260.03 16.07.2018 02.00.01 25.82488 284.6993 -177.6400 -0.6939 -0.6939 0.0000 0.0006 0.0003 316.3184 348.6847 -9.3630 0.0000 0.0000
1270.03 16.07.2018 02.10.01 25.72234 284.7503 -177.0950 -0.6918 -0.6959 0.0055 0.3494 0.1894 316.0270 348.5944 -7.5769 0.0000 0.0000
1280.03 16.07.2018 02.20.01 25.62072 284.5685 -174.4727 -0.6815 -0.6908 0.0124 0.7458 0.4059 315.6094 348.0618 -7.9292 0.0000 0.0000
1290.03 16.07.2018 02.30.01 25.51998 284.3458 -174.4098 -0.6813 -0.6959 0.0195 1.1496 0.6266 315.2119 347.1826 -9.8442 0.0000 0.0000
1300.03 16.07.2018 02.40.01 25.41866 284.5710 -175.8107 -0.6868 -0.7068 0.0267 1.5549 0.8482 315.0258 347.3385 -7.3087 0.0000 0.0000
1310.03 16.07.2018 02.50.01 25.31753 284.2509 -173.9042 -0.6793 -0.7048 0.0339 1.9604 1.0700 314.5276 346.6103 -8.2715 0.0000 0.0000
1320.03 16.07.2018 03.00.01 25.21719 284.1716 -173.3115 -0.6770 -0.7079 0.0412 2.3691 1.2935 314.0759 345.8159 -9.6870 0.0000 0.0000
1330.03 16.07.2018 03.10.01 25.11636 284.2862 -169.6121 -0.6625 -0.7211 0.0780 4.6711 2.5431 313.9656 345.7046 -8.9521 0.0000 0.0000
1340.03 16.07.2018 03.20.01 25.01711 284.4317 -165.9197 -0.6481 -0.7402 0.1228 7.2311 3.9416 314.0028 345.7874 -8.2634 0.0000 0.0000
1350.03 16.07.2018 03.30.01 24.91967 284.5849 -162.8858 -0.6363 -0.7629 0.1689 9.8317 5.3633 314.1042 345.9780 -7.6374 0.0000 0.0000
1360.03 16.07.2018 03.40.01 24.82385 284.7424 -160.4044 -0.6266 -0.7880 0.2152 12.4403 6.7897 314.2444 346.2474 -7.0864 0.0000 0.0000
1370.03 16.07.2018 03.50.01 24.72930 284.9043 -158.1457 -0.6178 -0.8140 0.2616 15.0503 8.2168 314.4141 346.5898 -6.5811 0.0000 0.0000
1380.03 16.07.2018 04.00.01 24.63604 285.0711 -156.0340 -0.6095 -0.8405 0.3080 17.6601 9.6439 314.6097 346.9924 -6.1231 0.0000 0.0000
1390.03 16.07.2018 04.10.01 24.54412 285.8369 -153.6572 -0.6002 -0.8631 0.3505 20.0199 10.9354 316.2781 348.4964 -2.7093 0.0000 0.0000
1400.03 16.07.2018 04.20.01 24.45458 286.5966 -148.6696 -0.5807 -0.8747 0.3919 22.3457 12.2073 318.0114 349.9330 -0.2619 0.0000 0.0000
1410.03 16.07.2018 04.30.01 24.36782 287.2375 -144.2863 -0.5636 -0.8885 0.4332 24.6660 13.4761 319.6771 351.3320 2.1095 0.0000 0.0000
1420.03 16.07.2018 04.40.01 24.28323 287.9963 -140.8713 -0.5503 -0.9061 0.4744 26.9853 14.7443 321.4767 353.0563 3.7155 0.0000 0.0000
1430.03 16.07.2018 04.50.01 24.20083 288.7601 -136.3131 -0.5325 -0.9192 0.5157 60.3953 31.5579 323.2767 355.3426 5.4155 0.0000 0.0000
1440.03 16.07.2018 05.00.01 24.12127 289.4758 -118.7574 -0.4639 -0.9323 0.6245 69.2767 36.2327 325.5954 358.6820 6.4579 0.0000 0.0000
1450.03 16.07.2018 05.10.01 24.04962 290.0916 -116.9007 -0.4566 -0.9710 0.6858 231.0383 117.2653 327.5033 364.3579 1.9263 0.0000 0.0000
1460.03 16.07.2018 05.20.01 23.98025 290.9329 -44.4280 -0.1735 -1.0030 1.1059 402.4997 203.8357 332.3519 377.3994 -12.0940 0.0000 0.0000
1470.03 16.07.2018 05.30.01 23.94210 291.7602 15.2391 0.0595 -1.1619 1.6286 670.0927 348.0399 338.8238 410.4556 -44.6289 0.0000 0.0000
1480.03 16.07.2018 05.40.01 23.93078 292.5803 64.0502 0.2502 -1.4122 2.2166 642.1408 334.6734 346.6430 428.2041 -63.7246 0.0000 0.0000
1490.03 16.07.2018 05.50.01 23.94128 293.2471 -2.3751 -0.0093 -1.7242 2.2865 599.6286 312.9770 349.8794 436.9768 -75.9931 0.0000 0.0000
1500.03 16.07.2018 06.00.01 23.92706 293.8538 -47.9202 -0.1872 -1.8749 2.2503 553.4270 289.1445 351.8515 442.0121 -85.4998 0.0000 0.0000
1510.03 16.07.2018 06.10.01 23.89575 294.2163 -67.6078 -0.2641 -1.9164 2.2030 533.9262 279.0401 353.3502 446.6089 -88.8083 0.0000 0.0000
1520.03 16.07.2018 06.20.01 23.85763 294.5840 -63.3536 -0.2475 -1.9045 2.2094 515.9551 269.8120 355.1305 450.6760 -90.8968 0.0000 0.0000
1530.03 16.07.2018 06.30.01 23.85070 294.9454 2878.9580 11.2459 -1.8841 17.5067 560.3750 286.4812 356.7034 459.8133 -99.0883 0.0000 0.0000
1540.03 16.07.2018 06.40.01 25.02514 295.3291 1306.6707 5.1042 -7.6528 17.0093 547.6899 280.1760 358.4324 462.9301 -99.4402 0.0000 0.0000
1550.03 16.07.2018 06.50.01 25.57620 295.6877 589.7972 2.3039 -10.0601 16.4854 534.7964 273.7663 360.0437 465.3913 -99.2009 0.0000 0.0000
1560.03 16.07.2018 07.00.01 25.83959 296.0436 252.1078 0.9848 -10.9669 15.9356 521.6035 267.1955 361.6190 467.2744 -98.2751 0.0000 0.0000
1570.03 16.07.2018 07.10.01 25.96633 296.3518 121.4288 0.4743 -11.1828 15.5429 513.2250 263.0143 363.3399 468.9548 -97.3908 0.0000 0.0000
1580.03 16.07.2018 07.20.01 26.03933 296.6739 58.3182 0.2278 -11.1380 15.1544 505.2802 259.0895 365.2483 470.6151 -96.1778 0.0000 0.0000
1590.03 16.07.2018 07.30.01 26.08618 296.9926 21.7467 0.0849 -10.9696 14.7394 548.1559 285.6772 367.0544 479.5139 -103.2508 0.0000 0.0000
1600.03 16.07.2018 07.40.01 26.11807 297.3633 18.6624 0.0729 -10.7290 14.4025 541.0101 282.0216 369.1208 481.8424 -100.6444 0.0000 0.0000
1610.03 16.07.2018 07.50.01 26.14865 297.6894 9.8808 0.0386 -10.4807 14.0257 533.0830 277.9285 371.0024 483.8822 -97.6790 0.0000 0.0000
1620.03 16.07.2018 08.00.01 26.17584 298.0054 1.0601 0.0041 -10.2109 13.6200 528.7249 275.9985 372.8208 486.3212 -95.0562 0.0000 0.0000
1630.03 16.07.2018 08.10.01 26.19985 298.1881 1.0049 0.0039 -9.9178 13.2290 521.3156 272.2151 374.3148 487.3234 -94.2610 0.0000 0.0000
1640.03 16.07.2018 08.20.01 26.24343 298.3369 1994.1150 7.7895 -9.6187 23.2109 556.0221 285.8755 375.6352 491.9452 -99.4158 0.0000 0.0000
1650.03 16.07.2018 08.30.01 27.08657 298.5452 902.5762 3.5257 -13.2473 22.3640 546.5572 281.2021 377.0669 492.5207 -100.4033 0.0000 0.0000
1660.03 16.07.2018 08.40.01 27.49603 298.7466 413.9605 1.6170 -14.5533 21.5604 525.1262 269.1962 378.3619 491.2489 -97.1232 0.0000 0.0000
1670.03 16.07.2018 08.50.01 27.70861 298.9363 181.3750 0.7085 -14.8467 20.7403 554.9447 287.9524 379.6622 496.6887 -104.6435 0.0000 0.0000
1680.03 16.07.2018 09.00.01 27.82604 299.1552 64.7284 0.2528 -14.6733 19.9015 545.4153 283.1134 381.0848 496.8706 -106.1521 0.0000 0.0000
1690.03 16.07.2018 09.10.01 27.89468 299.3104 -11.9854 -0.0468 -14.2779 18.9747 535.4206 278.1092 382.2972 496.3930 -108.7817 0.0000 0.0000
1700.03 16.07.2018 09.20.01 27.93051 299.4439 -51.7794 -0.2023 -13.7443 18.0561 530.0394 275.8671 383.5349 496.1889 -112.1421 0.0000 0.0000
1710.03 16.07.2018 09.30.01 27.94872 299.4996 -73.2231 -0.2860 -13.1479 17.1491 534.1915 279.3348 384.8927 496.1422 -121.8413 0.0000 0.0000
1720.03 16.07.2018 09.40.01 27.95699 299.5953 -72.0044 -0.2813 -12.5226 16.3218 535.2165 280.7415 386.2845 496.1021 -126.1747 0.0000 0.0000
1730.03 16.07.2018 09.50.01 27.96481 299.7000 -67.0904 -0.2621 -11.9119 15.5331 538.3478 283.3832 387.8631 496.4607 -130.1976 0.0000 0.0000
1740.03 16.07.2018 10.00.01 27.97369 299.8410 -76.0025 -0.2969 -11.3202 14.6978 528.8339 278.4737 389.3179 495.3676 -130.5379 0.0000 0.0000
1750.03 16.07.2018 10.10.01 27.97790 300.1417 -127.2916 -0.4972 -10.7186 13.6285 512.0995 269.9743 391.1064 496.1271 -117.6441 0.0000 0.0000
1760.03 16.07.2018 10.20.01 27.96038 300.4594 -156.8196 -0.6126 -10.0229 12.5471 493.7818 260.5343 392.6357 496.5290 -108.7321 0.0000 0.0000
1770.03 16.07.2018 10.30.01 27.92971 300.6244 -178.3866 -0.6968 -9.2803 11.4447 473.6340 250.0127 393.4967 495.9342 -104.0864 0.0000 0.0000
1780.03 16.07.2018 10.40.01 27.88940 300.6929 -154.3913 -0.6031 -8.5082 10.5401 459.7520 242.9387 394.8882 495.8351 -100.4619 0.0000 0.0000
1790.03 16.07.2018 10.50.01 27.85842 300.7783 -143.3192 -0.5598 -7.7815 9.6289 444.3101 234.9335 396.1555 495.2044 -97.7585 0.0000 0.0000
1800.03 16.07.2018 11.00.01 27.82980 300.8933 -132.1323 -0.5161 -7.0936 8.7700 429.6600 227.3626 397.3623 494.4221 -95.6062 0.0000 0.0000
1810.03 16.07.2018 11.10.01 27.80551 301.1625 -85.3999 -0.3336 -6.4376 8.1387 430.0133 227.8457 398.3915 495.9489 -86.2503 0.0000 0.0000
1820.03 16.07.2018 11.20.01 27.80010 301.2580 -69.6795 -0.2722 -5.8791 7.4759 423.6118 224.2994 399.2182 495.0195 -89.3821 0.0000 0.0000
1830.03 16.07.2018 11.30.01 27.80087 301.2175 -68.1822 -0.2663 -5.3566 6.7870 417.0826 220.6962 399.5998 492.6879 -97.7623 0.0000 0.0000
1840.03 16.07.2018 11.40.01 27.80169 301.3405 -67.9578 -0.2655 -4.8433 6.1038 411.7940 217.7930 400.9202 494.3810 -83.7257 0.0000 0.0000
1850.03 16.07.2018 11.50.01 27.80209 301.4906 -80.2464 -0.3135 -4.3372 5.3650 405.2627 214.1864 401.8879 495.1361 -79.6516 0.0000 0.0000
1860.03 16.07.2018 12.00.01 27.79650 301.7333 -99.5725 -0.3890 -3.8125 4.5647 397.1362 209.6704 401.7505 492.3334 -86.7095 0.0000 0.0000
1870.03 16.07.2018 12.10.01 27.78271 301.8693 -89.8425 -0.3509 -3.2574 3.8752 385.1760 203.5918 401.9515 491.0548 -87.0747 0.0000 0.0000
1880.03 16.07.2018 12.20.01 27.77282 301.9439 -27.3801 -0.1070 -2.7351 3.5042 378.1966 200.2612 401.7593 490.0119 -87.8064 0.0000 0.0000
1890.03 16.07.2018 12.30.01 27.78863 302.0001 69.0691 0.2698 -2.3482 3.4907 378.4867 201.0220 401.3538 489.7003 -89.7258 0.0000 0.0000
1900.03 16.07.2018 12.40.01 27.84405 302.0595 117.1015 0.4574 -2.1572 3.4861 386.3146 206.2277 400.9103 490.4171 -92.3225 0.0000 0.0000
1910.03 16.07.2018 12.50.01 27.91931 302.0906 130.4780 0.5097 -2.0596 3.4257 384.5059 205.6934 400.0986 489.7095 -93.6390 0.0000 0.0000
1920.03 16.07.2018 13.00.01 28.00045 302.1312 148.1342 0.5786 -1.9877 3.4218 406.2667 219.2596 399.3958 492.6108 -98.2874 0.0000 0.0000
1930.03 16.07.2018 13.10.01 28.08926 302.1271 185.5805 0.7249 -1.9514 3.5685 401.2637 217.1966 399.4209 492.7857 -97.6983 0.0000 0.0000
1940.03 16.07.2018 13.20.01 28.19344 302.0759 183.1116 0.7153 -1.9878 3.6041 390.7181 211.8922 398.9227 491.8467 -96.1274 0.0000 0.0000
1950.03 16.07.2018 13.30.01 28.29681 302.0285 193.2634 0.7549 -2.0172 3.6962 381.1191 207.1138 398.5276 490.8536 -94.7773 0.0000 0.0000
1960.03 16.07.2018 13.40.01 28.40447 301.9769 196.9104 0.7692 -2.0653 3.7793 369.6535 201.2307 398.1130 489.4870 -92.9205 0.0000 0.0000
1970.03 16.07.2018 13.50.01 28.51385 301.9294 198.6403 0.7759 -2.1187 3.8596 366.0859 200.0889 397.6418 489.1877 -92.0785 0.0000 0.0000
1980.03 16.07.2018 14.00.01 28.62405 301.9006 197.1838 0.7702 -2.1726 3.9237 352.7710 193.1099 397.0790 487.4973 -89.4175 0.0000 0.0000
1990.03 16.07.2018 14.10.01 28.73351 301.8095 168.5340 0.6583 -2.2207 3.8387 343.7909 188.3519 396.0433 485.0169 -89.8972 0.0000 0.0000
2000.03 16.07.2018 14.20.01 28.83141 301.7125 156.5609 0.6116 -2.2130 3.7660 334.7520 183.5495 394.9323 482.4611 -90.0662 0.0000 0.0000
2010.03 16.07.2018 14.30.01 28.92401 301.6092 151.7560 0.5928 -2.1830 3.7011 325.4099 178.5593 393.8594 479.8230 -89.7753 0.0000 0.0000
2020.03 16.07.2018 14.40.01 29.01431 301.5013 144.6650 0.5651 -2.1462 3.6151 314.3171 172.5559 392.7032 477.0088 -88.5632 0.0000 0.0000
2030.03 16.07.2018 14.50.01 29.10153 301.3885 143.6918 0.5613 -2.0992 3.5474 303.4316 166.6633 391.6202 474.2066 -87.1272 0.0000 0.0000
2040.03 16.07.2018 15.00.01 29.18795 301.2744 141.6252 0.5532 -2.0539 3.4762 291.8211 160.3372 390.5520 471.3048 -85.2712 0.0000 0.0000
2050.03 16.07.2018 15.10.01 29.27279 301.2163 108.8553 0.4252 -2.0096 3.2464 291.4827 160.2668 389.0516 469.8004 -81.6447 0.0000 0.0000
2060.03 16.07.2018 15.20.01 29.34396 301.1781 99.4625 0.3885 -1.9042 3.0569 292.7664 161.1390 387.8549 468.9726 -78.4967 0.0000 0.0000
2070.03 16.07.2018 15.30.01 29.41073 301.1471 93.9418 0.3670 -1.7876 2.8727 294.3790 162.2043 386.7505 468.3652 -76.4149 0.0000 0.0000
2080.03 16.07.2018 15.40.01 29.47451 301.1195 84.2993 0.3293 -1.6680 2.6630 297.2655 163.9553 385.5818 468.0994 -74.3100 0.0000 0.0000
2090.03 16.07.2018 15.50.01 29.53365 301.0997 80.4561 0.3143 -1.5380 2.4697 300.9029 166.1445 384.4886 468.1357 -72.7513 0.0000 0.0000
2100.03 16.07.2018 16.00.01 29.59039 301.0816 76.6230 0.2993 -1.4093 2.2781 304.4986 168.3089 383.4147 468.3149 -71.4757 0.0000 0.0000
2110.03 16.07.2018 16.10.01 29.64492 300.9424 86.1462 0.3365 -1.2829 2.1592 291.0211 160.9459 382.3018 466.7087 -69.8531 0.0000 0.0000
2120.03 16.07.2018 16.20.01 29.70245 300.7873 85.8442 0.3353 -1.1864 2.0289 276.8513 153.1766 381.0346 464.6067 -67.7063 0.0000 0.0000
2130.03 16.07.2018 16.30.01 29.75903 300.6234 83.3342 0.3255 -1.0988 1.8991 262.4101 145.2441 379.7022 462.2464 -65.2087 0.0000 0.0000
2140.03 16.07.2018 16.40.01 29.81384 300.4549 78.8830 0.3081 -1.0156 1.7649 246.7182 136.6380 378.3058 459.5661 -62.6126 0.0000 0.0000
2150.03 16.07.2018 16.50.01 29.86602 300.2807 73.2719 0.2862 -0.9326 1.6250 230.4883 127.7134 376.8319 456.6355 -59.5730 0.0000 0.0000
2160.03 16.07.2018 17.00.01 29.91516 300.1022 68.8573 0.2690 -0.8478 1.4891 213.8657 118.5498 375.3678 453.5297 -56.2309 0.0000 0.0000
2170.03 16.07.2018 17.10.01 29.96172 299.8620 69.8632 0.2729 -0.7646 1.3834 200.8869 111.3853 374.0281 450.5844 -53.3500 0.0000 0.0000
2180.03 16.07.2018 17.20.01 30.00784 299.6249 69.4010 0.2711 -0.6944 1.2873 187.9844 104.2592 372.7311 447.6454 -50.5104 0.0000 0.0000
2190.03 16.07.2018 17.30.01 30.05282 299.3869 65.8207 0.2571 -0.6343 1.1885 174.7713 96.9492 371.4203 444.6302 -47.5562 0.0000 0.0000
2200.03 16.07.2018 17.40.01 30.09539 299.1483 62.1952 0.2429 -0.5783 1.0949 158.5552 87.9626 370.1305 441.3227 -44.2210 0.0000 0.0000
2210.03 16.07.2018 17.50.01 30.13552 298.9062 56.3025 0.2199 -0.5274 0.9964 142.0008 78.7768 368.8108 437.8716 -40.7304 0.0000 0.0000
2220.03 16.07.2018 18.00.01 30.17214 298.6618 49.9656 0.1952 -0.4773 0.8966 125.2119 69.4511 367.4731 434.3199 -37.0875 0.0000 0.0000
2230.03 16.07.2018 18.10.01 30.20498 298.2779 41.4051 0.1617 -0.4290 0.7876 109.9060 60.9629 365.9154 430.8572 -33.2709 0.0000 0.0000
2240.03 16.07.2018 18.20.01 30.23293 297.8882 31.9727 0.1249 -0.3803 0.6736 94.3917 52.3536 364.2894 427.2844 -29.7475 0.0000 0.0000
2250.03 16.07.2018 18.30.01 30.25564 297.4923 24.1063 0.0942 -0.3301 0.5657 79.0145 43.8222 362.7281 423.6546 -26.5094 0.0000 0.0000
2260.03 16.07.2018 18.40.01 30.27365 297.0897 16.1792 0.0632 -0.2816 0.4597 57.9627 32.1359 361.1400 419.4304 -22.7352 0.0000 0.0000
2270.03 16.07.2018 18.50.01 30.28695 296.6821 6.3682 0.0249 -0.2346 0.3459 36.7876 20.3817 359.4600 414.9592 -18.9099 0.0000 0.0000
2280.03 16.07.2018 19.00.01 30.29470 296.2615 -2.9735 -0.0116 -0.1857 0.2322 15.7864 8.7306 357.7761 410.3114 -15.2870 0.0000 0.0000
2290.03 16.07.2018 19.10.01 30.29717 295.5564 -4.2300 -0.0165 -0.1383 0.1624 12.4842 6.8831 356.2269 406.7086 -14.8084 0.0000 0.0000
2300.03 16.07.2018 19.20.01 30.29739 294.8615 -4.0905 -0.0160 -0.1109 0.1265 10.2211 5.6328 354.8172 403.5100 -14.9859 0.0000 0.0000
2310.03 16.07.2018 19.30.01 30.29586 294.1578 -8.2797 -0.0323 -0.1049 0.0967 8.1475 4.4915 353.4618 400.4677 -15.4643 0.0000 0.0000
2320.03 16.07.2018 19.40.01 30.29092 293.4397 -15.1656 -0.0592 -0.1104 0.0682 5.5220 3.0458 352.1432 397.5517 -15.8223 0.0000 0.0000
2330.03 16.07.2018 19.50.01 30.28146 292.7161 -23.4366 -0.0915 -0.1209 0.0391 2.9058 1.6060 350.8571 394.7324 -16.2688 0.0000 0.0000
2340.03 16.07.2018 20.00.01 30.26711 291.9948 -32.4078 -0.1266 -0.1342 0.0101 0.3177 0.1828 349.5794 391.9979 -16.7914 0.0000 0.0000
2350.03 16.07.2018 20.10.01 30.24761 291.7960 -37.3050 -0.1457 -0.1471 0.0018 0.0555 0.0319 350.6879 390.1661 -16.8120 0.0000 0.0000
2360.03 16.07.2018 20.20.01 30.22488 291.5690 -42.0854 -0.1644 -0.1646 0.0003 0.0102 0.0059 351.9648 388.6182 -17.1273 0.0000 0.0000
2370.03 16.07.2018 20.30.01 30.19900 291.3670 -47.7648 -0.1866 -0.1866 0.0001 0.0018 0.0011 353.2759 387.2895 -17.4090 0.0000 0.0000
2380.03 16.07.2018 20.40.01 30.16970 291.1940 -53.8933 -0.2105 -0.2105 0.0000 0.0003 0.0002 354.6578 386.2778 -17.2015 0.0000 0.0000
2390.03 16.07.2018 20.50.01 30.13696 291.0398 -59.7673 -0.2335 -0.2335 0.0000 0.0001 0.0000 356.0558 385.4285 -17.0806 0.0000 0.0000
2400.03 16.07.2018 21.00.01 30.10089 290.8778 -65.3556 -0.2553 -0.2553 0.0000 0.0000 0.0000 357.4467 384.6212 -17.3349 0.0000 0.0000
2410.03 16.07.2018 21.10.01 30.06164 291.2754 -70.9594 -0.2772 -0.2772 0.0000 0.0000 0.0000 357.4307 384.3548 -14.7476 0.0000 0.0000
2420.03 16.07.2018 21.20.01 30.01904 291.6798 -77.2263 -0.3017 -0.3017 0.0000 0.0000 0.0000 357.4869 384.1714 -12.4201 0.0000 0.0000
2430.03 16.07.2018 21.30.01 29.97277 292.1091 -83.3557 -0.3256 -0.3256 0.0000 0.0000 0.0000 357.5828 384.1902 -9.9145 0.0000 0.0000
2440.03 16.07.2018 21.40.01 29.92309 292.5401 -89.0367 -0.3478 -0.3478 0.0000 0.0000 0.0000 357.7299 384.3725 -7.3446 0.0000 0.0000
2450.03 16.07.2018 21.50.01 29.87029 292.9659 -94.1855 -0.3679 -0.3679 0.0000 0.0000 0.0000 357.9217 384.7125 -4.6920 0.0000 0.0000
2460.03 16.07.2018 22.00.01 29.81472 293.3889 -98.5443 -0.3849 -0.3849 0.0000 0.0000 0.0000 358.1683 385.2007 -1.9697 0.0000 0.0000
2470.03 16.07.2018 22.10.01 29.75686 293.0495 -102.1463 -0.3990 -0.3990 0.0000 0.0000 0.0000 358.5662 384.9881 -3.6616 0.0000 0.0000
2480.03 16.07.2018 22.20.01 29.69711 292.8539 -105.4361 -0.4119 -0.4119 0.0000 0.0000 0.0000 358.8379 384.7048 -4.3298 0.0000 0.0000
2490.03 16.07.2018 22.30.01 29.63497 292.3976 -110.7646 -0.4327 -0.4327 0.0000 0.0000 0.0000 358.6068 383.6000 -7.4446 0.0000 0.0000
2500.03 16.07.2018 22.40.01 29.56930 292.1226 -116.8592 -0.4565 -0.4565 0.0000 0.0000 0.0000 358.7340 383.4540 -6.9044 0.0000 0.0000
2510.03 16.07.2018 22.50.01 29.50128 291.9787 -118.4392 -0.4627 -0.4627 0.0000 0.0000 0.0000 359.0422 383.3551 -6.2855 0.0000 0.0000
2520.03 16.07.2018 23.00.01 29.43276 291.5833 -119.3735 -0.4663 -0.4663 0.0000 0.0000 0.0000 358.8547 382.0983 -10.0242 0.0000 0.0000
2530.03 16.07.2018 23.10.01 29.36273 291.4512 -123.7057 -0.4832 -0.4832 0.0000 0.0000 0.0000 358.6425 381.5720 -10.0782 0.0000 0.0000
2540.03 16.07.2018 23.20.01 29.29058 291.3320 -126.6367 -0.4947 -0.4947 0.0000 0.0000 0.0000 358.5526 381.0846 -10.1908 0.0000 0.0000
2550.03 16.07.2018 23.30.01 29.21710 291.2155 -128.2505 -0.5010 -0.5010 0.0000 0.0000 0.0000 358.4993 380.6075 -10.3637 0.0000 0.0000
2560.03 16.07.2018 23.40.01 29.14294 291.1127 -129.3025 -0.5051 -0.5051 0.0000 0.0000 0.0000 358.4810 380.1868 -10.4314 0.0000 0.0000
2570.03 16.07.2018 23.50.01 29.06817 291.0089 -129.5920 -0.5062 -0.5062 0.0000 0.0000 0.0000 358.4806 379.7820 -10.5120 0.0000 0.0000
2580.03 17.07.2018 00.00.01 28.99310 290.9052 -129.6132 -0.5063 -0.5063 0.0000 0.0000 0.0000 358.4855 379.3934 -10.5949 0.0000 0.0000
2590.03 17.07.2018 00.10.01 28.91815 290.9709 -129.5728 -0.5061 -0.5061 0.0000 0.0000 0.0000 358.2631 379.2516 -9.5454 0.0000 0.0000
2600.03 17.07.2018 00.20.01 28.84393 291.0395 -129.3640 -0.5053 -0.5053 0.0000 0.0000 0.0000 358.0651 379.1491 -8.5443 0.0000 0.0000
2610.03 17.07.2018 00.30.01 28.76977 291.0961 -128.3345 -0.5013 -0.5013 0.0000 0.0000 0.0000 357.8648 379.0503 -7.6710 0.0000 0.0000
2620.03 17.07.2018 00.40.01 28.69631 291.0048 -127.7030 -0.4988 -0.4988 0.0000 0.0000 0.0000 357.6360 378.7540 -7.4375 0.0000 0.0000
2630.03 17.07.2018 00.50.01 28.62307 291.0978 -126.5377 -0.4943 -0.4943 0.0000 0.0000 0.0000 357.4192 378.6131 -6.6918 0.0000 0.0000
2640.03 17.07.2018 01.00.01 28.55065 291.1912 -126.3538 -0.4936 -0.4936 0.0000 0.0000 0.0000 357.1609 378.3533 -6.4663 0.0000 0.0000
2650.03 17.07.2018 01.10.01 28.47756 291.2164 -126.5714 -0.4944 -0.4944 0.0000 0.0000 0.0000 356.4327 378.0312 -6.2559 0.0000 0.0000
2660.03 17.07.2018 01.20.01 28.40426 291.1346 -128.0903 -0.5004 -0.5004 0.0000 0.0000 0.0000 355.6584 377.4660 -7.0692 0.0000 0.0000
2670.03 17.07.2018 01.30.01 28.32989 291.0035 -129.9108 -0.5075 -0.5075 0.0000 0.0000 0.0000 354.5286 376.6052 -8.2970 0.0000 0.0000
2680.03 17.07.2018 01.40.01 28.25482 290.9491 -130.7677 -0.5108 -0.5108 0.0000 0.0000 0.0000 353.8027 376.5901 -6.1754 0.0000 0.0000
2690.03 17.07.2018 01.50.01 28.18014 290.9809 -128.9433 -0.5037 -0.5037 0.0000 0.0000 0.0000 352.9225 376.1303 -6.1424 0.0000 0.0000
2700.03 17.07.2018 02.00.01 28.10577 290.8380 -130.0769 -0.5081 -0.5081 0.0000 0.0007 0.0004 351.6598 375.2382 -7.3999 0.0000 0.0000
2710.03 17.07.2018 02.10.01 28.02996 290.5803 -131.8447 -0.5150 -0.5197 0.0063 0.4032 0.2186 348.5513 374.2072 -7.6080 0.0000 0.0000
2720.03 17.07.2018 02.20.01 27.95333 290.2498 -132.6083 -0.5180 -0.5287 0.0143 0.8605 0.4683 345.4407 372.9475 -8.1880 0.0000 0.0000
2730.03 17.07.2018 02.30.01 27.87631 289.8695 -132.9140 -0.5192 -0.5361 0.0225 1.3265 0.7231 342.2799 371.5022 -9.0817 0.0000 0.0000
2740.03 17.07.2018 02.40.01 27.79910 289.5578 -132.9447 -0.5193 -0.5424 0.0308 1.7941 0.9788 339.2447 370.2767 -8.7591 0.0000 0.0000
2750.03 17.07.2018 02.50.01 27.72219 289.2636 -131.9977 -0.5156 -0.5450 0.0392 2.2621 1.2346 336.2470 369.0608 -8.3284 0.0000 0.0000
2760.03 17.07.2018 03.00.01 27.64620 288.9635 -130.9946 -0.5117 -0.5473 0.0475 2.7343 1.4928 333.1460 367.6495 -8.4473 0.0000 0.0000
2770.03 17.07.2018 03.10.01 27.57021 288.9659 -123.8598 -0.4838 -0.5555 0.0956 5.7428 3.1258 332.8620 367.0846 -7.7631 0.0000 0.0000
2780.03 17.07.2018 03.20.01 27.49691 288.9434 -119.1592 -0.4655 -0.5811 0.1542 9.0969 4.9580 332.7860 366.7358 -7.6237 0.0000 0.0000
2790.03 17.07.2018 03.30.01 27.42538 288.9223 -116.8560 -0.4565 -0.6174 0.2146 12.5056 6.8215 332.7665 366.5048 -7.6973 0.0000 0.0000
2800.03 17.07.2018 03.40.01 27.35476 288.9094 -115.8699 -0.4526 -0.6591 0.2753 15.9250 8.6912 332.7943 366.4226 -7.7242 0.0000 0.0000
2810.03 17.07.2018 03.50.01 27.28451 288.9019 -115.2810 -0.4503 -0.7024 0.3361 19.3462 10.5619 332.8563 366.4354 -7.8388 0.0000 0.0000
2820.03 17.07.2018 04.00.01 27.21462 288.8974 -114.9306 -0.4489 -0.7467 0.3970 22.7696 12.4338 332.9486 366.5280 -8.0376 0.0000 0.0000
2830.03 17.07.2018 04.10.01 27.14498 289.2442 -110.9272 -0.4333 -0.7892 0.4745 27.2557 14.8817 333.0967 367.2061 -6.5898 0.0000 0.0000
2840.03 17.07.2018 04.20.01 27.07751 289.5953 -106.6159 -0.4165 -0.8337 0.5564 31.8866 17.4132 333.3586 368.0620 -5.3218 0.0000 0.0000
2850.03 17.07.2018 04.30.01 27.01226 289.9484 -102.9020 -0.4020 -0.8812 0.6390 36.5404 19.9578 333.6811 369.0496 -4.1684 0.0000 0.0000
2860.03 17.07.2018 04.40.01 26.94897 290.3117 -99.6291 -0.3892 -0.9305 0.7218 41.1987 22.5049 334.0512 370.1691 -3.0589 0.0000 0.0000
2870.03 17.07.2018 04.50.01 26.88751 290.6786 -96.6161 -0.3774 -0.9809 0.8046 59.8412 32.0442 334.4563 371.6505 -2.4943 0.0000 0.0000
2880.03 17.07.2018 05.00.01 26.82781 291.0523 -87.8243 -0.3431 -1.0313 0.9177 68.0513 36.4234 335.1254 373.5845 -2.6052 0.0000 0.0000
2890.03 17.07.2018 05.10.01 26.77212 291.4183 -91.0530 -0.3557 -1.0925 0.9824 183.3973 94.2601 336.2783 377.4570 -6.0399 0.0000 0.0000
2900.03 17.07.2018 05.20.01 26.71624 291.7988 -42.7085 -0.1668 -1.1396 1.2970 305.4642 155.9329 339.5831 386.2637 -16.8456 0.0000 0.0000
2910.03 17.07.2018 05.30.01 26.68112 292.2079 -2.1493 -0.0084 -1.2709 1.6833 493.8788 257.3806 343.9973 407.9027 -41.3696 0.0000 0.0000
2920.03 17.07.2018 05.40.01 26.66433 292.6527 31.2020 0.1219 -1.4646 2.1153 491.5393 256.9374 349.2263 420.7613 -54.7792 0.0000 0.0000
2930.03 17.07.2018 05.50.01 26.66250 293.0829 -9.4821 -0.0370 -1.7023 2.2204 480.0416 251.2557 351.7216 429.0139 -61.9975 0.0000 0.0000
2940.03 17.07.2018 06.00.01 26.64550 293.4862 -36.9702 -0.1444 -1.8400 2.2607 466.2695 244.2583 353.4943 435.4182 -67.4005 0.0000 0.0000
2950.03 17.07.2018 06.10.01 26.61837 293.7228 -45.1207 -0.1763 -1.9097 2.3113 457.6018 239.8995 355.2730 440.3524 -73.1934 0.0000 0.0000
2960.03 17.07.2018 06.20.01 26.58889 293.9563 -44.4458 -0.1736 -1.9509 2.3697 449.1696 235.6761 356.9995 444.3707 -78.1000 0.0000 0.0000
2970.03 17.07.2018 06.30.01 26.58380 294.1841 2347.2388 9.1689 -1.9791 14.8640 491.3050 252.4105 358.4983 452.8136 -86.4675 0.0000 0.0000
2980.03 17.07.2018 06.40.01 27.53915 294.4230 1080.9004 4.2223 -6.7131 14.5804 485.5944 249.7083 360.1267 455.9029 -89.9372 0.0000 0.0000
2990.03 17.07.2018 06.50.01 27.99246 294.6474 503.1315 1.9654 -8.7368 14.2695 479.5645 246.8358 361.6101 458.3311 -92.7248 0.0000 0.0000
3000.03 17.07.2018 07.00.01 28.21411 294.8674 230.9241 0.9020 -9.5498 13.9358 473.2751 243.8240 363.0474 460.2439 -94.6936 0.0000 0.0000
3010.03 17.07.2018 07.10.01 28.32562 295.0810 125.5273 0.4903 -9.8043 13.7262 470.0033 242.2414 364.1592 461.3432 -99.6078 0.0000 0.0000
3020.03 17.07.2018 07.20.01 28.39395 295.2969 73.4158 0.2868 -9.8477 13.5127 466.9049 240.7653 365.3518 462.1565 -103.3193 0.0000 0.0000
3030.03 17.07.2018 07.30.01 28.44076 295.5102 42.5582 0.1662 -9.7883 13.2727 507.1062 265.2893 366.4019 469.0402 -113.6420 0.0000 0.0000
3040.03 17.07.2018 07.40.01 28.47488 295.7421 33.2535 0.1299 -9.6669 13.0623 503.7826 263.6074 367.6150 469.7113 -116.9847 0.0000 0.0000
3050.03 17.07.2018 07.50.01 28.50527 295.9541 22.5265 0.0880 -9.5255 12.8180 499.8684 261.5976 368.6260 470.0111 -119.1386 0.0000 0.0000
3060.03 17.07.2018 08.00.01 28.53140 296.1607 12.9424 0.0506 -9.3594 12.5467 499.0570 261.4696 369.5770 470.2758 -122.3032 0.0000 0.0000
3070.03 17.07.2018 08.10.01 28.55404 296.2962 20.1208 0.0786 -9.1701 12.3316 496.5074 260.1226 370.4993 470.3234 -123.9183 0.0000 0.0000
3080.03 17.07.2018 08.20.01 28.59725 296.4237 1816.6125 7.0961 -8.9903 21.4485 531.7991 274.4399 371.2911 473.5993 -131.3077 0.0000 0.0000
3090.03 17.07.2018 08.30.01 29.36141 296.5678 862.2810 3.3683 -12.3511 20.9591 515.3021 264.9309 372.2216 471.7268 -131.7054 0.0000 0.0000
3100.03 17.07.2018 08.40.01 29.74661 296.6952 421.3289 1.6458 -13.6770 20.4304 511.2852 262.9255 372.9908 471.3962 -131.9023 0.0000 0.0000
3110.03 17.07.2018 08.50.01 29.95425 296.8226 207.5252 0.8106 -14.0873 19.8639 542.2756 281.9532 373.7044 475.6845 -140.2317 0.0000 0.0000
3120.03 17.07.2018 09.00.01 30.07446 296.9629 96.4628 0.3768 -14.0679 19.2596 536.5066 278.9553 374.5621 475.2700 -142.0906 0.0000 0.0000
3130.03 17.07.2018 09.10.01 30.14645 296.9635 -161.2958 -0.6301 -13.8364 17.6084 513.5052 267.6992 375.8022 473.8371 -139.9158 0.0000 0.0000
3140.03 17.07.2018 09.20.01 30.11147 296.9532 -281.0781 -1.0980 -13.1089 16.0145 494.0885 258.5510 376.7910 472.8260 -135.8983 0.0000 0.0000
3150.03 17.07.2018 09.30.01 30.02471 296.9489 -329.2448 -1.2861 -12.1735 14.5166 482.2887 253.8994 377.9133 472.6994 -134.4263 0.0000 0.0000
3160.03 17.07.2018 09.40.01 29.91610 296.9447 -308.2619 -1.2041 -11.1744 13.2936 469.8013 248.2784 378.8978 472.8580 -129.4340 0.0000 0.0000
3170.03 17.07.2018 09.50.01 29.81390 296.9569 -282.9622 -1.1053 -10.2431 12.1837 458.0372 243.0064 380.0597 472.8099 -127.8204 0.0000 0.0000
3180.03 17.07.2018 10.00.01 29.72045 296.9763 -266.1639 -1.0397 -9.3824 11.1235 443.5759 236.0779 381.2518 471.8053 -126.1917 0.0000 0.0000
3190.03 17.07.2018 10.10.01 29.63311 297.0700 -199.4589 -0.7791 -8.5711 10.3893 428.8560 228.4150 381.6881 470.0704 -122.8097 0.0000 0.0000
3200.03 17.07.2018 10.20.01 29.57202 297.1500 -169.7558 -0.6631 -7.9060 9.6572 413.5076 220.3734 381.9876 468.2156 -119.3368 0.0000 0.0000
3210.03 17.07.2018 10.30.01 29.52245 297.2239 -160.4457 -0.6267 -7.3078 8.9081 396.8802 211.5775 381.9585 466.0848 -115.4829 0.0000 0.0000
3220.03 17.07.2018 10.40.01 29.47643 297.3033 -134.0328 -0.5236 -6.7345 8.2813 384.1477 204.9279 382.1684 464.3569 -112.1912 0.0000 0.0000
3230.03 17.07.2018 10.50.01 29.44109 297.3773 -120.9540 -0.4725 -6.2103 7.6505 370.4716 197.7149 382.2671 462.4699 -108.6722 0.0000 0.0000
3240.03 17.07.2018 11.00.01 29.40972 297.4505 -110.8191 -0.4329 -5.7219 7.0520 357.2958 190.7761 382.3567 460.6743 -105.3036 0.0000 0.0000
3250.03 17.07.2018 11.10.01 29.38268 297.5778 -53.9484 -0.2107 -5.2608 6.7335 362.1192 193.4876 382.7146 460.1330 -104.7511 0.0000 0.0000
3260.03 17.07.2018 11.20.01 29.37893 297.7113 -25.2822 -0.0988 -4.9158 6.4227 363.9499 194.3969 383.4172 459.7395 -104.0701 0.0000 0.0000
3270.03 17.07.2018 11.30.01 29.38696 297.8448 -15.0848 -0.0589 -4.6274 6.0913 365.7637 195.3117 384.2397 459.5627 -103.8339 0.0000 0.0000
3280.03 17.07.2018 11.40.01 29.39929 297.9870 -9.9728 -0.0390 -4.3594 5.7607 368.4491 196.7321 385.2597 459.6229 -104.2830 0.0000 0.0000
3290.03 17.07.2018 11.50.01 29.41360 298.1259 -19.0382 -0.0744 -4.1020 5.3702 369.7048 197.3399 386.1084 459.6474 -104.5201 0.0000 0.0000
3300.03 17.07.2018 12.00.01 29.42391 298.2636 -32.1606 -0.1256 -3.8281 4.9366 370.0291 197.4237 386.8179 459.6290 -104.7289 0.0000 0.0000
3310.03 17.07.2018 12.10.01 29.42855 298.2671 -28.2256 -0.1103 -3.5339 4.5648 360.5024 192.7865 388.0595 459.8070 -104.6059 0.0000 0.0000
3320.03 17.07.2018 12.20.01 29.43463 298.2452 6.4514 0.0252 -3.2558 4.3746 352.4911 188.9214 388.6990 459.7295 -104.0157 0.0000 0.0000
3330.03 17.07.2018 12.30.01 29.45489 298.2155 62.3586 0.2436 -3.0549 4.3980 348.2948 187.1843 389.1030 459.9221 -103.9097 0.0000 0.0000
3340.03 17.07.2018 12.40.01 29.49795 298.1842 89.3669 0.3491 -2.9695 4.4248 347.6277 187.5142 389.4437 460.3602 -104.5356 0.0000 0.0000
3350.03 17.07.2018 12.50.01 29.55200 298.1417 95.6954 0.3738 -2.9383 4.4162 340.9253 184.2497 389.4991 460.0248 -103.4779 0.0000 0.0000
3360.03 17.07.2018 13.00.01 29.60873 298.1034 106.4871 0.4160 -2.9201 4.4481 344.8609 187.3366 389.6849 461.1623 -104.0754 0.0000 0.0000
3370.03 17.07.2018 13.10.01 29.66897 298.0276 79.4240 0.3103 -2.9196 4.3064 342.2317 186.0085 388.9928 460.3980 -104.5235 0.0000 0.0000
3380.03 17.07.2018 13.20.01 29.71856 297.9443 65.2386 0.2548 -2.8695 4.1658 339.8152 184.8077 388.1137 459.5429 -104.8609 0.0000 0.0000
3390.03 17.07.2018 13.30.01 29.76205 297.8683 63.0881 0.2464 -2.7950 4.0553 338.5220 184.2581 387.3334 458.7854 -105.2352 0.0000 0.0000
3400.03 17.07.2018 13.40.01 29.80435 297.7884 60.3144 0.2356 -2.7201 3.9409 337.5402 183.8662 386.5650 458.0067 -105.4527 0.0000 0.0000
3410.03 17.07.2018 13.50.01 29.84515 297.7244 57.9838 0.2265 -2.6437 3.8269 344.5434 188.2651 385.7903 458.1396 -107.7043 0.0000 0.0000
3420.03 17.07.2018 14.00.01 29.88467 297.6451 53.1241 0.2075 -2.5666 3.6988 346.0183 189.3569 384.9317 457.5501 -109.1129 0.0000 0.0000
3430.03 17.07.2018 14.10.01 29.92166 297.5235 38.6280 0.1509 -2.4838 3.5129 351.3466 192.4864 382.6882 456.8099 -111.7408 0.0000 0.0000
3440.03 17.07.2018 14.20.01 29.95220 297.4001 31.2821 0.1222 -2.3778 3.3334 357.3920 196.0414 380.3493 456.1122 -114.3339 0.0000 0.0000
3450.03 17.07.2018 14.30.01 29.97915 297.2752 27.2504 0.1064 -2.2647 3.1615 364.1069 199.9921 377.9691 455.4765 -116.9907 0.0000 0.0000
3460.03 17.07.2018 14.40.01 30.00378 297.1416 17.3416 0.0677 -2.1495 2.9563 371.7667 204.4379 375.4573 454.8641 -119.6635 0.0000 0.0000
3470.03 17.07.2018 14.50.01 30.02386 297.0174 16.8268 0.0657 -2.0218 2.7834 381.0504 209.8337 373.0776 454.5147 -122.7729 0.0000 0.0000
3480.03 17.07.2018 15.00.01 30.04315 296.8929 13.5368 0.0529 -1.8995 2.6031 390.0322 215.0553 370.7074 454.1689 -125.8883 0.0000 0.0000
3490.03 17.07.2018 15.10.01 30.06078 296.7052 27.5212 0.1075 -1.7781 2.5142 381.5115 210.5602 369.1312 452.8762 -124.7315 0.0000 0.0000
3500.03 17.07.2018 15.20.01 30.08386 296.5154 32.9979 0.1289 -1.6897 2.4247 372.5221 205.7845 367.5416 451.3390 -123.1673 0.0000 0.0000
3510.03 17.07.2018 15.30.01 30.10876 296.3285 33.3806 0.1304 -1.6164 2.3291 362.8555 200.6074 365.9151 449.6154 -121.2446 0.0000 0.0000
3520.03 17.07.2018 15.40.01 30.13339 296.1235 23.1088 0.0903 -1.5487 2.1853 350.4394 193.8420 364.0064 447.4294 -118.5687 0.0000 0.0000
3530.03 17.07.2018 15.50.01 30.15341 295.9248 20.1115 0.0786 -1.4660 2.0595 338.4048 187.2927 362.0530 445.1844 -115.6373 0.0000 0.0000
3540.03 17.07.2018 16.00.01 30.17169 295.7329 21.6731 0.0847 -1.3837 1.9578 326.3700 180.7243 360.2342 442.8982 -112.5543 0.0000 0.0000
3550.03 17.07.2018 16.10.01 30.19006 295.4636 18.8978 0.0738 -1.3115 1.8471 314.8031 174.3784 358.1235 440.2801 -110.1125 0.0000 0.0000
3560.03 17.07.2018 16.20.01 30.20666 295.2014 20.5644 0.0803 -1.2416 1.7626 303.7399 168.3150 356.1022 437.6846 -107.5649 0.0000 0.0000
3570.03 17.07.2018 16.30.01 30.22332 294.9404 20.9763 0.0819 -1.1837 1.6875 292.6028 162.1999 354.1391 435.0499 -104.8534 0.0000 0.0000
3580.03 17.07.2018 16.40.01 30.23947 294.6791 17.9776 0.0702 -1.1354 1.6075 280.4170 155.5292 352.1620 432.3398 -101.8104 0.0000 0.0000
3590.03 17.07.2018 16.50.01 30.25356 294.4136 12.9571 0.0506 -1.0900 1.5208 267.6793 148.5325 350.1260 429.5013 -98.5066 0.0000 0.0000
3600.03 17.07.2018 17.00.01 30.26483 294.1514 8.9201 0.0348 -1.0447 1.4393 254.4652 141.2460 348.1252 426.5834 -94.9633 0.0000 0.0000
3610.03 17.07.2018 17.10.01 30.27346 293.8776 1.5517 0.0061 -1.0020 1.3441 238.5001 132.4433 346.4286 423.5360 -90.5217 0.0000 0.0000
3620.03 17.07.2018 17.20.01 30.27813 293.6016 -6.4238 -0.0251 -0.9561 1.2413 221.9521 123.2966 344.7173 420.3711 -85.8844 0.0000 0.0000
3630.03 17.07.2018 17.30.01 30.27850 293.3236 -15.1790 -0.0593 -0.9070 1.1303 204.8555 113.8276 342.9544 417.0912 -81.0562 0.0000 0.0000
3640.03 17.07.2018 17.40.01 30.27419 293.0459 -21.7264 -0.0849 -0.8539 1.0253 183.4599 101.9580 341.2179 413.4916 -75.3227 0.0000 0.0000
3650.03 17.07.2018 17.50.01 30.26605 292.7666 -30.0658 -0.1174 -0.8016 0.9122 161.5712 89.7989 339.4347 409.7209 -69.2663 0.0000 0.0000
3660.03 17.07.2018 18.00.01 30.25326 292.4861 -37.8493 -0.1478 -0.7475 0.7995 139.4337 77.4899 337.6462 405.8428 -63.0372 0.0000 0.0000
3670.03 17.07.2018 18.10.01 30.23608 292.1643 -43.6740 -0.1706 -0.6930 0.6965 122.8738 68.2798 336.3307 402.6110 -56.2549 0.0000 0.0000
3680.03 17.07.2018 18.20.01 30.21523 291.8461 -49.5661 -0.1936 -0.6413 0.5970 106.3639 59.0972 335.0708 399.4741 -50.0608 0.0000 0.0000
3690.03 17.07.2018 18.30.01 30.19079 291.5310 -54.5818 -0.2132 -0.5933 0.5067 90.0669 50.0355 333.8831 396.3677 -44.4046 0.0000 0.0000
3700.03 17.07.2018 18.40.01 30.16293 291.2180 -60.3087 -0.2356 -0.5503 0.4197 66.8764 37.1414 332.7344 392.7529 -38.0930 0.0000 0.0000
3710.03 17.07.2018 18.50.01 30.13146 290.9005 -69.1935 -0.2703 -0.5121 0.3225 43.5085 24.1489 331.5263 388.9079 -31.9509 0.0000 0.0000
3720.03 17.07.2018 19.00.01 30.09503 290.5823 -77.6380 -0.3033 -0.4725 0.2256 20.3477 11.2790 330.3038 384.9155 -26.1592 0.0000 0.0000
3730.03 17.07.2018 19.10.01 30.05374 290.1777 -80.7425 -0.3154 -0.4335 0.1574 16.6499 9.2086 328.9275 381.8896 -24.5330 0.0000 0.0000
3740.03 17.07.2018 19.20.01 30.00961 289.7800 -80.5562 -0.3147 -0.4070 0.1232 13.9799 7.7286 327.6997 379.2423 -23.5348 0.0000 0.0000
3750.03 17.07.2018 19.30.01 29.96414 289.3839 -84.1995 -0.3289 -0.4001 0.0950 11.4963 6.3559 326.5230 376.7535 -22.7523 0.0000 0.0000
3760.03 17.07.2018 19.40.01 29.91558 288.9890 -90.2320 -0.3525 -0.4035 0.0680 7.7571 4.2894 325.3731 374.2903 -21.9429 0.0000 0.0000
3770.03 17.07.2018 19.50.01 29.86306 288.5938 -97.9617 -0.3827 -0.4125 0.0398 4.0303 2.2314 324.2232 371.8790 -21.2466 0.0000 0.0000
3780.03 17.07.2018 20.00.01 29.80593 288.1989 -106.2662 -0.4151 -0.4238 0.0116 0.3604 0.2072 323.0815 369.5370 -20.6029 0.0000 0.0000
3790.03 17.07.2018 20.10.01 29.74398 287.8117 -111.2167 -0.4344 -0.4360 0.0021 0.0653 0.0376 322.0714 367.5977 -20.0089 0.0000 0.0000
3800.03 17.07.2018 20.20.01 29.67861 287.4290 -116.3744 -0.4546 -0.4549 0.0004 0.0118 0.0068 321.1247 365.8191 -19.6959 0.0000 0.0000
3810.03 17.07.2018 20.30.01 29.60980 287.0498 -122.6800 -0.4792 -0.4793 0.0001 0.0021 0.0012 320.2217 364.1618 -19.4592 0.0000 0.0000
3820.03 17.07.2018 20.40.01 29.53719 286.6734 -129.6207 -0.5063 -0.5063 0.0000 0.0004 0.0002 319.3517 362.6029 -19.2783 0.0000 0.0000
3830.03 17.07.2018 20.50.01 29.46050 286.3099 -136.5895 -0.5336 -0.5336 0.0000 0.0001 0.0000 318.5031 361.1224 -19.1713 0.0000 0.0000
3840.03 17.07.2018 21.00.01 29.37982 285.9500 -143.4176 -0.5602 -0.5602 0.0000 0.0000 0.0000 317.6866 359.7347 -19.0316 0.0000 0.0000
3850.03 17.07.2018 21.10.01 29.29534 285.7642 -149.5968 -0.5844 -0.5844 0.0000 0.0000 0.0000 317.2849 358.7402 -17.8374 0.0000 0.0000
3860.03 17.07.2018 21.20.01 29.20776 285.6040 -154.2664 -0.6026 -0.6026 0.0000 0.0000 0.0000 316.9721 357.8842 -16.7280 0.0000 0.0000
3870.03 17.07.2018 21.30.01 29.11779 285.4201 -157.9626 -0.6170 -0.6170 0.0000 0.0000 0.0000 316.7906 357.0227 -16.1540 0.0000 0.0000
3880.03 17.07.2018 21.40.01 29.02584 285.2848 -161.4526 -0.6307 -0.6307 0.0000 0.0000 0.0000 316.5202 356.2172 -15.5645 0.0000 0.0000
3890.03 17.07.2018 21.50.01 28.93173 285.1659 -165.3105 -0.6457 -0.6457 0.0000 0.0000 0.0000 316.2351 355.4514 -15.0096 0.0000 0.0000
3900.03 17.07.2018 22.00.01 28.83538 285.0906 -169.2481 -0.6611 -0.6611 0.0000 0.0000 0.0000 315.9613 354.7625 -14.3509 0.0000 0.0000
3910.03 17.07.2018 22.10.01 28.73684 285.0272 -172.8693 -0.6753 -0.6753 0.0000 0.0000 0.0000 315.6114 354.0681 -13.8434 0.0000 0.0000
3920.03 17.07.2018 22.20.01 28.63629 284.9533 -176.2842 -0.6886 -0.6886 0.0000 0.0000 0.0000 315.2607 353.3884 -13.4284 0.0000 0.0000
3930.03 17.07.2018 22.30.01 28.53384 284.8797 -179.4539 -0.7010 -0.7010 0.0000 0.0000 0.0000 314.9117 352.7352 -13.0433 0.0000 0.0000
3940.03 17.07.2018 22.40.01 28.42965 284.8300 -182.3526 -0.7123 -0.7123 0.0000 0.0000 0.0000 314.5749 352.1359 -12.5631 0.0000 0.0000
3950.03 17.07.2018 22.50.01 28.32388 284.7811 -184.8618 -0.7221 -0.7221 0.0000 0.0000 0.0000 314.2430 351.5637 -12.1050 0.0000 0.0000
3960.03 17.07.2018 23.00.01 28.21673 284.7289 -187.0359 -0.7306 -0.7306 0.0000 0.0000 0.0000 313.9145 351.0121 -11.6841 0.0000 0.0000
3970.03 17.07.2018 23.10.01 28.10839 284.7311 -189.0296 -0.7384 -0.7384 0.0000 0.0000 0.0000 313.5423 350.5452 -10.9986 0.0000 0.0000
3980.03 17.07.2018 23.20.01 27.99896 284.4556 -191.0863 -0.7464 -0.7464 0.0000 0.0000 0.0000 313.0434 349.8254 -11.4807 0.0000 0.0000
3990.03 17.07.2018 23.30.01 27.88812 284.2244 -193.6960 -0.7566 -0.7566 0.0000 0.0000 0.0000 312.5774 349.1243 -11.7026 0.0000 0.0000
4000.03 17.07.2018 23.40.01 27.77584 284.0587 -196.1831 -0.7663 -0.7663 0.0000 0.0000 0.0000 312.1399 348.4754 -11.7819 0.0000 0.0000
4010.03 17.07.2018 23.50.01 27.66216 283.8763 -198.3659 -0.7749 -0.7749 0.0000 0.0000 0.0000 311.7070 347.8179 -11.9530 0.0000 0.0000
4020.03 18.07.2018 00.00.01 27.54727 283.6834 -200.3525 -0.7826 -0.7826 0.0000 0.0000 0.0000 311.2770 347.1371 -12.2136 0.0000 0.0000
4030.03 18.07.2018 00.10.01 27.43136 283.6745 -201.4825 -0.7870 -0.7870 0.0000 0.0000 0.0000 310.9904 346.6486 -11.5584 0.0000 0.0000
4040.03 18.07.2018 00.20.01 27.31512 283.6479 -201.3086 -0.7864 -0.7864 0.0000 0.0000 0.0000 310.6663 346.1364 -11.1488 0.0000 0.0000
4050.03 18.07.2018 00.30.01 27.19949 283.6995 -200.8874 -0.7847 -0.7847 0.0000 0.0000 0.0000 310.3649 345.7496 -10.4764 0.0000 0.0000
4060.03 18.07.2018 00.40.01 27.08413 283.6158 -199.8842 -0.7808 -0.7808 0.0000 0.0000 0.0000 310.0743 345.2630 -10.3302 0.0000 0.0000
4070.03 18.07.2018 00.50.01 26.96945 283.4856 -199.3102 -0.7786 -0.7786 0.0000 0.0000 0.0000 309.7577 344.6890 -10.5022 0.0000 0.0000
4080.03 18.07.2018 01.00.01 26.85497 283.3770 -198.9516 -0.7772 -0.7772 0.0000 0.0000 0.0000 309.4569 344.1326 -10.6333 0.0000 0.0000
4090.03 18.07.2018 01.10.01 26.74053 283.3065 -198.3160 -0.7747 -0.7747 0.0000 0.0000 0.0000 309.1142 343.6529 -10.3877 0.0000 0.0000
4100.03 18.07.2018 01.20.01 26.62664 283.2363 -197.9322 -0.7732 -0.7732 0.0000 0.0000 0.0000 308.7561 343.1487 -10.2890 0.0000 0.0000
4110.03 18.07.2018 01.30.01 26.51278 283.1876 -197.9421 -0.7732 -0.7732 0.0000 0.0000 0.0000 308.3623 342.6161 -10.3086 0.0000 0.0000
4120.03 18.07.2018 01.40.01 26.39840 283.1121 -198.2327 -0.7743 -0.7743 0.0000 0.0000 0.0000 307.9849 342.0606 -10.4249 0.0000 0.0000
4130.03 18.07.2018 01.50.01 26.28387 282.9857 -199.6421 -0.7799 -0.7799 0.0000 0.0000 0.0000 307.6195 341.4636 -10.7613 0.0000 0.0000
4140.03 18.07.2018 02.00.01 26.16848 282.8473 -201.1672 -0.7858 -0.7858 0.0000 0.0005 0.0003 307.2328 340.8445 -11.1540 0.0000 0.0000
4150.03 18.07.2018 02.10.01 26.05224 282.8757 -201.6860 -0.7878 -0.7911 0.0043 0.2778 0.1506 307.0313 340.4454 -10.7346 0.0000 0.0000
4160.03 18.07.2018 02.20.01 25.93575 282.9029 -201.7497 -0.7881 -0.7955 0.0098 0.5928 0.3226 306.8689 340.0910 -10.3360 0.0000 0.0000
4170.03 18.07.2018 02.30.01 25.81924 282.9342 -201.6970 -0.7879 -0.7995 0.0155 0.9138 0.4981 306.7260 339.7773 -9.9188 0.0000 0.0000
4180.03 18.07.2018 02.40.01 25.70294 282.9686 -201.6467 -0.7877 -0.8036 0.0212 1.2360 0.6743 306.6052 339.5121 -9.4460 0.0000 0.0000
4190.03 18.07.2018 02.50.01 25.58669 283.0109 -201.2720 -0.7862 -0.8064 0.0270 1.5583 0.8505 306.4980 339.2790 -8.9702 0.0000 0.0000
4200.03 18.07.2018 03.00.01 25.47045 283.0652 -200.3996 -0.7828 -0.8074 0.0328 1.8847 1.0290 306.4016 339.0853 -8.4585 0.0000 0.0000
4210.03 18.07.2018 03.10.01 25.35516 283.3745 -192.4197 -0.7516 -0.8088 0.0763 4.6224 2.5144 306.6954 339.4753 -6.8251 0.0000 0.0000
4220.03 18.07.2018 03.20.01 25.24343 283.6733 -184.7426 -0.7217 -0.8190 0.1298 7.6887 4.1893 307.1287 340.0413 -5.4804 0.0000 0.0000
4230.03 18.07.2018 03.30.01 25.13543 283.9877 -178.9723 -0.6991 -0.8379 0.1850 10.8068 5.8940 307.6239 340.7402 -4.2244 0.0000 0.0000
4240.03 18.07.2018 03.40.01 25.03039 284.3041 -174.3015 -0.6809 -0.8613 0.2406 13.9351 7.6045 308.1625 341.5364 -3.0927 0.0000 0.0000
4250.03 18.07.2018 03.50.01 24.92788 284.6459 -170.1208 -0.6645 -0.8867 0.2963 17.0651 9.3160 308.7498 342.4449 -1.9848 0.0000 0.0000
4260.03 18.07.2018 04.00.01 24.82769 284.9898 -166.2569 -0.6494 -0.9134 0.3519 20.1958 11.0279 309.3710 343.4271 -0.9764 0.0000 0.0000
4270.03 18.07.2018 04.10.01 24.72967 285.3252 -161.7197 -0.6317 -0.9403 0.4115 23.5767 12.8754 310.4989 344.5399 -0.3399 0.0000 0.0000
4280.03 18.07.2018 04.20.01 24.63421 285.6636 -157.2886 -0.6144 -0.9685 0.4721 26.9917 14.7425 311.6807 345.7308 0.1699 0.0000 0.0000
4290.03 18.07.2018 04.30.01 24.54122 286.0010 -153.0231 -0.5977 -0.9974 0.5329 30.4120 16.6127 312.8914 346.9778 0.5799 0.0000 0.0000
4300.03 18.07.2018 04.40.01 24.45068 286.3384 -148.7964 -0.5812 -1.0265 0.5937 33.8334 18.4835 314.1247 348.2761 0.9193 0.0000 0.0000
4310.03 18.07.2018 04.50.01 24.36257 286.6767 -144.4786 -0.5644 -1.0552 0.6545 62.9365 33.1952 315.3751 350.0803 0.4652 0.0000 0.0000
4320.03 18.07.2018 05.00.01 24.27706 287.0247 -129.5249 -0.5060 -1.0840 0.7707 71.9818 37.9806 317.0556 352.5974 -0.8193 0.0000 0.0000
4330.03 18.07.2018 05.10.01 24.19842 287.4906 -128.4666 -0.5018 -1.1322 0.8405 221.6126 112.9712 318.7119 357.5548 -4.9925 0.0000 0.0000
4340.03 18.07.2018 05.20.01 24.12173 287.9998 -62.1293 -0.2427 -1.1714 1.2382 380.0756 193.0033 323.0453 369.0271 -17.8658 0.0000 0.0000
4350.03 18.07.2018 05.30.01 24.07372 288.5698 -7.0650 -0.0276 -1.3249 1.7297 626.5203 325.7833 328.7761 396.8395 -51.8150 0.0000 0.0000
4360.03 18.07.2018 05.40.01 24.05065 289.1599 35.8289 0.1400 -1.5609 2.2678 600.9877 313.5703 335.7441 412.7965 -68.0129 0.0000 0.0000
4370.03 18.07.2018 05.50.01 24.04699 289.6662 -21.3653 -0.0835 -1.8507 2.3563 562.9555 294.2106 339.0820 421.7247 -76.2386 0.0000 0.0000
4380.03 18.07.2018 06.00.01 24.02191 290.1121 -63.1201 -0.2466 -2.0010 2.3392 521.2576 272.7292 341.2352 427.5772 -81.4123 0.0000 0.0000
4390.03 18.07.2018 06.10.01 23.98116 290.4775 -76.5806 -0.2991 -2.0513 2.3363 502.3029 262.9804 342.6645 432.0570 -85.5059 0.0000 0.0000
4400.03 18.07.2018 06.20.01 23.93603 290.8413 -73.7340 -0.2880 -2.0596 2.3620 484.0774 253.6466 344.1001 435.7385 -88.2912 0.0000 0.0000
4410.03 18.07.2018 06.30.01 23.91854 291.2008 2541.4851 9.9277 -2.0573 15.9799 522.3168 267.9357 345.5900 443.9406 -96.1530 0.0000 0.0000
4420.03 18.07.2018 06.40.01 24.95117 291.5794 1132.8447 4.4252 -7.1983 15.4980 511.0547 262.4374 347.1555 446.7446 -97.3698 0.0000 0.0000
4430.03 18.07.2018 06.50.01 25.42529 291.9410 491.5633 1.9202 -9.3274 14.9968 499.7130 256.9063 348.6328 448.9476 -98.1103 0.0000 0.0000
4440.03 18.07.2018 07.00.01 25.64208 292.2995 189.9273 0.7419 -10.1139 14.4745 488.1118 251.2355 350.0807 450.5754 -98.3393 0.0000 0.0000
4450.03 18.07.2018 07.10.01 25.73632 292.5524 20.5472 0.0803 -10.2832 13.8180 474.3923 244.6625 351.4665 451.3996 -98.1752 0.0000 0.0000
4460.03 18.07.2018 07.20.01 25.76089 292.8149 -62.4005 -0.2438 -10.1161 13.1632 460.7479 238.1330 352.8375 451.8201 -97.7889 0.0000 0.0000
4470.03 18.07.2018 07.30.01 25.75079 293.0709 -107.4606 -0.4198 -9.7914 12.4955 486.1384 255.0338 354.0476 457.1917 -104.5820 0.0000 0.0000
4480.03 18.07.2018 07.40.01 25.72195 293.3476 -91.6761 -0.3581 -9.3840 12.0345 476.2847 250.1666 355.3499 457.3663 -104.3274 0.0000 0.0000
4490.03 18.07.2018 07.50.01 25.69909 293.6023 -85.8582 -0.3354 -9.0128 11.5698 466.4682 245.3250 356.5912 457.3305 -104.2089 0.0000 0.0000
4500.03 18.07.2018 08.00.01 25.67846 293.8514 -84.9053 -0.3317 -8.6531 11.0952 459.2003 242.0217 357.8052 457.3639 -104.6961 0.0000 0.0000
4510.03 18.07.2018 08.10.01 25.65771 293.9803 -158.9689 -0.6210 -8.2931 10.2294 434.7592 229.7582 359.0629 456.2454 -103.0562 0.0000 0.0000
4520.03 18.07.2018 08.20.01 25.61730 294.1022 909.4622 3.5526 -7.7832 15.1144 432.9168 226.7161 359.9540 456.3513 -103.9313 0.0000 0.0000
4530.03 18.07.2018 08.30.01 26.00341 294.2349 152.5591 0.5959 -9.3857 13.3088 397.1507 208.3664 360.7919 453.1705 -99.3757 0.0000 0.0000
4540.03 18.07.2018 08.40.01 26.08669 294.3466 -119.4868 -0.4667 -9.4094 11.9235 377.2649 198.7177 361.4627 450.9647 -96.4340 0.0000 0.0000
4550.03 18.07.2018 08.50.01 26.05886 294.4615 -236.5237 -0.9239 -8.8888 10.6199 372.0906 197.8338 362.2047 450.5745 -96.5036 0.0000 0.0000
4560.03 18.07.2018 09.00.01 25.98193 294.5834 -283.3308 -1.1068 -8.1495 9.3903 350.9266 187.2982 362.9825 448.3027 -93.0681 0.0000 0.0000
4570.03 18.07.2018 09.10.01 25.88574 294.6935 -155.5804 -0.6077 -7.3353 8.9701 346.0262 184.8551 363.9381 447.4468 -87.5432 0.0000 0.0000
4580.03 18.07.2018 09.20.01 25.84057 294.8091 -88.1749 -0.3444 -6.7899 8.5939 346.4871 185.5948 365.1019 447.7539 -84.1804 0.0000 0.0000
4590.03 18.07.2018 09.30.01 25.82296 294.9329 -49.2241 -0.1923 -6.3810 8.2516 344.1282 184.6166 366.3888 448.0194 -80.9787 0.0000 0.0000
4600.03 18.07.2018 09.40.01 25.82156 295.0577 -19.3290 -0.0755 -6.0468 7.9618 343.8211 184.7557 367.7871 448.6653 -78.5322 0.0000 0.0000
4610.03 18.07.2018 09.50.01 25.83291 295.1907 0.5344 0.0021 -5.7682 7.6938 343.6578 184.9649 369.2264 449.5214 -76.6108 0.0000 0.0000
4620.03 18.07.2018 10.00.01 25.85290 295.3246 11.7788 0.0460 -5.5239 7.4266 342.4276 184.5321 370.6178 450.3503 -74.8786 0.0000 0.0000
4630.03 18.07.2018 10.10.01 25.87841 295.4551 74.2365 0.2900 -5.2964 7.4485 350.1162 188.6268 372.6501 451.7367 -76.1254 0.0000 0.0000
4640.03 18.07.2018 10.20.01 25.93011 295.5918 107.4495 0.4197 -5.1870 7.4756 358.4167 193.0843 374.8546 453.3376 -78.7402 0.0000 0.0000
4650.03 18.07.2018 10.30.01 25.99618 295.7319 119.1028 0.4652 -5.1335 7.4650 365.9121 197.0873 376.9816 454.8875 -81.4178 0.0000 0.0000
4660.03 18.07.2018 10.40.01 26.06796 295.8779 128.2390 0.5009 -5.0925 7.4579 374.0992 201.5128 379.3000 456.9459 -82.3396 0.0000 0.0000
4670.03 18.07.2018 10.50.01 26.14465 296.0426 128.6700 0.5026 -5.0570 7.4129 381.4115 205.4421 381.8728 458.8519 -83.9695 0.0000 0.0000
4680.03 18.07.2018 11.00.01 26.22219 296.1948 125.9398 0.4920 -5.0131 7.3400 388.2572 209.1152 384.2495 460.9236 -85.5294 0.0000 0.0000
4690.03 18.07.2018 11.10.01 26.29849 296.2532 48.4177 0.1891 -4.9516 6.8543 373.9803 202.0141 384.8567 461.7906 -83.3944 0.0000 0.0000
4700.03 18.07.2018 11.20.01 26.34292 296.3120 0.3034 0.0012 -4.7317 6.3105 353.4746 191.2203 384.7487 461.1489 -79.4378 0.0000 0.0000
4710.03 18.07.2018 11.30.01 26.36740 296.3568 -14.5916 -0.0570 -4.4202 5.8176 333.2725 180.5708 384.2872 460.0708 -75.5427 0.0000 0.0000
4720.03 18.07.2018 11.40.01 26.38522 296.3738 -7.2650 -0.0284 -4.0862 5.4104 315.0005 170.9429 383.6620 458.8537 -71.5229 0.0000 0.0000
4730.03 18.07.2018 11.50.01 26.40566 296.3992 5.0310 0.0197 -3.7745 5.0589 297.1205 161.5081 382.7641 457.3343 -67.8763 0.0000 0.0000
4740.03 18.07.2018 12.00.01 26.43090 296.4096 22.1621 0.0866 -3.4929 4.7727 279.9805 152.4656 381.7882 455.6168 -64.3970 0.0000 0.0000
4750.03 18.07.2018 12.10.01 26.46282 296.5328 30.0676 0.1175 -3.2498 4.4896 275.4849 149.6515 380.5682 453.4916 -62.9306 0.0000 0.0000
4760.03 18.07.2018 12.20.01 26.49795 296.6582 51.4782 0.2011 -3.0265 4.3035 274.9478 149.1393 379.8050 452.0302 -64.0665 0.0000 0.0000
4770.03 18.07.2018 12.30.01 26.54189 296.7859 73.4346 0.2869 -2.8488 4.1808 276.4216 149.7852 379.1708 450.8530 -66.2389 0.0000 0.0000
4780.03 18.07.2018 12.40.01 26.59481 296.9563 85.0719 0.3323 -2.7156 4.0638 278.6193 150.8563 378.7051 450.5848 -65.1766 0.0000 0.0000
4790.03 18.07.2018 12.50.01 26.65252 297.1345 87.5114 0.3418 -2.6050 3.9291 283.0017 153.2515 378.2287 450.8176 -64.8878 0.0000 0.0000
4800.03 18.07.2018 13.00.01 26.71124 297.3298 92.1709 0.3600 -2.5009 3.8146 294.8810 160.1312 377.8548 452.3908 -66.2134 0.0000 0.0000
4810.03 18.07.2018 13.10.01 26.77203 297.3797 115.8714 0.4526 -2.4083 3.8146 288.9064 157.1770 379.9012 453.7330 -60.0508 0.0000 0.0000
4820.03 18.07.2018 13.20.01 26.84258 297.2892 111.6296 0.4361 -2.3597 3.7276 279.1949 152.0465 381.4571 453.9035 -58.2983 0.0000 0.0000
4830.03 18.07.2018 13.30.01 26.91149 297.2206 111.7682 0.4366 -2.3025 3.6521 269.5540 146.9502 382.7410 453.0373 -61.4911 0.0000 0.0000
4840.03 18.07.2018 13.40.01 26.98016 297.2634 110.0235 0.4298 -2.2488 3.5714 259.1758 141.4182 383.9109 452.9435 -56.6878 0.0000 0.0000
4850.03 18.07.2018 13.50.01 27.04781 297.5422 107.8971 0.4215 -2.1956 3.4894 248.2954 135.5861 384.8255 452.3723 -55.0513 0.0000 0.0000
4860.03 18.07.2018 14.00.01 27.11453 297.6346 105.3337 0.4115 -2.1379 3.3992 240.6806 131.7202 385.3690 450.7749 -58.5701 0.0000 0.0000
4870.03 18.07.2018 14.10.01 27.17956 297.4921 79.7168 0.3114 -2.0798 3.1882 220.7304 120.9079 383.8713 448.6252 -53.6398 0.0000 0.0000
4880.03 18.07.2018 14.20.01 27.23336 297.3305 57.6941 0.2254 -1.9777 2.9374 198.9848 109.0491 382.1499 445.8083 -48.7469 0.0000 0.0000
4890.03 18.07.2018 14.30.01 27.27728 297.1661 43.9070 0.1715 -1.8406 2.6828 176.6756 96.8552 380.2925 442.5330 -44.2514 0.0000 0.0000
4900.03 18.07.2018 14.40.01 27.31469 296.9626 33.2631 0.1299 -1.6866 2.4220 152.9388 83.8488 378.2862 438.7348 -39.0853 0.0000 0.0000
4910.03 18.07.2018 14.50.01 27.34667 296.7431 25.2343 0.0986 -1.5246 2.1643 128.9019 70.6601 376.1211 434.4846 -34.4123 0.0000 0.0000
4920.03 18.07.2018 15.00.01 27.37423 296.6608 17.9393 0.0701 -1.3598 1.9065 104.4769 57.2370 373.7861 430.0063 -29.5389 0.0000 0.0000
4930.03 18.07.2018 15.10.01 27.39785 296.4107 32.9213 0.1286 -1.1949 1.7647 98.3887 53.8308 370.5969 426.5035 -28.6413 0.0000 0.0000
4940.03 18.07.2018 15.20.01 27.42709 296.1938 49.9224 0.1950 -1.0718 1.6890 94.4902 51.6878 367.6469 423.3394 -28.3571 0.0000 0.0000
4950.03 18.07.2018 15.30.01 27.46227 295.9803 57.2101 0.2235 -0.9949 1.6245 90.9254 49.7362 364.7434 420.1277 -28.4482 0.0000 0.0000
4960.03 18.07.2018 15.40.01 27.49932 295.7575 57.6221 0.2251 -0.9465 1.5621 87.4273 47.8230 361.8220 417.0643 -27.4557 0.0000 0.0000
4970.03 18.07.2018 15.50.01 27.53530 295.5551 53.9833 0.2109 -0.9142 1.5001 83.9405 45.9163 358.8836 414.1130 -26.6918 0.0000 0.0000
4980.03 18.07.2018 16.00.01 27.56854 295.3527 48.2516 0.1885 -0.8902 1.4382 80.4878 44.0286 355.9408 411.2477 -25.9765 0.0000 0.0000
4990.03 18.07.2018 16.10.01 27.59832 295.5395 46.5088 0.1817 -0.8686 1.4004 96.3014 52.7943 355.6850 411.2866 -23.7397 0.0000 0.0000
5000.03 18.07.2018 16.20.01 27.62673 295.7558 52.5082 0.2051 -0.8515 1.4088 113.8876 62.5880 356.0276 412.3933 -22.9911 0.0000 0.0000
5010.03 18.07.2018 16.30.01 27.65698 295.9894 55.1019 0.2152 -0.8533 1.4247 131.9011 72.6320 356.6155 414.0906 -23.1168 0.0000 0.0000
5020.03 18.07.2018 16.40.01 27.68768 296.2386 54.4489 0.2127 -0.8672 1.4399 154.6395 85.3185 357.3414 416.6953 -24.1507 0.0000 0.0000
5030.03 18.07.2018 16.50.01 27.71752 296.4996 53.3555 0.2084 -0.8873 1.4609 177.9547 98.3465 358.1972 419.8800 -25.8741 0.0000 0.0000
5040.03 18.07.2018 17.00.01 27.74633 296.7690 51.2123 0.2000 -0.9122 1.4830 201.3577 111.4289 359.1584 423.4912 -28.1088 0.0000 0.0000
5050.03 18.07.2018 17.10.01 27.77365 296.4750 42.6752 0.1667 -0.9402 1.4758 189.7897 105.1086 358.9606 422.7706 -32.6967 0.0000 0.0000
5060.03 18.07.2018 17.20.01 27.79653 296.1400 21.5206 0.0841 -0.9610 1.3935 175.5471 97.2416 357.9892 420.7035 -35.9493 0.0000 0.0000
5070.03 18.07.2018 17.30.01 27.80981 295.7956 4.9372 0.0193 -0.9512 1.2940 160.5733 88.9494 356.6769 418.0460 -38.0444 0.0000 0.0000
5080.03 18.07.2018 17.40.01 27.81527 295.4572 -5.8340 -0.0228 -0.9201 1.1964 141.8539 78.5656 355.2337 414.8046 -38.2832 0.0000 0.0000
5090.03 18.07.2018 17.50.01 27.81533 295.1096 -15.4884 -0.0605 -0.8791 1.0914 122.7391 67.9503 353.6698 411.2237 -37.5468 0.0000 0.0000
5100.03 18.07.2018 18.00.01 27.81051 294.7565 -22.8541 -0.0893 -0.8297 0.9873 103.5040 57.2618 352.0643 407.4405 -36.0041 0.0000 0.0000
5110.03 18.07.2018 18.10.01 27.80169 294.3966 -34.4641 -0.1346 -0.7762 0.8554 89.9673 49.7733 349.9360 404.2496 -32.7570 0.0000 0.0000
5120.03 18.07.2018 18.20.01 27.78732 294.0424 -42.4120 -0.1657 -0.7098 0.7255 76.4434 42.2911 347.8355 401.0524 -29.6331 0.0000 0.0000
5130.03 18.07.2018 18.30.01 27.76876 293.6893 -48.0569 -0.1877 -0.6381 0.6005 63.0389 34.8769 345.7615 397.8169 -26.6077 0.0000 0.0000
5140.03 18.07.2018 18.40.01 27.74700 293.3385 -53.3926 -0.2086 -0.5664 0.4772 45.6867 25.2680 343.7008 394.2611 -22.9061 0.0000 0.0000
5150.03 18.07.2018 18.50.01 27.72210 292.9899 -59.9939 -0.2344 -0.4954 0.3481 28.2398 15.6068 341.6096 390.5807 -18.9827 0.0000 0.0000
5160.03 18.07.2018 19.00.01 27.69348 292.6266 -66.4089 -0.2594 -0.4238 0.2192 10.9236 6.0229 339.4979 386.7926 -15.1001 0.0000 0.0000
5170.03 18.07.2018 19.10.01 27.66122 292.3673 -60.8144 -0.2376 -0.3520 0.1526 8.1686 4.4817 339.4557 384.4582 -12.5973 0.0000 0.0000
5180.03 18.07.2018 19.20.01 27.63046 292.1242 -54.5961 -0.2133 -0.3020 0.1183 6.4190 3.5188 339.7132 382.6163 -11.0214 0.0000 0.0000
5190.03 18.07.2018 19.30.01 27.60143 291.8838 -52.9307 -0.2068 -0.2741 0.0898 4.8502 2.6598 340.0762 380.9957 -9.9042 0.0000 0.0000
5200.03 18.07.2018 19.40.01 27.57232 291.6447 -54.5341 -0.2130 -0.2598 0.0624 3.3141 1.8197 340.5312 379.5446 -9.0996 0.0000 0.0000
5210.03 18.07.2018 19.50.01 27.54174 291.4082 -58.0928 -0.2269 -0.2533 0.0352 1.7839 0.9830 341.0106 378.2185 -8.5405 0.0000 0.0000
5220.03 18.07.2018 20.00.01 27.50869 291.1710 -62.5852 -0.2445 -0.2505 0.0080 0.2570 0.1480 341.4706 376.9833 -8.1665 0.0000 0.0000
5230.03 18.07.2018 20.10.01 27.47296 291.0885 -63.6611 -0.2487 -0.2497 0.0014 0.0431 0.0248 343.3312 376.2854 -7.5127 0.0000 0.0000
5240.03 18.07.2018 20.20.01 27.43594 291.0149 -65.2782 -0.2550 -0.2552 0.0003 0.0081 0.0047 345.3170 375.8029 -7.2406 0.0000 0.0000
5250.03 18.07.2018 20.30.01 27.39761 290.9409 -68.0267 -0.2657 -0.2658 0.0000 0.0014 0.0008 347.3573 375.4519 -7.2357 0.0000 0.0000
5260.03 18.07.2018 20.40.01 27.35745 290.8616 -71.4307 -0.2790 -0.2790 0.0000 0.0003 0.0002 349.4364 375.2109 -7.4320 0.0000 0.0000
5270.03 18.07.2018 20.50.01 27.31524 290.7824 -75.1341 -0.2935 -0.2935 0.0000 0.0000 0.0000 351.5470 375.0585 -7.8022 0.0000 0.0000
5280.03 18.07.2018 21.00.01 27.27093 290.7015 -78.8388 -0.3080 -0.3080 0.0000 0.0000 0.0000 353.6771 374.9772 -8.3204 0.0000 0.0000
5290.03 18.07.2018 21.10.01 27.22445 290.6278 -82.3568 -0.3217 -0.3217 0.0000 0.0000 0.0000 353.4815 374.6901 -8.4178 0.0000 0.0000
5300.03 18.07.2018 21.20.01 27.17590 290.5507 -86.2022 -0.3367 -0.3367 0.0000 0.0000 0.0000 353.2014 374.3497 -8.4148 0.0000 0.0000
5310.03 18.07.2018 21.30.01 27.12512 290.4724 -90.1452 -0.3521 -0.3521 0.0000 0.0000 0.0000 352.9115 373.9972 -8.3921 0.0000 0.0000
5320.03 18.07.2018 21.40.01 27.07208 290.3936 -93.8443 -0.3666 -0.3666 0.0000 0.0000 0.0000 352.6201 373.6380 -8.3556 0.0000 0.0000
5330.03 18.07.2018 21.50.01 27.01702 290.3151 -97.1687 -0.3796 -0.3796 0.0000 0.0000 0.0000 352.3287 373.2754 -8.3067 0.0000 0.0000
5340.03 18.07.2018 22.00.01 26.96017 290.2367 -100.1103 -0.3911 -0.3911 0.0000 0.0000 0.0000 352.0377 372.9114 -8.2491 0.0000 0.0000
5350.03 18.07.2018 22.10.01 26.90176 290.1735 -102.7563 -0.4014 -0.4014 0.0000 0.0000 0.0000 351.1493 372.4821 -8.0289 0.0000 0.0000
5360.03 18.07.2018 22.20.01 26.84185 290.1073 -105.0560 -0.4104 -0.4104 0.0000 0.0000 0.0000 350.2350 372.0176 -7.7947 0.0000 0.0000
5370.03 18.07.2018 22.30.01 26.78076 290.0411 -107.2570 -0.4190 -0.4190 0.0000 0.0000 0.0000 349.3142 371.5397 -7.5309 0.0000 0.0000
5380.03 18.07.2018 22.40.01 26.71841 289.9744 -109.0975 -0.4262 -0.4262 0.0000 0.0000 0.0000 348.3888 371.0476 -7.2576 0.0000 0.0000
5390.03 18.07.2018 22.50.01 26.65502 289.9076 -110.7464 -0.4326 -0.4326 0.0000 0.0000 0.0000 347.4610 370.5470 -6.9660 0.0000 0.0000
5400.03 18.07.2018 23.00.01 26.59081 289.8393 -112.1977 -0.4383 -0.4383 0.0000 0.0000 0.0000 346.5297 370.0350 -6.6761 0.0000 0.0000
5410.03 18.07.2018 23.10.01 26.52581 289.6717 -113.6016 -0.4438 -0.4438 0.0000 0.0000 0.0000 345.4281 369.3718 -6.8635 0.0000 0.0000
5420.03 18.07.2018 23.20.01 26.45992 289.5029 -114.8976 -0.4488 -0.4488 0.0000 0.0000 0.0000 344.3044 368.6896 -6.9472 0.0000 0.0000
5430.03 18.07.2018 23.30.01 26.39327 289.3305 -116.1899 -0.4539 -0.4539 0.0000 0.0000 0.0000 343.1721 367.9827 -7.0043 0.0000 0.0000
5440.03 18.07.2018 23.40.01 26.32589 289.1574 -117.3755 -0.4585 -0.4585 0.0000 0.0000 0.0000 342.0314 367.2442 -7.1024 0.0000 0.0000
5450.03 18.07.2018 23.50.01 26.25793 288.9859 -118.6109 -0.4633 -0.4633 0.0000 0.0000 0.0000 340.8945 366.5113 -7.0938 0.0000 0.0000
5460.03 19.07.2018 00.00.01 26.18926 288.8137 -119.6814 -0.4675 -0.4675 0.0000 0.0000 0.0000 339.7558 365.7671 -7.0650 0.0000 0.0000
5470.03 19.07.2018 00.10.01 26.11993 288.6132 -120.4971 -0.4707 -0.4707 0.0000 0.0000 0.0000 338.8720 365.0055 -7.2431 0.0000 0.0000
5480.03 19.07.2018 00.20.01 26.05035 288.4215 -121.5725 -0.4749 -0.4749 0.0000 0.0000 0.0000 338.0026 364.2532 -7.3908 0.0000 0.0000
5490.03 19.07.2018 00.30.01 25.97988 288.2247 -122.2444 -0.4775 -0.4775 0.0000 0.0000 0.0000 337.1297 363.4931 -7.5451 0.0000 0.0000
5500.03 19.07.2018 00.40.01 25.90923 288.0256 -123.2636 -0.4815 -0.4815 0.0000 0.0000 0.0000 336.2520 362.7324 -7.6778 0.0000 0.0000
5510.03 19.07.2018 00.50.01 25.83782 287.8280 -123.8024 -0.4836 -0.4836 0.0000 0.0000 0.0000 335.3739 361.9737 -7.7912 0.0000 0.0000
5520.03 19.07.2018 01.00.01 25.76635 287.6274 -124.8498 -0.4877 -0.4877 0.0000 0.0000 0.0000 334.4954 361.2122 -7.9029 0.0000 0.0000
5530.03 19.07.2018 01.10.01 25.69406 287.5447 -125.3649 -0.4897 -0.4897 0.0000 0.0000 0.0000 334.3704 360.6869 -7.5799 0.0000 0.0000
5540.03 19.07.2018 01.20.01 25.62173 287.4455 -126.1213 -0.4927 -0.4927 0.0000 0.0000 0.0000 334.2827 360.1972 -7.4033 0.0000 0.0000
5550.03 19.07.2018 01.30.01 25.54885 287.3283 -126.4020 -0.4938 -0.4938 0.0000 0.0000 0.0000 334.1984 359.7155 -7.3516 0.0000 0.0000
5560.03 19.07.2018 01.40.01 25.47561 287.2025 -126.5089 -0.4942 -0.4942 0.0000 0.0000 0.0000 334.1227 359.2497 -7.3315 0.0000 0.0000
5570.03 19.07.2018 01.50.01 25.40237 287.1584 -126.9036 -0.4957 -0.4957 0.0000 0.0000 0.0000 334.0699 358.9025 -6.9735 0.0000 0.0000
5580.03 19.07.2018 02.00.01 25.32913 287.0759 -127.1147 -0.4965 -0.4965 0.0000 0.0003 0.0002 334.0681 358.5592 -6.8036 0.0000 0.0000
5590.03 19.07.2018 02.10.01 25.25588 287.0652 -126.9012 -0.4957 -0.4981 0.0032 0.2061 0.1117 333.3899 358.0929 -6.7998 0.0000 0.0000
5600.03 19.07.2018 02.20.01 25.18252 286.9810 -127.3504 -0.4975 -0.5029 0.0073 0.4398 0.2394 332.6278 357.5113 -7.0844 0.0000 0.0000
5610.03 19.07.2018 02.30.01 25.10867 286.8424 -128.2297 -0.5009 -0.5095 0.0115 0.6780 0.3696 331.8682 356.8683 -7.5806 0.0000 0.0000
5620.03 19.07.2018 02.40.01 25.03417 286.6854 -129.2588 -0.5049 -0.5167 0.0158 0.9170 0.5003 331.0914 356.2088 -8.0424 0.0000 0.0000
5630.03 19.07.2018 02.50.01 24.95922 286.5404 -130.2233 -0.5087 -0.5237 0.0200 1.1562 0.6310 330.2628 355.5319 -8.4335 0.0000 0.0000
5640.03 19.07.2018 03.00.01 24.88366 286.3961 -130.9573 -0.5116 -0.5298 0.0244 1.4011 0.7649 329.3950 354.8322 -8.7761 0.0000 0.0000
5650.03 19.07.2018 03.10.01 24.80786 286.4326 -121.4203 -0.4743 -0.5359 0.0822 5.0664 2.7528 328.9515 354.7142 -8.3403 0.0000 0.0000
5660.03 19.07.2018 03.20.01 24.73602 286.4754 -113.7254 -0.4442 -0.5599 0.1542 9.1978 5.0094 328.6689 354.8052 -8.1677 0.0000 0.0000
5670.03 19.07.2018 03.30.01 24.66750 286.5168 -109.1432 -0.4263 -0.5979 0.2287 13.4029 7.3082 328.4520 354.9958 -8.1632 0.0000 0.0000
5680.03 19.07.2018 03.40.01 24.60101 286.5590 -106.3391 -0.4154 -0.6432 0.3037 17.6223 9.6154 328.2740 355.2712 -8.2464 0.0000 0.0000
5690.03 19.07.2018 03.50.01 24.53579 286.6045 -104.3724 -0.4077 -0.6918 0.3787 21.8443 11.9239 328.1175 355.6147 -8.4058 0.0000 0.0000
5700.03 19.07.2018 04.00.01 24.47164 286.6531 -102.8701 -0.4018 -0.7423 0.4539 26.0724 14.2359 327.9818 356.0173 -8.6285 0.0000 0.0000
5710.03 19.07.2018 04.10.01 24.40838 286.9987 -90.8318 -0.3548 -0.7923 0.5833 33.7746 18.4309 328.5008 357.1681 -7.8413 0.0000 0.0000
5720.03 19.07.2018 04.20.01 24.35061 287.3563 -80.4985 -0.3144 -0.8599 0.7273 41.9503 22.8989 329.2158 358.6123 -7.3728 0.0000 0.0000
5730.03 19.07.2018 04.30.01 24.29772 287.7198 -73.0246 -0.2853 -0.9405 0.8737 50.2008 27.4097 330.0246 360.2345 -7.1034 0.0000 0.0000
5740.03 19.07.2018 04.40.01 24.24856 288.0881 -67.2010 -0.2625 -1.0279 1.0206 58.4658 31.9290 330.8954 362.0037 -6.9870 0.0000 0.0000
5750.03 19.07.2018 04.50.01 24.20245 288.4596 -62.1827 -0.2429 -1.1186 1.1675 74.5485 40.3573 331.8129 364.0437 -7.2043 0.0000 0.0000
5760.03 19.07.2018 05.00.01 24.15914 288.8527 -54.2130 -0.2118 -1.2103 1.3313 84.8706 45.9364 332.9064 366.4359 -7.7062 0.0000 0.0000
5770.03 19.07.2018 05.10.01 24.11993 289.2424 -49.7456 -0.1943 -1.3081 1.4851 124.2388 66.0224 333.9957 369.4336 -8.8163 0.0000 0.0000
5780.03 19.07.2018 05.20.01 24.08352 289.6409 -32.0728 -0.1253 -1.4046 1.7058 165.4050 87.1346 335.6749 373.8686 -11.5612 0.0000 0.0000
5790.03 19.07.2018 05.30.01 24.05535 290.0606 -16.5871 -0.0648 -1.5250 1.9470 225.7430 119.7417 337.6610 381.6564 -18.4011 0.0000 0.0000
5800.03 19.07.2018 05.40.01 24.03460 290.5188 -3.5120 -0.0137 -1.6619 2.1976 220.0602 117.2546 339.8621 386.7913 -21.1652 0.0000 0.0000
5810.03 19.07.2018 05.50.01 24.02032 290.9322 -14.6850 -0.0574 -1.8094 2.3361 211.2529 112.9807 341.2462 390.2433 -22.2181 0.0000 0.0000
5820.03 19.07.2018 06.00.01 24.00268 291.3385 -21.8493 -0.0853 -1.9200 2.4462 201.5091 108.1621 342.3506 392.9747 -22.5072 0.0000 0.0000
5830.03 19.07.2018 06.10.01 23.98303 291.7162 -37.4584 -0.1463 -2.0033 2.4760 221.8845 118.7291 343.7161 396.8190 -19.8559 0.0000 0.0000
5840.03 19.07.2018 06.20.01 23.95812 291.9677 -30.2966 -0.1183 -2.0431 2.5663 243.9087 130.2379 345.5226 401.3843 -21.4457 0.0000 0.0000
5850.03 19.07.2018 06.30.01 23.93731 292.4249 -19.6581 -0.0768 -2.0833 2.6754 266.5231 142.0878 347.3164 405.2436 -28.7625 0.0000 0.0000
5860.03 19.07.2018 06.40.01 23.93136 292.9761 943.0793 3.6839 -2.1283 7.7496 300.6119 157.8335 349.4586 412.6812 -27.6585 0.0000 0.0000
5870.03 19.07.2018 06.50.01 24.31381 293.3835 526.7168 2.0575 -4.0563 8.1517 315.1339 165.3643 351.4399 418.0335 -27.7186 0.0000 0.0000
5880.03 19.07.2018 07.00.01 24.53344 293.6869 339.5603 1.3264 -5.0678 8.5256 329.2438 172.6709 353.3546 422.8840 -32.3111 0.0000 0.0000
5890.03 19.07.2018 07.10.01 24.67907 293.9510 175.8790 0.6870 -5.6642 8.4683 331.6308 174.2185 355.0867 427.0385 -35.0539 0.0000 0.0000
5900.03 19.07.2018 07.20.01 24.75964 294.0116 96.3547 0.3764 -5.9114 8.3837 333.3178 175.3670 356.2779 428.4343 -47.8464 0.0000 0.0000
5910.03 19.07.2018 07.30.01 24.80840 294.0520 57.1560 0.2233 -5.9891 8.2832 354.9585 188.5000 357.0665 431.6052 -64.0078 0.0000 0.0000
5920.03 19.07.2018 07.40.01 24.84179 294.3362 47.9970 0.1875 -5.9810 8.2247 356.9820 189.7339 359.1019 438.0093 -45.8409 0.0000 0.0000
5930.03 19.07.2018 07.50.01 24.87216 294.5676 44.0439 0.1720 -5.9448 8.1558 358.8668 190.8927 360.3718 439.2634 -58.2900 0.0000 0.0000
5940.03 19.07.2018 08.00.01 24.90161 294.6514 42.1239 0.1645 -5.8922 8.0757 362.1323 192.8870 360.4184 437.3629 -79.4785 0.0000 0.0000
5950.03 19.07.2018 08.10.01 24.93148 294.8571 109.6356 0.4283 -5.8285 8.3423 376.4826 200.3780 360.8645 438.9083 -81.1177 0.0000 0.0000
5960.03 19.07.2018 08.20.01 24.99865 295.0797 1059.3375 4.1380 -5.8883 13.3685 411.0098 216.3838 361.7696 442.6975 -86.2899 0.0000 0.0000
5970.03 19.07.2018 08.30.01 25.44888 295.3290 647.0400 2.5275 -7.8060 13.7781 420.0152 220.5593 362.9032 444.5561 -87.7927 0.0000 0.0000
5980.03 19.07.2018 08.40.01 25.73745 295.5632 434.3542 1.6967 -8.8177 14.0191 432.6208 227.1833 364.0677 447.0648 -90.9232 0.0000 0.0000
5990.03 19.07.2018 08.50.01 25.94213 295.7990 329.3873 1.2867 -9.3671 14.2051 465.2372 245.8556 365.2291 452.1658 -98.3283 0.0000 0.0000
6000.03 19.07.2018 09.00.01 26.10537 296.0587 273.2079 1.0672 -9.6866 14.3384 476.9241 252.0109 366.4443 454.9586 -101.7947 0.0000 0.0000
6010.03 19.07.2018 09.10.01 26.24554 296.2980 136.7862 0.5343 -9.8817 13.8880 475.2699 251.4292 368.0339 457.5469 -101.5625 0.0000 0.0000
6020.03 19.07.2018 09.20.01 26.33038 296.5385 63.5383 0.2482 -9.7983 13.3953 480.7615 255.1674 369.4798 460.9303 -101.6980 0.0000 0.0000
6030.03 19.07.2018 09.30.01 26.38500 296.7717 32.8216 0.1282 -9.5698 12.9306 480.3279 255.3288 371.0702 463.4452 -101.7722 0.0000 0.0000
6040.03 19.07.2018 09.40.01 26.42684 297.0122 22.1269 0.0864 -9.2838 12.4937 480.2742 255.6217 372.6586 466.0809 -100.4021 0.0000 0.0000
6050.03 19.07.2018 09.50.01 26.46411 297.2755 20.0592 0.0784 -8.9789 12.0764 484.7538 258.6204 374.3429 469.3653 -99.6883 0.0000 0.0000
6060.03 19.07.2018 10.00.01 26.50045 297.5209 14.7817 0.0577 -8.6704 11.6376 484.7939 258.9726 375.9762 471.8765 -99.4538 0.0000 0.0000
6070.03 19.07.2018 10.10.01 26.53402 297.6625 -52.8861 -0.2066 -8.3499 10.8578 470.0004 251.5004 379.3525 476.5668 -86.5337 0.0000 0.0000
6080.03 19.07.2018 10.20.01 26.53997 297.6733 -87.7289 -0.3427 -7.8931 10.0672 453.4824 243.0024 382.1618 478.8465 -85.1168 0.0000 0.0000
6090.03 19.07.2018 10.30.01 26.53137 297.9113 -101.8508 -0.3979 -7.3696 9.2957 436.2600 234.0674 383.8492 477.0311 -91.3197 0.0000 0.0000
6100.03 19.07.2018 10.40.01 26.51705 298.2273 -79.5088 -0.3106 -6.8195 8.6785 423.4122 227.5012 385.8054 478.1328 -78.2332 0.0000 0.0000
6110.03 19.07.2018 10.50.01 26.51235 298.5248 -59.6326 -0.2329 -6.3065 8.0981 410.4005 220.8088 387.6514 478.2056 -79.9925 0.0000 0.0000
6120.03 19.07.2018 11.00.01 26.51449 298.8169 -42.1827 -0.1648 -5.8426 7.5705 397.8340 214.3452 389.1245 477.1154 -88.0766 0.0000 0.0000
6130.03 19.07.2018 11.10.01 26.52319 298.7966 -75.4791 -0.2948 -5.4134 6.8247 370.4993 200.1657 391.4753 477.3299 -75.3137 0.0000 0.0000
6140.03 19.07.2018 11.20.01 26.51830 298.5512 -94.3431 -0.3685 -4.9152 6.0622 337.9087 182.8461 393.0841 475.1947 -72.0222 0.0000 0.0000
6150.03 19.07.2018 11.30.01 26.50555 298.2951 -90.6422 -0.3541 -4.3842 5.3735 306.0045 165.8828 393.8165 471.0197 -76.0280 0.0000 0.0000
6160.03 19.07.2018 11.40.01 26.49371 298.2719 -71.6214 -0.2798 -3.8713 4.7887 276.3539 150.1089 394.5881 468.7524 -62.9243 0.0000 0.0000
6170.03 19.07.2018 11.50.01 26.48919 298.4365 -49.9288 -0.1950 -3.4048 4.2797 247.4086 134.7008 394.9118 464.8924 -60.3752 0.0000 0.0000
6180.03 19.07.2018 12.00.01 26.49343 298.4156 -25.1294 -0.0982 -2.9879 3.8530 219.4236 119.8043 394.8636 459.6136 -63.4246 0.0000 0.0000
6190.03 19.07.2018 12.10.01 26.50771 298.3244 25.8042 0.1008 -2.6313 3.6428 212.2721 115.7534 393.2142 456.0036 -60.2827 0.0000 0.0000
6200.03 19.07.2018 12.20.01 26.54269 298.2662 72.7588 0.2842 -2.3837 3.5572 209.2979 114.1139 392.1830 453.5618 -58.1966 0.0000 0.0000
6210.03 19.07.2018 12.30.01 26.59689 298.2264 101.7961 0.3976 -2.2324 3.5068 207.2285 112.9903 391.4394 451.5841 -56.5149 0.0000 0.0000
6220.03 19.07.2018 12.40.01 26.66311 298.1949 116.5420 0.4552 -2.1401 3.4604 205.3340 111.9654 390.8129 449.8739 -55.1429 0.0000 0.0000
6230.03 19.07.2018 12.50.01 26.73531 298.1655 122.9616 0.4803 -2.0780 3.4111 203.8097 111.1648 390.2297 448.4260 -53.9230 0.0000 0.0000
6240.03 19.07.2018 13.00.01 26.80999 298.1404 126.0546 0.4924 -2.0318 3.3656 203.5308 111.1064 389.6862 447.3168 -53.1029 0.0000 0.0000
6250.03 19.07.2018 13.10.01 26.88571 298.1547 140.0830 0.5472 -1.9960 3.3909 223.4472 121.7205 387.0101 446.8531 -55.1826 0.0000 0.0000
6260.03 19.07.2018 13.20.01 26.96667 298.1914 164.0342 0.6408 -1.9929 3.5115 247.6720 134.8471 384.7813 447.4910 -59.5954 0.0000 0.0000
6270.03 19.07.2018 13.30.01 27.05752 298.2573 178.1656 0.6960 -2.0445 3.6539 273.4842 148.9089 382.8448 448.6993 -65.0676 0.0000 0.0000
6280.03 19.07.2018 13.40.01 27.15392 298.2943 184.3822 0.7202 -2.1279 3.7975 301.0742 163.9790 381.0619 450.4182 -71.1225 0.0000 0.0000
6290.03 19.07.2018 13.50.01 27.25268 298.3793 187.2532 0.7315 -2.2265 3.9439 329.6235 179.6223 379.4356 452.5556 -77.8688 0.0000 0.0000
6300.03 19.07.2018 14.00.01 27.35238 298.4724 183.8712 0.7182 -2.3326 4.0678 368.8417 201.6878 377.7732 456.3689 -86.9355 0.0000 0.0000
6310.03 19.07.2018 14.10.01 27.45034 298.4331 169.4845 0.6620 -2.4337 4.1277 359.4498 196.9385 378.1776 457.0844 -87.9226 0.0000 0.0000
6320.03 19.07.2018 14.20.01 27.54174 298.3431 127.1206 0.4966 -2.5078 4.0058 343.0424 188.1189 377.5694 456.0634 -87.1848 0.0000 0.0000
6330.03 19.07.2018 14.30.01 27.61480 298.2322 100.2952 0.3918 -2.5016 3.8578 325.1628 178.4364 376.5192 454.3206 -86.0667 0.0000 0.0000
6340.03 19.07.2018 14.40.01 27.67639 298.1174 81.0647 0.3167 -2.4525 3.6922 305.1413 167.5243 375.2621 452.0961 -83.4881 0.0000 0.0000
6350.03 19.07.2018 14.50.01 27.72918 297.9938 71.4987 0.2793 -2.3752 3.5393 284.9459 156.4984 373.9437 449.4889 -80.7315 0.0000 0.0000
6360.03 19.07.2018 15.00.01 27.77731 297.8871 63.6377 0.2486 -2.2879 3.3820 263.8580 144.9399 372.5572 446.5141 -77.2716 0.0000 0.0000
6370.03 19.07.2018 15.10.01 27.82141 297.6935 55.9915 0.2187 -2.1940 3.2170 248.0117 136.2347 371.3624 443.7442 -73.8582 0.0000 0.0000
6380.03 19.07.2018 15.20.01 27.86196 297.5054 56.2927 0.2199 -2.0926 3.0834 232.8799 127.9342 370.3111 440.9878 -70.5184 0.0000 0.0000
6390.03 19.07.2018 15.30.01 27.90194 297.3183 55.7654 0.2178 -1.9999 2.9570 217.6535 119.5715 369.3017 438.1575 -67.0816 0.0000 0.0000
6400.03 19.07.2018 15.40.01 27.94103 297.1300 51.1803 0.1999 -1.9146 2.8193 200.3796 110.0508 368.2407 435.0752 -63.1794 0.0000 0.0000
6410.03 19.07.2018 15.50.01 27.97750 296.9385 47.6185 0.1860 -1.8285 2.6860 183.0143 100.4722 367.1650 431.8936 -59.1238 0.0000 0.0000
6420.03 19.07.2018 16.00.01 28.01180 296.7454 44.3063 0.1731 -1.7450 2.5574 165.5007 90.7992 366.1099 428.6376 -54.9165 0.0000 0.0000
6430.03 19.07.2018 16.10.01 28.04388 296.6221 41.5429 0.1623 -1.6645 2.4357 168.8280 92.6575 364.3973 426.8367 -53.3531 0.0000 0.0000
6440.03 19.07.2018 16.20.01 28.07412 296.5151 47.4458 0.1853 -1.5890 2.3658 173.9504 95.5530 362.9083 425.5597 -53.3216 0.0000 0.0000
6450.03 19.07.2018 16.30.01 28.10592 296.4143 49.3501 0.1928 -1.5359 2.3049 179.4225 98.6511 361.5457 424.5770 -53.6709 0.0000 0.0000
6460.03 19.07.2018 16.40.01 28.13763 296.3191 47.5396 0.1857 -1.4972 2.2438 187.4323 103.1709 360.2148 424.0695 -53.9947 0.0000 0.0000
6470.03 19.07.2018 16.50.01 28.16772 296.2248 44.4285 0.1735 -1.4654 2.1853 195.7350 107.8646 358.9182 423.6960 -55.3364 0.0000 0.0000
6480.03 19.07.2018 17.00.01 28.19564 296.1311 40.3457 0.1576 -1.4384 2.1279 204.0305 112.5547 357.6628 423.4605 -57.0024 0.0000 0.0000
6490.03 19.07.2018 17.10.01 28.22079 295.9143 17.8629 0.0698 -1.4150 1.9797 188.3294 103.9918 356.3932 421.6222 -54.8597 0.0000 0.0000
6500.03 19.07.2018 17.20.01 28.23550 295.6752 -8.3716 -0.0327 -1.3605 1.7704 170.4786 94.1861 354.8370 419.1810 -51.1500 0.0000 0.0000
6510.03 19.07.2018 17.30.01 28.23815 295.4299 -27.4830 -0.1074 -1.2679 1.5474 152.0650 84.0536 353.1497 416.4337 -46.9579 0.0000 0.0000
6520.03 19.07.2018 17.40.01 28.23174 295.1808 -40.5328 -0.1583 -1.1524 1.3255 131.2649 72.5878 351.4643 413.4363 -41.5391 0.0000 0.0000
6530.03 19.07.2018 17.50.01 28.21874 294.9267 -51.6356 -0.2017 -1.0257 1.0986 110.1935 60.9629 349.7288 410.1529 -36.1846 0.0000 0.0000
6540.03 19.07.2018 18.00.01 28.20001 294.6724 -60.6453 -0.2369 -0.8913 0.8726 89.0344 49.2841 347.9964 406.6686 -30.8602 0.0000 0.0000
6550.03 19.07.2018 18.10.01 28.17651 294.3264 -52.3771 -0.2046 -0.7539 0.7323 76.6305 42.4004 346.5912 403.4745 -27.6982 0.0000 0.0000
6560.03 19.07.2018 18.20.01 28.15515 293.9880 -47.4403 -0.1853 -0.6483 0.6173 65.0224 35.9747 345.2787 400.4381 -24.9357 0.0000 0.0000
6570.03 19.07.2018 18.30.01 28.13464 293.6509 -47.0078 -0.1836 -0.5665 0.5105 53.6328 29.6740 344.0169 397.4454 -22.2587 0.0000 0.0000
6580.03 19.07.2018 18.40.01 28.11321 293.3139 -49.7712 -0.1944 -0.4989 0.4059 38.8863 21.5075 342.7733 394.1818 -19.2938 0.0000 0.0000
6590.03 19.07.2018 18.50.01 28.08950 292.9738 -55.3847 -0.2163 -0.4388 0.2966 24.0607 13.2973 341.4992 390.8317 -16.2291 0.0000 0.0000
6600.03 19.07.2018 19.00.01 28.06240 292.6331 -61.7112 -0.2411 -0.3816 0.1873 9.3466 5.1530 340.2202 387.4368 -13.2165 0.0000 0.0000
6610.03 19.07.2018 19.10.01 28.03164 292.2591 -58.4810 -0.2284 -0.3265 0.1307 6.9989 3.8399 338.7892 384.8705 -11.9472 0.0000 0.0000
6620.03 19.07.2018 19.20.01 28.00091 291.8965 -55.5423 -0.2170 -0.2930 0.1014 5.5015 3.0158 337.4908 382.6268 -11.1963 0.0000 0.0000
6630.03 19.07.2018 19.30.01 27.97018 291.5356 -57.0165 -0.2227 -0.2805 0.0770 4.1572 2.2798 336.2440 380.5212 -10.6820 0.0000 0.0000
6640.03 19.07.2018 19.40.01 27.93765 291.1758 -61.2494 -0.2393 -0.2794 0.0535 2.8407 1.5597 335.0194 378.5145 -10.3230 0.0000 0.0000
6650.03 19.07.2018 19.50.01 27.90209 290.8161 -66.9074 -0.2614 -0.2840 0.0302 1.5291 0.8425 333.8115 376.5815 -10.0970 0.0000 0.0000
6660.03 19.07.2018 20.00.01 27.86312 290.4569 -73.4940 -0.2871 -0.2923 0.0069 0.2203 0.1269 332.6137 374.7075 -9.9714 0.0000 0.0000
6670.03 19.07.2018 20.10.01 27.82028 290.2844 -76.8096 -0.3000 -0.3009 0.0012 0.0369 0.0212 331.8531 373.3046 -8.9285 0.0000 0.0000
6680.03 19.07.2018 20.20.01 27.77511 290.1156 -80.6244 -0.3149 -0.3151 0.0002 0.0070 0.0040 331.1816 372.0522 -8.1283 0.0000 0.0000
6690.03 19.07.2018 20.30.01 27.72741 289.9486 -85.2610 -0.3331 -0.3331 0.0000 0.0012 0.0007 330.5460 370.8940 -7.4880 0.0000 0.0000
6700.03 19.07.2018 20.40.01 27.67687 289.7817 -90.3207 -0.3528 -0.3528 0.0000 0.0002 0.0001 329.9412 369.8111 -6.9760 0.0000 0.0000
6710.03 19.07.2018 20.50.01 27.62335 289.6160 -95.6235 -0.3735 -0.3735 0.0000 0.0000 0.0000 329.3593 368.7910 -6.5628 0.0000 0.0000
6720.03 19.07.2018 21.00.01 27.56677 289.4504 -100.9438 -0.3943 -0.3943 0.0000 0.0000 0.0000 328.7960 367.8223 -6.2348 0.0000 0.0000
6730.03 19.07.2018 21.10.01 27.50714 289.2395 -106.1535 -0.4147 -0.4147 0.0000 0.0000 0.0000 328.4788 366.8457 -6.3363 0.0000 0.0000
6740.03 19.07.2018 21.20.01 27.44448 289.0289 -111.3552 -0.4350 -0.4350 0.0000 0.0000 0.0000 328.1666 365.9036 -6.4972 0.0000 0.0000
6750.03 19.07.2018 21.30.01 27.37887 288.8183 -116.3470 -0.4545 -0.4545 0.0000 0.0000 0.0000 327.8585 364.9916 -6.6964 0.0000 0.0000
6760.03 19.07.2018 21.40.01 27.31048 288.6077 -121.0866 -0.4730 -0.4730 0.0000 0.0000 0.0000 327.5544 364.1032 -6.9359 0.0000 0.0000
6770.03 19.07.2018 21.50.01 27.23943 288.4007 -125.5202 -0.4903 -0.4903 0.0000 0.0000 0.0000 327.2564 363.2425 -7.1901 0.0000 0.0000
6780.03 19.07.2018 22.00.01 27.16595 288.1886 -129.7292 -0.5068 -0.5068 0.0000 0.0000 0.0000 326.9598 362.3939 -7.4920 0.0000 0.0000
6790.03 19.07.2018 22.10.01 27.09008 287.9985 -133.4499 -0.5213 -0.5213 0.0000 0.0000 0.0000 325.6000 361.4725 -7.4556 0.0000 0.0000
6800.03 19.07.2018 22.20.01 27.01217 287.8028 -136.9891 -0.5351 -0.5351 0.0000 0.0000 0.0000 324.2078 360.5289 -7.3439 0.0000 0.0000
6810.03 19.07.2018 22.30.01 26.93231 287.6051 -140.3216 -0.5481 -0.5481 0.0000 0.0000 0.0000 322.8095 359.5562 -7.2766 0.0000 0.0000
6820.03 19.07.2018 22.40.01 26.85058 287.4060 -143.3988 -0.5602 -0.5602 0.0000 0.0000 0.0000 321.4216 358.5929 -7.1473 0.0000 0.0000
6830.03 19.07.2018 22.50.01 26.76714 287.2137 -146.2143 -0.5711 -0.5711 0.0000 0.0000 0.0000 320.0392 357.6322 -6.9817 0.0000 0.0000
6840.03 19.07.2018 23.00.01 26.68218 287.0204 -148.8847 -0.5816 -0.5816 0.0000 0.0000 0.0000 318.6578 356.6669 -6.8161 0.0000 0.0000
6850.03 19.07.2018 23.10.01 26.59570 286.8074 -151.3272 -0.5911 -0.5911 0.0000 0.0000 0.0000 317.8043 355.7028 -6.9712 0.0000 0.0000
6860.03 19.07.2018 23.20.01 26.50784 286.5808 -153.6807 -0.6003 -0.6003 0.0000 0.0000 0.0000 316.9685 354.7312 -7.2241 0.0000 0.0000
6870.03 19.07.2018 23.30.01 26.41860 286.3504 -155.9746 -0.6093 -0.6093 0.0000 0.0000 0.0000 316.1240 353.7548 -7.5070 0.0000 0.0000
6880.03 19.07.2018 23.40.01 26.32815 286.1214 -158.3085 -0.6184 -0.6184 0.0000 0.0000 0.0000 315.2668 352.7740 -7.8029 0.0000 0.0000
6890.03 19.07.2018 23.50.01 26.23632 285.8904 -160.3758 -0.6265 -0.6265 0.0000 0.0000 0.0000 314.3992 351.7935 -8.1043 0.0000 0.0000
6900.03 20.07.2018 00.00.01 26.14333 285.6581 -162.3904 -0.6343 -0.6343 0.0000 0.0000 0.0000 313.5316 350.8144 -8.4132 0.0000 0.0000
6910.03 20.07.2018 00.10.01 26.04925 285.5084 -164.3144 -0.6419 -0.6419 0.0000 0.0000 0.0000 312.5470 349.9345 -8.2390 0.0000 0.0000
6920.03 20.07.2018 00.20.01 25.95413 285.3583 -166.0514 -0.6486 -0.6486 0.0000 0.0000 0.0000 311.5632 349.0666 -8.0714 0.0000 0.0000
6930.03 20.07.2018 00.30.01 25.85800 285.2080 -167.6983 -0.6551 -0.6551 0.0000 0.0000 0.0000 310.5784 348.2071 -7.9202 0.0000 0.0000
6940.03 20.07.2018 00.40.01 25.76095 285.0577 -169.2898 -0.6613 -0.6613 0.0000 0.0000 0.0000 309.5958 347.3584 -7.7699 0.0000 0.0000
6950.03 20.07.2018 00.50.01 25.66299 284.9070 -170.8058 -0.6672 -0.6672 0.0000 0.0000 0.0000 308.6145 346.5168 -7.6283 0.0000 0.0000
6960.03 20.07.2018 01.00.01 25.56414 284.7563 -172.2375 -0.6728 -0.6728 0.0000 0.0000 0.0000 307.6387 345.6816 -7.4982 0.0000 0.0000
6970.03 20.07.2018 01.10.01 25.46444 284.6097 -173.5423 -0.6779 -0.6779 0.0000 0.0000 0.0000 307.0564 344.9365 -7.3386 0.0000 0.0000
6980.03 20.07.2018 01.20.01 25.36407 284.4653 -174.4837 -0.6816 -0.6816 0.0000 0.0000 0.0000 306.5070 344.2194 -7.2187 0.0000 0.0000
6990.03 20.07.2018 01.30.01 25.26336 284.3230 -175.4776 -0.6855 -0.6855 0.0000 0.0000 0.0000 305.9720 343.5290 -7.0981 0.0000 0.0000
7000.03 20.07.2018 01.40.01 25.16189 284.1807 -175.9215 -0.6872 -0.6872 0.0000 0.0000 0.0000 305.4467 342.8476 -7.0178 0.0000 0.0000
7010.03 20.07.2018 01.50.01 25.06027 284.0428 -176.7052 -0.6903 -0.6903 0.0000 0.0000 0.0000 304.9337 342.1918 -6.9192 0.0000 0.0000
7020.03 20.07.2018 02.00.01 24.95822 283.9021 -177.3560 -0.6928 -0.6928 0.0000 0.0004 0.0002 304.4246 341.5379 -6.8653 0.0000 0.0000
7030.03 20.07.2018 02.10.01 24.85568 283.7679 -177.1808 -0.6921 -0.6948 0.0036 0.2330 0.1263 304.2992 340.9312 -6.9585 0.0000 0.0000
7040.03 20.07.2018 02.20.01 24.75317 283.6335 -177.4524 -0.6932 -0.6994 0.0082 0.4972 0.2706 304.1904 340.3556 -7.1080 0.0000 0.0000
7050.03 20.07.2018 02.30.01 24.65054 283.5011 -178.0904 -0.6957 -0.7054 0.0130 0.7664 0.4178 304.0868 339.8020 -7.2800 0.0000 0.0000
7060.03 20.07.2018 02.40.01 24.54745 283.3667 -178.6135 -0.6977 -0.7111 0.0178 1.0366 0.5655 303.9808 339.2579 -7.4980 0.0000 0.0000
7070.03 20.07.2018 02.50.01 24.44409 283.2334 -179.1756 -0.6999 -0.7169 0.0226 1.3070 0.7133 303.8803 338.7337 -7.7221 0.0000 0.0000
7080.03 20.07.2018 03.00.01 24.34042 283.0997 -179.6812 -0.7019 -0.7225 0.0275 1.5823 0.8639 303.7765 338.2162 -7.9798 0.0000 0.0000
7090.03 20.07.2018 03.10.01 24.23651 283.1496 -170.8828 -0.6675 -0.7267 0.0789 4.8316 2.6264 303.4744 338.1519 -7.4495 0.0000 0.0000
7100.03 20.07.2018 03.20.01 24.13647 283.2080 -163.8118 -0.6399 -0.7469 0.1426 8.4861 4.6225 303.2873 338.2618 -7.1016 0.0000 0.0000
7110.03 20.07.2018 03.30.01 24.03958 283.2687 -159.2490 -0.6221 -0.7785 0.2085 12.2046 6.6554 303.1536 338.4508 -6.9088 0.0000 0.0000
7120.03 20.07.2018 03.40.01 23.94482 283.3336 -156.1602 -0.6100 -0.8161 0.2748 15.9357 8.6955 303.0591 338.7239 -6.7728 0.0000 0.0000
7130.03 20.07.2018 03.50.01 23.85159 283.4028 -153.8071 -0.6008 -0.8567 0.3412 19.6689 10.7368 302.9910 339.0589 -6.7028 0.0000 0.0000
7140.03 20.07.2018 04.00.01 23.75961 283.4714 -151.8571 -0.5932 -0.8988 0.4075 23.4020 12.7781 302.9392 339.4305 -6.7360 0.0000 0.0000
7150.03 20.07.2018 04.10.01 23.66876 283.7969 -150.6847 -0.5886 -0.9407 0.4694 26.8494 14.6645 303.3875 340.1725 -5.5779 0.0000 0.0000
7160.03 20.07.2018 04.20.01 23.57882 284.1231 -148.7429 -0.5810 -0.9786 0.5301 30.2578 16.5285 303.9145 341.0076 -4.5669 0.0000 0.0000
7170.03 20.07.2018 04.30.01 23.49023 284.4535 -146.2561 -0.5713 -1.0143 0.5906 33.6602 18.3889 304.4765 341.9280 -3.6335 0.0000 0.0000
7180.03 20.07.2018 04.40.01 23.40319 284.7870 -143.4570 -0.5604 -1.0487 0.6511 37.0613 20.2487 305.0732 342.9254 -2.7705 0.0000 0.0000
7190.03 20.07.2018 04.50.01 23.31783 285.1233 -140.4098 -0.5485 -1.0821 0.7116 40.4621 22.1083 305.6943 343.9883 -1.9712 0.0000 0.0000
