# simtime date time IndoorTemp Av_Tair_at_facade Energyflux.toIndoor.sum  Energyflux.toIndoor.average Energyflux.Conduction.average Energyflux.SW.transmission.average Shortwave.availabe Shortwave.absorbed Longwave.available Longwave.emittedFacade Sensible.outside Vapour.fromGreening Vapour.fromSubstrate
10.02 15.07.2018 05.10.00 19.90728 288.6695 138.1902 0.4935 -0.4713 1.2865 123.6389 62.8095 324.3275 367.7301 -10.4416 0.0000 0.0000
20.02 15.07.2018 05.20.00 19.95007 289.3138 245.1111 0.8754 -0.9109 2.3817 320.7053 162.0312 328.9605 376.9059 -18.4971 0.0000 0.0000
30.03 15.07.2018 05.30.01 20.04150 289.8497 353.7839 1.2635 -1.5001 3.6848 431.9219 218.4723 335.9515 390.8365 -32.4103 0.0000 0.0000
40.03 15.07.2018 05.40.01 20.18679 290.5489 451.7312 1.6133 -2.2447 5.1441 397.1707 202.0350 344.9302 403.2640 -40.8845 0.0000 0.0000
50.03 15.07.2018 05.50.01 20.37252 291.1029 253.9435 0.9069 -3.0791 5.3148 374.8620 191.0173 348.2276 409.4396 -44.0730 0.0000 0.0000
60.03 15.07.2018 06.00.01 20.48284 291.4501 120.5679 0.4306 -3.4733 5.2051 372.1815 189.6248 349.9288 413.9725 -48.0755 0.0000 0.0000
70.03 15.07.2018 06.10.01 20.54104 291.6648 62.0725 0.2217 -3.5933 5.0867 404.0417 205.4947 351.0510 418.7311 -52.8793 0.0000 0.0000
80.03 15.07.2018 06.20.01 20.57629 291.9206 62.1853 0.2221 -3.6018 5.0985 433.6771 220.3373 352.4526 424.1909 -58.9057 0.0000 0.0000
90.03 15.07.2018 06.30.01 20.61129 292.1935 54.2694 0.1938 -3.6101 5.0719 437.4232 224.1993 353.5950 431.3927 -67.2084 0.0000 0.0000
100.03 15.07.2018 06.40.01 20.64361 292.4697 64.7283 0.2312 -3.6017 5.1105 427.8884 219.3970 354.9695 434.6339 -70.9767 0.0000 0.0000
110.03 15.07.2018 06.50.01 20.68054 292.7597 68.6488 0.2452 -3.6087 5.1385 418.1994 214.5115 356.1744 437.0709 -74.5108 0.0000 0.0000
120.03 15.07.2018 07.00.01 20.71957 293.0532 74.5585 0.2663 -3.6152 5.1753 408.5882 209.6645 357.3717 438.7752 -77.7615 0.0000 0.0000
130.03 15.07.2018 07.10.01 20.76168 293.3792 76.1587 0.2720 -3.6239 5.1945 385.3524 196.3000 358.8219 438.0327 -74.7126 0.0000 0.0000
140.03 15.07.2018 07.20.01 20.80599 293.7691 91.9874 0.3285 -3.6256 5.2722 380.6221 193.9929 360.5842 439.7134 -74.2381 0.0000 0.0000
150.03 15.07.2018 07.30.01 20.85754 294.1324 98.7801 0.3528 -3.6440 5.3291 439.2728 229.7311 362.2547 449.9637 -85.8551 0.0000 0.0000
160.03 15.07.2018 07.40.01 20.91320 294.5202 116.1175 0.4147 -3.6636 5.4377 434.7837 227.3544 364.2565 452.0351 -85.3318 0.0000 0.0000
170.03 15.07.2018 07.50.01 20.97689 294.8797 116.7130 0.4168 -3.7025 5.4924 429.4790 224.5315 365.9980 453.6971 -84.5592 0.0000 0.0000
180.03 15.07.2018 08.00.01 21.04217 295.2460 123.4875 0.4410 -3.7279 5.5585 442.2391 232.5388 367.7383 457.6981 -86.7512 0.0000 0.0000
190.03 15.07.2018 08.10.01 21.11141 295.6720 128.9034 0.4604 -3.7527 5.6174 436.1851 229.3001 369.6792 460.6241 -78.5163 0.0000 0.0000
200.03 15.07.2018 08.20.01 21.26824 295.9271 4028.6899 14.3882 -4.1633 24.7353 468.9637 234.9825 371.2063 465.5265 -73.2698 0.0000 0.0000
210.03 15.07.2018 08.30.01 22.90542 296.3467 1741.8062 6.2207 -11.7225 23.9244 461.2490 231.4024 372.5493 468.9473 -66.2288 0.0000 0.0000
220.03 15.07.2018 08.40.01 23.65414 296.8296 790.4993 2.8232 -14.5226 23.1278 466.3057 235.3379 373.7721 474.0683 -58.4891 0.0000 0.0000
230.03 15.07.2018 08.50.01 24.02795 296.8820 382.9487 1.3677 -15.3931 22.3477 493.2815 252.4119 375.0455 480.6002 -65.3138 0.0000 0.0000
240.03 15.07.2018 09.00.01 24.27322 297.0399 1807.4868 6.4553 -15.6245 29.4397 506.4231 255.2449 376.4489 482.0856 -77.2983 0.0000 0.0000
250.03 15.07.2018 09.10.01 25.05184 297.5598 723.7223 2.5847 -18.4651 28.0664 494.7319 249.6919 378.2081 486.6590 -61.6772 0.0000 0.0000
260.03 15.07.2018 09.20.01 25.40457 298.1121 263.5970 0.9414 -19.1026 26.7253 502.2387 255.6334 380.0520 489.4053 -74.3230 0.0000 0.0000
270.03 15.07.2018 09.30.01 25.60107 297.5926 1364.1217 4.8719 -18.9712 31.7908 516.1763 260.5975 381.3903 487.5663 -98.6689 0.0000 0.0000
280.03 15.07.2018 09.40.01 26.20715 297.9100 496.8460 1.7744 -20.8730 30.1966 519.4324 264.0380 383.0004 488.6441 -99.3896 0.0000 0.0000
290.03 15.07.2018 09.50.01 26.49554 298.1564 1262.6437 4.5094 -21.1412 34.2009 532.7273 269.2785 384.6988 488.3867 -113.0369 0.0000 0.0000
300.03 15.07.2018 10.00.01 27.06387 298.0569 381.8966 1.3639 -22.7840 32.1973 518.6995 262.6580 385.7822 484.8886 -123.7111 0.0000 0.0000
310.03 15.07.2018 10.10.01 27.28494 298.3032 60.6931 0.2168 -22.6695 30.5150 506.9258 257.0080 386.7467 484.0536 -116.9524 0.0000 0.0000
320.03 15.07.2018 10.20.01 27.37402 298.5598 -117.0399 -0.4180 -21.9545 28.7154 493.6540 250.5478 387.6107 483.3184 -111.1299 0.0000 0.0000
330.03 15.07.2018 10.30.01 27.38690 298.7912 -239.8823 -0.8567 -20.9321 26.7671 478.4405 243.0364 387.9885 482.3045 -106.0428 0.0000 0.0000
340.03 15.07.2018 10.40.01 27.34716 298.9796 -257.0862 -0.9182 -19.7236 25.0740 467.3510 237.7435 388.8510 481.9380 -101.8215 0.0000 0.0000
350.03 15.07.2018 10.50.01 27.30090 299.1400 -321.0643 -1.1467 -18.5427 23.1947 453.7443 231.0803 389.5100 480.9859 -98.8713 0.0000 0.0000
360.03 15.07.2018 11.00.01 27.22500 299.2887 -365.6709 -1.3060 -17.2794 21.2978 440.1558 224.4416 390.1345 479.8029 -97.0242 0.0000 0.0000
370.03 15.07.2018 11.10.01 27.12759 299.4397 -395.0950 -1.4111 -15.9699 19.4117 433.0538 221.8447 391.0167 480.1516 -94.1736 0.0000 0.0000
380.03 15.07.2018 11.20.01 27.01458 299.5814 -444.3101 -1.5868 -14.6403 17.4046 417.0954 214.0244 391.7191 479.1622 -90.2257 0.0000 0.0000
390.03 15.07.2018 11.30.01 26.87847 299.7198 -472.9875 -1.6892 -13.2517 15.4166 401.2448 206.2552 392.2776 478.0479 -86.3787 0.0000 0.0000
400.03 15.07.2018 11.40.01 26.72778 299.8783 -471.5701 -1.6842 -11.8457 13.5486 387.5171 199.5955 393.0138 477.1276 -82.5701 0.0000 0.0000
410.03 15.07.2018 11.50.01 26.57443 300.0112 -489.3955 -1.7478 -10.4768 11.6386 373.0271 192.5104 393.5634 475.9767 -79.0439 0.0000 0.0000
420.03 15.07.2018 12.00.01 26.41079 300.1503 -519.3766 -1.8549 -9.1050 9.6668 357.3987 184.7891 393.9153 474.5940 -75.4057 0.0000 0.0000
430.03 15.07.2018 12.10.01 26.23281 300.2375 -487.2775 -1.7403 -7.7112 7.9612 344.4658 178.5886 394.8360 474.4782 -68.8410 0.0000 0.0000
440.03 15.07.2018 12.20.01 26.06640 300.2169 -314.3784 -1.1228 -6.4202 7.0632 340.9479 177.4274 395.3839 474.2623 -71.0003 0.0000 0.0000
450.03 15.07.2018 12.30.01 25.96859 300.1786 -63.4474 -0.2266 -5.4996 7.0307 354.0287 185.5710 395.7122 475.5089 -78.9339 0.0000 0.0000
460.03 15.07.2018 12.40.01 25.97012 300.1992 54.4527 0.1945 -5.0763 7.0277 361.7849 190.4298 396.3022 476.3222 -83.1985 0.0000 0.0000
470.03 15.07.2018 12.50.01 26.01919 300.3038 76.3823 0.2728 -4.8719 6.8596 366.6104 193.6551 396.5448 476.8121 -86.3614 0.0000 0.0000
480.03 15.07.2018 13.00.01 26.07861 300.4625 123.3424 0.4405 -4.7000 6.8541 373.3154 197.8863 396.9614 477.7502 -88.8664 0.0000 0.0000
490.03 15.07.2018 13.10.01 26.15756 300.5321 145.8481 0.5209 -4.6106 6.8420 380.0103 202.2832 397.3683 479.6267 -87.3207 0.0000 0.0000
500.03 15.07.2018 13.20.01 26.24600 300.6008 136.8610 0.4888 -4.5567 6.7273 382.6326 204.3153 397.4992 480.8980 -86.0701 0.0000 0.0000
510.03 15.07.2018 13.30.01 26.33111 300.6418 103.7566 0.3706 -4.4785 6.4654 382.5775 204.8521 397.1559 481.6275 -85.0149 0.0000 0.0000
520.03 15.07.2018 13.40.01 26.40347 300.6737 110.4289 0.3944 -4.3356 6.3066 384.2672 206.3117 396.8397 482.5028 -84.3692 0.0000 0.0000
530.03 15.07.2018 13.50.01 26.47851 300.7035 120.1829 0.4292 -4.2064 6.1809 385.9462 207.7394 396.6137 483.4309 -83.8172 0.0000 0.0000
540.03 15.07.2018 14.00.01 26.55728 300.7412 101.8893 0.3639 -4.0936 5.9433 389.4630 210.3544 396.2001 484.6989 -83.4108 0.0000 0.0000
550.03 15.07.2018 14.10.01 26.62954 300.7972 151.9849 0.5428 -3.9459 5.9849 380.6833 206.0222 396.7783 485.4954 -79.1048 0.0000 0.0000
560.03 15.07.2018 14.20.01 26.72173 300.8639 143.7393 0.5134 -3.8894 5.8704 368.3487 199.6761 396.9378 485.7013 -73.8603 0.0000 0.0000
570.03 15.07.2018 14.30.01 26.81136 300.9370 144.3141 0.5154 -3.8105 5.7678 357.7279 194.3501 396.9117 486.1125 -68.6537 0.0000 0.0000
580.03 15.07.2018 14.40.01 26.90136 300.9863 120.3385 0.4298 -3.7277 5.5433 340.0151 184.9104 396.7154 485.3855 -62.7040 0.0000 0.0000
590.03 15.07.2018 14.50.01 26.98217 301.0251 130.5318 0.4662 -3.5980 5.4189 322.6259 175.5901 396.6439 484.4607 -57.1960 0.0000 0.0000
600.03 15.07.2018 15.00.01 27.06689 301.0846 131.5337 0.4698 -3.4880 5.2770 303.7139 165.3685 396.3355 483.0079 -51.8261 0.0000 0.0000
610.03 15.07.2018 15.10.01 27.15142 301.0904 104.6205 0.3736 -3.3842 5.0104 296.9136 161.9364 395.2573 482.0034 -51.1656 0.0000 0.0000
620.03 15.07.2018 15.20.01 27.22567 301.0181 131.4062 0.4693 -3.2305 4.9330 289.1237 157.7665 394.4920 480.5291 -51.3869 0.0000 0.0000
630.03 15.07.2018 15.30.01 27.31002 300.8820 145.6563 0.5202 -3.1350 4.8736 281.0961 153.4402 393.7469 478.7417 -51.8561 0.0000 0.0000
640.03 15.07.2018 15.40.01 27.39941 300.7829 133.1554 0.4756 -3.0721 4.7301 270.3951 147.6206 392.6381 476.5502 -50.7028 0.0000 0.0000
650.03 15.07.2018 15.50.01 27.48385 301.1923 138.4842 0.4946 -2.9836 4.6376 259.9920 141.9415 391.6301 474.6026 -48.5089 0.0000 0.0000
660.03 15.07.2018 16.00.01 27.57086 300.9963 144.4996 0.5161 -2.9039 4.5600 249.2405 136.0422 390.4933 471.6897 -49.1713 0.0000 0.0000
670.03 15.07.2018 16.10.01 27.65930 300.7933 95.6967 0.3418 -2.8416 4.2445 240.3956 131.3433 388.3390 469.4570 -47.1570 0.0000 0.0000
680.03 15.07.2018 16.20.01 27.72769 300.6086 77.5403 0.2769 -2.6933 3.9602 231.7878 126.7629 386.2485 467.1310 -45.3811 0.0000 0.0000
690.03 15.07.2018 16.30.01 27.78768 300.4394 67.1237 0.2397 -2.5223 3.6827 223.1323 122.1487 384.1526 464.6157 -43.9136 0.0000 0.0000
700.03 15.07.2018 16.40.01 27.84216 299.6859 56.4373 0.2016 -2.3470 3.3981 214.5097 117.5752 381.9315 461.2832 -44.9585 0.0000 0.0000
710.03 15.07.2018 16.50.01 27.89028 299.5414 43.5819 0.1556 -2.1730 3.1049 205.5457 112.8036 379.6919 458.2174 -43.9665 0.0000 0.0000
720.03 15.07.2018 17.00.01 27.93197 299.3596 35.2245 0.1258 -1.9874 2.8176 196.3315 107.8767 377.4591 455.0860 -42.8675 0.0000 0.0000
730.03 15.07.2018 17.10.01 27.96923 299.1460 46.0407 0.1644 -1.8001 2.6193 187.9656 103.3580 375.6937 452.4414 -40.4302 0.0000 0.0000
740.03 15.07.2018 17.20.01 28.00948 298.9076 49.1117 0.1754 -1.6492 2.4328 179.5630 98.8084 373.9630 449.7368 -38.4903 0.0000 0.0000
750.03 15.07.2018 17.30.01 28.04962 298.6834 44.2984 0.1582 -1.5183 2.2353 170.8075 94.0557 372.2067 446.9663 -36.5970 0.0000 0.0000
760.03 15.07.2018 17.40.01 28.08657 298.4560 40.9374 0.1462 -1.3920 2.0509 160.4886 88.4233 370.5037 444.0335 -34.6260 0.0000 0.0000
770.03 15.07.2018 17.50.01 28.12087 298.2416 33.7756 0.1206 -1.2735 1.8589 149.8912 82.6296 368.7935 441.0268 -32.5455 0.0000 0.0000
780.03 15.07.2018 18.00.01 28.15096 298.0114 25.6789 0.0917 -1.1558 1.6634 138.9982 76.6617 367.0686 437.9105 -30.5755 0.0000 0.0000
790.03 15.07.2018 18.10.01 28.17642 297.4822 22.8707 0.0817 -1.0392 1.4945 122.7654 67.7042 365.2615 433.9993 -28.8437 0.0000 0.0000
800.03 15.07.2018 18.20.01 28.19885 296.9540 7.1611 0.0256 -0.9373 1.2839 105.8589 58.3750 363.2040 429.7255 -26.9883 0.0000 0.0000
810.03 15.07.2018 18.30.01 28.21322 296.4223 -2.6588 -0.0095 -0.8261 1.0888 89.1165 49.1325 361.1770 425.3137 -25.2180 0.0000 0.0000
820.03 15.07.2018 18.40.01 28.22164 295.8939 -11.6209 -0.0415 -0.7170 0.9007 65.1450 35.8687 359.1300 420.0814 -22.8028 0.0000 0.0000
830.03 15.07.2018 18.50.01 28.22454 295.3617 -27.8484 -0.0995 -0.6125 0.6840 40.8887 22.4562 356.9442 414.5188 -20.1633 0.0000 0.0000
840.03 15.07.2018 19.00.01 28.21899 294.8274 -41.2448 -0.1473 -0.4987 0.4686 16.8600 9.1780 354.7429 408.8057 -17.3684 0.0000 0.0000
850.03 15.07.2018 19.10.01 28.20599 294.1717 -43.0110 -0.1536 -0.3827 0.3055 13.2952 7.2392 352.6205 404.7609 -16.2097 0.0000 0.0000
860.03 15.07.2018 19.20.01 28.19018 293.5320 -31.7224 -0.1133 -0.2892 0.2346 11.0449 6.0174 350.8876 401.2856 -15.8564 0.0000 0.0000
870.03 15.07.2018 19.30.01 28.17654 292.9439 -29.7578 -0.1063 -0.2418 0.1806 9.0325 4.9254 349.2288 398.0740 -15.7376 0.0000 0.0000
880.03 15.07.2018 19.40.01 28.16168 292.3716 -34.5588 -0.1234 -0.2209 0.1300 6.1208 3.3357 347.6011 394.9921 -15.5527 0.0000 0.0000
890.03 15.07.2018 19.50.01 28.14297 291.9399 -42.8892 -0.1532 -0.2110 0.0771 3.2121 1.7496 346.0072 392.1315 -15.0722 0.0000 0.0000
900.03 15.07.2018 20.00.01 28.11920 291.3006 -51.8967 -0.1853 -0.2035 0.0242 0.3464 0.1891 344.4018 389.1745 -15.6363 0.0000 0.0000
910.03 15.07.2018 20.10.01 28.08984 290.8476 -55.4740 -0.1981 -0.2014 0.0044 0.0626 0.0342 342.7868 386.6934 -15.5876 0.0000 0.0000
920.03 15.07.2018 20.20.01 28.05712 290.3976 -59.6677 -0.2131 -0.2137 0.0008 0.0113 0.0062 341.2598 384.3902 -15.6777 0.0000 0.0000
930.03 15.07.2018 20.30.01 28.02087 289.9442 -66.5957 -0.2378 -0.2379 0.0001 0.0020 0.0011 339.7679 382.1976 -15.8517 0.0000 0.0000
940.03 15.07.2018 20.40.01 27.98010 289.5039 -74.9400 -0.2676 -0.2677 0.0000 0.0004 0.0002 338.3071 380.1765 -15.7239 0.0000 0.0000
950.03 15.07.2018 20.50.01 27.93447 289.0653 -83.3920 -0.2978 -0.2978 0.0000 0.0001 0.0000 336.8464 378.2371 -15.6802 0.0000 0.0000
960.03 15.07.2018 21.00.01 27.88400 288.6811 -91.6811 -0.3274 -0.3274 0.0000 0.0000 0.0000 335.4118 376.4604 -15.3163 0.0000 0.0000
970.03 15.07.2018 21.10.01 27.82894 288.3815 -99.7033 -0.3561 -0.3561 0.0000 0.0000 0.0000 334.2049 374.7105 -15.3948 0.0000 0.0000
980.03 15.07.2018 21.20.01 27.76879 288.0198 -108.8433 -0.3887 -0.3887 0.0000 0.0000 0.0000 332.9777 373.0051 -16.0455 0.0000 0.0000
990.03 15.07.2018 21.30.01 27.70303 287.7264 -120.7043 -0.4311 -0.4311 0.0000 0.0000 0.0000 331.9055 370.8937 -18.7969 0.0000 0.0000
1000.03 15.07.2018 21.40.01 27.62951 287.7606 -132.6721 -0.4738 -0.4738 0.0000 0.0000 0.0000 330.9936 370.1330 -14.9467 0.0000 0.0000
1010.03 15.07.2018 21.50.01 27.55212 287.0880 -134.8174 -0.4815 -0.4815 0.0000 0.0000 0.0000 329.4867 368.3126 -15.6259 0.0000 0.0000
1020.03 15.07.2018 22.00.01 27.47421 287.3008 -136.2583 -0.4866 -0.4866 0.0000 0.0000 0.0000 328.3543 367.1164 -15.2314 0.0000 0.0000
1030.03 15.07.2018 22.10.01 27.39453 287.2164 -140.8223 -0.5029 -0.5029 0.0000 0.0000 0.0000 327.5868 365.9976 -14.5431 0.0000 0.0000
1040.03 15.07.2018 22.20.01 27.31210 287.0517 -145.4223 -0.5194 -0.5194 0.0000 0.0000 0.0000 326.8623 364.8534 -14.2527 0.0000 0.0000
1050.03 15.07.2018 22.30.01 27.22704 286.8937 -149.8024 -0.5350 -0.5350 0.0000 0.0000 0.0000 326.1358 363.7539 -13.9932 0.0000 0.0000
1060.03 15.07.2018 22.40.01 27.13949 286.7326 -154.0891 -0.5503 -0.5503 0.0000 0.0000 0.0000 325.4285 362.6956 -13.7789 0.0000 0.0000
1070.03 15.07.2018 22.50.01 27.04955 286.5680 -158.2404 -0.5651 -0.5651 0.0000 0.0000 0.0000 324.7377 361.6690 -13.6299 0.0000 0.0000
1080.03 15.07.2018 23.00.01 26.95727 286.4025 -162.0044 -0.5786 -0.5786 0.0000 0.0000 0.0000 324.0602 360.6723 -13.5248 0.0000 0.0000
1090.03 15.07.2018 23.10.01 26.86321 286.2654 -163.7070 -0.5847 -0.5847 0.0000 0.0000 0.0000 323.7087 360.0611 -12.2106 0.0000 0.0000
1100.03 15.07.2018 23.20.01 26.76864 285.7571 -166.5864 -0.5950 -0.5950 0.0000 0.0000 0.0000 323.2313 358.4838 -15.2905 0.0000 0.0000
1110.03 15.07.2018 23.30.01 26.66940 285.5064 -178.8091 -0.6386 -0.6386 0.0000 0.0000 0.0000 322.5753 357.0092 -17.4707 0.0000 0.0000
1120.03 15.07.2018 23.40.01 26.56295 285.5287 -188.8195 -0.6744 -0.6744 0.0000 0.0000 0.0000 322.2884 356.7857 -14.5563 0.0000 0.0000
1130.03 15.07.2018 23.50.01 26.45403 285.3855 -188.2974 -0.6725 -0.6725 0.0000 0.0000 0.0000 321.8120 356.3845 -12.5243 0.0000 0.0000
1140.03 16.07.2018 00.00.01 26.34731 285.5608 -181.8812 -0.6496 -0.6496 0.0000 0.0000 0.0000 321.2256 355.9006 -11.0712 0.0000 0.0000
1150.03 16.07.2018 00.10.01 26.24435 285.5399 -176.6362 -0.6308 -0.6308 0.0000 0.0000 0.0000 320.8213 355.3871 -10.4041 0.0000 0.0000
1160.03 16.07.2018 00.20.01 26.14300 285.4954 -175.6906 -0.6275 -0.6275 0.0000 0.0000 0.0000 320.5180 354.8630 -10.0190 0.0000 0.0000
1170.03 16.07.2018 00.30.01 26.04138 285.4468 -176.8630 -0.6317 -0.6317 0.0000 0.0000 0.0000 320.2437 354.3391 -9.7579 0.0000 0.0000
1180.03 16.07.2018 00.40.01 25.93893 285.3753 -178.9820 -0.6392 -0.6392 0.0000 0.0000 0.0000 319.9860 353.7936 -9.6800 0.0000 0.0000
1190.03 16.07.2018 00.50.01 25.83511 285.2443 -181.3902 -0.6478 -0.6478 0.0000 0.0000 0.0000 319.6910 353.1710 -9.8997 0.0000 0.0000
1200.03 16.07.2018 01.00.01 25.72991 285.2040 -183.8823 -0.6567 -0.6567 0.0000 0.0000 0.0000 319.4142 352.6303 -9.7670 0.0000 0.0000
1210.03 16.07.2018 01.10.01 25.62344 285.1730 -185.2182 -0.6615 -0.6615 0.0000 0.0000 0.0000 319.0261 352.2538 -8.9325 0.0000 0.0000
1220.03 16.07.2018 01.20.01 25.51714 285.0862 -184.6431 -0.6594 -0.6594 0.0000 0.0000 0.0000 318.6315 351.7304 -8.7316 0.0000 0.0000
1230.03 16.07.2018 01.30.01 25.41134 285.1929 -183.0430 -0.6537 -0.6537 0.0000 0.0000 0.0000 318.2116 351.3255 -8.1382 0.0000 0.0000
1240.03 16.07.2018 01.40.01 25.30605 285.1587 -182.4817 -0.6517 -0.6517 0.0000 0.0000 0.0000 317.8011 350.8396 -8.0878 0.0000 0.0000
1250.03 16.07.2018 01.50.01 25.20068 285.1071 -183.7430 -0.6562 -0.6562 0.0000 0.0000 0.0000 317.4033 350.3267 -8.1697 0.0000 0.0000
1260.03 16.07.2018 02.00.01 25.09426 285.0726 -185.5981 -0.6629 -0.6629 0.0000 0.0005 0.0003 316.9999 349.8108 -8.1738 0.0000 0.0000
1270.03 16.07.2018 02.10.01 24.98718 284.9381 -183.8302 -0.6565 -0.6649 0.0111 0.3230 0.1709 316.7119 349.4351 -7.8184 0.0000 0.0000
1280.03 16.07.2018 02.20.01 24.88070 284.3954 -183.6249 -0.6558 -0.6752 0.0259 0.6974 0.3698 316.2965 348.3908 -10.5291 0.0000 0.0000
1290.03 16.07.2018 02.30.01 24.77209 284.1486 -190.9002 -0.6818 -0.7127 0.0412 1.0805 0.5736 315.8830 347.2876 -12.8512 0.0000 0.0000
1300.03 16.07.2018 02.40.01 24.65905 284.4218 -196.0168 -0.7001 -0.7425 0.0566 1.4653 0.7782 315.7161 347.5522 -9.2806 0.0000 0.0000
1310.03 16.07.2018 02.50.01 24.54669 284.2575 -189.5788 -0.6771 -0.7311 0.0721 1.8503 0.9829 315.2018 347.0563 -8.7841 0.0000 0.0000
1320.03 16.07.2018 03.00.01 24.43893 284.3887 -182.1131 -0.6504 -0.7162 0.0877 2.2383 1.1893 314.7266 346.5020 -9.3907 0.0000 0.0000
1330.03 16.07.2018 03.10.01 24.33337 284.4900 -169.1291 -0.6040 -0.7267 0.1636 4.3762 2.3213 314.5926 346.3884 -8.7136 0.0000 0.0000
1340.03 16.07.2018 03.20.01 24.23290 284.6298 -158.6740 -0.5667 -0.7610 0.2591 6.7967 3.6077 314.6185 346.4633 -8.0370 0.0000 0.0000
1350.03 16.07.2018 03.30.01 24.13711 284.7762 -151.6894 -0.5417 -0.8102 0.3579 9.2643 4.9199 314.7144 346.6348 -7.4253 0.0000 0.0000
1360.03 16.07.2018 03.40.01 24.04470 284.9279 -146.5716 -0.5235 -0.8665 0.4573 11.7407 6.2368 314.8517 346.8805 -6.8771 0.0000 0.0000
1370.03 16.07.2018 03.50.01 23.95492 285.0841 -142.3723 -0.5085 -0.9261 0.5569 14.2187 7.5547 315.0214 347.1924 -6.3725 0.0000 0.0000
1380.03 16.07.2018 04.00.01 23.86740 285.2459 -138.5572 -0.4948 -0.9872 0.6565 16.6967 8.8725 315.2189 347.5618 -5.9071 0.0000 0.0000
1390.03 16.07.2018 04.10.01 23.78240 286.0174 -134.0678 -0.4788 -1.0399 0.7481 18.9435 10.0680 316.8475 348.9979 -2.3540 0.0000 0.0000
1400.03 16.07.2018 04.20.01 23.70199 286.5427 -125.2777 -0.4474 -1.0752 0.8371 21.1530 11.2432 318.5407 350.0352 -1.3754 0.0000 0.0000
1410.03 16.07.2018 04.30.01 23.62542 287.2379 -120.4564 -0.4302 -1.1244 0.9256 23.3563 12.4150 320.1557 351.4112 1.2979 0.0000 0.0000
1420.03 16.07.2018 04.40.01 23.55178 288.0089 -114.3070 -0.4082 -1.1688 1.0141 25.5584 13.5861 321.9210 353.0850 3.4585 0.0000 0.0000
1430.03 16.07.2018 04.50.01 23.48263 288.7536 -105.0948 -0.3753 -1.2023 1.1026 27.7603 14.7571 323.6870 354.7227 5.5282 0.0000 0.0000
1440.03 16.07.2018 05.00.01 23.41918 289.5864 -62.2440 -0.2223 -1.2363 1.3520 32.2103 17.1502 326.1043 357.0353 8.4070 0.0000 0.0000
1450.03 16.07.2018 05.10.01 23.37399 290.1873 -60.9195 -0.2176 -1.3377 1.4935 124.0391 63.1660 328.0426 360.6334 7.1509 0.0000 0.0000
1460.03 16.07.2018 05.20.01 23.33251 290.9800 124.3171 0.4440 -1.4258 2.4930 312.6604 158.1056 333.5970 371.2650 -2.6290 0.0000 0.0000
1470.03 16.07.2018 05.30.01 23.36743 291.7514 271.4612 0.9695 -1.8437 3.7509 419.7700 212.4669 341.0005 386.2981 -18.4400 0.0000 0.0000
1480.03 16.07.2018 05.40.01 23.46578 292.4119 387.8735 1.3853 -2.4935 5.1716 386.5815 196.7887 349.9754 399.7456 -32.1559 0.0000 0.0000
1490.03 16.07.2018 05.50.01 23.61413 293.0267 198.8861 0.7103 -3.3004 5.3477 365.2037 186.2421 353.3076 406.4503 -39.3719 0.0000 0.0000
1500.03 16.07.2018 06.00.01 23.69259 293.6458 72.0975 0.2575 -3.6865 5.2586 362.6006 184.9039 355.1994 411.6234 -45.7392 0.0000 0.0000
1510.03 16.07.2018 06.10.01 23.72286 294.0279 14.2442 0.0509 -3.8071 5.1440 393.8167 200.4533 356.6555 416.8683 -50.8755 0.0000 0.0000
1520.03 16.07.2018 06.20.01 23.73052 294.4139 15.5160 0.0554 -3.8154 5.1610 423.2506 215.1975 358.4327 422.9239 -57.0098 0.0000 0.0000
1530.03 16.07.2018 06.30.01 23.73843 294.7947 8.8785 0.0317 -3.8250 5.1423 428.0491 219.5184 359.9800 430.6783 -65.2988 0.0000 0.0000
1540.03 16.07.2018 06.40.01 23.74438 295.1667 20.9321 0.0748 -3.8172 5.1892 419.6436 215.2918 361.7420 434.8026 -67.9192 0.0000 0.0000
1550.03 16.07.2018 06.50.01 23.75567 295.5349 26.5589 0.0949 -3.8234 5.2244 411.0661 210.9723 363.3412 438.2963 -69.5791 0.0000 0.0000
1560.03 16.07.2018 07.00.01 23.77044 295.8989 32.6404 0.1166 -3.8294 5.2613 402.4644 206.6353 364.9114 441.2153 -70.3827 0.0000 0.0000
1570.03 16.07.2018 07.10.01 23.78881 296.2139 34.8203 0.1244 -3.8336 5.2772 380.5592 193.9837 366.6056 441.2891 -67.8472 0.0000 0.0000
1580.03 16.07.2018 07.20.01 23.80941 296.5698 51.2704 0.1831 -3.8260 5.3455 376.5457 192.0259 368.5379 443.6330 -67.7934 0.0000 0.0000
1590.03 16.07.2018 07.30.01 23.83804 296.8946 58.2638 0.2081 -3.8343 5.3899 434.5904 227.3220 370.3338 454.2450 -79.7388 0.0000 0.0000
1600.03 16.07.2018 07.40.01 23.87121 297.2403 77.5797 0.2771 -3.8396 5.4889 430.6671 225.2379 372.4634 456.9597 -79.0182 0.0000 0.0000
1610.03 16.07.2018 07.50.01 23.91339 297.5693 79.4592 0.2838 -3.8644 5.5308 425.8777 222.6797 374.3465 459.3096 -77.7900 0.0000 0.0000
1620.03 16.07.2018 08.00.01 23.95785 297.9000 82.4753 0.2946 -3.8738 5.5578 438.5661 230.6195 376.1572 463.8882 -79.5707 0.0000 0.0000
1630.03 16.07.2018 08.10.01 24.00549 298.0821 96.5688 0.3449 -3.8712 5.6214 433.9322 228.1274 377.6512 465.3808 -81.2294 0.0000 0.0000
1640.03 16.07.2018 08.20.01 24.09850 298.2474 4093.6521 14.6202 -3.8779 24.6641 467.7629 234.3957 378.9506 468.0628 -85.9385 0.0000 0.0000
1650.03 16.07.2018 08.30.01 25.73763 298.4235 1773.1239 6.3326 -11.6200 23.9367 461.4455 231.4890 380.3997 468.9072 -88.3251 0.0000 0.0000
1660.03 16.07.2018 08.40.01 26.48889 298.6026 805.4111 2.8765 -14.5357 23.2162 467.7961 236.0692 381.6778 471.1755 -91.3332 0.0000 0.0000
1670.03 16.07.2018 08.50.01 26.86389 298.8153 385.0461 1.3752 -15.4912 22.4884 496.0729 253.8103 382.9609 476.2693 -99.2008 0.0000 0.0000
1680.03 16.07.2018 09.00.01 27.08831 299.0579 1866.1552 6.6648 -15.6275 29.7232 510.4059 257.1764 384.4049 478.5020 -101.7430 0.0000 0.0000
1690.03 16.07.2018 09.10.01 27.88067 299.2639 760.0639 2.7145 -18.6567 28.4950 501.2160 252.8603 385.5715 479.0666 -102.2168 0.0000 0.0000
1700.03 16.07.2018 09.20.01 28.24474 299.4586 288.9057 1.0318 -19.4380 27.2930 511.7981 260.3873 386.7626 481.8995 -106.5603 0.0000 0.0000
1710.03 16.07.2018 09.30.01 28.43508 299.6308 1466.7244 5.2383 -19.3043 32.7235 529.3137 267.0683 388.1170 484.3563 -111.1911 0.0000 0.0000
1720.03 16.07.2018 09.40.01 29.07559 299.7638 547.1611 1.9541 -21.4839 31.2508 535.4567 272.0196 389.5240 486.8302 -113.6538 0.0000 0.0000
1730.03 16.07.2018 09.50.01 29.37045 299.8868 1379.1077 4.9254 -21.8061 35.6420 552.1662 278.8873 391.0942 489.8492 -116.4161 0.0000 0.0000
1740.03 16.07.2018 10.00.01 29.98120 300.0127 433.7432 1.5491 -23.7510 33.7335 540.1834 273.2935 392.5431 490.4657 -114.6794 0.0000 0.0000
1750.03 16.07.2018 10.10.01 30.22219 300.2610 -93.2177 -0.3329 -23.8000 31.2895 520.4787 263.9903 394.3268 492.4118 -102.6947 0.0000 0.0000
1760.03 16.07.2018 10.20.01 30.25201 300.4687 -348.9531 -1.2463 -22.8479 28.8022 499.2503 253.8061 395.8238 493.4644 -95.5374 0.0000 0.0000
1770.03 16.07.2018 10.30.01 30.17520 300.5381 -493.7307 -1.7633 -21.4514 26.2508 476.1533 242.5510 396.5827 493.1281 -92.8541 0.0000 0.0000
1780.03 16.07.2018 10.40.01 30.03607 300.6064 -476.4749 -1.7017 -19.8340 24.1763 459.5349 234.6742 397.8946 493.2291 -89.8716 0.0000 0.0000
1790.03 16.07.2018 10.50.01 29.89959 300.6809 -481.4629 -1.7195 -18.2714 22.0692 441.5416 225.9963 399.0965 492.5805 -88.0522 0.0000 0.0000
1800.03 16.07.2018 11.00.01 29.75323 300.7649 -475.4120 -1.6979 -16.7610 20.0841 424.4670 217.7765 400.2312 491.5970 -86.7981 0.0000 0.0000
1810.03 16.07.2018 11.10.01 29.60681 301.1194 -366.5464 -1.3091 -15.3076 18.6647 422.4250 217.4339 401.2649 493.6772 -73.0675 0.0000 0.0000
1820.03 16.07.2018 11.20.01 29.50082 301.3675 -340.5873 -1.2164 -14.0953 17.1719 414.1496 213.4057 402.0779 493.1391 -75.5632 0.0000 0.0000
1830.03 16.07.2018 11.30.01 29.40344 301.2735 -346.1515 -1.2363 -12.9530 15.6223 405.6274 209.2726 402.3997 490.6225 -85.7681 0.0000 0.0000
1840.03 16.07.2018 11.40.01 29.30190 301.5761 -349.8307 -1.2494 -11.8202 14.0944 398.2683 205.7843 403.7631 491.8922 -75.5993 0.0000 0.0000
1850.03 16.07.2018 11.50.01 29.19698 301.6544 -384.3701 -1.3727 -10.6980 12.4337 389.5496 201.5807 404.6321 490.4520 -78.2314 0.0000 0.0000
1860.03 16.07.2018 12.00.01 29.07586 301.9670 -436.7179 -1.5597 -9.5282 10.6246 379.1334 196.4721 404.3985 487.3946 -84.4240 0.0000 0.0000
1870.03 16.07.2018 12.10.01 28.93282 302.1002 -413.6676 -1.4774 -8.2788 9.0686 365.3840 189.9262 404.5958 485.9804 -83.3914 0.0000 0.0000
1880.03 16.07.2018 12.20.01 28.79791 302.1744 -266.9681 -0.9535 -7.1095 8.2081 359.0627 187.3121 404.3917 485.1157 -83.3871 0.0000 0.0000
1890.03 16.07.2018 12.30.01 28.72106 302.2311 -38.8856 -0.1389 -6.2585 8.1595 362.1468 189.7278 403.9877 485.2805 -84.9248 0.0000 0.0000
1900.03 16.07.2018 12.40.01 28.73422 302.2935 65.6829 0.2346 -5.8628 8.1298 371.2119 195.6517 403.5849 486.3056 -87.1790 0.0000 0.0000
1910.03 16.07.2018 12.50.01 28.78915 302.3248 84.0611 0.3002 -5.6673 7.9567 371.6280 196.4944 402.8153 486.1445 -88.2735 0.0000 0.0000
1920.03 16.07.2018 13.00.01 28.85211 302.3678 123.9675 0.4427 -5.5052 7.9306 373.3843 198.0320 402.1256 486.1432 -89.5992 0.0000 0.0000
1930.03 16.07.2018 13.10.01 28.93197 302.3480 207.8340 0.7423 -5.4217 8.2187 373.1955 198.6662 402.1782 486.8993 -89.0198 0.0000 0.0000
1940.03 16.07.2018 13.20.01 29.04498 302.2910 187.8705 0.6710 -5.4954 8.2218 365.3996 194.9515 401.6987 486.4164 -87.3556 0.0000 0.0000
1950.03 16.07.2018 13.30.01 29.15103 302.2442 210.9803 0.7535 -5.5269 8.3739 358.2383 191.5068 401.2808 485.8863 -85.8654 0.0000 0.0000
1960.03 16.07.2018 13.40.01 29.26638 302.1965 217.4514 0.7766 -5.5998 8.5019 349.0357 186.8630 400.8499 484.9982 -83.9540 0.0000 0.0000
1970.03 16.07.2018 13.50.01 29.38470 302.1526 220.1133 0.7861 -5.6816 8.6236 338.2284 181.2617 400.3511 483.7588 -81.7432 0.0000 0.0000
1980.03 16.07.2018 14.00.01 29.50439 302.1192 214.0524 0.7645 -5.7631 8.7034 327.2025 175.5599 399.7670 482.4029 -79.2951 0.0000 0.0000
1990.03 16.07.2018 14.10.01 29.62127 302.0240 151.9256 0.5426 -5.8289 8.4953 319.3145 171.5011 398.6973 480.2157 -79.7853 0.0000 0.0000
2000.03 16.07.2018 14.20.01 29.71322 301.9297 129.5195 0.4626 -5.7777 8.3204 311.3616 167.3790 397.5299 477.9695 -79.9641 0.0000 0.0000
2010.03 16.07.2018 14.30.01 29.79556 301.8293 121.2591 0.4331 -5.6906 8.1649 304.4680 163.8777 396.4014 475.8385 -79.9807 0.0000 0.0000
2020.03 16.07.2018 14.40.01 29.87362 301.7274 104.0757 0.3717 -5.5947 7.9551 294.3789 158.5194 395.1881 473.3303 -78.9249 0.0000 0.0000
2030.03 16.07.2018 14.50.01 29.94424 301.6199 103.8622 0.3709 -5.4742 7.7935 284.4939 153.2477 394.0377 470.7998 -77.7503 0.0000 0.0000
2040.03 16.07.2018 15.00.01 30.01403 301.5044 99.7548 0.3563 -5.3610 7.6230 275.5116 148.5234 392.9006 468.3835 -76.5171 0.0000 0.0000
2050.03 16.07.2018 15.10.01 30.08068 301.4392 26.6725 0.0953 -5.2475 7.1237 274.7646 148.4092 391.3920 467.0772 -73.1023 0.0000 0.0000
2060.03 16.07.2018 15.20.01 30.11840 301.3970 13.3295 0.0476 -4.9973 6.7266 275.6886 149.2200 390.2080 466.4234 -70.0944 0.0000 0.0000
2070.03 16.07.2018 15.30.01 30.14980 301.3625 6.9799 0.0249 -4.7319 6.3424 276.9490 150.2224 389.1207 465.9644 -68.0724 0.0000 0.0000
2080.03 16.07.2018 15.40.01 30.17751 301.3309 -12.4949 -0.0446 -4.4646 5.8933 279.2605 151.8152 387.9655 465.8327 -65.9620 0.0000 0.0000
2090.03 16.07.2018 15.50.01 30.19665 301.3043 -15.7527 -0.0563 -4.1712 5.4866 282.3117 153.8198 386.8867 465.9823 -64.3395 0.0000 0.0000
2100.03 16.07.2018 16.00.01 30.21340 301.2835 -19.4757 -0.0696 -3.8836 5.0854 285.2992 155.7838 385.8175 466.2668 -62.9390 0.0000 0.0000
2110.03 16.07.2018 16.10.01 30.22775 301.1466 4.5810 0.0164 -3.6014 4.8237 272.7055 149.0022 384.6988 464.7903 -61.6083 0.0000 0.0000
2120.03 16.07.2018 16.20.01 30.25015 300.9834 5.3599 0.0191 -3.3814 4.5340 259.3931 141.8112 383.4044 462.7884 -59.9061 0.0000 0.0000
2130.03 16.07.2018 16.30.01 30.27172 300.8113 2.3233 0.0083 -3.1762 4.2460 245.8240 134.4653 382.0359 460.5236 -57.8839 0.0000 0.0000
2140.03 16.07.2018 16.40.01 30.29092 300.6346 -4.7528 -0.0170 -2.9771 3.9468 231.0975 126.5003 380.5993 457.9127 -55.8713 0.0000 0.0000
2150.03 16.07.2018 16.50.01 30.30624 300.4512 -14.3070 -0.0511 -2.7765 3.6338 215.8299 118.2216 379.0714 455.0534 -53.3995 0.0000 0.0000
2160.03 16.07.2018 17.00.01 30.31667 300.2655 -20.2325 -0.0723 -2.5694 3.3295 200.2570 109.7522 377.5633 452.0430 -50.5593 0.0000 0.0000
2170.03 16.07.2018 17.10.01 30.32369 300.0207 -13.0551 -0.0466 -2.3638 3.0895 188.0509 103.1052 376.1664 449.1918 -48.0738 0.0000 0.0000
2180.03 16.07.2018 17.20.01 30.33224 299.7794 -8.6022 -0.0307 -2.1862 2.8740 175.9647 96.5114 374.8177 446.3485 -45.5954 0.0000 0.0000
2190.03 16.07.2018 17.30.01 30.34133 299.5372 -11.7363 -0.0419 -2.0306 2.6516 163.5706 89.7385 373.4508 443.4299 -42.9976 0.0000 0.0000
2200.03 16.07.2018 17.40.01 30.34802 299.2950 -14.0209 -0.0501 -1.8817 2.4421 148.4669 81.4479 372.1093 440.2365 -40.0632 0.0000 0.0000
2210.03 16.07.2018 17.50.01 30.35253 299.0496 -21.4027 -0.0764 -1.7417 2.2204 133.0220 72.9621 370.7322 436.9066 -36.9694 0.0000 0.0000
2220.03 16.07.2018 18.00.01 30.35293 298.8019 -29.2484 -0.1045 -1.6013 1.9959 117.3471 64.3405 369.3320 433.4801 -33.7290 0.0000 0.0000
2230.03 16.07.2018 18.10.01 30.34875 298.4241 -41.1178 -0.1468 -1.4623 1.7539 103.0269 56.4901 367.7212 430.1690 -30.2840 0.0000 0.0000
2240.03 16.07.2018 18.20.01 30.33795 298.0418 -54.7982 -0.1957 -1.3204 1.4996 88.4742 48.5099 366.0329 426.7274 -27.1809 0.0000 0.0000
2250.03 16.07.2018 18.30.01 30.31979 297.6505 -63.5937 -0.2271 -1.1725 1.2605 74.0967 40.6235 364.4151 423.2190 -24.3908 0.0000 0.0000
2260.03 16.07.2018 18.40.01 30.29632 297.2529 -72.2365 -0.2580 -1.0273 1.0258 54.5397 29.8556 362.7709 419.1311 -21.1949 0.0000 0.0000
2270.03 16.07.2018 18.50.01 30.26769 296.8555 -85.5128 -0.3054 -0.8848 0.7725 34.8052 18.9958 361.0191 414.8143 -17.8786 0.0000 0.0000
2280.03 16.07.2018 19.00.01 30.23196 296.4280 -96.8753 -0.3460 -0.7355 0.5194 15.2257 8.2278 359.2577 410.3309 -14.7110 0.0000 0.0000
2290.03 16.07.2018 19.10.01 30.18997 295.7375 -89.6566 -0.3202 -0.5876 0.3566 11.8586 6.4053 357.5922 406.7705 -14.6521 0.0000 0.0000
2300.03 16.07.2018 19.20.01 30.14837 295.0454 -76.7242 -0.2740 -0.4816 0.2768 9.6786 5.2306 356.1119 403.6096 -15.0909 0.0000 0.0000
2310.03 16.07.2018 19.30.01 30.10955 294.3440 -74.5748 -0.2663 -0.4255 0.2122 7.7118 4.1723 354.6947 400.5974 -15.7408 0.0000 0.0000
2320.03 16.07.2018 19.40.01 30.06967 293.6239 -78.8202 -0.2815 -0.3944 0.1505 5.2488 2.8392 353.3183 397.6905 -16.3059 0.0000 0.0000
2330.03 16.07.2018 19.50.01 30.02645 292.8802 -86.0342 -0.3073 -0.3730 0.0877 2.7899 1.5093 351.9742 394.8434 -17.0207 0.0000 0.0000
2340.03 16.07.2018 20.00.01 29.97881 292.1623 -93.8844 -0.3353 -0.3540 0.0249 0.3565 0.1947 350.6397 392.1001 -17.6864 0.0000 0.0000
2350.03 16.07.2018 20.10.01 29.92681 291.9470 -92.3173 -0.3297 -0.3330 0.0044 0.0631 0.0345 351.5417 390.3287 -17.3388 0.0000 0.0000
2360.03 16.07.2018 20.20.01 29.87481 291.7242 -90.0851 -0.3217 -0.3223 0.0008 0.0115 0.0063 352.6271 388.8408 -17.4034 0.0000 0.0000
2370.03 16.07.2018 20.30.01 29.82290 291.5168 -90.1073 -0.3218 -0.3219 0.0001 0.0021 0.0011 353.7555 387.5485 -17.5527 0.0000 0.0000
2380.03 16.07.2018 20.40.01 29.77050 291.3269 -91.6865 -0.3275 -0.3275 0.0000 0.0004 0.0002 354.9643 386.5296 -17.3022 0.0000 0.0000
2390.03 16.07.2018 20.50.01 29.71737 291.1500 -93.0679 -0.3324 -0.3324 0.0000 0.0001 0.0000 356.1933 385.6797 -17.1094 0.0000 0.0000
2400.03 16.07.2018 21.00.01 29.66335 291.0193 -94.0383 -0.3359 -0.3359 0.0000 0.0000 0.0000 357.4175 385.0053 -16.8242 0.0000 0.0000
2410.03 16.07.2018 21.10.01 29.60879 291.3893 -95.4259 -0.3408 -0.3408 0.0000 0.0000 0.0000 357.3846 384.6908 -14.6340 0.0000 0.0000
2420.03 16.07.2018 21.20.01 29.55285 291.7957 -99.0517 -0.3538 -0.3538 0.0000 0.0000 0.0000 357.4157 384.5224 -12.3909 0.0000 0.0000
2430.03 16.07.2018 21.30.01 29.49465 292.2229 -102.8767 -0.3674 -0.3674 0.0000 0.0000 0.0000 357.4915 384.5287 -10.0175 0.0000 0.0000
2440.03 16.07.2018 21.40.01 29.43441 292.6553 -106.2643 -0.3795 -0.3795 0.0000 0.0000 0.0000 357.6215 384.6906 -7.5791 0.0000 0.0000
2450.03 16.07.2018 21.50.01 29.37240 293.0815 -109.1078 -0.3897 -0.3897 0.0000 0.0000 0.0000 357.8015 385.0062 -5.0159 0.0000 0.0000
2460.03 16.07.2018 22.00.01 29.30889 293.5018 -110.9284 -0.3962 -0.3962 0.0000 0.0000 0.0000 358.0411 385.4667 -2.3464 0.0000 0.0000
2470.03 16.07.2018 22.10.01 29.24465 293.1566 -112.1358 -0.4005 -0.4005 0.0000 0.0000 0.0000 358.4100 385.2576 -3.7366 0.0000 0.0000
2480.03 16.07.2018 22.20.01 29.17965 292.8423 -113.6652 -0.4059 -0.4059 0.0000 0.0000 0.0000 358.6527 384.7856 -5.2237 0.0000 0.0000
2490.03 16.07.2018 22.30.01 29.11184 292.4047 -123.1863 -0.4400 -0.4400 0.0000 0.0000 0.0000 358.3495 383.6087 -8.7126 0.0000 0.0000
2500.03 16.07.2018 22.40.01 29.03735 292.1099 -134.0171 -0.4786 -0.4786 0.0000 0.0000 0.0000 358.4524 383.4321 -7.9107 0.0000 0.0000
2510.03 16.07.2018 22.50.01 28.95977 291.9559 -133.4822 -0.4767 -0.4767 0.0000 0.0000 0.0000 358.7347 383.3107 -6.8548 0.0000 0.0000
2520.03 16.07.2018 23.00.01 28.88418 291.7709 -130.2709 -0.4653 -0.4653 0.0000 0.0000 0.0000 358.4730 382.3316 -9.6249 0.0000 0.0000
2530.03 16.07.2018 23.10.01 28.80770 291.6393 -135.5226 -0.4840 -0.4840 0.0000 0.0000 0.0000 358.2234 381.8483 -9.5905 0.0000 0.0000
2540.03 16.07.2018 23.20.01 28.72851 291.5207 -139.1829 -0.4971 -0.4971 0.0000 0.0000 0.0000 358.0974 381.4101 -9.5876 0.0000 0.0000
2550.03 16.07.2018 23.30.01 28.64776 291.4057 -140.8797 -0.5031 -0.5031 0.0000 0.0000 0.0000 358.0101 380.9850 -9.6357 0.0000 0.0000
2560.03 16.07.2018 23.40.01 28.56628 291.3039 -141.6624 -0.5059 -0.5059 0.0000 0.0000 0.0000 357.9600 380.6056 -9.5875 0.0000 0.0000
2570.03 16.07.2018 23.50.01 28.48477 291.2040 -141.9448 -0.5069 -0.5069 0.0000 0.0000 0.0000 357.9282 380.2335 -9.5899 0.0000 0.0000
2580.03 17.07.2018 00.00.01 28.40325 291.0976 -141.9088 -0.5068 -0.5068 0.0000 0.0000 0.0000 357.9025 379.8557 -9.6553 0.0000 0.0000
2590.03 17.07.2018 00.10.01 28.32177 291.1665 -140.8672 -0.5031 -0.5031 0.0000 0.0000 0.0000 357.6840 379.6861 -8.6821 0.0000 0.0000
2600.03 17.07.2018 00.20.01 28.24136 291.2464 -138.4552 -0.4945 -0.4945 0.0000 0.0000 0.0000 357.4889 379.5054 -7.8764 0.0000 0.0000
2610.03 17.07.2018 00.30.01 28.16250 291.2973 -135.3937 -0.4835 -0.4835 0.0000 0.0000 0.0000 357.2910 379.3045 -7.2736 0.0000 0.0000
2620.03 17.07.2018 00.40.01 28.08523 291.1698 -133.7147 -0.4776 -0.4776 0.0000 0.0000 0.0000 357.0629 378.9557 -7.2936 0.0000 0.0000
2630.03 17.07.2018 00.50.01 28.00869 291.2591 -132.7443 -0.4741 -0.4741 0.0000 0.0000 0.0000 356.8488 378.7192 -6.9911 0.0000 0.0000
2640.03 17.07.2018 01.00.01 27.93188 291.3113 -133.6519 -0.4773 -0.4773 0.0000 0.0000 0.0000 356.5857 378.3933 -7.0399 0.0000 0.0000
2650.03 17.07.2018 01.10.01 27.85409 291.2289 -136.6636 -0.4881 -0.4881 0.0000 0.0000 0.0000 355.9063 378.0112 -7.1230 0.0000 0.0000
2660.03 17.07.2018 01.20.01 27.77419 291.1619 -141.0115 -0.5036 -0.5036 0.0000 0.0000 0.0000 355.1668 377.4217 -7.8800 0.0000 0.0000
2670.03 17.07.2018 01.30.01 27.69167 291.0500 -145.0897 -0.5182 -0.5182 0.0000 0.0000 0.0000 354.0664 376.6540 -8.6272 0.0000 0.0000
2680.03 17.07.2018 01.40.01 27.60766 290.9894 -144.9339 -0.5176 -0.5176 0.0000 0.0000 0.0000 353.3992 376.5154 -6.5918 0.0000 0.0000
2690.03 17.07.2018 01.50.01 27.52615 291.0784 -138.1891 -0.4935 -0.4935 0.0000 0.0000 0.0000 352.5485 376.1424 -6.2507 0.0000 0.0000
2700.03 17.07.2018 02.00.01 27.44683 291.0073 -138.8579 -0.4959 -0.4959 0.0000 0.0006 0.0003 351.2971 375.3876 -7.2569 0.0000 0.0000
2710.03 17.07.2018 02.10.01 27.36505 290.7444 -142.0623 -0.5074 -0.5170 0.0128 0.3727 0.1971 348.3622 374.4310 -7.3530 0.0000 0.0000
2720.03 17.07.2018 02.20.01 27.28164 290.3919 -143.6143 -0.5129 -0.5353 0.0298 0.8047 0.4268 345.4163 373.1978 -8.0337 0.0000 0.0000
2730.03 17.07.2018 02.30.01 27.19732 290.0035 -145.1475 -0.5184 -0.5540 0.0475 1.2468 0.6618 342.4146 371.7905 -8.9488 0.0000 0.0000
2740.03 17.07.2018 02.40.01 27.11212 289.6968 -146.1364 -0.5219 -0.5709 0.0654 1.6908 0.8979 339.5484 370.6128 -8.4980 0.0000 0.0000
2750.03 17.07.2018 02.50.01 27.02722 289.3840 -144.3081 -0.5154 -0.5778 0.0832 2.1350 1.1342 336.7207 369.4284 -8.0257 0.0000 0.0000
2760.03 17.07.2018 03.00.01 26.94384 289.0892 -141.7010 -0.5061 -0.5820 0.1012 2.5833 1.3726 333.7808 368.0513 -8.3290 0.0000 0.0000
2770.03 17.07.2018 03.10.01 26.86086 289.0305 -126.5805 -0.4521 -0.6021 0.2000 5.3758 2.8510 333.4517 367.3864 -8.0811 0.0000 0.0000
2780.03 17.07.2018 03.20.01 26.78307 288.9830 -116.3396 -0.4155 -0.6593 0.3251 8.5469 4.5364 333.3514 366.9665 -8.1651 0.0000 0.0000
2790.03 17.07.2018 03.30.01 26.70910 288.9397 -111.3234 -0.3976 -0.7385 0.4546 11.7812 6.2562 333.3139 366.6626 -8.3907 0.0000 0.0000
2800.03 17.07.2018 03.40.01 26.63714 288.9121 -108.7747 -0.3885 -0.8272 0.5849 15.0273 7.9825 333.3278 366.5107 -8.4699 0.0000 0.0000
2810.03 17.07.2018 03.50.01 26.56637 288.8889 -106.5698 -0.3806 -0.9172 0.7154 18.2756 9.7100 333.3793 366.4553 -8.6040 0.0000 0.0000
2820.03 17.07.2018 04.00.01 26.49691 288.8704 -104.3613 -0.3727 -1.0072 0.8460 21.5258 11.4385 333.4632 366.4849 -8.7799 0.0000 0.0000
2830.03 17.07.2018 04.10.01 26.42898 289.2398 -93.8707 -0.3353 -1.0931 1.0105 25.7584 13.6867 333.6300 367.1301 -7.0195 0.0000 0.0000
2840.03 17.07.2018 04.20.01 26.36663 289.6059 -82.2394 -0.2937 -1.1832 1.1859 30.1497 16.0216 333.9169 367.9504 -5.5319 0.0000 0.0000
2850.03 17.07.2018 04.30.01 26.31048 289.9772 -72.1509 -0.2577 -1.2801 1.3633 34.5674 18.3709 334.2693 368.9084 -4.1865 0.0000 0.0000
2860.03 17.07.2018 04.40.01 26.25970 290.3537 -63.2437 -0.2259 -1.3816 1.5409 38.9901 20.7230 334.6743 369.9892 -2.9270 0.0000 0.0000
2870.03 17.07.2018 04.50.01 26.21377 290.7315 -55.3600 -0.1977 -1.4867 1.7187 43.4136 23.0755 335.1172 371.1672 -1.7854 0.0000 0.0000
2880.03 17.07.2018 05.00.01 26.17230 291.1121 -33.1223 -0.1183 -1.5946 1.9684 48.8417 25.9741 335.8857 372.6016 -0.9749 0.0000 0.0000
2890.03 17.07.2018 05.10.01 26.14056 291.4841 -40.9838 -0.1464 -1.7328 2.1152 81.3537 42.3382 337.0687 374.5217 -1.2999 0.0000 0.0000
2900.03 17.07.2018 05.20.01 26.10824 291.8599 84.5735 0.3020 -1.8421 2.8588 242.5266 123.3989 340.8959 381.2054 -9.0230 0.0000 0.0000
2910.03 17.07.2018 05.30.01 26.12768 292.2700 185.4587 0.6624 -2.1749 3.7830 319.5953 162.5317 345.9727 391.7131 -21.4250 0.0000 0.0000
2920.03 17.07.2018 05.40.01 26.19052 292.6877 265.3950 0.9478 -2.6683 4.8215 306.3209 156.5700 352.0200 401.0788 -30.7204 0.0000 0.0000
2930.03 17.07.2018 05.50.01 26.28753 293.1086 149.0032 0.5322 -3.2739 5.0747 283.5980 145.3965 354.6903 406.3095 -34.4127 0.0000 0.0000
2940.03 17.07.2018 06.00.01 26.34164 293.5098 71.6518 0.2559 -3.6192 5.1668 313.6065 160.4803 356.5335 411.0413 -38.3124 0.0000 0.0000
2950.03 17.07.2018 06.10.01 26.36657 293.7519 45.0591 0.1609 -3.7990 5.2800 344.1176 175.8306 358.3856 416.4663 -44.4762 0.0000 0.0000
2960.03 17.07.2018 06.20.01 26.38168 293.9911 39.4181 0.1408 -3.9195 5.4137 372.6724 190.2184 360.1484 422.0596 -50.6105 0.0000 0.0000
2970.03 17.07.2018 06.30.01 26.39510 294.2253 29.6341 0.1058 -4.0216 5.5033 381.6985 196.3734 361.6574 429.4154 -57.5425 0.0000 0.0000
2980.03 17.07.2018 06.40.01 26.40551 294.4546 38.3779 0.1371 -4.0966 5.6448 378.7617 194.9725 363.3446 433.4791 -61.4361 0.0000 0.0000
2990.03 17.07.2018 06.50.01 26.42016 294.6820 40.6543 0.1452 -4.1790 5.7656 375.5241 193.4080 364.8399 436.9365 -64.5941 0.0000 0.0000
3000.03 17.07.2018 07.00.01 26.43673 294.9050 45.1424 0.1612 -4.2546 5.8878 372.2639 191.8277 366.2917 439.8872 -67.0855 0.0000 0.0000
3010.03 17.07.2018 07.10.01 26.45602 295.1227 36.3673 0.1299 -4.3267 5.9421 356.8087 182.7174 367.4306 439.7038 -69.7862 0.0000 0.0000
3020.03 17.07.2018 07.20.01 26.47311 295.3545 42.5928 0.1521 -4.3685 6.0276 356.0225 182.3837 368.6844 441.3732 -73.4194 0.0000 0.0000
3030.03 17.07.2018 07.30.01 26.49380 295.5709 44.2944 0.1582 -4.4096 6.0903 408.1477 213.8147 369.7612 450.8928 -84.4962 0.0000 0.0000
3040.03 17.07.2018 07.40.01 26.51647 295.7964 57.3467 0.2048 -4.4409 6.1943 406.9637 213.1653 371.0553 452.5257 -88.0932 0.0000 0.0000
3050.03 17.07.2018 07.50.01 26.54540 296.0122 58.4910 0.2089 -4.4838 6.2569 405.1361 212.1630 372.0853 453.7001 -90.5695 0.0000 0.0000
3060.03 17.07.2018 08.00.01 26.57607 296.2283 60.5011 0.2161 -4.5149 6.3080 418.5580 220.3188 373.0503 456.6310 -95.8020 0.0000 0.0000
3070.03 17.07.2018 08.10.01 26.60867 296.3743 53.2452 0.1902 -4.5363 6.3020 417.3139 219.5943 373.9764 457.4293 -97.9725 0.0000 0.0000
3080.03 17.07.2018 08.20.01 26.67407 296.5061 3641.9456 13.0069 -4.5321 23.3853 450.6980 226.7539 374.7617 459.4652 -103.1290 0.0000 0.0000
3090.03 17.07.2018 08.30.01 28.12774 296.6413 1605.6147 5.7343 -11.4755 22.9464 448.4236 225.7368 375.7267 459.9257 -106.1029 0.0000 0.0000
3100.03 17.07.2018 08.40.01 28.80264 296.7795 745.4014 2.6621 -14.1773 22.4526 456.8339 231.1599 376.4840 461.8411 -108.7584 0.0000 0.0000
3110.03 17.07.2018 08.50.01 29.14337 296.9198 365.9899 1.3071 -15.1337 21.9210 485.8445 248.9718 377.1791 466.4350 -116.8528 0.0000 0.0000
3120.03 17.07.2018 09.00.01 29.34915 297.0535 1783.1101 6.3682 -15.3476 28.9545 502.2505 253.5142 378.0585 468.1651 -120.8700 0.0000 0.0000
3130.03 17.07.2018 09.10.01 30.09649 297.0589 507.7512 1.8134 -18.3276 26.8546 481.3311 243.7436 379.1989 467.5727 -119.4645 0.0000 0.0000
3140.03 17.07.2018 09.20.01 30.34805 297.0535 -35.7096 -0.1275 -18.7353 24.8104 476.4732 243.5689 380.0379 469.1121 -117.8680 0.0000 0.0000
3150.03 17.07.2018 09.30.01 30.39269 297.0566 812.9987 2.9036 -18.1069 28.0140 475.2800 241.6317 381.0631 470.0075 -117.3663 0.0000 0.0000
3160.03 17.07.2018 09.40.01 30.75802 297.0439 53.9793 0.1928 -19.1731 25.8212 463.5171 237.1046 381.9448 470.6113 -114.3260 0.0000 0.0000
3170.03 17.07.2018 09.50.01 30.83386 297.0511 569.5134 2.0340 -18.7345 27.6913 465.6051 237.8235 382.9865 471.9234 -115.5474 0.0000 0.0000
3180.03 17.07.2018 10.00.01 31.10220 297.0717 -115.9507 -0.4141 -19.3255 25.2152 444.4950 227.9018 384.0831 470.5362 -114.1609 0.0000 0.0000
3190.03 17.07.2018 10.10.01 31.10244 297.1562 -254.3498 -0.9084 -18.5678 23.5459 428.1600 219.9233 384.4740 469.0197 -111.3648 0.0000 0.0000
3200.03 17.07.2018 10.20.01 31.04406 297.2383 -328.5637 -1.1734 -17.5794 21.8746 411.2538 211.6041 384.7217 467.3364 -108.3430 0.0000 0.0000
3210.03 17.07.2018 10.30.01 30.95226 297.3087 -384.1811 -1.3721 -16.4870 20.1532 393.0517 202.5459 384.6033 465.3145 -104.8831 0.0000 0.0000
3220.03 17.07.2018 10.40.01 30.83526 297.3853 -358.6457 -1.2809 -15.3262 18.7271 378.8698 195.5869 384.7315 463.6476 -101.9168 0.0000 0.0000
3230.03 17.07.2018 10.50.01 30.72549 297.4556 -355.0984 -1.2682 -14.2292 17.2813 363.8585 188.1446 384.7582 461.8007 -98.6933 0.0000 0.0000
3240.03 17.07.2018 11.00.01 30.61175 297.5281 -349.4317 -1.2480 -13.1810 15.9106 349.4241 180.9903 384.7774 460.0192 -95.5457 0.0000 0.0000
3250.03 17.07.2018 11.10.01 30.49926 297.6559 -221.6066 -0.7915 -12.1776 15.1815 352.4485 182.9703 385.0701 459.4545 -94.7823 0.0000 0.0000
3260.03 17.07.2018 11.20.01 30.43588 297.7879 -164.0131 -0.5858 -11.4439 14.4775 352.8734 183.3699 385.7461 459.0681 -93.8070 0.0000 0.0000
3270.03 17.07.2018 11.30.01 30.39453 297.9243 -149.3430 -0.5334 -10.8301 13.7289 353.2069 183.7481 386.5481 458.8912 -93.2414 0.0000 0.0000
3280.03 17.07.2018 11.40.01 30.35870 298.0688 -142.2071 -0.5079 -10.2505 12.9902 354.3527 184.5910 387.5512 458.9403 -93.1985 0.0000 0.0000
3290.03 17.07.2018 11.50.01 30.32488 298.2054 -170.4692 -0.6088 -9.6894 12.1074 353.9487 184.6130 388.3709 458.9535 -93.0160 0.0000 0.0000
3300.03 17.07.2018 12.00.01 30.27892 298.3413 -206.6199 -0.7379 -9.0798 11.1226 352.5193 184.0988 389.0437 458.9303 -92.7570 0.0000 0.0000
3310.03 17.07.2018 12.10.01 30.21768 298.3357 -197.7357 -0.7062 -8.4132 10.2760 342.1213 179.2318 390.2427 459.0502 -92.5582 0.0000 0.0000
3320.03 17.07.2018 12.20.01 30.15948 298.3071 -119.2587 -0.4259 -7.7834 9.8099 334.7580 175.8986 390.8490 459.0555 -92.3623 0.0000 0.0000
3330.03 17.07.2018 12.30.01 30.13244 298.2732 12.6365 0.0451 -7.3256 9.8276 332.3888 175.1968 391.2181 459.4249 -92.9178 0.0000 0.0000
3340.03 17.07.2018 12.40.01 30.15728 298.2386 72.0386 0.2573 -7.1318 9.8521 332.4132 175.8818 391.5446 459.9096 -94.0129 0.0000 0.0000
3350.03 17.07.2018 12.50.01 30.20574 298.1972 80.4582 0.2874 -7.0521 9.7860 327.0297 173.3907 391.5827 459.7033 -93.6221 0.0000 0.0000
3360.03 17.07.2018 13.00.01 30.25799 298.1613 106.6002 0.3807 -6.9885 9.8257 322.0415 171.0565 391.7331 459.4680 -93.1934 0.0000 0.0000
3370.03 17.07.2018 13.10.01 30.32018 298.0738 45.3159 0.1618 -6.9711 9.5106 320.0680 170.2365 391.0831 458.6646 -94.3939 0.0000 0.0000
3380.03 17.07.2018 13.20.01 30.35793 297.9890 18.7895 0.0671 -6.8336 9.2009 319.4521 170.2282 390.2132 457.9841 -95.4169 0.0000 0.0000
3390.03 17.07.2018 13.30.01 30.38473 297.9096 21.1944 0.0757 -6.6505 8.9682 319.0133 170.2678 389.4387 457.3170 -96.1443 0.0000 0.0000
3400.03 17.07.2018 13.40.01 30.41183 297.8324 18.3072 0.0654 -6.4782 8.7248 318.9028 170.4830 388.6812 456.6900 -96.5771 0.0000 0.0000
3410.03 17.07.2018 13.50.01 30.43731 297.7598 15.7216 0.0561 -6.3059 8.4827 318.8668 170.7420 387.9162 456.0824 -97.0466 0.0000 0.0000
3420.03 17.07.2018 14.00.01 30.46121 297.6910 5.6028 0.0200 -6.1325 8.2033 320.2440 171.8761 387.0749 455.6448 -97.8440 0.0000 0.0000
3430.03 17.07.2018 14.10.01 30.48034 297.5856 -22.7942 -0.0814 -5.9450 7.8181 324.7984 174.7027 384.9642 454.9324 -99.7576 0.0000 0.0000
3440.03 17.07.2018 14.20.01 30.48721 297.4756 -35.2138 -0.1258 -5.7130 7.4496 330.0919 177.9602 382.7403 454.2527 -101.8159 0.0000 0.0000
3450.03 17.07.2018 14.30.01 30.48809 297.3606 -40.6132 -0.1450 -5.4702 7.1002 338.2031 182.8935 380.4769 453.8814 -104.5646 0.0000 0.0000
3460.03 17.07.2018 14.40.01 30.48535 297.2360 -64.6315 -0.2308 -5.2293 6.6646 345.0118 187.0216 378.0854 453.2555 -107.0871 0.0000 0.0000
3470.03 17.07.2018 14.50.01 30.47201 297.1145 -61.9374 -0.2212 -4.9556 6.3125 353.4614 192.0714 375.8223 452.8599 -110.0889 0.0000 0.0000
3480.03 17.07.2018 15.00.01 30.45849 296.9911 -68.4251 -0.2444 -4.7002 5.9410 363.7087 198.2156 373.5727 452.7420 -113.5222 0.0000 0.0000
3490.03 17.07.2018 15.10.01 30.44183 296.8067 -40.3421 -0.1441 -4.4468 5.7369 357.7342 195.2861 372.0335 451.9321 -112.5519 0.0000 0.0000
3500.03 17.07.2018 15.20.01 30.43588 296.6218 -29.4994 -0.1054 -4.2554 5.5333 349.2834 190.8712 370.4632 450.6025 -111.0808 0.0000 0.0000
3510.03 17.07.2018 15.30.01 30.43359 296.4365 -29.4869 -0.1053 -4.0918 5.3153 340.1478 186.0570 368.8370 449.0777 -109.3106 0.0000 0.0000
3520.03 17.07.2018 15.40.01 30.43044 296.2430 -56.7307 -0.2026 -3.9338 4.9750 328.2849 179.7220 366.9103 447.0819 -106.8745 0.0000 0.0000
3530.03 17.07.2018 15.50.01 30.41598 296.0546 -60.6980 -0.2168 -3.7300 4.6843 316.7296 173.5355 364.8955 445.0022 -104.1572 0.0000 0.0000
3540.03 17.07.2018 16.00.01 30.39926 295.8661 -52.8617 -0.1888 -3.5285 4.4529 305.3417 167.4035 363.0403 442.8595 -101.3858 0.0000 0.0000
3550.03 17.07.2018 16.10.01 30.38470 295.6223 -57.9894 -0.2071 -3.3513 4.1922 294.3192 161.4538 360.9012 440.4489 -99.0832 0.0000 0.0000
3560.03 17.07.2018 16.20.01 30.36733 295.3740 -49.3294 -0.1762 -3.1742 3.9974 283.8847 155.8067 358.8568 437.9889 -96.8806 0.0000 0.0000
3570.03 17.07.2018 16.30.01 30.35238 295.1255 -43.7095 -0.1561 -3.0257 3.8261 273.4419 150.1365 356.8774 435.4298 -94.6766 0.0000 0.0000
3580.03 17.07.2018 16.40.01 30.33862 294.8715 -47.1281 -0.1683 -2.8999 3.6421 262.0217 143.9534 354.8837 432.7637 -92.1990 0.0000 0.0000
3590.03 17.07.2018 16.50.01 30.32232 294.6072 -55.2732 -0.1974 -2.7791 3.4423 250.0390 137.4453 352.8175 429.9461 -89.5004 0.0000 0.0000
3600.03 17.07.2018 17.00.01 30.30166 294.3470 -60.2741 -0.2153 -2.6557 3.2538 237.6932 130.7099 350.8025 427.0510 -86.5848 0.0000 0.0000
3610.03 17.07.2018 17.10.01 30.27764 294.0732 -71.6560 -0.2559 -2.5361 3.0403 222.8344 122.5986 349.0670 424.0253 -82.8872 0.0000 0.0000
3620.03 17.07.2018 17.20.01 30.24777 293.7950 -84.8290 -0.3030 -2.4091 2.8082 207.3941 114.1526 347.3138 420.8740 -79.0125 0.0000 0.0000
3630.03 17.07.2018 17.30.01 30.21124 293.5109 -99.4780 -0.3553 -2.2724 2.5562 191.3842 105.3807 345.4978 417.5947 -74.9562 0.0000 0.0000
3640.03 17.07.2018 17.40.01 30.16741 293.2284 -107.7060 -0.3847 -2.1240 2.3191 171.4860 94.4322 343.7150 414.0254 -70.0202 0.0000 0.0000
3650.03 17.07.2018 17.50.01 30.11874 292.9438 -120.3783 -0.4299 -1.9764 2.0620 151.0811 83.1951 341.8760 410.2849 -64.7723 0.0000 0.0000
3660.03 17.07.2018 18.00.01 30.06344 292.6577 -130.6895 -0.4667 -1.8212 1.8059 130.4454 71.8184 340.0299 406.4411 -59.3426 0.0000 0.0000
3670.03 17.07.2018 18.10.01 30.00247 292.3354 -135.5947 -0.4843 -1.6626 1.5711 114.9129 63.2684 338.6299 403.2511 -53.0580 0.0000 0.0000
3680.03 17.07.2018 18.20.01 29.93832 292.0159 -139.9408 -0.4998 -1.5088 1.3453 99.4374 54.7457 337.2870 400.1410 -47.4109 0.0000 0.0000
3690.03 17.07.2018 18.30.01 29.87118 291.7007 -141.0641 -0.5038 -1.3603 1.1420 84.2295 46.3666 336.0286 397.0682 -42.2967 0.0000 0.0000
3700.03 17.07.2018 18.40.01 29.80233 291.3906 -143.7791 -0.5135 -1.2235 0.9467 62.7366 34.4902 334.8128 393.5410 -36.5341 0.0000 0.0000
3710.03 17.07.2018 18.50.01 29.73116 291.0757 -153.9019 -0.5496 -1.0948 0.7269 40.9962 22.4845 333.5222 389.7980 -30.9006 0.0000 0.0000
3720.03 17.07.2018 19.00.01 29.65469 290.7600 -162.1779 -0.5792 -0.9602 0.5080 19.4430 10.5891 332.2134 385.9272 -25.5529 0.0000 0.0000
3730.03 17.07.2018 19.10.01 29.57366 290.3618 -158.0653 -0.5645 -0.8259 0.3485 15.7060 8.5567 330.7448 382.9504 -23.9621 0.0000 0.0000
3740.03 17.07.2018 19.20.01 29.49267 289.9688 -144.2453 -0.5152 -0.7191 0.2719 13.1522 7.1699 329.4620 380.3534 -23.0009 0.0000 0.0000
3750.03 17.07.2018 19.30.01 29.41546 289.5766 -139.9842 -0.4999 -0.6576 0.2102 10.8073 5.8969 328.2387 377.9145 -22.2582 0.0000 0.0000
3760.03 17.07.2018 19.40.01 29.33837 289.1857 -142.0002 -0.5071 -0.6209 0.1517 7.3239 3.9938 327.0464 375.5073 -21.5000 0.0000 0.0000
3770.03 17.07.2018 19.50.01 29.25903 288.7942 -148.0228 -0.5287 -0.5963 0.0902 3.8403 2.0929 325.8531 373.1517 -20.8600 0.0000 0.0000
3780.03 17.07.2018 20.00.01 29.17581 288.4030 -155.1695 -0.5542 -0.5756 0.0286 0.4082 0.2228 324.6694 370.8649 -20.2657 0.0000 0.0000
3790.03 17.07.2018 20.10.01 29.08843 288.0198 -154.8095 -0.5529 -0.5568 0.0052 0.0739 0.0403 323.6109 368.9606 -19.6715 0.0000 0.0000
3800.03 17.07.2018 20.20.01 28.99978 287.6403 -154.4474 -0.5516 -0.5523 0.0009 0.0133 0.0073 322.6264 367.2169 -19.3435 0.0000 0.0000
3810.03 17.07.2018 20.30.01 28.91018 287.2645 -157.3126 -0.5618 -0.5620 0.0002 0.0024 0.0013 321.6903 365.5954 -19.0701 0.0000 0.0000
3820.03 17.07.2018 20.40.01 28.81832 286.8921 -161.8183 -0.5779 -0.5779 0.0000 0.0004 0.0002 320.7893 364.0749 -18.8219 0.0000 0.0000
3830.03 17.07.2018 20.50.01 28.72369 286.5241 -166.7518 -0.5955 -0.5955 0.0000 0.0001 0.0000 319.9123 362.6215 -18.6840 0.0000 0.0000
3840.03 17.07.2018 21.00.01 28.62618 286.1773 -171.8408 -0.6137 -0.6137 0.0000 0.0000 0.0000 319.0699 361.2784 -18.4179 0.0000 0.0000
3850.03 17.07.2018 21.10.01 28.52603 286.0351 -175.6386 -0.6273 -0.6273 0.0000 0.0000 0.0000 318.6332 360.3335 -16.9800 0.0000 0.0000
3860.03 17.07.2018 21.20.01 28.42443 285.9340 -176.3686 -0.6299 -0.6299 0.0000 0.0000 0.0000 318.2894 359.5094 -15.6814 0.0000 0.0000
3870.03 17.07.2018 21.30.01 28.32287 285.9417 -175.6591 -0.6274 -0.6274 0.0000 0.0000 0.0000 318.0798 358.8022 -14.5032 0.0000 0.0000
3880.03 17.07.2018 21.40.01 28.22173 285.6481 -176.0434 -0.6287 -0.6287 0.0000 0.0000 0.0000 317.7740 357.8780 -14.6594 0.0000 0.0000
3890.03 17.07.2018 21.50.01 28.11959 285.4687 -178.9789 -0.6392 -0.6392 0.0000 0.0000 0.0000 317.4601 357.0246 -14.5394 0.0000 0.0000
3900.03 17.07.2018 22.00.01 28.01544 285.2875 -182.7853 -0.6528 -0.6528 0.0000 0.0000 0.0000 317.1596 356.1771 -14.5498 0.0000 0.0000
3910.03 17.07.2018 22.10.01 27.90896 285.1697 -186.9649 -0.6677 -0.6677 0.0000 0.0000 0.0000 316.7897 355.3736 -14.3956 0.0000 0.0000
3920.03 17.07.2018 22.20.01 27.80010 285.0382 -190.9259 -0.6819 -0.6819 0.0000 0.0000 0.0000 316.4185 354.5732 -14.3592 0.0000 0.0000
3930.03 17.07.2018 22.30.01 27.68899 284.9086 -195.0233 -0.6965 -0.6965 0.0000 0.0000 0.0000 316.0496 353.7895 -14.3557 0.0000 0.0000
3940.03 17.07.2018 22.40.01 27.57549 284.7844 -199.0939 -0.7110 -0.7110 0.0000 0.0000 0.0000 315.6940 353.0358 -14.3357 0.0000 0.0000
3950.03 17.07.2018 22.50.01 27.45968 284.6682 -202.9716 -0.7249 -0.7249 0.0000 0.0000 0.0000 315.3441 352.3070 -14.3144 0.0000 0.0000
3960.03 17.07.2018 23.00.01 27.34170 284.5539 -206.6487 -0.7380 -0.7380 0.0000 0.0000 0.0000 314.9984 351.5945 -14.3130 0.0000 0.0000
3970.03 17.07.2018 23.10.01 27.22170 284.4379 -209.7376 -0.7491 -0.7491 0.0000 0.0000 0.0000 314.6187 350.9773 -14.0375 0.0000 0.0000
3980.03 17.07.2018 23.20.01 27.10012 284.2301 -212.5502 -0.7591 -0.7591 0.0000 0.0000 0.0000 314.1024 350.2155 -14.2840 0.0000 0.0000
3990.03 17.07.2018 23.30.01 26.97689 284.0137 -215.2988 -0.7689 -0.7689 0.0000 0.0000 0.0000 313.6206 349.4513 -14.4570 0.0000 0.0000
4000.03 17.07.2018 23.40.01 26.85238 283.8699 -216.5827 -0.7735 -0.7735 0.0000 0.0000 0.0000 313.1689 348.8191 -14.0286 0.0000 0.0000
4010.03 17.07.2018 23.50.01 26.72787 283.7501 -216.2481 -0.7723 -0.7723 0.0000 0.0000 0.0000 312.7218 348.2216 -13.5895 0.0000 0.0000
4020.03 18.07.2018 00.00.01 26.60378 283.6625 -214.9492 -0.7677 -0.7677 0.0000 0.0000 0.0000 312.2779 347.6546 -13.1388 0.0000 0.0000
4030.03 18.07.2018 00.10.01 26.48019 283.5116 -214.3576 -0.7656 -0.7656 0.0000 0.0000 0.0000 311.9824 346.9512 -13.6697 0.0000 0.0000
4040.03 18.07.2018 00.20.01 26.35616 283.4728 -216.5232 -0.7733 -0.7733 0.0000 0.0000 0.0000 311.6454 346.3094 -13.8589 0.0000 0.0000
4050.03 18.07.2018 00.30.01 26.23058 283.5049 -219.4560 -0.7838 -0.7838 0.0000 0.0000 0.0000 311.3332 345.7360 -13.7302 0.0000 0.0000
4060.03 18.07.2018 00.40.01 26.10351 283.4988 -221.2885 -0.7903 -0.7903 0.0000 0.0000 0.0000 311.0299 345.2173 -13.2021 0.0000 0.0000
4070.03 18.07.2018 00.50.01 25.97622 283.4498 -221.1918 -0.7900 -0.7900 0.0000 0.0000 0.0000 310.7045 344.6796 -12.8382 0.0000 0.0000
4080.03 18.07.2018 01.00.01 25.84942 283.3600 -219.1953 -0.7828 -0.7828 0.0000 0.0000 0.0000 310.3928 344.1350 -12.7550 0.0000 0.0000
4090.03 18.07.2018 01.10.01 25.72381 283.2449 -217.6125 -0.7772 -0.7772 0.0000 0.0000 0.0000 310.0389 343.5400 -13.0037 0.0000 0.0000
4100.03 18.07.2018 01.20.01 25.59838 283.1410 -218.0065 -0.7786 -0.7786 0.0000 0.0000 0.0000 309.6666 342.9468 -13.2003 0.0000 0.0000
4110.03 18.07.2018 01.30.01 25.47238 283.0306 -219.2704 -0.7831 -0.7831 0.0000 0.0000 0.0000 309.2582 342.3370 -13.4104 0.0000 0.0000
4120.03 18.07.2018 01.40.01 25.34557 282.9261 -220.8183 -0.7886 -0.7886 0.0000 0.0000 0.0000 308.8670 341.7585 -13.5318 0.0000 0.0000
4130.03 18.07.2018 01.50.01 25.21789 282.8048 -222.2137 -0.7936 -0.7936 0.0000 0.0000 0.0000 308.4867 341.1681 -13.7332 0.0000 0.0000
4140.03 18.07.2018 02.00.01 25.08956 282.6704 -223.4436 -0.7980 -0.7980 0.0000 0.0004 0.0002 308.0851 340.5541 -13.9636 0.0000 0.0000
4150.03 18.07.2018 02.10.01 24.96050 282.7154 -221.5893 -0.7914 -0.7980 0.0088 0.2567 0.1358 307.8643 340.1870 -13.2120 0.0000 0.0000
4160.03 18.07.2018 02.20.01 24.83300 282.7608 -219.1539 -0.7827 -0.7981 0.0206 0.5544 0.2940 307.6831 339.8745 -12.4974 0.0000 0.0000
4170.03 18.07.2018 02.30.01 24.70672 282.8132 -215.9760 -0.7713 -0.7959 0.0327 0.8589 0.4559 307.5231 339.6073 -11.7921 0.0000 0.0000
4180.03 18.07.2018 02.40.01 24.58224 282.8715 -212.9283 -0.7605 -0.7942 0.0450 1.1647 0.6186 307.3865 339.3894 -11.0618 0.0000 0.0000
4190.03 18.07.2018 02.50.01 24.45959 282.9349 -210.0030 -0.7500 -0.7930 0.0573 1.4708 0.7813 307.2649 339.2039 -10.3599 0.0000 0.0000
4200.03 18.07.2018 03.00.01 24.33877 283.0041 -207.2915 -0.7403 -0.7926 0.0697 1.7806 0.9461 307.1552 339.0507 -9.6703 0.0000 0.0000
4210.03 18.07.2018 03.10.01 24.21981 283.3327 -187.6761 -0.6703 -0.7895 0.1590 4.3191 2.2898 307.4295 339.4655 -7.7604 0.0000 0.0000
4220.03 18.07.2018 03.20.01 24.10977 283.6637 -169.4402 -0.6051 -0.8101 0.2732 7.2176 3.8302 307.8526 340.0628 -6.1659 0.0000 0.0000
4230.03 18.07.2018 03.30.01 24.00826 283.9998 -156.3277 -0.5583 -0.8521 0.3917 10.1760 5.4034 308.3437 340.7726 -4.7544 0.0000 0.0000
4240.03 18.07.2018 03.40.01 23.91323 284.3292 -146.4328 -0.5230 -0.9062 0.5109 13.1458 6.9827 308.8827 341.5621 -3.5236 0.0000 0.0000
4250.03 18.07.2018 03.50.01 23.82333 284.6825 -138.4409 -0.4944 -0.9672 0.6303 16.1176 8.5631 309.4731 342.4493 -2.3553 0.0000 0.0000
4260.03 18.07.2018 04.00.01 23.73770 285.0345 -131.4525 -0.4695 -1.0318 0.7498 19.0901 10.1440 310.1000 343.4009 -1.3031 0.0000 0.0000
4270.03 18.07.2018 04.10.01 23.65588 285.3743 -123.4450 -0.4409 -1.0988 0.8772 22.2938 11.8471 311.2012 344.4710 -0.5995 0.0000 0.0000
4280.03 18.07.2018 04.20.01 23.57836 285.7134 -115.9185 -0.4140 -1.1694 1.0072 25.5349 13.5706 312.3618 345.6104 -0.0391 0.0000 0.0000
4290.03 18.07.2018 04.30.01 23.50491 286.0515 -109.0249 -0.3894 -1.2426 1.1376 28.7821 15.2976 313.5540 346.8030 0.4247 0.0000 0.0000
4300.03 18.07.2018 04.40.01 23.43530 286.3939 -102.6620 -0.3667 -1.3177 1.2681 32.0306 17.0251 314.7707 348.0479 0.8323 0.0000 0.0000
4310.03 18.07.2018 04.50.01 23.36926 286.7366 -96.4146 -0.3443 -1.3933 1.3986 35.2792 18.7528 316.0061 349.3345 1.1756 0.0000 0.0000
4320.03 18.07.2018 05.00.01 23.30703 287.0793 -62.6971 -0.2239 -1.4697 1.6611 40.3691 21.4813 317.7745 350.9728 1.1136 0.0000 0.0000
4330.03 18.07.2018 05.10.01 23.25909 287.5470 -65.2541 -0.2331 -1.5979 1.8198 83.8649 43.3454 319.4541 353.3533 0.8428 0.0000 0.0000
4340.03 18.07.2018 05.20.01 23.21331 288.0410 102.7572 0.3670 -1.7047 2.7622 297.4677 150.7439 324.4219 362.0621 -7.5607 0.0000 0.0000
4350.03 18.07.2018 05.30.01 23.23678 288.5611 236.5022 0.8447 -2.1110 3.9409 396.8311 201.1852 330.9939 375.8777 -22.8546 0.0000 0.0000
4360.03 18.07.2018 05.40.01 23.31774 289.0797 335.0260 1.1965 -2.7304 5.2359 366.5898 186.9027 339.0273 387.9627 -34.6976 0.0000 0.0000
4370.03 18.07.2018 05.50.01 23.44094 289.6005 169.8643 0.6067 -3.4833 5.4533 325.3595 166.4593 342.5249 394.0437 -39.5273 0.0000 0.0000
4380.03 18.07.2018 06.00.01 23.50283 290.0776 51.7347 0.1848 -3.8705 5.4070 346.2453 176.8959 344.6846 398.8964 -43.8185 0.0000 0.0000
4390.03 18.07.2018 06.10.01 23.51974 290.4635 8.2047 0.0293 -4.0100 5.3858 374.5590 191.0682 346.0917 404.4596 -49.1765 0.0000 0.0000
4400.03 18.07.2018 06.20.01 23.52001 290.8454 4.5680 0.0163 -4.0594 5.4343 399.8173 203.7570 347.5199 410.2642 -54.6806 0.0000 0.0000
4410.03 18.07.2018 06.30.01 23.51937 291.2241 14.9377 0.0533 -4.0963 5.5328 403.6745 207.4817 348.9871 417.8489 -61.7093 0.0000 0.0000
4420.03 18.07.2018 06.40.01 23.52355 291.5970 26.7185 0.0954 -4.1449 5.6538 396.7283 204.0440 350.5885 421.9187 -64.6144 0.0000 0.0000
4430.03 18.07.2018 06.50.01 23.53350 291.9711 34.8383 0.1244 -4.2044 5.7717 389.7393 200.5839 352.0652 425.4103 -66.7365 0.0000 0.0000
4440.03 18.07.2018 07.00.01 23.54794 292.3369 43.2396 0.1544 -4.2652 5.8928 382.7400 197.1147 353.5193 428.3290 -68.1906 0.0000 0.0000
4450.03 18.07.2018 07.10.01 23.56738 292.5902 78.2929 0.2796 -4.3276 6.1429 361.1314 185.0295 354.8696 428.6711 -66.4295 0.0000 0.0000
4460.03 18.07.2018 07.20.01 23.60214 292.8678 101.2753 0.3617 -4.4425 6.4056 354.6159 181.9901 356.2175 430.7843 -66.5989 0.0000 0.0000
4470.03 18.07.2018 07.30.01 23.64761 293.1219 110.4242 0.3944 -4.5840 6.6379 395.6569 207.5079 357.3669 439.3550 -74.9466 0.0000 0.0000
4480.03 18.07.2018 07.40.01 23.69845 293.3854 126.5593 0.4520 -4.7248 6.9024 390.4645 204.8346 358.6466 440.8935 -75.9777 0.0000 0.0000
4490.03 18.07.2018 07.50.01 23.75741 293.6378 137.9656 0.4927 -4.8784 7.1615 385.2160 202.1330 359.8367 442.0627 -77.2466 0.0000 0.0000
4500.03 18.07.2018 08.00.01 23.82266 293.8906 145.6002 0.5200 -5.0345 7.4060 392.0912 206.7180 361.0020 444.5325 -80.8069 0.0000 0.0000
4510.03 18.07.2018 08.10.01 23.89297 294.0244 174.1092 0.6218 -5.1866 7.7445 374.9744 197.7972 362.2064 444.6396 -81.2096 0.0000 0.0000
4520.03 18.07.2018 08.20.01 23.99719 294.1435 2382.1697 8.5077 -5.3772 18.5133 378.0578 193.1294 362.9829 444.8130 -82.0450 0.0000 0.0000
4530.03 18.07.2018 08.30.01 24.95349 294.2606 813.0251 2.9037 -9.8328 16.9820 356.0190 182.6669 363.7157 443.5881 -80.9146 0.0000 0.0000
4540.03 18.07.2018 08.40.01 25.30688 294.3765 224.2719 0.8010 -11.0572 15.8109 345.4098 178.3245 364.2528 442.9419 -80.3885 0.0000 0.0000
4550.03 18.07.2018 08.50.01 25.42959 294.4949 -15.1217 -0.0540 -11.1092 14.7403 342.2682 178.3860 364.8795 443.1761 -81.3593 0.0000 0.0000
4560.03 18.07.2018 09.00.01 25.46096 294.6096 400.0214 1.4286 -10.7096 16.1843 331.1802 171.7802 365.5569 441.9709 -79.9146 0.0000 0.0000
4570.03 18.07.2018 09.10.01 25.65048 294.7211 159.6768 0.5703 -11.1391 15.6125 326.4505 169.5424 366.4126 441.3093 -76.0990 0.0000 0.0000
4580.03 18.07.2018 09.20.01 25.75063 294.8401 502.1578 1.7934 -11.0851 17.1713 336.9035 174.8050 367.5147 442.6979 -75.0671 0.0000 0.0000
4590.03 18.07.2018 09.30.01 25.98193 294.9653 204.4655 0.7302 -11.6975 16.5703 332.9026 173.0238 368.7585 442.8711 -72.5532 0.0000 0.0000
4600.03 18.07.2018 09.40.01 26.09808 295.0922 96.2399 0.3437 -11.7041 16.0638 332.9152 173.5116 370.1283 443.6521 -70.7273 0.0000 0.0000
4610.03 18.07.2018 09.50.01 26.17452 295.2217 373.8801 1.3353 -11.4998 17.1135 338.2984 176.0480 371.5360 445.0612 -69.7753 0.0000 0.0000
4620.03 18.07.2018 10.00.01 26.35714 295.3577 148.0493 0.5287 -11.8388 16.4900 334.7325 174.4761 372.8965 445.6967 -68.0333 0.0000 0.0000
4630.03 18.07.2018 10.10.01 26.45342 295.4961 189.1525 0.6755 -11.7204 16.5280 341.5918 178.1071 374.8263 447.0908 -68.9591 0.0000 0.0000
4640.03 18.07.2018 10.20.01 26.56597 295.6439 211.6368 0.7558 -11.6815 16.5831 349.1028 182.1151 376.9586 448.7776 -70.6570 0.0000 0.0000
4650.03 18.07.2018 10.30.01 26.68768 295.7886 204.6723 0.7310 -11.6804 16.5485 355.7248 185.6576 379.0071 450.3145 -72.8143 0.0000 0.0000
4660.03 18.07.2018 10.40.01 26.80734 295.9349 206.9291 0.7390 -11.6588 16.5304 362.9871 189.5811 381.2511 452.0586 -74.3677 0.0000 0.0000
4670.03 18.07.2018 10.50.01 26.92907 296.0995 192.4736 0.6874 -11.6283 16.4209 369.3175 193.0145 383.7809 454.2065 -74.8844 0.0000 0.0000
4680.03 18.07.2018 11.00.01 27.04543 296.2515 174.1581 0.6220 -11.5634 16.2472 375.1130 196.1779 386.1007 455.9481 -77.4587 0.0000 0.0000
4690.03 18.07.2018 11.10.01 27.15276 296.3167 -21.5347 -0.0769 -11.4489 15.1626 360.3787 189.1580 386.8342 457.2807 -73.8448 0.0000 0.0000
4700.03 18.07.2018 11.20.01 27.18136 296.3773 -145.7456 -0.5205 -10.9561 13.9141 339.6136 178.6457 386.7890 456.8186 -69.8069 0.0000 0.0000
4710.03 18.07.2018 11.30.01 27.15875 296.4276 -184.9181 -0.6604 -10.2449 12.7793 319.2355 168.2809 386.3436 455.8462 -66.0943 0.0000 0.0000
4720.03 18.07.2018 11.40.01 27.11825 296.4527 -170.0183 -0.6072 -9.4884 11.8416 300.9542 158.9596 385.7198 454.7514 -62.4204 0.0000 0.0000
4730.03 18.07.2018 11.50.01 27.08120 296.4726 -145.1867 -0.5185 -8.7895 11.0280 283.2502 149.8911 384.8189 453.3065 -59.5939 0.0000 0.0000
4740.03 18.07.2018 12.00.01 27.05239 296.4750 -109.9190 -0.3926 -8.1645 10.3625 266.4800 141.2688 383.8305 451.6607 -57.2685 0.0000 0.0000
4750.03 18.07.2018 12.10.01 27.03588 296.5603 -92.0552 -0.3288 -7.6275 9.7317 261.6200 138.5226 382.6086 449.6795 -57.1323 0.0000 0.0000
4760.03 18.07.2018 12.20.01 27.02560 296.6409 -37.5479 -0.1341 -7.1435 9.3459 261.0107 138.1418 381.8318 448.3925 -58.7196 0.0000 0.0000
4770.03 18.07.2018 12.30.01 27.03628 296.7159 14.4344 0.0516 -6.7782 9.1063 263.0169 139.2189 381.1990 447.4576 -60.9093 0.0000 0.0000
4780.03 18.07.2018 12.40.01 27.06741 296.8521 39.6800 0.1417 -6.5183 8.8800 265.9603 140.8434 380.7729 447.5598 -59.3811 0.0000 0.0000
4790.03 18.07.2018 12.50.01 27.10870 297.0335 42.1431 0.1505 -6.3055 8.6080 270.6961 143.5779 380.3447 448.2925 -57.7345 0.0000 0.0000
4800.03 18.07.2018 13.00.01 27.15121 297.2214 54.2968 0.1939 -6.0967 8.3875 275.2355 146.1569 380.0235 449.1979 -56.6309 0.0000 0.0000
4810.03 18.07.2018 13.10.01 27.19912 297.3484 108.7646 0.3884 -5.9120 8.4006 270.6941 143.9975 382.0156 450.4362 -52.7673 0.0000 0.0000
4820.03 18.07.2018 13.20.01 27.26928 297.3001 90.2988 0.3225 -5.8205 8.1907 263.1200 140.1871 383.5129 450.0048 -55.3227 0.0000 0.0000
4830.03 18.07.2018 13.30.01 27.33279 297.2709 89.8134 0.3208 -5.6888 8.0128 254.7073 135.8505 384.6947 448.9444 -58.7020 0.0000 0.0000
4840.03 18.07.2018 13.40.01 27.39578 297.2844 85.6017 0.3057 -5.5604 7.8215 245.4867 131.0418 385.7425 448.4535 -54.6978 0.0000 0.0000
4850.03 18.07.2018 13.50.01 27.45641 297.5070 81.2744 0.2903 -5.4300 7.6270 235.6670 125.8762 386.5331 447.4053 -53.8124 0.0000 0.0000
4860.03 18.07.2018 14.00.01 27.51516 297.7554 75.0602 0.2681 -5.2908 7.4118 225.7013 120.6393 386.9105 445.9485 -54.4926 0.0000 0.0000
4870.03 18.07.2018 14.10.01 27.57067 297.6012 21.2715 0.0760 -5.1428 6.9583 207.5544 111.0009 385.4838 444.1873 -49.5981 0.0000 0.0000
4880.03 18.07.2018 14.20.01 27.60327 297.3964 -27.7922 -0.0993 -4.9036 6.4058 187.4917 100.2892 383.7809 441.6400 -45.0936 0.0000 0.0000
4890.03 18.07.2018 14.30.01 27.61443 297.1924 -57.4199 -0.2051 -4.5884 5.8445 167.1590 89.4226 381.9205 438.7255 -40.7777 0.0000 0.0000
4900.03 18.07.2018 14.40.01 27.61184 297.0115 -79.9522 -0.2855 -4.2360 5.2673 145.0342 77.5287 379.8960 435.4346 -35.3746 0.0000 0.0000
4910.03 18.07.2018 14.50.01 27.59817 296.8167 -95.0842 -0.3396 -3.8636 4.6987 122.6018 65.4439 377.6907 431.5920 -30.8738 0.0000 0.0000
4920.03 18.07.2018 15.00.01 27.57626 296.7312 -108.4567 -0.3873 -3.4848 4.1300 99.7795 53.1240 375.3056 427.4285 -26.4052 0.0000 0.0000
4930.03 18.07.2018 15.10.01 27.54751 296.5007 -72.3267 -0.2583 -3.1071 3.7984 93.6134 49.8027 372.1067 424.1922 -25.3661 0.0000 0.0000
4940.03 18.07.2018 15.20.01 27.53240 296.2618 -26.3894 -0.0942 -2.8181 3.6319 89.8271 47.7826 369.1880 421.2161 -25.3188 0.0000 0.0000
4950.03 18.07.2018 15.30.01 27.53375 296.0642 -5.1332 -0.0183 -2.6378 3.4926 86.4287 45.9739 366.3244 418.2037 -25.6420 0.0000 0.0000
4960.03 18.07.2018 15.40.01 27.54193 295.8872 0.7556 0.0027 -2.5162 3.3586 83.1047 44.2059 363.4464 415.3877 -24.8513 0.0000 0.0000
4970.03 18.07.2018 15.50.01 27.55084 295.6908 -1.5424 -0.0055 -2.4246 3.2255 79.7937 42.4451 360.5530 412.6276 -24.2889 0.0000 0.0000
4980.03 18.07.2018 16.00.01 27.55709 295.4935 -7.6854 -0.0274 -2.3469 3.0926 76.5143 40.7016 357.6565 409.9439 -23.6682 0.0000 0.0000
4990.03 18.07.2018 16.10.01 27.55959 295.6748 -4.0711 -0.0145 -2.2712 3.0088 90.8655 48.6884 357.3171 409.9912 -21.3034 0.0000 0.0000
5000.03 18.07.2018 16.20.01 27.56353 295.8885 21.6772 0.0774 -2.2027 3.0402 107.1136 57.7249 357.6366 411.0533 -20.3847 0.0000 0.0000
5010.03 18.07.2018 16.30.01 27.57791 296.1187 37.6683 0.1345 -2.1828 3.0897 123.8091 67.0153 358.2261 412.6762 -20.2974 0.0000 0.0000
5020.03 18.07.2018 16.40.01 27.59875 296.3664 45.3183 0.1619 -2.1911 3.1373 144.8255 78.7233 358.9673 415.1515 -21.0433 0.0000 0.0000
5030.03 18.07.2018 16.50.01 27.62292 296.6257 52.2135 0.1865 -2.2131 3.1994 166.4029 90.7567 359.8511 418.1670 -22.4670 0.0000 0.0000
5040.03 18.07.2018 17.00.01 27.64996 296.8938 56.0509 0.2002 -2.2473 3.2633 188.0919 102.8578 360.8589 421.5833 -24.3976 0.0000 0.0000
5050.03 18.07.2018 17.10.01 27.67840 296.5947 45.0590 0.1609 -2.2902 3.2681 177.7987 97.2372 360.7255 420.9738 -28.8317 0.0000 0.0000
5060.03 18.07.2018 17.20.01 27.70138 296.2589 -1.7473 -0.0062 -2.3211 3.0864 164.5936 90.0131 359.7346 419.0627 -32.0344 0.0000 0.0000
5070.03 18.07.2018 17.30.01 27.70452 295.9134 -35.9791 -0.1285 -2.2758 2.8631 150.5902 82.3427 358.3665 416.5754 -34.1541 0.0000 0.0000
5080.03 18.07.2018 17.40.01 27.69225 295.5746 -55.7926 -0.1993 -2.1826 2.6445 133.1756 72.7657 356.8597 413.5303 -34.6191 0.0000 0.0000
5090.03 18.07.2018 17.50.01 27.67031 295.2271 -74.4416 -0.2659 -2.0715 2.4076 115.3475 62.9547 355.2187 410.1476 -34.1534 0.0000 0.0000
5100.03 18.07.2018 18.00.01 27.63906 294.8746 -88.1209 -0.3147 -1.9444 2.1729 97.4100 53.0760 353.5323 406.5539 -32.9266 0.0000 0.0000
5110.03 18.07.2018 18.10.01 27.60037 294.5188 -111.1583 -0.3970 -1.8091 1.8828 84.6616 46.1323 351.3801 403.5420 -29.9210 0.0000 0.0000
5120.03 18.07.2018 18.20.01 27.55105 294.1662 -125.5307 -0.4483 -1.6462 1.5972 71.9393 39.2007 349.2552 400.4933 -27.0962 0.0000 0.0000
5130.03 18.07.2018 18.30.01 27.49447 293.8149 -134.2922 -0.4796 -1.4723 1.3235 59.3635 32.3480 347.1613 397.3975 -24.3886 0.0000 0.0000
5140.03 18.07.2018 18.40.01 27.43282 293.4667 -141.8988 -0.5068 -1.2974 1.0542 43.1877 23.4922 345.0815 393.9873 -21.1124 0.0000 0.0000
5150.03 18.07.2018 18.50.01 27.36682 293.1243 -152.5413 -0.5448 -1.1231 0.7710 26.8773 14.5665 342.9622 390.4490 -17.6338 0.0000 0.0000
5160.03 18.07.2018 19.00.01 27.29510 292.7676 -161.8071 -0.5779 -0.9440 0.4882 10.6846 5.7102 340.8180 386.7979 -14.2266 0.0000 0.0000
5170.03 18.07.2018 19.10.01 27.21853 292.5132 -143.6134 -0.5129 -0.7625 0.3328 7.8466 4.1814 340.6005 384.5250 -11.8365 0.0000 0.0000
5180.03 18.07.2018 19.20.01 27.14831 292.2749 -121.0522 -0.4323 -0.6251 0.2570 6.1451 3.2730 340.7251 382.7298 -10.3654 0.0000 0.0000
5190.03 18.07.2018 19.30.01 27.08654 292.0399 -109.6462 -0.3916 -0.5382 0.1955 4.6483 2.4763 340.9671 381.1475 -9.3453 0.0000 0.0000
5200.03 18.07.2018 19.40.01 27.02877 291.8057 -105.5368 -0.3769 -0.4794 0.1366 3.1885 1.6999 341.3094 379.7263 -8.6296 0.0000 0.0000
5210.03 18.07.2018 19.50.01 26.97210 291.5701 -105.2851 -0.3760 -0.4347 0.0782 1.7354 0.9271 341.6754 378.4173 -8.1665 0.0000 0.0000
5220.03 18.07.2018 20.00.01 26.91491 291.3361 -107.1918 -0.3828 -0.3978 0.0199 0.2856 0.1560 342.0237 377.1952 -7.8731 0.0000 0.0000
5230.03 18.07.2018 20.10.01 26.85635 291.2488 -101.1063 -0.3611 -0.3637 0.0035 0.0493 0.0269 343.6877 376.4669 -7.2786 0.0000 0.0000
5240.03 18.07.2018 20.20.01 26.79998 291.1717 -96.2281 -0.3437 -0.3442 0.0006 0.0091 0.0050 345.4879 375.9537 -7.0143 0.0000 0.0000
5250.03 18.07.2018 20.30.01 26.74542 291.0904 -94.2120 -0.3365 -0.3366 0.0001 0.0016 0.0009 347.3478 375.5651 -7.0150 0.0000 0.0000
5260.03 18.07.2018 20.40.01 26.69140 291.0062 -93.7749 -0.3349 -0.3349 0.0000 0.0003 0.0002 349.2496 375.2872 -7.1967 0.0000 0.0000
5270.03 18.07.2018 20.50.01 26.63735 290.9212 -94.3398 -0.3369 -0.3369 0.0000 0.0001 0.0000 351.1855 375.0945 -7.5496 0.0000 0.0000
5280.03 18.07.2018 21.00.01 26.58260 290.8357 -94.9495 -0.3391 -0.3391 0.0000 0.0000 0.0000 353.1436 374.9728 -8.0365 0.0000 0.0000
5290.03 18.07.2018 21.10.01 26.52758 290.7625 -96.3289 -0.3440 -0.3440 0.0000 0.0000 0.0000 352.9545 374.6763 -8.1232 0.0000 0.0000
5300.03 18.07.2018 21.20.01 26.47143 290.6857 -98.6713 -0.3524 -0.3524 0.0000 0.0000 0.0000 352.6712 374.3286 -8.1120 0.0000 0.0000
5310.03 18.07.2018 21.30.01 26.41372 290.6081 -101.6974 -0.3632 -0.3632 0.0000 0.0000 0.0000 352.3769 373.9697 -8.0829 0.0000 0.0000
5320.03 18.07.2018 21.40.01 26.35421 290.5300 -104.7505 -0.3741 -0.3741 0.0000 0.0000 0.0000 352.0811 373.6047 -8.0409 0.0000 0.0000
5330.03 18.07.2018 21.50.01 26.29302 290.4521 -107.6494 -0.3845 -0.3845 0.0000 0.0000 0.0000 351.7852 373.2364 -7.9888 0.0000 0.0000
5340.03 18.07.2018 22.00.01 26.23025 290.3748 -110.1923 -0.3935 -0.3935 0.0000 0.0000 0.0000 351.4898 372.8671 -7.9281 0.0000 0.0000
5350.03 18.07.2018 22.10.01 26.16610 290.3119 -112.4023 -0.4014 -0.4014 0.0000 0.0000 0.0000 350.6435 372.4400 -7.7152 0.0000 0.0000
5360.03 18.07.2018 22.20.01 26.10070 290.2468 -114.5660 -0.4092 -0.4092 0.0000 0.0000 0.0000 349.7675 371.9806 -7.4851 0.0000 0.0000
5370.03 18.07.2018 22.30.01 26.03411 290.1815 -116.6158 -0.4165 -0.4165 0.0000 0.0000 0.0000 348.8846 371.5080 -7.2284 0.0000 0.0000
5380.03 18.07.2018 22.40.01 25.96642 290.1156 -118.5375 -0.4233 -0.4233 0.0000 0.0000 0.0000 347.9968 371.0222 -6.9627 0.0000 0.0000
5390.03 18.07.2018 22.50.01 25.89767 290.0495 -120.1245 -0.4290 -0.4290 0.0000 0.0000 0.0000 347.1067 370.5281 -6.6801 0.0000 0.0000
5400.03 18.07.2018 23.00.01 25.82809 289.9825 -121.5831 -0.4342 -0.4342 0.0000 0.0000 0.0000 346.2132 370.0240 -6.3980 0.0000 0.0000
5410.03 18.07.2018 23.10.01 25.75759 289.8140 -122.9956 -0.4393 -0.4393 0.0000 0.0000 0.0000 345.1543 369.3683 -6.6191 0.0000 0.0000
5420.03 18.07.2018 23.20.01 25.68627 289.6449 -124.8568 -0.4459 -0.4459 0.0000 0.0000 0.0000 344.0740 368.6910 -6.7370 0.0000 0.0000
5430.03 18.07.2018 23.30.01 25.61379 289.4812 -126.6258 -0.4522 -0.4522 0.0000 0.0000 0.0000 342.9841 367.9977 -6.7972 0.0000 0.0000
5440.03 18.07.2018 23.40.01 25.54034 289.3123 -128.2749 -0.4581 -0.4581 0.0000 0.0000 0.0000 341.8842 367.2719 -6.9104 0.0000 0.0000
5450.03 18.07.2018 23.50.01 25.46597 289.1383 -129.8109 -0.4636 -0.4636 0.0000 0.0000 0.0000 340.7892 366.5379 -6.9529 0.0000 0.0000
5460.03 19.07.2018 00.00.01 25.39083 288.9563 -131.2119 -0.4686 -0.4686 0.0000 0.0000 0.0000 339.6913 365.7823 -7.0065 0.0000 0.0000
5470.03 19.07.2018 00.10.01 25.31484 288.7499 -132.4521 -0.4730 -0.4730 0.0000 0.0000 0.0000 338.8273 365.0130 -7.2411 0.0000 0.0000
5480.03 19.07.2018 00.20.01 25.23812 288.5583 -133.3010 -0.4761 -0.4761 0.0000 0.0000 0.0000 337.9790 364.2620 -7.4043 0.0000 0.0000
5490.03 19.07.2018 00.30.01 25.16104 288.3592 -134.4370 -0.4801 -0.4801 0.0000 0.0000 0.0000 337.1269 363.5001 -7.5861 0.0000 0.0000
5500.03 19.07.2018 00.40.01 25.08322 288.1602 -135.2849 -0.4832 -0.4832 0.0000 0.0000 0.0000 336.2701 362.7373 -7.7444 0.0000 0.0000
5510.03 19.07.2018 00.50.01 25.00494 287.9578 -136.0744 -0.4860 -0.4860 0.0000 0.0000 0.0000 335.4127 361.9702 -7.9031 0.0000 0.0000
5520.03 19.07.2018 01.00.01 24.92620 287.7545 -136.7976 -0.4886 -0.4886 0.0000 0.0000 0.0000 334.5547 361.2017 -8.0534 0.0000 0.0000
5530.03 19.07.2018 01.10.01 24.84722 287.6605 -137.5416 -0.4912 -0.4912 0.0000 0.0000 0.0000 334.4003 360.6510 -7.7820 0.0000 0.0000
5540.03 19.07.2018 01.20.01 24.76785 287.5269 -137.5327 -0.4912 -0.4912 0.0000 0.0000 0.0000 334.2855 360.1092 -7.7419 0.0000 0.0000
5550.03 19.07.2018 01.30.01 24.68862 287.3902 -137.5181 -0.4911 -0.4911 0.0000 0.0000 0.0000 334.1756 359.5953 -7.7380 0.0000 0.0000
5560.03 19.07.2018 01.40.01 24.60955 287.2645 -137.4995 -0.4911 -0.4911 0.0000 0.0000 0.0000 334.0755 359.1214 -7.6802 0.0000 0.0000
5570.03 19.07.2018 01.50.01 24.53076 287.2665 -137.4256 -0.4908 -0.4908 0.0000 0.0000 0.0000 334.0030 358.8144 -7.0754 0.0000 0.0000
5580.03 19.07.2018 02.00.01 24.45205 287.2127 -135.8964 -0.4853 -0.4854 0.0000 0.0003 0.0002 333.9780 358.4915 -6.8005 0.0000 0.0000
5590.03 19.07.2018 02.10.01 24.37423 287.1822 -133.9132 -0.4783 -0.4832 0.0066 0.1905 0.1008 333.3269 358.0525 -6.7783 0.0000 0.0000
5600.03 19.07.2018 02.20.01 24.29669 287.1321 -133.4524 -0.4766 -0.4881 0.0152 0.4113 0.2181 332.5841 357.5250 -6.9265 0.0000 0.0000
5610.03 19.07.2018 02.30.01 24.21893 286.9796 -134.6273 -0.4808 -0.4990 0.0243 0.6373 0.3383 331.8414 356.8823 -7.4851 0.0000 0.0000
5620.03 19.07.2018 02.40.01 24.14025 286.8161 -136.3380 -0.4869 -0.5120 0.0334 0.8642 0.4589 331.0822 356.2279 -7.9585 0.0000 0.0000
5630.03 19.07.2018 02.50.01 24.06066 286.6668 -137.7687 -0.4920 -0.5239 0.0425 1.0912 0.5797 330.2710 355.5563 -8.3487 0.0000 0.0000
5640.03 19.07.2018 03.00.01 23.98025 286.5210 -139.2099 -0.4972 -0.5361 0.0518 1.3236 0.7033 329.4183 354.8663 -8.6769 0.0000 0.0000
5650.03 19.07.2018 03.10.01 23.89935 286.5578 -117.3758 -0.4192 -0.5468 0.1701 4.7174 2.4991 328.9751 354.7236 -8.1935 0.0000 0.0000
5660.03 19.07.2018 03.20.01 23.82742 286.6026 -99.1189 -0.3540 -0.5969 0.3238 8.6219 4.5742 328.7058 354.7882 -7.9539 0.0000 0.0000
5670.03 19.07.2018 03.30.01 23.76312 286.6469 -88.2215 -0.3151 -0.6777 0.4836 12.6115 6.6956 328.5084 354.9518 -7.8767 0.0000 0.0000
5680.03 19.07.2018 03.40.01 23.70370 286.6924 -81.4311 -0.2908 -0.7741 0.6444 16.6171 8.8258 328.3531 355.1982 -7.8821 0.0000 0.0000
5690.03 19.07.2018 03.50.01 23.64749 286.7386 -76.5819 -0.2735 -0.8776 0.8055 20.6256 10.9576 328.2218 355.5078 -7.9716 0.0000 0.0000
5700.03 19.07.2018 04.00.01 23.59374 286.7869 -72.8242 -0.2601 -0.9851 0.9667 24.6399 13.0925 328.1130 355.8737 -8.1247 0.0000 0.0000
5710.03 19.07.2018 04.10.01 23.54238 287.1309 -45.6448 -0.1630 -1.0920 1.2387 31.8653 16.9259 328.6345 356.9463 -7.2218 0.0000 0.0000
5720.03 19.07.2018 04.20.01 23.50305 287.4856 -21.8863 -0.0782 -1.2381 1.5466 39.6094 21.0429 329.3680 358.3051 -6.6367 0.0000 0.0000
5730.03 19.07.2018 04.30.01 23.47457 287.8471 -5.2906 -0.0189 -1.4144 1.8607 47.4398 25.2070 330.2044 359.8403 -6.2448 0.0000 0.0000
5740.03 19.07.2018 04.40.01 23.45425 288.2130 7.0366 0.0251 -1.6068 2.1758 55.2866 29.3800 331.1082 361.5192 -6.0041 0.0000 0.0000
5750.03 19.07.2018 04.50.01 23.44030 288.5824 17.2072 0.0615 -1.8070 2.4912 63.1363 33.5546 332.0637 363.3201 -5.8974 0.0000 0.0000
5760.03 19.07.2018 05.00.01 23.43191 288.9711 34.7438 0.1241 -2.0109 2.8466 71.5447 38.0329 333.2315 365.3467 -5.9284 0.0000 0.0000
5770.03 19.07.2018 05.10.01 23.43194 289.3612 42.6965 0.1525 -2.2319 3.1791 79.6046 42.3232 334.3816 367.4669 -5.9305 0.0000 0.0000
5780.03 19.07.2018 05.20.01 23.43704 289.7553 84.5284 0.3019 -2.4517 3.6715 142.8593 74.3090 336.2512 371.0982 -7.7147 0.0000 0.0000
5790.03 19.07.2018 05.30.01 23.46047 290.1864 119.5914 0.4271 -2.7346 4.2156 170.9906 88.7685 338.4619 376.1548 -10.8867 0.0000 0.0000
5800.03 19.07.2018 05.40.01 23.49999 290.6443 146.8546 0.5245 -3.0628 4.7830 167.4874 87.4266 340.9211 380.6751 -13.0406 0.0000 0.0000
5810.03 19.07.2018 05.50.01 23.55209 291.0703 110.0197 0.3929 -3.4183 5.0817 161.8575 84.8550 342.3686 383.7931 -13.7228 0.0000 0.0000
5820.03 19.07.2018 06.00.01 23.59155 291.4913 84.2972 0.3011 -3.6810 5.3094 166.9832 87.6130 343.5041 386.5872 -14.0873 0.0000 0.0000
5830.03 19.07.2018 06.10.01 23.62191 291.8450 41.8163 0.1493 -3.8794 5.3716 187.9425 98.1498 344.8780 389.7094 -12.9604 0.0000 0.0000
5840.03 19.07.2018 06.20.01 23.63671 292.0456 55.8892 0.1996 -3.9849 5.5794 214.4661 111.5593 346.7958 393.6523 -15.2298 0.0000 0.0000
5850.03 19.07.2018 06.30.01 23.65795 292.3782 75.3922 0.2693 -4.1066 5.8345 233.1638 121.0885 348.6952 397.3316 -21.1790 0.0000 0.0000
5860.03 19.07.2018 06.40.01 23.68838 292.9234 89.5338 0.3198 -4.2500 6.0930 251.2158 130.9199 350.9993 403.0984 -20.3686 0.0000 0.0000
5870.03 19.07.2018 06.50.01 23.72607 293.3116 95.8299 0.3422 -4.4022 6.3260 263.0541 137.0430 353.0912 407.6923 -20.8620 0.0000 0.0000
5880.03 19.07.2018 07.00.01 23.76803 293.7222 99.8598 0.3566 -4.5479 6.5394 274.5774 142.9936 355.1118 412.2210 -23.5602 0.0000 0.0000
5890.03 19.07.2018 07.10.01 23.81353 293.8278 128.3669 0.4585 -4.6828 6.8550 271.7205 141.1091 356.9492 415.0490 -26.3325 0.0000 0.0000
5900.03 19.07.2018 07.20.01 23.87167 293.9618 134.7831 0.4814 -4.8579 7.1190 275.0844 142.9971 358.2025 417.1432 -36.1309 0.0000 0.0000
5910.03 19.07.2018 07.30.01 23.93380 294.0272 137.1430 0.4898 -5.0281 7.3572 302.8301 159.5341 358.9893 421.6726 -50.5832 0.0000 0.0000
5920.03 19.07.2018 07.40.01 23.99838 294.3529 145.5040 0.5197 -5.1891 7.6117 306.0546 161.2569 361.2104 427.1411 -36.8293 0.0000 0.0000
5930.03 19.07.2018 07.50.01 24.06756 294.7058 151.5279 0.5412 -5.3501 7.8550 309.1083 162.8863 362.4672 428.8521 -47.3012 0.0000 0.0000
5940.03 19.07.2018 08.00.01 24.14123 294.8034 158.7072 0.5668 -5.4989 8.0877 318.9601 168.6014 362.4356 428.7990 -66.0002 0.0000 0.0000
5950.03 19.07.2018 08.10.01 24.21917 295.0070 150.3065 0.5368 -5.6473 8.2454 331.2644 175.0270 362.9112 430.4188 -67.5737 0.0000 0.0000
5960.03 19.07.2018 08.20.01 24.31255 295.2273 1990.3877 7.1085 -5.7670 17.1673 362.3275 186.0943 363.8874 433.3033 -71.1902 0.0000 0.0000
5970.03 19.07.2018 08.30.01 25.11981 295.4810 1074.3011 3.8368 -9.4402 17.7026 376.4533 193.3259 365.1249 435.8840 -73.8542 0.0000 0.0000
5980.03 19.07.2018 08.40.01 25.57906 295.7135 666.7115 2.3811 -11.1781 18.0790 394.3864 203.1094 366.3834 439.1466 -78.3238 0.0000 0.0000
5990.03 19.07.2018 08.50.01 25.88183 295.9503 483.4258 1.7265 -12.0679 18.3925 424.4731 220.2330 367.6351 444.0100 -85.5634 0.0000 0.0000
6000.03 19.07.2018 09.00.01 26.12310 296.2140 1361.5315 4.8626 -12.5783 23.2546 448.1474 230.0781 368.9528 447.5808 -90.4240 0.0000 0.0000
6010.03 19.07.2018 09.10.01 26.70245 296.4567 639.1622 2.2827 -14.7827 22.7539 447.0033 229.8360 370.6223 450.3373 -90.5127 0.0000 0.0000
6020.03 19.07.2018 09.20.01 27.01101 296.6995 1161.4865 4.1482 -15.5069 26.2067 472.1924 242.4124 372.1242 455.5558 -94.1133 0.0000 0.0000
6030.03 19.07.2018 09.30.01 27.51904 296.9455 509.6928 1.8203 -17.2332 25.4047 468.7031 240.9908 373.7863 457.9848 -93.9482 0.0000 0.0000
6040.03 19.07.2018 09.40.01 27.77407 297.1902 236.1172 0.8433 -17.6389 24.6429 471.7000 243.3616 375.4569 461.2438 -93.5731 0.0000 0.0000
6050.03 19.07.2018 09.50.01 27.92715 297.4581 813.9174 2.9068 -17.5147 27.2288 486.4399 250.2535 377.2013 465.5174 -94.3491 0.0000 0.0000
6060.03 19.07.2018 10.00.01 28.30038 297.7211 318.2952 1.1368 -18.5260 26.2171 481.9377 248.3150 378.8994 467.7991 -93.5607 0.0000 0.0000
6070.03 19.07.2018 10.10.01 28.47915 297.8473 -60.0858 -0.2146 -18.5381 24.4313 465.1980 240.3675 382.3525 472.8174 -79.5603 0.0000 0.0000
6080.03 19.07.2018 10.20.01 28.50738 297.8453 -242.8702 -0.8674 -17.8203 22.6039 446.7678 231.4384 385.1538 475.2604 -76.6305 0.0000 0.0000
6090.03 19.07.2018 10.30.01 28.46026 298.0096 -327.0726 -1.1681 -16.7761 20.8107 427.7018 222.1029 386.6897 473.0387 -83.6685 0.0000 0.0000
6100.03 19.07.2018 10.40.01 28.37710 298.1808 -299.6306 -1.0701 -15.6066 19.3820 413.2124 215.1106 388.5506 473.5072 -75.3554 0.0000 0.0000
6110.03 19.07.2018 10.50.01 28.30200 298.3754 -276.0093 -0.9857 -14.5083 18.0301 398.7609 208.0825 390.2862 472.9487 -80.0502 0.0000 0.0000
6120.03 19.07.2018 11.00.01 28.23028 298.5952 -254.6407 -0.9094 -13.5071 16.7969 384.9276 201.3372 391.6244 471.7555 -86.5342 0.0000 0.0000
6130.03 19.07.2018 11.10.01 28.16342 298.6816 -342.9265 -1.2247 -12.5693 15.1261 357.4717 187.6361 393.9215 472.5072 -71.8511 0.0000 0.0000
6140.03 19.07.2018 11.20.01 28.06036 298.4996 -398.0431 -1.4216 -11.4657 13.3921 325.0409 170.9997 395.3873 470.2297 -68.2574 0.0000 0.0000
6150.03 19.07.2018 11.30.01 27.93392 298.3137 -394.7861 -1.4099 -10.2790 11.8254 293.4537 154.7441 395.8879 466.2686 -70.7844 0.0000 0.0000
6160.03 19.07.2018 11.40.01 27.80618 298.3055 -353.4946 -1.2625 -9.1350 10.4967 264.3308 139.7101 396.4323 463.5612 -60.1261 0.0000 0.0000
6170.03 19.07.2018 11.50.01 27.69247 298.4102 -308.4764 -1.1017 -8.1057 9.3386 236.1562 125.1161 396.5136 459.6122 -57.9895 0.0000 0.0000
6180.03 19.07.2018 12.00.01 27.59496 298.5885 -255.3882 -0.9121 -7.1877 8.3674 209.1826 111.0993 396.1955 455.1715 -58.2487 0.0000 0.0000
6190.03 19.07.2018 12.10.01 27.51760 298.5014 -141.1200 -0.5040 -6.4030 7.8653 201.7553 107.0970 394.4376 451.9057 -55.0344 0.0000 0.0000
6200.03 19.07.2018 12.20.01 27.48464 298.4460 -30.2028 -0.1079 -5.8636 7.6743 198.7979 105.5399 393.3302 449.7175 -53.0058 0.0000 0.0000
6210.03 19.07.2018 12.30.01 27.49542 298.4094 35.1215 0.1254 -5.5489 7.5658 196.9633 104.5931 392.5463 447.9893 -51.3888 0.0000 0.0000
6220.03 19.07.2018 12.40.01 27.53231 298.3822 67.0080 0.2393 -5.3611 7.4672 195.3406 103.7628 391.8920 446.5223 -50.0427 0.0000 0.0000
6230.03 19.07.2018 12.50.01 27.58215 298.3551 80.4690 0.2874 -5.2333 7.3610 193.9565 103.0816 391.2864 445.2728 -48.8701 0.0000 0.0000
6240.03 19.07.2018 13.00.01 27.63757 298.3326 88.7554 0.3170 -5.1313 7.2644 192.4485 102.3166 390.7235 444.1415 -47.8871 0.0000 0.0000
6250.03 19.07.2018 13.10.01 27.69656 298.3263 122.5015 0.4375 -5.0469 7.3125 210.1915 111.7237 388.1811 443.6331 -50.0570 0.0000 0.0000
6260.03 19.07.2018 13.20.01 27.76946 298.3521 186.5009 0.6661 -5.0352 7.6017 233.0837 124.0367 386.1173 444.2917 -54.1942 0.0000 0.0000
6270.03 19.07.2018 13.30.01 27.86776 298.4110 226.7361 0.8098 -5.1483 7.9441 257.5606 137.2591 384.3809 445.5389 -59.1069 0.0000 0.0000
6280.03 19.07.2018 13.40.01 27.98251 298.4432 246.3551 0.8798 -5.3365 8.2884 283.9675 151.5849 382.8187 447.3584 -64.4572 0.0000 0.0000
6290.03 19.07.2018 13.50.01 28.10543 298.5284 258.0716 0.9217 -5.5582 8.6399 311.5675 166.6212 381.4294 449.6438 -70.4099 0.0000 0.0000
6300.03 19.07.2018 14.00.01 28.23358 298.6199 253.1306 0.9040 -5.7954 8.9326 341.1661 182.9040 380.0152 452.3964 -77.2329 0.0000 0.0000
6310.03 19.07.2018 14.10.01 28.36007 298.5834 228.9312 0.8176 -6.0174 9.1134 334.0492 179.3434 380.5450 453.2881 -78.5584 0.0000 0.0000
6320.03 19.07.2018 14.20.01 28.47604 298.4953 123.9040 0.4425 -6.1851 8.8369 319.5513 171.7035 379.9653 452.4811 -78.3854 0.0000 0.0000
6330.03 19.07.2018 14.30.01 28.54949 298.3809 61.2450 0.2187 -6.1545 8.4976 304.6996 163.9006 378.8901 451.1220 -78.0072 0.0000 0.0000
6340.03 19.07.2018 14.40.01 28.59637 298.2631 18.8960 0.0675 -6.0178 8.1137 286.3106 154.0476 377.5932 449.1273 -75.8471 0.0000 0.0000
6350.03 19.07.2018 14.50.01 28.62469 298.1427 1.2137 0.0043 -5.8182 7.7633 267.7443 144.0634 376.2178 446.7718 -73.3566 0.0000 0.0000
6360.03 19.07.2018 15.00.01 28.64416 298.0391 -14.0338 -0.0501 -5.6018 7.4023 248.9434 133.9463 374.7678 444.1522 -70.2533 0.0000 0.0000
6370.03 19.07.2018 15.10.01 28.65603 297.8472 -30.5974 -0.1093 -5.3751 7.0211 234.5143 126.1953 373.4934 441.6695 -67.2058 0.0000 0.0000
6380.03 19.07.2018 15.20.01 28.66055 297.6613 -25.1555 -0.0898 -5.1295 6.7195 220.2582 118.4876 372.3733 439.0992 -64.1498 0.0000 0.0000
6390.03 19.07.2018 15.30.01 28.66595 297.4758 -23.1330 -0.0826 -4.9099 6.4364 205.9475 110.7332 371.2946 436.4435 -61.0326 0.0000 0.0000
6400.03 19.07.2018 15.40.01 28.67080 297.2881 -31.8870 -0.1139 -4.7070 6.1241 189.7211 101.9079 370.1616 433.5288 -57.5496 0.0000 0.0000
6410.03 19.07.2018 15.50.01 28.67114 297.0975 -36.8399 -0.1316 -4.4998 5.8243 173.3952 93.0141 369.0019 430.4987 -53.9634 0.0000 0.0000
6420.03 19.07.2018 16.00.01 28.66824 296.9053 -40.2093 -0.1436 -4.2953 5.5356 156.9738 84.0527 367.8678 427.3824 -50.2998 0.0000 0.0000
6430.03 19.07.2018 16.10.01 28.66287 296.7782 -42.1116 -0.1504 -4.0964 5.2613 159.6157 85.6334 366.1248 425.6497 -48.8494 0.0000 0.0000
6440.03 19.07.2018 16.20.01 28.65597 296.6676 -19.3759 -0.0692 -3.9060 5.1157 164.2054 88.2840 364.6391 424.4146 -48.8783 0.0000 0.0000
6450.03 19.07.2018 16.30.01 28.65704 296.5650 -7.5457 -0.0269 -3.7712 4.9923 169.1810 91.1487 363.2974 423.4718 -49.2344 0.0000 0.0000
6460.03 19.07.2018 16.40.01 28.66195 296.4670 -4.9835 -0.0178 -3.6690 4.8683 176.4801 95.3157 361.9889 422.9945 -49.4609 0.0000 0.0000
6470.03 19.07.2018 16.50.01 28.66705 296.3708 -4.9034 -0.0175 -3.5805 4.7507 184.0592 99.6456 360.7190 422.6287 -50.6932 0.0000 0.0000
6480.03 19.07.2018 17.00.01 28.67144 296.2760 -7.0443 -0.0252 -3.5017 4.6354 191.6585 103.9873 359.4984 422.3927 -52.2375 0.0000 0.0000
6490.03 19.07.2018 17.10.01 28.67361 296.0647 -49.8830 -0.1782 -3.4299 4.3356 177.2666 96.2541 358.2707 420.6706 -50.5491 0.0000 0.0000
6500.03 19.07.2018 17.20.01 28.65722 295.8301 -105.5603 -0.3770 -3.2901 3.8841 160.5352 87.2338 356.7123 418.3557 -47.3276 0.0000 0.0000
6510.03 19.07.2018 17.30.01 28.61700 295.5868 -143.0155 -0.5108 -3.0601 3.3991 143.1859 77.8691 355.0013 415.7129 -43.6621 0.0000 0.0000
6520.03 19.07.2018 17.40.01 28.55999 295.3388 -165.0177 -0.5893 -2.7770 2.9169 123.6630 67.2890 353.2909 412.8755 -38.6182 0.0000 0.0000
6530.03 19.07.2018 17.50.01 28.49243 295.0850 -183.0610 -0.6538 -2.4706 2.4224 103.8578 56.5488 351.5207 409.7305 -33.7548 0.0000 0.0000
6540.03 19.07.2018 18.00.01 28.41595 294.8280 -196.1009 -0.7004 -2.1480 1.9302 83.9741 45.7593 349.7479 406.3777 -28.9697 0.0000 0.0000
6550.03 19.07.2018 18.10.01 28.33279 294.4813 -170.7383 -0.6098 -1.8197 1.6133 72.1473 39.3154 348.2545 403.2742 -26.1963 0.0000 0.0000
6560.03 19.07.2018 18.20.01 28.25784 294.1418 -152.0496 -0.5430 -1.5625 1.3593 61.1955 33.3481 346.8711 400.3239 -23.7709 0.0000 0.0000
6570.03 19.07.2018 18.30.01 28.18875 293.8040 -144.3147 -0.5154 -1.3593 1.1252 50.5049 27.5223 345.5474 397.4200 -21.4102 0.0000 0.0000
6580.03 19.07.2018 18.40.01 28.12130 293.4665 -143.7116 -0.5133 -1.1859 0.8968 36.7580 19.9954 344.2440 394.2562 -18.8172 0.0000 0.0000
6590.03 19.07.2018 18.50.01 28.05279 293.1257 -149.7855 -0.5349 -1.0276 0.6568 22.8988 12.4103 342.9024 391.0084 -16.1115 0.0000 0.0000
6600.03 19.07.2018 19.00.01 27.98062 292.7842 -156.4804 -0.5589 -0.8717 0.4172 9.1399 4.8844 341.5530 387.7188 -13.4472 0.0000 0.0000
6610.03 19.07.2018 19.10.01 27.90466 292.4111 -141.2205 -0.5044 -0.7182 0.2851 6.7225 3.5823 340.0578 385.2123 -12.2957 0.0000 0.0000
6620.03 19.07.2018 19.20.01 27.83331 292.0454 -124.8011 -0.4457 -0.6109 0.2202 5.2667 2.8051 338.7237 383.0181 -11.6613 0.0000 0.0000
6630.03 19.07.2018 19.30.01 27.76718 291.6828 -118.9405 -0.4248 -0.5505 0.1676 3.9841 2.1225 337.4495 380.9601 -11.2464 0.0000 0.0000
6640.03 19.07.2018 19.40.01 27.70208 291.3215 -119.3477 -0.4262 -0.5141 0.1171 2.7330 1.4570 336.2009 378.9975 -10.9748 0.0000 0.0000
6650.03 19.07.2018 19.50.01 27.63574 290.9603 -122.9785 -0.4392 -0.4895 0.0670 1.4875 0.7946 334.9707 377.1049 -10.8282 0.0000 0.0000
6660.03 19.07.2018 20.00.01 27.56683 290.6003 -128.0803 -0.4574 -0.4702 0.0171 0.2448 0.1337 333.7517 375.2688 -10.7718 0.0000 0.0000
6670.03 19.07.2018 20.10.01 27.49487 290.4276 -125.8617 -0.4495 -0.4517 0.0030 0.0423 0.0231 332.9543 373.8890 -9.7386 0.0000 0.0000
6680.03 19.07.2018 20.20.01 27.42318 290.2598 -124.2759 -0.4438 -0.4443 0.0005 0.0078 0.0043 332.2528 372.6560 -8.9496 0.0000 0.0000
6690.03 19.07.2018 20.30.01 27.35162 290.0937 -125.0028 -0.4464 -0.4465 0.0001 0.0014 0.0008 331.5909 371.5145 -8.3227 0.0000 0.0000
6700.03 19.07.2018 20.40.01 27.27905 289.9296 -126.9621 -0.4534 -0.4534 0.0000 0.0003 0.0001 330.9627 370.4477 -7.8155 0.0000 0.0000
6710.03 19.07.2018 20.50.01 27.20513 289.7673 -129.8082 -0.4636 -0.4636 0.0000 0.0000 0.0000 330.3589 369.4424 -7.4040 0.0000 0.0000
6720.03 19.07.2018 21.00.01 27.12945 289.6057 -133.0179 -0.4751 -0.4751 0.0000 0.0000 0.0000 329.7749 368.4871 -7.0744 0.0000 0.0000
6730.03 19.07.2018 21.10.01 27.05181 289.3972 -136.5867 -0.4878 -0.4878 0.0000 0.0000 0.0000 329.4162 367.5176 -7.1898 0.0000 0.0000
6740.03 19.07.2018 21.20.01 26.97201 289.1880 -140.6395 -0.5023 -0.5023 0.0000 0.0000 0.0000 329.0644 366.5790 -7.3632 0.0000 0.0000
6750.03 19.07.2018 21.30.01 26.88979 288.9800 -144.6506 -0.5166 -0.5166 0.0000 0.0000 0.0000 328.7174 365.6697 -7.5655 0.0000 0.0000
6760.03 19.07.2018 21.40.01 26.80532 288.7725 -148.6666 -0.5310 -0.5310 0.0000 0.0000 0.0000 328.3752 364.7827 -7.8034 0.0000 0.0000
6770.03 19.07.2018 21.50.01 26.71859 288.5652 -152.3837 -0.5442 -0.5442 0.0000 0.0000 0.0000 328.0397 363.9182 -8.0627 0.0000 0.0000
6780.03 19.07.2018 22.00.01 26.62975 288.3578 -155.8472 -0.5566 -0.5566 0.0000 0.0000 0.0000 327.7062 363.0696 -8.3515 0.0000 0.0000
6790.03 19.07.2018 22.10.01 26.53900 288.1677 -158.9852 -0.5678 -0.5678 0.0000 0.0000 0.0000 326.3933 362.1575 -8.3149 0.0000 0.0000
6800.03 19.07.2018 22.20.01 26.44653 287.9747 -161.9466 -0.5784 -0.5784 0.0000 0.0000 0.0000 325.0447 361.2273 -8.1895 0.0000 0.0000
6810.03 19.07.2018 22.30.01 26.35241 287.7781 -164.7875 -0.5885 -0.5885 0.0000 0.0000 0.0000 323.6888 360.2666 -8.1319 0.0000 0.0000
6820.03 19.07.2018 22.40.01 26.25671 287.5812 -167.4505 -0.5980 -0.5980 0.0000 0.0000 0.0000 322.3440 359.3164 -7.9999 0.0000 0.0000
6830.03 19.07.2018 22.50.01 26.15951 287.3998 -169.8339 -0.6065 -0.6065 0.0000 0.0000 0.0000 321.0050 358.3771 -7.8033 0.0000 0.0000
6840.03 19.07.2018 23.00.01 26.06103 287.2072 -172.1470 -0.6148 -0.6148 0.0000 0.0000 0.0000 319.6662 357.4219 -7.6480 0.0000 0.0000
6850.03 19.07.2018 23.10.01 25.96124 286.9809 -174.2995 -0.6225 -0.6225 0.0000 0.0000 0.0000 318.8147 356.4524 -7.8461 0.0000 0.0000
6860.03 19.07.2018 23.20.01 25.86022 286.7537 -176.2914 -0.6296 -0.6296 0.0000 0.0000 0.0000 317.9825 355.4864 -8.1021 0.0000 0.0000
6870.03 19.07.2018 23.30.01 25.75805 286.5169 -178.4108 -0.6372 -0.6372 0.0000 0.0000 0.0000 317.1410 354.5081 -8.4202 0.0000 0.0000
6880.03 19.07.2018 23.40.01 25.65466 286.2834 -180.5971 -0.6450 -0.6450 0.0000 0.0000 0.0000 316.2872 353.5225 -8.7590 0.0000 0.0000
6890.03 19.07.2018 23.50.01 25.54995 286.0470 -182.6676 -0.6524 -0.6524 0.0000 0.0000 0.0000 315.4223 352.5361 -9.0994 0.0000 0.0000
6900.03 20.07.2018 00.00.01 25.44412 285.8108 -184.8132 -0.6600 -0.6600 0.0000 0.0000 0.0000 314.5569 351.5525 -9.4342 0.0000 0.0000
6910.03 20.07.2018 00.10.01 25.33712 285.6607 -186.6778 -0.6667 -0.6667 0.0000 0.0000 0.0000 313.5888 350.6722 -9.2681 0.0000 0.0000
6920.03 20.07.2018 00.20.01 25.22912 285.5107 -188.1775 -0.6721 -0.6721 0.0000 0.0000 0.0000 312.6205 349.8048 -9.1049 0.0000 0.0000
6930.03 20.07.2018 00.30.01 25.12023 285.3601 -189.5472 -0.6770 -0.6770 0.0000 0.0000 0.0000 311.6517 348.9450 -8.9629 0.0000 0.0000
6940.03 20.07.2018 00.40.01 25.01058 285.2095 -190.8479 -0.6816 -0.6816 0.0000 0.0000 0.0000 310.6854 348.0960 -8.8203 0.0000 0.0000
6950.03 20.07.2018 00.50.01 24.90017 285.0586 -192.1193 -0.6861 -0.6861 0.0000 0.0000 0.0000 309.7201 347.2542 -8.6859 0.0000 0.0000
6960.03 20.07.2018 01.00.01 24.78906 284.9084 -193.4583 -0.6909 -0.6909 0.0000 0.0000 0.0000 308.7606 346.4194 -8.5612 0.0000 0.0000
6970.03 20.07.2018 01.10.01 24.67736 284.7630 -194.6709 -0.6953 -0.6953 0.0000 0.0000 0.0000 308.1687 345.6738 -8.3651 0.0000 0.0000
6980.03 20.07.2018 01.20.01 24.56494 284.6214 -194.7824 -0.6957 -0.6957 0.0000 0.0000 0.0000 307.6126 344.9580 -8.2100 0.0000 0.0000
6990.03 20.07.2018 01.30.01 24.45257 284.4813 -194.7511 -0.6955 -0.6955 0.0000 0.0000 0.0000 307.0719 344.2689 -8.0538 0.0000 0.0000
7000.03 20.07.2018 01.40.01 24.34042 284.3415 -194.7778 -0.6956 -0.6956 0.0000 0.0000 0.0000 306.5411 343.5887 -7.9456 0.0000 0.0000
7010.03 20.07.2018 01.50.01 24.22830 284.2027 -194.7784 -0.6956 -0.6956 0.0000 0.0000 0.0000 306.0236 342.9303 -7.8285 0.0000 0.0000
7020.03 20.07.2018 02.00.01 24.11624 284.0632 -194.7667 -0.6956 -0.6956 0.0000 0.0004 0.0002 305.5098 342.2759 -7.7544 0.0000 0.0000
7030.03 20.07.2018 02.10.01 24.00405 283.9303 -193.2243 -0.6901 -0.6957 0.0074 0.2153 0.1139 305.3495 341.6612 -7.8437 0.0000 0.0000
7040.03 20.07.2018 02.20.01 23.89239 283.7959 -192.3168 -0.6868 -0.6998 0.0172 0.4650 0.2466 305.2081 341.0754 -7.9887 0.0000 0.0000
7050.03 20.07.2018 02.30.01 23.78100 283.6608 -192.0972 -0.6861 -0.7067 0.0275 0.7204 0.3824 305.0721 340.5069 -8.1649 0.0000 0.0000
7060.03 20.07.2018 02.40.01 23.66967 283.5263 -192.2428 -0.6866 -0.7149 0.0378 0.9769 0.5188 304.9343 339.9491 -8.3777 0.0000 0.0000
7070.03 20.07.2018 02.50.01 23.55822 283.3912 -192.6085 -0.6879 -0.7239 0.0481 1.2336 0.6553 304.8024 339.4082 -8.5979 0.0000 0.0000
7080.03 20.07.2018 03.00.01 23.44650 283.2569 -192.8245 -0.6887 -0.7326 0.0585 1.4949 0.7943 304.6673 338.8736 -8.8495 0.0000 0.0000
7090.03 20.07.2018 03.10.01 23.33499 283.3043 -172.6707 -0.6167 -0.7395 0.1638 4.5049 2.3872 304.3658 338.7734 -8.2420 0.0000 0.0000
7100.03 20.07.2018 03.20.01 23.23199 283.3636 -155.4343 -0.5551 -0.7800 0.2998 7.9590 4.2229 304.1878 338.8484 -7.8031 0.0000 0.0000
7110.03 20.07.2018 03.30.01 23.13653 283.4224 -144.3721 -0.5156 -0.8464 0.4411 11.4869 6.0989 304.0680 338.9994 -7.5417 0.0000 0.0000
7120.03 20.07.2018 03.40.01 23.04614 283.4871 -136.9169 -0.4890 -0.9265 0.5833 15.0289 7.9826 303.9903 339.2350 -7.3254 0.0000 0.0000
7130.03 20.07.2018 03.50.01 22.95950 283.5552 -131.3277 -0.4690 -1.0133 0.7257 18.5734 9.8675 303.9418 339.5301 -7.1816 0.0000 0.0000
7140.03 20.07.2018 04.00.01 22.87576 283.6209 -126.7954 -0.4528 -1.1039 0.8681 22.1179 11.7525 303.9103 339.8597 -7.1546 0.0000 0.0000
7150.03 20.07.2018 04.10.01 22.79452 283.9422 -124.0571 -0.4431 -1.1941 1.0014 25.3983 13.4979 304.3625 340.5524 -5.9161 0.0000 0.0000
7160.03 20.07.2018 04.20.01 22.71548 284.2616 -119.8781 -0.4281 -1.2770 1.1318 28.6360 15.2199 304.8947 341.3367 -4.8395 0.0000 0.0000
7170.03 20.07.2018 04.30.01 22.63931 284.5869 -114.5792 -0.4092 -1.3554 1.2616 31.8666 16.9380 305.4653 342.2078 -3.8381 0.0000 0.0000
7180.03 20.07.2018 04.40.01 22.56631 284.9155 -108.8252 -0.3887 -1.4322 1.3914 35.0959 18.6554 306.0730 343.1545 -2.9112 0.0000 0.0000
7190.03 20.07.2018 04.50.01 22.49664 285.2475 -103.0726 -0.3681 -1.5090 1.5212 38.3250 20.3727 306.7076 344.1671 -2.0490 0.0000 0.0000
