# simtime date time IndoorTemp Av_Tair_at_facade Energyflux.toIndoor.sum  Energyflux.toIndoor.average Energyflux.Conduction.average Energyflux.SW.transmission.average Shortwave.availabe Shortwave.absorbed Longwave.available Longwave.emittedFacade Sensible.outside Vapour.fromGreening Vapour.fromSubstrate
10.02 15.07.2018 05.10.00 19.88864 288.6757 110.6400 0.3143 -0.3216 0.8479 169.2518 85.9215 324.4567 369.1842 -14.3138 0.0000 0.0000
20.02 15.07.2018 05.20.00 19.91357 289.3496 182.0941 0.5173 -0.6015 1.4917 363.5020 183.7092 328.7723 379.0042 -23.9584 0.0000 0.0000
30.03 15.07.2018 05.30.01 19.96365 290.1237 260.3539 0.7396 -0.9444 2.2454 640.9987 335.0646 335.3323 414.1058 -55.9718 0.0000 0.0000
40.03 15.07.2018 05.40.01 20.04336 290.9093 335.9662 0.9544 -1.3585 3.0840 617.2688 323.3726 343.7527 430.0163 -67.0903 0.0000 0.0000
50.03 15.07.2018 05.50.01 20.14669 291.3497 195.7052 0.5560 -1.8216 3.1701 597.7664 313.0107 347.0714 439.2910 -72.0804 0.0000 0.0000
60.03 15.07.2018 06.00.01 20.20989 291.8434 98.2698 0.2792 -2.0485 3.1035 570.4812 298.4860 348.8046 445.0010 -76.9331 0.0000 0.0000
70.03 15.07.2018 06.10.01 20.24487 292.1640 54.5559 0.1550 -2.1203 3.0337 566.6446 296.1518 349.9596 450.1138 -81.5312 0.0000 0.0000
80.03 15.07.2018 06.20.01 20.26776 292.5413 54.5022 0.1548 -2.1227 3.0367 545.5923 285.2948 351.4132 454.3593 -85.1128 0.0000 0.0000
90.03 15.07.2018 06.30.01 20.38452 292.8655 6000.1528 17.0459 -2.5377 26.1114 603.0580 304.1420 352.6053 464.4095 -95.0009 0.0000 0.0000
100.03 15.07.2018 06.40.01 22.20117 293.2027 2781.1411 7.9010 -11.0797 25.3076 587.7425 296.6119 353.9843 467.1546 -96.8295 0.0000 0.0000
110.03 15.07.2018 06.50.01 23.07754 293.5100 1317.0542 3.7416 -14.6070 24.4649 572.1638 288.9629 355.2317 469.0404 -98.5736 0.0000 0.0000
120.03 15.07.2018 07.00.01 23.52007 293.8111 625.5392 1.7771 -15.9144 23.5887 556.3632 281.1977 356.4642 470.1655 -99.9796 0.0000 0.0000
130.03 15.07.2018 07.10.01 23.75549 294.1082 348.3315 0.9896 -16.2153 22.9398 545.7882 276.0044 357.9351 471.8272 -99.5810 0.0000 0.0000
140.03 15.07.2018 07.20.01 23.90530 294.4166 207.5958 0.5898 -16.1355 22.3003 535.7685 271.1237 359.6952 473.3256 -98.9111 0.0000 0.0000
150.03 15.07.2018 07.30.01 24.01031 294.7228 120.9375 0.3436 -15.8753 21.6252 588.6884 304.0426 361.3855 483.8793 -108.2547 0.0000 0.0000
160.03 15.07.2018 07.40.01 24.08782 295.0763 105.5948 0.3000 -15.5141 21.0855 579.5915 299.4236 363.3612 485.9617 -106.4891 0.0000 0.0000
170.03 15.07.2018 07.50.01 24.15884 295.3733 77.3551 0.2198 -15.1484 20.4909 569.6623 294.3646 365.1225 487.5786 -104.5715 0.0000 0.0000
180.03 15.07.2018 08.00.01 24.22006 295.6561 51.7792 0.1471 -14.7557 19.8705 562.5276 291.0011 366.8816 489.3606 -102.7948 0.0000 0.0000
190.03 15.07.2018 08.10.01 24.27242 295.8639 27.2259 0.0773 -14.3366 19.2186 551.8972 285.6040 368.8363 492.2629 -94.8860 0.0000 0.0000
200.03 15.07.2018 08.20.01 24.37795 296.3231 3915.0054 11.1222 -14.1670 33.7189 592.8484 299.7290 370.4127 498.4689 -96.0651 0.0000 0.0000
210.03 15.07.2018 08.30.01 25.59310 296.5394 1739.7380 4.9424 -19.3169 32.3458 579.7683 293.3984 371.7496 496.7532 -101.3604 0.0000 0.0000
220.03 15.07.2018 08.40.01 26.17156 296.5299 773.7386 2.1981 -21.1020 31.0669 568.2285 287.7841 372.9952 496.3720 -96.1905 0.0000 0.0000
230.03 15.07.2018 08.50.01 26.46237 296.7237 315.2542 0.8956 -21.4406 29.7816 598.9369 307.5191 374.2927 502.3395 -100.0791 0.0000 0.0000
240.03 15.07.2018 09.00.01 26.61407 296.9679 84.4038 0.2398 -21.1218 28.4822 585.6760 300.8731 375.7045 501.7413 -103.6125 0.0000 0.0000
250.03 15.07.2018 09.10.01 26.69293 297.3308 -89.7897 -0.2551 -20.4902 26.9801 569.6661 292.8994 377.4628 505.2250 -90.7132 0.0000 0.0000
260.03 15.07.2018 09.20.01 26.71703 298.0979 -179.3572 -0.5095 -19.6336 25.4988 566.7998 292.7960 379.3733 509.3378 -92.5232 0.0000 0.0000
270.03 15.07.2018 09.30.01 26.71206 298.0150 -223.9472 -0.6362 -18.6731 24.0491 562.4182 291.7428 380.7805 509.6367 -102.1540 0.0000 0.0000
280.03 15.07.2018 09.40.01 26.69161 298.5133 -218.4302 -0.6205 -17.6832 22.7502 554.0290 288.0185 382.3303 510.6240 -88.4791 0.0000 0.0000
290.03 15.07.2018 09.50.01 26.67114 298.9600 -206.4584 -0.5865 -16.7242 21.5169 541.6930 281.8806 384.0529 507.4331 -103.9330 0.0000 0.0000
300.03 15.07.2018 10.00.01 26.65231 298.3383 -220.1347 -0.6254 -15.8037 20.2378 527.8011 274.8445 385.1702 501.0974 -125.9002 0.0000 0.0000
310.03 15.07.2018 10.10.01 26.62820 298.6884 -187.3967 -0.5324 -14.8884 19.1413 516.6358 269.1268 386.1634 499.4177 -118.4112 0.0000 0.0000
320.03 15.07.2018 10.20.01 26.61257 299.0184 -192.4458 -0.5467 -14.0324 17.9809 503.9765 262.5607 387.0672 497.9800 -112.0192 0.0000 0.0000
330.03 15.07.2018 10.30.01 26.59423 299.3363 -220.4007 -0.6261 -13.1786 16.7366 489.4881 254.9749 387.5122 496.3631 -106.7622 0.0000 0.0000
340.03 15.07.2018 10.40.01 26.56698 299.6942 -203.8968 -0.5793 -12.3002 15.6279 479.6810 250.0225 388.4446 495.7233 -102.1368 0.0000 0.0000
350.03 15.07.2018 10.50.01 26.54635 300.0220 -230.5593 -0.6550 -11.4710 14.4213 466.7745 243.2808 389.1618 494.5928 -98.4680 0.0000 0.0000
360.03 15.07.2018 11.00.01 26.51629 300.2587 -253.0479 -0.7189 -10.6191 13.2003 453.9879 236.6236 389.8446 493.3234 -96.3539 0.0000 0.0000
370.03 15.07.2018 11.10.01 26.47811 300.4147 -271.0475 -0.7700 -9.7514 11.9752 446.4008 233.2684 390.8011 492.9908 -95.1277 0.0000 0.0000
380.03 15.07.2018 11.20.01 26.43295 300.4763 -301.0061 -0.8551 -8.8742 10.6921 430.8614 225.1796 391.5538 491.2431 -93.8008 0.0000 0.0000
390.03 15.07.2018 11.30.01 26.37731 300.5757 -319.9763 -0.9090 -7.9731 9.4187 415.4052 217.1410 392.1718 489.3572 -92.2392 0.0000 0.0000
400.03 15.07.2018 11.40.01 26.31439 300.6583 -318.9313 -0.9061 -7.0661 8.2134 407.4773 213.4852 392.9723 488.4736 -91.2507 0.0000 0.0000
410.03 15.07.2018 11.50.01 26.24993 300.7811 -331.2945 -0.9412 -6.1820 6.9877 398.5737 209.2613 393.5846 487.4561 -90.1063 0.0000 0.0000
420.03 15.07.2018 12.00.01 26.18008 300.8878 -352.4445 -1.0013 -5.3006 5.7325 393.6242 207.4324 393.9886 487.0589 -89.2588 0.0000 0.0000
430.03 15.07.2018 12.10.01 26.10223 301.1526 -330.9523 -0.9402 -4.4106 4.6272 380.3817 200.6359 394.9606 487.1977 -77.8845 0.0000 0.0000
440.03 15.07.2018 12.20.01 26.03033 301.2854 -188.2294 -0.5347 -3.5780 4.0576 376.4098 198.9936 395.5539 487.7540 -75.7011 0.0000 0.0000
450.03 15.07.2018 12.30.01 26.00085 301.2121 20.4338 0.0581 -2.9750 4.0441 382.7193 203.0912 395.8951 488.2095 -82.2208 0.0000 0.0000
460.03 15.07.2018 12.40.01 26.03338 301.1892 125.4760 0.3565 -2.6815 4.0506 391.8543 208.7813 396.4612 489.2625 -87.0791 0.0000 0.0000
470.03 15.07.2018 12.50.01 26.09725 301.1805 153.9438 0.4373 -2.5415 3.9718 396.8558 212.0584 396.6550 489.6398 -91.5640 0.0000 0.0000
480.03 15.07.2018 13.00.01 26.16995 301.1140 189.8126 0.5392 -2.4417 3.9746 403.7105 216.3908 397.0558 490.2681 -96.1865 0.0000 0.0000
490.03 15.07.2018 13.10.01 26.25359 301.0985 204.8839 0.5821 -2.3921 3.9656 407.8259 219.2494 397.4205 491.7310 -92.9138 0.0000 0.0000
500.03 15.07.2018 13.20.01 26.34200 301.1109 199.6990 0.5673 -2.3586 3.9012 409.9495 220.9631 397.5149 492.9509 -90.6257 0.0000 0.0000
510.03 15.07.2018 13.30.01 26.42907 301.0804 178.2079 0.5063 -2.3142 3.7606 409.3461 221.1008 397.1253 493.6439 -88.6966 0.0000 0.0000
520.03 15.07.2018 13.40.01 26.50985 301.0785 181.5570 0.5158 -2.2372 3.6707 410.6092 222.2753 396.7702 494.6366 -87.0028 0.0000 0.0000
530.03 15.07.2018 13.50.01 26.59176 301.0933 188.2140 0.5347 -2.1644 3.5988 411.8125 223.3970 396.5070 495.7140 -85.4718 0.0000 0.0000
540.03 15.07.2018 14.00.01 26.67574 301.0927 177.8054 0.5051 -2.0988 3.4719 410.4731 223.0283 396.0266 496.3588 -83.8514 0.0000 0.0000
550.03 15.07.2018 14.10.01 26.75714 301.1208 217.4413 0.6177 -2.0182 3.5146 399.8240 217.6788 396.5679 497.4489 -77.8370 0.0000 0.0000
560.03 15.07.2018 14.20.01 26.85046 301.1578 216.3112 0.6145 -1.9911 3.4742 385.6938 210.3130 396.7227 497.5844 -72.2907 0.0000 0.0000
570.03 15.07.2018 14.30.01 26.94387 301.1635 218.6551 0.6212 -1.9575 3.4382 370.5917 202.3660 396.7033 496.9949 -67.9566 0.0000 0.0000
580.03 15.07.2018 14.40.01 27.03823 301.1599 205.1015 0.5827 -1.9219 3.3395 351.5383 192.1505 396.4853 495.4831 -63.2695 0.0000 0.0000
590.03 15.07.2018 14.50.01 27.12893 301.2167 212.9557 0.6050 -1.8625 3.2899 332.9143 182.1622 396.3599 493.8558 -58.7494 0.0000 0.0000
600.03 15.07.2018 15.00.01 27.22231 301.3990 215.8299 0.6132 -1.8103 3.2313 312.7843 171.2765 396.0241 491.8380 -53.7587 0.0000 0.0000
610.03 15.07.2018 15.10.01 27.31649 301.7300 197.9374 0.5623 -1.7597 3.0961 302.6923 165.8379 394.9499 490.0202 -54.1699 0.0000 0.0000
620.03 15.07.2018 15.20.01 27.40591 301.6792 216.9023 0.6162 -1.6797 3.0612 294.7766 161.6185 394.1795 487.9032 -55.6675 0.0000 0.0000
630.03 15.07.2018 15.30.01 27.50097 301.5220 228.6372 0.6495 -1.6275 3.0360 286.6056 157.2374 393.4430 485.0524 -58.4950 0.0000 0.0000
640.03 15.07.2018 15.40.01 27.59939 301.2278 221.8140 0.6302 -1.5947 2.9665 275.7238 151.3183 392.3524 481.4510 -60.1373 0.0000 0.0000
650.03 15.07.2018 15.50.01 27.69552 301.0070 223.9809 0.6363 -1.5554 2.9223 265.1548 145.5701 391.3787 477.8993 -61.1554 0.0000 0.0000
660.03 15.07.2018 16.00.01 27.79205 300.8383 225.7936 0.6415 -1.5222 2.8849 254.2555 139.6208 390.2872 474.3453 -61.4161 0.0000 0.0000
670.03 15.07.2018 16.10.01 27.88848 300.6631 182.0256 0.5171 -1.4960 2.6842 245.4445 134.8662 388.1313 471.6152 -59.0686 0.0000 0.0000
680.03 15.07.2018 16.20.01 27.97137 300.4899 162.0601 0.4604 -1.4145 2.4999 236.8674 130.2386 386.0365 468.9718 -56.7929 0.0000 0.0000
690.03 15.07.2018 16.30.01 28.04730 300.2932 149.3327 0.4242 -1.3152 2.3192 228.2229 125.5670 383.9387 466.2524 -54.7124 0.0000 0.0000
700.03 15.07.2018 16.40.01 28.11843 300.0083 137.6910 0.3912 -1.2101 2.1350 219.4501 120.8377 381.7194 463.5817 -52.0225 0.0000 0.0000
710.03 15.07.2018 16.50.01 28.18502 299.7972 125.9075 0.3577 -1.1016 1.9457 210.3544 115.9211 379.4816 460.6137 -50.1000 0.0000 0.0000
720.03 15.07.2018 17.00.01 28.24688 299.4481 116.1182 0.3299 -0.9907 1.7608 200.9777 110.8282 377.2581 457.0166 -50.0198 0.0000 0.0000
730.03 15.07.2018 17.10.01 28.30450 299.2500 121.4741 0.3451 -0.8821 1.6363 192.4218 106.1596 375.4955 454.0668 -47.4389 0.0000 0.0000
740.03 15.07.2018 17.20.01 28.36257 299.0340 120.5321 0.3424 -0.7961 1.5181 183.8301 101.4643 373.7768 451.1172 -45.1594 0.0000 0.0000
750.03 15.07.2018 17.30.01 28.41918 298.8203 113.6603 0.3229 -0.7222 1.3935 166.7959 92.5210 372.0380 447.9510 -42.6305 0.0000 0.0000
760.03 15.07.2018 17.40.01 28.47265 298.6097 107.3760 0.3050 -0.6522 1.2764 156.6582 86.9296 370.3483 444.5573 -39.8753 0.0000 0.0000
770.03 15.07.2018 17.50.01 28.52303 298.4012 98.2135 0.2790 -0.5873 1.1551 146.2466 81.1776 368.6515 441.2540 -37.3368 0.0000 0.0000
780.03 15.07.2018 18.00.01 28.56945 298.1869 88.1469 0.2504 -0.5233 1.0317 135.5488 75.2571 366.9418 437.9137 -34.9277 0.0000 0.0000
790.03 15.07.2018 18.10.01 28.61160 297.6615 82.1635 0.2334 -0.4610 0.9259 117.6840 65.4447 365.1532 433.7324 -32.9716 0.0000 0.0000
800.03 15.07.2018 18.20.01 28.65038 297.1334 66.0978 0.1878 -0.4093 0.7961 101.4746 56.4245 363.1262 429.2439 -30.8615 0.0000 0.0000
810.03 15.07.2018 18.30.01 28.68279 296.6056 53.7371 0.1527 -0.3539 0.6755 83.9470 46.7489 361.1212 424.6765 -28.7716 0.0000 0.0000
820.03 15.07.2018 18.40.01 28.70986 296.0820 41.6231 0.1182 -0.3006 0.5585 60.4146 33.6682 359.0968 419.3271 -25.9619 0.0000 0.0000
830.03 15.07.2018 18.50.01 28.73159 295.5514 24.1494 0.0686 -0.2501 0.4250 38.0954 21.1885 356.9469 413.7595 -22.9879 0.0000 0.0000
840.03 15.07.2018 19.00.01 28.74636 295.0189 8.3294 0.0237 -0.1953 0.2920 15.8430 8.7638 354.7872 408.1278 -19.9227 0.0000 0.0000
850.03 15.07.2018 19.10.01 28.75466 294.3881 2.2881 0.0065 -0.1400 0.1953 12.4786 6.9024 352.7221 404.1883 -18.5557 0.0000 0.0000
860.03 15.07.2018 19.20.01 28.75921 293.7558 4.5241 0.0129 -0.1003 0.1509 10.1994 5.6500 351.0132 400.7375 -18.0196 0.0000 0.0000
870.03 15.07.2018 19.30.01 28.76245 293.1431 -0.4509 -0.0013 -0.0881 0.1158 8.2902 4.5959 349.3689 397.5250 -17.7388 0.0000 0.0000
880.03 15.07.2018 19.40.01 28.76223 292.5199 -10.7141 -0.0304 -0.0924 0.0826 5.6161 3.1120 347.7514 394.4363 -17.4670 0.0000 0.0000
890.03 15.07.2018 19.50.01 28.75704 291.9011 -24.2502 -0.0689 -0.1049 0.0481 2.9114 1.6149 346.1651 391.4541 -17.4149 0.0000 0.0000
900.03 15.07.2018 20.00.01 28.74590 291.2759 -39.0395 -0.1109 -0.1211 0.0135 0.3245 0.1809 344.5690 388.5446 -17.6000 0.0000 0.0000
910.03 15.07.2018 20.10.01 28.72848 290.8363 -48.2718 -0.1371 -0.1390 0.0024 0.0586 0.0327 342.9593 386.1200 -17.4390 0.0000 0.0000
920.03 15.07.2018 20.20.01 28.70648 290.4025 -57.9446 -0.1646 -0.1649 0.0004 0.0106 0.0059 341.4346 383.8452 -17.5629 0.0000 0.0000
930.03 15.07.2018 20.30.01 28.67980 289.9676 -69.6481 -0.1979 -0.1979 0.0001 0.0019 0.0011 339.9426 381.6559 -17.9035 0.0000 0.0000
940.03 15.07.2018 20.40.01 28.64794 289.5455 -82.4096 -0.2341 -0.2341 0.0000 0.0003 0.0002 338.4786 379.6208 -17.9944 0.0000 0.0000
950.03 15.07.2018 20.50.01 28.61074 289.1268 -95.1827 -0.2704 -0.2704 0.0000 0.0001 0.0000 337.0141 377.6556 -18.1558 0.0000 0.0000
960.03 15.07.2018 21.00.01 28.56820 288.7223 -107.7179 -0.3060 -0.3060 0.0000 0.0000 0.0000 335.5735 375.8030 -18.1560 0.0000 0.0000
970.03 15.07.2018 21.10.01 28.52056 288.4909 -118.6986 -0.3372 -0.3372 0.0000 0.0000 0.0000 334.3573 374.5102 -16.1070 0.0000 0.0000
980.03 15.07.2018 21.20.01 28.46938 288.3276 -124.8969 -0.3548 -0.3548 0.0000 0.0000 0.0000 333.1263 373.3352 -14.6326 0.0000 0.0000
990.03 15.07.2018 21.30.01 28.41595 288.4101 -130.6152 -0.3711 -0.3711 0.0000 0.0000 0.0000 332.0586 371.8043 -15.3553 0.0000 0.0000
1000.03 15.07.2018 21.40.01 28.35949 288.2355 -138.4859 -0.3934 -0.3934 0.0000 0.0000 0.0000 331.1526 370.9265 -13.0931 0.0000 0.0000
1010.03 15.07.2018 21.50.01 28.29971 287.3000 -148.2397 -0.4211 -0.4211 0.0000 0.0000 0.0000 329.6414 368.6128 -16.7240 0.0000 0.0000
1020.03 15.07.2018 22.00.01 28.23428 286.9066 -165.3137 -0.4696 -0.4696 0.0000 0.0000 0.0000 328.5053 366.3929 -20.0769 0.0000 0.0000
1030.03 15.07.2018 22.10.01 28.16113 286.7614 -183.0030 -0.5199 -0.5199 0.0000 0.0000 0.0000 327.7598 365.0715 -19.3817 0.0000 0.0000
1040.03 15.07.2018 22.20.01 28.08190 286.6266 -194.3936 -0.5523 -0.5523 0.0000 0.0000 0.0000 327.0452 363.8623 -18.7636 0.0000 0.0000
1050.03 15.07.2018 22.30.01 27.99877 286.4964 -202.1586 -0.5743 -0.5743 0.0000 0.0000 0.0000 326.3226 362.7222 -18.2276 0.0000 0.0000
1060.03 15.07.2018 22.40.01 27.91277 286.3663 -208.1216 -0.5913 -0.5913 0.0000 0.0000 0.0000 325.6195 361.6468 -17.7514 0.0000 0.0000
1070.03 15.07.2018 22.50.01 27.82452 286.2337 -213.2961 -0.6060 -0.6060 0.0000 0.0000 0.0000 324.9323 360.6193 -17.3591 0.0000 0.0000
1080.03 15.07.2018 23.00.01 27.73416 286.0989 -217.9267 -0.6191 -0.6191 0.0000 0.0000 0.0000 324.2582 359.6321 -17.0328 0.0000 0.0000
1090.03 15.07.2018 23.10.01 27.64205 286.1024 -220.7365 -0.6271 -0.6271 0.0000 0.0000 0.0000 323.9006 359.3300 -14.5109 0.0000 0.0000
1100.03 15.07.2018 23.20.01 27.54986 286.1503 -218.7378 -0.6214 -0.6214 0.0000 0.0000 0.0000 323.4283 358.8176 -13.1469 0.0000 0.0000
1110.03 15.07.2018 23.30.01 27.45895 286.0582 -216.7876 -0.6159 -0.6159 0.0000 0.0000 0.0000 322.7885 357.6032 -14.7334 0.0000 0.0000
1120.03 15.07.2018 23.40.01 27.36743 286.3597 -220.0254 -0.6251 -0.6251 0.0000 0.0000 0.0000 322.4950 357.7463 -10.7339 0.0000 0.0000
1130.03 15.07.2018 23.50.01 27.27496 285.8607 -221.4734 -0.6292 -0.6292 0.0000 0.0000 0.0000 322.0153 356.9741 -11.5542 0.0000 0.0000
1140.03 16.07.2018 00.00.01 27.18090 285.3013 -228.8251 -0.6501 -0.6501 0.0000 0.0000 0.0000 321.4460 355.3005 -15.6405 0.0000 0.0000
1150.03 16.07.2018 00.10.01 27.08285 285.2946 -238.7837 -0.6784 -0.6784 0.0000 0.0000 0.0000 321.0419 354.6970 -14.5101 0.0000 0.0000
1160.03 16.07.2018 00.20.01 26.98162 285.3169 -243.9567 -0.6931 -0.6931 0.0000 0.0000 0.0000 320.7453 354.2110 -13.3890 0.0000 0.0000
1170.03 16.07.2018 00.30.01 26.87893 285.3374 -246.0907 -0.6991 -0.6991 0.0000 0.0000 0.0000 320.4773 353.7734 -12.3842 0.0000 0.0000
1180.03 16.07.2018 00.40.01 26.77551 285.3582 -246.5980 -0.7006 -0.7006 0.0000 0.0000 0.0000 320.2257 353.3811 -11.4387 0.0000 0.0000
1190.03 16.07.2018 00.50.01 26.67208 285.3713 -246.7456 -0.7010 -0.7010 0.0000 0.0000 0.0000 319.9378 352.9972 -10.6049 0.0000 0.0000
1200.03 16.07.2018 01.00.01 26.56866 285.3831 -246.4974 -0.7003 -0.7003 0.0000 0.0000 0.0000 319.6626 352.6175 -9.8882 0.0000 0.0000
1210.03 16.07.2018 01.10.01 26.46523 285.2161 -246.7153 -0.7009 -0.7009 0.0000 0.0000 0.0000 319.2797 351.9111 -10.6053 0.0000 0.0000
1220.03 16.07.2018 01.20.01 26.36135 285.0616 -249.5093 -0.7088 -0.7088 0.0000 0.0000 0.0000 318.8878 351.1617 -11.3336 0.0000 0.0000
1230.03 16.07.2018 01.30.01 26.25610 284.9375 -253.0457 -0.7189 -0.7189 0.0000 0.0000 0.0000 318.4727 350.4275 -11.8955 0.0000 0.0000
1240.03 16.07.2018 01.40.01 26.14935 284.8423 -256.3903 -0.7284 -0.7284 0.0000 0.0000 0.0000 318.0662 349.8062 -11.9623 0.0000 0.0000
1250.03 16.07.2018 01.50.01 26.04144 284.7278 -258.6053 -0.7347 -0.7347 0.0000 0.0000 0.0000 317.6738 349.1647 -12.1163 0.0000 0.0000
1260.03 16.07.2018 02.00.01 25.93267 284.6176 -259.9637 -0.7385 -0.7385 0.0000 0.0005 0.0003 317.2755 348.5225 -12.2712 0.0000 0.0000
1270.03 16.07.2018 02.10.01 25.82375 284.6137 -257.5968 -0.7318 -0.7378 0.0079 0.3272 0.1767 316.9855 348.5297 -10.0713 0.0000 0.0000
1280.03 16.07.2018 02.20.01 25.71670 284.7821 -250.2060 -0.7108 -0.7242 0.0178 0.7036 0.3810 316.5574 348.4824 -8.3226 0.0000 0.0000
1290.03 16.07.2018 02.30.01 25.61285 284.8513 -244.1853 -0.6937 -0.7147 0.0280 1.0880 0.5898 316.1602 347.9546 -9.1651 0.0000 0.0000
1300.03 16.07.2018 02.40.01 25.51034 284.9753 -242.3176 -0.6884 -0.7172 0.0383 1.4740 0.7995 315.9828 348.1070 -7.0024 0.0000 0.0000
1310.03 16.07.2018 02.50.01 25.40875 284.3586 -240.3230 -0.6827 -0.7192 0.0486 1.8603 1.0093 315.4704 346.8860 -10.5034 0.0000 0.0000
1320.03 16.07.2018 03.00.01 25.30624 284.1123 -247.0914 -0.7020 -0.7462 0.0590 2.2495 1.2208 315.0129 345.7289 -13.1042 0.0000 0.0000
1330.03 16.07.2018 03.10.01 25.20046 284.2613 -243.1474 -0.6908 -0.7750 0.1123 4.4114 2.3894 314.8888 345.6124 -12.0754 0.0000 0.0000
1340.03 16.07.2018 03.20.01 25.09622 284.4276 -236.2969 -0.6713 -0.8036 0.1764 6.8439 3.7102 314.9228 345.6861 -11.1701 0.0000 0.0000
1350.03 16.07.2018 03.30.01 24.99465 284.5999 -229.6857 -0.6525 -0.8342 0.2423 9.3199 5.0551 315.0258 345.8698 -10.3583 0.0000 0.0000
1360.03 16.07.2018 03.40.01 24.89575 284.7747 -223.8191 -0.6358 -0.8672 0.3085 11.8043 6.4047 315.1697 346.1354 -9.6408 0.0000 0.0000
1370.03 16.07.2018 03.50.01 24.79913 284.9525 -218.4456 -0.6206 -0.9017 0.3748 14.2902 7.7551 315.3455 346.4737 -8.9868 0.0000 0.0000
1380.03 16.07.2018 04.00.01 24.70468 285.1341 -213.5251 -0.6066 -0.9375 0.4412 16.7759 9.1054 315.5485 346.8734 -8.3910 0.0000 0.0000
1390.03 16.07.2018 04.10.01 24.61245 285.9638 -208.2625 -0.5917 -0.9680 0.5018 19.0276 10.3293 317.1884 348.5384 -3.9964 0.0000 0.0000
1400.03 16.07.2018 04.20.01 24.52383 286.8093 -197.4838 -0.5610 -0.9818 0.5611 21.2435 11.5332 318.8999 350.1616 -0.5744 0.0000 0.0000
1410.03 16.07.2018 04.30.01 24.44006 287.5765 -186.2799 -0.5292 -0.9942 0.6200 23.4536 12.7338 320.5578 351.6551 1.9084 0.0000 0.0000
1420.03 16.07.2018 04.40.01 24.36025 288.3629 -178.0961 -0.5060 -1.0152 0.6790 25.6627 13.9339 322.3503 353.3940 3.5405 0.0000 0.0000
1430.03 16.07.2018 04.50.01 24.28381 289.0229 -170.0139 -0.4830 -1.0364 0.7379 44.8302 23.6131 324.1335 355.3495 5.2236 0.0000 0.0000
1440.03 16.07.2018 05.00.01 24.21069 289.7419 -137.8445 -0.3916 -1.0609 0.8925 54.8659 28.8093 326.4964 358.2699 7.3908 0.0000 0.0000
1450.03 16.07.2018 05.10.01 24.14807 290.3763 -135.7105 -0.3855 -1.1193 0.9784 167.6116 85.3108 328.4388 362.8438 4.7099 0.0000 0.0000
1460.03 16.07.2018 05.20.01 24.08810 291.2226 3.4549 0.0098 -1.1678 1.5701 353.6988 178.9527 333.6444 374.0577 -6.9829 0.0000 0.0000
1470.03 16.07.2018 05.30.01 24.07144 292.0528 115.5870 0.3284 -1.3966 2.2999 620.3645 324.3933 340.6257 409.1412 -40.2612 0.0000 0.0000
1480.03 16.07.2018 05.40.01 24.09112 292.9440 205.6998 0.5844 -1.7545 3.1184 597.4636 313.1156 349.0572 426.2830 -54.5502 0.0000 0.0000
1490.03 16.07.2018 05.50.01 24.13983 293.6609 73.4305 0.2086 -2.1987 3.2098 578.4624 303.0336 352.3683 434.9532 -65.2845 0.0000 0.0000
1500.03 16.07.2018 06.00.01 24.15234 294.2931 -15.8792 -0.0451 -2.4128 3.1570 551.9885 288.9565 354.3008 440.7963 -74.1657 0.0000 0.0000
1510.03 16.07.2018 06.10.01 24.14010 294.6481 -56.4536 -0.1604 -2.4772 3.0891 549.5691 287.3722 355.7776 446.7917 -79.4082 0.0000 0.0000
1520.03 16.07.2018 06.20.01 24.11685 295.0116 -52.6524 -0.1496 -2.4710 3.0952 530.8022 277.6988 357.5866 452.1178 -83.1622 0.0000 0.0000
1530.03 16.07.2018 06.30.01 24.13677 295.3686 5826.5176 16.5526 -2.4557 25.3444 587.7496 296.6731 359.1626 462.8577 -92.7815 0.0000 0.0000
1540.03 16.07.2018 06.40.01 25.86852 295.7464 2660.6409 7.5586 -10.9054 24.6187 574.0808 289.9649 360.9109 466.8200 -94.1262 0.0000 0.0000
1550.03 16.07.2018 06.50.01 26.68865 296.1007 1221.2373 3.4694 -14.4208 23.8537 560.1350 283.1301 362.5310 469.9905 -94.6890 0.0000 0.0000
1560.03 16.07.2018 07.00.01 27.08862 296.4518 542.6199 1.5415 -15.7475 23.0520 545.8645 276.1198 364.1154 472.4346 -94.4198 0.0000 0.0000
1570.03 16.07.2018 07.10.01 27.28826 296.7549 276.8490 0.7865 -16.0729 22.4792 536.7369 271.6372 365.8276 474.5905 -94.1134 0.0000 0.0000
1580.03 16.07.2018 07.20.01 27.40759 297.0616 144.1051 0.4094 -16.0244 21.9117 528.0688 267.4127 367.7491 476.5926 -93.4302 0.0000 0.0000
1590.03 16.07.2018 07.30.01 27.48583 297.3682 63.7008 0.1810 -15.7982 21.3056 581.0128 300.1936 369.5572 487.5300 -102.3421 0.0000 0.0000
1600.03 16.07.2018 07.40.01 27.53915 297.7260 49.6734 0.1411 -15.4685 20.8128 572.9166 296.0766 371.6523 490.2005 -100.2482 0.0000 0.0000
1610.03 16.07.2018 07.50.01 27.58727 298.0432 24.0734 0.0684 -15.1284 20.2624 563.9271 291.4850 373.5466 492.5109 -97.6645 0.0000 0.0000
1620.03 16.07.2018 08.00.01 27.62713 298.3574 -1.4253 -0.0040 -14.7569 19.6705 557.3326 288.3631 375.3718 494.9756 -95.1511 0.0000 0.0000
1630.03 16.07.2018 08.10.01 27.65905 298.5903 -9.5915 -0.0272 -14.3513 19.0987 548.7015 283.9881 376.8817 496.1883 -93.1395 0.0000 0.0000
1640.03 16.07.2018 08.20.01 27.71624 298.8357 3969.4189 11.2768 -13.9355 33.6163 591.2146 298.9203 378.2003 501.6493 -97.1536 0.0000 0.0000
1650.03 16.07.2018 08.30.01 28.93072 299.1034 1769.2251 5.0262 -19.2601 32.3817 580.1261 293.5638 379.6418 502.5589 -97.3020 0.0000 0.0000
1660.03 16.07.2018 08.40.01 29.51025 299.2563 786.6985 2.2349 -21.1735 31.2112 570.2394 288.7718 380.9341 503.3308 -96.8017 0.0000 0.0000
1670.03 16.07.2018 08.50.01 29.80163 299.3957 317.7337 0.9027 -21.6095 30.0162 602.7037 309.4077 382.2338 509.7712 -105.3560 0.0000 0.0000
1680.03 16.07.2018 09.00.01 29.95294 299.5732 80.1452 0.2277 -21.3676 28.7938 590.7103 303.3784 383.6726 509.9631 -107.7996 0.0000 0.0000
1690.03 16.07.2018 09.10.01 30.03134 299.6895 -77.5708 -0.2204 -20.8029 27.4434 577.7163 296.9281 384.8714 509.3619 -110.6314 0.0000 0.0000
1700.03 16.07.2018 09.20.01 30.06024 299.7824 -162.3075 -0.4611 -20.0385 26.1032 578.2070 298.5587 386.0990 510.1839 -115.6069 0.0000 0.0000
1710.03 16.07.2018 09.30.01 30.06118 299.8678 -210.1471 -0.5970 -19.1827 24.7810 577.4180 299.3909 387.4663 509.8853 -122.9722 0.0000 0.0000
1720.03 16.07.2018 09.40.01 30.04565 299.9535 -213.4178 -0.6063 -18.2860 23.5729 571.5578 296.9680 388.8658 508.9247 -127.8632 0.0000 0.0000
1730.03 16.07.2018 09.50.01 30.02712 300.0954 -210.3802 -0.5977 -17.4086 22.4145 561.5652 292.0335 390.4571 507.4353 -130.7864 0.0000 0.0000
1740.03 16.07.2018 10.00.01 30.00775 300.2377 -232.4038 -0.6602 -16.5549 21.1929 549.7816 286.0735 391.9208 505.6115 -132.3079 0.0000 0.0000
1750.03 16.07.2018 10.10.01 29.97988 300.5718 -339.2140 -0.9637 -15.6836 19.6266 530.3256 276.3650 393.7366 506.2634 -116.2740 0.0000 0.0000
1760.03 16.07.2018 10.20.01 29.91921 300.9015 -398.8218 -1.1330 -14.6704 18.0499 509.3319 265.7472 395.2811 506.5680 -105.1144 0.0000 0.0000
1770.03 16.07.2018 10.30.01 29.83892 301.2245 -441.3770 -1.2539 -13.5913 16.4498 486.5240 254.0731 396.1008 505.9040 -99.3134 0.0000 0.0000
1780.03 16.07.2018 10.40.01 29.74453 301.3631 -397.9110 -1.1304 -12.4751 15.1262 470.7142 246.2234 397.4765 505.7841 -95.6492 0.0000 0.0000
1790.03 16.07.2018 10.50.01 29.66183 301.5114 -377.3670 -1.0721 -11.4228 13.8010 452.9158 237.1754 398.7350 504.9132 -93.1557 0.0000 0.0000
1800.03 16.07.2018 11.00.01 29.58160 301.6737 -357.1631 -1.0147 -10.4279 12.5510 436.0705 228.6410 399.9281 503.7575 -91.6401 0.0000 0.0000
1810.03 16.07.2018 11.10.01 29.50686 301.7922 -267.8278 -0.7609 -9.4821 11.6283 433.9356 227.8422 401.0167 505.0647 -79.6973 0.0000 0.0000
1820.03 16.07.2018 11.20.01 29.45794 301.7699 -240.1080 -0.6821 -8.6775 10.6605 426.3710 223.8128 401.8983 502.5423 -92.0095 0.0000 0.0000
1830.03 16.07.2018 11.30.01 29.41628 301.6910 -241.0305 -0.6847 -7.9248 9.6534 418.5409 219.6571 402.2985 498.6840 -104.8026 0.0000 0.0000
1840.03 16.07.2018 11.40.01 29.37328 301.7758 -245.0712 -0.6962 -7.1840 8.6504 416.8897 219.1636 403.7111 500.6367 -88.8887 0.0000 0.0000
1850.03 16.07.2018 11.50.01 29.32794 301.9364 -271.4584 -0.7712 -6.4481 7.5692 413.9579 217.9630 404.8059 501.3706 -83.5689 0.0000 0.0000
1860.03 16.07.2018 12.00.01 29.27352 301.7700 -311.3434 -0.8845 -5.6864 6.4025 414.5899 218.9686 404.6196 499.5446 -89.3283 0.0000 0.0000
1870.03 16.07.2018 12.10.01 29.20562 301.8220 -299.2803 -0.8502 -4.8903 5.3867 399.9657 211.5613 404.7751 498.1305 -88.8858 0.0000 0.0000
1880.03 16.07.2018 12.20.01 29.14080 301.8598 -174.7352 -0.4964 -4.1336 4.8496 392.6075 208.1497 404.5640 497.2806 -89.1815 0.0000 0.0000
1890.03 16.07.2018 12.30.01 29.11315 301.8969 17.7746 0.0505 -3.5757 4.8349 394.5421 209.9140 404.1337 497.4205 -91.0306 0.0000 0.0000
1900.03 16.07.2018 12.40.01 29.14288 301.9282 113.4987 0.3224 -3.3030 4.8339 398.6499 212.8885 403.6734 497.8299 -92.6175 0.0000 0.0000
1910.03 16.07.2018 12.50.01 29.20138 301.9573 142.3462 0.4044 -3.1650 4.7593 398.6937 213.4812 402.8293 497.6348 -93.7037 0.0000 0.0000
1920.03 16.07.2018 13.00.01 29.26919 301.9975 177.3407 0.5038 -3.0647 4.7581 400.0395 214.8063 402.0933 497.6157 -95.0348 0.0000 0.0000
1930.03 16.07.2018 13.10.01 29.34832 301.9596 252.2867 0.7167 -3.0141 4.9745 395.9846 213.3206 402.0921 497.9466 -94.2320 0.0000 0.0000
1940.03 16.07.2018 13.20.01 29.44995 301.9151 252.0424 0.7160 -3.0669 5.0439 386.0439 208.4178 401.5470 497.2366 -92.3385 0.0000 0.0000
1950.03 16.07.2018 13.30.01 29.55203 301.8708 272.7963 0.7750 -3.1145 5.1860 376.8255 203.9044 401.0938 496.4492 -90.7996 0.0000 0.0000
1960.03 16.07.2018 13.40.01 29.66064 301.8235 281.0859 0.7985 -3.1890 5.3167 365.4937 198.1377 400.6254 495.2358 -88.7872 0.0000 0.0000
1970.03 16.07.2018 13.50.01 29.77206 301.7920 285.2320 0.8103 -3.2720 5.4431 352.5594 191.4161 400.0979 493.6598 -86.3463 0.0000 0.0000
1980.03 16.07.2018 14.00.01 29.88494 301.7767 282.8907 0.8037 -3.3577 5.5485 337.3829 183.3620 399.4785 491.6694 -83.1035 0.0000 0.0000
1990.03 16.07.2018 14.10.01 29.99688 301.6997 225.0462 0.6393 -3.4356 5.4333 328.6696 178.7837 398.3943 489.1149 -83.0855 0.0000 0.0000
2000.03 16.07.2018 14.20.01 30.09200 301.6181 199.7660 0.5675 -3.4328 5.3338 319.9442 174.1900 397.2257 486.5914 -82.6019 0.0000 0.0000
2010.03 16.07.2018 14.30.01 30.17870 301.5361 189.4669 0.5383 -3.3952 5.2447 310.9682 169.4369 396.0988 484.0732 -81.5475 0.0000 0.0000
2020.03 16.07.2018 14.40.01 30.26190 301.4529 175.2994 0.4980 -3.3478 5.1277 300.2849 163.7017 394.8880 481.4141 -79.8022 0.0000 0.0000
2030.03 16.07.2018 14.50.01 30.34042 301.3685 172.6026 0.4903 -3.2855 5.0345 289.8527 158.1023 393.7503 478.8172 -77.8037 0.0000 0.0000
2040.03 16.07.2018 15.00.01 30.41760 301.2861 167.7301 0.4765 -3.2259 4.9366 278.7427 152.0987 392.6294 476.1616 -75.4123 0.0000 0.0000
2050.03 16.07.2018 15.10.01 30.49215 301.2463 102.5500 0.2913 -3.1661 4.6099 278.3481 152.0042 391.1237 474.6405 -72.1711 0.0000 0.0000
2060.03 16.07.2018 15.20.01 30.54699 301.2161 82.8538 0.2354 -3.0176 4.3373 279.6292 152.8690 389.9358 473.8419 -69.0549 0.0000 0.0000
2070.03 16.07.2018 15.30.01 30.59509 301.1903 71.5701 0.2033 -2.8507 4.0720 281.2570 153.9342 388.8469 473.2006 -67.2252 0.0000 0.0000
2080.03 16.07.2018 15.40.01 30.63900 301.1671 53.1721 0.1511 -2.6783 3.7725 284.0328 155.6189 387.6910 472.9569 -64.9669 0.0000 0.0000
2090.03 16.07.2018 15.50.01 30.67660 301.1460 45.9941 0.1307 -2.4903 3.4946 287.5887 157.7556 386.6124 473.0210 -63.2241 0.0000 0.0000
2100.03 16.07.2018 16.00.01 30.71102 301.1278 39.0107 0.1108 -2.3030 3.2185 291.1498 159.8988 385.5523 473.2493 -61.7648 0.0000 0.0000
2110.03 16.07.2018 16.10.01 30.74264 300.9918 59.8496 0.1700 -2.1176 3.0502 278.4050 152.9859 384.4401 471.7897 -60.4541 0.0000 0.0000
2120.03 16.07.2018 16.20.01 30.77935 300.8439 61.1877 0.1738 -1.9757 2.8660 264.9622 145.6712 383.1593 469.8267 -58.7287 0.0000 0.0000
2130.03 16.07.2018 16.30.01 30.81548 300.6895 58.1244 0.1651 -1.8466 2.6822 251.2561 138.1995 381.8085 467.5817 -56.7689 0.0000 0.0000
2140.03 16.07.2018 16.40.01 30.84988 300.5304 51.3682 0.1459 -1.7237 2.4928 236.1621 129.9723 380.3908 464.9474 -54.7608 0.0000 0.0000
2150.03 16.07.2018 16.50.01 30.88131 300.3680 42.4775 0.1207 -1.6008 2.2954 220.5504 121.4441 378.8895 462.0127 -52.4845 0.0000 0.0000
2160.03 16.07.2018 17.00.01 30.90927 300.2019 35.9642 0.1022 -1.4756 2.1037 204.6037 112.7057 377.4012 458.8335 -49.9893 0.0000 0.0000
2170.03 16.07.2018 17.10.01 30.93450 299.9725 40.3460 0.1146 -1.3519 1.9554 192.1167 105.8573 376.0261 455.7934 -47.7777 0.0000 0.0000
2180.03 16.07.2018 17.20.01 30.96008 299.7444 41.9466 0.1192 -1.2459 1.8201 179.7426 99.0650 374.6957 452.7251 -45.5909 0.0000 0.0000
2190.03 16.07.2018 17.30.01 30.98522 299.5158 37.6251 0.1069 -1.1538 1.6809 160.1837 88.6555 373.3509 449.3932 -43.1998 0.0000 0.0000
2200.03 16.07.2018 17.40.01 31.00817 299.2855 33.4692 0.0951 -1.0666 1.5489 145.3964 80.4713 372.0289 445.6695 -40.3924 0.0000 0.0000
2210.03 16.07.2018 17.50.01 31.02892 299.0530 25.4560 0.0723 -0.9852 1.4101 130.2785 72.0955 370.6748 441.9424 -37.5405 0.0000 0.0000
2220.03 16.07.2018 18.00.01 31.04623 298.8184 16.7819 0.0477 -0.9044 1.2694 114.9406 63.5902 369.3012 438.1427 -34.5935 0.0000 0.0000
2230.03 16.07.2018 18.10.01 31.05978 298.4309 4.0781 0.0116 -0.8248 1.1151 99.5009 55.1222 367.7140 434.5240 -30.4952 0.0000 0.0000
2240.03 16.07.2018 18.20.01 31.06823 298.0411 -9.8085 -0.0279 -0.7432 0.9537 85.4370 47.3288 366.0510 430.7694 -27.4656 0.0000 0.0000
2250.03 16.07.2018 18.30.01 31.07113 297.6476 -20.2547 -0.0575 -0.6583 0.8010 70.5172 39.1135 364.4605 426.9482 -25.0278 0.0000 0.0000
2260.03 16.07.2018 18.40.01 31.06954 297.2587 -30.6759 -0.0871 -0.5751 0.6507 51.2898 28.4558 362.8385 422.5941 -21.9683 0.0000 0.0000
2270.03 16.07.2018 18.50.01 31.06341 296.8638 -44.5347 -0.1265 -0.4937 0.4895 32.9237 18.2261 361.1173 418.0414 -19.0075 0.0000 0.0000
2280.03 16.07.2018 19.00.01 31.05172 296.4644 -57.4179 -0.1631 -0.4094 0.3283 14.7132 8.0892 359.3944 413.3830 -16.2275 0.0000 0.0000
2290.03 16.07.2018 19.10.01 31.03478 295.7386 -53.6342 -0.1524 -0.3254 0.2308 11.3981 6.2654 357.7765 409.8593 -14.8789 0.0000 0.0000
2300.03 16.07.2018 19.20.01 31.01724 295.0324 -46.9621 -0.1334 -0.2684 0.1799 9.2050 5.0649 356.2988 406.6909 -14.7466 0.0000 0.0000
2310.03 16.07.2018 19.30.01 31.00009 294.3196 -48.6626 -0.1382 -0.2414 0.1375 7.2940 4.0171 354.8801 403.5860 -15.9085 0.0000 0.0000
2320.03 16.07.2018 19.40.01 30.98080 293.5901 -55.6072 -0.1580 -0.2305 0.0967 4.9621 2.7326 353.5022 400.5770 -16.6525 0.0000 0.0000
2330.03 16.07.2018 19.50.01 30.95782 292.8617 -65.4903 -0.1861 -0.2275 0.0552 2.6151 1.4420 352.1585 397.6151 -17.5877 0.0000 0.0000
2340.03 16.07.2018 20.00.01 30.93026 292.1353 -76.9222 -0.2185 -0.2289 0.0138 0.3359 0.1877 350.8262 394.6710 -18.7147 0.0000 0.0000
2350.03 16.07.2018 20.10.01 30.89797 292.0499 -81.3075 -0.2310 -0.2328 0.0025 0.0589 0.0328 351.7629 392.8314 -18.3745 0.0000 0.0000
2360.03 16.07.2018 20.20.01 30.86318 291.8397 -85.5841 -0.2431 -0.2435 0.0005 0.0108 0.0060 352.8897 391.1412 -18.8124 0.0000 0.0000
2370.03 16.07.2018 20.30.01 30.82617 291.6489 -91.4191 -0.2597 -0.2598 0.0001 0.0019 0.0011 354.0516 389.6651 -19.1708 0.0000 0.0000
2380.03 16.07.2018 20.40.01 30.78649 291.5060 -97.8709 -0.2780 -0.2781 0.0000 0.0004 0.0002 355.2894 388.4968 -19.0062 0.0000 0.0000
2390.03 16.07.2018 20.50.01 30.74423 291.3615 -104.1483 -0.2959 -0.2959 0.0000 0.0001 0.0000 356.5456 387.4068 -19.2213 0.0000 0.0000
2400.03 16.07.2018 21.00.01 30.69915 291.1902 -111.2762 -0.3161 -0.3161 0.0000 0.0000 0.0000 357.7954 386.3335 -19.8936 0.0000 0.0000
2410.03 16.07.2018 21.10.01 30.65093 291.6153 -118.4640 -0.3365 -0.3365 0.0000 0.0000 0.0000 357.7694 386.1502 -16.3481 0.0000 0.0000
2420.03 16.07.2018 21.20.01 30.60018 291.9995 -124.0689 -0.3525 -0.3525 0.0000 0.0000 0.0000 357.8252 385.8338 -14.1312 0.0000 0.0000
2430.03 16.07.2018 21.30.01 30.54681 292.3937 -130.8144 -0.3716 -0.3716 0.0000 0.0000 0.0000 357.9245 385.6756 -11.9377 0.0000 0.0000
2440.03 16.07.2018 21.40.01 30.49050 292.7975 -137.8432 -0.3916 -0.3916 0.0000 0.0000 0.0000 358.0778 385.6830 -9.6970 0.0000 0.0000
2450.03 16.07.2018 21.50.01 30.43133 293.2125 -144.4088 -0.4103 -0.4103 0.0000 0.0000 0.0000 358.2795 385.8761 -7.3129 0.0000 0.0000
2460.03 16.07.2018 22.00.01 30.36971 293.6346 -149.8848 -0.4258 -0.4258 0.0000 0.0000 0.0000 358.5398 386.2449 -4.7767 0.0000 0.0000
2470.03 16.07.2018 22.10.01 30.30605 293.3341 -153.5603 -0.4363 -0.4363 0.0000 0.0000 0.0000 358.9186 386.1604 -5.1849 0.0000 0.0000
2480.03 16.07.2018 22.20.01 30.24120 293.1564 -155.5240 -0.4418 -0.4418 0.0000 0.0000 0.0000 359.1592 385.9439 -5.5159 0.0000 0.0000
2490.03 16.07.2018 22.30.01 30.17523 292.8208 -160.6913 -0.4565 -0.4565 0.0000 0.0000 0.0000 358.8851 384.8754 -8.5968 0.0000 0.0000
2500.03 16.07.2018 22.40.01 30.10598 292.5598 -168.9809 -0.4801 -0.4801 0.0000 0.0000 0.0000 358.9655 384.8763 -7.2916 0.0000 0.0000
2510.03 16.07.2018 22.50.01 30.03463 292.1953 -170.1851 -0.4835 -0.4835 0.0000 0.0000 0.0000 359.2387 384.3975 -8.3580 0.0000 0.0000
2520.03 16.07.2018 23.00.01 29.96255 291.6938 -175.9044 -0.4997 -0.4997 0.0000 0.0000 0.0000 359.0016 382.6997 -13.3715 0.0000 0.0000
2530.03 16.07.2018 23.10.01 29.88650 291.5768 -186.4546 -0.5297 -0.5297 0.0000 0.0000 0.0000 358.7491 382.1163 -13.2026 0.0000 0.0000
2540.03 16.07.2018 23.20.01 29.80703 291.4666 -192.0000 -0.5455 -0.5455 0.0000 0.0000 0.0000 358.6264 381.5982 -13.1005 0.0000 0.0000
2550.03 16.07.2018 23.30.01 29.72601 291.3578 -194.0992 -0.5514 -0.5514 0.0000 0.0000 0.0000 358.5425 381.1066 -13.0605 0.0000 0.0000
2560.03 16.07.2018 23.40.01 29.64453 291.2589 -194.8048 -0.5534 -0.5534 0.0000 0.0000 0.0000 358.4956 380.6777 -12.9170 0.0000 0.0000
2570.03 16.07.2018 23.50.01 29.56301 291.1547 -194.6660 -0.5530 -0.5530 0.0000 0.0000 0.0000 358.4679 380.2631 -12.8440 0.0000 0.0000
2580.03 17.07.2018 00.00.01 29.48153 291.0545 -193.9237 -0.5509 -0.5509 0.0000 0.0000 0.0000 358.4459 379.8684 -12.7855 0.0000 0.0000
2590.03 17.07.2018 00.10.01 29.40057 291.1241 -192.9523 -0.5482 -0.5482 0.0000 0.0000 0.0000 358.2253 379.7483 -11.5348 0.0000 0.0000
2600.03 17.07.2018 00.20.01 29.32031 291.2160 -190.4018 -0.5409 -0.5409 0.0000 0.0000 0.0000 358.0331 379.6756 -10.3082 0.0000 0.0000
2610.03 17.07.2018 00.30.01 29.24120 291.3081 -187.3169 -0.5322 -0.5322 0.0000 0.0000 0.0000 357.8391 379.5857 -9.2722 0.0000 0.0000
2620.03 17.07.2018 00.40.01 29.16345 291.3064 -184.2022 -0.5233 -0.5233 0.0000 0.0000 0.0000 357.6110 379.4101 -8.5052 0.0000 0.0000
2630.03 17.07.2018 00.50.01 29.08703 291.3758 -180.9802 -0.5141 -0.5141 0.0000 0.0000 0.0000 357.3992 379.3640 -7.4134 0.0000 0.0000
2640.03 17.07.2018 01.00.01 29.01180 291.4467 -178.7221 -0.5077 -0.5077 0.0000 0.0000 0.0000 357.1438 379.0789 -7.3547 0.0000 0.0000
2650.03 17.07.2018 01.10.01 28.93673 291.5396 -179.7001 -0.5105 -0.5105 0.0000 0.0000 0.0000 356.4607 378.8129 -6.8437 0.0000 0.0000
2660.03 17.07.2018 01.20.01 28.86093 291.4966 -182.3620 -0.5181 -0.5181 0.0000 0.0000 0.0000 355.7336 378.3220 -7.6171 0.0000 0.0000
2670.03 17.07.2018 01.30.01 28.78369 291.3241 -186.0804 -0.5286 -0.5286 0.0000 0.0000 0.0000 354.6201 377.4014 -9.2116 0.0000 0.0000
2680.03 17.07.2018 01.40.01 28.70513 291.2614 -187.3761 -0.5323 -0.5323 0.0000 0.0000 0.0000 353.9316 377.4478 -6.7015 0.0000 0.0000
2690.03 17.07.2018 01.50.01 28.62722 291.1251 -184.8351 -0.5251 -0.5251 0.0000 0.0000 0.0000 353.0827 376.5928 -8.2870 0.0000 0.0000
2700.03 17.07.2018 02.00.01 28.54873 290.9857 -190.7148 -0.5418 -0.5418 0.0000 0.0006 0.0003 351.8448 375.5247 -10.0509 0.0000 0.0000
2710.03 17.07.2018 02.10.01 28.46697 290.7048 -196.3507 -0.5578 -0.5647 0.0091 0.3775 0.2038 348.8724 374.5428 -9.7898 0.0000 0.0000
2720.03 17.07.2018 02.20.01 28.38354 290.4076 -198.3270 -0.5634 -0.5788 0.0205 0.8119 0.4397 345.8878 373.3752 -10.0770 0.0000 0.0000
2730.03 17.07.2018 02.30.01 28.29968 290.0683 -198.7476 -0.5646 -0.5889 0.0324 1.2555 0.6806 342.8501 372.0150 -10.7231 0.0000 0.0000
2740.03 17.07.2018 02.40.01 28.21578 289.7829 -197.9653 -0.5624 -0.5956 0.0442 1.7008 0.9226 339.9439 370.8829 -10.0891 0.0000 0.0000
2750.03 17.07.2018 02.50.01 28.13250 289.5291 -194.9933 -0.5540 -0.5960 0.0561 2.1465 1.1647 337.0787 369.7694 -9.3734 0.0000 0.0000
2760.03 17.07.2018 03.00.01 28.05102 289.2560 -191.8036 -0.5449 -0.5960 0.0681 2.5962 1.4090 334.1050 368.5240 -8.9782 0.0000 0.0000
2770.03 17.07.2018 03.10.01 27.97057 289.2462 -174.7994 -0.4966 -0.5998 0.1376 5.4206 2.9355 333.7812 367.9651 -8.4514 0.0000 0.0000
2780.03 17.07.2018 03.20.01 27.89495 289.2818 -163.7470 -0.4652 -0.6313 0.2215 8.6076 4.6659 333.6882 367.6792 -8.1643 0.0000 0.0000
2790.03 17.07.2018 03.30.01 27.82256 289.2991 -157.9576 -0.4487 -0.6796 0.3079 11.8529 6.4287 333.6577 367.4951 -8.1369 0.0000 0.0000
2800.03 17.07.2018 03.40.01 27.75186 289.2873 -155.0957 -0.4406 -0.7367 0.3947 15.1095 8.1977 333.6769 367.4172 -8.1573 0.0000 0.0000
2810.03 17.07.2018 03.50.01 27.68203 289.2789 -153.5024 -0.4361 -0.7973 0.4817 18.3680 9.9679 333.7321 367.4266 -8.2616 0.0000 0.0000
2820.03 17.07.2018 04.00.01 27.61279 289.2787 -152.3334 -0.4328 -0.8593 0.5686 21.6286 11.7391 333.8195 367.5195 -8.4087 0.0000 0.0000
2830.03 17.07.2018 04.10.01 27.54409 289.6311 -143.9974 -0.4091 -0.9189 0.6797 25.8842 14.0477 333.9860 368.2008 -6.9421 0.0000 0.0000
2840.03 17.07.2018 04.20.01 27.47857 289.9787 -135.5187 -0.3850 -0.9826 0.7969 30.2918 16.4417 334.2780 369.0345 -5.6827 0.0000 0.0000
2850.03 17.07.2018 04.30.01 27.41622 290.3260 -128.2883 -0.3645 -1.0507 0.9150 34.7238 18.8492 334.6339 369.9887 -4.5295 0.0000 0.0000
2860.03 17.07.2018 04.40.01 27.35671 290.6800 -122.2410 -0.3473 -1.1223 1.0334 39.1605 21.2594 335.0401 371.0685 -3.4015 0.0000 0.0000
2870.03 17.07.2018 04.50.01 27.29962 291.0321 -116.6431 -0.3314 -1.1952 1.1518 51.2254 27.4837 335.4829 372.3801 -2.6235 0.0000 0.0000
2880.03 17.07.2018 05.00.01 27.24481 291.3959 -99.9556 -0.2840 -1.2687 1.3130 59.5623 31.8808 336.2154 374.0659 -2.3279 0.0000 0.0000
2890.03 17.07.2018 05.10.01 27.19552 291.7561 -107.4237 -0.3052 -1.3583 1.4042 139.8700 72.1753 337.3892 377.1372 -4.3188 0.0000 0.0000
2900.03 17.07.2018 05.20.01 27.14547 292.1311 -14.6036 -0.0415 -1.4273 1.8478 270.6489 138.0276 340.9537 384.7801 -12.9348 0.0000 0.0000
2910.03 17.07.2018 05.30.01 27.12438 292.5600 61.5882 0.1750 -1.6159 2.3878 458.0314 240.1215 345.7450 408.5831 -35.4016 0.0000 0.0000
2920.03 17.07.2018 05.40.01 27.12811 293.0252 124.2520 0.3530 -1.8896 2.9902 457.8461 240.4950 351.3928 420.4657 -47.3576 0.0000 0.0000
2930.03 17.07.2018 05.50.01 27.15212 293.4412 44.0811 0.1252 -2.2246 3.1331 462.4960 242.8148 353.9904 428.1691 -55.2015 0.0000 0.0000
2940.03 17.07.2018 06.00.01 27.15426 293.8255 -10.0918 -0.0287 -2.4198 3.1882 463.4758 243.1409 355.8016 434.5359 -61.9540 0.0000 0.0000
2950.03 17.07.2018 06.10.01 27.14150 294.0630 -27.5855 -0.0784 -2.5221 3.2583 468.4236 245.5454 357.6130 440.5054 -68.1002 0.0000 0.0000
2960.03 17.07.2018 06.20.01 27.12457 294.2943 -29.2674 -0.0831 -2.5869 3.3384 459.4111 240.9860 359.3800 445.5684 -73.3849 0.0000 0.0000
2970.03 17.07.2018 06.30.01 27.14156 294.5187 4750.9316 13.4970 -2.6348 21.5091 511.7960 259.6188 360.8910 455.2149 -82.6344 0.0000 0.0000
2980.03 17.07.2018 06.40.01 28.55068 294.7576 2201.9824 6.2556 -9.5641 21.0930 505.3484 256.5914 362.5449 459.1173 -86.2788 0.0000 0.0000
2990.03 17.07.2018 06.50.01 29.22613 294.9816 1042.3829 2.9613 -12.5164 20.6369 498.5147 253.3722 364.0401 462.2689 -89.2795 0.0000 0.0000
3000.03 17.07.2018 07.00.01 29.56341 295.2023 495.8805 1.4088 -13.7026 20.1485 491.3986 250.0013 365.4874 464.7740 -91.4959 0.0000 0.0000
3010.03 17.07.2018 07.10.01 29.73959 295.4116 282.0070 0.8012 -14.0796 19.8410 487.7106 248.2476 366.6220 466.6157 -96.5283 0.0000 0.0000
3020.03 17.07.2018 07.20.01 29.85131 295.6217 173.3839 0.4926 -14.1529 19.5273 484.2054 246.5982 367.8491 468.0071 -100.4422 0.0000 0.0000
3030.03 17.07.2018 07.30.01 29.92965 295.8298 106.5229 0.3026 -14.0789 19.1754 533.2009 276.4859 368.9203 477.2734 -111.0743 0.0000 0.0000
3040.03 17.07.2018 07.40.01 29.98739 296.0778 82.2613 0.2337 -13.9161 18.8664 529.2669 274.5010 370.1722 478.7834 -113.7924 0.0000 0.0000
3050.03 17.07.2018 07.50.01 30.03719 296.2884 55.1464 0.1567 -13.7244 18.5080 524.6414 272.1538 371.2022 479.7166 -115.5134 0.0000 0.0000
3060.03 17.07.2018 08.00.01 30.07845 296.4984 30.4087 0.0864 -13.4969 18.1110 522.0881 271.0784 372.1674 480.4301 -117.8812 0.0000 0.0000
3070.03 17.07.2018 08.10.01 30.11233 296.6298 38.9243 0.1106 -13.2357 17.7950 519.0362 269.4920 373.0991 480.7006 -119.5759 0.0000 0.0000
3080.03 17.07.2018 08.20.01 30.17364 296.7568 3626.8293 10.3035 -12.9872 31.0543 561.9370 285.2370 373.8904 485.0728 -125.9088 0.0000 0.0000
3090.03 17.07.2018 08.30.01 31.27902 296.9029 1704.3743 4.8420 -17.9129 30.3399 557.1757 282.9167 374.8343 485.2460 -128.4922 0.0000 0.0000
3100.03 17.07.2018 08.40.01 31.83013 297.0327 819.2333 2.3274 -19.8489 29.5684 551.9473 280.3558 375.6013 485.1269 -128.8197 0.0000 0.0000
3110.03 17.07.2018 08.50.01 32.12225 297.1580 390.2936 1.1088 -20.4478 28.7421 586.1610 301.5019 376.3081 491.0277 -135.6488 0.0000 0.0000
3120.03 17.07.2018 09.00.01 32.28668 297.3218 166.8312 0.4740 -20.4217 27.8608 578.8126 297.7443 377.1764 490.8478 -137.3439 0.0000 0.0000
3130.03 17.07.2018 09.10.01 32.38030 297.3209 -350.6171 -0.9961 -20.0876 25.4554 549.8162 283.5679 378.3554 488.6114 -135.2645 0.0000 0.0000
3140.03 17.07.2018 09.20.01 32.31774 297.3056 -591.0104 -1.6790 -19.0301 23.1348 531.9922 276.0398 379.2510 487.5943 -132.3342 0.0000 0.0000
3150.03 17.07.2018 09.30.01 32.17947 297.3081 -689.1578 -1.9578 -17.6736 20.9544 512.5809 267.4401 380.3010 486.1646 -130.5212 0.0000 0.0000
3160.03 17.07.2018 09.40.01 32.00823 297.3109 -649.9512 -1.8465 -16.2277 19.1750 493.3161 258.2753 381.2030 483.1309 -129.5659 0.0000 0.0000
3170.03 17.07.2018 09.50.01 31.84454 297.3231 -606.6879 -1.7235 -14.8893 17.5543 472.0831 247.8161 382.2955 478.9815 -133.6052 0.0000 0.0000
3180.03 17.07.2018 10.00.01 31.69045 297.3162 -579.6896 -1.6468 -13.6546 16.0103 450.6128 237.1533 383.4273 476.1201 -130.4872 0.0000 0.0000
3190.03 17.07.2018 10.10.01 31.54281 297.4004 -451.8441 -1.2836 -12.4874 14.9383 434.4338 228.8806 383.8582 474.2109 -126.3394 0.0000 0.0000
3200.03 17.07.2018 10.20.01 31.43148 297.4718 -394.6635 -1.1212 -11.5258 13.8728 417.6667 220.2515 384.1440 472.2188 -122.2443 0.0000 0.0000
3210.03 17.07.2018 10.30.01 31.33602 297.5331 -376.3879 -1.0693 -10.6600 12.7876 399.6285 210.8828 384.0772 469.9866 -117.8437 0.0000 0.0000
3220.03 17.07.2018 10.40.01 31.24536 297.6104 -326.6893 -0.9281 -9.8329 11.8730 385.9316 203.8901 384.2589 468.2200 -114.2381 0.0000 0.0000
3230.03 17.07.2018 10.50.01 31.16876 297.6748 -302.4181 -0.8591 -9.0773 10.9575 371.0299 196.1709 384.3307 466.2514 -110.2668 0.0000 0.0000
3240.03 17.07.2018 11.00.01 31.09698 297.7391 -284.6047 -0.8085 -8.3748 10.0884 356.7263 188.7743 384.3911 464.3824 -106.4795 0.0000 0.0000
3250.03 17.07.2018 11.10.01 31.03057 297.8554 -174.3976 -0.4954 -7.7133 9.6239 359.8613 190.6042 384.7274 463.9636 -104.4357 0.0000 0.0000
3260.03 17.07.2018 11.20.01 30.99658 297.9724 -121.1099 -0.3441 -7.2195 9.1673 360.8483 191.1264 385.4413 463.8374 -102.4943 0.0000 0.0000
3270.03 17.07.2018 11.30.01 30.97830 298.0930 -104.1628 -0.2959 -6.8053 8.6792 361.7194 191.6021 386.2836 463.9046 -101.2631 0.0000 0.0000
3280.03 17.07.2018 11.40.01 30.96490 298.2332 -97.2646 -0.2763 -6.4179 8.1887 366.6240 194.4809 387.3354 464.6199 -101.5375 0.0000 0.0000
3290.03 17.07.2018 11.50.01 30.95321 298.3665 -116.9306 -0.3322 -6.0432 7.6147 370.0997 196.5683 388.2109 465.2556 -101.8258 0.0000 0.0000
3300.03 17.07.2018 12.00.01 30.93508 298.4986 -144.4500 -0.4104 -5.6449 6.9793 376.0671 200.2008 388.9405 466.4619 -102.4369 0.0000 0.0000
3310.03 17.07.2018 12.10.01 30.90811 298.5029 -139.4208 -0.3961 -5.2165 6.4273 364.0873 194.2653 390.1901 466.3964 -102.0562 0.0000 0.0000
3320.03 17.07.2018 12.20.01 30.88232 298.4804 -68.2082 -0.1938 -4.8105 6.1556 355.0298 189.8723 390.8050 466.1622 -101.4189 0.0000 0.0000
3330.03 17.07.2018 12.30.01 30.87762 298.4493 44.3912 0.1261 -4.5213 6.1966 350.9160 188.2103 391.1629 466.3036 -101.4585 0.0000 0.0000
3340.03 17.07.2018 12.40.01 30.90612 298.4122 98.7352 0.2805 -4.4019 6.2432 346.8775 186.5349 391.4599 466.3160 -101.3013 0.0000 0.0000
3350.03 17.07.2018 12.50.01 30.95086 298.3683 112.8211 0.3205 -4.3615 6.2427 340.6485 183.5827 391.4571 465.9431 -100.4461 0.0000 0.0000
3360.03 17.07.2018 13.00.01 30.99990 298.3288 133.7954 0.3801 -4.3413 6.2952 334.4328 180.6010 391.5882 465.5087 -99.6470 0.0000 0.0000
3370.03 17.07.2018 13.10.01 31.05468 298.2354 78.7175 0.2236 -4.3486 6.0963 332.7783 179.8555 390.9029 464.2347 -101.1822 0.0000 0.0000
3380.03 17.07.2018 13.20.01 31.09295 298.1379 50.8359 0.1444 -4.2788 5.8977 331.3408 179.2480 390.0085 463.0046 -102.3544 0.0000 0.0000
3390.03 17.07.2018 13.30.01 31.12240 298.0439 45.3682 0.1289 -4.1753 5.7389 331.0805 179.3156 389.2197 461.9510 -103.4592 0.0000 0.0000
3400.03 17.07.2018 13.40.01 31.14962 297.9456 38.9078 0.1105 -4.0709 5.5753 331.1625 179.5580 388.4461 460.9478 -104.2852 0.0000 0.0000
3410.03 17.07.2018 13.50.01 31.17437 297.8528 33.6272 0.0955 -3.9636 5.4122 331.3091 179.8392 387.6674 459.9988 -105.2017 0.0000 0.0000
3420.03 17.07.2018 14.00.01 31.19702 297.7578 24.0387 0.0683 -3.8550 5.2311 330.7675 179.7171 386.8055 458.9678 -106.0367 0.0000 0.0000
3430.03 17.07.2018 14.10.01 31.21606 297.6323 -5.2292 -0.0149 -3.7371 4.9630 335.8489 182.6809 384.6613 458.1750 -108.4298 0.0000 0.0000
3440.03 17.07.2018 14.20.01 31.22585 297.5101 -19.8610 -0.0564 -3.5838 4.7032 341.6359 186.0625 382.4160 457.4111 -111.0696 0.0000 0.0000
3450.03 17.07.2018 14.30.01 31.23052 297.3855 -27.3367 -0.0777 -3.4181 4.4539 348.0950 189.8375 380.1273 456.6799 -113.7688 0.0000 0.0000
3460.03 17.07.2018 14.40.01 31.23217 297.2620 -45.4083 -0.1290 -3.2496 4.1608 355.3690 194.0361 377.7009 455.9494 -116.4426 0.0000 0.0000
3470.03 17.07.2018 14.50.01 31.22775 297.1427 -46.3664 -0.1317 -3.0642 3.9100 364.2902 199.1923 375.4038 455.4515 -119.6092 0.0000 0.0000
3480.03 17.07.2018 15.00.01 31.22222 297.0179 -52.7715 -0.1499 -2.8873 3.6498 372.9610 204.2060 373.1191 454.9389 -122.8055 0.0000 0.0000
3490.03 17.07.2018 15.10.01 31.21438 296.8319 -23.7346 -0.0674 -2.7122 3.5263 364.8753 199.9773 371.5557 453.6834 -121.0276 0.0000 0.0000
3500.03 17.07.2018 15.20.01 31.21462 296.6445 -12.8131 -0.0364 -2.5874 3.4014 356.3479 195.4901 369.9733 452.2237 -119.0794 0.0000 0.0000
3510.03 17.07.2018 15.30.01 31.21746 296.4544 -12.5308 -0.0356 -2.4862 3.2675 347.1649 190.6212 368.3490 450.5978 -116.9463 0.0000 0.0000
3520.03 17.07.2018 15.40.01 31.21972 296.2641 -31.7786 -0.0903 -2.3923 3.0693 335.2409 184.1861 366.4235 448.5661 -114.1495 0.0000 0.0000
3530.03 17.07.2018 15.50.01 31.21566 296.0720 -37.9880 -0.1079 -2.2777 2.8930 323.7164 177.9855 364.4398 446.4751 -111.2385 0.0000 0.0000
3540.03 17.07.2018 16.00.01 31.20916 295.8802 -35.2323 -0.1001 -2.1626 2.7500 312.3097 171.8210 362.6059 444.3165 -108.3234 0.0000 0.0000
3550.03 17.07.2018 16.10.01 31.20272 295.6234 -39.5989 -0.1125 -2.0601 2.5967 301.2571 165.8170 360.4785 441.8431 -105.9850 0.0000 0.0000
3560.03 17.07.2018 16.20.01 31.19427 295.3668 -35.9580 -0.1022 -1.9610 2.4785 290.7658 160.1192 358.4490 439.3681 -103.6160 0.0000 0.0000
3570.03 17.07.2018 16.30.01 31.18609 295.1114 -34.1290 -0.0970 -1.8769 2.3733 280.2377 154.3868 356.4828 436.8433 -101.0972 0.0000 0.0000
3580.03 17.07.2018 16.40.01 31.17776 294.8542 -38.2906 -0.1088 -1.8049 2.2615 268.4691 147.9849 354.5029 434.2047 -98.2267 0.0000 0.0000
3590.03 17.07.2018 16.50.01 31.16738 294.5957 -46.0315 -0.1308 -1.7360 2.1403 256.1557 141.2670 352.4584 431.4358 -95.1128 0.0000 0.0000
3600.03 17.07.2018 17.00.01 31.15392 294.3374 -51.3166 -0.1458 -1.6659 2.0269 243.4379 134.2950 350.4534 428.5671 -91.8096 0.0000 0.0000
3610.03 17.07.2018 17.10.01 31.13799 294.0648 -63.1262 -0.1793 -1.5989 1.8927 228.1466 125.9103 348.7346 425.5775 -87.6091 0.0000 0.0000
3620.03 17.07.2018 17.20.01 31.11752 293.7905 -75.4499 -0.2143 -1.5256 1.7483 212.2903 117.1968 347.0004 422.4602 -83.3239 0.0000 0.0000
3630.03 17.07.2018 17.30.01 31.09243 293.5153 -88.8322 -0.2524 -1.4466 1.5923 186.8915 103.6714 345.2095 419.0150 -78.7094 0.0000 0.0000
3640.03 17.07.2018 17.40.01 31.06228 293.2392 -97.5583 -0.2772 -1.3607 1.4447 167.4440 92.8921 343.4477 415.1484 -73.1826 0.0000 0.0000
3650.03 17.07.2018 17.50.01 31.02844 292.9618 -109.4288 -0.3109 -1.2753 1.2859 147.5098 81.8321 341.6351 411.2931 -67.5810 0.0000 0.0000
3660.03 17.07.2018 18.00.01 30.98992 292.6831 -119.9086 -0.3406 -1.1862 1.1274 127.3503 70.6369 339.8161 407.3658 -61.8753 0.0000 0.0000
3670.03 17.07.2018 18.10.01 30.94714 292.3608 -126.4074 -0.3591 -1.0961 0.9827 110.4090 61.3334 338.4459 404.0344 -55.5959 0.0000 0.0000
3680.03 17.07.2018 18.20.01 30.90130 292.0413 -133.1288 -0.3782 -1.0101 0.8426 93.9931 52.2954 337.1340 400.7445 -49.9036 0.0000 0.0000
3690.03 17.07.2018 18.30.01 30.85229 291.7232 -137.8515 -0.3916 -0.9281 0.7154 79.5905 44.2740 335.9003 397.5083 -44.7553 0.0000 0.0000
3700.03 17.07.2018 18.40.01 30.80074 291.4067 -143.9806 -0.4090 -0.8534 0.5925 58.4156 32.5156 334.7078 393.8679 -38.9819 0.0000 0.0000
3710.03 17.07.2018 18.50.01 30.74618 291.0894 -155.6788 -0.4423 -0.7838 0.4553 38.3390 21.3014 333.4505 390.0611 -33.3838 0.0000 0.0000
3720.03 17.07.2018 19.00.01 30.68694 290.7705 -166.3807 -0.4727 -0.7116 0.3186 18.4490 10.1983 332.1784 386.1803 -28.1303 0.0000 0.0000
3730.03 17.07.2018 19.10.01 30.62332 290.3665 -166.4283 -0.4728 -0.6403 0.2233 14.7200 8.1454 330.7525 383.1739 -26.5552 0.0000 0.0000
3740.03 17.07.2018 19.20.01 30.55819 289.9681 -160.7369 -0.4566 -0.5878 0.1749 12.1233 6.7192 329.4857 380.4985 -25.5848 0.0000 0.0000
3750.03 17.07.2018 19.30.01 30.49328 289.5710 -162.0761 -0.4604 -0.5615 0.1347 9.9003 5.4915 328.2737 377.9853 -24.8382 0.0000 0.0000
3760.03 17.07.2018 19.40.01 30.42666 289.1752 -168.3260 -0.4782 -0.5504 0.0963 6.7073 3.7184 327.0909 375.5194 -24.0697 0.0000 0.0000
3770.03 17.07.2018 19.50.01 30.35684 288.7788 -177.6420 -0.5047 -0.5468 0.0562 3.4731 1.9274 325.9079 373.1147 -23.4396 0.0000 0.0000
3780.03 17.07.2018 20.00.01 30.28259 288.3832 -187.2559 -0.5320 -0.5440 0.0160 0.3822 0.2131 324.7336 370.7907 -22.8497 0.0000 0.0000
3790.03 17.07.2018 20.10.01 30.20446 287.9941 -190.6719 -0.5417 -0.5438 0.0029 0.0693 0.0386 323.6849 368.8623 -22.2881 0.0000 0.0000
3800.03 17.07.2018 20.20.01 30.12414 287.6081 -194.3601 -0.5522 -0.5526 0.0005 0.0125 0.0070 322.7031 367.0788 -21.9881 0.0000 0.0000
3810.03 17.07.2018 20.30.01 30.04159 287.2258 -200.3849 -0.5693 -0.5693 0.0001 0.0023 0.0013 321.7679 365.4165 -21.7373 0.0000 0.0000
3820.03 17.07.2018 20.40.01 29.95614 286.8472 -207.5261 -0.5896 -0.5896 0.0000 0.0004 0.0002 320.8679 363.8555 -21.5032 0.0000 0.0000
3830.03 17.07.2018 20.50.01 29.86761 286.4733 -215.2726 -0.6116 -0.6116 0.0000 0.0001 0.0000 319.9911 362.3614 -21.3798 0.0000 0.0000
3840.03 17.07.2018 21.00.01 29.77578 286.1064 -222.9532 -0.6334 -0.6334 0.0000 0.0000 0.0000 319.1485 360.9646 -21.1682 0.0000 0.0000
3850.03 17.07.2018 21.10.01 29.68087 285.9495 -229.6091 -0.6523 -0.6523 0.0000 0.0000 0.0000 318.7133 360.0236 -19.6120 0.0000 0.0000
3860.03 17.07.2018 21.20.01 29.58376 285.7920 -233.4880 -0.6633 -0.6633 0.0000 0.0000 0.0000 318.3779 359.1875 -18.3824 0.0000 0.0000
3870.03 17.07.2018 21.30.01 29.48535 285.6425 -236.0060 -0.6705 -0.6705 0.0000 0.0000 0.0000 318.1918 358.4240 -17.5129 0.0000 0.0000
3880.03 17.07.2018 21.40.01 29.38595 285.5166 -238.5384 -0.6777 -0.6777 0.0000 0.0000 0.0000 317.9041 357.6281 -16.8603 0.0000 0.0000
3890.03 17.07.2018 21.50.01 29.28527 285.3927 -242.2625 -0.6882 -0.6882 0.0000 0.0000 0.0000 317.5963 356.8742 -16.2442 0.0000 0.0000
3900.03 17.07.2018 22.00.01 29.18292 285.3018 -246.4045 -0.7000 -0.7000 0.0000 0.0000 0.0000 317.3009 356.1774 -15.6329 0.0000 0.0000
3910.03 17.07.2018 22.10.01 29.07888 285.2365 -250.4425 -0.7115 -0.7115 0.0000 0.0000 0.0000 316.9353 355.4769 -15.1341 0.0000 0.0000
3920.03 17.07.2018 22.20.01 28.97317 285.1636 -254.2380 -0.7223 -0.7223 0.0000 0.0000 0.0000 316.5686 354.7939 -14.7166 0.0000 0.0000
3930.03 17.07.2018 22.30.01 28.86587 285.0908 -257.7381 -0.7322 -0.7322 0.0000 0.0000 0.0000 316.2037 354.1362 -14.3256 0.0000 0.0000
3940.03 17.07.2018 22.40.01 28.75723 285.0419 -261.0337 -0.7416 -0.7416 0.0000 0.0000 0.0000 315.8517 353.5326 -13.8319 0.0000 0.0000
3950.03 17.07.2018 22.50.01 28.64727 284.9984 -263.6980 -0.7491 -0.7491 0.0000 0.0000 0.0000 315.5054 352.9588 -13.3444 0.0000 0.0000
3960.03 17.07.2018 23.00.01 28.53628 284.9568 -265.9848 -0.7556 -0.7556 0.0000 0.0000 0.0000 315.1628 352.4100 -12.8708 0.0000 0.0000
3970.03 17.07.2018 23.10.01 28.42443 285.0175 -268.0779 -0.7616 -0.7616 0.0000 0.0000 0.0000 314.7836 351.9739 -12.0114 0.0000 0.0000
3980.03 17.07.2018 23.20.01 28.31167 284.6498 -270.4737 -0.7684 -0.7684 0.0000 0.0000 0.0000 314.2567 351.2033 -12.7340 0.0000 0.0000
3990.03 17.07.2018 23.30.01 28.19756 284.4305 -274.5399 -0.7799 -0.7799 0.0000 0.0000 0.0000 313.7750 350.5326 -12.8854 0.0000 0.0000
4000.03 17.07.2018 23.40.01 28.08178 284.2679 -277.8937 -0.7895 -0.7895 0.0000 0.0000 0.0000 313.3241 349.8543 -13.0347 0.0000 0.0000
4010.03 17.07.2018 23.50.01 27.96472 284.1125 -281.1145 -0.7986 -0.7986 0.0000 0.0000 0.0000 312.8786 349.1723 -13.1924 0.0000 0.0000
4020.03 18.07.2018 00.00.01 27.84634 283.9725 -283.6973 -0.8060 -0.8060 0.0000 0.0000 0.0000 312.4373 348.4894 -13.3487 0.0000 0.0000
4030.03 18.07.2018 00.10.01 27.72732 283.9621 -285.0072 -0.8097 -0.8097 0.0000 0.0000 0.0000 312.1439 348.0630 -12.3594 0.0000 0.0000
4040.03 18.07.2018 00.20.01 27.60830 283.8887 -283.4650 -0.8053 -0.8053 0.0000 0.0000 0.0000 311.8119 347.5410 -11.9370 0.0000 0.0000
4050.03 18.07.2018 00.30.01 27.49008 283.9928 -281.6933 -0.8003 -0.8003 0.0000 0.0000 0.0000 311.5072 347.1931 -11.0646 0.0000 0.0000
4060.03 18.07.2018 00.40.01 27.37255 283.8443 -280.4449 -0.7967 -0.7967 0.0000 0.0000 0.0000 311.2140 346.6582 -11.2180 0.0000 0.0000
4070.03 18.07.2018 00.50.01 27.25536 283.8046 -279.8841 -0.7951 -0.7951 0.0000 0.0000 0.0000 310.8865 346.1479 -11.1373 0.0000 0.0000
4080.03 18.07.2018 01.00.01 27.13818 283.7034 -279.5814 -0.7943 -0.7943 0.0000 0.0000 0.0000 310.5777 345.5662 -11.4074 0.0000 0.0000
4090.03 18.07.2018 01.10.01 27.02099 283.6582 -279.0503 -0.7928 -0.7928 0.0000 0.0000 0.0000 310.2273 345.0774 -11.1764 0.0000 0.0000
4100.03 18.07.2018 01.20.01 26.90396 283.5629 -278.7588 -0.7919 -0.7919 0.0000 0.0000 0.0000 309.8603 344.4915 -11.3553 0.0000 0.0000
4110.03 18.07.2018 01.30.01 26.78677 283.4634 -279.5692 -0.7942 -0.7942 0.0000 0.0000 0.0000 309.4556 343.8621 -11.6413 0.0000 0.0000
4120.03 18.07.2018 01.40.01 26.66927 283.4272 -281.2100 -0.7989 -0.7989 0.0000 0.0000 0.0000 309.0678 343.3219 -11.5563 0.0000 0.0000
4130.03 18.07.2018 01.50.01 26.55117 283.3759 -282.5715 -0.8028 -0.8028 0.0000 0.0000 0.0000 308.6924 342.7873 -11.5381 0.0000 0.0000
4140.03 18.07.2018 02.00.01 26.43243 283.3170 -283.4114 -0.8051 -0.8052 0.0000 0.0004 0.0002 308.2952 342.2570 -11.5590 0.0000 0.0000
4150.03 18.07.2018 02.10.01 26.31341 283.3798 -282.3651 -0.8022 -0.8069 0.0063 0.2601 0.1404 308.0784 341.9117 -10.9874 0.0000 0.0000
4160.03 18.07.2018 02.20.01 26.19479 283.4199 -281.0474 -0.7984 -0.8090 0.0142 0.5593 0.3029 307.9067 341.5830 -10.5478 0.0000 0.0000
4170.03 18.07.2018 02.30.01 26.07672 283.4538 -280.0793 -0.7957 -0.8124 0.0223 0.8649 0.4689 307.7555 341.2777 -10.1526 0.0000 0.0000
4180.03 18.07.2018 02.40.01 25.95898 283.4879 -278.8395 -0.7922 -0.8150 0.0305 1.1717 0.6355 307.6275 341.0127 -9.7139 0.0000 0.0000
4190.03 18.07.2018 02.50.01 25.84182 283.5250 -277.5182 -0.7884 -0.8174 0.0387 1.4787 0.8023 307.5140 340.7753 -9.2894 0.0000 0.0000
4200.03 18.07.2018 03.00.01 25.72549 283.5673 -276.5782 -0.7857 -0.8209 0.0469 1.7896 0.9712 307.4121 340.5643 -8.8650 0.0000 0.0000
4210.03 18.07.2018 03.10.01 25.60952 283.8616 -259.8560 -0.7382 -0.8207 0.1099 4.3579 2.3590 307.6964 340.9231 -7.3519 0.0000 0.0000
4220.03 18.07.2018 03.20.01 25.49923 284.1322 -245.6861 -0.6980 -0.8379 0.1865 7.2712 3.9408 308.1335 341.4300 -6.2012 0.0000 0.0000
4230.03 18.07.2018 03.30.01 25.39382 284.4249 -235.4150 -0.6688 -0.8680 0.2655 10.2398 5.5532 308.6361 342.0605 -5.0990 0.0000 0.0000
4240.03 18.07.2018 03.40.01 25.29220 284.7417 -227.3787 -0.6460 -0.9047 0.3450 13.2191 7.1717 309.1844 342.8070 -4.0091 0.0000 0.0000
4250.03 18.07.2018 03.50.01 25.19369 285.0706 -220.4741 -0.6263 -0.9447 0.4245 16.2003 8.7912 309.7861 343.6469 -2.9799 0.0000 0.0000
4260.03 18.07.2018 04.00.01 25.09792 285.4027 -214.1824 -0.6085 -0.9865 0.5041 19.1822 10.4110 310.4237 344.5588 -2.0298 0.0000 0.0000
4270.03 18.07.2018 04.10.01 25.00472 285.7323 -206.6075 -0.5870 -1.0289 0.5893 22.3983 12.1574 311.5397 345.6136 -1.3846 0.0000 0.0000
4280.03 18.07.2018 04.20.01 24.91451 286.0667 -199.3028 -0.5662 -1.0732 0.6760 25.6502 13.9238 312.7133 346.7437 -0.8570 0.0000 0.0000
4290.03 18.07.2018 04.30.01 24.82726 286.4038 -192.3195 -0.5464 -1.1185 0.7629 28.9078 15.6934 313.9175 347.9305 -0.4179 0.0000 0.0000
4300.03 18.07.2018 04.40.01 24.74294 286.7449 -185.6585 -0.5274 -1.1648 0.8498 32.1664 17.4637 315.1453 349.1723 -0.0195 0.0000 0.0000
4310.03 18.07.2018 04.50.01 24.66137 287.0873 -179.0033 -0.5085 -1.2111 0.9368 49.4334 26.2381 316.3914 350.7145 0.0033 0.0000 0.0000
4320.03 18.07.2018 05.00.01 24.58270 287.4434 -151.5688 -0.4306 -1.2572 1.1021 59.2808 31.3699 318.1140 352.8339 -0.4943 0.0000 0.0000
4330.03 18.07.2018 05.10.01 24.51296 287.8827 -151.9538 -0.4317 -1.3319 1.2003 171.6338 87.6962 319.7872 356.8701 -2.7389 0.0000 0.0000
4340.03 18.07.2018 05.20.01 24.44503 288.3736 -25.9013 -0.0736 -1.3944 1.7610 334.9304 169.9189 324.4349 366.9907 -11.6960 0.0000 0.0000
4350.03 18.07.2018 05.30.01 24.41647 288.9424 76.5165 0.2174 -1.6186 2.4479 580.3820 303.7532 330.6036 397.1658 -43.9094 0.0000 0.0000
4360.03 18.07.2018 05.40.01 24.42135 289.5916 156.5703 0.4448 -1.9538 3.1981 559.4348 293.4323 338.1042 412.0756 -59.1547 0.0000 0.0000
4370.03 18.07.2018 05.50.01 24.45236 290.0968 43.2359 0.1228 -2.3641 3.3159 542.8733 284.6699 341.5834 420.8317 -68.5732 0.0000 0.0000
4380.03 18.07.2018 06.00.01 24.45233 290.5229 -39.5318 -0.1123 -2.5801 3.2904 519.1500 272.0703 343.7561 427.0966 -75.4842 0.0000 0.0000
4390.03 18.07.2018 06.10.01 24.42910 290.8867 -68.2081 -0.1938 -2.6586 3.2865 515.5101 269.9362 345.1785 432.3948 -81.3576 0.0000 0.0000
4400.03 18.07.2018 06.20.01 24.39843 291.2501 -66.7290 -0.1896 -2.6815 3.3226 496.2621 260.0312 346.6134 436.7854 -85.7301 0.0000 0.0000
4410.03 18.07.2018 06.30.01 24.40591 291.6107 5158.0664 14.6536 -2.6915 23.1268 545.3358 276.2003 348.1206 446.1525 -94.4926 0.0000 0.0000
4420.03 18.07.2018 06.40.01 25.93475 291.9950 2322.0796 6.5968 -10.2208 22.4235 532.9098 270.2017 349.7039 449.4166 -96.4643 0.0000 0.0000
4430.03 18.07.2018 06.50.01 26.64697 292.3518 1034.6832 2.9394 -13.3290 21.6912 520.3510 264.1528 351.1912 451.9926 -97.7401 0.0000 0.0000
4440.03 18.07.2018 07.00.01 26.98351 292.7050 428.4705 1.2172 -14.4796 20.9292 507.5157 257.9529 352.6510 453.9260 -98.2249 0.0000 0.0000
4450.03 18.07.2018 07.10.01 27.14041 292.9616 85.7000 0.2435 -14.7354 19.9718 491.9560 250.5624 354.0227 454.8878 -98.3392 0.0000 0.0000
4460.03 18.07.2018 07.20.01 27.19396 293.2202 -85.4274 -0.2427 -14.5054 19.0169 476.4850 243.2175 355.3786 455.3686 -98.1360 0.0000 0.0000
4470.03 18.07.2018 07.30.01 27.19464 293.4712 -181.6917 -0.5162 -14.0490 18.0438 508.3604 264.3023 356.5584 462.2646 -105.5715 0.0000 0.0000
4480.03 18.07.2018 07.40.01 27.16531 293.7674 -156.7275 -0.4452 -13.4737 17.3712 496.5161 258.4506 357.8416 462.5399 -105.2118 0.0000 0.0000
4490.03 18.07.2018 07.50.01 27.14175 294.0221 -152.6265 -0.4336 -12.9530 16.6925 484.6803 252.6176 359.0589 462.5277 -104.9878 0.0000 0.0000
4500.03 18.07.2018 08.00.01 27.11840 294.2807 -158.0751 -0.4491 -12.4493 16.0003 474.6021 247.8499 360.2492 462.4710 -104.9455 0.0000 0.0000
4510.03 18.07.2018 08.10.01 27.09179 294.4080 -313.4882 -0.8906 -11.9445 14.7386 446.8161 233.9553 361.4793 461.1799 -102.6766 0.0000 0.0000
4520.03 18.07.2018 08.20.01 27.03378 294.5279 1817.5610 5.1635 -11.2205 21.8453 446.6799 230.3531 362.3090 461.4520 -102.6827 0.0000 0.0000
4530.03 18.07.2018 08.30.01 27.59203 294.6617 292.6958 0.8315 -13.5840 19.2207 413.4656 214.2403 363.0844 458.8711 -98.8877 0.0000 0.0000
4540.03 18.07.2018 08.40.01 27.70709 294.7716 -255.4738 -0.7258 -13.6321 17.2084 389.2394 202.5558 363.6793 456.4065 -95.2534 0.0000 0.0000
4550.03 18.07.2018 08.50.01 27.65884 294.8811 -493.3970 -1.4017 -12.8870 15.3138 381.6947 200.7844 364.3545 456.0964 -94.4935 0.0000 0.0000
4560.03 18.07.2018 09.00.01 27.53756 295.0085 -591.0158 -1.6790 -11.8242 13.5269 356.2283 188.1717 365.0728 453.4286 -90.4856 0.0000 0.0000
4570.03 18.07.2018 09.10.01 27.38641 295.1120 -339.4164 -0.9643 -10.6525 12.9177 349.7500 184.9710 365.9709 452.5362 -84.5685 0.0000 0.0000
4580.03 18.07.2018 09.20.01 27.30779 295.2256 -210.2427 -0.5973 -9.8750 12.3702 348.2309 184.6863 367.1065 452.7520 -80.6500 0.0000 0.0000
4590.03 18.07.2018 09.30.01 27.26699 295.3522 -137.6287 -0.3910 -9.2938 11.8704 346.8774 184.4574 368.3852 453.2451 -77.5481 0.0000 0.0000
4600.03 18.07.2018 09.40.01 27.24777 295.4821 -82.1444 -0.2334 -8.8187 11.4471 344.6362 183.5638 369.7481 453.7234 -74.5426 0.0000 0.0000
4610.03 18.07.2018 09.50.01 27.24539 295.6302 -46.4314 -0.1319 -8.4222 11.0538 341.3646 182.0314 371.1507 454.2174 -71.8046 0.0000 0.0000
4620.03 18.07.2018 10.00.01 27.25399 295.7721 -26.8849 -0.0764 -8.0738 10.6632 337.7767 180.3053 372.5143 454.7068 -69.4627 0.0000 0.0000
4630.03 18.07.2018 10.10.01 27.26956 295.9253 94.8021 0.2693 -7.7494 10.6916 345.0067 184.1552 374.4700 455.8069 -71.0783 0.0000 0.0000
4640.03 18.07.2018 10.20.01 27.32180 296.0534 157.4025 0.4472 -7.5967 10.7251 352.8576 188.3649 376.6167 456.5991 -74.8330 0.0000 0.0000
4650.03 18.07.2018 10.30.01 27.39340 296.1534 177.2994 0.5037 -7.5254 10.7055 359.8478 192.1001 378.6816 456.9609 -79.4411 0.0000 0.0000
4660.03 18.07.2018 10.40.01 27.47173 296.2775 190.5179 0.5412 -7.4740 10.6870 367.6613 196.3382 380.9495 457.6628 -82.6907 0.0000 0.0000
4670.03 18.07.2018 10.50.01 27.55508 296.4114 187.4414 0.5325 -7.4290 10.6154 374.3827 199.9605 383.4992 459.6420 -83.7803 0.0000 0.0000
4680.03 18.07.2018 11.00.01 27.63809 296.5214 178.8939 0.5082 -7.3696 10.5038 380.6130 203.3214 385.8237 460.5506 -86.9039 0.0000 0.0000
4690.03 18.07.2018 11.10.01 27.71783 296.5915 19.5489 0.0555 -7.2867 9.7897 365.0233 195.5831 386.5398 461.7915 -81.9551 0.0000 0.0000
4700.03 18.07.2018 11.20.01 27.74999 296.6293 -75.8837 -0.2156 -6.9697 9.0056 343.7646 184.5132 386.4958 461.7409 -75.9281 0.0000 0.0000
4710.03 18.07.2018 11.30.01 27.75295 296.6478 -106.1629 -0.3016 -6.5240 8.2965 322.8987 173.6318 386.0661 461.1923 -70.7984 0.0000 0.0000
4720.03 18.07.2018 11.40.01 27.74594 296.6596 -93.4538 -0.2655 -6.0492 7.7116 305.1017 164.4251 385.4648 460.3829 -67.0619 0.0000 0.0000
4730.03 18.07.2018 11.50.01 27.74163 296.6715 -70.3967 -0.2000 -5.6070 7.2093 287.3681 155.1934 384.5835 459.4252 -62.8780 0.0000 0.0000
4740.03 18.07.2018 12.00.01 27.74362 296.7228 -38.0819 -0.1082 -5.2100 6.8024 270.5966 146.4635 383.6036 457.9300 -60.0529 0.0000 0.0000
4750.03 18.07.2018 12.10.01 27.75466 296.9202 -23.6552 -0.0672 -4.8670 6.3997 266.9645 144.2098 382.3570 456.1125 -58.6925 0.0000 0.0000
4760.03 18.07.2018 12.20.01 27.76983 297.1463 15.2863 0.0434 -4.5517 6.1269 267.6235 144.4317 381.6067 454.6109 -60.2754 0.0000 0.0000
4770.03 18.07.2018 12.30.01 27.79656 297.3327 56.8068 0.1614 -4.2981 5.9460 270.8191 146.0973 381.0138 453.4544 -62.6704 0.0000 0.0000
4780.03 18.07.2018 12.40.01 27.83541 297.4857 77.8021 0.2210 -4.1089 5.7732 275.1986 148.4586 380.5943 453.3146 -62.0611 0.0000 0.0000
4790.03 18.07.2018 12.50.01 27.88036 297.6600 80.9547 0.2300 -3.9529 5.5772 279.8235 150.9840 380.1682 453.5573 -61.4556 0.0000 0.0000
4800.03 18.07.2018 13.00.01 27.92611 297.8815 88.5793 0.2516 -3.8042 5.4077 285.5902 154.1758 379.8484 454.2326 -61.3689 0.0000 0.0000
4810.03 18.07.2018 13.10.01 27.97430 297.8911 135.0258 0.3836 -3.6700 5.4048 280.3409 151.6441 381.8494 455.8698 -55.3019 0.0000 0.0000
4820.03 18.07.2018 13.20.01 28.03634 297.7889 129.0517 0.3666 -3.5984 5.2867 271.1842 146.8582 383.3364 455.9606 -55.7919 0.0000 0.0000
4830.03 18.07.2018 13.30.01 28.09701 297.6763 130.3581 0.3703 -3.5165 5.1824 261.9974 142.0517 384.5319 455.1500 -59.0243 0.0000 0.0000
4840.03 18.07.2018 13.40.01 28.15789 297.6557 128.8818 0.3661 -3.4374 5.0714 251.9801 136.7545 385.6292 454.7171 -54.2704 0.0000 0.0000
4850.03 18.07.2018 13.50.01 28.21786 297.5320 124.8310 0.3546 -3.3641 4.9583 241.3649 131.1015 386.3993 452.6602 -56.3295 0.0000 0.0000
4860.03 18.07.2018 14.00.01 28.27569 297.5048 116.1018 0.3298 -3.2960 4.8344 229.8414 124.9128 386.7987 450.1503 -59.4386 0.0000 0.0000
4870.03 18.07.2018 14.10.01 28.32980 297.3972 62.9902 0.1789 -3.2212 4.5336 210.9072 114.7126 385.3411 448.1872 -53.6828 0.0000 0.0000
4880.03 18.07.2018 14.20.01 28.36736 297.2959 20.8569 0.0593 -3.0745 4.1784 190.1446 103.4682 383.6429 445.5827 -48.8174 0.0000 0.0000
4890.03 18.07.2018 14.30.01 28.39153 297.2053 -4.4015 -0.0125 -2.8758 3.8177 168.8362 91.9036 381.8001 442.5159 -44.5654 0.0000 0.0000
4900.03 18.07.2018 14.40.01 28.40719 297.1550 -22.9157 -0.0651 -2.6515 3.4486 146.1607 79.5651 379.7966 439.2031 -38.5426 0.0000 0.0000
4910.03 18.07.2018 14.50.01 28.41635 297.0889 -35.2556 -0.1002 -2.4127 3.0834 123.2070 67.0585 377.6176 435.5329 -32.8954 0.0000 0.0000
4920.03 18.07.2018 15.00.01 28.42071 297.0326 -46.1982 -0.1312 -2.1698 2.7180 99.8817 54.3279 375.2681 431.4762 -27.6369 0.0000 0.0000
4930.03 18.07.2018 15.10.01 28.42074 296.6641 -14.4641 -0.0411 -1.9317 2.5208 93.8288 50.9885 372.1077 427.6151 -28.0880 0.0000 0.0000
4940.03 18.07.2018 15.20.01 28.42907 296.3673 17.7801 0.0505 -1.7594 2.4132 90.0683 48.9406 369.1905 424.1398 -28.7457 0.0000 0.0000
4950.03 18.07.2018 15.30.01 28.44540 296.0908 30.6594 0.0871 -1.6538 2.3212 86.6645 47.0901 366.3358 420.8004 -29.2717 0.0000 0.0000
4960.03 18.07.2018 15.40.01 28.46411 295.8463 31.6563 0.0899 -1.5841 2.2320 83.3311 45.2791 363.4634 417.6885 -28.5923 0.0000 0.0000
4970.03 18.07.2018 15.50.01 28.48174 295.6311 26.4316 0.0751 -1.5324 2.1433 80.0098 43.4748 360.5776 414.6869 -28.1771 0.0000 0.0000
4980.03 18.07.2018 16.00.01 28.49645 295.4271 18.1120 0.0515 -1.4897 2.0548 76.7211 41.6885 357.6885 411.8025 -27.5501 0.0000 0.0000
4990.03 18.07.2018 16.10.01 28.50753 295.6528 18.8275 0.0535 -1.4475 2.0013 91.6958 49.9566 357.3695 411.8503 -24.6872 0.0000 0.0000
5000.03 18.07.2018 16.20.01 28.51864 295.9019 34.7744 0.0988 -1.4092 2.0107 108.5287 59.2795 357.6897 412.9138 -23.5928 0.0000 0.0000
5010.03 18.07.2018 16.30.01 28.53436 296.1602 44.4801 0.1264 -1.3965 2.0305 125.8208 68.8664 358.2730 414.5355 -23.4724 0.0000 0.0000
5020.03 18.07.2018 16.40.01 28.55270 296.4267 48.0923 0.1366 -1.4004 2.0494 147.5551 80.9259 359.0035 417.0112 -24.1684 0.0000 0.0000
5030.03 18.07.2018 16.50.01 28.57186 296.7019 50.5931 0.1437 -1.4135 2.0762 169.8341 93.3048 359.8717 420.0440 -25.5349 0.0000 0.0000
5040.03 18.07.2018 17.00.01 28.59146 296.9829 50.8461 0.1444 -1.4342 2.1049 192.1986 105.7331 360.8555 423.4849 -27.4081 0.0000 0.0000
5050.03 18.07.2018 17.10.01 28.61065 296.6644 37.6700 0.1070 -1.4613 2.0911 181.3905 99.8334 360.7064 422.7578 -31.9072 0.0000 0.0000
5060.03 18.07.2018 17.20.01 28.62481 296.3208 -0.0005 -0.0000 -1.4810 1.9746 167.8030 92.3661 359.7249 420.7389 -35.1942 0.0000 0.0000
5070.03 18.07.2018 17.30.01 28.62652 295.9738 -29.5328 -0.0839 -1.4597 1.8344 147.8573 81.6708 358.3770 418.0506 -37.1801 0.0000 0.0000
5080.03 18.07.2018 17.40.01 28.61822 295.6266 -48.7876 -0.1386 -1.4112 1.6967 130.8235 72.2321 356.8916 414.7491 -37.2759 0.0000 0.0000
5090.03 18.07.2018 17.50.01 28.60287 295.2775 -66.3777 -0.1886 -1.3502 1.5488 113.3950 62.5671 355.2783 411.2575 -36.6024 0.0000 0.0000
5100.03 18.07.2018 18.00.01 28.58102 294.9276 -79.8396 -0.2268 -1.2783 1.4020 95.8605 52.8377 353.6211 407.6151 -35.1713 0.0000 0.0000
5110.03 18.07.2018 18.10.01 28.55392 294.5696 -101.8473 -0.2893 -1.2004 1.2148 82.4136 45.4732 351.4858 404.5446 -32.0308 0.0000 0.0000
5120.03 18.07.2018 18.20.01 28.51922 294.2138 -116.1907 -0.3301 -1.1027 1.0302 69.2512 38.2502 349.3779 401.4304 -29.0852 0.0000 0.0000
5130.03 18.07.2018 18.30.01 28.47921 293.8581 -125.7388 -0.3572 -0.9965 0.8524 57.1204 31.5490 347.2985 398.2820 -26.2843 0.0000 0.0000
5140.03 18.07.2018 18.40.01 28.43533 293.5069 -134.2688 -0.3814 -0.8892 0.6770 41.2244 22.7644 345.2338 394.8656 -22.8979 0.0000 0.0000
5150.03 18.07.2018 18.50.01 28.38784 293.1584 -144.9196 -0.4117 -0.7818 0.4935 25.8491 14.2379 343.1362 391.3478 -19.3607 0.0000 0.0000
5160.03 18.07.2018 19.00.01 28.33615 292.7977 -154.6301 -0.4393 -0.6719 0.3102 10.5912 5.7811 341.0168 387.7451 -15.9536 0.0000 0.0000
5170.03 18.07.2018 19.10.01 28.28063 292.5473 -139.8354 -0.3973 -0.5601 0.2171 7.8355 4.2652 340.8491 385.5210 -13.7104 0.0000 0.0000
5180.03 18.07.2018 19.20.01 28.22888 292.3082 -123.7666 -0.3516 -0.4780 0.1685 6.1453 3.3437 341.0023 383.7324 -12.2679 0.0000 0.0000
5190.03 18.07.2018 19.30.01 28.18133 292.0718 -116.3444 -0.3305 -0.4264 0.1279 4.6467 2.5290 341.2680 382.1497 -11.2292 0.0000 0.0000
5200.03 18.07.2018 19.40.01 28.13546 291.8376 -114.9282 -0.3265 -0.3930 0.0887 3.1829 1.7337 341.6317 380.7329 -10.4206 0.0000 0.0000
5210.03 18.07.2018 19.50.01 28.08935 291.6036 -116.9288 -0.3322 -0.3695 0.0498 1.7253 0.9419 342.0239 379.4335 -9.8392 0.0000 0.0000
5220.03 18.07.2018 20.00.01 28.04189 291.3700 -120.8219 -0.3432 -0.3515 0.0110 0.2709 0.1518 342.3919 378.2196 -9.4184 0.0000 0.0000
5230.03 18.07.2018 20.10.01 27.99267 291.2876 -117.9181 -0.3350 -0.3365 0.0019 0.0458 0.0255 344.0845 377.5398 -8.6460 0.0000 0.0000
5240.03 18.07.2018 20.20.01 27.94387 291.2108 -116.7631 -0.3317 -0.3320 0.0004 0.0086 0.0048 345.9150 377.0508 -8.3697 0.0000 0.0000
5250.03 18.07.2018 20.30.01 27.89477 291.1347 -117.4207 -0.3336 -0.3336 0.0001 0.0015 0.0008 347.8041 376.6816 -8.3454 0.0000 0.0000
5260.03 18.07.2018 20.40.01 27.84509 291.0605 -119.8258 -0.3404 -0.3404 0.0000 0.0003 0.0002 349.7343 376.4255 -8.4398 0.0000 0.0000
5270.03 18.07.2018 20.50.01 27.79424 290.9871 -123.0558 -0.3496 -0.3496 0.0000 0.0000 0.0000 351.6982 376.2520 -8.6903 0.0000 0.0000
5280.03 18.07.2018 21.00.01 27.74194 290.9140 -126.5116 -0.3594 -0.3594 0.0000 0.0000 0.0000 353.6836 376.1440 -9.0832 0.0000 0.0000
5290.03 18.07.2018 21.10.01 27.68823 290.8389 -130.1664 -0.3698 -0.3698 0.0000 0.0000 0.0000 353.4939 375.8204 -9.0778 0.0000 0.0000
5300.03 18.07.2018 21.20.01 27.63284 290.7615 -134.4491 -0.3820 -0.3820 0.0000 0.0000 0.0000 353.2114 375.4536 -8.9948 0.0000 0.0000
5310.03 18.07.2018 21.30.01 27.57552 290.6851 -139.0961 -0.3952 -0.3952 0.0000 0.0000 0.0000 352.9179 375.0807 -8.8981 0.0000 0.0000
5320.03 18.07.2018 21.40.01 27.51629 290.6051 -143.5717 -0.4079 -0.4079 0.0000 0.0000 0.0000 352.6226 374.7011 -8.8107 0.0000 0.0000
5330.03 18.07.2018 21.50.01 27.45529 290.5258 -147.6967 -0.4196 -0.4196 0.0000 0.0000 0.0000 352.3275 374.3215 -8.7184 0.0000 0.0000
5340.03 18.07.2018 22.00.01 27.39260 290.4459 -151.2035 -0.4296 -0.4296 0.0000 0.0000 0.0000 352.0330 373.9419 -8.6274 0.0000 0.0000
5350.03 18.07.2018 22.10.01 27.32864 290.3783 -154.3548 -0.4385 -0.4385 0.0000 0.0000 0.0000 351.1803 373.4844 -8.4446 0.0000 0.0000
5360.03 18.07.2018 22.20.01 27.26330 290.3093 -157.2105 -0.4466 -0.4466 0.0000 0.0000 0.0000 350.2996 372.9962 -8.2533 0.0000 0.0000
5370.03 18.07.2018 22.30.01 27.19683 290.2417 -159.9568 -0.4544 -0.4544 0.0000 0.0000 0.0000 349.4121 372.4960 -8.0363 0.0000 0.0000
5380.03 18.07.2018 22.40.01 27.12930 290.1717 -162.4340 -0.4615 -0.4615 0.0000 0.0000 0.0000 348.5193 371.9817 -7.8165 0.0000 0.0000
5390.03 18.07.2018 22.50.01 27.06075 290.1027 -164.5371 -0.4674 -0.4674 0.0000 0.0000 0.0000 347.6242 371.4604 -7.5780 0.0000 0.0000
5400.03 18.07.2018 23.00.01 26.99136 290.0311 -166.2584 -0.4723 -0.4723 0.0000 0.0000 0.0000 346.7257 370.9280 -7.3421 0.0000 0.0000
5410.03 18.07.2018 23.10.01 26.92129 289.8614 -167.9500 -0.4771 -0.4771 0.0000 0.0000 0.0000 345.6603 370.2694 -7.4721 0.0000 0.0000
5420.03 18.07.2018 23.20.01 26.85052 289.6917 -169.7657 -0.4823 -0.4823 0.0000 0.0000 0.0000 344.5690 369.6001 -7.4885 0.0000 0.0000
5430.03 18.07.2018 23.30.01 26.77911 289.5189 -171.5170 -0.4873 -0.4873 0.0000 0.0000 0.0000 343.4690 368.9076 -7.4918 0.0000 0.0000
5440.03 18.07.2018 23.40.01 26.70678 289.3435 -172.7717 -0.4908 -0.4908 0.0000 0.0000 0.0000 342.3598 368.1795 -7.5678 0.0000 0.0000
5450.03 18.07.2018 23.50.01 26.63403 289.1703 -174.1978 -0.4949 -0.4949 0.0000 0.0000 0.0000 341.2549 367.4605 -7.5307 0.0000 0.0000
5460.03 19.07.2018 00.00.01 26.56078 288.9910 -175.5684 -0.4988 -0.4988 0.0000 0.0000 0.0000 340.1479 366.7243 -7.5017 0.0000 0.0000
5470.03 19.07.2018 00.10.01 26.48684 288.7921 -176.4898 -0.5014 -0.5014 0.0000 0.0000 0.0000 339.2779 365.9811 -7.6373 0.0000 0.0000
5480.03 19.07.2018 00.20.01 26.41268 288.5992 -177.8429 -0.5052 -0.5052 0.0000 0.0000 0.0000 338.4235 365.2390 -7.7809 0.0000 0.0000
5490.03 19.07.2018 00.30.01 26.33779 288.4035 -178.7802 -0.5079 -0.5079 0.0000 0.0000 0.0000 337.5656 364.4910 -7.9240 0.0000 0.0000
5500.03 19.07.2018 00.40.01 26.26272 288.2062 -180.3695 -0.5124 -0.5124 0.0000 0.0000 0.0000 336.7027 363.7421 -8.0464 0.0000 0.0000
5510.03 19.07.2018 00.50.01 26.18676 288.0047 -181.1339 -0.5146 -0.5146 0.0000 0.0000 0.0000 335.8393 362.9872 -8.1773 0.0000 0.0000
5520.03 19.07.2018 01.00.01 26.11071 287.8071 -182.6118 -0.5188 -0.5188 0.0000 0.0000 0.0000 334.9756 362.2336 -8.2921 0.0000 0.0000
5530.03 19.07.2018 01.10.01 26.03381 287.7149 -183.3461 -0.5209 -0.5209 0.0000 0.0000 0.0000 334.8244 361.6925 -8.0495 0.0000 0.0000
5540.03 19.07.2018 01.20.01 25.95690 287.6224 -184.3659 -0.5238 -0.5238 0.0000 0.0000 0.0000 334.7148 361.1967 -7.9206 0.0000 0.0000
5550.03 19.07.2018 01.30.01 25.87960 287.5227 -184.7526 -0.5249 -0.5249 0.0000 0.0000 0.0000 334.6094 360.7201 -7.8559 0.0000 0.0000
5560.03 19.07.2018 01.40.01 25.80200 287.4187 -184.7722 -0.5249 -0.5249 0.0000 0.0000 0.0000 334.5135 360.2653 -7.7842 0.0000 0.0000
5570.03 19.07.2018 01.50.01 25.72427 287.3469 -184.7654 -0.5249 -0.5249 0.0000 0.0000 0.0000 334.4419 359.8607 -7.6137 0.0000 0.0000
5580.03 19.07.2018 02.00.01 25.64657 287.2552 -184.7585 -0.5249 -0.5249 0.0000 0.0003 0.0002 334.4285 359.4810 -7.5313 0.0000 0.0000
5590.03 19.07.2018 02.10.01 25.56881 287.2257 -183.6934 -0.5219 -0.5254 0.0047 0.1930 0.1042 333.7743 358.9624 -7.5775 0.0000 0.0000
5600.03 19.07.2018 02.20.01 25.49133 287.1099 -184.6197 -0.5245 -0.5324 0.0105 0.4150 0.2247 333.0310 358.3035 -8.0824 0.0000 0.0000
5610.03 19.07.2018 02.30.01 25.41317 286.9820 -186.4100 -0.5296 -0.5420 0.0165 0.6417 0.3479 332.2876 357.6238 -8.6434 0.0000 0.0000
5620.03 19.07.2018 02.40.01 25.33425 286.8607 -188.3737 -0.5352 -0.5521 0.0226 0.8693 0.4715 331.5259 356.9695 -9.0236 0.0000 0.0000
5630.03 19.07.2018 02.50.01 25.25469 286.7409 -189.8746 -0.5394 -0.5609 0.0287 1.0971 0.5953 330.7083 356.2935 -9.3659 0.0000 0.0000
5640.03 19.07.2018 03.00.01 25.17449 286.5957 -191.1117 -0.5429 -0.5691 0.0349 1.3303 0.7219 329.8502 355.5603 -9.7898 0.0000 0.0000
5650.03 19.07.2018 03.10.01 25.09390 286.6181 -171.7790 -0.4880 -0.5770 0.1187 4.7658 2.5778 329.4057 355.3853 -9.4665 0.0000 0.0000
5660.03 19.07.2018 03.20.01 25.01916 286.6466 -157.2946 -0.4469 -0.6132 0.2218 8.6906 4.7087 329.1359 355.4084 -9.3882 0.0000 0.0000
5670.03 19.07.2018 03.30.01 24.94885 286.6773 -148.7010 -0.4224 -0.6687 0.3284 12.6939 6.8831 328.9369 355.5321 -9.4527 0.0000 0.0000
5680.03 19.07.2018 03.40.01 24.88128 286.7104 -143.3602 -0.4073 -0.7339 0.4355 16.7125 9.0661 328.7792 355.7425 -9.5801 0.0000 0.0000
5690.03 19.07.2018 03.50.01 24.81558 286.7445 -139.5491 -0.3964 -0.8036 0.5428 20.7336 11.2505 328.6446 356.0185 -9.7804 0.0000 0.0000
5700.03 19.07.2018 04.00.01 24.75131 286.7809 -136.5026 -0.3878 -0.8755 0.6502 24.7607 13.4382 328.5321 356.3529 -10.0349 0.0000 0.0000
5710.03 19.07.2018 04.10.01 24.68844 287.1380 -112.4426 -0.3194 -0.9468 0.8364 32.0404 17.3821 329.0554 357.4537 -9.1764 0.0000 0.0000
5720.03 19.07.2018 04.20.01 24.63357 287.5035 -92.1770 -0.2619 -1.0436 1.0423 39.8170 21.6055 329.7933 358.8378 -8.6152 0.0000 0.0000
5730.03 19.07.2018 04.30.01 24.58560 287.8736 -77.3573 -0.2198 -1.1585 1.2517 47.6734 25.8730 330.6316 360.3974 -8.2408 0.0000 0.0000
5740.03 19.07.2018 04.40.01 24.54305 288.2464 -65.8855 -0.1872 -1.2834 1.4617 55.5451 30.1492 331.5356 362.1019 -8.0127 0.0000 0.0000
5750.03 19.07.2018 04.50.01 24.50488 288.6218 -56.1332 -0.1595 -1.4133 1.6718 67.6824 36.5583 332.4891 364.0098 -8.0114 0.0000 0.0000
5760.03 19.07.2018 05.00.01 24.47064 289.0208 -40.9155 -0.1162 -1.5455 1.9057 77.7796 41.9677 333.6349 366.2204 -8.2010 0.0000 0.0000
5770.03 19.07.2018 05.10.01 24.44189 289.4053 -32.8969 -0.0935 -1.6872 2.1250 109.1960 58.0280 334.7723 368.9509 -8.8579 0.0000 0.0000
5780.03 19.07.2018 05.20.01 24.41683 289.8020 0.4520 0.0013 -1.8279 2.4389 151.4428 79.5895 336.5608 373.0173 -10.9548 0.0000 0.0000
5790.03 19.07.2018 05.30.01 24.40292 290.2158 29.2132 0.0830 -2.0023 2.7804 211.3303 112.2676 338.6862 381.0388 -17.9129 0.0000 0.0000
5800.03 19.07.2018 05.40.01 24.39901 290.6498 52.5499 0.1493 -2.2016 3.1346 210.8995 112.2524 341.0391 385.8994 -20.4020 0.0000 0.0000
5810.03 19.07.2018 05.50.01 24.40334 291.0572 28.9417 0.0822 -2.4162 3.3312 202.4191 108.0529 342.4852 389.3244 -21.4612 0.0000 0.0000
5820.03 19.07.2018 06.00.01 24.40200 291.4540 13.2993 0.0378 -2.5792 3.4893 195.6295 104.6313 343.6181 392.0256 -21.8379 0.0000 0.0000
5830.03 19.07.2018 06.10.01 24.39700 291.8603 -20.0150 -0.0569 -2.7054 3.5314 219.1184 116.8134 345.0040 396.1598 -19.6684 0.0000 0.0000
5840.03 19.07.2018 06.20.01 24.38336 292.2895 -8.8416 -0.0251 -2.7689 3.6584 241.7114 128.6293 346.8894 400.9855 -20.5063 0.0000 0.0000
5850.03 19.07.2018 06.30.01 24.37429 292.8265 8.9001 0.0253 -2.8326 3.8105 264.9080 140.7869 348.7366 405.1140 -27.1107 0.0000 0.0000
5860.03 19.07.2018 06.40.01 24.38552 293.3711 1930.7919 5.4852 -2.9032 11.1846 303.6100 157.5561 350.9693 412.9945 -26.3173 0.0000 0.0000
5870.03 19.07.2018 06.50.01 24.95864 293.9034 1089.3713 3.0948 -5.7279 11.7636 318.6452 165.2553 353.0530 418.7062 -26.3781 0.0000 0.0000
5880.03 19.07.2018 07.00.01 25.29229 293.7724 709.9793 2.0170 -7.2096 12.3022 333.2144 172.7112 355.0374 422.6160 -34.9747 0.0000 0.0000
5890.03 19.07.2018 07.10.01 25.51620 294.3578 376.6424 1.0700 -8.0899 12.2132 335.0154 173.9519 356.8546 427.9578 -32.7830 0.0000 0.0000
5900.03 19.07.2018 07.20.01 25.64340 294.4330 215.0970 0.6111 -8.4536 12.0862 336.0657 174.7788 358.0280 429.6381 -44.5648 0.0000 0.0000
5910.03 19.07.2018 07.30.01 25.72338 294.4396 133.4991 0.3793 -8.5732 11.9366 361.3413 190.1631 358.7965 433.4364 -61.5238 0.0000 0.0000
5920.03 19.07.2018 07.40.01 25.77908 294.7994 110.9168 0.3151 -8.5710 11.8481 362.6258 191.0036 360.9266 440.2755 -44.7123 0.0000 0.0000
5930.03 19.07.2018 07.50.01 25.82833 294.6237 96.0273 0.2728 -8.5354 11.7443 363.7354 191.7571 362.2591 439.6265 -60.7082 0.0000 0.0000
5940.03 19.07.2018 08.00.01 25.87286 294.6903 83.6492 0.2376 -8.4809 11.6247 365.7640 193.0720 362.2144 437.7684 -77.9311 0.0000 0.0000
5950.03 19.07.2018 08.10.01 25.91464 294.9117 210.9990 0.5994 -8.4076 12.0094 380.4031 200.6623 362.6617 439.7037 -79.0980 0.0000 0.0000
5960.03 19.07.2018 08.20.01 26.00762 295.1421 2103.2849 5.9752 -8.5108 19.3147 419.3562 217.6094 363.6118 443.9019 -84.4560 0.0000 0.0000
5970.03 19.07.2018 08.30.01 26.65380 295.3933 1267.6576 3.6013 -11.3267 19.9040 435.4540 225.9030 364.8083 446.9666 -87.0744 0.0000 0.0000
5980.03 19.07.2018 08.40.01 27.06161 295.6326 836.2761 2.3758 -12.8102 20.2480 448.2169 232.5468 366.0355 449.9549 -89.6629 0.0000 0.0000
5990.03 19.07.2018 08.50.01 27.34518 295.8715 622.0167 1.7671 -13.6172 20.5124 483.5002 252.7654 367.2584 455.6855 -97.7017 0.0000 0.0000
6000.03 19.07.2018 09.00.01 27.56667 296.1389 505.3198 1.4356 -14.0898 20.7004 495.0688 258.8100 368.5400 458.9700 -100.4788 0.0000 0.0000
6010.03 19.07.2018 09.10.01 27.75283 296.3736 227.4973 0.6463 -14.3827 20.0387 491.5777 257.3062 370.1800 461.9069 -99.6504 0.0000 0.0000
6020.03 19.07.2018 09.20.01 27.85650 296.6068 78.0347 0.2217 -14.2678 19.3193 494.1639 259.5028 371.6649 465.4667 -98.9463 0.0000 0.0000
6030.03 19.07.2018 09.30.01 27.91497 296.8344 12.1687 0.0346 -13.9441 18.6382 496.7964 261.6896 373.3052 468.7994 -99.7161 0.0000 0.0000
6040.03 19.07.2018 09.40.01 27.95291 297.0672 -13.1108 -0.0372 -13.5366 17.9992 495.7920 261.5884 374.9426 471.8350 -97.9843 0.0000 0.0000
6050.03 19.07.2018 09.50.01 27.98242 297.3137 -22.5484 -0.0641 -13.1027 17.3849 492.3443 260.0088 376.6760 474.5756 -95.6067 0.0000 0.0000
6060.03 19.07.2018 10.00.01 28.00836 297.5511 -37.2874 -0.1059 -12.6625 16.7422 487.9341 257.8711 378.3597 476.8353 -94.3991 0.0000 0.0000
6070.03 19.07.2018 10.10.01 28.02856 297.7086 -177.5392 -0.5044 -12.2043 15.6000 471.1013 249.4864 381.7826 480.6029 -91.2483 0.0000 0.0000
6080.03 19.07.2018 10.20.01 28.00695 297.9006 -248.6278 -0.7063 -11.5436 14.4497 452.5804 240.1052 384.6219 482.1531 -92.6984 0.0000 0.0000
6090.03 19.07.2018 10.30.01 27.96374 298.1348 -277.3818 -0.7880 -10.7868 13.3318 433.4256 230.3274 386.2522 481.0396 -93.1918 0.0000 0.0000
6100.03 19.07.2018 10.40.01 27.91143 298.6207 -236.9526 -0.6732 -9.9976 12.4326 419.1082 223.1464 388.1186 482.0220 -76.4646 0.0000 0.0000
6110.03 19.07.2018 10.50.01 27.87124 298.9523 -199.3344 -0.5663 -9.2592 11.5905 404.4858 215.7349 389.8882 481.7967 -76.4040 0.0000 0.0000
6120.03 19.07.2018 11.00.01 27.84005 299.3505 -167.6392 -0.4762 -8.5957 10.8260 390.4517 208.6181 391.2723 480.5691 -82.3389 0.0000 0.0000
6130.03 19.07.2018 11.10.01 27.81695 299.2930 -238.0356 -0.6762 -7.9832 9.7427 361.9891 193.9630 393.5627 481.1048 -68.0045 0.0000 0.0000
6140.03 19.07.2018 11.20.01 27.77239 299.0514 -276.4773 -0.7854 -7.2703 8.6465 328.9167 176.5669 395.0774 478.3792 -69.5788 0.0000 0.0000
6150.03 19.07.2018 11.30.01 27.71581 298.6870 -271.5272 -0.7714 -6.5152 7.6585 296.6696 159.5914 395.6646 473.4033 -74.8762 0.0000 0.0000
6160.03 19.07.2018 11.40.01 27.65945 298.5820 -236.6106 -0.6722 -5.7880 6.8211 267.6978 144.3812 396.2795 469.6922 -63.7492 0.0000 0.0000
6170.03 19.07.2018 11.50.01 27.61212 298.3661 -197.8060 -0.5619 -5.1335 6.0953 239.0385 129.2728 396.3666 464.5568 -63.7055 0.0000 0.0000
6180.03 19.07.2018 12.00.01 27.57501 298.2611 -154.0939 -0.4378 -4.5551 5.4898 211.2223 114.5757 396.0946 458.8575 -66.7797 0.0000 0.0000
6190.03 19.07.2018 12.10.01 27.55044 298.1994 -55.8012 -0.1585 -4.0573 5.1984 203.9549 110.5260 394.3560 455.1704 -62.7575 0.0000 0.0000
6200.03 19.07.2018 12.20.01 27.55499 298.1621 34.0084 0.0966 -3.7104 5.0760 201.1095 108.9878 393.2729 452.7182 -59.8730 0.0000 0.0000
6210.03 19.07.2018 12.30.01 27.58654 298.1368 90.3004 0.2565 -3.4965 5.0040 199.3209 108.0363 392.5040 450.7686 -57.5666 0.0000 0.0000
6220.03 19.07.2018 12.40.01 27.63510 298.1156 119.7260 0.3401 -3.3631 4.9376 197.8469 107.2646 391.8609 449.1464 -55.6126 0.0000 0.0000
6230.03 19.07.2018 12.50.01 27.69256 298.0975 133.3413 0.3788 -3.2717 4.8673 196.2084 106.3968 391.2648 447.7314 -53.9096 0.0000 0.0000
6240.03 19.07.2018 13.00.01 27.75414 298.0813 140.8661 0.4002 -3.2013 4.8020 194.7544 105.6339 390.7106 446.5121 -52.4491 0.0000 0.0000
6250.03 19.07.2018 13.10.01 27.81799 298.1514 170.4385 0.4842 -3.1453 4.8394 214.4921 116.1483 388.1536 446.3546 -52.9606 0.0000 0.0000
6260.03 19.07.2018 13.20.01 27.89083 298.2301 216.2503 0.6143 -3.1392 5.0047 238.8587 129.3294 386.0669 447.2397 -56.9376 0.0000 0.0000
6270.03 19.07.2018 13.30.01 27.97695 298.3259 245.8987 0.6986 -3.2016 5.2002 265.0570 143.5773 384.2988 448.7107 -62.1305 0.0000 0.0000
6280.03 19.07.2018 13.40.01 28.07189 298.3871 260.3485 0.7396 -3.3086 5.3976 293.2495 158.9601 382.6951 450.6665 -68.5617 0.0000 0.0000
6290.03 19.07.2018 13.50.01 28.17114 298.5007 268.2079 0.7620 -3.4374 5.5992 322.6171 175.0432 381.2587 453.0600 -75.3141 0.0000 0.0000
6300.03 19.07.2018 14.00.01 28.27273 298.6141 264.4964 0.7514 -3.5770 5.7712 351.9089 191.1049 379.7902 455.6064 -82.2698 0.0000 0.0000
6310.03 19.07.2018 14.10.01 28.37289 298.5256 236.9944 0.6733 -3.7114 5.8462 343.4833 186.8612 380.2771 456.4262 -81.8129 0.0000 0.0000
6320.03 19.07.2018 14.20.01 28.46411 298.4092 158.3674 0.4499 -3.8073 5.6763 327.8499 178.5107 379.6859 455.5496 -81.1855 0.0000 0.0000
6330.03 19.07.2018 14.30.01 28.53124 298.2828 107.6157 0.3057 -3.7966 5.4698 310.7342 169.3131 378.6116 453.9564 -80.6196 0.0000 0.0000
6340.03 19.07.2018 14.40.01 28.58206 298.1585 72.9669 0.2073 -3.7224 5.2396 291.5467 158.9344 377.3192 451.9197 -78.4566 0.0000 0.0000
6350.03 19.07.2018 14.50.01 28.62148 298.0308 55.8312 0.1586 -3.6107 5.0257 272.2315 148.4699 375.9604 449.5591 -75.7234 0.0000 0.0000
6360.03 19.07.2018 15.00.01 28.65472 297.9361 41.9630 0.1192 -3.4853 4.8060 252.0704 137.5028 374.5309 446.9118 -71.9622 0.0000 0.0000
6370.03 19.07.2018 15.10.01 28.68289 297.7541 27.9652 0.0794 -3.3524 4.5758 236.8287 129.1986 373.2791 444.5739 -67.5378 0.0000 0.0000
6380.03 19.07.2018 15.20.01 28.70641 297.5753 29.1458 0.0828 -3.2081 4.3878 222.3623 121.3230 372.1777 442.2251 -63.7110 0.0000 0.0000
6390.03 19.07.2018 15.30.01 28.72943 297.3976 28.7384 0.0816 -3.0756 4.2096 207.8262 113.3976 371.1207 439.7672 -60.1189 0.0000 0.0000
6400.03 19.07.2018 15.40.01 28.75152 297.2192 21.1957 0.0602 -2.9520 4.0163 191.3136 104.3600 370.0106 437.0258 -56.2973 0.0000 0.0000
6410.03 19.07.2018 15.50.01 28.77059 297.0382 15.5845 0.0443 -2.8269 3.8283 174.7134 95.2692 368.8819 434.1416 -52.5007 0.0000 0.0000
6420.03 19.07.2018 16.00.01 28.78716 296.8565 10.9574 0.0311 -2.7040 3.6469 157.9842 86.0918 367.7766 431.1286 -48.6965 0.0000 0.0000
6430.03 19.07.2018 16.10.01 28.80151 296.7479 7.6876 0.0218 -2.5848 3.4755 161.0098 87.7943 366.0569 429.2892 -47.7999 0.0000 0.0000
6440.03 19.07.2018 16.20.01 28.81408 296.6483 20.7607 0.0590 -2.4719 3.3746 165.9225 90.5620 364.5776 427.9214 -48.2261 0.0000 0.0000
6450.03 19.07.2018 16.30.01 28.82961 296.5515 26.5024 0.0753 -2.3893 3.2862 171.2146 93.5438 363.2349 426.8367 -48.8662 0.0000 0.0000
6460.03 19.07.2018 16.40.01 28.84600 296.4607 25.6923 0.0730 -2.3252 3.1976 178.8746 97.8451 361.9257 426.2187 -49.3756 0.0000 0.0000
6470.03 19.07.2018 16.50.01 28.86129 296.3691 22.6303 0.0643 -2.2700 3.1124 186.8024 102.3042 360.6536 425.7073 -50.8319 0.0000 0.0000
6480.03 19.07.2018 17.00.01 28.87487 296.2782 17.9702 0.0511 -2.2208 3.0291 194.7306 106.7614 359.4265 425.3187 -52.5990 0.0000 0.0000
6490.03 19.07.2018 17.10.01 28.88592 296.0540 -23.0470 -0.0655 -2.1760 2.8140 179.9582 98.7321 358.1866 423.7294 -49.4502 0.0000 0.0000
6500.03 19.07.2018 17.20.01 28.88360 295.8182 -69.6165 -0.1978 -2.0844 2.5155 162.9496 89.4416 356.6356 421.5700 -45.3634 0.0000 0.0000
6510.03 19.07.2018 17.30.01 28.86617 295.5792 -102.4561 -0.2911 -1.9395 2.1979 141.1481 77.7177 354.9423 418.9552 -41.2645 0.0000 0.0000
6520.03 19.07.2018 17.40.01 28.83758 295.3378 -123.6245 -0.3512 -1.7626 1.8819 121.8372 67.1113 353.2503 415.9649 -36.4595 0.0000 0.0000
6530.03 19.07.2018 17.50.01 28.80135 295.0931 -141.3560 -0.4016 -1.5708 1.5590 102.2562 56.3498 351.5047 412.7363 -31.8765 0.0000 0.0000
6540.03 19.07.2018 18.00.01 28.75857 294.8453 -155.1673 -0.4408 -1.3688 1.2373 82.5986 45.5411 349.7643 409.2796 -27.4296 0.0000 0.0000
6550.03 19.07.2018 18.10.01 28.71057 294.5047 -134.7327 -0.3828 -1.1626 1.0398 70.2223 38.7488 348.3085 406.1089 -24.7012 0.0000 0.0000
6560.03 19.07.2018 18.20.01 28.66732 294.1689 -121.4630 -0.3451 -1.0025 0.8766 59.5606 32.8652 346.9510 403.0401 -22.5328 0.0000 0.0000
6570.03 19.07.2018 18.30.01 28.62682 293.8348 -116.9794 -0.3323 -0.8759 0.7247 48.5968 26.8423 345.6490 399.9982 -20.4857 0.0000 0.0000
6580.03 19.07.2018 18.40.01 28.58663 293.5000 -118.6554 -0.3371 -0.7691 0.5760 35.0883 19.3766 344.3672 396.6709 -18.2222 0.0000 0.0000
6590.03 19.07.2018 18.50.01 28.54485 293.1676 -125.8137 -0.3574 -0.6728 0.4205 22.0245 12.1313 343.0528 393.2720 -15.9059 0.0000 0.0000
6600.03 19.07.2018 19.00.01 28.49987 292.8323 -133.9861 -0.3806 -0.5795 0.2651 9.0608 4.9455 341.7335 389.8337 -13.6556 0.0000 0.0000
6610.03 19.07.2018 19.10.01 28.45141 292.4642 -122.7852 -0.3488 -0.4883 0.1860 6.7132 3.6543 340.2691 387.1808 -12.8838 0.0000 0.0000
6620.03 19.07.2018 19.20.01 28.40505 292.0993 -112.9138 -0.3208 -0.4291 0.1444 5.2668 2.8657 338.9450 384.8193 -12.4399 0.0000 0.0000
6630.03 19.07.2018 19.30.01 28.36047 291.7362 -111.4195 -0.3165 -0.3987 0.1096 3.9828 2.1677 337.6757 382.5981 -12.1341 0.0000 0.0000
6640.03 19.07.2018 19.40.01 28.31512 291.3744 -115.1517 -0.3271 -0.3842 0.0760 2.7282 1.4860 336.4306 380.4816 -11.9050 0.0000 0.0000
6650.03 19.07.2018 19.50.01 28.26739 291.0139 -121.4501 -0.3450 -0.3770 0.0427 1.4788 0.8073 335.2028 378.4466 -11.7654 0.0000 0.0000
6660.03 19.07.2018 20.00.01 28.21691 290.6534 -129.6640 -0.3684 -0.3754 0.0094 0.2322 0.1301 333.9857 376.4771 -11.7031 0.0000 0.0000
6670.03 19.07.2018 20.10.01 28.16287 290.4772 -131.2257 -0.3728 -0.3741 0.0017 0.0393 0.0218 333.1932 374.9619 -10.7806 0.0000 0.0000
6680.03 19.07.2018 20.20.01 28.10748 290.3043 -134.0440 -0.3808 -0.3810 0.0003 0.0074 0.0041 332.4986 373.6044 -10.0797 0.0000 0.0000
6690.03 19.07.2018 20.30.01 28.05041 290.1332 -138.4668 -0.3934 -0.3934 0.0001 0.0013 0.0007 331.8429 372.3503 -9.5214 0.0000 0.0000
6700.03 19.07.2018 20.40.01 27.99127 289.9633 -143.9164 -0.4089 -0.4089 0.0000 0.0002 0.0001 331.2197 371.1829 -9.0551 0.0000 0.0000
6710.03 19.07.2018 20.50.01 27.92980 289.7945 -149.8949 -0.4258 -0.4258 0.0000 0.0000 0.0000 330.6206 370.0883 -8.6590 0.0000 0.0000
6720.03 19.07.2018 21.00.01 27.86575 289.6264 -155.8704 -0.4428 -0.4428 0.0000 0.0000 0.0000 330.0411 369.0551 -8.3221 0.0000 0.0000
6730.03 19.07.2018 21.10.01 27.79916 289.4132 -161.8542 -0.4598 -0.4598 0.0000 0.0000 0.0000 329.6899 368.0256 -8.3728 0.0000 0.0000
6740.03 19.07.2018 21.20.01 27.73007 289.2001 -168.0759 -0.4775 -0.4775 0.0000 0.0000 0.0000 329.3434 367.0362 -8.4747 0.0000 0.0000
6750.03 19.07.2018 21.30.01 27.65838 288.9868 -174.1674 -0.4948 -0.4948 0.0000 0.0000 0.0000 329.0016 366.0829 -8.6074 0.0000 0.0000
6760.03 19.07.2018 21.40.01 27.58419 288.7740 -179.9344 -0.5112 -0.5112 0.0000 0.0000 0.0000 328.6642 365.1593 -8.7745 0.0000 0.0000
6770.03 19.07.2018 21.50.01 27.50765 288.5614 -185.3780 -0.5266 -0.5266 0.0000 0.0000 0.0000 328.3328 364.2652 -8.9616 0.0000 0.0000
6780.03 19.07.2018 22.00.01 27.42889 288.3490 -190.5060 -0.5412 -0.5412 0.0000 0.0000 0.0000 328.0036 363.3935 -9.1773 0.0000 0.0000
6790.03 19.07.2018 22.10.01 27.34808 288.1543 -195.1985 -0.5545 -0.5545 0.0000 0.0000 0.0000 326.6813 362.4552 -9.0671 0.0000 0.0000
6800.03 19.07.2018 22.20.01 27.26534 287.9588 -199.5040 -0.5668 -0.5668 0.0000 0.0000 0.0000 325.3220 361.5149 -8.8451 0.0000 0.0000
6810.03 19.07.2018 22.30.01 27.18084 287.7611 -203.5324 -0.5782 -0.5782 0.0000 0.0000 0.0000 323.9562 360.5409 -8.7270 0.0000 0.0000
6820.03 19.07.2018 22.40.01 27.09475 287.5634 -207.4144 -0.5892 -0.5892 0.0000 0.0000 0.0000 322.6018 359.5906 -8.5061 0.0000 0.0000
6830.03 19.07.2018 22.50.01 27.00714 287.3742 -211.0817 -0.5997 -0.5997 0.0000 0.0000 0.0000 321.2531 358.6446 -8.2657 0.0000 0.0000
6840.03 19.07.2018 23.00.01 26.91796 287.1832 -214.2615 -0.6087 -0.6087 0.0000 0.0000 0.0000 319.9054 357.6947 -8.0327 0.0000 0.0000
6850.03 19.07.2018 23.10.01 26.82760 286.9580 -217.5536 -0.6180 -0.6180 0.0000 0.0000 0.0000 319.0511 356.7213 -8.2242 0.0000 0.0000
6860.03 19.07.2018 23.20.01 26.73577 286.7362 -220.5810 -0.6267 -0.6267 0.0000 0.0000 0.0000 318.2173 355.7571 -8.4481 0.0000 0.0000
6870.03 19.07.2018 23.30.01 26.64272 286.5105 -223.8741 -0.6360 -0.6360 0.0000 0.0000 0.0000 317.3747 354.7913 -8.6917 0.0000 0.0000
6880.03 19.07.2018 23.40.01 26.54824 286.2826 -226.8728 -0.6445 -0.6445 0.0000 0.0000 0.0000 316.5192 353.8193 -8.9591 0.0000 0.0000
6890.03 19.07.2018 23.50.01 26.45254 286.0550 -229.8541 -0.6530 -0.6530 0.0000 0.0000 0.0000 315.6523 352.8463 -9.2313 0.0000 0.0000
6900.03 20.07.2018 00.00.01 26.35571 285.8270 -232.8536 -0.6615 -0.6615 0.0000 0.0000 0.0000 314.7843 351.8713 -9.5200 0.0000 0.0000
6910.03 20.07.2018 00.10.01 26.25753 285.6748 -235.4470 -0.6689 -0.6689 0.0000 0.0000 0.0000 313.8117 350.9721 -9.4290 0.0000 0.0000
6920.03 20.07.2018 00.20.01 26.15832 285.5222 -237.9718 -0.6761 -0.6761 0.0000 0.0000 0.0000 312.8406 350.0844 -9.3347 0.0000 0.0000
6930.03 20.07.2018 00.30.01 26.05807 285.3696 -240.4526 -0.6831 -0.6831 0.0000 0.0000 0.0000 311.8689 349.2021 -9.2609 0.0000 0.0000
6940.03 20.07.2018 00.40.01 25.95681 285.2169 -242.7745 -0.6897 -0.6897 0.0000 0.0000 0.0000 310.8993 348.3308 -9.1768 0.0000 0.0000
6950.03 20.07.2018 00.50.01 25.85461 285.0642 -244.9218 -0.6958 -0.6958 0.0000 0.0000 0.0000 309.9312 347.4667 -9.0966 0.0000 0.0000
6960.03 20.07.2018 01.00.01 25.75149 284.9113 -247.0474 -0.7018 -0.7018 0.0000 0.0000 0.0000 308.9689 346.6068 -9.0332 0.0000 0.0000
6970.03 20.07.2018 01.10.01 25.64752 284.7640 -248.8152 -0.7069 -0.7069 0.0000 0.0000 0.0000 308.3778 345.8559 -8.8356 0.0000 0.0000
6980.03 20.07.2018 01.20.01 25.54315 284.6174 -250.3010 -0.7111 -0.7111 0.0000 0.0000 0.0000 307.8216 345.1337 -8.6833 0.0000 0.0000
6990.03 20.07.2018 01.30.01 25.43789 284.4734 -250.3855 -0.7113 -0.7113 0.0000 0.0000 0.0000 307.2805 344.4429 -8.5124 0.0000 0.0000
7000.03 20.07.2018 01.40.01 25.33264 284.3288 -250.7160 -0.7123 -0.7123 0.0000 0.0000 0.0000 306.7498 343.7600 -8.3980 0.0000 0.0000
7010.03 20.07.2018 01.50.01 25.22738 284.1863 -251.3610 -0.7141 -0.7141 0.0000 0.0000 0.0000 306.2319 343.1035 -8.2588 0.0000 0.0000
7020.03 20.07.2018 02.00.01 25.12206 284.0432 -252.2108 -0.7165 -0.7165 0.0000 0.0004 0.0002 305.7179 342.4504 -8.1691 0.0000 0.0000
7030.03 20.07.2018 02.10.01 25.01626 283.9114 -251.1627 -0.7135 -0.7175 0.0053 0.2181 0.1178 305.5628 341.8358 -8.2783 0.0000 0.0000
7040.03 20.07.2018 02.20.01 24.91067 283.7794 -251.0839 -0.7133 -0.7222 0.0119 0.4691 0.2540 305.4274 341.2481 -8.4369 0.0000 0.0000
7050.03 20.07.2018 02.30.01 24.80493 283.6467 -251.4790 -0.7144 -0.7284 0.0187 0.7254 0.3932 305.2977 340.6785 -8.6206 0.0000 0.0000
7060.03 20.07.2018 02.40.01 24.69900 283.5125 -252.1100 -0.7162 -0.7354 0.0256 0.9827 0.5330 305.1657 340.1163 -8.8499 0.0000 0.0000
7070.03 20.07.2018 02.50.01 24.59289 283.3789 -252.9508 -0.7186 -0.7429 0.0324 1.2402 0.6729 305.0395 339.5751 -9.0697 0.0000 0.0000
7080.03 20.07.2018 03.00.01 24.48635 283.2448 -253.4608 -0.7201 -0.7496 0.0394 1.5024 0.8153 304.9098 339.0381 -9.3300 0.0000 0.0000
7090.03 20.07.2018 03.10.01 24.37969 283.2989 -235.8316 -0.6700 -0.7553 0.1138 4.5489 2.4612 304.6089 338.9540 -8.8022 0.0000 0.0000
7100.03 20.07.2018 03.20.01 24.27865 283.3603 -221.9748 -0.6306 -0.7844 0.2051 8.0208 4.3462 304.4328 339.0440 -8.4034 0.0000 0.0000
7110.03 20.07.2018 03.30.01 24.18206 283.4220 -212.9054 -0.6048 -0.8293 0.2993 11.5610 6.2691 304.3146 339.2073 -8.1753 0.0000 0.0000
7120.03 20.07.2018 03.40.01 24.08859 283.4876 -206.7545 -0.5874 -0.8829 0.3941 15.1143 8.1994 304.2377 339.4591 -7.9675 0.0000 0.0000
7130.03 20.07.2018 03.50.01 23.99728 283.5549 -202.0291 -0.5739 -0.9407 0.4889 18.6700 10.1310 304.1893 339.7712 -7.8256 0.0000 0.0000
7140.03 20.07.2018 04.00.01 23.90780 283.6217 -198.1096 -0.5628 -1.0007 0.5838 22.2256 12.0625 304.1580 340.1176 -7.7971 0.0000 0.0000
7150.03 20.07.2018 04.10.01 23.81985 283.9630 -196.0159 -0.5569 -1.0610 0.6722 25.5138 13.8497 304.6143 340.8125 -6.7124 0.0000 0.0000
7160.03 20.07.2018 04.20.01 23.73309 284.3020 -192.8585 -0.5479 -1.1171 0.7590 28.7611 15.6138 305.1590 341.5945 -5.7572 0.0000 0.0000
7170.03 20.07.2018 04.30.01 23.64794 284.6429 -188.8720 -0.5366 -1.1707 0.8455 32.0018 17.3743 305.7409 342.4613 -4.8547 0.0000 0.0000
7180.03 20.07.2018 04.40.01 23.56460 284.9860 -184.2842 -0.5235 -1.2225 0.9319 35.2413 19.1341 306.3589 343.4059 -3.9986 0.0000 0.0000
7190.03 20.07.2018 04.50.01 23.48321 285.3307 -179.2480 -0.5092 -1.2730 1.0183 38.4805 20.8938 307.0027 344.4172 -3.1935 0.0000 0.0000
